225 150 60
32 2 35 34 40 9 11 21 56 24 60 31 0
6 39 8 41 10 45 50 21 54 22 25 26 0
4 5 40 43 13 48 17 49 51 21 58 31 0
35 9 11 44 45 14 46 17 18 58 30 31 0
32 34 2 7 40 14 47 21 24 25 26 59 0
34 35 3 6 38 40 11 46 47 16 48 31 0
2 38 7 9 43 18 52 20 55 25 26 30 0
32 33 34 6 38 8 44 47 16 50 54 22 0
32 34 3 44 45 48 18 21 25 26 28 29 0
35 4 3 5 39 40 43 46 16 50 51 27 0
3 36 7 8 16 19 53 56 57 28 29 31 0
3 4 10 12 17 50 52 22 56 57 29 31 0
35 36 11 44 13 14 17 18 21 23 24 60 0
3 39 7 59 11 44 12 46 49 55 27 29 0
32 33 35 41 15 16 49 21 53 27 28 31 0
33 34 4 5 38 7 47 49 21 24 25 29 0
34 2 37 7 59 47 19 51 23 26 27 28 0
34 35 36 8 44 12 13 19 52 23 26 27 0
36 37 7 10 44 47 49 51 20 58 27 31 0
34 3 42 13 14 15 16 17 57 27 60 31 0
34 4 8 43 11 13 16 17 19 20 25 29 0
36 37 5 7 10 43 44 47 48 16 21 53 0
2 35 58 9 10 12 17 49 24 26 59 28 0
32 40 41 44 14 16 49 51 20 54 23 57 0
2 35 37 38 7 9 13 47 15 55 24 27 0
32 8 43 47 18 51 20 54 23 25 58 28 0
38 42 13 47 50 18 54 55 56 28 30 31 0
41 10 13 17 18 49 20 52 21 24 25 58 0
34 9 46 48 49 20 53 21 54 29 30 31 0
2 3 5 41 9 44 48 50 18 23 57 31 0
34 3 6 39 10 11 51 52 53 23 58 31 0
2 37 38 40 44 47 15 22 55 57 59 30 0
32 4 7 8 12 48 16 51 23 27 28 30 0
32 2 3 37 6 10 11 49 51 53 23 24 0
33 37 7 42 12 45 13 48 49 54 25 27 0
4 39 12 13 46 50 51 22 55 24 57 58 0
26 3 4 11 15 49 19 23 55 57 58 59 0
2 39 14 47 48 17 50 19 20 58 29 30 0
32 33 6 7 43 12 13 14 45 21 58 29 0
2 34 9 10 28 15 48 49 20 52 23 60 0
34 35 40 10 11 48 19 52 20 22 23 28 0
32 33 9 42 13 48 50 20 21 22 28 30 0
4 37 40 10 43 44 48 16 52 22 26 31 0
34 2 3 4 6 8 42 45 48 17 56 57 0
33 6 40 44 14 48 49 51 52 55 56 30 0
35 4 7 11 43 14 52 21 22 57 26 30 0
2 3 45 46 48 17 18 16 21 55 26 29 0
4 37 8 59 13 46 16 18 51 24 27 31 0
32 33 2 3 38 42 11 48 50 53 23 56 0
34 3 36 5 9 10 44 47 49 51 20 59 0
4 5 7 8 10 46 47 23 56 25 28 31 0
33 8 42 11 44 45 14 13 18 19 22 28 0
9 43 44 13 46 28 47 17 49 22 23 60 0
3 4 7 11 13 19 55 24 57 58 60 31 0
34 2 38 39 41 45 13 48 52 21 26 28 0
33 34 38 7 14 48 49 52 21 22 23 27 0
4 36 38 6 12 45 15 16 49 26 28 30 0
34 3 40 41 12 45 46 15 48 44 54 25 0
2 37 6 7 11 15 49 50 17 52 56 31 0
3 4 10 43 18 19 51 52 22 21 59 31 0
8 11 44 43 46 47 45 49 52 27 28 31 0
32 5 43 12 60 15 14 52 53 21 57 28 0
5 41 42 16 48 52 21 54 55 24 59 31 0
3 36 37 11 45 14 47 50 21 22 58 59 0
4 5 36 40 45 20 21 23 56 57 58 59 0
32 33 34 41 46 47 48 18 51 19 27 28 0
32 4 36 37 5 43 44 46 14 22 25 59 0
34 37 44 46 16 17 53 21 54 25 26 59 0
7 40 12 45 13 47 48 23 25 58 59 28 0
4 6 39 27 11 43 15 17 21 23 59 28 0
32 36 38 8 41 47 50 53 54 23 57 28 0
36 4 7 42 11 12 18 50 53 24 27 60 0
2 9 60 47 17 18 53 22 23 26 27 28 0
2 5 37 41 10 13 52 53 23 56 59 28 0
33 5 9 13 60 15 48 22 57 27 28 31 0
33 2 36 41 45 19 51 23 56 57 58 29 0
34 5 6 7 47 49 20 21 22 56 24 28 0
35 37 6 7 40 10 44 46 47 57 58 60 0
33 36 38 7 43 13 14 47 48 23 24 31 0
34 3 7 41 12 14 16 18 51 58 59 29 0
3 6 41 42 14 48 52 20 22 25 28 30 0
33 36 27 41 43 45 14 47 13 59 29 31 0
32 33 2 5 6 41 10 44 46 16 23 55 0
35 6 39 41 10 9 12 47 52 59 29 30 0
37 6 8 10 13 49 50 19 52 22 23 30 0
26 36 39 42 13 46 18 51 52 55 58 29 0
32 35 7 8 9 15 16 18 52 27 28 29 0
4 8 12 44 51 22 54 56 25 26 27 28 0
38 40 41 45 46 13 48 49 18 53 58 60 0
3 37 40 41 42 11 43 13 50 54 58 27 0
32 33 2 4 43 44 45 14 18 53 58 30 0
34 4 5 38 39 7 41 10 18 51 22 58 0
33 2 38 7 8 9 42 12 49 20 22 60 0
3 6 39 10 43 44 17 19 20 22 55 30 0
34 4 14 48 17 18 51 20 53 21 27 28 0
32 35 6 7 41 43 12 53 57 59 29 30 0
32 33 3 41 11 13 15 48 19 55 56 27 0
37 41 14 15 17 19 23 56 24 29 30 57 0
32 35 26 6 59 10 46 50 24 57 56 27 0
3 37 38 27 42 10 46 15 48 17 22 59 0
32 2 3 7 43 13 48 19 55 57 58 60 0
33 36 5 11 43 46 17 51 54 25 58 30 0
33 2 5 37 39 8 10 43 47 21 55 28 0
34 35 6 8 44 47 48 17 19 21 55 26 0
34 7 39 41 40 45 13 16 51 22 57 28 0
32 2 35 36 46 15 16 18 50 23 59 31 0
33 2 6 41 10 45 14 50 21 23 24 30 0
38 8 9 11 13 46 49 19 52 24 25 28 0
2 39 9 12 13 48 51 53 54 23 60 30 0
32 34 26 5 39 43 46 47 16 49 19 58 0
33 2 39 41 12 45 13 16 50 21 58 30 0
32 42 11 12 46 17 50 19 52 22 58 31 0
32 33 37 42 10 46 47 49 19 22 58 27 0
33 2 4 7 8 13 46 47 21 23 25 26 0
33 34 38 6 13 45 16 50 23 55 26 30 0
38 6 8 41 7 11 42 15 49 22 24 58 0
35 37 6 7 45 14 52 23 57 60 29 25 0
5 59 41 42 47 48 54 23 24 26 27 30 0
32 33 9 12 14 17 20 21 22 53 56 30 0
32 34 5 42 45 16 17 51 21 55 24 56 0
33 2 5 37 8 42 10 51 54 56 29 31 0
40 44 46 48 49 20 22 58 27 60 29 30 0
32 58 37 42 12 15 17 19 52 55 26 27 0
32 39 44 13 48 51 20 54 57 27 29 31 0
5 38 8 44 12 48 51 21 25 58 28 31 0
8 40 12 13 46 47 48 19 20 22 28 29 0
2 3 38 6 39 8 48 16 18 50 49 58 0
5 40 9 11 46 47 17 55 54 22 26 60 0
3 36 5 42 44 15 47 16 50 17 56 58 0
33 36 9 43 45 14 48 49 52 20 56 31 0
33 35 38 43 45 48 49 17 20 59 60 30 0
37 38 39 8 46 16 18 55 25 59 60 30 0
35 6 8 11 43 44 16 52 21 53 55 24 0
32 33 38 40 9 8 16 52 54 24 27 28 0
32 34 4 5 38 43 44 53 57 28 30 31 0
32 34 36 6 7 41 17 19 51 23 26 31 0
34 7 43 12 13 47 18 20 21 54 23 31 0
34 36 38 13 46 14 16 15 48 47 49 24 0
8 10 12 47 16 15 20 21 54 23 26 27 0
8 9 10 45 48 49 51 53 28 29 30 31 0
33 34 3 36 39 10 12 13 14 47 22 26 0
33 34 40 41 10 11 12 16 50 21 27 31 0
32 3 7 41 42 11 15 50 19 52 23 28 0
35 7 8 59 44 45 46 14 48 12 19 27 0
34 36 37 8 9 44 15 49 18 51 54 28 0
32 36 5 38 9 11 13 15 18 20 53 56 0
34 6 39 7 41 45 15 50 19 52 20 30 0
33 35 40 41 11 44 15 50 54 57 58 31 0
32 33 35 36 39 8 11 46 14 17 50 31 0
2 36 5 58 38 10 13 47 49 56 26 31 0
0
27 0
42 45 38 0
32 2 0
47 0
51 29 0
0
0
0
6 0
0
40 54 0
8 11 0
16 15 0
45 0
2 20 0
8 46 0
21 30 0
2 42 0
0
0
24 28 0
18 0
34 6 15 0
24 2 28 34 0
8 43 6 0
18 22 0
8 53 52 21 0
0
2 10 38 0
27 0
0
10 53 0
0
17 2 12 0
17 14 0
7 0
3 54 7 0
2 59 52 22 0
27 0
0
40 19 53 0
2 12 0
19 0
20 0
35 5 0
0
51 10 43 0
34 0
36 0
0
8 40 42 0
2 34 0
40 0
16 0
43 22 0
28 54 0
34 45 50 57 27 0
9 10 31 0
10 53 0
32 51 36 0
16 0
54 0
10 12 42 15 0
16 34 0
24 2 45 15 0
24 0
0
0
2 35 8 54 55 58 0
43 0
54 0
41 0
2 5 0
43 38 0
0
0
24 11 45 0
0
0
32 25 28 0
0
8 6 0
24 21 0
34 5 0
0
34 43 28 0
21 0
55 47 0
0
8 38 0
10 12 0
2 35 15 0
2 0
49 35 13 0
8 0
0
0
34 0
9 2 18 0
0
43 0
25 0
35 5 54 0
13 0
9 58 43 12 0
42 35 0
0
0
28 0
24 0
8 12 54 60 0
2 21 0
18 0
23 0
21 0
9 51 0
56 0
0
41 19 47 39 0
26 0
25 34 15 0
15 0
0
16 34 45 54 0
6 0
0
43 45 0
16 0
54 0
28 45 0
33 0
43 15 0
3 31 0
51 0
0
5 6 0
1 54 0
24 2 0
40 0
40 18 0
16 6 0
34 6 0
53 23 0
58 43 21 14 0
44 0
8 43 55 0
50 38 0
33 0
20 28 0
0
54 0
48 34 54 0
0
35 14 0
8 45 0
50 6 0
6 0
9 53 0
24 35 28 37 0
0
0
44 0
6 0
38 0
34 0
2 34 22 0
9 35 0
0
16 34 0
24 49 44 0
42 58 0
24 10 19 12 0
57 34 35 44 0
51 22 0
2 28 0
0
0
60 55 0
0
0
5 0
45 0
43 0
40 0
9 0
8 3 0
24 33 2 54 0
8 9 0
24 0
21 0
54 0
8 18 0
50 27 58 0
56 0
53 0
28 0
0
0
8 54 10 6 0
54 2 38 0
18 38 0
8 28 53 0
30 0
54 0
16 27 0
8 34 51 0
20 15 0
10 21 0
8 0
40 2 36 0
33 34 35 4 37 0
0
0
8 1 40 39 0
59 22 0
26 4 0
48 58 0
33 0
8 58 22 0
42 27 29 0
0
18 47 0
46 0
8 33 15 0
2 3 3 4 2 3 3 4 4 3 4 3 3 2 2 2 2 4 2 2 3 3 3 3 2 4 2 2 3 4 3 4 4 2 3 3 4 3 4 2 3 3 2 3 3 2 2 4 4 2 3 4 3 4 3 2 2 2 3 3
