1200 800 320
224 289 4 297 109 173 241 114 309 55 158 255 0
64 37 281 7 297 74 209 245 246 215 249 28 0
131 262 42 43 204 109 83 148 51 84 155 189 0
5 295 136 204 109 110 79 238 273 147 218 317 0
2 163 285 197 134 106 204 110 275 149 282 61 0
293 229 263 266 269 15 49 308 85 150 125 287 0
96 289 261 105 235 204 177 181 213 23 252 253 0
287 263 171 140 116 245 181 283 286 285 158 191 0
65 259 5 262 145 118 278 88 26 315 221 286 0
36 69 167 264 39 266 205 175 188 214 60 30 0
163 235 110 239 271 15 306 147 213 53 55 184 0
318 224 33 261 230 38 40 167 73 87 247 30 0
225 66 131 109 301 176 93 53 118 280 189 254 0
161 132 165 42 171 45 316 183 87 59 60 255 0
66 163 36 226 294 262 9 265 177 179 90 283 0
162 290 228 260 99 263 169 303 272 16 116 158 0
100 134 263 40 282 140 20 93 120 58 284 61 0
320 195 260 228 231 263 107 208 211 116 183 279 0
103 296 297 266 13 207 272 21 55 152 94 286 0
65 130 3 266 12 16 210 188 122 316 30 287 0
153 259 197 205 175 112 177 274 247 281 90 159 0
66 165 70 39 199 104 7 262 241 305 277 156 0
168 172 142 79 47 85 182 122 317 124 125 318 0
193 197 165 249 6 201 103 12 109 248 25 251 0
3 196 6 44 175 207 177 82 308 56 95 31 0
197 72 73 203 205 142 17 94 250 60 285 126 0
224 33 289 34 231 154 233 105 109 141 207 122 0
289 292 293 100 263 132 173 243 214 57 90 156 0
66 196 296 41 138 205 142 112 53 22 311 282 0
98 293 166 295 168 201 264 179 308 57 251 188 0
290 36 40 110 241 82 308 309 316 282 252 223 0
32 99 68 294 234 78 18 84 310 246 122 191 0
256 35 197 105 11 13 242 83 57 186 155 287 0
248 166 167 75 108 143 239 146 18 242 120 26 0
231 167 12 173 236 76 315 150 314 91 28 285 0
256 192 290 292 68 294 13 116 213 254 279 286 0
192 4 71 201 266 233 236 76 239 306 50 155 0
193 291 268 15 239 61 118 278 87 281 317 216 0
97 194 35 266 43 108 79 214 281 123 124 159 0
134 71 72 105 177 50 148 53 310 248 124 286 0
227 230 59 202 123 76 108 75 11 233 248 283 0
161 132 7 170 298 304 274 245 279 151 188 61 0
162 101 6 7 79 143 305 276 214 152 153 30 0
97 35 5 69 234 171 109 273 274 250 220 158 0
66 255 132 3 299 108 174 303 239 211 92 63 0
131 12 13 112 19 51 148 279 152 58 125 216 0
229 263 201 207 112 144 305 20 183 120 188 254 0
173 302 271 176 240 178 83 116 86 216 122 251 0
99 132 259 200 173 47 82 114 22 120 217 94 0
66 67 260 132 294 231 227 9 73 15 54 187 0
290 263 155 301 173 304 208 117 216 283 60 254 0
160 257 70 75 76 205 83 179 214 216 28 94 0
192 35 70 140 110 79 272 274 18 245 120 317 0
225 161 66 4 292 137 73 235 175 282 93 191 0
132 69 294 264 43 314 143 24 281 56 252 95 0
256 129 32 225 294 136 265 204 112 213 150 58 0
98 131 164 135 41 250 46 124 53 282 28 62 0
256 195 263 71 105 303 212 185 27 92 221 158 0
32 195 261 103 200 236 204 206 46 245 313 189 0
64 290 226 101 103 170 267 75 173 46 48 312 0
162 195 103 265 172 269 15 211 150 151 155 63 0
100 229 266 267 14 47 208 274 85 23 120 122 0
258 70 8 265 178 19 277 85 279 183 94 319 0
224 257 194 163 100 68 173 110 308 116 150 248 0
66 26 68 231 15 81 177 53 24 217 250 187 0
56 36 262 8 235 308 52 93 212 280 282 253 0
192 257 227 292 169 203 268 13 241 116 27 124 0
32 289 290 102 232 46 15 302 311 89 251 157 0
71 40 168 267 172 173 77 14 242 279 28 158 0
65 258 99 205 14 273 188 211 242 28 158 127 0
160 249 38 200 266 268 206 46 80 214 89 282 0
100 196 134 135 168 19 20 182 151 25 59 28 0
256 3 101 233 15 16 113 274 58 155 156 31 0
259 165 229 200 47 273 81 21 151 185 283 287 0
96 162 293 39 298 268 176 113 149 216 60 126 0
71 136 73 40 169 300 42 50 83 306 253 286 0
260 166 232 168 268 302 238 79 112 211 181 312 0
69 265 10 12 270 16 49 17 309 149 253 126 0
96 193 136 14 271 272 84 22 150 313 26 30 0
226 67 132 72 137 41 274 178 275 83 88 159 0
224 3 70 71 104 40 250 271 309 22 90 317 0
128 257 3 99 297 105 141 115 214 154 220 317 0
72 265 42 12 238 272 177 150 311 123 124 159 0
64 256 261 294 200 42 145 309 53 279 249 63 0
193 3 131 261 91 203 111 17 18 273 180 283 0
169 171 300 236 206 239 309 189 312 284 285 223 0
67 5 38 238 149 309 247 25 315 124 253 190 0
121 101 102 71 40 267 142 16 246 280 185 28 0
224 34 105 237 79 49 178 274 215 216 249 223 0
195 198 154 201 138 267 239 114 50 186 94 159 0
320 162 194 4 37 263 105 112 50 214 56 124 0
34 185 69 200 232 170 204 77 51 180 281 286 0
33 162 99 66 6 135 7 240 21 157 188 125 0
194 292 75 269 303 48 177 207 180 121 219 284 0
130 131 229 264 104 74 12 146 179 53 250 31 0
192 255 69 199 235 267 141 175 176 244 249 63 0
168 41 267 77 302 16 210 18 84 149 183 27 0
33 162 4 5 175 211 212 213 310 87 56 153 0
200 265 235 140 75 307 309 119 121 250 219 287 0
256 64 165 167 71 268 47 145 49 212 121 189 0
194 37 201 76 174 17 49 275 94 26 253 158 0
289 58 166 295 122 103 242 22 150 88 314 156 0
161 291 44 109 174 80 49 22 87 184 251 286 0
69 134 267 236 205 150 55 281 250 59 125 127 0
162 67 105 107 44 140 238 79 275 23 280 251 0
128 98 35 228 165 274 311 184 315 60 189 216 0
3 68 6 42 11 204 139 17 147 28 126 127 0
260 313 41 298 74 144 112 148 151 25 251 92 0
289 194 226 132 292 294 199 231 301 57 283 31 0
257 33 100 70 39 233 44 209 17 53 246 158 0
97 228 247 27 11 237 241 113 307 213 215 283 0
288 66 290 69 235 75 111 16 94 220 61 286 0
129 258 296 11 272 273 114 306 183 88 27 152 0
289 4 38 264 107 28 273 276 117 55 89 188 0
162 261 72 237 78 144 274 19 85 278 126 223 0
224 135 313 106 15 178 18 246 120 217 152 126 0
224 290 34 200 169 43 77 141 79 87 155 127 0
2 66 164 71 265 137 204 48 82 180 149 92 0
65 225 131 167 105 73 75 108 241 209 59 158 0
258 227 231 168 266 235 44 77 239 242 18 311 0
259 132 72 107 300 44 47 178 212 247 216 155 0
130 131 100 195 199 9 234 203 172 306 212 182 0
98 260 294 107 109 173 176 208 214 56 89 63 0
225 194 132 7 8 264 310 56 25 90 92 31 0
197 261 294 297 236 269 238 12 213 88 187 94 0
260 293 266 141 207 80 308 21 183 216 249 61 0
97 265 203 13 181 246 118 184 187 28 189 31 0
129 66 258 228 40 42 107 110 271 146 312 319 0
160 68 134 301 173 175 50 147 82 21 312 221 0
5 263 168 170 75 77 49 56 249 186 157 253 0
320 261 38 199 169 144 19 244 88 218 189 255 0
256 198 297 250 138 44 204 19 280 121 90 92 0
35 133 90 80 20 181 279 25 314 251 29 286 0
161 33 99 262 41 187 239 304 274 86 283 156 0
131 195 262 41 299 11 175 85 62 59 189 126 0
96 290 163 70 7 234 43 174 207 82 55 63 0
257 259 163 199 138 140 270 49 209 20 117 126 0
131 229 105 107 78 47 177 305 147 213 182 285 0
129 291 99 132 262 74 42 301 80 88 121 63 0
96 195 103 171 50 148 117 24 186 155 92 61 0
193 68 170 92 305 19 247 153 126 124 222 63 0
225 121 292 8 297 106 105 300 137 153 122 62 0
262 71 166 105 75 76 240 305 210 181 183 159 0
228 101 263 11 111 272 177 144 84 212 57 156 0
256 257 36 103 105 233 43 139 176 241 52 222 0
258 194 68 98 166 34 234 203 44 52 121 90 0
96 225 3 35 261 6 101 299 300 17 82 90 0
89 257 66 132 165 164 124 18 115 83 249 156 0
226 291 292 67 132 169 241 242 213 150 279 281 0
129 259 67 3 36 8 204 46 271 152 29 319 0
64 129 226 34 72 42 108 47 112 49 84 314 0
193 203 268 301 237 111 178 19 245 149 88 318 0
6 71 296 10 266 271 212 277 57 314 27 286 0
32 258 164 166 70 8 264 38 52 152 313 158 0
38 104 234 42 179 307 117 86 247 215 316 95 0
229 165 8 234 203 124 17 53 54 23 247 316 0
32 65 289 129 293 9 42 172 270 14 49 184 0
193 102 296 41 170 240 112 308 21 310 188 31 0
96 66 131 70 231 59 234 137 272 117 182 123 0
37 40 73 201 107 301 112 54 57 314 93 95 0
288 33 194 6 7 105 305 114 214 23 28 31 0
288 201 42 172 108 240 209 243 212 214 156 189 0
261 38 167 173 78 207 16 277 248 121 282 220 0
260 68 91 45 142 14 284 54 119 184 155 316 0
320 227 4 292 262 36 155 82 51 309 282 91 0
258 68 262 73 106 110 47 118 119 216 318 95 0
96 161 163 294 41 43 108 306 244 124 253 286 0
224 164 231 295 250 45 246 24 249 90 315 61 0
128 99 37 134 262 295 143 209 85 152 126 31 0
229 262 40 42 76 77 92 48 81 246 28 221 0
33 130 2 68 66 228 233 297 203 152 61 223 0
128 65 193 164 295 263 266 111 145 122 124 287 0
32 195 264 202 139 172 49 19 117 56 314 123 0
64 44 142 302 47 241 146 52 277 91 28 94 0
312 44 142 152 147 277 246 87 157 57 315 189 0
256 161 37 137 266 76 110 306 118 57 318 191 0
2 164 101 169 202 266 50 246 119 120 315 222 0
191 226 196 295 265 234 143 303 150 246 63 223 0
256 98 197 135 71 264 142 115 180 245 51 63 0
132 136 265 202 172 207 79 212 85 53 182 27 0
260 135 199 39 143 176 275 244 22 25 156 286 0
195 249 104 42 141 207 16 115 280 121 314 318 0
192 67 134 9 142 242 243 85 279 92 318 127 0
130 132 261 264 176 49 147 308 118 157 158 319 0
126 68 69 138 140 211 20 150 278 121 58 25 0
195 313 108 174 303 315 214 25 249 59 189 62 0
2 162 122 70 267 172 238 20 85 56 218 88 0
134 171 139 109 140 207 145 18 84 21 247 151 0
193 41 203 299 239 85 310 311 25 187 29 126 0
128 129 163 36 266 235 11 48 177 50 119 55 0
232 266 138 123 45 303 147 54 89 26 315 253 0
128 225 161 101 229 300 142 176 114 147 23 220 0
227 90 71 234 269 207 211 244 276 116 281 186 0
64 39 232 264 235 172 45 299 272 49 310 282 0
231 300 76 304 17 274 20 216 27 29 95 127 0
288 193 258 135 265 109 110 272 21 249 126 63 0
130 227 186 10 108 15 274 214 54 25 90 91 0
295 232 272 112 114 176 244 22 184 58 219 156 0
192 129 261 294 7 177 274 211 51 184 153 220 0
160 97 66 5 295 264 9 27 107 217 58 219 0
97 289 195 101 38 6 168 41 202 169 84 217 0
192 72 136 302 315 275 55 23 123 279 253 222 0
32 228 261 200 201 267 299 274 213 23 312 191 0
195 176 82 148 308 22 89 26 251 157 62 159 0
320 164 39 200 142 270 219 48 243 310 58 155 0
67 260 293 38 199 168 201 13 186 123 124 61 0
128 280 78 175 81 23 117 87 216 26 251 61 0
97 257 195 38 6 199 105 269 16 277 158 190 0
192 259 294 232 141 303 209 243 51 25 317 190 0
4 69 9 106 73 269 175 178 84 310 26 188 0
131 132 249 297 76 80 145 84 215 217 122 95 0
36 71 72 105 10 107 268 112 179 25 253 158 0
193 173 46 79 241 242 52 279 184 57 156 127 0
320 128 35 228 198 8 266 78 15 145 55 124 0
65 2 34 197 133 230 20 311 281 218 318 287 0
129 196 6 295 299 76 17 82 54 56 315 157 0
290 36 37 38 42 12 301 93 312 185 253 216 0
163 259 133 232 168 138 11 76 51 308 154 158 0
163 164 230 103 168 43 13 173 301 272 308 247 0
90 293 296 42 110 49 117 213 87 278 21 58 0
248 131 134 18 309 181 150 56 247 120 62 95 0
161 98 4 104 106 48 241 275 95 251 126 191 0
129 194 97 257 39 296 232 238 151 25 282 284 0
166 231 7 106 110 48 82 211 84 90 95 191 0
194 131 267 140 177 242 211 248 25 156 125 62 0
257 132 102 8 202 43 106 13 142 212 213 91 0
225 129 133 296 202 234 46 49 212 53 22 149 0
224 9 42 202 172 251 111 81 181 150 313 219 0
130 11 269 209 243 275 277 87 279 127 29 31 0
192 194 131 231 108 13 303 239 242 18 178 309 0
164 135 73 42 201 239 177 114 82 215 251 252 0
320 259 101 140 57 112 306 284 246 25 188 191 0
70 199 10 75 301 272 242 83 148 245 29 190 0
290 195 72 297 239 18 308 117 55 119 25 127 0
34 294 103 8 105 72 135 42 81 151 218 255 0
289 230 13 145 274 95 55 311 247 190 30 286 0
201 43 12 237 78 272 177 50 176 54 313 30 0
288 131 39 137 297 302 271 304 146 150 58 95 0
256 71 265 233 80 273 87 56 26 123 285 191 0
69 6 101 218 237 301 173 114 249 154 157 63 0
229 134 199 167 301 17 177 84 311 216 89 286 0
32 226 69 198 169 74 271 52 181 26 125 318 0
320 3 262 71 265 266 298 43 141 204 12 81 0
126 260 165 58 231 168 138 171 117 218 254 223 0
130 72 105 73 207 112 209 180 245 247 26 63 0
162 167 168 136 109 270 275 276 23 121 90 124 0
257 292 73 172 272 114 243 115 214 119 153 319 0
64 258 199 263 140 48 305 211 86 119 154 316 0
129 102 143 144 306 243 276 85 150 126 30 319 0
320 33 36 319 39 13 209 210 178 218 187 95 0
288 195 35 249 70 199 298 204 271 57 283 29 0
64 215 4 218 175 114 213 247 312 282 285 126 0
131 68 229 112 244 86 151 87 183 122 155 93 0
64 195 163 199 169 233 73 176 149 246 315 31 0
256 97 223 36 228 43 203 279 56 253 63 31 0
101 134 167 267 45 211 245 149 23 125 316 29 0
106 170 268 141 12 16 274 276 85 214 87 24 0
64 101 262 40 204 141 16 307 310 87 157 159 0
99 132 229 106 139 208 18 21 181 120 249 124 0
64 3 264 169 172 12 16 49 156 284 60 285 0
128 3 5 6 136 301 302 47 211 122 125 127 0
97 2 69 136 123 110 283 211 147 187 189 31 0
65 5 263 169 44 177 82 84 181 308 151 155 0
97 67 166 231 199 134 170 12 302 175 176 143 0
97 292 293 196 294 260 233 204 143 120 314 287 0
290 67 292 103 136 266 142 176 156 50 124 94 0
224 65 35 230 231 235 172 304 213 249 187 95 0
289 130 100 5 262 187 306 119 249 219 188 318 0
38 39 103 74 12 208 177 307 84 118 58 62 0
33 70 295 44 15 50 307 181 150 89 218 93 0
129 26 167 168 187 238 239 314 91 188 286 319 0
232 43 175 113 146 275 307 305 20 311 252 318 0
161 290 185 249 6 106 299 47 80 207 313 93 0
97 262 103 73 266 76 236 239 304 178 211 18 0
224 194 195 230 273 306 307 149 150 87 28 93 0
97 34 38 12 112 242 309 25 282 123 157 319 0
164 102 198 41 76 301 205 115 308 151 313 318 0
96 194 34 200 74 301 207 316 88 121 282 188 0
289 72 265 232 300 236 85 254 313 122 222 95 0
257 101 134 265 201 110 16 17 86 183 121 63 0
65 225 204 270 143 240 145 144 245 55 220 62 0
161 193 223 46 239 240 144 211 180 53 280 95 0
64 65 97 131 291 231 16 149 54 311 314 61 0
64 98 34 4 70 73 106 201 177 248 57 60 0
192 202 267 143 239 181 183 216 89 247 317 159 0
131 292 67 230 39 297 271 272 114 212 30 62 0
161 225 70 263 294 167 76 210 180 213 152 284 0
256 191 196 319 198 5 8 107 272 113 317 255 0
288 320 194 5 101 261 45 207 53 183 312 29 0
132 197 231 202 43 77 78 15 47 238 148 282 0
288 160 192 228 74 42 207 80 241 247 216 30 0
130 39 296 155 174 51 245 153 218 283 284 285 0
34 260 44 301 206 14 270 109 243 276 278 190 0
217 202 13 142 177 284 279 248 253 88 156 157 0
96 153 69 37 264 10 110 272 208 116 89 30 0
290 35 133 104 140 173 77 207 52 244 309 125 0
312 68 69 7 201 268 173 175 275 120 249 189 0
290 259 171 300 303 49 305 115 244 88 314 316 0
196 101 102 141 14 15 241 115 309 247 25 187 0
192 297 171 270 303 240 146 117 281 250 156 25 0
164 68 263 267 302 208 276 157 184 317 316 221 0
289 191 261 122 267 44 241 177 276 217 154 63 0
64 197 134 165 72 42 174 47 53 279 219 157 0
288 197 39 200 251 242 179 307 55 283 252 317 0
288 163 234 106 177 51 148 85 277 88 217 122 0
3 260 262 265 267 235 141 238 177 306 90 254 0
320 224 290 70 295 104 9 170 109 302 207 90 0
128 65 196 201 106 11 108 113 87 57 158 286 0
193 294 203 267 45 77 174 210 245 250 28 93 0
34 154 250 138 107 305 50 116 312 26 152 286 0
128 103 295 77 15 113 275 21 118 213 318 223 0
288 100 4 72 171 76 48 278 151 216 316 190 0
135 104 105 267 269 271 303 50 151 56 189 158 0
164 37 166 70 297 113 84 117 182 311 155 317 0
132 43 268 203 237 207 244 85 182 183 216 282 0
248 290 2 263 268 273 307 312 217 218 252 125 0
37 135 233 14 143 15 145 19 148 86 22 62 0
260 7 8 73 9 75 174 274 148 246 182 154 0
96 64 165 106 44 77 79 272 86 311 156 222 0
128 33 65 38 262 236 48 23 216 89 125 191 0
289 231 139 239 48 209 114 306 278 55 88 283 0
192 66 194 287 176 275 212 180 220 315 124 63 0
67 264 106 203 139 172 240 49 18 87 247 31 0
96 160 34 132 197 7 75 306 52 311 248 124 0
97 133 38 135 235 270 111 115 211 125 118 253 0
133 294 197 233 10 236 78 116 248 249 92 93 0
257 294 233 76 142 208 113 82 306 244 55 287 0
248 164 101 7 8 12 174 274 276 246 184 90 0
32 58 299 13 244 277 22 23 120 90 91 220 0
32 290 198 168 300 142 207 148 311 249 252 318 0
224 257 72 169 174 124 84 309 213 21 26 28 0
193 34 33 41 14 303 304 113 50 274 27 255 0
35 287 261 73 106 139 305 17 180 310 311 31 0
132 262 154 232 12 45 207 178 246 248 90 27 0
128 129 223 104 44 110 80 117 215 285 158 95 0
65 2 3 164 196 195 71 105 300 174 272 123 0
161 193 196 78 111 110 85 215 58 93 222 63 0
161 130 194 131 168 9 41 108 46 207 85 124 0
65 38 70 72 41 104 140 272 120 59 284 319 0
97 162 292 201 235 237 46 51 244 283 29 62 0
226 260 231 297 234 300 14 145 308 247 91 317 0
129 263 107 11 143 112 17 82 246 184 30 191 0
65 161 197 102 296 74 78 50 306 246 87 153 0
256 292 104 233 45 206 78 142 81 280 313 59 0
193 185 229 295 10 78 178 274 54 151 152 313 0
193 290 3 196 260 295 207 147 87 282 126 191 0
289 195 100 68 287 169 19 212 187 60 286 319 0
68 103 77 174 273 315 244 215 24 282 155 317 0
266 42 75 205 77 304 81 308 52 59 60 189 0
263 265 123 78 176 273 18 243 62 91 221 318 0
128 132 201 107 77 125 214 25 155 156 285 222 0
318 193 192 68 102 267 141 175 306 83 90 62 0
291 201 74 203 297 205 75 82 19 308 183 93 0
36 39 75 279 174 60 271 46 150 182 152 28 0
161 234 43 204 112 211 184 281 122 283 286 31 0
161 169 41 201 79 303 17 50 20 21 311 61 0
128 259 6 45 47 272 117 119 154 92 29 62 0
290 197 135 205 238 176 147 116 148 182 21 286 0
38 73 169 11 142 79 272 16 82 20 24 29 0
34 40 105 9 11 172 113 273 150 310 280 124 0
162 168 202 45 77 146 211 85 57 314 60 93 0
293 102 297 266 105 46 80 209 29 16 240 157 0
96 134 294 168 79 208 111 210 306 21 86 216 0
161 290 195 98 294 70 173 175 242 22 184 157 0
257 66 101 134 295 199 137 102 266 271 176 209 0
32 131 294 10 298 239 277 150 181 245 253 159 0
89 129 98 104 105 237 207 274 83 55 185 59 0
224 3 131 293 199 106 236 14 146 147 211 178 0
194 231 239 272 177 178 211 307 55 120 311 254 0
293 198 231 265 74 297 206 46 47 214 312 189 0
256 66 291 262 103 265 46 178 309 91 156 127 0
65 7 138 43 206 113 19 55 22 151 85 28 0
160 298 173 271 111 113 81 54 312 281 90 191 0
64 161 292 136 297 105 109 302 17 147 309 124 0
33 257 67 72 169 108 15 304 49 84 285 29 0
226 35 133 267 76 141 107 181 119 122 254 287 0
288 129 4 70 106 75 238 46 243 21 313 122 0
170 12 205 111 48 304 118 89 186 219 60 159 0
256 97 195 228 37 291 139 205 142 143 184 58 0
129 261 101 105 142 48 273 180 53 279 88 282 0
96 32 255 287 173 81 306 49 183 59 63 95 0
96 226 67 166 38 12 46 21 246 57 189 287 0
260 68 230 39 7 170 13 302 46 47 62 286 0
10 108 206 47 48 241 114 115 148 21 308 188 0
224 33 41 170 172 207 79 53 250 59 124 30 0
292 69 230 270 175 79 52 309 119 184 90 120 0
192 320 66 70 9 303 17 146 245 87 216 318 0
262 199 8 42 299 174 50 148 158 316 253 222 0
129 136 265 140 174 274 21 184 281 155 28 29 0
256 193 2 231 172 173 78 82 211 243 90 191 0
256 185 292 168 298 106 16 247 249 220 62 95 0
196 263 135 295 234 171 47 176 53 23 282 190 0
153 36 230 71 107 236 177 312 57 250 91 190 0
98 67 35 69 261 169 170 20 122 187 124 127 0
58 293 198 232 8 168 202 14 279 57 186 124 0
35 294 201 204 301 86 23 152 250 123 279 221 0
34 186 203 171 17 306 115 53 249 26 59 29 0
35 228 261 138 76 173 212 182 119 22 316 317 0
192 161 164 229 169 234 12 47 210 51 276 285 0
287 231 104 169 234 299 269 276 86 279 158 319 0
257 72 43 172 205 15 308 21 89 282 286 287 0
256 193 224 103 284 152 24 282 158 316 221 222 0
160 258 163 228 259 66 264 207 272 111 240 150 0
7 172 48 29 51 211 117 86 217 93 94 223 0
192 320 237 45 269 17 243 278 216 57 92 62 0
320 193 228 103 9 169 269 270 271 244 150 279 0
193 232 41 202 143 240 305 273 310 150 186 220 0
100 74 266 44 124 241 305 211 19 178 316 191 0
226 7 105 233 108 269 15 178 146 53 121 219 0
160 98 292 229 70 242 115 213 278 87 122 319 0
153 67 313 265 106 44 84 309 281 154 316 317 0
64 320 66 2 6 9 10 142 15 111 145 314 0
226 6 70 168 297 298 299 77 179 116 190 319 0
130 3 135 267 16 309 55 312 57 311 30 159 0
192 121 153 261 200 296 138 171 80 249 58 125 0
288 64 258 230 167 40 73 204 205 140 148 278 0
103 42 107 43 207 176 146 53 185 27 188 190 0
290 35 166 230 234 299 172 173 175 178 181 93 0
65 312 99 136 268 172 304 216 249 314 92 317 0
99 292 140 206 212 54 150 88 57 250 94 63 0
128 34 264 141 175 79 115 84 149 93 286 255 0
320 259 265 300 179 244 118 253 217 61 190 191 0
192 132 261 263 8 297 138 301 15 57 94 63 0
224 160 153 164 295 296 42 11 207 249 154 157 0
64 69 38 90 265 76 112 243 154 155 285 222 0
260 69 135 41 59 43 172 14 206 315 189 254 0
32 225 33 258 56 267 172 108 50 242 24 58 0
196 292 294 201 266 12 108 300 207 209 178 185 0
225 35 4 231 73 204 305 209 309 214 181 222 0
131 229 12 205 79 240 53 30 312 282 126 31 0
65 67 166 38 296 266 109 48 245 183 220 30 0
128 35 36 291 279 14 111 247 312 89 27 220 0
161 196 73 10 11 45 206 240 209 214 150 250 0
320 34 295 296 11 238 215 312 26 155 189 63 0
128 166 199 168 264 108 209 243 21 119 184 223 0
224 5 90 7 9 144 114 83 55 184 218 29 0
224 64 35 69 299 44 175 48 274 118 310 187 0
3 104 172 302 52 53 246 85 153 186 123 286 0
66 100 68 132 43 107 176 114 181 118 121 315 0
193 163 227 133 104 139 43 271 278 88 28 29 0
6 301 173 175 251 15 81 209 78 23 219 279 0
256 290 291 68 105 74 203 142 175 55 156 158 0
128 35 260 294 200 106 250 212 153 154 124 223 0
161 36 196 142 79 112 306 146 214 251 222 190 0
256 97 235 155 109 283 240 51 52 88 185 219 0
96 291 196 7 72 137 136 203 142 112 212 58 0
161 102 168 43 108 300 275 181 216 91 60 253 0
97 70 198 232 270 112 274 211 278 184 188 254 0
33 228 70 269 141 80 208 213 277 120 219 285 0
260 281 298 79 240 303 112 83 313 188 222 57 0
192 65 3 110 276 310 183 24 57 186 156 191 0
64 258 130 68 250 187 274 189 56 215 91 29 0
129 2 39 200 73 298 171 18 85 215 218 91 0
162 9 11 302 175 81 306 182 55 60 157 30 0
97 130 163 167 234 205 110 142 176 305 53 120 0
226 291 171 251 51 23 277 311 24 25 247 188 0
58 229 167 42 267 277 85 248 185 90 120 29 0
128 320 225 259 292 195 298 12 112 181 310 152 0
258 68 36 200 143 80 210 277 150 87 88 91 0
197 229 105 41 267 302 182 278 183 26 27 188 0
128 121 65 291 166 169 300 238 89 282 29 190 0
164 196 230 167 71 302 271 277 246 53 282 125 0
8 41 12 173 49 83 22 310 249 315 252 222 0
96 290 67 130 69 168 107 76 300 53 277 27 0
290 261 6 165 137 76 13 111 50 242 308 213 0
224 36 71 265 206 113 82 87 88 251 30 95 0
223 6 7 264 137 200 155 237 109 215 27 319 0
192 32 36 102 232 169 233 174 83 277 60 30 0
224 161 2 226 200 204 206 79 305 22 121 283 0
193 90 7 232 41 168 12 76 237 80 314 319 0
97 35 39 236 44 307 181 309 149 152 117 95 0
164 231 9 169 140 173 271 112 273 19 183 314 0
320 225 98 71 41 266 172 49 316 248 90 156 0
320 129 130 195 32 293 41 10 171 309 189 126 0
129 130 196 260 135 140 301 276 117 88 25 317 0
34 43 155 50 148 309 54 22 213 59 94 63 0
164 4 296 170 301 109 310 189 183 250 219 221 0
192 129 98 131 196 134 270 302 50 84 180 152 0
257 225 108 80 49 181 309 25 186 317 61 62 0
159 260 199 232 233 170 91 206 238 216 123 223 0
64 97 162 34 108 110 174 177 154 27 222 95 0
96 2 99 290 262 198 208 309 119 24 283 252 0
193 225 260 6 135 270 179 244 85 150 249 284 0
128 36 7 171 46 53 23 280 217 186 125 30 0
65 312 200 44 206 110 304 214 56 121 317 24 0
161 290 195 169 299 141 81 274 52 55 249 27 0
192 231 77 271 145 241 214 23 118 183 28 189 0
128 257 295 8 105 111 278 279 184 25 187 286 0
294 135 72 73 11 267 77 46 270 238 275 155 0
224 66 100 229 68 42 269 144 118 311 127 319 0
320 161 129 35 70 9 241 242 276 119 120 95 0
225 36 200 314 49 114 115 178 86 121 58 157 0
196 294 103 169 268 80 272 307 84 119 313 191 0
227 262 263 135 39 112 273 51 179 120 218 155 0
65 297 233 11 269 45 305 179 21 23 154 93 0
191 258 66 106 43 76 234 242 149 56 95 127 0
97 258 39 105 77 219 148 183 218 91 253 95 0
291 41 202 138 106 16 87 121 316 61 30 159 0
33 225 7 9 137 15 49 185 58 28 253 191 0
161 34 134 136 265 79 213 85 120 31 286 255 0
194 56 226 263 186 109 52 118 312 121 218 255 0
35 292 27 202 236 109 240 241 247 154 155 317 0
32 192 34 291 37 201 105 107 273 148 215 155 0
128 65 3 228 36 235 239 146 310 151 122 95 0
97 196 132 198 101 60 207 210 51 306 275 124 0
163 292 230 8 208 274 244 278 151 216 90 190 0
160 196 134 167 201 269 15 17 274 51 21 277 0
161 131 164 197 228 100 145 212 181 148 280 63 0
292 229 101 261 264 233 207 273 315 113 21 91 0
32 33 2 99 100 293 68 16 307 21 278 31 0
258 7 264 137 236 12 301 155 150 122 59 254 0
195 131 38 106 11 268 47 15 245 249 60 190 0
192 257 194 226 107 79 210 148 214 185 156 127 0
288 97 37 294 136 11 47 178 120 283 92 287 0
263 298 269 219 272 273 209 307 177 279 88 251 0
96 122 8 73 72 140 301 300 146 153 154 219 0
160 133 70 8 266 234 300 141 116 281 123 126 0
192 289 264 202 171 206 304 49 18 30 218 222 0
231 7 300 303 304 113 146 16 308 86 89 94 0
192 159 2 5 263 237 111 19 211 247 26 31 0
160 66 259 162 197 266 111 208 241 55 280 157 0
65 227 37 69 231 166 142 238 144 305 117 280 0
256 37 105 41 43 306 212 149 278 311 214 30 0
64 161 228 298 107 178 244 214 279 121 31 287 0
193 4 186 47 112 241 272 183 248 90 219 184 0
256 129 3 133 198 12 237 241 242 87 252 62 0
192 293 70 263 297 13 175 49 148 218 254 127 0
320 89 100 231 265 209 306 116 22 313 251 158 0
256 289 40 10 203 173 284 316 87 250 59 252 0
98 3 227 73 43 172 303 144 244 245 29 126 0
128 192 228 69 138 171 44 274 119 215 155 221 0
65 194 3 262 70 265 273 243 180 151 312 186 0
292 294 135 74 12 208 114 275 311 185 250 183 0
32 291 165 122 43 77 208 214 278 154 123 316 0
130 68 133 166 39 6 228 236 174 206 117 62 0
129 66 130 100 226 236 145 50 115 152 89 56 0
129 2 291 260 136 41 298 110 245 151 217 63 0
64 66 68 78 17 315 245 185 218 155 124 159 0
312 37 103 265 106 137 268 15 113 22 152 253 0
98 293 269 79 271 176 85 54 87 245 157 222 0
131 293 233 235 139 175 80 305 24 27 188 95 0
224 289 96 223 100 6 267 108 269 245 281 95 0
192 193 34 169 206 271 50 51 85 53 119 186 0
64 294 231 75 109 177 215 152 25 58 127 319 0
98 197 231 172 238 251 283 113 174 181 247 91 0
34 164 292 107 46 180 308 214 215 52 252 159 0
224 99 131 133 198 103 276 150 279 154 59 220 0
128 97 129 132 298 77 238 278 313 186 252 286 0
232 236 44 180 94 246 22 312 25 308 126 63 0
99 72 41 172 76 77 242 313 314 158 190 318 0
36 292 75 271 16 177 81 116 276 279 152 285 0
33 99 297 106 234 175 18 83 312 282 316 222 0
131 132 295 172 269 76 239 150 23 57 314 317 0
105 314 238 111 49 212 21 308 215 186 253 286 0
100 133 247 17 210 215 312 185 27 284 318 191 0
32 290 136 40 208 177 50 180 22 23 125 95 0
160 320 291 228 195 136 234 243 244 149 29 190 0
129 33 66 225 197 193 299 204 77 221 249 157 0
2 291 260 294 296 200 235 119 85 87 184 92 0
228 197 39 235 208 241 115 277 117 151 24 60 0
33 161 141 15 80 272 18 275 47 280 124 255 0
293 261 231 136 37 172 302 142 87 122 91 189 0
230 264 139 47 80 209 48 81 212 218 187 156 0
164 267 235 205 187 241 119 310 23 158 284 190 0
288 194 170 74 301 111 49 55 311 123 157 30 0
65 69 134 198 133 8 232 171 78 110 16 211 0
294 200 138 269 15 180 245 279 216 89 218 28 0
36 4 200 8 234 74 15 208 177 175 84 315 0
258 227 132 260 103 41 106 21 25 90 253 191 0
225 163 72 141 206 17 274 180 52 276 123 158 0
160 128 129 163 4 166 15 276 155 93 222 127 0
290 199 202 236 77 306 116 88 126 59 189 190 0
33 196 295 103 268 300 48 179 275 308 280 255 0
159 97 40 104 232 200 140 20 309 24 184 287 0
71 136 105 40 268 49 310 279 155 125 318 287 0
197 297 298 300 140 206 15 14 243 308 118 125 0
69 294 263 262 232 138 174 145 146 307 312 184 0
38 136 9 170 302 82 115 212 54 118 87 27 0
228 37 72 233 138 265 170 207 240 50 114 283 0
98 100 196 198 168 29 244 213 185 285 94 286 0
161 141 303 305 242 284 54 253 282 124 189 94 0
259 102 73 234 75 173 141 244 149 119 311 286 0
257 194 137 268 77 188 115 213 150 153 60 286 0
133 235 46 14 50 179 116 310 314 315 92 93 0
289 226 44 14 209 305 117 54 150 153 218 30 0
121 193 313 72 297 177 83 277 117 310 281 62 0
264 265 202 10 205 145 209 180 245 54 317 255 0
257 38 198 264 27 237 283 306 242 308 155 317 0
290 172 13 47 16 209 82 84 312 59 285 158 0
224 129 163 101 168 73 237 206 174 16 152 123 0
96 297 10 235 109 219 150 119 281 155 92 127 0
96 293 166 103 201 266 234 106 77 56 90 127 0
89 290 261 135 171 28 82 83 88 24 252 31 0
129 3 232 138 206 143 210 19 147 213 55 185 0
285 198 74 76 142 46 55 215 218 221 158 95 0
65 9 234 109 301 209 83 308 217 315 317 94 0
160 192 290 230 263 264 91 83 278 59 28 190 0
100 5 196 135 297 74 9 268 79 82 119 31 0
255 196 6 136 75 111 146 214 23 282 284 223 0
289 104 137 78 304 272 148 149 181 218 251 63 0
280 35 200 265 211 115 310 184 317 29 222 223 0
130 195 67 202 235 13 141 176 183 94 190 286 0
160 261 197 134 11 13 301 241 275 150 25 92 0
160 293 168 42 300 109 204 144 305 85 181 251 0
36 76 301 16 81 242 306 51 180 152 155 29 0
37 42 107 112 272 180 215 152 153 122 247 189 0
67 196 294 198 8 170 299 16 213 89 91 157 0
5 41 111 274 275 246 55 216 219 92 125 286 0
101 232 299 204 203 114 179 244 117 308 21 311 0
258 67 132 199 71 103 143 80 114 52 279 316 0
193 130 36 165 134 104 73 46 15 273 119 154 0
4 197 6 104 42 78 81 306 211 23 24 60 0
259 166 42 141 304 242 212 310 182 120 316 152 0
228 261 39 139 75 17 50 209 212 213 120 287 0
64 194 39 201 174 175 14 306 310 313 218 254 0
263 73 271 48 20 213 214 248 58 59 284 62 0
256 161 290 301 302 143 274 214 90 91 221 159 0
10 74 12 17 113 49 148 23 312 313 247 60 0
228 58 71 204 109 274 116 278 87 215 155 190 0
256 69 7 72 235 238 49 113 308 246 27 189 0
288 5 13 47 208 48 239 272 54 282 316 157 0
226 3 168 12 44 206 147 86 247 62 222 127 0
132 68 198 36 76 238 241 147 214 279 216 95 0
163 67 293 201 142 14 176 17 180 310 312 29 0
96 34 3 164 67 102 107 12 304 305 306 55 0
260 264 200 296 78 176 308 180 148 121 59 222 0
34 105 265 9 110 79 305 212 84 55 25 30 0
64 131 71 296 199 139 300 143 308 116 184 29 0
129 166 71 135 72 10 301 302 208 177 156 286 0
67 3 69 134 264 75 302 116 309 88 126 255 0
194 163 39 8 233 172 238 111 61 155 93 159 0
3 266 300 109 302 142 276 53 278 284 286 95 0
89 70 136 139 243 52 212 279 313 188 29 319 0
261 169 108 173 46 142 80 23 312 94 285 190 0
32 98 229 39 201 74 170 13 147 280 89 90 0
160 64 293 297 45 209 243 84 275 27 222 191 0
66 202 127 81 243 245 22 312 315 156 93 319 0
226 261 198 103 169 140 208 306 22 151 186 316 0
259 266 267 314 141 274 212 152 218 93 254 95 0
128 161 290 225 197 6 74 14 242 50 119 159 0
64 101 293 40 105 110 46 209 179 183 24 27 0
128 227 260 300 268 303 47 307 180 313 27 285 0
64 163 164 228 103 76 16 177 18 309 117 152 0
2 131 229 43 270 16 306 52 118 281 155 93 0
291 231 199 203 77 109 206 176 49 304 184 88 0
64 192 196 197 7 234 142 111 50 278 27 124 0
2 98 228 166 231 264 105 266 50 83 181 287 0
33 135 10 48 242 147 19 309 214 220 124 189 0
256 90 41 235 108 49 84 311 186 155 189 319 0
192 7 103 41 232 91 268 62 217 250 219 286 0
288 193 195 132 72 108 109 144 245 87 188 319 0
6 296 297 14 207 272 303 50 85 181 122 219 0
289 67 131 68 3 263 295 53 119 219 125 223 0
98 195 100 249 71 10 74 240 209 182 183 121 0
162 71 8 136 282 237 307 312 249 154 93 318 0
129 225 289 136 302 305 307 245 87 281 123 221 0
97 2 35 34 169 234 174 215 25 124 285 127 0
130 260 69 294 300 301 207 243 180 245 216 219 0
128 34 194 195 169 204 76 77 306 150 123 254 0
97 132 196 294 230 169 45 143 180 278 310 30 0
32 36 104 27 75 187 80 81 25 185 219 254 0
128 9 206 305 310 278 216 24 282 182 252 125 0
128 129 66 289 42 140 237 302 18 307 180 285 0
3 294 265 107 13 207 275 307 181 119 121 126 0
129 227 37 102 235 239 80 207 82 123 284 159 0
225 194 193 298 43 174 114 307 146 280 121 186 0
258 99 231 204 244 150 215 280 182 247 124 317 0
288 223 3 198 136 169 201 107 172 302 60 95 0
64 161 225 33 256 53 86 55 310 250 60 157 0
258 196 301 144 48 307 252 151 280 187 279 311 0
224 320 7 268 14 16 48 208 182 26 155 319 0
129 5 294 297 141 110 207 272 78 20 154 155 0
68 200 232 74 274 307 178 309 310 56 281 222 0
160 194 196 74 302 304 307 275 278 89 60 63 0
227 203 301 110 269 147 244 55 56 316 125 254 0
225 289 33 102 143 114 275 116 119 311 120 247 0
131 263 103 236 172 46 208 309 117 23 91 127 0
320 257 295 235 172 245 56 62 250 158 222 223 0
33 99 196 5 198 106 204 51 214 217 285 223 0
320 68 102 6 104 105 136 139 43 20 316 63 0
32 257 99 39 233 74 242 275 278 120 122 91 0
195 38 238 303 304 240 309 214 215 155 220 319 0
261 8 137 204 112 241 49 305 23 90 155 221 0
160 227 197 6 293 264 41 69 200 308 249 124 0
193 261 249 107 270 15 272 252 89 314 315 156 0
130 230 135 8 41 172 109 81 213 121 189 158 0
290 259 261 134 263 106 76 268 312 58 285 190 0
192 99 69 165 40 44 239 79 23 277 279 319 0
64 34 101 5 8 11 172 173 210 178 86 254 0
191 223 228 100 300 205 207 277 214 23 121 159 0
97 162 36 103 7 13 79 211 312 249 188 63 0
102 7 104 171 76 301 270 14 81 309 90 252 0
195 230 294 7 107 204 241 210 180 277 22 311 0
225 226 164 262 203 238 304 18 82 213 56 186 0
225 131 132 164 236 77 237 86 312 60 253 254 0
33 257 3 196 197 7 138 300 87 316 157 95 0
228 136 170 109 271 15 241 52 25 186 29 287 0
193 5 133 103 136 170 13 243 52 278 86 62 0
280 68 69 38 268 46 50 276 21 181 55 309 0
291 132 133 294 295 296 134 297 204 268 217 252 0
228 164 230 167 296 8 16 80 211 21 123 191 0
58 261 102 71 186 233 75 11 79 274 154 126 0
34 66 101 138 301 237 78 81 181 25 158 190 0
259 264 297 42 236 140 238 209 241 305 114 27 0
193 34 194 263 201 11 107 205 237 310 25 156 0
320 291 228 264 170 298 60 80 208 310 156 222 0
192 226 290 262 106 303 209 178 244 217 251 255 0
224 195 39 104 74 139 283 307 52 87 123 220 0
97 3 37 296 8 15 276 52 88 24 315 60 0
256 289 7 103 169 301 13 79 17 281 123 126 0
197 41 10 204 206 271 79 243 310 119 25 219 0
132 233 76 268 140 79 81 281 91 188 318 255 0
289 290 131 300 111 304 177 242 20 23 315 284 0
193 72 203 12 237 48 310 184 186 123 157 159 0
100 133 296 238 303 16 49 115 180 117 23 156 0
128 226 132 203 107 282 113 117 118 58 60 287 0
291 100 195 43 172 12 18 87 248 28 221 31 0
64 258 99 68 301 114 20 213 88 60 157 191 0
288 130 67 165 174 176 49 240 150 119 280 120 0
161 65 100 135 232 72 235 270 148 86 311 251 0
131 7 205 111 48 115 308 310 55 216 155 156 0
192 133 105 270 175 183 312 89 90 57 30 191 0
161 101 12 205 81 49 244 212 25 26 315 255 0
96 161 97 289 132 71 218 77 115 214 122 220 0
291 260 167 71 75 14 178 243 181 60 93 63 0
99 101 295 71 43 314 206 53 214 56 281 122 0
128 257 41 107 204 241 145 179 251 284 125 95 0
164 68 295 232 104 127 45 306 86 28 29 223 0
162 226 292 229 7 9 172 238 273 211 148 250 0
26 36 261 154 17 211 51 214 310 282 27 93 0
224 58 262 231 250 208 306 184 280 154 220 158 0
257 194 36 101 233 170 172 302 180 221 158 191 0
160 131 229 70 154 102 13 46 275 220 218 316 0
32 320 66 228 197 263 266 12 49 153 57 159 0
256 97 2 40 267 50 19 52 153 187 126 95 0
223 5 294 197 265 298 112 243 310 156 125 319 0
160 257 294 136 168 81 178 21 85 184 123 287 0
193 99 6 237 48 241 273 276 246 121 158 57 0
161 291 36 260 268 187 174 176 273 315 29 254 0
129 195 70 137 43 140 174 15 83 313 222 319 0
196 264 9 74 205 271 304 113 241 175 20 184 0
96 33 135 168 75 108 241 50 180 20 22 315 0
224 64 194 290 227 257 132 102 9 301 173 214 0
67 69 233 269 78 112 241 113 51 148 118 218 0
2 259 67 68 3 237 45 79 307 275 215 221 0
67 155 110 315 243 119 150 246 251 284 285 190 0
130 196 166 203 144 182 248 25 250 284 30 191 0
129 292 261 37 170 298 43 301 53 121 251 126 0
131 228 37 294 202 11 107 110 49 282 126 223 0
165 135 202 106 170 203 46 207 139 310 94 63 0
161 164 196 105 238 50 246 23 186 283 285 30 0
231 41 170 235 204 304 306 244 85 119 284 95 0
64 162 291 299 236 44 110 112 305 248 218 191 0
192 65 228 38 106 172 110 47 275 308 188 255 0
128 97 196 261 74 202 306 146 212 215 158 254 0
102 136 233 170 297 108 76 304 81 20 283 319 0
65 129 10 43 76 235 146 51 181 245 118 185 0
259 37 166 72 301 302 207 270 91 316 253 126 0
295 235 314 206 79 209 52 249 122 221 158 63 0
97 197 134 301 270 208 273 116 54 183 126 255 0
163 43 78 81 274 83 19 117 118 18 281 157 0
225 135 12 46 49 315 309 311 27 285 94 63 0
96 3 171 141 113 50 147 212 86 247 284 191 0
289 3 293 198 230 170 111 48 15 117 186 219 0
255 58 169 107 127 242 90 155 156 63 30 287 0
161 162 38 9 234 174 241 306 55 283 252 95 0
70 71 40 137 233 237 301 303 109 148 56 25 0
133 9 204 173 207 112 80 180 245 246 22 122 0
126 70 168 45 305 18 81 276 53 186 125 190 0
133 233 41 44 111 242 23 53 215 58 158 159 0
195 36 134 102 104 233 141 306 242 183 283 255 0
193 130 194 195 26 134 265 237 22 184 218 188 0
141 142 79 143 243 117 280 217 56 59 29 216 0
288 293 203 12 109 270 179 308 150 310 28 61 0
194 259 72 13 306 83 84 246 55 152 124 126 0
292 261 168 297 299 251 114 50 148 250 283 92 0
67 296 297 106 76 301 306 244 280 283 157 159 0
259 164 101 294 72 176 51 221 314 251 284 93 0
194 134 102 166 266 267 239 49 113 246 87 280 0
64 162 292 301 304 208 306 276 53 152 92 125 0
32 129 73 302 142 112 305 50 152 59 63 95 0
197 136 236 44 210 276 93 119 216 151 218 61 0
227 197 235 175 303 184 87 311 62 153 155 254 0
102 264 296 138 173 238 15 150 189 93 126 255 0
161 33 260 133 75 77 84 277 314 59 157 63 0
66 228 133 39 48 315 306 51 245 281 91 126 0
96 160 215 68 267 18 243 55 87 186 253 287 0
128 257 195 196 295 173 18 115 19 183 220 125 0
96 66 228 293 166 265 234 47 181 55 189 255 0
257 34 100 72 300 274 210 212 214 283 94 31 0
33 193 258 262 39 42 18 309 89 218 126 127 0
320 34 226 228 39 9 268 82 18 146 150 123 0
256 289 257 292 294 295 139 282 46 14 57 90 0
193 69 6 27 143 272 242 86 121 314 251 319 0
259 255 200 170 203 42 78 175 271 116 117 191 0
4 230 264 75 12 237 92 276 181 54 154 28 0
34 4 229 262 70 137 299 21 278 124 125 126 0
65 33 68 108 78 207 16 241 213 153 284 286 0
164 297 301 78 143 305 115 52 53 285 222 319 0
320 191 226 38 106 235 10 241 179 243 317 95 0
202 194 203 52 0
160 263 137 238 112 218 0
304 203 127 0
96 258 4 73 49 307 120 281 0
128 225 5 11 77 84 281 252 0
161 163 165 293 201 48 55 24 311 0
33 290 229 40 44 277 281 191 0
147 54 278 59 156 0
202 177 246 278 152 252 61 0
71 10 42 301 113 177 148 21 248 284 159 0
290 100 4 203 206 240 281 252 61 0
164 0
128 160 292 202 234 305 277 121 0
100 238 182 122 318 127 0
1 234 139 270 21 119 248 218 0
320 65 5 198 73 268 206 115 246 127 0
312 11 60 163 0
129 11 203 48 243 275 182 0
75 276 182 0
98 166 71 9 105 236 109 48 181 284 0
98 163 100 138 139 298 77 111 207 49 50 274 121 0
153 212 100 111 0
260 69 133 298 44 48 52 215 154 0
4 168 206 187 92 0
289 293 60 238 305 180 53 284 0
69 133 165 198 152 93 0
231 104 233 202 203 238 50 287 0
88 0
101 315 53 191 0
96 163 100 105 48 212 53 61 0
4 198 135 298 203 47 144 146 0
295 114 21 281 317 0
260 69 294 170 54 28 31 0
290 227 228 198 246 90 286 0
72 33 178 247 0
225 258 290 10 274 211 56 92 0
273 290 76 0
320 35 68 17 306 218 284 61 0
161 263 9 238 271 306 247 312 124 0
160 226 231 71 283 92 0
4 7 73 201 140 113 318 0
58 180 102 215 0
65 71 111 53 246 55 279 0
289 290 266 305 249 218 0
160 148 166 207 0
256 193 40 104 298 172 238 24 0
290 35 10 298 111 249 252 287 0
104 234 108 175 143 121 218 0
59 166 127 0
160 258 201 42 239 50 53 315 61 62 0
258 198 297 16 21 183 284 0
263 168 212 24 88 284 0
258 71 40 201 303 48 52 53 215 216 218 0
128 225 69 201 234 44 46 207 53 255 0
64 192 198 231 137 203 238 150 87 281 58 91 124 0
81 284 0
33 9 234 111 248 281 286 0
192 195 263 202 209 55 252 0
102 202 238 20 285 95 127 0
224 34 39 312 286 31 0
320 194 163 4 135 233 271 81 309 29 0
301 84 281 316 127 0
161 234 173 14 306 284 92 0
16 273 119 281 26 29 286 0
65 166 40 239 215 25 0
99 227 263 168 105 313 156 31 0
218 166 30 63 0
160 5 166 104 264 234 297 298 300 111 114 51 284 286 0
67 104 309 152 124 286 0
96 69 294 140 111 313 0
225 235 312 153 252 61 190 0
224 320 163 7 105 238 207 49 275 58 0
274 188 236 0
292 69 263 104 264 140 177 21 24 218 31 0
32 7 137 138 202 18 308 183 249 284 127 0
320 69 265 236 178 180 55 0
262 263 234 11 139 0
102 166 169 46 273 53 315 31 127 0
160 169 209 52 285 219 252 61 0
164 165 102 297 138 301 90 124 0
257 38 203 110 246 88 127 0
4 165 46 286 0
293 201 236 77 300 239 17 218 0
105 175 304 148 152 63 0
65 97 234 111 16 212 213 54 249 284 0
128 282 215 0
137 241 166 0
229 104 77 47 61 125 0
67 166 135 108 47 180 247 318 31 0
102 238 241 156 127 0
48 297 163 292 0
233 234 77 174 206 209 50 114 305 309 182 218 316 0
320 234 305 155 287 0
169 309 127 0
320 225 259 291 69 102 73 202 52 153 30 0
129 289 238 177 87 88 152 31 0
105 138 202 298 189 31 0
4 166 168 77 47 114 93 21 284 152 92 29 0
180 174 173 142 0
281 287 0
33 225 68 71 72 170 77 142 243 275 150 218 31 0
96 164 165 202 300 277 246 154 93 0
35 165 38 137 42 43 297 176 284 156 61 287 0
69 293 231 104 168 139 48 144 304 86 285 0
320 161 37 313 89 0
271 252 184 24 92 94 0
32 198 8 267 46 52 212 23 218 31 0
140 61 238 231 0
1 195 135 72 173 215 0
169 297 11 298 111 207 113 149 316 61 62 287 0
66 236 156 180 284 252 318 0
161 260 287 230 234 83 122 221 31 0
40 218 67 191 0
5 165 59 298 315 277 182 91 0
290 198 55 25 218 187 0
192 163 39 233 234 139 20 181 0
4 198 81 113 209 247 188 29 286 0
7 111 305 188 284 150 124 61 0
294 198 44 127 255 0
97 67 202 237 113 315 92 0
102 264 234 298 140 17 50 114 180 246 286 31 0
33 4 293 198 72 243 217 318 0
264 176 50 114 274 89 287 0
164 231 111 177 84 246 0
11 187 166 311 0
161 292 102 166 201 42 298 15 305 21 55 60 0
96 163 4 195 166 263 236 111 113 309 54 24 313 218 252 0
137 276 289 0
99 166 238 270 209 62 126 158 0
165 134 235 182 278 217 0
4 5 165 10 253 0
160 193 260 298 16 284 0
128 198 10 298 120 0
4 233 212 55 218 31 0
256 26 231 263 169 248 186 285 0
128 68 292 231 47 16 111 243 89 90 127 31 0
291 69 264 298 77 209 275 24 0
289 163 260 291 49 247 90 127 0
133 234 202 139 16 305 0
193 198 231 156 287 0
160 308 21 271 0
96 227 4 9 51 0
318 320 39 218 298 107 237 274 122 126 31 0
198 166 200 201 238 144 24 0
258 163 287 69 111 81 313 127 0
163 168 297 44 141 19 0
67 195 102 71 169 50 52 188 31 0
198 71 138 212 183 219 284 0
264 105 300 180 217 186 29 0
160 188 62 0
32 161 7 139 236 238 111 27 285 0
165 166 137 238 311 281 316 318 191 0
9 233 235 238 81 0
88 264 155 222 0
160 291 168 145 178 249 0
34 4 101 293 202 108 243 21 61 0
193 293 105 209 315 31 0
161 66 290 4 202 206 16 48 243 153 90 0
99 201 14 207 176 178 83 275 246 55 24 0
163 229 5 293 139 271 281 316 0
160 294 166 168 234 301 0
96 320 108 269 54 88 93 318 31 0
9 10 48 52 57 0
67 274 52 21 24 285 127 0
4 42 236 238 284 252 93 0
67 297 108 18 119 248 218 247 156 285 0
128 51 187 271 0
34 290 71 172 249 122 286 287 0
198 104 75 55 154 284 0
32 163 43 203 115 218 28 126 0
128 225 263 233 234 203 275 313 220 0
224 195 102 75 142 0
96 129 110 270 209 212 56 0
96 195 105 170 298 24 284 31 0
195 238 16 84 156 189 0
74 13 209 278 56 127 0
4 201 11 21 309 127 0
168 177 114 215 127 0
293 8 40 139 20 52 0
320 201 37 253 0
290 263 239 17 177 284 0
4 165 73 234 252 61 0
110 142 48 49 206 52 278 311 90 284 285 0
101 294 0
112 89 124 308 0
71 105 108 238 55 152 187 61 0
320 290 166 206 239 144 0
258 198 166 298 235 205 218 127 0
231 202 207 212 309 0
289 132 4 263 212 53 312 153 93 0
224 1 196 231 42 75 236 238 48 20 21 0
192 111 55 281 92 31 0
258 166 231 40 9 222 0
320 33 67 9 298 209 21 55 187 284 0
320 217 218 0
320 34 35 168 140 173 82 148 246 55 0
290 165 169 238 48 18 127 0
192 193 35 164 4 292 211 276 121 0
244 195 20 61 0
164 73 206 207 16 238 305 56 91 0
192 234 115 180 0
226 293 166 234 206 89 188 0
11 0
166 266 236 48 92 0
260 107 203 268 207 16 48 178 31 0
193 162 163 290 166 73 201 15 180 311 286 0
292 102 234 209 243 55 188 0
298 198 71 0
65 195 105 180 245 0
224 163 165 298 142 78 309 0
96 241 312 317 284 93 223 0
206 81 306 52 119 124 62 0
137 163 252 238 0
113 114 0
68 166 105 202 236 113 247 253 0
267 69 0
258 165 70 38 104 198 10 293 176 305 281 0
258 163 290 166 231 15 92 0
160 65 48 209 278 88 286 0
133 166 6 207 92 61 0
320 70 166 142 176 17 18 151 0
5 238 156 181 312 252 0
129 67 163 234 140 81 246 24 0
192 162 101 102 71 201 233 92 111 180 252 311 186 60 221 286 0
193 66 194 289 73 218 238 21 26 0
160 193 320 69 234 177 24 0
248 193 165 207 88 219 156 0
100 69 137 238 272 248 124 0
320 65 193 40 234 16 304 114 116 247 281 0
194 164 135 105 202 248 189 0
258 60 0
66 293 212 53 279 92 0
227 122 198 294 46 218 0
163 293 202 207 52 89 61 0
320 46 80 49 81 304 318 31 0
160 258 163 166 234 107 180 92 253 127 0
96 303 263 0
38 168 200 234 301 239 178 85 246 0
287 105 236 55 285 127 0
144 9 155 33 0
102 231 263 180 53 215 0
256 104 202 235 301 309 62 0
229 73 172 206 212 0
292 165 10 17 249 284 318 255 0
33 163 168 235 236 180 246 156 61 0
290 4 293 198 300 46 281 0
4 20 286 0
101 202 298 301 14 207 276 0
67 166 263 40 168 298 302 284 286 0
258 70 42 111 62 0
99 67 293 137 271 114 52 212 279 0
97 201 297 298 301 206 238 273 311 121 0
10 13 0
4 40 9 47 303 83 218 0
231 105 201 300 271 209 0
99 67 294 200 202 203 236 46 183 0
320 258 131 290 8 17 243 312 25 62 0
258 69 173 149 59 284 29 0
202 242 182 248 59 286 0
258 37 263 297 298 11 111 148 277 221 189 0
6 7 297 239 209 276 150 281 284 93 0
320 263 52 280 252 62 0
52 38 0
262 71 234 301 119 0
264 233 234 52 284 24 59 127 216 0
96 128 163 4 102 12 176 53 215 218 316 158 286 0
162 135 111 243 118 182 88 122 124 0
39 40 21 152 123 93 0
4 292 38 102 104 53 56 217 92 287 0
166 39 12 208 309 119 127 0
162 72 201 304 307 0
89 209 289 159 0
264 234 284 62 0
195 233 45 146 21 252 222 0
128 160 69 201 273 21 59 93 31 0
67 281 234 152 185 158 284 222 0
74 315 212 284 0
34 293 69 202 209 0
145 26 124 69 0
24 202 42 52 0
160 194 292 218 207 177 316 58 124 0
281 290 286 0
229 37 21 0
258 163 166 266 140 243 52 93 0
166 93 150 0
96 67 198 263 113 152 122 188 61 0
128 193 235 207 114 218 188 0
288 236 77 207 88 29 31 0
160 4 207 271 243 276 246 281 218 251 222 0
33 289 105 113 18 52 53 0
261 231 40 105 234 298 180 159 0
290 198 298 13 270 79 246 189 0
292 294 263 266 172 243 0
67 195 72 298 51 24 89 58 93 0
99 264 207 144 209 115 55 281 91 0
69 70 71 166 137 202 294 13 285 255 0
163 137 111 208 239 50 252 284 247 312 92 29 0
67 293 69 137 234 299 312 0
192 226 163 233 42 176 309 218 124 0
160 201 138 203 81 275 52 186 0
300 301 273 245 313 315 285 0
65 4 205 238 286 0
320 193 243 21 218 286 0
161 294 137 139 246 215 316 253 27 156 221 0
33 129 260 69 263 48 21 0
298 247 110 7 0
67 29 155 127 61 126 31 0
99 234 173 271 21 277 316 253 0
96 193 258 233 79 307 215 89 127 0
40 201 234 46 178 180 120 90 93 62 0
161 166 71 203 140 85 127 0
65 69 234 172 305 275 0
152 234 133 126 0
320 71 201 176 113 304 249 154 0
161 38 40 137 281 315 127 0
160 193 225 263 140 173 48 241 252 0
290 102 234 277 313 26 0
238 255 0
224 161 68 137 202 18 312 62 0
165 234 77 180 309 285 31 0
160 289 165 171 47 207 114 311 0
288 101 200 77 238 48 113 211 20 53 122 189 0
105 298 77 305 212 277 0
290 198 104 297 202 111 26 284 286 0
163 8 168 169 55 58 0
165 166 41 234 298 172 122 284 0
67 166 16 209 180 284 0
32 289 229 166 9 201 238 212 21 183 215 222 190 127 0
161 223 100 139 52 252 189 62 127 0
160 161 72 9 17 50 243 24 0
192 161 67 5 168 202 212 149 214 122 30 0
137 37 278 0
163 231 264 52 58 252 223 0
4 105 202 241 55 31 0
274 60 252 0
193 52 261 134 0
258 69 298 212 277 55 312 0
128 65 4 69 37 231 212 245 55 248 0
67 231 104 42 138 110 21 149 91 62 31 0
40 111 309 217 127 223 0
320 263 72 140 12 242 180 31 0
170 299 236 303 49 152 281 218 188 0
192 33 193 291 248 218 61 318 0
5 293 137 205 24 281 284 127 0
211 165 126 231 0
290 163 165 71 40 73 7 236 145 177 214 246 285 0
193 137 234 204 279 316 31 0
258 4 69 217 48 156 180 153 92 0
129 198 137 203 78 211 21 23 29 127 0
53 222 0
320 161 98 198 40 105 239 305 50 252 124 286 0
320 195 255 263 73 202 243 311 316 127 0
163 101 166 165 232 264 266 300 207 247 221 62 0
275 0
274 236 0
96 128 34 71 232 16 55 281 29 318 0
163 40 73 301 182 0
160 65 36 104 105 113 243 52 56 284 0
137 55 0
258 166 137 53 281 218 155 126 319 0
96 263 105 202 235 297 304 149 24 126 0
162 230 166 146 31 0
164 166 168 115 312 31 0
202 238 80 81 244 218 156 285 0
32 136 137 44 140 111 16 24 252 0
258 135 81 54 127 0
292 135 172 120 284 0
160 256 198 62 0
64 122 312 236 0
161 98 4 5 133 165 166 137 200 238 246 24 31 0
67 195 168 201 297 284 219 188 0
160 225 69 229 281 48 209 52 53 217 91 189 0
290 298 114 52 277 21 317 29 287 0
161 36 165 281 0
198 40 140 252 55 218 92 0
96 40 177 243 85 246 311 281 127 0
197 166 168 236 271 176 21 222 31 0
193 290 69 271 275 215 287 0
224 238 309 188 318 0
203 270 148 52 91 0
4 73 105 201 16 177 24 218 315 62 127 0
65 290 68 298 243 246 284 286 0
320 293 319 105 42 234 127 0
168 105 264 236 215 0
234 298 309 90 315 252 0
293 198 39 169 202 297 212 53 247 88 27 0
71 104 137 203 209 211 52 150 316 313 124 286 0
320 290 207 219 92 0
258 166 218 178 217 122 0
293 137 77 305 251 0
32 224 320 163 77 111 118 0
160 198 42 119 24 249 152 0
113 53 46 0
166 234 266 240 249 0
295 137 59 188 56 88 156 286 0
192 69 202 12 300 16 176 246 312 121 286 0
290 26 166 50 24 249 218 318 0
136 107 238 144 305 212 281 0
290 163 295 297 79 111 18 150 24 90 284 29 286 0
229 139 271 244 150 126 0
160 70 138 238 115 89 0
3 295 234 238 156 0
290 3 297 301 271 210 149 315 188 127 0
32 4 7 201 298 301 16 182 247 24 284 127 0
16 243 52 281 92 0
37 113 284 93 127 0
96 100 140 142 238 24 93 158 127 0
128 198 296 169 300 110 114 307 94 0
224 290 198 0
40 300 271 111 212 182 0
290 103 168 46 17 209 180 212 92 0
160 67 231 127 287 0
129 259 164 5 198 40 168 284 31 127 0
255 165 263 202 140 109 145 85 118 127 0
192 193 228 72 203 270 122 156 191 0
33 290 198 231 105 202 297 44 53 92 285 0
96 136 9 137 49 0
292 103 236 206 242 52 247 156 127 0
289 4 201 299 218 0
290 164 198 107 246 281 0
169 267 175 48 111 184 92 0
4 166 74 238 176 209 90 0
39 74 111 47 145 212 277 0
160 65 161 99 224 227 40 201 17 241 281 59 0
160 290 104 271 307 53 215 24 284 31 0
65 202 234 53 56 281 122 93 0
163 292 101 281 249 155 0
225 67 37 293 202 114 89 58 61 0
292 39 46 177 276 281 188 0
297 284 124 149 0
35 263 201 297 298 238 278 281 221 0
160 1 290 163 318 73 202 180 281 31 157 286 127 0
72 13 270 239 243 252 278 92 126 0
163 292 105 138 201 269 49 114 113 24 187 0
320 290 68 104 233 48 247 122 0
163 292 172 212 85 90 285 158 0
232 238 304 113 243 155 0
176 234 109 318 0
201 316 254 55 0
37 12 16 145 274 275 52 53 281 0
96 225 258 320 102 168 297 298 207 48 114 274 150 252 61 0
202 90 298 127 0
65 290 168 73 112 62 127 0
40 72 79 177 88 57 0
195 168 234 114 87 248 217 90 0
96 33 198 137 54 190 0
194 35 4 40 48 18 249 0
290 195 260 166 267 48 20 60 191 0
290 7 233 202 318 223 0
135 104 231 298 110 111 48 47 150 311 280 284 0
96 163 72 168 203 238 47 120 124 0
32 192 258 165 238 20 118 56 0
248 40 105 303 17 275 20 181 277 151 88 284 285 0
71 110 247 313 315 0
8 73 138 18 281 284 31 0
4 198 105 176 113 304 277 127 0
234 173 50 182 285 0
160 320 67 4 36 238 85 0
3 73 11 249 122 318 0
97 69 293 202 187 47 80 182 155 61 31 0
176 281 61 0
290 233 21 150 189 127 0
129 4 235 238 207 176 0
161 225 195 6 231 170 151 284 286 0
292 236 48 81 52 84 284 0
121 290 73 137 153 218 0
320 166 72 200 124 0
130 281 40 201 234 244 182 121 92 126 286 0
65 69 238 79 84 277 182 58 287 0
234 11 298 206 16 273 50 24 284 0
67 218 202 178 58 127 0
224 262 295 75 203 273 21 24 252 0
96 160 163 206 111 50 212 252 246 188 0
96 128 160 166 71 12 111 20 124 0
17 242 217 218 91 62 31 0
224 293 72 233 138 234 238 48 281 155 284 0
226 234 298 173 180 24 313 92 0
234 271 209 243 21 246 92 189 0
249 203 301 263 0
160 226 164 200 137 236 110 206 303 20 52 55 281 187 157 0
192 224 35 106 235 13 177 209 28 0
4 166 40 137 201 115 126 0
6 7 9 15 55 0
48 60 166 76 0
161 194 198 281 201 48 212 284 246 249 92 0
164 136 218 234 238 175 180 212 153 90 91 31 0
97 38 231 168 16 274 284 93 0
217 231 105 278 152 153 31 0
258 227 165 294 263 206 238 180 284 58 187 252 0
320 67 218 139 238 146 58 31 0
202 306 0
67 100 198 277 89 188 0
96 290 72 238 209 146 275 248 31 0
107 13 206 305 90 31 0
40 168 235 209 317 0
36 174 238 54 62 127 0
232 203 149 54 284 93 286 127 0
169 202 156 55 0
67 42 75 111 53 55 0
224 163 236 211 90 95 0
312 37 198 266 11 243 20 248 0
192 320 163 40 168 201 300 61 0
164 166 231 104 14 238 50 114 242 151 56 58 219 0
177 98 212 284 0
281 139 173 16 212 309 153 0
131 313 202 312 249 316 0
258 67 165 102 303 50 284 285 0
128 33 97 224 320 166 71 8 180 23 312 281 58 59 61 0
290 100 104 301 21 156 0
225 290 3 229 165 263 308 21 0
258 297 234 140 113 242 115 307 61 0
137 140 289 31 0
65 225 48 114 152 281 0
318 259 233 48 61 126 0
255 100 5 298 107 45 273 212 127 0
260 145 312 156 61 0
160 165 40 300 21 281 58 31 0
290 293 105 169 297 47 52 28 286 0
258 198 262 202 114 152 249 61 0
291 236 207 79 49 209 116 0
99 163 165 140 238 246 59 285 127 0
77 79 177 211 243 24 0
231 271 306 21 182 88 0
160 65 193 292 5 264 137 73 169 17 214 216 0
96 176 248 252 93 255 0
40 224 62 281 0
36 37 230 73 170 108 13 0
129 290 166 10 212 149 244 121 122 0
248 193 290 203 238 48 52 56 252 0
163 143 52 277 246 309 152 252 0
264 144 18 307 245 24 285 0
65 148 55 0
169 252 58 60 319 0
1 193 9 236 21 92 126 0
165 231 170 140 236 212 311 281 0
161 260 197 48 246 31 0
128 195 249 317 189 0
195 293 198 104 168 297 176 81 277 0
133 105 234 236 205 176 274 247 24 0
99 67 259 201 209 281 318 0
133 21 246 215 24 217 250 159 0
34 258 260 137 207 50 218 127 0
137 202 297 209 212 312 281 285 0
193 235 238 18 243 121 285 0
1 139 297 263 0
293 141 111 182 28 221 0
224 105 315 249 0
163 165 274 182 89 0
292 38 202 238 152 249 156 0
320 235 140 111 304 146 24 281 60 29 287 0
290 99 68 165 292 168 306 282 189 0
161 163 69 137 269 238 239 48 177 275 281 0
100 198 234 11 119 247 222 0
160 256 320 4 165 293 263 241 275 0
255 4 10 142 271 177 212 281 124 222 127 0
162 261 155 14 271 180 186 59 0
161 231 218 277 90 0
8 72 118 316 24 27 252 0
320 33 4 294 71 105 298 44 13 113 177 277 61 0
160 33 258 48 243 52 92 0
225 207 113 114 53 0
10 298 303 52 281 218 0
320 161 34 226 260 293 104 202 12 114 20 52 310 55 249 215 0
1 67 291 5 292 168 105 270 113 252 0
294 137 235 50 149 88 92 285 0
207 180 189 127 0
166 309 55 153 92 0
193 292 172 268 309 31 0
225 290 234 144 281 0
65 234 140 274 21 158 0
9 92 165 255 0
294 263 206 241 315 0
264 74 183 0
33 195 102 166 296 73 17 177 311 249 28 61 0
205 21 87 215 246 156 0
320 226 290 293 200 180 281 26 0
137 201 180 88 250 126 0
33 65 193 293 40 202 139 241 21 182 152 0
33 163 4 37 199 231 203 13 22 24 124 285 0
129 163 319 166 300 306 21 156 61 287 0
163 137 298 47 315 0
248 67 284 79 0
192 297 170 24 281 315 252 255 0
32 292 293 198 108 238 302 209 281 284 0
160 5 234 140 237 16 275 218 286 0
260 292 73 298 248 127 191 0
258 67 290 102 175 53 247 153 187 189 286 0
96 40 169 278 156 189 127 0
224 320 258 72 139 155 31 0
163 100 69 198 292 304 149 90 285 0
163 292 71 168 9 81 0
96 66 293 234 77 238 113 31 0
289 258 260 69 222 0
290 195 102 182 316 0
160 258 138 278 24 60 0
166 238 273 243 284 0
165 74 47 246 153 28 0
171 12 125 127 0
320 289 166 234 50 184 60 286 255 0
168 175 50 281 126 0
163 105 234 236 91 31 0
258 67 165 298 109 77 46 52 276 281 127 0
195 4 102 166 146 119 127 0
161 31 281 92 127 0
160 320 168 235 16 179 218 0
192 166 297 248 281 0
290 202 305 180 319 0
166 170 298 180 21 150 215 0
102 298 243 156 286 0
225 297 139 113 275 246 221 287 0
289 234 207 79 113 114 20 277 0
292 304 20 53 155 286 31 0
48 275 11 96 0
69 7 234 207 244 153 58 124 0
320 1 101 165 231 201 270 239 179 0
160 66 194 6 198 8 9 72 104 295 270 182 284 0
320 97 162 292 270 252 183 122 124 0
320 89 212 0
192 67 71 264 111 177 119 215 188 0
195 46 111 113 52 276 55 90 0
37 139 18 182 55 316 188 317 0
289 290 166 71 46 209 281 127 0
168 298 140 213 281 0
193 231 234 235 271 0
160 289 226 99 281 77 249 156 0
160 5 104 105 53 153 0
128 122 14 0
248 203 111 0
4 166 74 113 182 185 286 0
192 258 143 154 222 0
318 292 40 9 201 47 284 126 0
96 320 105 113 52 0
166 140 304 177 284 121 188 0
218 187 102 0
263 137 46 271 52 53 55 0
161 165 137 52 24 254 0
288 166 102 281 266 304 249 284 0
239 212 316 284 31 0
104 178 296 284 0
4 198 166 0
161 293 166 281 234 139 243 180 55 153 155 252 0
137 139 203 212 284 0
9 241 163 61 0
58 219 316 46 0
139 28 52 284 246 156 126 191 0
198 263 73 105 308 156 0
166 231 114 88 314 31 0
24 178 206 0
3 259 5 166 71 200 178 190 0
96 193 290 231 177 149 22 278 91 0
33 166 202 234 249 0
65 66 238 305 243 152 218 91 284 0
259 4 39 234 298 111 80 84 252 0
267 286 0
320 234 178 52 127 0
65 289 277 248 218 0
96 164 264 246 248 0
4 103 301 305 277 55 285 317 127 61 31 0
256 193 263 42 140 76 238 271 241 50 155 127 0
144 201 212 61 0
226 231 237 113 114 24 218 0
168 234 238 305 90 31 0
258 73 46 52 60 0
320 201 268 212 286 31 0
248 206 270 144 81 304 215 152 281 218 31 127 0
290 166 16 210 247 284 0
161 68 260 293 202 221 62 127 0
193 113 55 92 127 0
71 72 7 24 285 0
160 224 226 166 137 10 11 239 219 0
320 289 166 169 48 180 286 0
160 225 290 202 206 113 243 54 158 31 0
290 4 165 201 50 247 152 126 0
163 6 263 239 275 52 156 0
96 258 195 166 234 146 306 0
113 285 102 231 0
40 78 307 21 246 248 31 0
97 225 231 8 105 248 155 29 31 0
96 161 68 71 105 316 31 0
35 164 201 47 112 275 186 0
111 220 55 218 156 0
293 304 212 53 246 121 316 0
293 42 266 300 113 305 0
294 40 139 110 112 178 278 215 186 59 317 0
289 69 165 295 201 42 79 315 55 56 218 187 93 287 0
98 102 297 234 42 271 159 0
198 246 152 218 61 0
65 67 260 281 295 202 239 21 89 317 0
96 259 4 149 127 0
311 277 278 111 0
289 264 201 140 113 52 24 0
160 261 198 105 201 81 210 315 246 59 0
129 67 4 198 231 168 300 176 304 188 62 0
320 33 263 168 169 187 93 0
156 284 0
129 80 241 274 144 315 0
163 69 110 212 55 215 127 0
169 261 298 205 0
319 198 73 173 211 21 190 287 0
294 168 297 74 28 308 88 281 156 152 0
225 292 158 191 0
9 58 21 0
320 164 202 298 206 180 118 188 0
96 160 105 233 203 234 52 309 0
289 7 263 74 207 52 88 122 315 29 0
96 192 234 267 180 52 311 31 0
161 319 263 9 105 301 111 16 50 184 92 223 0
32 137 110 289 0
136 271 52 313 30 0
169 90 201 0
192 129 224 163 225 238 48 249 90 126 0
32 290 166 38 234 203 275 246 286 31 0
96 33 160 234 276 54 0
152 239 231 0
192 202 203 113 21 0
192 290 166 202 139 236 237 21 122 29 0
168 198 15 0
257 4 165 102 104 168 301 47 52 116 252 0
289 163 227 198 300 146 215 90 31 0
105 114 238 0
224 320 4 105 238 243 246 119 281 218 0
71 137 234 13 17 210 211 85 118 316 252 127 0
163 69 40 202 111 209 210 275 59 0
101 71 201 270 48 209 277 0
160 33 258 48 310 61 0
320 290 6 119 156 29 318 0
36 234 50 276 154 159 0
318 65 229 242 249 188 286 127 0
320 163 165 198 281 187 252 0
34 258 36 263 13 143 246 24 281 318 0
4 198 166 0
65 97 225 290 133 198 293 105 180 218 315 127 0
96 160 165 231 202 298 14 111 87 286 0
96 4 70 71 268 306 218 252 0
263 200 42 77 240 275 21 54 247 284 0
32 65 47 0
320 164 166 105 110 48 53 281 58 61 287 0
38 168 74 234 301 122 284 93 62 0
166 102 40 304 177 286 0
195 68 201 305 127 255 0
195 71 234 298 14 207 273 183 281 0
290 5 72 168 234 52 212 246 23 287 0
295 300 275 84 217 0
195 73 12 274 56 0
166 236 238 246 215 0
263 72 233 52 215 24 89 0
128 161 289 320 229 198 71 297 52 249 90 315 0
81 244 261 55 0
113 163 253 294 0
304 207 15 0
195 132 165 292 168 48 243 150 152 218 284 318 0
320 292 40 115 309 86 278 152 313 90 286 0
24 59 52 0
258 77 238 47 113 274 0
320 203 174 51 93 0
248 67 198 48 309 119 88 127 0
176 105 50 163 0
320 4 69 81 274 53 219 252 0
67 68 40 142 238 177 50 52 21 284 127 0
320 226 40 267 238 270 49 127 0
290 168 51 278 28 0
69 38 234 107 109 77 0
202 11 298 52 214 24 92 127 0
1 161 163 138 219 246 55 24 88 252 0
292 71 73 105 313 0
198 295 206 79 52 21 212 26 0
225 289 241 156 61 0
137 235 238 239 144 18 31 0
7 168 73 140 284 0
259 168 177 88 188 0
33 298 47 303 305 212 277 246 217 186 29 0
128 231 295 127 0
40 201 48 209 180 21 281 0
173 238 271 0
259 68 235 205 88 281 154 0
193 8 77 238 274 85 278 247 27 0
114 133 102 31 0
225 206 0
160 289 4 133 140 111 239 114 243 246 0
1 164 287 166 202 315 127 0
169 153 122 115 0
258 265 234 246 311 126 127 0
320 33 166 200 78 273 146 180 21 246 93 0
256 1 289 137 246 312 313 126 127 0
320 35 236 109 47 24 188 0
26 226 55 0
225 226 37 234 142 178 284 127 0
98 9 203 178 284 316 188 0
163 102 73 140 115 180 150 284 0
73 169 75 218 306 281 90 123 287 0
6 114 275 56 315 29 0
96 66 226 8 105 201 111 52 21 152 89 315 0
163 137 207 249 189 318 127 0
192 202 110 0
160 66 130 290 77 238 114 276 281 92 0
192 193 290 166 137 238 111 274 211 180 313 127 0
258 290 260 293 198 40 234 245 124 286 0
99 5 166 88 218 0
68 71 206 146 84 182 284 0
320 33 198 142 311 0
289 4 36 38 168 171 77 78 145 278 315 0
96 195 292 166 77 305 52 247 313 0
160 161 4 281 170 267 24 121 218 31 0
226 227 207 184 62 286 0
192 298 320 0
288 261 102 73 16 0
40 58 52 277 0
81 252 14 231 0
129 289 68 40 72 201 286 0
318 166 72 300 48 218 286 319 0
96 194 4 169 174 27 0
1 226 290 233 108 46 81 305 286 0
288 67 198 73 105 202 176 211 245 281 0
50 234 263 0
166 137 298 203 16 51 90 61 0
249 127 0
288 290 195 313 234 20 121 188 31 0
99 102 168 234 176 177 92 158 0
224 98 4 229 264 234 49 182 186 0
102 71 201 202 233 242 93 152 189 0
128 102 6 105 169 234 236 0
161 98 163 4 259 169 77 239 113 182 318 0
154 4 21 247 0
96 292 137 48 243 92 191 0
160 92 165 0
226 69 166 198 298 79 176 306 21 0
11 300 16 211 23 215 254 0
260 69 292 231 46 78 21 22 248 89 0
160 292 243 212 24 284 253 0
320 73 237 309 21 0
161 48 93 309 55 285 0
163 4 5 291 40 17 246 190 159 0
290 163 137 202 16 48 144 210 150 253 222 0
96 163 12 304 246 90 60 0
96 102 166 281 62 0
258 284 55 218 188 0
160 198 237 238 52 212 56 155 255 0
32 69 102 165 57 218 127 0
160 106 206 306 52 248 286 0
202 122 292 300 0
160 192 166 168 108 111 114 212 0
163 297 266 112 246 90 91 0
290 9 14 144 49 304 277 246 284 285 126 286 0
3 163 165 259 46 47 206 311 124 0
96 194 165 137 205 46 111 238 285 0
226 263 104 207 306 313 0
193 133 136 201 42 277 0
128 256 258 165 105 298 238 48 244 249 61 0
163 4 71 201 42 297 248 155 0
224 4 40 105 275 55 61 0
290 35 259 293 166 298 13 145 86 31 0
287 166 40 73 43 238 175 246 186 62 286 0
152 242 320 290 0
165 38 238 144 312 284 0
96 289 229 263 236 88 313 0
35 3 11 173 113 182 313 0
65 258 100 238 48 0
174 144 248 249 188 126 0
40 250 61 0
258 264 140 277 182 151 312 285 61 0
65 289 292 298 48 156 0
256 165 198 300 303 189 0
320 259 292 202 119 0
195 4 202 139 77 281 90 0
44 77 142 238 55 316 189 0
67 35 169 77 48 153 61 158 31 0
160 102 198 73 202 140 21 24 252 287 0
260 133 198 287 138 300 52 55 127 0
226 233 298 13 243 152 218 284 29 0
81 195 113 0
161 260 231 139 206 89 0
4 105 212 21 284 316 153 124 0
249 137 239 217 218 0
101 105 176 52 190 0
290 163 166 50 218 0
66 163 227 168 238 274 180 276 58 29 0
129 194 69 297 172 241 52 248 281 156 191 0
144 170 52 290 0
99 200 170 238 114 275 284 278 59 92 62 31 0
34 291 8 298 88 0
293 135 71 170 236 48 114 52 0
163 298 108 243 149 252 61 318 0
290 260 69 71 200 77 144 49 305 83 315 127 0
160 65 166 104 234 111 175 0
96 6 55 26 189 0
289 291 200 172 271 24 0
96 193 290 260 71 9 265 140 281 284 318 0
140 142 16 274 53 21 283 252 0
293 198 74 75 238 273 249 284 0
4 260 293 297 42 11 274 52 249 0
292 165 72 16 309 152 158 0
167 137 234 312 31 0
294 4 52 286 0
161 263 264 203 142 238 177 52 21 89 0
195 270 111 112 243 21 0
163 9 218 252 186 28 126 0
64 34 236 173 149 58 0
160 101 102 105 50 53 61 0
129 291 169 203 238 246 278 92 0
297 50 294 0
160 234 239 218 156 61 0
96 67 163 297 74 156 61 0
75 318 0
160 320 98 142 113 145 211 313 0
198 298 11 312 58 187 0
312 259 243 24 218 61 0
192 193 234 44 209 284 253 62 31 0
32 226 163 9 79 50 52 247 281 0
293 9 298 239 209 276 0
67 105 144 278 61 0
192 290 47 182 247 0
194 4 298 46 178 243 316 249 59 284 0
165 206 17 177 247 281 126 0
17 193 206 198 0
164 140 55 0
192 39 297 308 277 90 31 0
198 6 72 300 206 47 281 126 0
258 165 201 241 53 120 0
129 292 261 231 12 180 21 150 0
289 297 202 48 212 277 24 25 0
290 4 69 300 77 46 237 311 284 127 0
129 69 140 111 312 191 0
128 226 258 236 207 274 247 92 0
161 4 263 44 237 238 304 274 285 62 0
33 225 258 73 202 298 209 20 0
52 268 238 0
164 135 238 52 21 0
33 198 74 281 124 0
281 234 52 0
168 46 175 304 180 246 249 318 0
73 298 16 177 278 92 62 0
161 292 37 168 13 217 122 127 0
33 97 226 290 69 38 138 242 118 218 0
34 260 4 201 252 0
161 4 166 234 238 18 188 222 0
42 175 111 113 182 281 126 0
218 180 253 0
96 139 236 111 246 152 158 0
96 65 4 36 166 242 248 218 0
297 298 203 235 284 126 0
176 209 234 0
193 298 46 81 113 209 180 278 0
160 281 180 24 153 0
128 320 300 46 209 246 92 0
225 166 231 234 14 19 243 24 31 0
290 255 48 304 182 24 315 93 223 0
160 90 67 0
226 234 111 117 88 60 0
168 169 140 77 110 46 278 315 0
258 296 9 236 301 209 0
239 231 308 47 0
320 97 277 149 281 0
67 9 169 203 15 243 278 88 281 124 61 222 31 0
160 4 165 102 292 298 284 0
33 105 236 118 55 152 247 0
164 305 115 244 92 127 0
35 62 71 0
163 69 263 75 243 31 30 127 0
99 9 59 212 0
68 122 238 275 218 0
66 292 5 209 286 0
96 320 292 298 139 171 52 156 0
163 201 202 233 115 252 28 286 0
102 201 236 207 247 57 252 0
168 201 233 13 55 281 252 0
289 4 198 71 9 137 107 249 218 0
165 105 10 202 111 50 189 0
72 105 270 79 305 53 0
226 165 40 145 177 315 95 0
160 193 163 199 139 29 253 218 156 61 0
4 292 169 201 316 127 0
160 164 218 297 203 111 177 247 90 0
67 201 202 300 53 312 223 0
32 225 100 233 269 119 248 61 0
33 76 300 53 149 246 89 187 0
290 105 201 203 24 318 0
130 73 202 205 111 119 215 60 285 0
96 160 161 198 14 114 55 252 0
160 284 222 238 0
292 166 298 176 88 284 159 0
192 65 292 40 79 52 0
67 4 295 105 137 239 113 0
229 55 187 285 127 0
289 165 198 42 77 17 50 52 24 284 0
65 135 73 201 13 276 309 316 0
193 225 293 102 201 236 246 126 0
224 99 293 42 146 247 154 156 0
96 293 133 234 124 0
290 195 111 16 52 218 0
105 201 11 234 47 303 209 156 0
96 1 40 233 236 206 111 144 212 316 284 127 0
48 206 198 286 0
65 166 103 201 170 107 14 51 0
96 40 137 300 16 63 0
163 100 259 294 7 145 241 88 0
8 41 312 313 90 156 253 0
211 4 52 0
69 231 233 114 52 188 0
71 137 50 180 277 59 220 0
291 61 238 0
96 320 67 260 6 231 263 264 79 212 0
320 290 260 198 73 202 177 0
128 42 284 319 0
65 193 290 206 152 90 252 286 0
65 4 239 281 61 0
96 52 216 0
71 202 301 81 210 152 28 127 0
163 259 198 294 105 42 304 127 0
203 119 152 90 279 31 0
162 295 234 53 29 126 31 0
129 7 298 140 270 239 241 18 93 0
320 65 293 166 15 247 126 0
226 35 72 233 10 90 286 0
320 77 0
258 70 166 40 72 263 298 12 77 111 182 247 158 95 0
17 252 182 303 0
67 90 111 218 127 0
281 222 0
320 5 9 170 139 236 24 0
290 165 104 236 238 79 284 0
98 284 70 239 0
163 71 74 298 140 13 52 152 287 0
195 203 236 77 212 24 284 0
258 70 168 9 105 11 234 177 0
135 137 238 148 21 182 0
160 289 165 9 105 238 83 91 0
32 35 93 85 86 247 278 219 29 0
263 187 315 153 91 0
293 7 295 73 203 300 48 21 184 90 156 0
160 258 67 135 138 271 20 247 122 0
226 294 71 299 206 241 211 252 0
24 243 188 284 0
166 76 177 243 281 0
161 72 233 298 114 52 218 61 0
68 137 44 206 238 52 53 212 279 308 26 0
195 4 166 137 107 237 238 111 144 81 21 281 315 0
69 5 202 236 142 238 178 0
193 290 195 236 77 237 274 126 127 0
320 99 4 246 247 59 0
293 200 234 13 238 52 191 0
258 163 4 164 292 295 202 11 113 182 189 249 93 0
260 198 169 139 238 304 246 24 313 56 252 285 0
33 101 102 200 81 286 127 0
96 128 35 196 294 315 0
293 73 140 236 275 308 249 0
304 218 284 0
73 137 12 300 142 111 0
289 166 281 239 276 21 246 153 186 93 286 0
192 1 295 8 110 150 182 216 284 286 0
96 258 163 195 191 0
294 236 21 182 92 61 0
261 298 16 52 58 252 0
137 218 107 76 0
260 69 102 12 268 124 61 0
168 234 47 21 217 159 0
164 5 293 39 9 73 137 234 175 176 304 211 243 246 24 90 0
163 198 268 238 52 58 0
198 135 233 202 304 113 243 21 248 127 0
166 38 268 48 252 0
74 298 146 92 127 0
281 203 114 247 249 218 156 0
263 42 46 211 119 90 0
176 108 69 0
65 67 4 176 21 182 246 284 0
288 293 48 24 249 156 31 0
320 66 3 5 16 18 0
320 69 263 301 88 31 0
233 234 303 144 243 0
96 129 193 4 69 292 201 298 119 24 285 252 253 31 0
96 320 212 311 313 255 0
7 218 234 236 110 144 243 276 122 31 0
289 67 163 293 40 105 202 178 212 88 0
96 258 290 69 171 90 286 0
102 297 234 271 114 307 212 284 189 0
69 72 170 202 236 175 124 113 312 60 31 0
96 194 258 168 234 298 300 238 207 61 0
32 320 163 101 239 275 0
165 7 298 270 240 318 0
293 202 77 271 176 241 25 63 0
64 122 72 202 244 53 90 0
65 234 3 0
67 227 71 271 93 62 0
258 198 238 20 218 124 0
160 98 258 40 41 47 176 17 182 246 93 0
320 4 293 72 296 237 114 55 215 284 93 0
33 260 133 166 73 238 52 0
224 225 69 8 202 203 238 180 281 0
258 105 111 180 87 285 0
202 206 177 252 216 156 0
35 294 137 42 279 122 284 0
290 165 180 309 152 61 62 0
67 122 102 168 218 0
33 69 229 295 72 137 48 154 0
227 5 102 231 105 300 238 55 248 186 125 0
102 297 118 311 285 0
289 198 173 206 188 252 0
96 98 194 137 12 300 111 177 315 318 0
320 66 239 154 28 287 0
293 45 79 122 190 0
35 180 163 159 0
36 293 166 231 201 234 48 112 281 189 287 0
75 144 114 53 190 0
224 1 290 164 298 206 303 252 0
96 66 133 156 52 252 124 0
4 5 168 105 200 145 114 285 0
290 137 207 177 305 180 0
160 294 137 206 79 282 0
102 40 137 304 56 0
160 163 69 203 281 221 0
161 289 238 243 212 52 0
192 166 234 177 243 52 219 31 0
290 77 238 50 115 249 318 0
160 65 163 68 166 71 233 152 92 0
295 47 305 82 275 117 182 127 0
248 161 292 293 169 235 147 24 313 218 94 127 0
96 166 231 8 263 298 149 92 0
258 290 166 209 52 54 0
231 137 301 145 312 188 0
234 236 46 207 90 219 316 287 0
209 21 311 0
260 313 47 177 247 281 0
65 202 11 177 56 281 0
99 166 286 0
96 320 290 195 4 102 238 23 149 119 312 127 0
238 271 209 212 218 0
320 291 170 236 92 180 284 156 127 0
290 195 105 201 297 46 0
249 293 140 238 48 217 218 0
160 65 224 163 4 293 263 168 249 285 0
76 21 133 181 0
160 193 290 67 9 108 48 241 21 281 156 318 191 0
248 193 166 135 40 266 204 239 24 252 0
320 234 238 177 52 155 0
65 290 71 72 266 243 0
33 137 234 113 181 312 0
193 98 290 16 145 249 255 0
84 0
289 290 4 200 234 52 88 281 218 156 94 0
161 194 295 41 138 206 92 62 0
67 309 102 0
96 129 165 166 263 142 48 176 188 222 0
224 320 293 305 274 61 284 285 0
140 238 270 16 246 120 281 218 0
260 144 113 156 24 281 60 253 0
258 113 212 181 153 124 0
65 290 198 85 127 0
65 193 105 298 304 210 52 53 252 286 0
162 69 104 105 168 140 55 312 156 285 0
17 177 212 247 60 61 0
160 264 201 24 31 0
198 190 0
34 10 83 243 286 63 0
290 264 284 119 252 0
129 228 297 202 305 21 309 61 0
18 215 165 31 0
296 105 111 309 248 0
192 202 203 212 0
34 37 166 71 203 176 177 182 247 252 0
290 263 40 202 281 0
69 301 209 50 242 23 0
292 231 105 75 211 181 219 0
35 71 73 206 31 0
96 160 98 36 249 169 111 149 284 312 153 315 92 125 0
318 71 114 215 59 188 286 0
162 163 168 203 14 243 180 316 127 0
198 11 112 59 61 62 127 0
129 161 193 105 300 281 0
169 300 303 176 305 50 182 246 281 315 0
90 275 52 62 0
229 53 0
69 198 166 40 279 120 284 0
66 292 293 137 169 21 277 222 0
298 11 198 182 0
51 318 0
225 67 238 271 275 313 155 0
96 160 164 37 209 178 212 312 219 31 0
161 292 264 314 111 275 182 218 0
2 67 100 101 175 209 89 60 286 0
231 72 201 233 249 0
258 238 243 21 218 0
2 42 16 146 180 24 152 0
169 170 202 49 53 281 187 127 0
320 103 265 174 212 248 281 188 0
66 290 133 239 16 17 278 92 0
166 263 300 77 113 277 152 121 0
164 231 104 9 41 75 105 108 200 16 150 278 281 252 61 0
129 66 80 113 275 277 312 218 92 0
160 290 4 234 111 113 275 52 284 31 0
161 169 52 190 127 0
263 202 56 249 127 0
293 166 234 318 255 0
169 66 315 207 0
193 258 289 287 137 156 241 247 92 253 127 0
102 40 137 297 47 272 316 29 0
288 70 167 176 152 0
193 163 313 277 121 219 188 31 0
202 139 203 83 212 215 284 0
268 212 21 281 156 127 0
152 153 83 284 0
163 293 238 52 252 0
2 3 3 2 2 2 4 3 2 3 3 3 2 2 3 2 2 2 2 2 4 2 4 4 4 3 3 2 4 3 4 3 4 4 4 2 3 4 2 4 4 3 4 2 4 3 2 3 4 3 3 2 2 2 2 2 4 3 3 2 4 3 4 2 3 2 4 3 3 2 4 4 4 2 2 2 4 3 3 2 4 4 2 3 2 2 2 2 4 3 4 2 4 4 3 3 2 2 3 3 4 4 2 3 3 4 3 2 3 3 2 4 4 4 3 3 3 2 4 2 2 4 3 2 3 2 4 4 3 2 3 3 3 2 3 3 4 4 3 3 3 3 3 4 4 2 3 3 4 4 3 2 4 3 2 2 4 2 2 3 4 3 4 3 2 3 3 4 4 2 3 2 3 2 3 4 4 2 4 2 4 2 3 3 2 2 3 3 3 3 3 4 2 3 3 4 4 2 4 2 4 3 2 3 2 2 3 2 4 2 2 4 2 3 2 3 4 4 3 3 3 2 3 2 4 2 2 3 4 3 4 3 2 3 3 4 3 3 3 3 4 4 2 4 4 3 4 3 2 3 4 3 4 4 2 4 2 4 3 2 3 3 2 2 4 3 2 3 2 3 3 2 4 4 2 2 3 2 4 2 3 3 2 4 4 3 4 3 3 4 2 4 2 3 4 4 4 4 2 2 4 4 3 4 2 3 4 3 4 4 3 2 2 2 2 2 2 3 2 4
