450 300 120
33 2 34 12 45 14 44 111 116 84 56 29 0
96 99 36 71 104 9 44 109 114 117 91 30 0
98 100 40 44 13 12 112 80 56 24 58 93 0
66 6 7 12 15 79 17 117 88 89 59 28 0
98 6 8 9 77 110 48 112 19 53 88 28 0
36 71 108 109 15 114 84 116 27 92 29 94 0
97 4 73 106 42 76 43 10 45 51 88 31 0
65 66 4 6 103 11 46 111 53 21 24 29 0
98 99 36 102 103 75 47 49 50 119 56 63 0
34 68 70 42 44 46 78 47 111 82 50 93 0
64 33 34 35 69 38 7 41 13 15 79 26 0
96 2 4 68 38 7 45 111 48 120 26 92 0
100 101 7 107 44 13 79 113 81 17 84 21 0
68 69 8 42 75 17 51 119 21 20 55 63 0
98 2 68 4 38 7 104 6 14 51 23 28 0
38 39 9 42 75 45 47 84 118 56 26 93 0
32 2 39 7 105 81 49 50 116 22 92 31 0
103 7 78 79 82 50 52 53 119 55 92 94 0
96 33 65 37 75 11 13 14 49 86 22 92 0
5 104 73 42 45 48 17 116 21 27 30 31 0
104 72 42 14 18 83 87 30 89 26 92 25 0
32 102 72 11 76 110 80 18 83 116 21 88 0
5 37 7 39 101 110 111 81 114 56 89 57 0
35 58 101 70 6 72 105 10 12 19 118 26 0
66 98 3 67 107 77 78 111 113 114 115 120 0
34 68 40 104 106 105 44 28 21 55 24 60 0
98 3 67 101 70 2 110 16 56 92 61 95 0
96 67 58 38 102 71 103 50 87 24 90 60 0
96 3 70 7 104 59 42 15 113 21 91 61 0
2 35 6 43 76 82 116 52 21 87 29 31 0
67 36 5 6 102 74 107 43 44 11 113 84 0
2 98 6 105 42 83 52 23 26 91 28 93 0
6 7 9 107 75 16 116 117 86 55 29 95 0
33 100 4 38 101 48 80 83 119 54 55 60 0
65 2 100 69 37 12 13 44 109 16 61 30 0
32 3 102 70 105 77 113 84 117 54 86 26 0
32 2 67 100 45 48 113 87 120 57 27 92 0
5 8 43 14 112 50 22 23 89 91 30 63 0
64 2 3 7 72 106 11 75 79 111 118 91 0
96 66 106 11 44 16 81 18 21 55 56 28 0
64 107 45 46 16 17 83 118 94 91 92 30 0
32 99 4 71 73 106 12 14 82 29 57 93 0
36 5 69 8 41 111 16 113 87 89 61 94 0
96 3 38 47 112 49 82 111 26 27 92 29 0
67 39 72 106 76 84 53 22 23 87 89 26 0
33 2 99 4 37 39 72 77 116 58 92 61 0
3 103 104 41 106 42 78 18 83 19 53 30 0
100 71 7 42 107 76 77 14 11 112 58 30 0
7 40 76 13 110 77 16 93 117 24 57 61 0
2 99 70 38 108 79 115 86 54 24 60 94 0
96 65 32 36 102 6 70 72 42 11 84 29 0
96 34 8 40 46 15 112 51 117 25 92 29 0
3 39 103 12 77 78 76 52 54 23 57 59 0
35 42 43 44 107 79 80 113 53 88 91 95 0
96 36 70 73 107 75 115 61 24 88 28 29 0
96 64 100 41 12 109 47 80 18 87 26 94 0
33 99 68 105 43 115 52 20 86 23 91 28 0
97 33 3 8 41 12 111 80 116 55 87 56 0
64 34 101 102 72 44 13 21 117 90 60 95 0
97 67 4 7 107 78 112 50 115 26 91 29 0
66 34 35 6 72 108 45 114 118 89 60 29 0
70 45 110 111 15 82 51 84 53 58 27 30 0
32 3 99 41 75 114 50 53 120 25 27 95 0
39 73 42 12 78 81 22 89 26 60 93 62 0
35 69 102 37 41 73 43 112 49 54 120 95 0
64 34 36 91 44 77 14 48 51 24 59 63 0
35 6 105 41 43 111 82 115 51 54 25 59 0
32 65 8 10 43 75 109 82 84 120 59 93 0
89 33 102 7 12 47 113 115 57 27 61 62 0
64 35 36 39 7 106 76 48 21 22 23 54 0
66 40 72 46 79 80 115 51 86 57 26 61 0
96 100 7 74 107 12 50 93 53 23 29 95 0
37 102 103 38 9 107 14 47 15 86 26 60 0
96 5 101 8 13 111 49 50 22 24 92 63 0
8 10 109 13 82 84 53 56 24 60 61 94 0
96 101 42 43 45 15 80 49 79 54 94 95 0
69 70 101 105 74 107 76 77 120 92 29 31 0
64 32 97 12 45 13 31 25 90 60 29 95 0
65 2 35 7 40 9 45 110 80 49 51 119 0
67 100 7 11 76 45 14 16 54 23 57 92 0
96 32 38 75 79 82 114 20 94 27 30 95 0
64 104 10 11 75 74 83 115 85 87 30 95 0
66 98 68 38 7 76 46 82 118 25 95 31 0
67 6 105 106 10 109 115 116 51 83 119 24 0
98 3 90 73 107 45 110 17 50 54 58 59 0
3 4 70 38 11 78 15 81 116 55 88 89 0
34 6 72 41 77 109 50 87 24 58 59 62 0
3 102 73 43 52 86 22 120 57 54 118 60 0
96 65 34 66 38 9 76 81 50 52 85 92 0
98 3 100 70 78 48 81 19 115 53 58 30 0
32 99 5 102 104 42 108 109 17 50 25 26 0
97 2 103 73 9 106 82 118 24 57 90 28 0
7 41 10 77 78 14 60 113 80 52 23 28 0
37 39 104 8 103 28 92 17 86 89 60 62 0
67 100 69 72 74 45 48 16 116 52 120 28 0
32 70 73 59 111 116 20 52 118 119 91 93 0
32 33 67 36 37 71 110 46 51 21 25 95 0
32 33 2 64 38 72 11 80 17 83 53 62 0
32 3 67 71 45 16 53 118 55 54 61 62 0
33 68 6 39 11 12 110 49 82 115 60 30 0
96 99 101 70 104 17 51 53 90 91 94 31 0
32 65 34 67 71 106 110 83 119 24 29 95 0
98 7 75 76 18 84 22 55 56 58 28 61 0
97 37 71 106 46 111 49 114 50 85 23 56 0
65 2 67 33 82 51 118 24 25 27 95 63 0
65 34 67 68 2 9 10 74 78 86 119 27 0
36 70 41 44 45 110 46 48 82 51 54 86 0
65 100 5 70 72 11 44 49 114 51 117 55 0
96 4 11 13 16 80 49 23 55 89 93 62 0
67 26 69 35 71 74 82 24 56 89 90 94 0
96 2 4 37 101 75 46 110 114 51 24 61 0
64 72 105 74 46 17 83 84 54 88 28 62 0
35 41 43 80 48 18 83 16 115 54 92 61 0
38 42 10 108 47 16 83 22 56 28 61 63 0
32 4 5 9 12 14 110 18 116 120 89 29 0
97 33 34 69 7 111 15 51 20 115 86 55 0
6 39 73 77 14 48 114 21 88 58 27 95 0
96 97 98 32 5 7 71 42 48 51 52 24 0
96 33 5 38 69 43 108 19 115 25 61 94 0
4 6 70 104 74 46 14 47 18 114 115 21 0
65 5 73 10 109 82 51 50 53 54 118 31 0
70 73 75 46 14 49 50 85 118 87 60 31 0
32 2 100 39 103 41 12 46 52 21 88 59 0
66 35 101 11 79 15 117 21 55 26 27 29 0
38 9 43 15 82 21 85 117 88 118 90 29 0
97 3 68 8 9 72 42 45 90 91 28 61 0
66 99 34 11 45 110 78 15 113 18 81 89 0
32 65 73 109 113 18 51 20 54 56 25 63 0
96 66 35 34 6 7 103 73 14 20 56 60 0
43 13 111 112 81 115 19 53 89 58 29 30 0
39 73 10 114 51 30 85 83 23 57 29 94 0
97 101 72 9 10 108 113 17 85 87 120 30 0
66 100 6 40 107 108 109 48 51 55 93 95 0
33 68 4 73 43 46 110 52 55 87 119 24 0
98 67 73 43 110 15 114 20 88 92 61 63 0
98 99 36 7 40 10 75 110 16 120 26 63 0
64 65 3 68 100 45 46 80 49 117 92 29 0
5 74 43 76 44 78 48 114 52 21 118 24 0
38 103 102 105 9 11 107 13 111 84 21 120 0
96 102 72 105 75 44 19 116 117 22 27 94 0
66 67 100 74 77 16 53 117 24 31 94 95 0
5 70 38 42 13 15 82 115 84 57 93 63 0
69 102 7 104 9 72 43 12 76 23 61 62 0
68 101 38 7 105 106 44 49 50 51 85 22 0
68 8 73 42 14 78 16 82 51 52 53 90 0
64 66 36 5 8 73 77 46 16 51 62 95 0
98 35 5 103 10 76 81 19 55 87 56 28 0
2 100 6 102 106 110 80 114 119 87 24 29 0
98 75 78 46 113 18 84 54 25 26 61 95 0
38 74 12 76 112 17 50 82 80 53 59 30 0
2 68 101 37 41 107 21 22 87 85 28 93 0
97 71 13 79 19 20 85 53 23 56 29 94 0
3 36 12 77 110 79 50 18 23 120 91 60 0
64 99 36 67 103 72 42 112 17 113 21 26 0
66 106 80 82 83 50 117 22 58 27 28 63 0
33 3 101 70 72 78 81 55 89 90 93 57 0
37 6 106 42 108 77 46 18 55 88 57 90 0
35 104 74 43 108 13 78 47 15 49 22 54 0
64 96 97 100 12 44 17 87 23 86 29 62 0
5 70 7 105 75 76 79 84 117 22 23 25 0
43 13 48 82 54 119 25 26 91 63 62 95 0
99 35 7 76 46 112 49 50 19 52 119 88 0
2 3 36 41 73 114 18 52 85 86 22 95 0
32 96 66 35 97 104 10 78 86 24 95 63 0
2 3 41 11 44 81 113 19 23 90 59 60 0
103 39 42 17 114 49 116 21 118 87 27 92 0
96 3 102 104 40 42 11 43 44 10 80 23 0
98 4 104 105 10 12 80 116 22 118 25 61 0
33 68 69 100 39 5 14 110 18 87 91 95 0
65 34 102 40 107 77 45 111 15 26 91 63 0
65 5 102 7 39 44 108 49 18 115 51 95 0
3 35 101 39 72 9 106 43 16 21 55 30 0
33 100 68 7 8 105 46 48 52 57 95 63 0
33 66 67 58 7 12 14 49 114 17 86 26 0
99 72 73 109 45 20 53 117 23 24 59 30 0
96 2 34 99 101 3 35 105 58 63 30 31 0
98 37 38 73 74 44 77 14 120 26 62 63 0
98 11 76 77 78 47 80 51 24 27 28 30 0
2 105 13 15 47 17 20 22 119 24 61 62 0
36 40 10 44 12 111 80 113 114 116 117 59 0
101 8 13 112 113 18 48 17 86 120 56 92 0
32 104 59 73 40 12 45 46 110 48 54 91 0
64 34 98 37 70 105 74 50 55 24 59 28 0
67 4 68 6 71 76 47 21 54 24 57 94 0
96 33 7 105 43 46 86 119 26 91 92 61 0
96 99 67 69 35 47 115 52 53 119 90 95 0
35 37 7 82 83 20 19 52 23 119 59 92 0
96 33 2 7 12 45 111 81 50 115 118 30 0
32 36 40 11 12 45 18 116 84 87 119 57 0
35 37 39 40 105 106 76 109 108 82 83 23 0
33 34 41 10 108 46 113 18 86 55 54 89 0
72 105 80 17 18 49 20 23 25 27 61 94 0
33 101 38 8 105 74 10 76 111 80 114 87 0
64 34 67 4 106 112 19 52 118 25 94 95 0
32 96 2 37 74 111 81 115 20 116 86 94 0
67 36 101 38 42 78 15 23 55 87 59 92 0
97 34 41 111 16 47 51 87 23 88 89 90 0
4 8 105 112 113 80 116 118 55 25 61 31 0
97 38 73 107 77 14 114 51 84 55 28 62 0
35 100 102 105 13 14 79 114 115 82 27 28 0
37 72 73 106 10 44 80 49 119 56 61 94 0
99 26 90 102 105 108 49 117 23 89 58 31 0
33 34 37 103 72 75 107 109 49 55 23 58 0
32 100 6 103 73 41 14 114 23 59 61 30 0
67 37 41 109 77 13 18 114 82 27 61 30 0
67 3 5 8 60 18 84 20 22 24 92 95 0
97 102 106 75 42 77 14 17 18 88 91 31 0
98 6 39 41 11 110 79 114 118 24 58 63 0
3 7 12 78 81 50 114 84 117 24 26 29 0
96 68 70 10 106 74 45 49 84 119 58 62 0
97 40 46 111 49 81 51 19 21 83 92 94 0
65 33 34 4 12 15 51 22 56 27 28 63 0
66 35 6 44 46 15 112 17 51 87 58 29 0
64 66 4 102 7 79 48 23 89 59 92 63 0
96 67 68 101 108 77 111 84 23 52 119 55 0
2 67 35 103 72 74 43 109 47 49 22 60 0
70 102 39 47 112 17 84 117 120 89 62 63 0
64 66 10 75 76 45 111 23 85 55 92 95 0
32 34 4 103 105 42 11 46 80 53 120 30 0
66 67 5 8 42 46 80 50 83 84 55 62 0
67 5 37 59 108 45 47 81 87 27 29 95 0
67 35 70 71 73 9 13 60 83 117 28 31 0
65 36 38 105 43 109 46 113 114 22 60 95 0
6 11 28 80 18 52 84 54 56 89 92 29 0
34 68 7 10 12 45 46 15 16 113 56 89 0
37 11 44 46 115 84 20 55 58 92 61 30 0
101 102 106 76 109 78 12 46 45 50 57 60 0
43 44 13 14 110 111 49 51 20 52 84 59 0
37 38 107 75 45 60 47 48 22 23 90 92 0
32 65 33 64 37 70 9 12 47 51 22 90 0
65 34 40 41 9 80 116 22 118 57 30 63 0
36 77 48 112 81 53 118 55 54 87 28 62 0
40 9 42 12 109 110 80 49 19 86 88 28 0
96 104 10 11 12 78 92 83 20 54 26 60 0
96 40 17 81 82 114 85 119 62 59 60 30 0
3 102 41 9 76 77 110 15 92 29 30 63 0
36 4 73 10 11 78 15 84 52 23 120 89 0
99 5 71 72 42 44 18 85 54 25 28 30 0
65 98 67 70 10 11 115 20 53 23 59 30 0
90 105 10 42 60 47 17 116 117 58 91 92 0
98 70 75 108 78 14 79 20 59 60 61 95 0
67 4 36 72 105 74 43 15 81 115 55 61 0
67 5 37 72 43 111 61 52 117 88 59 29 0
32 97 2 4 6 42 107 109 15 80 50 26 0
33 34 101 104 9 40 11 43 46 55 25 91 0
65 66 67 3 5 6 73 11 114 55 23 120 0
2 99 6 39 40 105 108 92 113 114 17 60 0
67 3 38 40 108 47 80 48 116 22 89 91 0
32 64 36 11 45 78 15 55 53 87 120 62 0
32 35 100 102 38 8 7 13 116 120 58 59 0
32 5 105 41 107 12 49 116 84 55 87 29 0
7 73 74 44 13 19 117 120 24 60 61 31 0
37 6 39 43 75 11 50 115 53 118 86 25 0
64 32 69 37 8 106 111 15 82 18 85 60 0
3 105 11 44 77 76 108 47 14 19 115 60 0
99 37 107 45 112 81 86 30 88 58 28 62 0
34 35 3 101 6 106 47 111 114 116 86 57 0
66 100 8 9 42 78 14 110 115 84 56 61 0
96 34 66 73 105 42 45 112 82 85 21 31 0
96 65 5 41 47 49 18 119 21 55 25 60 0
34 100 102 104 74 111 51 22 23 91 28 31 0
32 34 100 37 70 71 41 43 109 50 27 94 0
32 35 5 40 9 107 77 84 55 59 93 95 0
34 58 100 72 105 44 109 46 17 86 87 90 0
34 35 8 44 13 80 49 83 84 55 87 24 0
64 69 42 113 55 54 119 53 57 26 92 29 0
96 33 102 39 77 16 81 87 23 29 30 31 0
2 101 40 107 77 46 81 18 116 55 62 63 0
33 100 10 74 44 77 81 117 53 87 26 59 0
34 6 39 8 10 14 52 118 119 87 90 88 0
100 4 70 102 40 73 72 104 45 118 87 90 0
96 66 102 41 73 77 14 48 85 87 90 28 0
97 67 4 8 40 108 110 49 54 55 28 95 0
96 65 35 69 13 112 82 114 117 88 89 31 0
32 65 7 42 110 14 29 115 84 85 23 93 0
64 67 9 106 76 45 80 49 86 24 90 91 0
6 104 105 40 77 28 115 83 119 90 60 93 0
66 34 99 98 73 109 46 79 82 117 28 94 0
65 67 102 7 6 76 109 112 21 87 56 92 0
64 3 5 37 8 40 44 113 17 117 88 92 0
64 3 100 37 78 50 117 24 25 90 93 57 0
102 38 13 47 15 120 62 58 59 60 30 31 0
32 2 5 111 29 52 119 88 25 58 93 30 0
32 66 100 37 70 71 8 44 45 27 28 94 0
2 67 70 39 9 43 77 109 113 87 120 31 0
33 39 41 11 13 46 50 61 54 58 60 93 0
70 102 12 109 15 81 113 83 52 85 114 92 0
56 58 38 105 50 114 83 24 90 27 61 63 0
99 4 70 6 42 79 80 112 85 87 58 31 0
70 9 11 43 76 60 108 53 87 25 90 28 0
97 66 99 69 104 106 77 50 83 119 55 88 0
35 4 100 8 9 106 43 14 48 81 54 93 0
98 8 41 42 78 14 112 47 52 55 24 29 0
67 35 6 39 43 13 110 116 52 89 29 94 0
71 8 72 74 7 81 115 116 56 90 30 95 0
66 2 70 71 72 106 107 56 89 26 60 95 0
96 97 100 8 9 74 78 111 82 114 28 94 0
33 98 4 6 104 13 79 114 83 19 51 118 0
36 69 5 100 39 9 107 13 116 24 92 31 0
64 33 2 36 104 73 78 48 83 53 58 62 0
38 109 21 56 62 0
64 100 104 41 76 45 13 49 83 0
7 73 105 46 21 0
66 100 72 104 48 81 0
40 98 100 5 0
33 2 4 38 8 77 109 15 47 79 19 86 26 0
34 68 9 120 46 48 49 116 24 90 92 93 30 0
94 87 0
36 5 75 77 80 21 24 57 0
65 59 119 0
5 10 106 77 84 53 21 0
97 5 21 22 23 0
64 13 60 79 84 55 89 28 0
96 41 57 0
66 67 37 101 75 46 48 81 51 86 0
68 40 104 12 115 92 0
36 104 81 82 55 61 62 0
24 100 10 36 0
33 3 5 38 39 86 29 30 0
5 7 8 42 111 91 63 0
108 106 12 36 0
3 36 107 108 80 112 116 28 61 0
104 49 0
103 8 9 19 55 88 28 0
1 106 45 14 53 87 0
98 75 84 15 0
9 90 102 0
104 11 94 0
36 68 106 109 110 93 63 0
36 70 104 9 73 80 81 112 23 90 31 0
41 75 43 87 92 0
1 14 118 23 24 0
68 73 46 24 59 0
103 44 118 24 94 0
33 99 108 14 30 0
8 9 40 0
36 43 48 86 118 62 0
33 102 8 72 75 11 78 95 0
17 110 0
112 114 88 90 91 0
96 3 10 91 113 55 24 59 0
67 5 84 86 22 95 0
101 76 93 0
16 17 72 100 0
120 86 69 54 0
5 43 45 83 88 29 0
99 10 49 23 87 89 0
72 14 115 118 55 89 0
3 0
1 108 25 94 0
66 36 68 104 74 75 45 114 0
97 36 101 73 42 109 81 53 54 55 85 95 0
33 100 12 47 49 0
17 0
106 80 23 27 29 62 0
1 42 101 49 0
71 10 19 87 57 93 0
66 69 102 42 45 0
6 71 46 17 94 30 63 0
32 4 39 113 119 0
72 105 110 119 0
105 108 112 118 61 94 0
97 110 86 94 91 62 0
32 97 3 39 71 107 23 0
40 57 43 0
83 101 30 0
64 101 47 50 21 0
68 14 112 17 116 25 0
100 4 72 43 107 18 115 0
104 106 80 49 53 0
48 10 35 36 0
105 106 110 17 18 116 0
7 110 47 83 118 61 0
33 103 108 77 110 16 22 0
76 46 56 27 62 0
5 107 18 116 90 0
5 38 71 81 116 31 0
28 95 22 68 0
37 39 104 42 90 91 93 0
64 6 41 105 112 116 0
73 17 120 119 0
72 76 17 51 116 0
40 74 43 45 28 94 0
71 42 12 18 55 28 29 95 0
37 104 43 77 52 0
66 5 42 79 15 0
100 104 109 116 21 55 57 0
85 38 0
7 42 108 18 24 0
33 8 76 25 58 29 0
70 42 107 46 0
32 99 35 69 104 117 60 0
64 68 43 12 45 82 51 116 0
98 68 38 75 85 87 0
109 46 111 117 23 94 0
65 66 102 0
34 68 38 10 13 77 47 92 51 84 24 28 93 95 0
32 103 9 113 19 52 55 0
69 8 43 111 81 19 83 22 0
66 4 76 115 56 91 95 0
96 97 7 108 45 46 17 113 25 0
5 103 106 116 117 118 61 94 0
98 101 72 10 46 52 91 0
97 103 42 85 26 0
40 42 106 119 57 29 0
34 67 77 57 91 31 0
118 20 86 0
6 42 108 109 81 21 95 63 0
48 75 109 0
5 70 43 108 60 0
24 1 98 80 0
66 5 103 72 73 105 75 47 79 80 111 84 0
89 106 102 87 0
64 1 4 57 0
65 26 74 63 0
8 47 113 23 55 26 0
68 71 8 114 22 0
98 36 68 85 27 0
39 7 112 81 53 117 119 29 0
96 99 102 41 79 80 88 25 26 30 57 0
10 14 78 82 21 55 56 95 63 0
104 10 12 109 14 47 112 17 0
98 104 73 46 47 90 60 0
3 38 9 12 45 21 23 26 28 0
100 5 77 109 84 53 0
100 109 45 46 56 0
6 46 78 48 18 52 0
68 38 8 9 40 107 23 0
69 5 71 10 116 58 0
65 33 98 9 42 84 87 0
102 104 74 46 81 0
96 42 76 83 60 0
97 5 38 9 79 0
108 109 79 17 116 62 0
32 83 53 94 0
72 9 42 104 109 83 119 29 0
109 45 22 0
120 61 0
96 1 39 109 55 0
80 18 23 0
2 67 85 0
35 10 110 48 17 51 84 86 0
40 108 112 87 0
8 11 79 112 87 57 0
33 75 77 90 93 0
97 104 44 76 21 86 30 0
96 33 65 99 71 8 81 29 31 0
32 40 73 75 109 116 88 61 0
6 46 48 81 87 95 0
65 34 98 105 51 120 92 0
42 48 87 120 91 0
66 5 108 45 51 55 63 0
75 108 92 50 19 90 28 0
76 79 22 119 88 61 0
56 33 104 81 0
36 37 8 77 110 83 21 26 62 95 0
16 26 40 86 0
34 99 5 101 10 13 80 112 94 0
33 2 3 67 8 48 0
80 69 79 47 0
34 5 6 103 10 12 44 46 117 0
33 46 14 50 84 93 0
97 41 106 108 47 27 61 31 0
69 38 51 117 59 0
106 118 0
97 2 115 21 29 0
36 100 70 38 43 84 86 55 0
93 0
72 2 84 0
7 48 83 56 27 0
36 71 10 42 90 0
7 40 73 105 23 25 27 0
66 77 109 19 57 91 63 0
100 39 40 74 11 46 19 86 92 0
8 10 112 17 89 26 0
37 75 112 25 58 0
66 4 10 112 53 0
96 115 23 0
96 98 69 18 115 116 90 93 30 0
97 98 69 106 77 81 113 61 0
33 68 5 10 107 14 49 0
68 5 38 73 12 15 84 85 28 0
36 47 20 54 91 30 0
32 67 72 79 81 87 92 61 0
15 82 84 55 25 0
101 39 76 18 50 56 0
117 109 0
102 41 43 111 117 94 0
0
34 104 9 10 11 44 108 91 0
65 34 97 5 38 8 11 12 75 16 119 22 55 0
106 78 85 119 61 31 0
113 19 84 78 0
10 50 83 118 30 0
5 70 9 16 53 0
10 18 21 87 55 59 0
64 1 96 6 45 52 0
109 92 21 39 0
98 37 5 21 87 59 94 0
96 106 46 48 57 0
100 101 104 49 117 0
36 68 103 104 16 85 21 0
34 45 48 83 21 22 55 63 0
24 9 48 56 0
32 37 38 10 75 46 79 0
10 44 78 16 50 27 63 0
9 27 84 35 0
26 91 22 111 0
105 74 79 48 83 20 91 0
90 27 28 94 0
11 117 70 23 0
2 116 82 0
66 108 113 82 19 59 0
99 36 70 81 119 55 56 0
38 39 8 40 13 15 79 18 120 0
68 5 47 86 23 88 89 0
34 112 19 87 29 0
24 117 53 31 0
64 65 98 78 15 20 26 28 94 0
64 116 84 94 0
65 34 36 40 119 58 0
1 14 15 115 84 25 26 0
97 34 101 107 44 18 21 55 91 30 0
9 114 3 70 0
90 19 0
68 5 39 71 107 13 14 0
65 114 108 69 0
78 67 22 23 0
96 66 104 85 24 0
97 109 49 24 26 120 29 0
116 73 44 92 0
96 69 45 46 78 79 112 18 52 28 0
1 75 78 80 115 21 119 25 29 57 0
34 107 12 114 58 0
104 43 54 120 25 0
64 13 78 84 116 117 55 61 30 0
104 82 52 55 26 0
5 14 82 51 52 120 0
34 117 44 74 0
24 115 0
4 10 11 16 25 29 63 0
2 72 107 46 47 17 113 57 90 31 0
8 51 119 57 59 0
67 35 81 51 52 25 0
64 104 41 47 91 62 0
65 57 119 23 0
65 4 45 24 94 0
103 42 75 43 110 120 27 0
105 44 117 118 59 94 0
119 0
97 90 19 47 0
98 10 16 112 83 116 24 0
33 35 43 44 82 83 114 0
70 102 47 48 17 49 82 120 63 0
96 9 106 43 116 21 31 0
97 3 101 71 108 15 112 87 29 0
99 58 51 120 0
119 13 78 103 0
66 37 12 81 18 85 56 93 31 0
101 105 43 15 87 23 0
32 56 60 23 0
98 69 8 12 118 0
34 98 100 10 45 109 80 17 113 25 93 0
9 42 11 110 81 0
66 98 70 9 79 80 85 24 90 0
2 37 7 81 116 86 24 61 0
102 71 18 61 95 0
113 83 0
99 37 44 49 55 0
18 117 23 24 58 0
86 6 87 0
68 70 103 79 55 57 60 0
9 110 45 14 0
99 9 47 20 116 24 0
5 38 103 106 48 21 0
1 65 97 10 43 44 61 0
103 106 75 108 45 18 119 31 0
81 106 0
2 71 41 76 118 25 31 0
69 106 108 17 19 85 87 56 89 0
104 67 101 31 0
1 97 43 17 56 0
96 33 101 47 94 0
1 47 49 88 30 0
62 78 36 52 0
64 65 71 40 12 44 84 119 87 93 0
8 72 109 0
1 2 33 68 48 21 0
64 103 15 84 25 0
38 39 108 112 93 62 31 0
64 98 41 74 105 113 82 28 93 0
99 41 10 109 25 92 0
100 7 72 77 46 15 83 84 85 23 0
24 25 116 0
97 48 51 24 61 0
43 113 19 53 59 0
2 100 10 29 52 84 93 61 0
1 105 108 111 52 86 0
1 73 46 15 112 81 18 28 0
64 70 45 47 15 51 85 118 120 94 62 0
73 10 75 16 17 119 0
1 101 38 104 19 0
32 37 105 11 83 120 0
99 69 46 47 15 115 54 55 56 93 0
3 5 38 81 85 55 88 58 0
70 10 16 49 80 56 27 0
35 5 70 76 55 60 0
89 75 43 81 20 86 57 60 95 0
80 90 35 61 0
74 116 54 119 0
98 100 101 71 40 104 23 91 0
1 100 10 45 52 0
109 0
104 101 93 5 0
97 9 109 114 95 0
68 71 109 81 18 93 30 0
98 68 41 49 19 88 0
90 75 77 0
97 101 38 44 17 19 21 89 26 0
88 115 0
104 10 46 79 52 62 0
51 86 0
80 51 20 83 84 93 24 61 0
3 44 108 83 117 88 26 0
68 6 15 17 117 56 0
104 107 20 23 27 95 0
33 3 4 11 109 58 63 31 0
5 8 105 10 77 120 92 30 0
106 43 103 7 0
10 36 92 0
7 103 43 77 109 24 93 63 0
68 5 109 79 116 0
101 70 80 54 89 59 0
108 92 37 54 0
98 68 103 21 54 117 0
98 27 108 109 0
96 67 101 104 105 87 0
69 17 57 91 28 0
80 81 18 85 25 0
68 7 9 15 19 56 93 31 0
1 72 87 24 89 63 0
32 2 111 17 51 63 0
70 103 42 77 109 48 0
101 102 105 15 19 61 0
68 102 13 86 24 0
33 37 12 111 17 61 63 0
96 8 72 23 55 0
73 43 109 16 113 21 55 88 0
0
32 33 2 45 49 93 87 29 0
99 4 5 73 9 42 0
68 101 10 13 112 51 56 25 88 0
40 72 42 44 21 118 93 94 0
120 107 68 0
97 36 106 107 77 85 26 0
5 72 41 48 118 57 95 31 0
57 34 74 111 0
97 6 54 22 87 57 118 59 0
48 18 108 0
68 71 108 110 112 19 21 92 0
67 5 72 80 51 59 92 0
65 70 40 11 82 0
36 44 0
99 100 69 5 39 102 104 82 118 0
100 103 45 15 115 116 86 54 92 0
104 103 47 0
65 38 13 112 18 115 85 56 26 29 0
100 75 80 81 18 52 90 0
1 69 103 110 82 54 57 26 62 0
1 71 7 23 28 0
96 27 120 45 0
98 37 41 42 46 83 25 27 94 0
3 58 69 90 112 26 30 0
97 103 105 83 31 0
103 8 77 47 111 113 115 55 0
68 5 84 87 58 63 0
41 74 116 61 63 0
32 104 7 0
50 20 6 0
96 100 71 16 113 84 88 60 63 0
13 19 23 29 94 0
70 39 110 16 83 55 58 0
98 14 17 84 91 0
2 34 103 104 43 24 30 0
68 5 105 44 111 81 19 88 90 0
36 8 77 111 89 92 29 63 0
99 74 44 84 53 0
3 4 111 47 55 0
99 7 40 79 117 93 0
99 38 70 43 44 45 77 47 78 49 85 117 55 95 0
36 40 42 108 15 56 58 0
45 47 19 20 120 0
2 106 79 116 84 0
69 37 72 42 75 13 80 21 90 0
65 39 40 72 109 23 120 91 0
104 42 107 0
2 99 100 38 102 8 113 23 25 0
33 36 100 71 8 112 81 113 53 56 57 91 61 0
101 102 40 72 106 81 56 91 0
17 2 7 0
96 40 108 53 21 0
81 12 29 0
76 47 112 19 84 55 25 63 0
78 17 86 87 27 30 0
112 38 0
100 69 44 45 18 55 120 0
45 15 48 17 52 29 0
34 99 14 19 85 29 0
64 2 101 43 88 94 0
3 4 36 43 25 0
1 12 78 49 55 0
6 106 77 80 86 90 92 0
35 99 69 102 72 104 79 47 0
56 84 45 0
33 99 80 52 118 90 61 0
104 9 66 41 0
2 4 103 82 51 61 0
41 106 44 77 76 117 118 56 120 0
45 13 46 83 21 57 92 95 0
3 42 76 51 52 0
64 65 4 36 6 10 75 12 83 116 88 0
32 99 9 107 46 49 0
106 3 84 0
67 35 36 101 106 14 0
18 12 0
97 99 100 38 120 29 0
57 18 36 13 0
74 107 68 39 0
39 42 17 116 87 90 95 0
98 5 38 71 103 105 76 45 46 18 87 55 57 92 0
96 97 8 41 13 109 0
36 5 68 39 76 13 85 56 0
37 6 41 10 105 84 87 93 94 0
65 66 77 23 24 27 60 0
10 45 111 56 29 0
25 3 36 0
33 79 0
18 19 86 23 28 0
66 38 39 9 10 43 80 112 51 52 21 86 118 56 119 0
96 37 105 10 47 49 117 55 61 0
100 108 12 79 116 55 0
101 40 78 85 58 0
41 81 22 87 31 0
35 99 100 9 59 14 47 52 27 28 93 0
97 58 5 48 86 24 56 27 0
99 38 12 115 62 0
41 86 0
64 100 12 17 18 84 0
2 101 9 78 24 0
5 13 78 81 21 86 31 0
3 3 2 2 3 4 3 4 3 3 4 2 4 2 2 4 4 3 2 3 4 3 3 4 2 4 3 2 2 2 2 2 3 2 4 2 2 2 4 4 3 2 4 3 2 2 2 2 4 3 3 2 4 2 2 4 2 4 3 2 4 4 4 4 3 4 3 4 2 3 3 4 2 3 3 2 3 3 2 4 2 2 3 4 4 3 4 3 2 4 2 2 4 4 4 3 2 4 3 3 3 3 3 4 4 2 4 4 2 2 4 3 3 2 3 2 4 4 2 3
