225 150 60
36 41 46 49 18 20 22 56 58 29 30 31 0
2 35 5 40 9 13 15 16 17 23 56 26 0
33 4 37 7 41 11 44 21 54 57 27 30 0
36 4 6 10 15 48 51 21 24 57 30 31 0
33 35 36 7 8 42 14 20 53 23 57 27 0
32 33 38 40 14 50 22 55 56 60 30 31 0
32 36 37 40 11 44 47 48 54 25 60 30 0
35 5 8 40 9 19 22 55 57 58 28 29 0
2 40 9 10 42 46 18 51 20 54 59 28 0
2 4 6 39 40 10 12 45 13 47 26 60 0
36 37 7 9 42 11 41 19 20 24 27 31 0
35 4 9 11 28 46 48 21 25 58 60 57 0
38 39 45 49 18 19 52 53 22 24 28 29 0
2 35 5 43 44 47 49 18 51 52 50 29 0
33 37 5 8 11 12 15 50 53 21 25 29 0
2 3 7 59 10 11 44 20 56 58 27 60 0
3 36 37 5 41 13 14 17 18 52 57 31 0
35 36 37 10 43 11 46 14 17 49 23 24 0
34 37 8 43 12 45 46 16 51 52 53 24 0
26 35 40 44 46 17 49 51 19 21 58 31 0
3 6 38 12 46 48 17 51 55 25 27 29 0
33 34 37 38 12 46 47 50 23 56 58 29 0
33 34 35 39 42 50 18 23 55 59 60 30 0
2 35 59 11 45 47 20 21 54 27 29 30 0
32 3 35 26 6 41 17 50 49 21 24 58 0
33 2 37 5 38 9 42 11 12 43 22 27 0
38 42 45 14 16 17 18 20 22 25 59 60 0
38 7 40 45 16 50 20 52 56 57 30 31 0
2 6 38 40 10 44 48 50 52 24 29 30 0
33 4 6 8 43 46 50 19 22 24 60 31 0
8 9 10 41 44 11 45 16 54 23 27 31 0
33 4 37 38 36 8 10 43 14 55 59 31 0
33 35 4 7 10 43 13 54 55 25 60 29 0
9 47 16 49 50 18 55 24 58 59 60 30 0
32 5 8 10 43 13 47 49 20 21 53 58 0
34 37 10 11 14 17 50 51 19 23 29 30 0
35 9 11 44 47 48 18 50 53 22 57 60 0
2 34 36 8 9 12 45 47 54 25 58 31 0
41 49 50 51 19 21 55 23 56 25 26 30 0
33 2 35 37 40 44 15 50 21 22 54 31 0
3 37 41 45 14 15 51 21 22 24 25 29 0
34 3 4 58 35 42 45 16 52 22 26 29 0
35 37 8 10 12 48 49 18 16 21 22 54 0
32 34 35 2 39 12 14 50 19 18 24 26 0
4 5 37 36 12 14 17 50 52 55 27 30 0
4 6 38 8 41 10 40 44 13 14 15 23 0
32 2 35 42 11 13 47 17 18 54 25 58 0
5 39 9 42 44 13 47 51 21 54 56 29 0
32 34 37 42 43 12 14 50 51 22 23 30 0
34 42 18 19 20 55 24 57 28 29 25 31 0
36 39 40 41 42 43 44 18 20 22 25 28 0
2 38 41 10 43 16 49 19 22 56 59 28 0
2 35 45 15 18 51 50 19 56 59 28 31 0
36 37 7 39 10 49 17 51 23 24 28 31 0
6 39 9 12 45 14 17 18 22 24 57 30 0
34 6 7 39 41 38 13 18 52 53 54 60 0
34 3 4 42 12 15 48 20 24 56 60 31 0
34 3 37 40 10 14 16 17 18 51 20 56 0
32 34 35 37 47 49 18 20 53 55 57 30 0
3 37 38 40 11 16 17 20 57 26 27 29 0
32 33 34 35 41 10 43 12 14 47 54 24 0
32 2 35 5 40 9 10 45 19 23 57 31 0
32 34 4 38 39 40 11 44 14 22 25 31 0
32 3 37 6 8 13 14 17 20 53 24 58 0
34 7 40 42 12 45 47 16 17 15 53 27 0
3 37 42 15 47 49 17 20 22 55 56 59 0
37 7 8 41 40 43 52 53 20 24 57 28 0
2 3 5 8 10 14 19 20 23 56 29 31 0
32 2 3 4 10 45 48 16 53 25 29 57 0
33 34 4 8 42 15 16 58 59 60 29 31 0
35 44 45 14 15 48 18 51 52 54 24 31 0
33 2 35 36 5 38 4 40 42 43 52 24 0
6 39 8 41 10 11 44 48 49 54 22 28 0
33 34 36 45 46 13 49 21 57 27 29 25 0
33 3 5 6 40 42 44 15 49 22 30 31 0
33 7 8 41 10 9 12 19 20 56 58 27 0
34 40 16 49 50 19 21 57 58 59 29 31 0
32 2 40 41 12 19 56 24 58 29 25 57 0
36 37 39 8 44 49 50 51 53 57 30 31 0
6 39 42 43 44 14 16 48 20 53 54 55 0
32 34 36 39 41 45 48 51 19 53 21 25 0
3 5 38 6 41 46 50 18 20 21 26 28 0
38 39 8 9 43 16 22 55 25 58 29 57 0
2 34 4 46 15 18 52 23 56 26 28 29 0
32 3 36 39 9 12 49 19 23 25 26 29 0
33 2 34 7 40 44 45 50 20 21 56 27 0
3 4 37 8 41 44 49 50 55 56 58 31 0
2 3 4 38 40 42 50 20 54 24 57 60 0
7 40 10 43 13 49 19 53 24 28 30 31 0
3 4 35 38 9 44 60 15 52 57 28 29 0
3 35 6 7 42 12 15 17 20 24 30 31 0
32 34 36 4 39 7 41 47 16 49 52 28 0
37 6 39 7 41 45 17 53 55 24 25 57 0
4 6 8 10 44 14 47 52 21 53 25 29 0
34 3 4 37 7 44 13 15 48 50 22 23 0
32 3 39 42 43 44 48 16 53 55 27 28 0
34 35 37 9 10 43 17 49 51 54 24 58 0
2 37 8 9 40 11 13 48 19 24 25 60 0
35 7 40 60 14 48 51 22 23 25 28 57 0
32 34 10 43 46 47 49 50 20 60 29 30 0
34 36 38 39 40 10 49 51 19 20 53 21 0
4 5 10 42 12 48 50 20 53 54 22 26 0
6 38 59 10 12 13 47 15 48 51 20 27 0
3 35 40 59 41 11 44 45 19 21 27 30 0
2 39 40 41 11 44 17 21 23 25 59 29 0
2 6 39 42 44 49 20 53 54 56 28 30 0
2 3 37 38 41 43 11 23 53 22 54 60 0
33 2 35 34 4 9 43 48 53 26 60 29 0
33 36 6 43 15 50 21 54 55 27 60 29 0
33 35 5 46 48 50 18 53 54 56 57 26 0
3 36 39 45 14 48 52 22 23 54 60 31 0
2 34 38 13 46 15 52 55 54 22 25 28 0
5 6 7 39 43 11 46 52 22 24 59 29 0
2 9 42 11 12 45 10 51 53 25 59 31 0
33 8 9 12 15 17 49 19 52 56 60 31 0
32 33 34 3 4 35 18 50 53 21 59 29 0
33 2 8 9 10 17 19 51 21 53 58 31 0
7 40 41 42 11 13 45 16 49 57 58 28 0
33 34 58 37 7 9 10 13 52 21 26 59 0
32 34 39 8 42 11 52 53 55 56 25 28 0
32 2 3 38 12 45 46 14 48 49 56 59 0
3 4 7 11 13 20 22 55 24 57 60 31 0
2 3 8 14 49 51 20 52 25 58 27 30 0
58 39 40 44 16 49 48 52 21 25 26 28 0
33 2 35 36 5 6 48 17 16 53 56 59 0
35 36 39 40 9 11 17 18 53 24 59 28 0
5 39 9 12 46 16 49 20 21 52 55 58 0
34 11 43 45 46 49 51 55 24 25 58 28 0
5 39 40 41 42 10 43 49 52 21 22 27 0
33 6 40 9 43 45 13 28 51 22 23 60 0
32 37 6 39 10 14 48 49 16 51 55 57 0
4 37 38 7 39 13 46 49 50 51 18 25 0
34 37 8 41 43 47 50 51 52 21 58 30 0
2 34 6 11 44 43 14 50 18 20 53 27 0
3 4 8 9 41 47 49 50 21 22 29 30 0
32 7 43 48 21 55 56 57 58 59 29 30 0
35 5 9 41 11 17 50 19 20 52 55 26 0
34 3 36 39 40 42 47 53 22 26 27 31 0
5 38 44 13 47 50 18 52 55 23 26 28 0
33 6 39 14 48 19 21 23 56 24 27 31 0
2 3 36 38 8 11 14 47 55 57 58 25 0
34 41 42 11 46 49 18 50 52 51 59 29 0
34 5 41 10 11 12 57 21 56 25 28 31 0
35 6 40 8 44 14 16 17 55 27 30 31 0
32 36 39 7 41 11 15 48 22 57 58 27 0
38 6 8 42 13 50 18 54 55 28 29 31 0
33 34 37 6 40 45 16 51 55 56 59 28 0
34 4 37 6 10 43 53 54 23 24 27 60 0
6 40 43 11 18 50 19 21 54 25 29 57 0
2 34 58 3 36 39 13 48 23 55 57 26 0
25 3 0
18 37 5 46 0
33 0
25 43 29 47 0
1 4 0
40 36 29 0
1 0
0
40 0
0
1 42 14 0
33 59 0
36 13 48 21 57 0
35 37 15 0
32 33 39 0
14 30 0
20 7 0
40 18 22 0
0
37 40 42 21 57 0
1 12 0
8 53 0
0
25 59 49 33 0
16 40 12 30 0
47 0
33 36 46 48 19 30 0
9 53 21 59 0
7 44 16 48 55 0
24 33 20 31 0
17 0
53 0
17 0
25 39 0
36 0
0
20 36 22 31 0
56 12 0
1 57 23 0
0
42 45 46 39 0
59 51 0
3 0
8 50 56 0
8 1 30 0
32 12 39 31 0
13 30 0
18 45 30 0
9 12 50 54 28 0
37 11 21 0
1 38 0
0
58 38 0
16 9 44 0
16 17 12 0
32 45 5 23 0
4 40 45 48 20 26 29 30 0
5 52 54 58 30 0
59 43 5 46 0
8 53 0
8 56 52 0
40 57 59 53 0
57 3 0
8 16 40 52 0
10 54 0
50 3 0
1 37 54 7 0
33 36 46 53 54 57 0
2 0
59 0
12 6 0
60 39 0
46 58 51 6 0
38 8 47 15 19 53 59 0
16 1 21 0
46 13 6 0
33 2 48 50 51 0
42 15 0
40 48 27 23 0
57 44 53 47 0
44 38 0
0
24 58 12 37 0
1 13 6 49 0
60 23 0
58 0
57 52 47 0
54 0
41 53 23 0
2 58 53 6 0
0
49 12 28 0
50 11 55 23 0
5 11 13 52 56 26 27 28 0
36 37 14 0
38 34 14 55 0
57 42 38 31 0
36 23 0
41 37 29 49 0
32 16 19 23 60 0
41 4 0
17 45 0
3 49 20 53 56 0
27 13 38 0
56 41 60 0
18 27 46 0
16 34 0
0
56 9 29 17 0
1 10 0
16 24 48 29 0
34 4 41 11 47 57 0
29 0
26 6 0
0
16 1 20 57 0
40 41 11 18 53 0
6 39 8 46 22 0
39 10 42 44 45 17 56 0
48 0
34 28 0
16 43 0
1 39 7 10 60 0
1 11 12 0
33 49 22 47 0
49 20 0
13 38 0
36 45 52 7 0
10 12 15 19 53 0
13 11 5 15 0
9 10 11 43 50 0
27 4 0
57 0
8 45 37 38 0
56 9 51 15 0
59 26 3 0
51 3 28 0
8 9 11 46 26 31 0
38 39 15 16 50 28 30 31 0
2 40 10 19 54 26 28 29 0
41 0
19 6 47 0
48 34 0
17 3 4 0
32 33 58 28 0
59 60 22 0
18 0
24 40 58 14 0
33 6 0
32 54 0
39 41 23 56 26 0
56 49 53 45 0
2 42 55 0
0
24 10 39 0
13 0
17 51 28 45 0
20 0
30 0
55 0
44 46 19 54 58 60 29 0
36 40 46 16 17 51 0
32 33 0
51 0
19 4 0
8 16 7 0
8 14 17 18 50 22 23 24 0
24 51 27 0
46 0
6 39 0
56 50 0
25 4 38 47 0
57 12 0
8 1 34 60 0
1 19 47 7 0
19 36 0
3 5 38 39 16 56 26 0
5 46 18 20 60 0
10 0
16 57 43 0
9 15 51 55 29 0
1 5 13 15 49 21 53 0
33 15 19 59 30 31 0
57 0
47 20 22 56 60 0
26 43 4 20 0
25 10 14 0
17 28 25 0
4 44 13 54 59 0
17 3 0
40 21 0
48 6 0
17 35 14 0
19 13 46 0
2 3 42 25 59 0
3 4 9 46 58 0
9 50 19 21 58 27 0
32 6 15 0
17 43 15 0
60 0
1 34 3 29 0
50 11 4 20 0
3 4 36 37 20 21 54 27 0
33 39 42 44 23 0
59 10 3 0
34 50 60 39 0
32 12 19 20 54 0
32 9 60 0
3 40 22 57 59 0
42 36 14 0
36 5 45 15 16 48 31 0
48 4 0
16 46 0
24 2 0
8 54 30 0
1 5 41 0
0
34 11 23 0
32 0
2 31 0
2 40 41 53 57 26 60 30 0
21 0
6 42 14 49 18 0
24 40 18 11 0
33 36 17 26 59 0
4 2 3 4 3 2 3 4 2 3 3 2 3 3 2 2 4 2 3 4 4 2 2 3 4 2 3 3 3 3 2 4 3 3 3 3 2 4 3 2 2 4 2 3 2 2 2 4 4 2 3 2 4 4 2 4 3 4 3 4
