150 100 40
32 37 6 7 5 9 38 16 22 25 30 31 0
34 4 37 38 9 12 16 20 22 23 25 26 0
33 34 35 38 6 39 10 12 18 21 24 31 0
33 34 5 38 6 40 9 14 16 18 28 29 0
2 34 4 37 7 39 13 18 20 27 28 30 0
33 34 6 7 40 38 10 12 13 16 27 31 0
32 33 7 9 10 13 17 20 21 27 28 31 0
6 7 40 10 13 15 18 20 21 26 27 30 0
32 3 4 8 15 16 17 21 26 27 30 31 0
32 2 3 37 6 7 12 17 21 22 25 30 0
34 3 5 39 40 9 10 12 19 20 24 31 0
2 3 34 35 39 8 12 15 21 27 28 31 0
32 33 34 38 40 12 13 14 18 26 30 31 0
35 6 39 7 11 12 15 19 22 23 25 30 0
34 6 11 12 14 18 19 20 22 23 26 27 0
34 3 38 6 7 10 15 18 25 26 28 31 0
4 37 11 12 13 16 20 22 24 25 30 31 0
33 36 5 38 7 4 9 11 12 27 28 31 0
3 4 37 38 7 8 14 15 16 20 26 27 0
32 35 4 5 38 11 14 16 17 25 30 31 0
32 34 37 38 8 13 21 25 27 28 29 31 0
32 33 34 2 36 4 11 14 20 21 29 30 0
33 35 5 39 10 12 14 16 18 29 30 31 0
34 35 36 5 7 16 17 19 21 24 28 31 0
33 34 35 7 40 9 10 12 18 19 25 29 0
32 34 3 2 6 39 8 11 16 26 27 28 0
32 33 2 3 34 4 40 19 20 22 29 30 0
33 4 10 11 12 16 24 25 26 28 30 31 0
4 37 7 8 9 10 11 16 19 21 22 27 0
32 33 2 35 37 40 17 19 21 24 26 28 0
32 33 34 4 37 38 9 17 21 23 27 28 0
34 37 6 7 39 9 13 18 23 27 28 29 0
33 36 5 38 15 16 17 21 22 23 28 30 0
34 36 38 39 6 14 15 17 18 21 25 27 0
2 4 5 6 11 13 14 15 20 22 27 31 0
32 2 3 5 38 7 40 6 11 15 20 30 0
34 35 36 5 40 10 12 18 21 24 25 26 0
34 4 5 6 7 9 10 21 22 27 28 31 0
3 37 6 8 10 12 13 15 16 18 24 29 0
34 35 4 6 38 11 12 19 22 23 24 29 0
32 37 39 9 13 16 17 18 24 27 28 30 0
3 38 6 40 9 10 12 14 17 24 28 30 0
2 35 37 11 13 16 18 19 21 27 28 29 0
33 2 3 35 5 7 8 18 22 26 29 30 0
33 2 35 5 37 8 11 17 21 25 26 31 0
2 3 36 7 8 10 14 15 23 24 26 29 0
32 3 36 37 38 40 10 14 15 22 27 31 0
32 3 36 5 38 8 10 17 25 28 30 31 0
3 36 38 39 8 40 11 13 23 25 29 31 0
33 34 36 4 11 14 15 19 24 25 28 29 0
32 2 3 4 37 10 17 21 24 25 27 30 0
32 33 34 4 38 6 8 10 16 18 25 26 0
32 34 35 4 6 10 11 13 14 15 19 24 0
32 3 4 37 6 9 13 16 19 21 24 27 0
34 36 37 5 6 8 4 7 18 20 28 30 0
34 2 35 37 38 9 13 15 18 19 22 28 0
33 34 3 36 38 7 12 17 18 21 24 25 0
36 4 38 40 10 13 14 17 19 20 29 31 0
33 3 35 37 38 7 9 11 14 21 26 27 0
33 36 4 6 40 8 11 14 20 24 25 28 0
33 34 35 36 4 39 8 15 21 24 26 28 0
32 2 3 36 6 9 10 12 16 26 29 31 0
35 3 39 8 9 7 12 17 18 21 26 29 0
32 34 3 4 5 36 39 8 38 37 16 21 0
37 7 8 12 13 14 22 24 25 26 28 31 0
34 3 37 38 39 6 15 18 21 24 26 31 0
34 4 38 8 11 15 17 23 27 28 29 31 0
34 3 36 9 12 14 15 19 20 22 29 30 0
3 38 8 11 14 15 19 20 26 27 29 30 0
2 3 35 36 8 9 15 19 21 23 26 29 0
32 33 36 4 6 7 39 40 14 18 26 31 0
33 35 4 40 10 12 16 20 21 22 23 27 0
32 2 3 39 40 8 10 14 15 17 23 30 0
32 2 35 4 38 8 10 17 18 25 26 30 0
34 35 37 10 11 14 17 18 19 26 30 31 0
4 5 37 6 8 10 13 14 15 17 20 29 0
33 35 5 38 39 8 13 15 16 17 21 24 0
32 34 3 36 4 40 12 17 21 22 26 28 0
33 34 39 8 12 14 15 16 18 20 23 25 0
32 33 2 3 4 5 40 13 15 18 22 30 0
34 35 3 6 39 8 9 16 21 22 24 30 0
32 4 37 8 10 11 12 16 18 20 21 26 0
35 39 8 9 14 15 19 21 23 28 29 31 0
32 4 5 39 10 17 19 22 23 24 26 30 0
2 38 39 7 8 11 17 19 24 25 27 30 0
32 34 3 6 7 13 14 18 22 23 28 29 0
3 37 39 8 9 40 11 12 23 24 25 30 0
32 33 35 4 37 9 10 14 19 23 27 30 0
2 5 38 39 6 10 11 14 16 25 27 30 0
37 39 40 8 7 14 21 23 25 26 29 30 0
32 2 34 38 39 9 14 15 20 21 24 27 0
2 36 37 4 40 12 16 17 20 28 29 31 0
2 6 7 12 13 14 18 23 24 26 29 31 0
2 3 4 36 7 11 18 19 20 25 26 31 0
32 33 3 6 7 12 15 19 22 25 28 30 0
32 5 7 8 9 10 11 15 18 19 20 26 0
2 37 8 9 10 11 12 16 19 24 26 27 0
33 5 6 9 10 15 17 18 21 23 24 30 0
34 35 5 38 6 9 10 13 16 19 26 28 0
2 35 7 8 9 12 14 16 19 22 27 29 0
25 37 0
32 26 0
30 0
2 29 0
20 0
32 11 20 23 31 0
2 6 21 22 25 0
7 0
32 3 16 17 20 0
8 29 5 0
1 26 0
17 19 37 30 0
18 26 0
26 27 4 23 0
38 39 0
0
32 18 0
27 23 0
8 25 38 0
36 29 0
40 2 14 0
0
8 25 26 31 0
8 16 38 0
33 3 0
3 12 28 0
28 22 0
18 35 14 0
9 34 14 0
4 0
29 5 23 0
8 2 10 22 0
24 1 29 0
26 0
26 14 30 0
3 15 0
10 19 13 31 0
32 25 29 0
11 20 7 0
19 36 0
4 0
9 0
29 10 3 13 0
25 6 0
1 40 16 24 29 0
19 11 4 0
27 25 19 0
32 0
11 0
9 27 21 0
6 14 0
33 0
19 11 37 6 0
40 17 12 25 0
33 0
4 37 38 15 26 28 0
16 2 12 15 0
36 6 0
2 19 37 0
0
39 0
11 13 0
34 5 0
3 0
8 40 0
11 20 23 0
18 0
23 0
35 0
34 36 5 0
2 37 0
40 17 5 0
0
37 0
0
2 35 20 36 0
9 18 0
26 0
21 0
0
6 0
12 13 6 23 0
24 37 13 0
36 21 6 0
16 7 0
18 0
16 23 0
15 7 0
36 37 16 22 29 0
36 6 0
5 0
27 0
0
15 0
35 10 26 0
4 5 6 15 0
0
0
24 3 6 0
32 18 37 0
19 7 0
12 39 0
25 10 13 0
35 3 0
31 0
0
20 23 15 0
22 0
37 23 0
40 3 0
17 0
16 37 0
16 3 22 0
0
24 39 7 0
1 0
39 0
39 0
11 1 3 0
25 34 22 33 0
8 0
26 21 7 0
1 2 15 17 30 0
31 0
34 21 0
25 0
18 28 29 0
0
29 0
20 30 0
34 14 22 0
37 12 21 0
27 0
22 0
25 36 22 30 0
17 4 7 0
21 30 31 0
14 0
28 0
1 36 0
35 30 23 0
29 34 13 0
0
9 14 0
6 0
25 4 15 0
17 11 37 25 0
31 15 0
0
10 0
4 4 2 2 4 2 4 3 2 4 3 4 2 2 4 4 2 4 3 3 2 3 4 4 2 3 3 4 3 4 4 4 2 4 4 4 2 4 3 2
