144
1 1 33 5
1 2 43 3
1 3 39 10
1 4 19 24
1 8 16 25
1 9 27 23
2 1 28 5
2 3 59 10
2 4 52 24
2 6 31 13
2 8 37 25
2 9 44 23
3 1 40 5
3 3 15 10
3 4 37 24
3 5 19 17
3 6 43 13
3 8 52 25
3 9 13 23
3 10 31 14
4 1 16 5
4 3 3 10
4 4 43 24
4 5 55 17
4 6 7 13
4 8 13 25
4 9 11 23
5 1 19 2
5 3 41 10
5 4 4 24
5 5 13 17
5 7 55 3
5 8 10 25
5 9 7 23
5 10 25 14
6 1 10 5
6 3 19 10
6 4 1 24
6 6 49 13
6 8 43 25
6 9 17 23
7 1 25 5
7 3 22 10
7 4 31 24
7 8 40 25
7 9 35 23
7 10 49 14
8 1 7 5
8 2 37 3
8 3 5 10
8 4 10 24
8 5 44 17
8 7 58 3
8 8 22 25
8 9 29 23
8 10 1 14
9 1 21 5
9 3 1 10
9 4 34 24
9 5 38 17
9 6 56 13
9 8 7 25
9 9 25 23
10 1 7 2
10 3 33 10
10 4 22 24
10 7 10 3
10 8 28 25
10 9 19 23
11 1 1 2
11 3 13 10
11 4 55 24
11 5 8 17
11 8 34 25
11 9 15 23
12 1 52 5
12 3 11 10
12 4 13 24
12 6 19 13
12 7 49 3
12 8 25 25
12 9 4 23
12 10 57 14
13 1 56 5
13 2 19 3
13 3 29 10
13 4 7 24
13 5 25 17
13 6 13 13
13 8 4 25
13 9 23 23
14 1 22 2
14 3 37 10
14 4 49 24
14 7 2 3
14 8 55 25
14 9 9 23
14 10 13 14
15 1 13 2
15 3 35 10
15 4 25 24
15 5 31 17
15 7 52 3
15 8 1 25
15 9 37 23
15 10 19 14
16 1 1 5
16 3 31 10
16 4 28 24
16 5 49 17
16 6 37 13
16 7 25 3
16 8 58 25
16 9 33 23
16 10 7 14
17 1 10 2
17 2 31 3
17 3 7 10
17 4 16 24
17 5 1 17
17 7 28 3
17 8 49 25
17 9 41 23
17 10 37 14
18 1 13 5
18 3 9 10
18 4 40 24
18 6 1 13
18 8 31 25
18 9 21 23
18 10 43 14
19 1 4 2
19 3 17 10
19 4 58 24
19 6 25 13
19 7 7 3
19 8 46 25
19 9 31 23
20 1 4 5
20 2 13 3
20 3 25 10
20 4 46 24
20 8 19 25
20 9 1 23
Điểm tối ưu/tốt nhất tìm được: 144
Thời gian: 20.004699 giây
Trạng thái: VALID
