188
1 1 31 19
1 2 37 7
1 3 10 21
1 4 39 6
1 5 41 18
1 6 25 24
1 7 1 27
1 8 13 17
1 9 23 30
1 10 55 20
2 1 28 18
2 2 40 7
2 3 21 21
2 4 26 6
2 5 37 18
2 6 16 22
2 7 45 27
2 9 43 30
2 10 7 20
3 1 16 19
3 2 31 7
3 3 13 21
3 4 35 6
3 5 1 18
3 6 4 24
3 7 7 27
3 8 49 17
3 9 11 30
4 1 56 19
4 2 5 7
4 3 49 21
4 4 23 6
4 5 15 18
4 6 8 24
4 7 19 4
4 8 46 17
4 9 33 30
4 10 1 20
5 1 1 19
5 2 47 7
5 3 4 21
5 4 16 6
5 5 31 18
5 6 22 22
5 7 25 4
5 8 34 17
5 9 13 30
5 10 43 20
6 1 25 19
6 2 33 7
6 3 37 21
6 4 4 6
6 5 13 18
6 6 22 24
6 7 8 4
6 8 40 17
6 9 15 30
7 1 34 19
7 2 23 7
7 3 1 21
7 4 9 6
7 5 55 18
7 6 19 22
7 7 49 4
7 9 7 30
7 10 14 20
8 1 7 19
8 2 13 7
8 3 25 21
8 4 28 6
8 5 33 18
8 6 37 24
8 7 50 27
8 8 58 17
8 9 35 30
9 1 7 18
9 2 2 7
9 3 31 21
9 4 13 6
9 5 21 18
9 6 10 22
9 7 56 27
9 8 4 17
9 9 17 30
9 10 25 20
10 1 50 19
10 2 15 7
10 3 46 9
10 4 21 6
10 5 25 18
10 6 34 24
10 7 2 4
10 8 31 17
10 9 19 30
11 1 43 18
11 2 19 7
11 3 46 21
11 4 1 6
11 6 31 24
11 7 37 27
11 8 16 17
11 9 27 30
12 1 19 19
12 2 11 7
12 3 34 21
12 4 37 6
12 5 5 18
12 6 13 24
12 7 55 4
12 8 52 17
12 9 9 30
13 1 58 18
13 2 9 7
13 3 28 21
13 4 7 6
13 5 39 18
13 6 19 24
13 7 13 4
13 8 43 17
13 9 3 30
13 10 49 20
14 1 13 19
14 2 27 7
14 3 16 21
14 4 11 6
14 5 35 18
14 6 1 24
14 7 31 4
14 8 8 17
14 9 29 30
14 10 43 19
15 1 28 19
15 2 7 7
15 3 2 14
15 4 33 6
15 5 46 18
15 6 16 24
15 7 38 4
15 8 20 17
15 9 5 30
16 1 10 19
16 2 21 7
16 3 52 21
16 4 50 6
16 5 19 18
16 6 2 22
16 7 25 27
16 8 55 17
16 9 31 30
17 1 22 19
17 2 17 7
17 3 43 21
17 4 31 6
17 5 10 18
17 6 7 22
17 7 13 27
17 8 1 17
17 9 25 30
17 10 37 20
18 1 49 18
18 2 35 7
18 3 40 21
18 4 45 6
18 5 3 18
18 6 13 22
18 7 19 27
18 8 37 17
18 9 47 30
18 10 31 20
19 1 52 18
19 2 29 7
19 3 57 21
19 4 47 6
19 5 17 18
19 6 38 22
19 7 32 27
19 8 26 17
19 9 1 30
19 10 19 20
20 1 4 19
20 2 25 7
20 3 7 21
20 4 19 6
20 5 23 18
20 6 28 24
20 7 43 4
20 9 21 30
20 10 37 19
Điểm tối ưu/tốt nhất tìm được: 188
Thời gian: 20.005106 giây
Trạng thái: VALID
