4272
1 7 32 27
1 24 51 201
1 46 26 174
1 60 43 442
1 61 57 303
1 73 19 382
1 78 8 366
1 98 1 325
1 102 46 354
1 105 13 256
1 107 15 75
1 113 38 372
1 114 23 218
2 2 28 191
2 3 23 161
2 16 31 55
2 35 55 125
2 37 25 213
2 48 34 282
2 60 51 105
2 63 7 194
2 64 15 81
2 67 59 210
2 68 37 407
2 101 1 320
2 111 43 374
2 113 19 24
2 120 3 310
3 7 43 27
3 14 56 349
3 15 47 430
3 32 19 249
3 36 1 158
3 41 51 373
3 46 58 270
3 67 41 368
3 72 5 103
3 74 31 350
3 77 7 159
3 80 13 173
3 84 34 409
3 88 25 267
3 114 37 277
4 6 51 191
4 12 37 256
4 15 29 90
4 22 13 72
4 56 58 418
4 64 20 111
4 73 31 104
4 83 27 183
4 88 1 14
4 99 7 446
4 102 55 354
4 107 43 419
5 15 5 88
5 16 13 315
5 23 31 227
5 27 20 342
5 32 55 393
5 51 43 199
5 57 37 37
5 60 46 78
5 75 17 316
5 78 26 120
5 88 7 14
5 90 49 186
5 107 1 135
5 110 40 216
6 7 1 27
6 24 9 201
6 30 25 26
6 34 40 162
6 51 37 254
6 53 5 127
6 54 43 103
6 68 49 407
6 74 58 15
6 79 13 188
6 85 46 413
6 107 31 419
6 109 11 278
6 114 29 218
7 22 16 154
7 23 37 239
7 31 7 439
7 45 28 82
7 55 23 279
7 57 47 282
7 59 11 123
7 80 32 261
7 89 5 315
7 106 41 169
7 109 19 138
7 112 13 170
7 113 49 24
7 114 59 62
7 117 1 172
8 29 19 262
8 34 52 78
8 35 43 22
8 42 13 308
8 54 3 442
8 60 7 167
8 72 5 164
8 87 10 263
8 93 22 195
8 97 37 28
8 100 26 190
8 105 1 7
8 113 31 372
8 115 49 171
9 5 23 95
9 6 43 104
9 7 37 199
9 27 14 157
9 28 2 390
9 50 10 142
9 57 47 323
9 61 19 55
9 76 7 105
9 80 55 258
9 90 27 70
9 97 31 97
9 111 49 288
9 115 34 69
10 34 13 235
10 45 43 351
10 54 11 265
10 60 34 167
10 70 1 291
10 82 9 171
10 83 59 380
10 87 25 196
10 91 37 320
10 92 55 218
10 98 50 88
10 105 47 266
10 116 16 29
10 118 19 22
11 29 7 262
11 30 19 311
11 38 17 153
11 44 43 430
11 45 5 172
11 47 14 444
11 62 55 346
11 63 31 194
11 66 50 432
11 69 10 398
11 70 1 61
11 93 40 206
11 96 37 91
11 102 26 253
12 1 8 414
12 5 31 303
12 10 49 125
12 16 5 55
12 25 37 191
12 31 55 439
12 40 20 344
12 43 13 113
12 53 47 275
12 58 25 379
12 70 1 10
12 78 43 411
12 89 59 366
12 101 17 446
12 118 51 22
13 13 21 30
13 15 35 258
13 18 37 230
13 25 49 27
13 27 31 124
13 34 52 299
13 39 10 132
13 44 26 133
13 53 43 127
13 54 55 442
13 74 13 4
13 75 19 316
13 115 7 230
13 119 2 129
14 11 43 151
14 18 57 82
14 23 49 252
14 39 7 132
14 46 10 430
14 52 19 50
14 65 22 440
14 73 37 242
14 81 31 314
14 85 1 437
14 87 25 60
14 98 13 88
14 101 28 320
14 103 4 214
15 2 7 376
15 20 49 371
15 21 11 81
15 22 20 154
15 25 34 178
15 29 46 262
15 32 13 358
15 38 40 423
15 49 55 174
15 53 23 127
15 55 32 316
15 65 44 1
15 67 17 368
15 73 1 232
16 14 17 349
16 25 40 191
16 33 7 425
16 61 1 434
16 65 29 358
16 66 19 261
16 70 13 100
16 72 47 164
16 74 32 88
16 86 49 91
16 90 43 231
16 100 25 279
16 101 58 446
16 106 5 14
16 115 37 69
17 8 53 187
17 21 41 81
17 24 43 201
17 25 16 178
17 39 56 103
17 47 3 343
17 57 35 323
17 64 7 354
17 74 13 15
17 78 19 120
17 84 25 260
17 85 28 307
17 98 49 59
17 118 45 264
18 6 31 191
18 19 4 249
18 25 10 107
18 26 40 22
18 41 58 139
18 48 37 51
18 61 20 112
18 72 29 388
18 81 43 163
18 94 2 76
18 99 13 3
18 102 55 150
18 115 51 119
18 117 25 72
19 1 37 414
19 25 52 272
19 32 57 388
19 49 7 174
19 57 11 37
19 61 1 416
19 83 5 380
19 85 43 382
19 88 19 67
19 89 16 338
19 103 28 327
19 112 46 38
19 115 13 230
19 119 31 257
20 8 23 398
20 11 34 151
20 20 38 397
20 26 16 45
20 27 43 41
20 28 56 39
20 40 19 277
20 56 11 389
20 57 29 37
20 69 8 36
20 71 49 440
20 75 1 187
20 85 3 289
20 113 25 15
21 5 29 303
21 15 53 258
21 19 7 249
21 23 32 252
21 30 38 306
21 35 1 125
21 47 25 444
21 57 11 323
21 58 55 379
21 62 44 169
21 70 49 281
21 75 27 316
21 94 23 284
21 100 13 433
21 107 19 95
22 11 49 333
22 20 13 371
22 27 19 289
22 42 1 33
22 51 55 254
22 66 38 432
22 67 23 210
22 83 31 39
22 88 45 127
22 90 7 169
22 94 33 426
22 106 35 285
22 119 25 111
23 2 1 279
23 7 31 404
23 10 35 125
23 13 19 269
23 16 29 226
23 25 7 27
23 28 37 231
23 30 25 57
23 46 45 402
23 56 21 389
23 74 10 45
23 85 16 413
23 89 5 376
23 106 13 285
24 1 55 414
24 7 43 79
24 16 29 221
24 23 9 377
24 25 52 72
24 31 3 265
24 39 31 277
24 46 49 185
24 65 35 358
24 72 1 388
24 80 37 368
24 86 7 91
24 93 20 295
24 102 16 97
24 108 25 302
25 28 25 390
25 31 37 265
25 40 1 307
25 61 20 416
25 70 8 291
25 71 31 386
25 78 44 328
25 85 13 437
25 86 16 91
25 94 4 180
25 103 55 350
25 114 59 415
25 119 51 111
26 7 19 27
26 13 28 30
26 16 10 226
26 28 38 157
26 35 33 78
26 45 47 351
26 47 7 435
26 49 43 142
26 66 51 85
26 72 25 164
26 94 31 180
26 97 1 97
26 99 14 147
26 100 56 190
26 106 49 266
27 12 15 256
27 20 32 208
27 25 28 178
27 31 49 439
27 33 1 425
27 41 45 373
27 47 5 343
27 55 11 354
27 59 53 123
27 63 7 130
27 69 37 36
27 74 25 187
27 82 23 311
27 91 56 140
27 101 20 320
28 18 17 320
28 28 25 157
28 31 55 265
28 32 43 88
28 33 13 415
28 34 22 429
28 38 35 133
28 40 49 344
28 55 31 279
28 65 5 358
28 92 1 359
28 110 7 32
28 111 37 288
28 116 10 62
29 6 21 183
29 8 11 311
29 15 25 342
29 17 52 222
29 18 5 230
29 26 49 221
29 35 37 78
29 45 17 351
29 46 27 185
29 56 1 321
29 64 7 111
29 70 44 10
29 84 58 215
29 94 14 76
29 108 31 232
30 16 53 180
30 33 43 425
30 35 56 22
30 38 21 423
30 43 28 404
30 47 47 444
30 49 39 404
30 79 34 188
30 83 15 183
30 94 4 76
30 98 7 88
30 106 23 285
30 108 49 211
30 109 31 278
31 11 7 412
31 12 49 181
31 26 43 417
31 35 31 162
31 38 23 133
31 40 58 431
31 48 16 429
31 49 19 174
31 54 11 215
31 60 25 105
31 69 37 48
31 83 41 39
31 87 55 263
31 100 1 73
31 105 29 266
32 7 13 382
32 10 53 230
32 22 8 63
32 30 49 26
32 51 4 254
32 56 44 321
32 59 31 123
32 67 11 421
32 68 1 356
32 87 28 196
32 98 19 121
32 101 47 346
32 106 56 285
32 115 25 69
32 119 38 76
33 7 43 401
33 13 1 30
33 40 19 60
33 48 49 51
33 56 52 321
33 67 3 210
33 73 25 46
33 75 41 90
33 76 13 105
33 77 37 59
33 82 35 371
33 85 7 382
33 105 29 256
33 111 55 260
33 119 31 76
34 2 46 279
34 4 37 378
34 18 26 320
34 52 39 50
34 56 28 204
34 61 20 113
34 80 1 368
34 97 55 97
34 103 51 327
34 108 32 445
34 109 49 1
34 116 13 29
34 117 7 380
35 20 2 397
35 24 41 201
35 25 7 178
35 33 43 415
35 38 51 423
35 44 13 133
35 60 19 153
35 62 10 346
35 67 55 121
35 69 22 48
35 80 25 261
35 81 31 361
35 87 57 437
35 95 37 282
35 114 29 49
36 13 23 281
36 19 34 402
36 21 3 81
36 26 31 45
36 28 7 231
36 30 19 26
36 35 14 125
36 42 25 272
36 46 52 270
36 56 1 418
36 60 46 167
36 65 37 1
36 87 43 437
36 90 57 434
36 103 39 350
37 4 13 378
37 8 7 187
37 17 45 278
37 20 31 444
37 34 4 235
37 55 15 316
37 61 37 55
37 72 41 85
37 78 19 328
37 91 55 449
37 99 25 214
37 105 23 426
37 118 10 264
37 120 17 85
38 5 55 303
38 8 17 187
38 29 49 351
38 40 52 60
38 41 7 289
38 56 21 418
38 71 31 440
38 77 43 197
38 80 37 357
38 81 13 361
38 105 11 22
38 107 25 95
38 110 1 216
38 113 57 372
39 11 7 151
39 14 35 349
39 19 22 122
39 25 13 330
39 30 1 267
39 37 46 213
39 47 11 444
39 48 26 374
39 53 53 275
39 67 5 368
39 69 43 398
39 72 17 205
39 88 56 114
39 102 49 253
39 107 38 95
40 9 56 325
40 28 19 157
40 41 43 289
40 50 37 142
40 68 16 139
40 73 26 211
40 75 5 357
40 80 49 258
40 89 3 376
40 96 40 369
40 103 46 327
40 108 31 211
40 111 7 211
40 112 13 387
40 114 1 415
41 11 31 151
41 23 43 377
41 40 25 431
41 46 28 391
41 48 1 51
41 53 41 127
41 55 7 316
41 61 21 353
41 64 13 354
41 73 55 366
41 86 47 159
41 93 52 295
41 98 9 10
41 100 37 73
41 116 49 62
42 25 19 178
42 32 49 388
42 39 37 103
42 49 44 404
42 57 3 37
42 81 7 361
42 84 22 215
42 88 13 14
42 95 57 266
42 101 5 353
42 103 25 222
42 106 28 344
42 107 31 241
43 3 27 250
43 4 43 378
43 9 7 138
43 11 10 151
43 21 29 81
43 27 55 422
43 30 45 26
43 34 34 235
43 40 1 344
43 43 31 370
43 44 19 35
43 51 40 254
43 57 17 323
43 59 53 361
43 90 13 169
44 22 46 63
44 24 53 201
44 25 37 330
44 31 25 439
44 34 7 429
44 47 19 343
44 59 17 123
44 69 1 48
44 73 31 323
44 85 4 413
44 88 49 267
44 94 29 284
44 105 22 22
44 109 10 1
44 119 13 384
45 10 23 125
45 19 55 376
45 22 43 63
45 23 1 377
45 28 50 39
45 29 7 428
45 42 32 272
45 55 41 354
45 56 13 321
45 59 39 123
45 83 47 183
45 92 15 359
45 102 28 150
45 112 20 170
45 115 25 389
46 8 51 187
46 18 19 230
46 25 16 191
46 37 31 443
46 39 13 132
46 42 43 297
46 60 26 167
46 65 23 358
46 74 56 45
46 76 40 416
46 78 9 411
46 82 53 371
46 83 7 183
46 105 4 256
47 8 23 129
47 9 7 90
47 14 1 99
47 15 17 430
47 29 25 138
47 34 28 429
47 43 49 315
47 44 3 370
47 53 53 342
47 67 39 210
47 82 56 446
47 102 19 253
47 103 10 214
47 106 13 344
48 1 1 414
48 2 7 181
48 14 23 349
48 31 13 94
48 37 43 213
48 49 56 302
48 55 5 288
48 56 40 418
48 65 47 440
48 77 50 159
48 78 31 212
48 88 25 114
48 104 19 126
48 106 17 289
48 114 11 49
49 11 1 412
49 15 5 430
49 19 13 271
49 32 43 245
49 37 19 443
49 47 7 343
49 48 37 374
49 58 10 204
49 67 23 121
49 90 55 275
49 104 31 126
49 105 47 256
49 109 51 1
49 118 25 159
49 120 28 299
50 10 29 253
50 12 7 256
50 13 11 30
50 15 1 294
50 25 19 116
50 46 49 430
50 68 13 139
50 71 3 34
50 73 55 232
50 85 31 112
50 92 37 398
50 99 25 161
50 108 43 164
50 115 16 230
51 4 17 378
51 11 4 151
51 12 25 254
51 13 57 269
51 14 15 349
51 38 7 133
51 44 38 450
51 58 1 197
51 73 49 366
51 74 31 187
51 89 19 315
51 97 34 420
51 101 46 105
51 107 21 241
51 120 29 310
52 4 26 378
52 11 40 412
52 31 49 381
52 39 46 277
52 42 20 297
52 47 16 444
52 61 1 182
52 76 34 379
52 79 58 221
52 94 28 76
52 97 37 97
52 113 7 335
52 115 43 171
53 9 22 325
53 16 35 226
53 43 27 417
53 47 39 444
53 50 32 376
53 54 25 442
53 61 44 55
53 77 1 297
53 81 55 314
53 85 19 413
53 94 13 180
53 97 15 321
53 115 10 230
53 116 49 29
54 7 26 401
54 14 13 349
54 18 10 320
54 20 43 208
54 41 33 351
54 46 49 50
54 48 52 282
54 85 7 413
54 86 17 449
54 111 19 288
54 115 4 119
54 117 37 72
55 16 19 221
55 29 16 417
55 44 55 220
55 49 25 371
55 50 22 33
55 60 7 347
55 69 13 48
55 70 37 61
55 75 29 316
55 83 1 183
55 87 52 437
55 88 44 114
55 94 11 180
55 95 3 294
55 110 34 431
56 3 15 250
56 6 19 355
56 14 13 335
56 19 49 249
56 25 10 27
56 48 31 374
56 59 41 361
56 78 1 411
56 82 35 171
56 83 55 333
56 93 58 200
56 111 37 130
56 117 26 410
57 5 53 303
57 10 1 355
57 22 4 154
57 30 25 337
57 38 46 423
57 50 31 33
57 51 43 254
57 60 10 347
57 69 22 36
57 77 13 59
57 98 49 121
57 101 59 78
57 117 38 172
58 35 31 147
58 42 55 122
58 45 35 172
58 46 13 185
58 48 40 429
58 49 2 3
58 50 49 376
58 57 29 308
58 62 16 236
58 69 7 48
58 84 10 333
58 85 37 437
58 97 44 97
58 114 26 347
59 17 43 113
59 33 14 425
59 34 37 162
59 38 29 423
59 43 3 347
59 55 31 354
59 56 1 389
59 57 47 37
59 66 55 85
59 75 21 310
59 82 53 171
59 85 34 413
59 100 49 190
59 105 40 426
59 111 25 206
60 3 9 250
60 15 35 294
60 22 19 63
60 26 40 103
60 32 43 191
60 38 17 133
60 46 14 174
60 55 5 445
60 58 22 379
60 62 28 346
60 81 31 163
60 82 26 446
60 86 53 91
60 93 2 200
61 7 25 199
61 9 20 90
61 25 55 107
61 35 15 22
61 51 37 280
61 52 1 50
61 57 23 282
61 68 40 407
61 71 3 263
61 79 31 226
61 94 53 284
61 108 43 391
61 120 11 85
62 3 29 250
62 4 31 378
62 11 20 333
62 12 33 4
62 15 11 258
62 21 13 81
62 29 40 262
62 37 4 443
62 39 45 103
62 50 58 401
62 54 23 442
62 62 52 169
62 88 25 14
62 89 43 376
62 106 17 169
63 5 17 303
63 6 13 393
63 21 55 257
63 30 43 306
63 42 37 272
63 45 31 82
63 56 47 321
63 57 1 37
63 61 49 382
63 74 28 107
63 84 8 215
63 109 3 138
63 118 22 264
63 119 57 226
63 120 25 85
64 4 33 378
64 8 59 398
64 10 1 327
64 24 37 201
64 25 4 116
64 37 55 443
64 46 7 270
64 49 43 174
64 55 21 316
64 72 17 196
64 81 49 361
64 87 10 355
64 90 13 106
64 109 26 426
64 114 53 277
65 19 10 249
65 44 13 272
65 45 4 351
65 53 17 357
65 56 7 389
65 59 2 123
65 80 25 258
65 89 29 210
65 92 31 298
65 97 19 97
65 117 43 406
65 119 37 255
66 11 4 412
66 16 1 226
66 32 15 24
66 33 57 117
66 43 7 370
66 47 13 343
66 48 31 282
66 60 40 167
66 61 49 113
66 70 43 61
66 73 25 323
66 81 19 361
66 85 10 437
66 106 23 14
67 13 49 30
67 23 14 377
67 32 38 24
67 39 4 132
67 46 1 185
67 56 51 389
67 64 7 319
67 69 25 48
67 72 53 164
67 76 28 384
67 81 57 361
67 83 23 380
67 90 44 390
67 93 34 295
67 118 19 438
68 1 44 414
68 15 13 258
68 26 10 133
68 28 50 390
68 41 20 373
68 53 29 159
68 56 39 321
68 85 58 112
68 95 25 294
68 105 23 266
68 108 1 391
68 109 7 1
68 116 55 29
68 117 15 287
68 119 31 255
69 2 13 178
69 3 34 250
69 10 31 253
69 22 4 79
69 32 25 388
69 33 7 117
69 49 19 302
69 54 29 442
69 78 44 280
69 81 50 163
69 86 55 91
69 105 38 266
69 118 40 264
69 119 57 129
70 17 16 220
70 21 7 81
70 58 13 379
70 67 52 368
70 79 37 226
70 81 9 163
70 86 31 417
70 88 19 14
70 91 43 319
70 93 33 98
70 98 57 182
70 104 2 126
70 111 25 129
70 116 40 62
71 6 55 210
71 11 1 333
71 26 31 140
71 28 25 39
71 29 4 120
71 33 7 415
71 43 22 417
71 44 49 353
71 52 17 4
71 75 41 316
71 91 37 140
71 99 43 161
71 104 13 126
72 16 19 180
72 30 21 57
72 31 1 94
72 35 31 52
72 42 9 235
72 43 13 353
72 46 52 430
72 48 16 282
72 80 55 357
72 81 25 163
72 85 49 413
72 87 46 263
72 94 7 284
72 98 37 180
73 13 1 281
73 15 13 294
73 23 38 227
73 29 55 351
73 57 17 308
73 74 22 107
73 76 10 105
73 85 7 112
73 86 53 449
73 87 58 263
73 93 49 206
73 94 44 180
73 107 3 259
73 110 32 410
74 22 28 79
74 34 55 413
74 43 40 417
74 56 23 321
74 57 11 308
74 58 37 379
74 62 58 346
74 78 19 366
74 92 13 160
74 96 1 91
74 98 50 325
74 100 44 190
74 105 25 299
74 112 7 387
75 5 1 302
75 7 31 382
75 9 10 325
75 11 37 412
75 17 55 409
75 33 26 117
75 50 40 33
75 60 19 167
75 78 3 328
75 81 43 314
75 83 35 181
75 91 49 257
75 94 17 76
75 101 15 320
75 105 22 256
76 2 19 181
76 13 13 269
76 16 29 180
76 20 50 444
76 38 39 7
76 50 31 418
76 55 41 445
76 61 1 222
76 68 16 356
76 80 43 261
76 82 7 171
76 83 37 183
76 101 11 446
76 102 34 150
76 112 26 387
77 8 11 41
77 18 33 171
77 35 1 162
77 44 38 346
77 45 9 82
77 47 58 444
77 50 43 185
77 56 5 321
77 62 46 259
77 74 52 450
77 79 22 226
77 80 25 173
77 90 13 70
77 110 19 216
78 4 51 378
78 5 49 302
78 8 5 398
78 28 14 231
78 35 19 147
78 51 37 22
78 55 59 279
78 61 55 113
78 65 1 1
78 69 25 398
78 79 40 226
78 86 28 91
78 94 9 426
78 105 32 256
78 119 43 255
79 18 41 320
79 26 49 133
79 28 26 231
79 30 1 26
79 33 19 425
79 34 31 235
79 38 17 239
79 46 10 270
79 69 34 48
79 75 15 187
79 80 43 258
79 96 52 205
79 106 7 285
79 107 37 75
79 111 56 288
80 5 53 216
80 6 2 139
80 26 46 417
80 28 19 231
80 29 43 262
80 40 13 277
80 58 16 204
80 59 23 361
80 61 55 382
80 64 38 119
80 86 11 127
80 88 31 127
80 94 35 353
80 95 7 129
80 98 49 180
81 6 37 251
81 15 59 258
81 20 27 444
81 25 46 272
81 26 1 140
81 27 7 124
81 35 49 397
81 45 15 351
81 78 55 328
81 82 41 446
81 87 34 263
81 96 22 91
81 101 53 434
82 13 13 30
82 15 23 258
82 16 3 221
82 29 34 269
82 35 55 162
82 40 39 277
82 44 25 450
82 62 43 236
82 64 19 81
82 72 53 388
82 106 47 285
82 112 10 387
82 113 49 52
82 115 31 230
82 120 1 310
83 4 35 378
83 11 25 333
83 47 1 444
83 48 13 374
83 49 3 330
83 54 17 442
83 57 7 37
83 60 43 167
83 69 28 398
83 84 31 215
83 94 55 76
83 99 19 446
83 109 58 278
83 113 49 15
84 3 47 250
84 5 3 302
84 17 28 278
84 23 56 239
84 24 45 201
84 44 19 430
84 48 25 282
84 62 37 259
84 65 11 330
84 80 14 136
84 85 34 289
84 93 8 195
84 109 31 426
84 120 1 85
85 13 17 269
85 26 49 103
85 34 52 328
85 35 56 147
85 40 22 60
85 50 40 438
85 63 13 194
85 69 19 48
85 75 29 63
85 92 1 398
85 97 9 310
85 98 25 153
85 100 33 279
85 116 37 62
85 117 43 196
86 26 26 5
86 38 47 61
86 45 45 351
86 48 37 429
86 53 29 162
86 55 23 288
86 66 49 285
86 88 19 312
86 96 7 369
86 102 10 97
86 106 58 76
86 114 3 49
86 116 16 62
86 118 13 438
86 119 32 111
87 8 29 187
87 10 4 253
87 13 41 30
87 22 10 79
87 29 25 262
87 44 13 430
87 60 52 442
87 75 7 294
87 76 1 105
87 83 34 183
87 84 31 333
87 93 49 295
87 100 37 279
87 111 43 288
87 113 19 15
88 5 4 178
88 12 43 210
88 24 21 201
88 38 13 423
88 41 1 238
88 42 7 297
88 52 35 50
88 53 19 162
88 69 50 36
88 71 37 263
88 72 41 164
88 93 25 295
88 95 15 294
88 113 31 273
89 10 10 253
89 23 43 239
89 30 13 311
89 31 19 265
89 40 55 344
89 43 25 113
89 65 39 1
89 85 28 19
89 90 31 100
89 92 1 218
89 96 7 214
89 97 58 321
89 108 49 445
90 7 49 199
90 30 38 311
90 32 44 388
90 33 19 360
90 41 58 351
90 58 55 204
90 78 1 366
90 83 5 181
90 85 14 289
90 95 25 266
90 107 7 241
90 115 34 230
90 120 23 85
91 7 13 404
91 11 52 151
91 24 55 201
91 27 37 422
91 44 27 353
91 45 59 82
91 53 43 162
91 56 41 321
91 76 45 284
91 84 49 215
91 92 31 160
91 97 7 28
91 98 1 88
91 110 22 216
92 18 19 171
92 26 7 45
92 38 35 444
92 41 44 112
92 43 21 370
92 44 57 133
92 49 13 255
92 62 31 346
92 67 55 368
92 76 37 284
92 81 2 314
92 83 17 380
92 94 10 76
92 105 40 266
92 110 28 216
93 19 58 376
93 32 3 388
93 34 55 299
93 46 16 434
93 49 19 371
93 54 10 442
93 69 7 177
93 70 25 116
93 74 49 450
93 79 52 221
93 84 13 333
93 95 37 129
93 99 33 446
93 104 43 126
94 2 19 164
94 9 31 138
94 13 34 30
94 14 1 301
94 21 9 81
94 35 3 147
94 53 11 162
94 73 37 382
94 80 55 136
94 91 43 369
94 92 50 398
94 100 13 190
94 115 25 119
95 6 39 183
95 14 29 349
95 15 47 258
95 19 16 376
95 31 50 94
95 41 1 373
95 58 31 379
95 74 43 187
95 81 19 314
95 84 13 52
95 89 35 376
95 95 55 60
95 97 4 28
95 105 23 62
95 111 7 332
96 9 46 325
96 27 27 41
96 29 16 120
96 30 55 26
96 34 1 235
96 46 13 434
96 64 19 319
96 75 38 316
96 79 52 188
96 80 7 173
96 93 43 295
96 102 40 97
96 106 25 76
96 111 31 288
97 11 52 412
97 12 25 422
97 37 16 443
97 44 55 35
97 49 38 302
97 55 5 354
97 72 59 85
97 76 19 105
97 78 44 120
97 80 33 357
97 83 2 181
97 85 22 413
97 89 31 315
97 108 7 164
98 3 37 250
98 8 11 129
98 13 19 30
98 14 52 349
98 16 17 55
98 18 40 82
98 27 57 342
98 38 49 423
98 56 13 389
98 60 28 347
98 65 25 37
98 82 55 371
98 87 46 122
98 113 7 70
98 117 1 380
99 3 43 250
99 28 3 39
99 31 31 265
99 41 22 351
99 43 28 113
99 53 37 275
99 78 49 436
99 81 39 314
99 88 55 312
99 94 9 180
99 95 45 60
99 98 15 121
99 105 1 266
99 106 11 169
100 3 32 250
100 11 28 151
100 15 35 430
100 20 3 400
100 32 37 245
100 40 55 431
100 41 19 351
100 43 25 404
100 53 41 366
100 86 46 91
100 87 52 355
100 88 13 127
100 103 22 327
100 114 59 49
100 119 7 255
101 5 7 302
101 15 41 258
101 46 37 206
101 48 1 429
101 53 17 159
101 55 29 279
101 57 4 308
101 64 25 297
101 85 50 19
101 98 31 59
101 99 55 161
101 100 19 433
101 103 9 327
101 112 44 170
101 120 14 299
102 2 56 279
102 6 31 210
102 13 7 269
102 19 9 402
102 20 25 168
102 22 52 63
102 27 13 41
102 43 49 347
102 53 17 275
102 64 37 354
102 67 5 210
102 80 20 368
102 90 43 100
102 117 1 196
103 19 58 402
103 21 27 284
103 25 31 330
103 29 46 138
103 33 1 117
103 35 7 147
103 38 5 423
103 45 25 172
103 52 11 39
103 55 13 288
103 63 21 182
103 65 55 358
103 94 35 95
103 105 41 256
103 107 49 95
104 12 45 59
104 27 13 342
104 34 10 429
104 35 19 78
104 85 55 112
104 88 37 127
104 92 25 218
104 93 4 295
104 97 49 420
104 106 41 7
104 107 31 95
104 118 52 264
104 120 7 310
105 8 4 187
105 27 37 289
105 38 53 153
105 47 41 444
105 65 57 1
105 67 31 368
105 70 7 61
105 72 11 164
105 77 20 275
105 85 25 437
105 86 47 49
105 90 13 46
105 97 1 420
105 116 28 62
106 11 16 333
106 12 20 59
106 19 43 33
106 24 13 201
106 43 58 417
106 44 31 450
106 48 40 374
106 53 11 275
106 54 29 214
106 77 2 299
106 89 47 210
106 92 7 359
106 94 25 353
106 99 49 3
106 106 37 285
107 3 11 250
107 17 34 113
107 21 23 81
107 30 7 311
107 35 25 22
107 57 59 282
107 74 1 450
107 82 52 319
107 88 43 132
107 89 29 366
107 94 13 284
107 96 31 402
107 103 15 327
107 120 19 310
108 9 43 138
108 15 29 258
108 21 41 257
108 22 7 79
108 26 21 221
108 50 38 376
108 53 59 162
108 72 47 431
108 84 1 215
108 89 53 210
108 100 49 73
108 102 13 150
108 113 31 358
108 116 25 62
108 120 4 85
109 12 13 386
109 16 9 221
109 19 40 249
109 31 25 381
109 71 55 440
109 73 19 323
109 77 3 275
109 89 23 376
109 92 43 218
109 100 49 279
109 105 11 256
109 109 7 278
109 111 32 206
109 112 37 170
110 8 55 129
110 11 10 412
110 22 40 79
110 32 31 249
110 61 13 303
110 70 26 61
110 72 23 164
110 77 43 275
110 80 49 357
110 90 19 100
110 107 2 241
110 110 58 410
111 5 47 302
111 19 2 402
111 29 34 262
111 31 13 265
111 42 7 308
111 51 43 204
111 60 55 410
111 67 5 421
111 71 25 49
111 74 50 45
111 76 31 284
111 95 19 282
111 102 58 354
111 111 38 211
112 2 16 15
112 3 25 250
112 5 49 216
112 18 47 320
112 22 55 79
112 31 27 94
112 61 19 222
112 62 7 346
112 69 2 36
112 70 31 116
112 76 58 384
112 93 13 295
112 109 43 278
112 113 38 52
112 114 53 49
113 19 28 402
113 22 16 63
113 23 31 377
113 31 7 94
113 32 19 358
113 35 1 78
113 38 25 423
113 42 55 235
113 52 5 50
113 66 51 243
113 70 37 10
113 106 11 14
113 116 46 62
113 120 49 85
114 11 56 412
114 17 37 196
114 20 8 371
114 22 40 154
114 23 50 377
114 44 31 133
114 54 1 442
114 55 23 445
114 59 59 123
114 69 19 36
114 75 25 316
114 82 29 10
114 91 43 140
114 94 15 180
114 98 3 59
115 5 9 302
115 18 5 183
115 20 1 168
115 22 13 63
115 43 43 315
115 62 34 346
115 66 27 85
115 69 31 48
115 82 39 171
115 90 51 100
115 91 19 257
115 96 57 91
115 110 16 146
116 9 34 90
116 33 39 117
116 39 15 103
116 40 7 344
116 43 21 404
116 46 10 404
116 61 2 303
116 64 55 216
116 88 25 127
116 93 46 295
116 96 50 402
116 109 19 4
116 112 31 387
117 10 41 327
117 13 17 281
117 19 19 122
117 25 25 107
117 30 44 267
117 32 13 249
117 63 55 194
117 67 3 121
117 86 51 91
117 104 7 126
117 109 37 278
117 116 33 29
117 118 28 264
118 2 16 112
118 18 49 183
118 29 10 262
118 30 19 267
118 31 31 94
118 40 1 431
118 68 27 139
118 80 43 357
118 88 37 14
118 91 51 320
118 103 13 222
118 106 4 7
118 119 55 106
119 6 7 393
119 16 53 55
119 22 37 79
119 23 26 239
119 33 44 117
119 46 40 185
119 57 5 37
119 63 49 130
119 65 55 330
119 92 13 218
119 98 57 348
119 105 33 266
119 106 21 285
119 111 1 206
119 120 23 310
120 3 45 250
120 23 1 227
120 35 55 78
120 43 33 315
120 52 29 39
120 60 13 232
120 66 25 205
120 79 19 188
120 81 7 314
120 90 38 46
120 99 50 76
120 101 5 434
120 102 16 421
120 114 23 49
121 4 45 378
121 14 31 349
121 15 1 342
121 32 55 426
121 42 3 272
121 48 49 282
121 54 21 442
121 55 41 288
121 62 52 236
121 71 8 440
121 100 13 73
121 106 27 285
121 108 33 302
121 114 47 218
122 2 4 191
122 22 13 154
122 27 37 124
122 30 7 26
122 52 43 50
122 55 17 445
122 59 47 361
122 60 49 167
122 78 55 120
122 83 34 380
122 88 19 114
122 89 41 376
122 119 26 251
123 4 1 378
123 11 25 412
123 18 23 82
123 26 19 417
123 32 55 373
123 41 28 351
123 46 8 206
123 53 31 178
123 64 43 282
123 69 52 48
123 74 16 107
123 77 39 275
123 106 49 289
124 2 26 376
124 4 53 378
124 8 1 173
124 17 49 222
124 24 47 201
124 57 11 282
124 62 22 346
124 63 7 268
124 66 43 285
124 67 29 368
124 68 40 139
124 70 3 334
124 74 55 15
124 78 13 328
124 86 33 49
125 5 1 178
125 18 3 230
125 22 13 79
125 23 43 227
125 28 31 157
125 42 51 10
125 45 49 82
125 56 7 418
125 68 26 407
125 77 37 299
125 85 10 413
125 95 55 83
125 113 19 335
125 120 5 310
126 7 26 27
126 9 19 440
126 18 1 230
126 26 52 417
126 27 13 270
126 55 4 316
126 56 7 204
126 58 10 379
126 63 37 268
126 74 22 4
126 84 55 215
126 105 49 256
126 111 31 332
127 11 19 151
127 12 26 55
127 13 15 281
127 16 13 221
127 28 32 231
127 39 1 103
127 43 4 192
127 58 22 204
127 60 52 167
127 71 55 420
127 92 37 298
127 101 11 434
127 107 7 419
127 117 43 72
128 4 9 378
128 5 51 302
128 15 23 430
128 19 25 249
128 38 41 239
128 39 58 132
128 41 4 373
128 42 37 297
128 50 16 33
128 52 7 50
128 61 33 303
128 102 55 253
128 111 43 211
128 112 19 38
128 118 13 264
129 12 49 254
129 18 37 171
129 20 25 400
129 25 43 178
129 34 40 413
129 35 13 78
129 48 46 429
129 53 3 342
129 78 19 411
129 99 56 3
129 107 7 95
129 109 53 278
129 117 31 196
130 16 3 315
130 29 28 262
130 48 55 374
130 61 37 113
130 62 25 346
130 73 19 168
130 85 10 289
130 92 31 218
130 101 35 320
130 102 15 253
130 108 49 232
130 109 59 1
130 113 43 15
130 116 7 62
131 3 3 250
131 8 1 300
131 24 59 201
131 42 55 308
131 52 27 50
131 59 43 123
131 64 19 119
131 65 34 37
131 74 14 450
131 76 52 384
131 88 38 312
131 93 7 295
131 94 45 76
131 110 31 216
132 7 8 401
132 14 1 208
132 27 43 342
132 30 55 306
132 45 59 280
132 48 28 51
132 50 52 376
132 53 5 162
132 56 20 321
132 68 37 139
132 75 49 187
132 83 13 183
132 92 15 298
132 109 34 138
133 9 16 90
133 23 31 239
133 26 39 133
133 35 19 125
133 40 25 277
133 64 43 5
133 65 53 1
133 67 37 121
133 74 49 438
133 79 10 188
133 91 3 257
133 97 13 28
133 105 35 256
133 110 28 431
133 118 7 264
134 13 23 30
134 20 13 208
134 23 8 239
134 31 19 439
134 33 31 117
134 40 38 344
134 49 49 174
134 71 43 49
134 73 55 211
134 105 17 7
134 107 1 419
134 114 35 49
134 119 25 303
135 36 43 158
135 46 52 206
135 48 49 349
135 56 13 418
135 61 2 112
135 66 25 432
135 67 29 121
135 70 15 410
135 74 19 350
135 100 31 73
135 102 37 253
135 107 7 75
135 108 57 445
135 109 23 138
136 12 45 4
136 13 43 269
136 17 37 125
136 29 25 351
136 56 23 418
136 57 13 37
136 58 49 379
136 68 58 407
136 78 8 120
136 87 31 263
136 94 1 284
136 112 16 387
136 116 28 29
136 119 3 255
137 5 53 297
137 12 19 422
137 13 9 30
137 19 28 122
137 35 49 147
137 37 37 213
137 38 23 423
137 56 3 321
137 67 13 210
137 70 55 100
137 75 5 63
137 78 15 411
137 85 25 382
137 101 41 78
138 6 19 210
138 12 43 256
138 29 31 262
138 32 50 358
138 44 37 430
138 49 1 142
138 50 34 185
138 64 27 328
138 75 41 294
138 96 16 188
138 101 57 320
138 105 11 266
138 106 59 285
138 108 7 445
139 29 55 262
139 36 38 158
139 38 7 7
139 54 59 103
139 59 47 123
139 63 9 338
139 66 43 85
139 76 34 223
139 81 25 314
139 91 19 140
139 96 31 188
139 97 1 154
139 112 4 38
139 117 13 196
139 118 49 264
140 20 31 400
140 25 20 330
140 29 55 138
140 34 46 235
140 56 37 321
140 57 5 323
140 64 1 354
140 68 27 124
140 70 15 11
140 73 49 83
140 84 43 182
140 90 9 46
140 106 25 285
140 112 40 170
141 4 55 378
141 6 57 183
141 13 29 269
141 19 38 35
141 28 21 39
141 44 31 353
141 51 1 199
141 90 13 186
141 92 25 298
141 94 5 284
141 99 43 214
141 109 10 138
141 111 49 271
141 120 7 299
142 1 51 414
142 14 11 99
142 15 55 342
142 22 22 63
142 30 13 26
142 40 4 60
142 49 25 3
142 51 46 254
142 60 31 167
142 73 37 232
142 80 7 258
142 93 1 98
142 113 57 52
143 25 7 107
143 32 14 426
143 33 25 415
143 40 10 344
143 48 46 51
143 51 58 254
143 52 37 50
143 76 40 107
143 79 31 423
143 83 44 183
143 87 34 63
143 89 1 338
143 91 49 449
143 96 55 402
143 118 19 159
144 5 5 95
144 8 3 332
144 16 1 221
144 17 34 161
144 20 38 371
144 32 9 388
144 57 53 323
144 58 28 379
144 60 25 78
144 67 7 121
144 72 17 164
144 74 55 187
144 80 13 368
144 96 31 91
144 106 43 14
145 13 11 269
145 32 55 24
145 37 25 443
145 50 19 33
145 54 40 442
145 59 35 123
145 61 45 434
145 73 49 99
145 77 31 51
145 89 53 366
145 92 7 218
145 106 4 285
145 108 13 445
145 110 37 431
145 115 1 69
146 5 19 303
146 11 55 151
146 14 39 349
146 15 41 430
146 17 15 278
146 19 7 122
146 27 2 41
146 39 25 132
146 50 10 376
146 55 29 354
146 75 22 187
146 86 59 235
146 109 51 278
146 119 43 111
147 13 26 30
147 26 40 221
147 27 21 41
147 38 47 133
147 39 7 103
147 42 1 122
147 43 13 417
147 51 10 416
147 54 19 103
147 66 43 432
147 75 37 63
147 98 32 121
147 103 58 327
147 116 52 29
148 18 59 230
148 30 49 311
148 35 26 125
148 47 53 435
148 48 4 51
148 61 43 222
148 62 7 236
148 68 16 407
148 79 1 423
148 84 37 215
148 92 19 398
148 108 55 44
148 109 35 426
148 118 31 22
149 11 16 151
149 14 1 349
149 23 55 377
149 29 52 262
149 43 7 113
149 61 38 303
149 74 43 107
149 87 31 355
149 89 13 338
149 90 3 169
149 97 49 154
149 103 10 420
149 116 19 29
149 117 25 406
150 11 39 151
150 12 25 386
150 15 11 342
150 16 1 180
150 35 50 162
150 43 4 417
150 45 16 82
150 46 34 434
150 60 31 347
150 62 43 259
150 63 7 182
150 67 29 240
150 84 13 215
150 98 20 270
150 117 55 380
151 7 1 401
151 11 13 151
151 26 44 420
151 27 27 342
151 73 19 99
151 85 49 437
151 97 33 154
151 101 31 446
151 103 55 327
151 107 38 241
151 108 7 232
151 109 16 1
151 120 47 85
152 4 19 378
152 19 4 271
152 26 49 417
152 30 33 26
152 56 31 321
152 58 43 379
152 66 7 432
152 74 25 4
152 93 14 206
152 96 1 214
152 99 37 411
152 104 55 126
153 7 20 401
153 10 1 253
153 29 58 262
153 33 49 415
153 46 46 185
153 59 4 123
153 63 37 194
153 64 26 438
153 80 7 368
153 102 31 150
153 110 34 216
153 119 14 257
154 9 38 188
154 34 57 429
154 35 43 348
154 37 13 443
154 38 41 37
154 59 29 123
154 64 32 119
154 73 49 323
154 80 9 136
154 81 20 163
154 85 16 19
154 92 1 298
154 98 25 121
154 114 47 415
155 14 33 349
155 17 1 278
155 18 17 245
155 20 25 397
155 25 46 107
155 49 55 255
155 70 7 100
155 74 37 88
155 75 23 90
155 77 13 159
155 84 40 333
155 85 4 437
155 100 19 73
155 102 52 97
156 10 5 125
156 22 46 154
156 25 1 116
156 42 20 308
156 51 40 280
156 54 8 442
156 77 25 59
156 98 57 59
156 101 31 78
156 106 51 266
156 115 10 119
156 117 13 172
156 118 33 159
157 7 37 348
157 18 58 171
157 22 52 154
157 25 13 107
157 37 55 213
157 45 5 280
157 52 9 4
157 59 27 123
157 60 43 347
157 63 19 130
157 73 31 221
157 79 16 226
157 81 1 361
157 114 35 415
157 118 49 328
158 1 31 414
158 8 35 311
158 10 3 327
158 12 13 422
158 18 1 82
158 21 5 81
158 22 43 154
158 39 22 132
158 51 8 254
158 71 37 49
158 74 19 107
158 89 41 210
158 101 55 320
158 105 11 218
158 111 27 288
159 10 7 327
159 17 58 180
159 46 1 270
159 47 25 343
159 55 51 316
159 62 28 236
159 69 10 48
159 70 21 410
159 72 41 388
159 78 13 366
159 86 19 91
159 88 31 114
159 96 43 91
159 101 55 434
159 119 37 384
160 5 23 303
160 24 3 201
160 41 25 243
160 47 1 343
160 50 31 438
160 60 49 78
160 69 14 36
160 78 37 436
160 80 57 368
160 82 47 311
160 86 11 449
160 94 21 284
160 102 28 97
160 119 7 384
161 7 13 401
161 27 31 270
161 34 43 429
161 39 55 132
161 40 28 277
161 42 50 235
161 64 2 5
161 74 46 438
161 85 58 413
161 92 7 298
161 109 22 278
161 113 37 70
162 2 43 279
162 7 49 401
162 24 19 201
162 43 16 222
162 44 26 430
162 46 37 147
162 74 34 45
162 86 7 235
162 88 1 114
162 107 21 259
162 110 13 146
162 112 10 38
162 114 59 218
162 118 31 264
163 21 53 257
163 25 25 191
163 27 7 342
163 35 45 162
163 47 41 435
163 48 16 374
163 54 5 150
163 60 37 167
163 66 32 432
163 78 55 291
163 79 49 188
163 97 22 97
163 100 1 190
163 110 28 32
164 2 55 181
164 12 51 4
164 45 5 82
164 46 16 391
164 54 28 437
164 58 58 379
164 69 13 398
164 80 43 368
164 84 7 409
164 92 32 398
164 95 37 60
164 108 19 211
164 112 2 387
165 4 5 378
165 8 29 129
165 15 23 88
165 30 56 311
165 34 25 429
165 45 41 351
165 55 47 288
165 60 10 167
165 68 52 139
165 69 16 48
165 82 1 371
165 102 13 97
165 108 37 164
165 110 31 431
165 118 34 61
166 12 31 181
166 16 7 221
166 25 1 107
166 29 37 351
166 32 9 245
166 38 19 7
166 44 45 353
166 70 14 61
166 82 23 371
166 86 4 449
166 96 49 205
166 105 35 266
166 108 25 232
166 113 56 335
167 25 4 107
167 29 52 351
167 37 49 213
167 40 16 307
167 52 22 50
167 60 1 167
167 61 7 222
167 62 13 236
167 63 31 268
167 66 55 386
167 80 25 357
167 82 29 171
167 93 19 206
167 99 37 3
167 109 11 4
168 32 13 245
168 42 56 33
168 43 1 404
168 49 19 142
168 61 25 112
168 68 34 139
168 79 4 226
168 92 49 218
168 100 37 433
168 107 7 259
168 115 46 230
169 42 55 10
169 53 8 275
169 57 23 323
169 58 19 379
169 74 43 438
169 78 13 280
169 81 49 314
169 83 47 380
169 89 10 315
169 105 1 256
169 108 31 164
169 109 28 1
169 114 4 277
169 117 37 410
170 3 23 250
170 9 25 188
170 21 35 257
170 26 46 7
170 38 55 133
170 41 43 139
170 56 28 321
170 58 38 204
170 61 49 55
170 62 19 346
170 77 1 386
170 81 13 314
170 88 57 14
170 95 31 294
170 117 7 196
171 9 19 325
171 23 49 387
171 25 22 116
171 37 40 213
171 38 58 423
171 39 32 103
171 52 9 50
171 56 11 321
171 57 55 37
171 65 53 440
171 74 4 350
171 77 27 275
171 80 15 258
171 99 43 3
171 105 7 266
172 2 25 181
172 4 23 378
172 29 15 262
172 38 10 423
172 43 52 347
172 46 7 430
172 53 1 275
172 59 33 123
172 62 4 346
172 66 37 85
172 67 13 121
172 70 19 61
172 92 57 298
172 101 43 434
173 8 46 187
173 10 49 327
173 14 35 407
173 27 8 89
173 31 13 381
173 37 31 213
173 50 37 33
173 55 43 371
173 71 51 61
173 76 4 105
173 84 1 409
173 87 55 63
173 97 28 28
173 115 21 171
174 7 32 348
174 9 16 105
174 10 45 253
174 28 56 231
174 45 38 82
174 50 4 438
174 60 40 347
174 62 1 346
174 63 49 268
174 64 25 354
174 65 23 330
174 66 7 386
174 85 13 413
174 100 19 279
175 14 17 301
175 15 5 342
175 43 38 120
175 48 10 374
175 51 1 254
175 68 32 407
175 75 53 316
175 85 7 437
175 90 19 169
175 100 49 433
175 107 55 75
175 110 46 32
175 116 43 62
175 117 25 380
175 119 13 416
176 3 57 250
176 8 19 187
176 18 47 82
176 28 13 390
176 31 9 381
176 33 37 360
176 47 7 444
176 57 23 37
176 59 55 123
176 65 49 330
176 67 35 210
176 78 31 335
176 84 28 215
176 113 1 52
176 120 17 310
177 7 43 344
177 9 25 90
177 22 49 79
177 27 31 41
177 36 55 158
177 46 21 205
177 65 47 358
177 74 28 88
177 85 37 112
177 93 16 295
177 100 7 73
177 105 5 218
177 106 53 285
177 117 1 406
178 7 55 404
178 10 53 253
178 42 49 33
178 44 25 242
178 45 43 82
178 52 22 79
178 60 14 167
178 65 59 440
178 86 29 127
178 87 7 355
178 96 40 147
178 106 35 169
178 108 45 445
178 113 1 358
179 15 11 88
179 21 47 257
179 23 1 252
179 32 7 24
179 41 34 112
179 59 13 123
179 67 23 421
179 70 19 10
179 76 31 105
179 81 43 361
179 84 40 215
179 87 15 355
179 98 49 153
179 100 25 433
180 3 7 250
180 12 14 181
180 14 37 349
180 23 9 227
180 27 39 342
180 34 21 162
180 46 4 270
180 51 55 199
180 64 32 81
180 76 50 284
180 79 44 221
180 91 25 140
180 94 19 426
180 112 1 38
181 5 50 303
181 6 19 104
181 36 25 158
181 39 31 132
181 43 46 347
181 45 34 82
181 46 43 206
181 48 52 51
181 64 57 81
181 74 2 45
181 80 7 357
181 88 14 114
181 99 37 161
182 3 59 250
182 13 16 30
182 14 9 349
182 25 43 272
182 27 49 342
182 29 28 34
182 40 1 60
182 45 31 351
182 46 4 450
182 48 13 429
182 62 25 236
182 67 57 121
182 92 20 359
182 93 46 206
182 120 34 310
183 1 26 414
183 33 19 117
183 52 53 50
183 60 31 380
183 65 11 69
183 66 49 422
183 70 13 116
183 71 1 261
183 84 43 215
183 100 7 279
183 103 38 327
183 110 46 216
183 114 17 415
183 117 56 172
184 8 29 173
184 10 5 327
184 18 11 422
184 23 25 252
184 30 31 306
184 36 13 158
184 49 1 174
184 53 35 162
184 61 20 434
184 79 7 423
184 92 50 160
184 106 41 289
184 107 43 95
184 112 58 170
184 119 37 257
185 3 49 250
185 11 34 412
185 19 31 44
185 28 14 39
185 55 59 316
185 56 52 418
185 62 44 346
185 65 5 1
185 66 20 432
185 78 25 366
185 93 10 295
185 96 37 369
185 99 1 446
185 102 7 253
185 116 56 62
186 3 5 250
186 4 11 378
186 5 46 303
186 6 55 104
186 8 41 398
186 15 29 294
186 25 43 330
186 31 7 265
186 40 52 431
186 43 13 347
186 64 25 81
186 69 32 36
186 82 3 82
186 94 23 76
186 109 39 138
187 4 7 378
187 6 19 139
187 16 11 221
187 40 13 60
187 42 51 308
187 44 1 430
187 54 39 328
187 55 5 279
187 71 31 118
187 76 58 107
187 79 55 423
187 87 43 263
187 101 49 320
187 119 26 52
188 24 17 201
188 31 55 94
188 43 37 417
188 63 43 439
188 77 9 59
188 83 51 183
188 90 31 99
188 94 19 284
188 97 4 97
188 98 21 232
188 99 13 161
188 119 26 255
188 120 7 85
189 9 49 138
189 20 7 397
189 28 33 39
189 37 4 213
189 63 13 130
189 65 41 440
189 67 1 210
189 70 37 116
189 71 55 49
189 76 19 384
189 84 28 333
189 86 59 449
189 97 25 97
189 105 31 266
189 119 43 129
190 13 37 269
190 14 46 349
190 35 1 22
190 40 15 344
190 45 21 82
190 60 55 167
190 63 49 194
190 74 28 45
190 86 40 91
190 98 32 325
190 103 43 327
190 110 25 216
190 113 9 15
190 120 13 85
191 6 33 393
191 21 47 81
191 23 19 227
191 25 7 272
191 27 38 270
191 28 43 39
191 45 11 280
191 47 31 343
191 58 4 379
191 62 1 236
191 66 13 432
191 87 58 63
191 96 55 188
191 114 29 415
191 119 25 226
192 12 14 254
192 14 11 44
192 30 25 306
192 44 19 272
192 66 3 432
192 81 37 163
192 82 1 311
192 98 56 153
192 99 7 3
192 112 43 38
192 115 46 330
192 117 49 380
192 119 31 129
193 8 40 187
193 16 7 180
193 29 13 138
193 40 4 431
193 41 27 373
193 53 59 275
193 55 43 445
193 56 31 204
193 59 22 123
193 82 25 82
193 85 10 112
193 93 1 295
193 100 55 73
193 103 34 327
194 5 44 303
194 6 37 104
194 7 32 401
194 12 19 254
194 14 4 349
194 23 49 227
194 26 46 332
194 35 8 125
194 44 14 346
194 71 25 263
194 108 55 164
194 118 1 438
195 1 13 414
195 8 17 311
195 13 23 269
195 22 26 63
195 25 40 330
195 43 31 113
195 54 46 442
195 77 55 297
195 87 34 142
195 89 29 376
195 92 49 359
195 95 19 266
195 99 2 161
195 105 7 426
195 106 9 285
196 11 31 412
196 16 47 221
196 22 16 79
196 26 4 140
196 27 26 289
196 50 34 33
196 55 55 445
196 59 57 123
196 65 41 358
196 72 19 388
196 75 45 316
196 87 10 60
196 100 21 190
196 114 1 49
197 17 4 278
197 24 1 201
197 26 10 7
197 30 37 57
197 42 43 308
197 57 15 37
197 59 8 123
197 70 56 61
197 85 22 437
197 94 47 76
197 98 25 325
197 115 50 8
197 117 31 406
197 118 19 264
198 9 58 188
198 11 49 412
198 25 52 27
198 27 45 270
198 28 1 231
198 46 7 404
198 47 37 444
198 54 35 442
198 68 10 407
198 70 14 10
198 77 39 386
198 92 19 298
198 100 31 433
198 101 28 446
199 14 29 99
199 18 27 171
199 22 10 154
199 25 32 107
199 26 43 7
199 37 37 443
199 40 7 60
199 71 15 49
199 76 40 105
199 80 3 258
199 82 13 171
199 84 46 409
199 99 19 161
199 105 49 22
200 10 13 253
200 16 17 315
200 23 43 252
200 26 37 420
200 28 7 390
200 32 31 245
200 34 55 142
200 40 58 277
200 45 19 82
200 61 25 416
200 66 21 332
200 74 40 45
200 78 49 120
200 80 1 357
201 2 1 191
201 36 21 158
201 40 49 431
201 42 38 308
201 43 16 353
201 76 52 379
201 78 31 328
201 84 7 333
201 90 43 70
201 96 13 91
201 98 55 88
201 103 25 327
201 120 11 299
202 11 13 435
202 17 46 180
202 20 56 208
202 34 43 78
202 38 27 423
202 48 4 282
202 55 41 279
202 65 1 330
202 71 19 263
202 77 49 275
202 78 7 280
202 82 25 171
202 94 17 180
202 100 31 190
202 110 37 216
203 8 53 311
203 13 25 281
203 14 41 349
203 17 13 220
203 25 10 116
203 37 28 213
203 41 55 139
203 48 7 51
203 60 22 153
203 71 3 440
203 95 37 294
203 97 34 97
203 101 17 78
203 103 19 327
203 120 31 85
204 5 13 95
204 17 58 222
204 20 19 444
204 22 7 72
204 29 31 269
204 32 49 426
204 41 10 373
204 63 15 182
204 64 1 111
204 87 34 355
204 90 26 169
204 98 39 121
204 113 43 358
204 118 55 264
205 6 25 355
205 11 13 412
205 20 31 397
205 41 7 351
205 42 49 297
205 64 56 119
205 66 19 85
205 70 44 116
205 82 29 371
205 89 35 366
205 93 10 200
205 103 16 420
205 107 37 135
205 112 2 170
205 120 23 299
206 10 13 327
206 16 15 315
206 23 49 239
206 31 33 31
206 39 1 132
206 50 46 418
206 51 19 280
206 53 31 275
206 55 53 445
206 81 26 361
206 85 10 382
206 110 43 216
206 111 56 206
206 112 38 38
206 115 7 119
207 6 13 323
207 14 4 301
207 24 34 201
207 31 43 265
207 37 1 213
207 39 25 103
207 41 7 373
207 45 17 280
207 56 55 321
207 68 31 139
207 72 21 388
207 73 49 104
207 90 38 434
207 94 10 284
207 97 28 154
208 8 41 332
208 14 1 44
208 33 13 117
208 34 43 235
208 48 28 282
208 52 25 50
208 53 47 366
208 56 50 321
208 70 3 11
208 71 19 420
208 102 34 253
208 111 55 245
208 116 31 62
208 118 37 264
208 120 9 299
209 19 9 33
209 32 43 393
209 38 20 133
209 40 25 344
209 48 34 374
209 49 50 255
209 69 22 177
209 95 3 266
209 97 57 154
209 98 37 153
209 101 13 49
209 107 15 95
209 114 7 277
210 4 57 378
210 11 1 151
210 18 11 171
210 27 31 342
210 38 35 423
210 40 4 344
210 48 22 374
210 69 16 398
210 91 49 140
210 100 44 433
210 101 13 320
210 105 19 256
210 113 37 358
210 114 9 277
210 115 28 119
211 8 35 129
211 17 55 180
211 22 39 63
211 23 1 239
211 24 49 201
211 32 25 24
211 51 43 416
211 58 7 379
211 64 13 111
211 83 29 380
211 98 31 334
211 103 46 350
211 109 21 1
211 110 10 216
211 113 51 335
212 12 31 254
212 15 59 294
212 28 37 390
212 29 13 120
212 30 49 306
212 33 55 415
212 35 43 125
212 38 53 423
212 52 41 50
212 53 35 342
212 70 7 410
212 84 4 333
212 102 25 150
212 118 1 264
212 119 19 255
213 2 37 310
213 12 25 370
213 13 4 269
213 38 29 7
213 39 21 103
213 46 1 335
213 54 57 50
213 64 33 319
213 77 43 159
213 82 11 82
213 108 7 391
213 110 13 431
213 115 51 69
213 120 47 299
214 14 29 407
214 24 25 201
214 26 34 140
214 40 55 277
214 45 45 82
214 47 5 444
214 66 1 205
214 71 49 263
214 76 22 384
214 87 10 370
214 88 39 114
214 94 47 368
214 95 13 266
214 105 53 266
215 9 10 90
215 26 7 5
215 33 49 425
215 41 33 373
215 42 25 33
215 50 57 438
215 56 19 418
215 77 2 159
215 83 17 183
215 95 44 294
215 106 41 285
215 107 37 419
215 109 23 1
215 120 15 85
216 4 28 378
216 13 10 281
216 25 25 330
216 26 7 417
216 34 19 429
216 56 56 418
216 62 58 259
216 63 43 268
216 64 49 5
216 71 13 263
216 79 22 188
216 100 37 190
216 105 2 426
216 116 34 62
217 5 29 302
217 7 19 199
217 10 47 125
217 37 49 443
217 39 34 277
217 46 39 391
217 47 23 343
217 65 26 1
217 84 57 333
217 91 43 320
217 94 7 76
217 101 3 320
217 103 14 214
217 106 11 285
217 116 52 62
218 8 17 173
218 13 5 281
218 16 21 315
218 17 40 125
218 19 37 249
218 20 56 400
218 30 13 306
218 34 49 429
218 45 47 172
218 48 1 282
218 50 9 418
218 59 45 123
218 62 52 346
218 85 28 413
218 112 34 170
219 2 28 181
219 3 41 250
219 10 59 253
219 11 37 333
219 18 55 90
219 20 7 168
219 38 45 133
219 48 31 429
219 52 17 50
219 63 13 439
219 74 25 350
219 80 2 136
219 83 23 333
219 84 34 215
219 99 19 3
220 5 5 216
220 14 25 349
220 19 52 249
220 23 37 252
220 26 10 103
220 28 20 390
220 49 13 142
220 54 27 319
220 57 17 37
220 60 43 153
220 78 1 280
220 81 55 163
220 85 31 413
220 97 7 420
220 118 34 264
221 6 25 210
221 9 13 90
221 18 16 171
221 30 19 306
221 47 43 444
221 55 11 445
221 57 59 323
221 58 33 204
221 79 37 221
221 88 45 14
221 90 49 70
221 108 1 445
221 110 7 431
221 113 55 70
221 116 40 29
222 11 25 151
222 19 31 122
222 22 1 79
222 41 10 351
222 42 50 122
222 43 37 315
222 49 13 44
222 50 46 33
222 76 55 384
222 82 41 15
222 84 4 215
222 101 59 320
222 108 19 445
222 109 28 138
222 114 23 277
223 7 37 401
223 19 43 122
223 25 16 330
223 33 3 415
223 34 28 350
223 44 31 430
223 48 21 51
223 54 14 442
223 55 11 316
223 84 25 215
223 85 46 382
223 101 7 320
223 106 57 7
223 109 19 278
223 120 41 310
224 10 28 230
224 17 31 161
224 24 5 201
224 46 22 402
224 57 19 37
224 68 55 407
224 71 14 440
224 73 1 323
224 84 25 182
224 88 37 132
224 109 9 278
224 114 53 218
224 117 43 172
224 118 34 22
225 3 17 250
225 14 5 335
225 23 25 227
225 27 37 41
225 36 7 158
225 75 59 310
225 76 52 416
225 79 49 226
225 86 19 449
225 88 1 127
225 103 32 222
225 106 23 289
225 112 55 387
225 113 43 372
225 115 14 119
226 4 49 378
226 18 4 171
226 19 13 33
226 34 26 235
226 43 16 199
226 57 51 37
226 63 19 268
226 64 55 5
226 67 9 210
226 72 59 164
226 74 1 350
226 76 46 416
226 98 31 344
226 108 37 445
226 114 53 415
227 8 13 187
227 16 25 315
227 34 43 299
227 42 37 235
227 48 1 374
227 57 47 308
227 63 15 268
227 64 31 297
227 71 49 49
227 79 7 188
227 88 55 267
227 89 23 315
227 93 10 98
227 115 4 69
227 117 19 196
228 5 29 95
228 8 47 129
228 23 20 377
228 25 16 27
228 57 25 308
228 62 49 169
228 82 53 446
228 85 13 112
228 89 27 315
228 100 43 73
228 104 39 126
228 107 56 95
228 111 9 288
228 113 32 24
229 3 13 250
229 14 27 349
229 17 16 113
229 23 19 252
229 40 58 344
229 41 40 112
229 57 43 37
229 58 37 197
229 65 35 1
229 81 1 163
229 82 45 446
229 88 8 114
229 93 55 295
229 111 49 129
229 113 31 15
230 4 47 378
230 8 58 187
230 30 31 267
230 49 7 330
230 52 3 50
230 53 17 162
230 56 13 204
230 65 1 440
230 70 50 116
230 71 38 367
230 76 22 105
230 83 19 39
230 97 28 420
230 101 5 142
230 108 43 302
231 18 41 230
231 29 22 262
231 38 4 420
231 39 16 277
231 50 37 418
231 51 52 280
231 52 31 50
231 76 1 384
231 78 33 120
231 95 43 266
231 97 25 28
231 98 7 153
231 102 49 97
231 110 19 431
231 117 56 196
232 11 44 412
232 32 51 313
232 33 21 415
232 38 19 423
232 41 10 238
232 44 55 370
232 54 49 442
232 73 1 104
232 76 34 105
232 77 37 159
232 80 25 368
232 85 16 437
232 93 13 195
232 103 31 327
232 110 7 216
233 6 1 251
233 11 43 333
233 21 59 257
233 41 46 139
233 53 17 127
233 57 29 323
233 63 31 130
233 64 55 282
233 68 13 407
233 73 38 323
233 80 25 136
233 89 52 315
233 101 5 446
233 114 35 218
233 117 8 172
234 2 14 7
234 16 35 55
234 25 28 330
234 28 57 390
234 29 10 417
234 53 25 275
234 63 43 194
234 64 20 347
234 66 31 285
234 69 4 48
234 72 55 388
234 76 50 107
234 79 7 226
234 99 37 446
234 106 1 285
235 5 53 178
235 10 43 253
235 22 58 79
235 24 28 201
235 33 31 415
235 55 9 316
235 59 5 361
235 65 41 1
235 80 37 258
235 83 19 183
235 91 21 449
235 103 55 222
235 112 16 170
235 115 50 230
235 120 46 310
236 2 19 354
236 22 25 79
236 26 55 417
236 28 43 157
236 33 49 117
236 38 41 218
236 56 28 418
236 60 22 167
236 71 7 49
236 74 37 187
236 81 13 163
236 90 1 100
236 94 11 426
236 101 5 78
236 115 58 69
237 5 17 297
237 25 10 272
237 39 52 103
237 46 25 391
237 73 43 232
237 84 34 333
237 95 55 294
237 105 29 22
237 108 20 391
237 109 1 138
237 111 13 129
237 112 7 38
237 117 37 380
237 118 4 264
238 9 49 90
238 14 43 349
238 17 26 180
238 24 31 201
238 25 13 191
238 40 16 60
238 43 55 315
238 46 22 185
238 50 4 418
238 67 11 210
238 78 33 411
238 79 45 188
238 94 41 284
238 95 7 282
238 105 19 299
239 4 15 378
239 18 13 82
239 20 57 371
239 24 11 201
239 32 32 388
239 40 52 344
239 47 9 444
239 55 23 316
239 60 43 105
239 62 37 236
239 63 19 194
239 68 49 139
239 76 25 384
239 86 41 235
239 98 1 153
240 2 43 354
240 15 58 138
240 19 28 249
240 20 7 400
240 25 25 178
240 26 20 45
240 37 16 213
240 48 52 374
240 76 49 384
240 82 4 311
240 83 55 183
240 110 13 216
240 113 31 70
240 114 41 49
240 115 1 119
241 24 7 201
241 25 49 272
241 35 43 397
241 37 9 213
241 48 16 51
241 50 34 418
241 55 47 316
241 62 31 259
241 65 14 1
241 70 38 182
241 90 1 70
241 100 56 433
241 107 25 419
241 111 19 245
242 14 11 349
242 15 17 342
242 23 13 239
242 39 19 132
242 43 46 113
242 58 40 379
242 60 37 347
242 62 4 236
242 65 55 1
242 71 26 440
242 72 35 85
242 88 7 127
242 99 51 161
242 109 33 1
242 113 57 358
243 4 21 378
243 5 23 302
243 17 40 222
243 19 25 122
243 20 3 371
243 22 37 154
243 23 13 252
243 46 55 270
243 48 34 429
243 68 44 124
243 76 28 105
243 84 52 333
243 89 47 315
243 102 7 150
244 2 13 279
244 5 8 303
244 9 43 325
244 13 2 269
244 26 34 417
244 59 41 123
244 61 49 112
244 64 37 111
244 70 25 10
244 79 4 188
244 99 55 411
244 112 31 170
244 116 20 62
245 6 19 191
245 21 57 257
245 23 7 252
245 27 49 41
245 44 25 220
245 47 5 435
245 57 53 37
245 61 1 113
245 63 31 439
245 75 39 90
245 82 43 446
245 90 13 275
245 92 45 298
245 114 17 218
245 120 41 299
246 2 37 181
246 18 23 230
246 25 56 272
246 28 7 39
246 43 1 417
246 47 35 435
246 56 44 389
246 60 4 167
246 68 13 57
246 93 40 295
246 94 25 284
246 107 19 419
246 112 16 38
246 117 27 172
246 119 31 384
247 2 20 376
247 22 16 72
247 26 13 5
247 31 31 381
247 43 58 315
247 52 11 50
247 57 1 308
247 68 52 407
247 78 37 366
247 80 43 173
247 83 25 183
247 86 9 449
247 88 3 312
247 108 27 164
248 8 10 187
248 18 3 183
248 35 25 147
248 37 7 443
248 48 13 282
248 57 49 308
248 60 58 167
248 67 46 121
248 71 19 386
248 75 56 316
248 77 37 238
248 94 41 180
248 95 51 294
248 102 33 354
248 109 29 426
249 11 16 412
249 17 40 409
249 33 56 425
249 37 34 213
249 48 10 51
249 51 4 199
249 52 29 50
249 54 27 442
249 60 46 153
249 71 19 49
249 74 37 45
249 75 44 90
249 87 31 437
249 117 50 172
249 120 13 310
250 2 13 164
250 3 21 250
250 8 35 187
250 26 45 45
250 34 16 235
250 43 10 113
250 49 39 402
250 57 59 308
250 61 1 353
250 76 55 284
250 84 52 215
250 87 7 263
250 106 19 285
250 114 5 49
251 13 31 30
251 46 4 185
251 49 15 302
251 53 23 159
251 55 35 288
251 69 46 398
251 88 19 207
251 90 26 434
251 91 7 140
251 93 1 195
251 96 37 205
251 107 55 419
251 108 49 164
251 109 13 278
251 114 11 415
252 2 16 279
252 5 5 302
252 8 53 129
252 32 37 373
252 51 46 199
252 63 56 130
252 65 11 358
252 67 7 210
252 78 26 411
252 86 41 449
252 89 50 210
252 96 19 402
252 116 1 29
252 119 31 436
253 6 43 323
253 11 22 412
253 12 13 55
253 16 27 221
253 17 55 41
253 50 7 438
253 54 37 442
253 56 4 204
253 65 58 37
253 86 31 449
253 87 49 63
253 98 33 180
253 102 40 150
253 115 1 171
254 6 7 323
254 22 25 154
254 32 43 24
254 43 40 370
254 49 32 174
254 50 19 185
254 59 13 27
254 60 28 78
254 62 15 259
254 75 1 316
254 82 53 15
254 89 37 210
254 99 49 446
254 108 56 391
254 116 4 29
255 5 13 297
255 6 9 104
255 7 49 404
255 37 22 443
255 38 37 133
255 48 4 429
255 52 15 50
255 54 59 442
255 68 19 407
255 72 7 388
255 85 1 413
255 86 34 449
255 88 43 312
255 107 25 259
255 120 55 310
256 7 13 211
256 18 55 82
256 35 7 22
256 39 50 277
256 43 37 370
256 45 17 172
256 47 11 435
256 50 45 376
256 52 33 50
256 57 21 37
256 75 23 294
256 83 31 183
256 91 26 257
256 94 53 95
256 111 1 288
257 5 21 303
257 19 39 122
257 35 31 125
257 44 55 353
257 53 11 159
257 54 45 50
257 63 1 194
257 74 25 88
257 86 35 91
257 90 49 434
257 93 28 295
257 98 13 153
257 106 47 289
257 109 5 138
257 112 7 170
258 12 25 256
258 30 1 306
258 32 43 426
258 35 7 162
258 37 19 213
258 50 16 418
258 52 59 50
258 55 53 288
258 62 49 346
258 67 11 121
258 70 31 10
258 87 40 142
258 89 5 366
258 103 13 350
259 5 31 302
259 9 7 325
259 36 49 158
259 42 19 235
259 54 33 442
259 68 2 407
259 70 55 116
259 82 40 69
259 83 53 183
259 84 46 215
259 85 43 413
259 94 5 426
259 111 15 288
259 113 25 335
260 4 39 378
260 14 13 301
260 38 5 239
260 61 55 416
260 68 7 407
260 82 29 311
260 85 52 413
260 86 47 449
260 90 25 100
260 102 16 150
260 103 49 270
260 109 31 1
260 110 10 431
260 117 1 410
261 2 22 7
261 5 11 303
261 7 56 27
261 21 43 284
261 23 13 227
261 33 37 425
261 47 17 343
261 53 53 310
261 57 27 308
261 70 49 410
261 78 32 280
261 96 1 188
261 97 19 28
261 106 41 344
261 113 7 358
262 25 10 178
262 31 25 265
262 38 5 133
262 54 31 442
262 57 45 37
262 61 1 55
262 67 43 121
262 72 35 164
262 82 17 371
262 88 50 114
262 97 40 420
262 99 13 446
262 102 58 97
262 103 37 222
262 109 21 138
263 5 11 302
263 6 26 280
263 29 1 262
263 30 43 311
263 32 37 388
263 35 7 52
263 45 52 82
263 76 49 416
263 89 17 366
263 91 13 449
263 92 31 359
263 96 58 249
263 112 55 170
263 119 19 76
264 8 41 129
264 23 25 377
264 25 7 116
264 31 19 94
264 38 43 133
264 43 4 404
264 59 15 123
264 65 46 1
264 66 57 432
264 85 31 289
264 104 51 126
264 106 29 285
264 109 37 138
264 118 34 438
265 3 17 161
265 13 7 30
265 14 19 349
265 17 51 125
265 25 37 107
265 26 13 45
265 29 4 262
265 42 31 72
265 44 56 430
265 82 41 171
265 83 11 380
265 86 25 449
265 87 27 142
265 102 22 253
265 115 43 230
266 3 1 250
266 4 41 378
266 10 47 253
266 17 21 409
266 38 52 133
266 43 7 315
266 47 55 444
266 50 16 185
266 65 19 1
266 67 14 421
266 97 10 28
266 107 26 75
266 110 44 431
266 116 3 62
267 6 56 186
267 9 22 5
267 11 19 412
267 14 7 349
267 32 44 450
267 42 13 122
267 49 51 330
267 59 49 123
267 63 2 130
267 95 9 294
267 104 25 126
267 113 37 15
267 117 31 172
268 5 53 302
268 10 41 253
268 16 29 315
268 41 13 373
268 54 5 442
268 72 23 388
268 74 1 4
268 80 19 258
268 88 32 14
268 92 37 218
268 96 10 369
268 98 25 270
268 105 17 266
268 115 55 171
269 6 15 210
269 13 4 30
269 21 55 81
269 49 57 330
269 52 13 50
269 59 19 123
269 69 40 48
269 76 37 416
269 77 33 275
269 86 2 449
269 87 49 355
269 99 8 161
269 102 22 150
269 117 43 380
270 6 9 183
270 7 31 199
270 12 51 370
270 39 1 277
270 53 37 342
270 63 26 268
270 66 43 386
270 84 19 215
270 90 39 100
270 94 47 426
270 102 22 354
270 118 16 264
270 119 56 111
271 12 7 55
271 14 5 407
271 19 34 122
271 22 2 63
271 45 22 280
271 46 31 434
271 55 13 316
271 70 25 291
271 87 55 355
271 88 49 14
271 91 43 449
271 96 15 402
271 102 19 150
271 109 40 278
271 114 11 277
272 14 23 301
272 21 59 216
272 27 51 289
272 35 55 280
272 40 40 431
272 53 35 127
272 56 49 418
272 58 19 204
272 64 43 81
272 66 13 205
272 68 8 139
272 75 11 63
272 96 25 91
272 101 5 320
272 107 1 95
273 3 39 250
273 13 3 281
273 16 25 221
273 24 15 201
273 32 45 313
273 38 43 423
273 49 27 104
273 66 31 205
273 68 19 124
273 86 7 449
273 92 49 298
273 101 22 320
273 106 55 266
273 118 58 264
273 120 9 85
274 6 37 355
274 9 52 90
274 19 1 249
274 48 7 374
274 54 47 50
274 76 4 384
274 82 31 171
274 87 16 299
274 92 55 359
274 94 10 353
274 95 33 60
274 96 28 188
274 110 44 410
274 114 59 347
274 118 25 264
275 8 17 129
275 14 21 349
275 24 39 201
275 31 49 265
275 48 4 374
275 54 19 442
275 66 55 205
275 69 7 398
275 71 13 261
275 83 41 380
275 84 31 182
275 86 10 91
275 108 26 445
275 115 46 171
276 9 3 90
276 47 17 435
276 57 41 282
276 67 1 121
276 68 46 407
276 85 37 413
276 86 29 235
276 88 56 127
276 92 25 160
276 93 22 206
276 94 43 76
276 98 31 153
276 107 13 419
276 112 10 170
276 114 19 415
277 9 16 138
277 17 55 278
277 22 31 63
277 30 25 311
277 49 37 174
277 51 13 192
277 71 43 440
277 88 50 127
277 89 23 366
277 93 58 295
277 100 7 433
277 101 11 78
277 107 1 75
277 112 20 387
278 2 2 164
278 9 58 90
278 20 45 371
278 26 25 420
278 40 49 60
278 44 13 370
278 69 28 48
278 74 20 450
278 75 5 391
278 78 31 366
278 94 11 95
278 97 7 321
278 111 37 271
278 115 55 230
279 3 19 250
279 15 1 258
279 19 10 122
279 28 37 39
279 32 55 450
279 40 22 431
279 49 31 3
279 63 25 130
279 76 44 384
279 98 13 325
279 107 49 419
279 109 3 1
279 114 35 347
279 116 7 29
280 16 22 180
280 27 43 422
280 29 49 262
280 52 31 4
280 55 25 288
280 59 11 361
280 69 56 398
280 72 41 14
280 73 14 104
280 80 33 368
280 90 7 434
280 91 37 319
280 92 27 359
280 96 4 91
281 13 13 281
281 16 5 221
281 20 37 208
281 22 7 154
281 37 22 213
281 58 46 379
281 61 55 55
281 65 11 391
281 76 34 284
281 96 49 214
281 100 25 73
281 110 16 431
281 113 1 24
282 16 35 221
282 17 25 278
282 21 1 81
282 23 43 387
282 37 52 213
282 41 16 373
282 44 37 353
282 45 13 351
282 46 8 450
282 51 58 199
282 61 31 416
282 67 50 368
282 85 28 382
282 87 3 355
282 115 20 69
283 9 46 90
283 21 39 81
283 27 55 289
283 30 7 306
283 40 28 60
283 46 25 402
283 55 43 316
283 58 1 379
283 78 50 411
283 92 19 218
283 107 31 135
283 117 13 380
284 4 59 378
284 12 51 256
284 16 13 226
284 20 3 208
284 21 1 257
284 35 7 78
284 42 32 308
284 46 40 205
284 47 23 444
284 62 56 169
284 79 37 423
284 80 44 136
284 84 16 215
284 90 19 70
284 109 49 278
285 12 32 422
285 15 47 342
285 19 4 35
285 23 55 227
285 37 1 443
285 58 16 379
285 59 25 123
285 69 40 36
285 71 19 367
285 75 49 294
285 78 7 328
285 91 27 449
285 97 37 295
285 112 51 170
286 2 8 191
286 11 46 333
286 24 57 201
286 30 39 26
286 51 13 199
286 54 55 50
286 55 11 279
286 64 49 81
286 76 16 284
286 77 31 299
286 80 19 357
286 94 3 284
286 106 1 169
286 109 53 138
287 13 9 269
287 16 56 221
287 22 31 79
287 26 13 140
287 32 43 249
287 33 38 415
287 39 28 103
287 59 51 123
287 67 5 121
287 82 7 82
287 98 19 88
287 101 23 446
287 106 16 285
287 120 25 310
288 25 34 330
288 26 16 140
288 31 2 439
288 37 13 213
288 51 9 199
288 55 7 288
288 56 41 204
288 67 53 121
288 68 43 407
288 81 37 361
288 83 29 183
288 88 49 312
288 95 19 294
288 97 31 310
288 111 25 245
289 4 3 378
289 13 43 30
289 32 49 245
289 35 25 162
289 51 7 416
289 54 57 442
289 56 34 321
289 88 19 127
289 93 31 295
289 95 45 242
289 97 13 420
289 102 10 150
289 106 55 14
289 113 37 169
290 2 19 223
290 12 7 422
290 28 31 390
290 30 57 57
290 32 14 388
290 37 52 443
290 50 49 142
290 54 35 103
290 63 25 194
290 71 37 440
290 91 43 257
290 100 1 433
290 116 22 29
291 17 33 278
291 27 43 89
291 29 37 262
291 35 13 162
291 37 58 213
291 47 3 444
291 50 55 401
291 65 17 358
291 67 11 368
291 82 23 249
291 97 52 420
291 105 9 266
291 113 25 358
291 117 19 172
292 2 13 376
292 5 47 95
292 18 26 230
292 31 39 94
292 36 31 158
292 39 43 277
292 46 7 185
292 59 37 123
292 67 59 121
292 73 55 323
292 90 49 231
292 92 19 160
292 105 5 22
292 106 23 169
292 113 1 15
293 6 55 191
293 11 28 412
293 15 37 90
293 16 1 315
293 21 11 257
293 23 20 239
293 43 40 315
293 48 52 429
293 52 7 4
293 75 35 316
293 79 15 423
293 91 31 320
293 106 59 289
293 108 44 238
293 111 3 245
294 5 13 302
294 13 28 281
294 21 23 257
294 48 19 374
294 55 53 354
294 59 17 361
294 64 49 354
294 76 55 105
294 78 43 366
294 85 25 413
294 89 1 376
294 97 7 97
294 98 37 325
294 105 59 256
294 106 35 76
295 1 19 414
295 21 37 81
295 23 56 252
295 27 7 41
295 44 1 133
295 47 45 444
295 65 35 440
295 71 49 386
295 72 13 103
295 73 15 221
295 83 53 380
295 87 40 196
295 90 25 99
295 119 31 408
296 3 55 250
296 7 1 382
296 16 11 55
296 20 43 400
296 38 35 7
296 43 16 347
296 56 5 389
296 57 9 37
296 68 22 407
296 87 58 355
296 90 31 169
296 106 39 285
296 112 26 170
296 116 13 62
296 117 49 196
297 3 52 250
297 5 5 297
297 6 45 355
297 7 37 27
297 20 31 371
297 41 1 351
297 45 23 172
297 56 43 418
297 74 25 45
297 80 13 357
297 95 19 129
297 100 7 190
297 109 41 138
297 111 55 408
298 12 55 256
298 21 53 81
298 24 23 201
298 30 31 311
298 31 38 439
298 62 49 259
298 63 2 268
298 64 43 119
298 83 59 181
298 101 47 446
298 103 9 350
298 107 19 75
298 111 25 332
298 117 13 406
298 120 35 299
299 21 17 216
299 22 19 79
299 29 22 428
299 46 46 147
299 50 25 418
299 54 11 153
299 56 33 389
299 64 1 319
299 67 9 121
299 69 28 36
299 74 40 88
299 76 58 284
299 107 13 135
299 114 31 49
300 10 49 316
300 12 1 422
300 14 58 349
300 17 28 222
300 20 14 400
300 45 5 153
300 55 53 279
300 56 26 321
300 80 31 258
300 87 55 4
300 91 37 449
300 101 23 78
300 117 19 380
300 119 7 257
Điểm tối ưu/tốt nhất tìm được: 4272
Thời gian: 360.025837 giây
Trạng thái: VALID
