2905
1 5 37 116
1 10 3 105
1 13 10 179
1 17 57 94
1 18 46 210
1 19 32 3
1 20 7 263
1 21 25 251
1 26 43 216
1 51 50 54
1 61 13 135
1 63 22 108
1 72 1 95
2 3 25 182
2 8 7 101
2 10 20 136
2 14 1 275
2 18 49 128
2 27 57 271
2 32 38 24
2 36 31 161
2 39 43 34
2 48 41 254
2 49 13 123
2 56 27 118
2 58 5 278
2 72 35 95
2 75 10 8
3 14 13 245
3 18 49 207
3 21 31 246
3 22 26 263
3 33 9 150
3 34 53 272
3 36 55 205
3 40 23 80
3 46 37 246
3 53 3 122
3 65 1 79
3 67 43 228
3 74 19 265
3 75 58 202
4 3 23 133
4 11 37 100
4 17 49 262
4 21 31 193
4 23 46 51
4 30 56 138
4 36 1 205
4 39 7 9
4 43 25 201
4 47 10 83
4 61 52 48
4 62 43 169
4 63 16 108
4 71 4 295
4 75 28 203
5 1 52 174
5 3 5 179
5 4 58 172
5 6 25 287
5 12 7 30
5 17 44 14
5 22 49 210
5 25 22 87
5 36 1 161
5 53 13 122
5 59 39 180
5 60 19 58
5 62 33 169
5 68 55 222
5 69 37 200
6 3 35 182
6 8 7 180
6 9 43 272
6 10 21 105
6 23 58 240
6 32 31 61
6 34 14 289
6 44 37 295
6 58 4 266
6 63 10 108
6 71 49 271
6 73 19 81
6 76 16 168
6 79 52 121
6 80 55 202
7 2 1 3
7 4 57 51
7 8 46 241
7 9 20 272
7 13 10 76
7 18 7 4
7 25 16 269
7 32 43 254
7 38 13 229
7 45 5 1
7 53 49 267
7 54 40 42
7 63 25 234
7 73 33 81
8 1 38 26
8 5 19 118
8 16 13 281
8 18 1 145
8 28 8 250
8 31 43 225
8 36 27 205
8 45 23 186
8 56 49 118
8 57 10 135
8 63 34 234
8 64 47 251
8 65 25 79
8 69 57 200
8 72 32 24
9 13 58 179
9 20 28 6
9 28 53 261
9 33 7 39
9 39 16 278
9 42 37 35
9 48 1 207
9 49 49 123
9 52 19 109
9 55 34 56
9 60 55 166
9 62 4 130
9 70 9 282
9 77 43 22
9 80 13 41
10 1 55 26
10 10 1 185
10 11 13 110
10 18 7 128
10 19 40 270
10 20 46 6
10 33 51 39
10 43 33 25
10 45 19 66
10 50 35 246
10 64 10 251
10 73 27 81
10 75 21 8
10 76 31 152
11 5 15 118
11 9 7 272
11 12 49 30
11 23 43 40
11 26 40 216
11 33 1 150
11 35 56 220
11 39 19 278
11 45 35 282
11 46 25 255
11 50 3 128
11 52 22 285
11 64 13 251
11 69 28 104
11 71 37 273
12 3 7 182
12 5 49 208
12 22 4 263
12 24 13 119
12 37 37 170
12 44 55 7
12 55 34 235
12 56 25 2
12 59 19 283
12 64 45 47
12 65 43 79
12 68 10 273
12 75 58 71
12 76 1 62
12 79 31 135
13 10 55 107
13 11 16 100
13 22 32 124
13 25 13 219
13 26 40 169
13 28 2 155
13 31 49 180
13 41 7 76
13 42 43 98
13 46 20 264
13 55 28 56
13 63 4 108
13 67 9 58
13 68 25 29
13 76 37 168
14 14 33 110
14 18 13 207
14 21 1 71
14 29 25 290
14 36 43 205
14 38 23 229
14 39 46 186
14 41 52 76
14 42 7 35
14 50 5 116
14 58 55 235
14 60 16 95
14 64 57 47
14 67 39 78
14 68 49 212
15 7 1 162
15 9 19 191
15 10 13 136
15 13 34 179
15 20 49 201
15 23 11 40
15 25 25 219
15 40 9 84
15 50 52 128
15 56 37 207
15 61 58 48
15 66 5 94
15 68 28 273
15 70 43 187
16 5 43 105
16 16 19 239
16 23 55 40
16 34 53 289
16 35 9 190
16 54 1 241
16 59 49 61
16 66 35 138
16 69 28 57
16 71 4 271
16 73 57 81
16 75 31 269
16 76 7 168
16 78 37 9
16 80 16 202
17 1 16 26
17 2 49 3
17 15 13 171
17 16 9 157
17 17 22 262
17 21 55 193
17 23 25 51
17 25 27 269
17 31 37 88
17 34 41 272
17 35 2 190
17 36 34 205
17 41 59 76
17 53 43 267
17 69 7 188
18 1 46 90
18 5 13 286
18 9 1 23
18 21 25 193
18 40 35 216
18 41 7 211
18 44 50 7
18 45 22 66
18 47 19 83
18 51 37 54
18 52 43 5
18 58 57 235
18 63 31 234
18 76 53 152
19 5 49 286
19 6 8 59
19 15 26 103
19 19 57 270
19 28 17 250
19 29 37 290
19 33 13 39
19 38 55 5
19 39 1 58
19 47 43 83
19 57 22 223
19 61 32 48
19 64 41 47
19 68 19 273
19 73 15 81
20 2 25 147
20 5 55 208
20 26 10 291
20 27 35 136
20 29 43 60
20 33 7 150
20 40 17 84
20 41 49 152
20 42 40 103
20 49 31 226
20 53 19 267
20 64 38 251
20 67 13 228
20 70 1 187
20 76 5 168
21 1 16 90
21 7 49 34
21 17 28 238
21 23 11 240
21 28 13 250
21 41 1 222
21 48 23 101
21 49 31 123
21 55 58 255
21 59 43 61
21 63 7 108
21 71 19 271
21 77 3 206
21 78 37 124
21 79 25 135
22 1 58 90
22 2 25 3
22 4 50 172
22 7 9 34
22 14 13 96
22 22 4 28
22 23 34 40
22 34 19 289
22 44 1 7
22 49 37 226
22 51 43 54
22 64 7 47
22 68 31 150
22 72 21 155
22 80 55 41
23 1 40 90
23 10 56 210
23 17 25 172
23 26 28 119
23 45 50 66
23 47 52 83
23 48 11 25
23 52 4 5
23 58 23 235
23 63 31 108
23 64 1 276
23 67 43 176
23 69 37 188
23 73 13 81
23 78 19 145
24 3 57 182
24 4 7 172
24 5 37 286
24 6 33 159
24 10 13 210
24 15 28 268
24 19 49 74
24 24 43 199
24 27 31 169
24 28 59 261
24 39 10 70
24 48 21 101
24 58 47 235
24 67 2 176
25 1 26 90
25 9 31 272
25 13 43 179
25 15 4 268
25 18 19 151
25 26 37 216
25 29 49 60
25 32 57 24
25 35 7 36
25 52 40 172
25 54 1 42
25 62 22 169
25 72 29 52
25 73 17 81
25 77 13 22
26 20 31 263
26 27 17 287
26 31 19 293
26 33 5 22
26 34 35 272
26 35 44 36
26 37 13 14
26 42 37 98
26 45 25 66
26 57 7 6
26 58 40 75
26 62 1 169
26 65 23 198
26 67 27 176
26 69 55 200
27 12 43 11
27 19 16 74
27 24 49 119
27 28 21 250
27 38 28 24
27 40 59 79
27 41 23 222
27 44 9 208
27 58 7 63
27 62 13 67
27 67 55 176
27 71 37 271
27 74 1 265
27 78 31 9
27 80 25 258
28 6 44 231
28 13 25 179
28 20 52 263
28 36 10 161
28 41 1 252
28 45 59 1
28 46 31 264
28 48 29 254
28 54 7 100
28 57 55 262
28 61 4 48
28 67 19 176
28 73 17 199
28 78 13 9
28 80 49 202
29 1 1 26
29 2 25 254
29 6 19 59
29 9 49 191
29 17 37 262
29 32 40 32
29 34 33 289
29 43 31 25
29 47 56 83
29 53 7 122
29 60 4 58
29 67 13 35
29 72 43 95
29 73 59 199
29 75 45 203
30 1 31 90
30 6 1 59
30 7 50 204
30 9 37 272
30 12 19 11
30 15 7 293
30 17 58 286
30 25 55 87
30 30 43 235
30 35 25 190
30 36 34 100
30 70 15 282
30 75 10 21
30 76 13 168
31 7 49 110
31 8 7 17
31 9 1 272
31 13 40 108
31 22 25 160
31 23 47 40
31 24 43 264
31 32 13 80
31 33 16 150
31 35 31 36
31 46 10 255
31 48 28 101
31 57 56 6
31 64 5 251
31 73 21 199
32 6 19 287
32 10 25 237
32 12 43 102
32 24 1 264
32 26 57 291
32 30 49 138
32 36 8 205
32 40 17 14
32 41 11 222
32 45 47 1
32 50 5 19
32 55 13 69
32 60 31 260
32 61 38 268
32 79 34 121
33 3 16 182
33 4 10 280
33 10 1 116
33 15 46 293
33 23 25 40
33 27 59 271
33 31 31 229
33 39 43 278
33 44 55 295
33 52 22 5
33 56 37 76
33 60 7 220
33 62 49 130
33 70 27 78
33 75 13 203
34 6 19 231
34 14 13 137
34 15 28 17
34 23 56 240
34 34 17 289
34 36 43 4
34 38 37 229
34 43 23 216
34 44 33 295
34 46 40 166
34 54 46 100
34 65 9 211
34 69 31 200
34 76 11 168
34 78 1 124
35 12 49 102
35 14 25 245
35 18 19 4
35 21 33 251
35 25 7 269
35 27 55 169
35 30 39 4
35 33 5 139
35 40 13 84
35 43 1 216
35 51 57 109
35 54 16 42
35 68 46 273
35 69 11 200
35 76 37 152
36 3 11 295
36 6 13 183
36 14 44 137
36 20 34 213
36 32 25 266
36 35 21 220
36 37 55 63
36 47 49 83
36 48 4 4
36 52 1 149
36 57 28 135
36 59 7 283
36 62 31 262
36 70 37 187
36 72 19 95
37 4 46 172
37 15 13 17
37 17 43 94
37 19 10 74
37 22 27 66
37 23 23 240
37 26 34 291
37 28 25 250
37 36 49 161
37 38 19 24
37 39 31 278
37 57 37 135
37 62 40 5
37 71 52 29
37 77 1 22
38 10 49 136
38 14 25 96
38 21 37 193
38 27 55 271
38 38 57 5
38 41 14 76
38 42 43 103
38 45 11 138
38 56 19 207
38 62 46 130
38 65 1 211
38 66 53 138
38 73 35 199
38 74 31 126
38 80 4 258
39 1 52 26
39 4 28 280
39 8 49 117
39 12 19 102
39 20 57 149
39 25 25 185
39 29 13 290
39 31 39 229
39 34 55 272
39 40 11 216
39 48 33 4
39 53 1 267
39 70 43 159
39 77 7 22
40 2 21 139
40 5 7 1
40 6 39 2
40 14 49 137
40 15 13 103
40 26 58 216
40 28 11 261
40 32 1 80
40 43 33 216
40 45 37 1
40 47 28 83
40 52 25 183
40 58 5 226
40 60 45 95
40 69 19 200
41 4 49 280
41 8 2 17
41 10 43 136
41 12 31 102
41 17 25 94
41 23 53 240
41 29 13 115
41 33 35 22
41 34 8 289
41 61 10 48
41 62 22 278
41 65 5 211
41 68 19 29
41 75 55 71
41 77 37 240
42 7 49 215
42 19 13 97
42 21 7 193
42 22 37 202
42 23 22 40
42 35 55 173
42 40 31 216
42 48 17 254
42 49 26 226
42 50 46 19
42 54 34 42
42 55 40 198
42 57 19 223
42 58 3 75
42 65 5 79
43 4 16 51
43 5 21 1
43 8 7 241
43 15 25 268
43 20 28 88
43 23 5 298
43 36 50 205
43 39 43 186
43 51 1 56
43 57 10 176
43 58 59 119
43 63 37 234
43 64 40 251
43 72 55 24
43 80 34 258
44 9 26 272
44 14 19 245
44 23 37 51
44 27 15 271
44 35 7 173
44 42 58 103
44 52 39 285
44 53 49 16
44 56 31 203
44 57 55 172
44 58 11 119
44 59 1 180
44 72 23 52
44 74 43 289
45 9 57 272
45 10 1 210
45 13 22 170
45 24 31 96
45 30 13 138
45 37 43 238
45 48 5 207
45 52 28 149
45 56 7 118
45 60 37 220
45 64 11 276
45 65 19 211
45 70 51 233
45 71 25 273
45 76 35 168
46 2 45 139
46 15 16 17
46 26 1 291
46 28 29 261
46 32 37 266
46 33 43 39
46 36 7 57
46 48 34 51
46 50 11 246
46 52 25 149
46 54 19 42
46 69 22 200
46 72 59 52
46 74 49 63
47 3 43 182
47 11 1 270
47 12 37 102
47 20 13 6
47 29 49 261
47 42 16 125
47 45 9 66
47 48 35 25
47 59 25 121
47 70 31 282
47 72 53 24
47 74 55 105
47 75 4 21
47 76 59 168
47 78 19 183
48 1 4 90
48 4 10 172
48 5 43 208
48 11 13 100
48 32 22 254
48 34 49 289
48 37 37 238
48 44 32 29
48 50 7 246
48 56 51 89
48 57 58 56
48 68 1 273
48 74 26 213
49 2 31 21
49 3 17 295
49 16 43 213
49 23 22 51
49 29 49 115
49 32 55 266
49 42 1 98
49 44 7 7
49 49 13 226
49 56 37 118
49 69 4 200
49 71 10 263
49 72 26 95
49 73 53 81
49 76 47 168
50 1 19 26
50 6 57 130
50 9 9 23
50 14 25 212
50 16 1 281
50 17 31 94
50 25 34 269
50 26 22 291
50 29 43 115
50 31 13 88
50 36 50 4
50 40 7 84
50 53 37 267
50 73 55 81
51 11 37 110
51 12 13 102
51 13 19 179
51 15 1 268
51 30 25 235
51 33 31 39
51 34 4 289
51 36 22 4
51 37 50 170
51 39 10 186
51 44 43 29
51 56 55 223
51 69 35 200
51 75 7 8
51 76 40 152
52 4 31 172
52 10 37 136
52 23 9 40
52 26 4 291
52 32 13 266
52 34 35 289
52 37 27 14
52 40 55 14
52 43 41 201
52 44 19 295
52 54 16 192
52 62 22 75
52 69 25 200
52 74 49 168
52 78 43 183
53 11 49 270
53 16 31 239
53 17 19 14
53 37 55 19
53 41 7 149
53 48 4 133
53 51 27 80
53 55 37 56
53 60 16 166
53 61 22 48
53 64 2 251
53 69 9 200
53 71 13 273
53 73 25 152
53 76 59 152
54 3 53 182
54 9 13 222
54 13 10 80
54 14 1 110
54 29 38 261
54 33 35 139
54 41 5 149
54 44 19 7
54 52 43 198
54 53 25 16
54 57 7 176
54 65 59 198
54 70 49 187
54 77 31 22
54 78 55 9
55 8 9 275
55 12 26 73
55 13 37 179
55 16 1 157
55 23 7 40
55 40 13 216
55 46 33 233
55 52 19 285
55 55 40 220
55 56 55 150
55 60 22 58
55 64 50 47
55 68 16 273
55 77 45 38
56 2 3 256
56 4 7 51
56 7 13 162
56 8 25 101
56 14 37 96
56 18 28 207
56 24 55 264
56 25 19 87
56 32 49 81
56 38 10 217
56 63 22 234
56 65 41 83
56 76 1 152
56 78 31 199
57 6 33 287
57 8 52 40
57 16 25 19
57 22 55 263
57 23 9 298
57 32 16 266
57 33 29 139
57 40 31 14
57 42 13 98
57 48 11 254
57 60 4 220
57 62 1 278
57 78 43 124
57 80 22 258
58 18 43 151
58 24 38 89
58 25 58 87
58 27 9 271
58 32 25 24
58 39 34 259
58 47 16 83
58 51 20 54
58 55 31 255
58 57 46 223
58 58 28 266
58 60 13 166
58 73 1 81
58 77 49 206
58 79 4 121
59 5 14 1
59 15 37 103
59 16 25 157
59 30 43 138
59 31 1 229
59 34 49 266
59 41 7 222
59 42 10 98
59 48 52 51
59 52 58 285
59 53 31 267
59 56 21 76
59 64 5 47
59 71 55 29
59 75 40 71
60 4 16 172
60 14 8 212
60 17 37 14
60 23 27 40
60 26 34 252
60 28 32 155
60 30 1 235
60 32 46 24
60 40 25 14
60 43 13 25
60 51 19 80
60 54 58 192
60 56 49 157
60 69 23 57
60 72 5 52
61 1 22 26
61 2 1 147
61 4 19 51
61 11 26 110
61 17 58 161
61 24 37 119
61 28 5 261
61 38 35 229
61 40 53 14
61 45 13 66
61 48 31 101
61 53 43 122
61 63 15 234
61 77 49 38
61 80 10 41
62 1 4 26
62 6 55 72
62 9 49 151
62 10 31 105
62 12 7 11
62 16 25 239
62 27 11 136
62 32 19 254
62 33 23 22
62 35 43 190
62 43 16 216
62 44 13 7
62 49 37 123
62 68 1 217
63 6 55 2
63 10 19 116
63 12 43 73
63 14 51 96
63 16 37 239
63 22 33 66
63 27 17 169
63 33 49 39
63 45 11 66
63 50 13 246
63 55 28 255
63 57 25 56
63 67 1 78
63 80 7 202
64 1 49 90
64 2 44 147
64 7 37 34
64 11 13 270
64 19 25 43
64 23 16 40
64 31 31 180
64 34 52 84
64 39 9 278
64 43 55 201
64 56 19 203
64 71 1 282
64 75 28 8
64 77 57 38
64 79 4 39
65 5 49 1
65 13 45 84
65 17 25 222
65 24 31 119
65 27 11 271
65 28 43 250
65 29 3 60
65 40 1 84
65 43 9 25
65 44 16 7
65 50 59 116
65 52 55 198
65 61 19 135
65 62 13 170
65 75 28 202
66 5 1 208
66 7 31 162
66 12 20 97
66 14 7 245
66 20 16 201
66 26 49 291
66 32 37 80
66 33 47 150
66 36 55 4
66 40 58 84
66 57 52 6
66 68 40 212
66 69 35 35
66 74 43 168
66 77 27 240
67 8 39 40
67 12 55 73
67 22 3 66
67 23 1 40
67 24 19 186
67 26 13 291
67 30 43 71
67 32 16 61
67 35 25 36
67 36 34 47
67 42 51 98
67 44 31 7
67 49 7 226
67 73 29 81
68 9 13 272
68 10 7 237
68 11 46 110
68 23 17 240
68 28 55 250
68 30 49 293
68 35 32 69
68 36 39 205
68 39 1 186
68 46 22 246
68 54 4 117
68 60 19 166
68 62 43 130
68 67 57 35
68 73 37 81
69 2 26 44
69 9 49 23
69 11 40 110
69 33 23 150
69 35 13 220
69 44 10 7
69 45 58 66
69 48 7 25
69 50 17 246
69 53 19 290
69 59 31 283
69 70 43 75
69 79 1 121
70 5 32 1
70 6 37 159
70 12 43 30
70 20 1 74
70 21 49 193
70 35 56 190
70 47 22 83
70 48 5 254
70 50 20 246
70 68 28 150
70 74 8 126
70 75 25 203
70 77 13 240
71 5 50 105
71 11 1 100
71 15 25 17
71 16 37 213
71 18 10 42
71 19 58 43
71 25 19 269
71 37 33 14
71 40 29 84
71 41 31 76
71 55 16 69
71 57 22 6
71 72 41 24
71 74 43 259
71 79 13 155
72 2 43 3
72 6 49 231
72 12 20 73
72 14 31 212
72 16 1 213
72 42 16 217
72 51 7 54
72 58 35 75
72 61 13 48
72 70 25 41
72 74 38 126
72 78 55 124
73 1 49 26
73 8 55 103
73 15 31 268
73 22 16 28
73 24 25 264
73 29 1 297
73 39 19 9
73 46 44 255
73 48 11 101
73 50 29 128
73 52 13 5
73 53 7 267
73 70 37 47
73 72 35 52
73 76 22 168
74 4 31 51
74 9 37 222
74 10 25 105
74 14 1 212
74 17 34 262
74 18 49 42
74 19 44 97
74 25 55 219
74 28 47 250
74 31 19 229
74 32 8 254
74 54 13 42
74 58 11 226
74 65 17 211
74 72 5 95
75 2 25 256
75 5 31 286
75 8 49 17
75 12 2 102
75 19 43 74
75 22 52 28
75 27 13 271
75 30 19 133
75 41 40 149
75 42 46 98
75 50 38 128
75 60 58 166
75 70 8 187
75 75 15 8
76 1 34 26
76 4 39 51
76 13 2 179
76 15 13 268
76 19 52 43
76 23 47 240
76 28 5 155
76 29 8 115
76 31 25 229
76 34 23 289
76 52 49 149
76 53 43 290
76 57 31 6
76 61 58 135
76 70 19 282
77 15 10 293
77 21 43 246
77 22 21 30
77 25 7 87
77 39 50 186
77 47 13 83
77 49 25 123
77 51 31 54
77 56 37 203
77 57 16 6
77 73 3 81
77 76 19 152
77 79 56 39
78 2 19 21
78 6 7 231
78 8 45 101
78 23 49 40
78 26 31 252
78 30 13 4
78 43 4 201
78 46 1 246
78 49 56 226
78 64 43 47
78 67 37 176
78 71 34 43
78 74 25 289
78 78 51 199
79 3 13 182
79 11 34 270
79 12 26 241
79 15 31 57
79 20 37 201
79 27 23 287
79 38 59 5
79 42 56 280
79 46 15 208
79 48 40 101
79 56 7 207
79 58 19 63
79 64 53 251
79 69 5 104
79 77 1 38
80 14 3 96
80 29 38 60
80 31 43 180
80 34 21 289
80 36 52 161
80 41 33 76
80 42 55 269
80 44 49 29
80 50 1 128
80 57 25 6
80 59 8 285
80 65 13 211
80 66 15 231
80 71 28 295
80 73 23 199
81 1 13 90
81 3 1 182
81 4 43 51
81 13 31 179
81 23 41 240
81 24 37 199
81 28 59 250
81 31 3 88
81 34 11 2
81 39 16 186
81 41 9 222
81 45 7 66
81 54 19 117
81 67 25 35
81 68 56 273
82 2 20 147
82 3 49 295
82 8 1 101
82 15 43 268
82 17 25 238
82 25 28 219
82 26 46 79
82 29 32 115
82 32 4 80
82 42 16 255
82 50 13 19
82 56 51 2
82 63 7 234
82 74 55 195
82 78 37 145
83 2 31 139
83 5 43 286
83 10 55 136
83 13 22 84
83 30 15 133
83 40 11 84
83 52 37 149
83 53 7 290
83 60 4 260
83 69 13 104
83 71 1 295
83 72 52 95
83 75 25 8
83 79 49 135
83 80 19 258
84 10 9 185
84 12 15 30
84 13 46 76
84 15 43 293
84 21 55 8
84 23 37 40
84 27 7 271
84 37 31 19
84 38 35 79
84 39 49 278
84 63 25 108
84 68 4 29
84 69 39 200
84 74 19 126
84 76 1 249
85 3 7 295
85 9 1 191
85 19 55 3
85 24 49 264
85 32 16 80
85 35 37 190
85 36 58 4
85 37 31 238
85 40 25 80
85 60 46 166
85 65 27 79
85 68 19 150
85 69 11 188
85 71 22 29
85 76 9 168
86 1 13 174
86 10 26 116
86 26 2 30
86 28 33 250
86 29 19 115
86 33 59 39
86 38 9 79
86 43 47 216
86 45 53 1
86 46 40 252
86 52 55 285
86 54 43 192
86 61 37 52
86 64 7 251
86 72 31 95
87 9 49 272
87 12 55 11
87 15 19 268
87 22 40 28
87 23 5 240
87 30 43 265
87 39 13 186
87 48 53 25
87 54 37 42
87 55 8 56
87 61 32 52
87 63 16 106
87 64 3 47
87 70 25 75
88 11 46 270
88 15 7 147
88 16 38 281
88 19 58 3
88 22 52 124
88 27 31 287
88 32 10 81
88 40 5 14
88 44 28 7
88 58 25 119
88 59 15 283
88 64 3 114
88 67 20 86
88 68 34 150
88 72 1 52
89 2 49 139
89 3 45 182
89 17 22 94
89 20 10 88
89 22 40 202
89 30 33 201
89 35 1 36
89 38 5 229
89 41 25 76
89 42 19 98
89 61 27 48
89 62 37 169
89 70 55 244
89 74 13 126
90 3 49 182
90 7 25 34
90 11 55 100
90 14 31 137
90 19 7 97
90 28 17 155
90 31 43 21
90 52 37 198
90 60 21 95
90 66 53 231
90 67 13 78
90 71 40 29
90 74 1 126
90 79 10 192
91 10 37 105
91 12 31 30
91 16 19 281
91 29 13 261
91 39 58 186
91 54 7 42
91 61 55 135
91 65 3 211
91 69 10 104
91 70 25 233
91 74 43 63
91 75 50 269
92 2 25 21
92 3 55 182
92 4 13 172
92 9 31 97
92 14 57 275
92 22 22 263
92 24 43 119
92 37 9 14
92 58 5 119
92 68 49 273
92 74 38 289
92 76 29 152
92 77 1 240
93 1 1 174
93 12 37 73
93 19 34 74
93 26 46 291
93 28 19 250
93 31 25 283
93 35 7 158
93 40 43 84
93 48 14 51
93 51 57 54
93 53 21 122
93 55 31 56
93 66 55 94
93 69 16 200
93 77 49 22
94 1 13 26
94 3 47 182
94 5 55 52
94 12 37 77
94 17 28 222
94 18 10 145
94 22 16 59
94 23 23 298
94 31 51 200
94 37 31 170
94 38 49 24
94 43 19 25
94 56 3 76
94 64 21 47
94 69 1 57
95 1 58 26
95 4 22 280
95 5 27 199
95 8 4 198
95 21 49 219
95 24 37 264
95 28 17 261
95 32 7 80
95 36 1 4
95 39 19 259
95 45 13 282
95 50 10 128
95 60 31 220
95 80 43 258
96 1 55 90
96 13 19 84
96 15 16 268
96 17 28 94
96 18 1 262
96 23 25 240
96 24 43 89
96 25 13 87
96 28 39 250
96 48 31 4
96 52 10 5
96 59 49 195
96 75 58 269
96 77 33 15
96 79 7 135
97 2 13 3
97 11 10 270
97 22 38 66
97 26 19 291
97 28 1 250
97 29 49 290
97 32 43 24
97 35 55 36
97 46 7 255
97 54 46 42
97 56 25 223
97 61 22 268
97 67 31 35
97 73 5 81
98 2 37 139
98 10 31 237
98 16 8 281
98 21 43 219
98 23 4 40
98 25 1 87
98 27 17 136
98 30 19 201
98 35 13 36
98 41 23 152
98 59 25 143
98 60 55 58
98 66 41 138
98 67 49 228
99 19 19 43
99 23 17 298
99 24 1 119
99 36 25 47
99 46 28 166
99 53 7 261
99 55 22 255
99 56 37 150
99 58 5 75
99 59 49 283
99 64 11 47
99 66 47 138
99 75 31 202
99 78 13 145
100 2 13 254
100 7 43 162
100 14 1 245
100 33 17 22
100 35 19 69
100 37 25 170
100 38 5 24
100 39 31 259
100 42 34 103
100 43 52 201
100 50 59 19
100 54 7 192
100 58 10 75
100 60 39 95
100 80 49 258
101 4 25 280
101 8 10 117
101 10 43 116
101 14 13 275
101 16 50 239
101 19 7 74
101 24 1 199
101 26 28 291
101 27 5 136
101 30 19 138
101 38 40 79
101 53 32 290
101 59 55 180
102 7 25 162
102 8 58 17
102 13 40 179
102 16 43 239
102 22 52 210
102 33 47 22
102 34 11 272
102 36 4 205
102 46 22 166
102 67 31 176
102 69 13 200
102 74 15 73
102 75 1 203
102 78 7 124
103 6 50 287
103 10 31 210
103 13 28 179
103 19 55 74
103 28 23 261
103 34 1 2
103 36 7 161
103 42 25 98
103 49 19 226
103 63 10 234
103 67 37 244
103 68 13 29
103 72 3 95
103 73 5 199
103 75 46 202
104 2 7 139
104 5 49 116
104 12 37 30
104 15 16 293
104 21 2 193
104 25 13 269
104 35 43 69
104 36 58 205
104 37 19 238
104 41 11 252
104 54 55 192
104 57 25 159
104 58 29 235
104 66 23 157
104 68 32 273
105 4 52 280
105 12 25 102
105 20 14 263
105 23 7 298
105 25 46 269
105 27 33 271
105 28 35 250
105 29 55 261
105 34 17 2
105 37 1 14
105 38 9 229
105 42 19 70
105 55 37 255
105 61 40 135
106 3 21 182
106 12 57 30
106 14 39 245
106 28 7 41
106 38 19 79
106 54 25 192
106 55 43 149
106 56 32 223
106 58 1 63
106 62 4 169
106 65 15 211
106 66 13 94
106 71 51 295
106 72 37 95
106 80 10 258
107 3 5 182
107 13 43 76
107 15 40 293
107 16 1 239
107 22 37 210
107 24 7 264
107 28 11 250
107 36 13 205
107 39 28 186
107 43 16 25
107 48 58 101
107 50 23 116
107 58 47 75
107 72 20 52
107 80 52 268
108 5 44 118
108 11 31 270
108 23 29 40
108 26 52 291
108 27 49 169
108 36 22 205
108 43 1 25
108 48 11 207
108 50 9 246
108 53 55 290
108 57 16 159
108 58 35 226
108 68 13 150
108 70 25 187
108 80 38 258
109 2 13 21
109 10 37 11
109 21 43 193
109 26 31 291
109 29 25 115
109 43 29 216
109 47 1 83
109 49 57 123
109 57 4 159
109 64 47 47
109 69 17 188
109 73 10 152
109 75 49 25
109 76 53 168
109 79 7 121
110 6 31 231
110 13 7 179
110 21 49 246
110 23 59 40
110 31 25 180
110 41 4 252
110 42 56 98
110 43 29 25
110 46 1 255
110 47 38 83
110 52 43 172
110 59 19 61
110 63 10 260
110 67 14 58
110 68 46 29
111 4 4 172
111 6 37 161
111 15 1 70
111 19 49 43
111 31 25 293
111 33 17 39
111 40 31 87
111 46 13 255
111 56 33 157
111 59 8 61
111 64 55 47
111 68 52 147
111 74 43 126
111 79 19 39
112 1 31 26
112 2 55 44
112 3 9 295
112 5 50 52
112 11 16 270
112 19 43 43
112 25 37 87
112 31 25 206
112 55 19 56
112 62 34 130
112 71 13 295
112 78 1 283
112 80 46 258
113 11 4 100
113 21 13 193
113 27 28 271
113 28 41 250
113 30 37 138
113 35 56 69
113 38 33 79
113 39 46 278
113 43 43 201
113 54 25 153
113 58 23 226
113 60 49 166
113 69 11 35
113 74 7 213
113 77 19 240
114 9 8 191
114 13 26 84
114 18 58 42
114 25 43 87
114 28 23 155
114 39 31 186
114 50 53 116
114 51 49 109
114 52 4 285
114 59 19 121
114 60 1 166
114 63 13 108
114 72 16 52
114 75 34 71
114 79 37 104
115 9 27 151
115 14 19 96
115 16 43 281
115 25 1 219
115 27 59 136
115 34 10 289
115 39 4 186
115 51 13 56
115 55 39 69
115 60 52 166
115 68 7 29
115 69 47 188
115 70 31 187
115 73 25 199
116 1 10 26
116 12 1 97
116 14 20 137
116 16 49 281
116 19 46 74
116 26 55 216
116 27 26 271
116 37 13 238
116 38 31 79
116 39 37 278
116 42 43 206
116 58 41 226
116 62 34 5
116 65 53 79
116 79 28 39
117 7 55 162
117 10 7 116
117 11 25 270
117 12 37 97
117 19 51 177
117 24 3 32
117 32 21 81
117 38 11 79
117 45 1 66
117 48 28 51
117 52 31 5
117 56 43 207
117 58 49 235
117 62 14 169
117 66 34 94
118 1 46 26
118 4 4 51
118 9 56 191
118 15 7 103
118 17 37 293
118 19 22 74
118 20 19 263
118 34 31 84
118 42 16 98
118 48 49 51
118 58 10 266
118 63 1 108
118 66 13 231
118 68 28 29
118 76 33 168
119 3 37 182
119 6 55 287
119 7 43 204
119 9 13 191
119 10 19 210
119 16 25 281
119 20 52 74
119 25 39 269
119 32 7 266
119 42 10 57
119 44 49 133
119 53 31 122
119 58 17 119
119 66 23 231
119 78 1 183
120 3 59 182
120 7 25 27
120 14 8 110
120 16 55 239
120 24 37 186
120 29 1 290
120 33 53 139
120 40 22 14
120 41 41 76
120 50 16 128
120 54 43 245
120 57 19 6
120 75 49 203
120 77 31 38
120 80 13 202
121 6 7 287
121 18 40 262
121 23 45 40
121 25 51 87
121 28 31 250
121 29 2 115
121 32 37 68
121 34 55 289
121 37 25 63
121 40 21 216
121 44 58 7
121 50 47 246
121 56 33 2
121 65 17 79
121 78 13 124
122 3 25 295
122 13 22 179
122 19 28 270
122 20 31 213
122 28 10 155
122 29 55 115
122 32 49 80
122 40 52 216
122 41 17 76
122 42 34 255
122 43 3 25
122 47 7 83
122 52 46 149
122 68 43 273
122 80 14 258
123 15 34 268
123 20 25 88
123 28 50 250
123 51 44 80
123 58 1 75
123 60 8 95
123 66 3 231
123 68 40 273
123 69 17 104
123 70 13 187
123 73 59 81
123 76 5 62
123 77 19 22
123 78 55 145
124 5 43 1
124 12 7 102
124 17 37 259
124 26 25 291
124 32 1 61
124 36 28 4
124 41 13 149
124 55 51 255
124 59 19 125
124 62 40 130
124 63 4 106
124 64 17 251
124 69 33 200
124 72 11 95
124 74 57 126
125 1 43 26
125 5 1 286
125 12 32 228
125 18 14 262
125 21 49 251
125 24 7 119
125 27 29 169
125 29 25 53
125 30 55 133
125 32 22 24
125 42 40 98
125 61 19 48
125 68 37 217
125 69 46 200
126 1 7 26
126 2 14 139
126 12 49 73
126 28 23 250
126 33 29 22
126 34 59 289
126 36 34 161
126 40 5 216
126 45 53 282
126 49 19 123
126 51 1 54
126 52 46 5
126 54 31 192
126 69 27 200
126 80 10 202
127 17 55 286
127 21 25 71
127 23 35 298
127 28 8 155
127 35 20 36
127 39 52 278
127 57 1 6
127 60 10 220
127 64 4 129
127 65 31 211
127 66 29 231
127 69 49 200
127 73 41 81
127 74 37 61
127 78 13 199
128 3 31 295
128 6 49 103
128 11 37 270
128 15 10 268
128 26 16 291
128 29 1 53
128 31 43 229
128 32 19 266
128 38 29 229
128 46 40 246
128 60 34 166
128 61 7 52
128 71 22 273
128 73 25 81
128 78 55 183
129 8 10 103
129 10 49 11
129 17 46 94
129 19 55 43
129 23 35 240
129 26 43 291
129 29 37 115
129 33 53 22
129 38 7 229
129 54 28 42
129 60 1 220
129 68 58 222
129 70 13 233
129 74 31 73
129 75 4 8
130 3 22 295
130 8 10 17
130 22 34 263
130 23 19 40
130 32 46 254
130 34 17 272
130 37 1 19
130 48 5 25
130 52 25 5
130 60 28 260
130 62 7 75
130 67 37 228
130 68 43 150
130 75 57 203
130 80 31 258
131 4 13 280
131 10 7 210
131 21 43 8
131 26 37 291
131 29 1 261
131 39 25 186
131 40 11 211
131 44 40 295
131 46 34 264
131 52 20 198
131 58 53 226
131 62 16 130
131 72 57 95
131 79 49 192
132 2 31 254
132 7 19 162
132 14 55 245
132 30 7 138
132 33 35 39
132 35 49 190
132 39 43 58
132 43 27 201
132 44 37 7
132 45 5 282
132 52 16 198
132 58 11 63
132 61 40 52
132 62 13 278
132 78 1 9
133 1 19 90
133 6 25 59
133 13 55 179
133 26 7 291
133 29 37 297
133 33 41 39
133 34 31 289
133 39 22 259
133 44 34 7
133 47 46 83
133 49 1 123
133 66 11 231
133 74 13 213
133 76 17 152
133 77 49 240
134 2 55 254
134 3 53 179
134 17 25 262
134 25 22 269
134 28 28 250
134 31 49 21
134 34 2 289
134 35 7 69
134 41 4 222
134 43 43 25
134 59 13 285
134 62 19 169
134 70 31 75
134 75 37 71
135 8 34 17
135 11 19 270
135 17 49 94
135 19 38 74
135 24 7 89
135 26 58 169
135 28 52 250
135 29 43 261
135 30 1 138
135 33 5 150
135 45 41 66
135 53 25 267
135 58 11 235
135 61 13 52
136 5 20 256
136 8 10 180
136 16 31 281
136 17 7 94
136 19 4 74
136 27 29 287
136 28 15 250
136 35 25 220
136 53 49 122
136 55 46 198
136 61 43 48
136 62 1 298
136 66 39 231
136 74 55 265
137 1 22 90
137 2 1 254
137 17 52 94
137 18 55 128
137 22 37 108
137 48 16 101
137 49 9 123
137 50 5 128
137 52 49 5
137 53 25 122
137 56 44 2
137 63 19 234
137 65 13 198
137 69 7 200
137 71 58 295
138 7 37 162
138 15 19 103
138 18 1 151
138 20 58 201
138 25 33 87
138 27 22 271
138 31 50 229
138 33 15 39
138 38 4 244
138 39 28 278
138 42 55 255
138 44 25 7
138 53 43 16
138 76 31 168
138 77 8 206
139 4 1 51
139 7 19 204
139 19 28 74
139 21 49 71
139 24 38 192
139 30 13 235
139 31 55 293
139 33 11 139
139 34 23 2
139 35 32 190
139 54 4 42
139 55 7 198
139 58 17 75
139 70 43 233
140 7 21 34
140 8 49 101
140 9 25 97
140 11 10 100
140 14 43 275
140 20 34 88
140 34 47 289
140 37 14 63
140 38 52 5
140 39 7 186
140 41 57 250
140 64 1 114
140 69 19 57
140 75 37 25
140 76 3 168
141 1 26 26
141 5 31 118
141 8 20 180
141 11 4 270
141 16 13 239
141 30 38 235
141 37 9 32
141 42 49 217
141 52 1 5
141 57 43 223
141 61 46 48
141 65 7 79
141 66 17 157
141 75 52 203
141 78 55 283
142 4 40 280
142 9 13 151
142 12 56 102
142 14 19 275
142 20 31 88
142 22 43 210
142 32 1 106
142 46 4 255
142 48 38 101
142 49 49 226
142 59 25 130
142 68 46 222
142 73 35 81
142 79 9 39
143 1 49 174
143 4 16 167
143 9 37 151
143 10 45 237
143 11 31 100
143 19 13 74
143 21 7 71
143 33 43 139
143 48 3 207
143 50 35 19
143 54 52 192
143 69 19 104
143 75 21 25
143 77 25 22
143 80 56 268
144 4 16 280
144 6 43 59
144 7 37 215
144 13 13 179
144 14 19 212
144 25 28 87
144 37 7 238
144 38 23 79
144 43 25 25
144 50 11 19
144 52 1 285
144 56 55 76
144 60 31 166
144 61 49 48
144 75 4 203
145 3 13 133
145 12 1 73
145 22 28 108
145 25 40 87
145 27 11 169
145 33 53 39
145 34 51 289
145 36 16 47
145 39 58 278
145 54 46 192
145 57 19 262
145 58 7 278
145 74 31 265
145 76 25 168
145 79 22 39
146 7 25 204
146 8 55 17
146 11 58 110
146 23 13 40
146 29 19 261
146 39 52 58
146 45 11 1
146 51 37 287
146 52 43 285
146 55 46 56
146 62 8 169
146 66 5 231
146 67 1 86
146 77 15 206
146 79 34 192
147 3 31 182
147 6 25 231
147 13 33 84
147 17 38 94
147 19 20 3
147 21 49 8
147 22 44 263
147 26 13 159
147 30 7 235
147 48 1 133
147 58 3 63
147 61 16 48
147 70 55 75
148 12 50 241
148 19 31 43
148 21 21 71
148 32 43 266
148 37 57 14
148 43 9 201
148 44 46 295
148 50 29 19
148 51 13 54
148 64 19 251
148 65 1 198
148 66 3 94
148 70 38 282
148 75 34 8
148 77 25 15
149 9 25 191
149 13 16 179
149 19 10 97
149 20 1 263
149 23 32 40
149 32 34 24
149 39 58 58
149 43 45 25
149 46 37 166
149 53 19 16
149 69 4 35
149 71 55 282
149 77 49 15
150 2 19 44
150 8 31 198
150 11 55 110
150 17 16 161
150 18 43 42
150 20 7 88
150 22 13 59
150 25 4 87
150 36 25 4
150 41 1 76
150 45 23 138
150 52 28 5
150 71 46 145
150 72 10 52
150 76 35 152
151 6 1 287
151 10 25 210
151 13 40 84
151 16 13 43
151 17 34 293
151 19 58 74
151 32 7 81
151 46 37 233
151 48 17 4
151 54 31 42
151 62 52 130
151 69 29 200
151 70 19 233
151 72 43 52
151 73 11 199
152 2 49 254
152 17 15 94
152 18 22 128
152 27 41 287
152 28 3 250
152 39 25 70
152 42 19 255
152 47 31 83
152 48 55 51
152 55 43 56
152 56 8 203
152 58 59 235
152 61 34 135
152 74 37 265
152 79 28 192
153 8 46 205
153 10 31 116
153 14 7 96
153 32 51 266
153 33 37 39
153 38 15 229
153 46 28 208
153 53 39 122
153 55 25 69
153 58 17 226
153 63 4 234
153 70 57 187
153 75 22 202
154 3 25 133
154 22 40 210
154 25 46 87
154 36 21 161
154 38 59 229
154 41 49 76
154 43 1 201
154 45 17 138
154 46 28 246
154 53 13 267
154 57 7 105
154 63 52 234
154 72 55 95
154 76 19 168
155 8 1 117
155 9 19 222
155 12 7 73
155 20 57 213
155 27 47 271
155 35 31 173
155 39 28 9
155 45 11 150
155 46 4 233
155 52 37 5
155 55 40 255
155 57 49 6
155 60 13 260
155 68 52 273
155 79 16 135
156 4 43 280
156 10 14 116
156 12 32 11
156 13 1 170
156 22 38 263
156 30 26 138
156 42 7 98
156 50 53 246
156 52 46 285
156 53 56 267
156 55 4 69
156 65 10 198
156 66 41 94
156 70 49 282
156 78 19 124
157 1 43 90
157 5 55 118
157 20 31 149
157 27 41 136
157 37 13 32
157 45 46 66
157 55 34 198
157 60 25 166
157 62 52 75
157 64 1 129
157 65 3 79
157 70 19 187
157 77 37 22
157 79 10 121
158 9 39 191
158 12 26 11
158 14 31 245
158 16 7 252
158 17 46 161
158 18 52 42
158 20 43 6
158 23 13 298
158 30 19 235
158 48 35 254
158 61 55 48
158 68 49 150
158 75 16 203
158 77 3 15
158 80 58 258
159 7 31 204
159 11 22 100
159 12 1 11
159 16 15 12
159 22 19 202
159 24 55 199
159 28 5 250
159 29 25 261
159 44 43 7
159 50 47 116
159 58 40 278
159 64 11 129
159 71 52 271
159 76 13 152
159 77 7 38
160 1 34 90
160 10 13 105
160 14 25 137
160 27 17 271
160 32 46 266
160 39 31 58
160 46 1 233
160 54 4 241
160 57 10 105
160 58 59 266
160 59 37 121
160 67 19 228
160 68 43 222
160 73 8 152
160 77 55 22
161 5 45 52
161 8 55 101
161 9 1 148
161 10 31 136
161 11 28 100
161 17 25 161
161 22 49 124
161 40 7 216
161 41 52 252
161 45 23 282
161 48 43 101
161 54 20 192
161 66 37 231
161 71 40 271
161 77 13 38
162 2 55 139
162 3 33 182
162 16 19 213
162 26 40 291
162 29 43 53
162 37 1 238
162 38 8 24
162 39 10 9
162 41 23 149
162 51 25 54
162 58 35 63
162 59 13 143
162 64 31 251
162 69 5 188
163 3 28 182
163 5 39 1
163 9 31 222
163 10 7 136
163 11 22 110
163 17 43 161
163 23 11 298
163 24 13 264
163 33 59 139
163 39 25 9
163 40 4 84
163 54 1 153
163 60 51 260
163 61 19 177
163 79 56 121
164 2 25 139
164 4 46 280
164 22 34 202
164 25 43 269
164 39 55 186
164 48 53 101
164 53 13 16
164 56 1 223
164 58 5 63
164 59 19 130
164 62 8 170
164 68 37 29
164 71 49 263
164 75 31 8
165 2 37 44
165 4 1 172
165 10 55 116
165 13 4 170
165 15 31 103
165 19 19 74
165 37 7 19
165 43 23 201
165 57 34 6
165 59 49 285
165 64 15 251
165 73 47 152
165 74 27 168
165 80 43 41
166 5 21 129
166 8 46 117
166 33 3 150
166 45 19 1
166 55 25 198
166 56 13 2
166 58 1 266
166 63 43 234
166 64 9 47
166 68 28 161
166 69 7 104
166 74 55 168
166 75 52 202
166 76 33 152
166 77 37 206
167 4 19 172
167 8 31 17
167 14 1 137
167 18 58 128
167 19 50 97
167 32 34 80
167 38 17 229
167 39 55 278
167 44 46 7
167 45 44 66
167 48 5 101
167 50 27 128
167 53 8 16
167 76 15 152
168 4 1 280
168 8 43 110
168 9 49 222
168 13 40 80
168 16 7 239
168 18 46 128
168 26 37 79
168 32 22 266
168 41 19 252
168 42 4 98
168 45 58 282
168 54 25 42
168 59 31 285
168 66 17 151
168 80 28 258
169 3 43 295
169 4 22 172
169 5 7 286
169 12 13 11
169 13 46 179
169 14 25 275
169 17 33 12
169 18 19 128
169 21 37 8
169 31 55 229
169 36 4 161
169 45 31 66
169 61 1 43
169 78 49 9
170 3 51 182
170 9 31 191
170 10 1 136
170 17 13 161
170 27 53 136
170 33 19 139
170 38 11 229
170 52 16 5
170 59 25 61
170 61 37 43
170 64 23 47
170 67 57 28
170 70 43 78
170 80 7 258
171 5 1 1
171 15 16 103
171 16 55 281
171 19 7 43
171 23 10 51
171 25 25 87
171 27 31 271
171 28 47 261
171 39 34 278
171 55 51 56
171 61 44 135
171 62 13 130
171 63 28 234
171 75 40 25
171 80 20 32
172 2 7 3
172 5 31 208
172 9 43 191
172 19 22 43
172 43 19 216
172 44 13 265
172 45 29 1
172 50 26 246
172 52 50 162
172 59 55 61
172 68 16 29
172 69 4 57
172 74 39 168
172 80 1 202
173 1 37 90
173 7 1 204
173 8 51 198
173 21 31 177
173 25 10 87
173 33 41 139
173 40 49 84
173 50 23 19
173 53 55 122
173 56 13 223
173 67 19 28
173 78 43 9
173 80 25 202
174 8 19 217
174 9 8 151
174 34 57 289
174 41 35 76
174 42 22 98
174 49 1 226
174 50 15 246
174 56 38 223
174 58 13 75
174 60 49 58
174 62 46 169
174 64 44 251
174 69 59 200
174 71 25 145
174 80 52 258
175 12 25 228
175 15 13 293
175 31 19 88
175 35 50 69
175 38 3 24
175 44 40 7
175 46 10 166
175 52 37 183
175 64 1 47
175 68 7 273
175 69 43 200
175 70 55 159
175 72 33 95
175 73 46 81
176 6 57 59
176 13 50 179
176 15 4 103
176 19 16 97
176 27 11 287
176 32 13 24
176 42 32 98
176 44 22 7
176 52 7 5
176 54 19 100
176 55 1 69
176 56 27 72
176 73 45 152
176 77 38 38
177 7 55 34
177 8 46 268
177 15 1 103
177 16 49 213
177 32 37 32
177 38 21 79
177 48 19 101
177 53 33 16
177 56 13 157
177 60 40 58
177 61 7 48
177 69 17 57
177 72 10 24
177 77 25 38
177 80 4 202
178 2 1 139
178 3 19 182
178 5 25 284
178 6 13 287
178 20 45 201
178 31 55 88
178 36 31 205
178 43 7 201
178 46 9 233
178 50 35 116
178 62 49 75
178 64 52 47
178 67 21 35
178 73 39 81
179 1 52 90
179 4 19 280
179 7 55 204
179 19 40 43
179 20 49 44
179 22 31 59
179 27 45 271
179 28 37 250
179 31 13 180
179 39 34 186
179 40 3 216
179 52 26 285
179 61 22 135
179 78 7 199
180 11 22 270
180 13 19 170
180 14 44 96
180 15 7 268
180 16 14 252
180 25 3 269
180 26 52 169
180 33 25 39
180 36 31 47
180 52 10 162
180 60 28 95
180 61 38 48
180 63 34 108
180 69 1 200
180 77 55 206
181 4 34 172
181 10 25 136
181 15 20 17
181 18 31 128
181 22 55 66
181 27 5 287
181 31 43 283
181 33 39 39
181 37 49 238
181 40 15 84
181 43 11 201
181 44 58 29
181 65 29 79
181 66 1 231
182 8 34 101
182 11 7 270
182 13 55 84
182 15 52 17
182 20 31 74
182 21 13 71
182 40 47 14
182 57 4 6
182 62 37 130
182 64 59 251
182 68 10 29
182 70 26 282
182 73 19 199
182 79 1 39
182 80 43 202
183 6 37 59
183 10 9 107
183 14 13 212
183 15 22 103
183 17 55 161
183 19 25 74
183 28 45 250
183 36 28 47
183 37 49 14
183 40 7 14
183 50 41 128
183 60 4 166
183 62 1 130
183 66 59 231
183 77 31 206
184 4 28 172
184 5 13 34
184 8 38 17
184 14 49 245
184 19 46 43
184 33 53 150
184 34 5 272
184 50 11 116
184 56 1 118
184 58 41 266
184 60 43 166
184 63 58 108
184 70 7 159
184 77 31 240
184 80 55 258
185 5 37 208
185 8 28 198
185 18 13 128
185 21 55 246
185 25 16 87
185 27 2 271
185 33 33 39
185 34 41 73
185 47 25 83
185 55 22 56
185 56 8 223
185 64 59 47
185 66 35 231
185 72 50 95
185 76 4 152
186 3 41 182
186 14 37 137
186 20 10 149
186 22 15 66
186 26 25 216
186 38 55 79
186 46 7 166
186 47 4 83
186 50 44 19
186 54 22 241
186 58 34 266
186 60 46 58
186 61 1 48
186 63 19 108
186 78 49 145
187 3 3 182
187 7 37 204
187 18 7 145
187 23 57 40
187 35 50 220
187 37 19 19
187 50 25 128
187 52 15 149
187 60 27 58
187 62 31 130
187 65 59 83
187 66 41 231
187 77 43 240
188 5 19 286
188 9 55 97
188 18 34 128
188 20 13 201
188 29 37 53
188 32 31 266
188 42 28 98
188 43 9 216
188 51 43 287
188 66 17 231
188 67 49 176
188 68 25 150
188 69 1 35
188 71 4 273
189 5 55 1
189 7 13 204
189 18 40 233
189 21 20 193
189 22 34 28
189 24 1 192
189 30 9 133
189 31 49 88
189 34 5 2
189 43 29 201
189 49 44 226
189 62 25 278
189 71 31 145
190 1 1 90
190 3 39 182
190 4 7 280
190 8 45 17
190 11 16 110
190 13 27 76
190 21 55 251
190 27 35 271
190 35 49 36
190 43 31 201
190 45 5 138
190 52 10 219
190 60 13 95
190 64 19 47
190 70 21 159
191 6 55 231
191 8 46 103
191 16 37 19
191 26 49 216
191 27 29 136
191 28 1 41
191 46 4 246
191 48 10 4
191 55 31 235
191 58 20 75
191 60 34 220
191 62 16 170
191 72 59 95
191 73 43 81
191 74 25 126
192 4 37 172
192 8 13 101
192 11 16 185
192 12 25 30
192 16 55 252
192 34 29 289
192 35 43 220
192 36 50 100
192 41 19 76
192 50 41 116
192 55 31 121
192 57 10 6
192 63 7 106
192 64 22 251
192 69 1 104
193 3 10 182
193 5 25 52
193 15 31 293
193 17 40 14
193 18 43 128
193 32 4 61
193 34 37 84
193 37 15 19
193 38 47 229
193 48 59 254
193 54 55 42
193 58 29 75
193 60 34 58
193 66 1 94
193 74 49 126
194 2 38 3
194 8 49 268
194 14 7 137
194 21 15 177
194 22 34 59
194 39 22 9
194 45 52 66
194 49 45 123
194 51 55 80
194 52 19 149
194 62 25 169
194 65 13 79
194 71 4 145
194 75 1 8
195 2 37 254
195 14 55 137
195 19 43 270
195 28 35 261
195 46 19 208
195 53 31 261
195 54 22 42
195 55 28 69
195 58 5 235
195 59 13 121
195 77 7 240
195 78 49 183
195 79 46 39
195 80 1 258
196 2 31 147
196 5 25 286
196 8 16 205
196 12 37 241
196 20 58 263
196 36 13 57
196 44 4 7
196 55 51 235
196 66 10 94
196 68 1 29
196 70 43 282
196 76 21 152
197 1 7 90
197 3 23 182
197 6 49 59
197 11 58 100
197 19 4 43
197 20 34 149
197 24 19 119
197 25 10 269
197 27 43 271
197 34 47 272
197 36 13 47
197 57 38 6
197 58 17 235
197 64 29 251
197 79 1 135
198 5 25 1
198 7 7 204
198 14 37 275
198 16 50 19
198 30 31 138
198 31 43 88
198 36 19 205
198 63 1 234
198 67 13 176
198 69 41 200
198 70 55 233
198 79 4 135
199 1 10 90
199 11 52 270
199 17 19 94
199 18 43 145
199 24 13 144
199 43 47 25
199 47 34 83
199 56 56 207
199 60 37 58
199 63 40 234
199 72 3 52
199 73 31 81
199 76 1 168
199 78 25 124
199 79 49 121
200 11 25 100
200 20 28 154
200 27 47 136
200 31 1 293
200 35 37 36
200 37 56 238
200 46 22 208
200 48 53 254
200 52 19 5
200 54 13 192
200 56 49 223
200 59 7 130
200 67 31 244
200 72 16 24
200 79 44 121
Điểm tối ưu/tốt nhất tìm được: 2905
Thời gian: 360.055713 giây
Trạng thái: VALID
