1123
1 1 4 81
1 4 31 62
1 5 22 57
1 6 7 67
1 9 1 53
1 10 43 13
1 14 59 88
1 16 13 103
1 23 40 101
1 24 15 30
1 26 17 39
1 27 9 109
1 29 28 79
1 32 50 96
2 1 4 105
2 8 37 75
2 9 13 48
2 11 7 20
2 12 16 107
2 13 1 72
2 14 51 88
2 17 11 115
2 18 46 65
2 19 31 55
2 22 55 3
2 23 43 106
2 29 22 79
3 2 34 78
3 8 43 75
3 10 3 52
3 11 1 13
3 17 47 115
3 18 7 65
3 19 49 11
3 21 57 90
3 27 25 109
3 28 27 80
3 29 10 27
3 31 20 36
3 32 37 96
4 6 59 67
4 11 1 20
4 12 10 45
4 13 56 72
4 19 3 55
4 22 23 3
4 24 7 119
4 26 33 111
4 27 13 75
4 29 46 79
4 30 31 102
4 31 25 7
4 32 49 40
5 3 35 63
5 10 5 13
5 13 7 72
5 14 10 88
5 16 15 87
5 18 28 29
5 19 19 33
5 21 25 21
5 22 3 3
5 23 52 101
5 24 17 30
5 25 13 76
5 28 31 26
6 1 31 74
6 3 17 71
6 5 1 57
6 10 47 52
6 12 40 45
6 16 25 103
6 18 4 65
6 21 28 70
6 22 14 3
6 23 37 106
6 25 21 76
6 26 34 39
6 28 43 80
6 31 19 7
6 32 7 96
7 2 13 78
7 3 16 32
7 5 55 9
7 8 43 1
7 16 22 87
7 18 51 29
7 21 19 21
7 25 11 76
7 26 25 111
7 27 5 109
7 29 31 27
7 30 39 102
7 31 8 36
7 32 1 96
8 3 23 71
8 6 16 67
8 8 1 120
8 10 9 52
8 11 7 73
8 12 43 107
8 14 49 88
8 15 55 100
8 16 21 103
8 19 31 71
8 23 13 106
8 24 41 30
8 29 46 27
8 31 27 7
9 1 34 81
9 2 28 19
9 7 13 24
9 9 55 58
9 10 23 13
9 12 19 107
9 13 4 72
9 16 7 87
9 17 26 66
9 21 43 90
9 22 31 63
9 23 10 101
9 26 53 39
9 29 16 27
10 1 49 81
10 2 40 19
10 3 59 71
10 4 55 62
10 5 16 57
10 7 23 59
10 10 28 52
10 11 9 73
10 14 46 88
10 17 38 115
10 18 34 65
10 22 25 63
10 24 3 119
10 30 1 23
10 31 13 66
11 1 1 105
11 3 4 71
11 5 13 57
11 6 21 25
11 9 16 48
11 15 55 37
11 16 39 103
11 17 31 66
11 18 43 36
11 21 8 70
11 24 19 30
11 26 11 39
11 29 49 27
11 30 41 102
11 31 29 36
12 3 27 32
12 4 49 62
12 5 3 9
12 9 37 53
12 10 45 13
12 11 25 73
12 12 13 108
12 13 32 4
12 18 40 65
12 21 10 90
12 22 29 3
12 23 7 101
12 26 19 39
12 27 22 112
12 30 1 102
13 3 41 107
13 5 52 57
13 6 49 67
13 11 29 73
13 12 1 45
13 13 22 72
13 16 46 103
13 22 11 3
13 23 32 106
13 25 27 76
13 27 25 75
13 28 7 80
13 31 5 7
14 2 16 19
14 3 2 63
14 6 43 67
14 8 25 120
14 15 31 37
14 19 55 11
14 21 10 21
14 22 7 63
14 23 13 101
14 24 29 30
14 28 19 80
14 29 39 79
14 30 37 102
14 31 35 36
15 5 28 57
15 7 25 59
15 10 43 52
15 12 13 107
15 13 46 4
15 15 31 61
15 16 35 87
15 17 1 115
15 18 40 36
15 20 37 85
15 23 49 106
15 24 3 30
15 28 55 80
15 31 21 66
16 1 1 81
16 6 5 31
16 9 21 58
16 10 37 52
16 12 49 107
16 13 28 4
16 15 13 100
16 18 39 29
16 19 31 33
16 20 25 85
16 22 17 3
16 28 55 49
16 29 52 27
16 32 44 40
17 2 25 78
17 5 19 9
17 6 31 67
17 8 55 38
17 9 37 58
17 13 43 4
17 16 3 103
17 21 14 21
17 24 49 30
17 25 7 76
17 27 28 112
17 28 9 49
17 30 23 102
18 1 7 81
18 2 4 19
18 5 31 57
18 13 37 72
18 15 13 104
18 18 49 65
18 19 43 33
18 21 34 21
18 22 53 88
18 25 41 76
18 28 55 118
18 29 1 12
18 30 19 102
18 32 25 40
19 1 1 74
19 11 9 13
19 12 58 107
19 13 25 4
19 14 43 88
19 16 34 103
19 20 49 85
19 21 46 70
19 22 15 63
19 23 28 101
19 24 7 30
19 26 5 111
19 27 20 75
19 30 17 102
19 31 22 7
20 3 49 63
20 5 34 9
20 6 41 67
20 8 37 1
20 11 56 73
20 12 10 107
20 13 13 72
20 14 25 88
20 15 1 100
20 16 17 87
20 18 58 36
20 19 27 68
20 23 19 101
20 24 22 30
20 26 7 39
21 5 37 57
21 6 1 67
21 9 40 48
21 10 53 52
21 14 23 88
21 16 58 103
21 19 7 33
21 21 43 70
21 22 19 3
21 24 31 30
21 26 13 111
21 28 3 49
21 30 11 23
21 31 17 66
22 1 13 105
22 2 46 78
22 5 43 57
22 6 1 31
22 8 20 120
22 11 35 73
22 13 32 72
22 16 27 103
22 20 7 85
22 21 38 70
22 25 29 76
22 26 3 111
22 29 49 79
22 30 53 102
23 5 22 9
23 6 10 67
23 8 27 5
23 11 39 73
23 12 49 45
23 13 7 4
23 14 4 88
23 18 55 65
23 19 44 11
23 21 15 70
23 22 19 63
23 24 37 30
23 25 25 76
23 27 13 112
23 29 52 79
24 1 16 74
24 2 55 19
24 5 43 9
24 11 3 73
24 12 37 45
24 17 13 115
24 20 40 85
24 21 49 70
24 22 5 63
24 23 25 101
24 25 31 76
24 26 11 97
24 27 9 75
24 30 47 102
24 32 19 40
25 1 19 81
25 5 58 57
25 9 43 58
25 10 25 13
25 11 22 68
25 12 55 45
25 14 27 88
25 15 51 104
25 17 40 115
25 18 10 65
25 19 3 11
25 26 1 97
25 28 13 118
25 31 8 66
26 3 1 32
26 4 19 62
26 5 37 9
26 6 47 67
26 9 7 53
26 11 10 68
26 12 31 107
26 13 16 72
26 21 52 70
26 23 3 101
26 25 35 76
26 27 44 112
26 30 57 102
27 2 49 78
27 3 20 32
27 5 46 57
27 7 11 24
27 8 7 38
27 11 27 73
27 12 13 45
27 17 17 115
27 24 55 30
27 25 39 76
27 27 1 109
27 28 3 118
27 29 34 79
27 30 43 102
28 1 19 105
28 3 7 71
28 4 13 62
28 8 37 120
28 9 51 48
28 10 31 13
28 12 22 107
28 15 45 100
28 21 55 70
28 23 28 106
28 24 59 30
28 25 49 76
28 26 1 39
28 29 9 119
28 31 3 7
29 2 34 19
29 3 23 32
29 9 4 58
29 10 15 13
29 11 13 73
29 12 46 45
29 15 7 104
29 16 55 103
29 18 31 65
29 19 37 11
29 25 59 76
29 26 17 97
29 27 11 112
29 30 27 102
30 1 25 74
30 2 37 19
30 5 40 9
30 6 19 67
30 7 21 59
30 9 16 58
30 13 13 95
30 15 50 100
30 16 23 103
30 23 1 106
30 26 28 97
30 27 8 112
30 28 31 49
31 3 55 63
31 5 46 9
31 8 25 38
31 9 58 48
31 11 41 73
31 12 52 45
31 15 37 100
31 17 33 115
31 18 13 65
31 22 8 3
31 29 19 27
31 30 29 102
31 31 22 36
32 1 4 93
32 5 25 57
32 7 19 59
32 8 31 75
32 9 28 58
32 13 16 4
32 14 13 88
32 18 46 36
32 22 49 3
32 23 43 101
32 24 57 30
32 25 37 76
32 28 21 118
32 31 39 7
33 2 7 19
33 3 41 63
33 6 3 67
33 10 34 13
33 11 19 73
33 15 37 37
33 16 16 103
33 18 46 29
33 19 55 33
33 20 22 85
33 21 13 90
33 23 31 101
33 26 28 111
33 29 25 79
34 1 7 105
34 4 1 62
34 8 38 38
34 9 49 58
34 14 57 88
34 15 43 37
34 16 5 103
34 18 28 65
34 21 25 70
34 22 13 63
34 24 10 30
34 30 21 102
34 31 15 66
35 2 4 78
35 3 15 71
35 6 23 95
35 8 27 75
35 9 1 58
35 10 13 52
35 11 17 73
35 12 52 107
35 13 58 4
35 15 37 104
35 19 19 55
35 20 46 85
35 21 7 90
35 27 11 75
35 28 31 80
36 2 1 78
36 7 15 24
36 8 49 38
36 11 23 73
36 14 19 88
36 15 7 100
36 22 17 63
36 23 4 69
36 25 57 29
36 28 45 49
36 29 25 119
36 32 31 40
37 7 22 24
37 12 34 107
37 13 19 95
37 14 29 88
37 15 3 104
37 16 11 87
37 19 15 68
37 20 31 85
37 25 8 29
37 26 37 97
37 28 25 118
37 30 13 102
37 31 1 7
37 32 56 40
38 1 13 74
38 2 55 78
38 3 35 32
38 8 49 120
38 10 3 13
38 11 33 73
38 13 9 95
38 17 40 66
38 18 16 65
38 19 25 55
38 20 43 85
38 22 29 63
38 26 1 111
38 27 20 112
38 30 7 102
39 1 10 81
39 9 26 48
39 11 7 68
39 12 34 45
39 13 1 4
39 17 50 115
39 18 37 65
39 19 13 55
39 21 58 70
39 25 46 76
39 29 31 79
39 30 5 23
39 32 19 96
40 1 4 74
40 3 11 32
40 6 21 67
40 7 7 24
40 10 45 52
40 12 58 45
40 16 41 103
40 17 9 115
40 18 52 65
40 19 31 11
40 23 16 101
40 24 43 30
40 27 27 109
40 32 37 40
41 3 3 32
41 5 10 9
41 6 35 67
41 7 1 59
41 10 41 52
41 11 53 73
41 12 25 45
41 18 43 29
41 19 19 11
41 20 13 85
41 21 7 21
41 24 55 85
41 30 16 23
41 31 33 36
42 1 13 93
42 2 22 78
42 5 19 57
42 6 52 67
42 10 7 13
42 15 1 37
42 16 9 103
42 17 29 66
42 19 31 68
42 23 55 106
42 25 44 76
42 29 16 79
42 30 5 102
42 32 25 96
43 1 19 93
43 5 10 57
43 9 13 53
43 10 31 52
43 16 7 103
43 17 33 66
43 19 50 33
43 21 55 21
43 24 35 30
43 25 37 29
43 27 16 109
43 29 22 27
43 30 3 102
43 31 5 66
44 2 22 19
44 6 19 46
44 8 31 120
44 10 55 52
44 13 40 4
44 16 5 87
44 18 37 36
44 19 13 11
44 23 10 106
44 24 25 30
44 25 17 76
44 26 50 39
44 27 7 75
44 31 2 66
45 1 16 81
45 3 25 32
45 12 1 29
45 13 13 4
45 14 33 88
45 20 4 85
45 21 22 21
45 22 27 3
45 23 19 106
45 24 51 30
45 25 57 76
45 26 31 97
45 27 11 109
45 29 38 27
45 32 7 40
46 1 57 105
46 2 52 78
46 4 26 62
46 6 5 67
46 7 17 24
46 8 33 114
46 14 31 88
46 15 43 104
46 16 1 87
46 17 23 66
46 19 7 55
46 21 19 70
46 24 13 30
46 30 3 23
47 1 22 93
47 3 37 32
47 5 7 9
47 8 14 114
47 9 4 48
47 10 47 13
47 12 1 64
47 13 10 4
47 18 25 65
47 24 33 30
47 26 20 111
47 28 43 118
47 29 28 12
47 30 51 102
48 1 7 93
48 2 13 19
48 5 49 9
48 6 26 67
48 8 31 1
48 11 37 73
48 12 22 29
48 13 45 72
48 16 1 103
48 19 39 33
48 21 4 21
48 22 52 3
48 27 16 75
48 29 19 79
48 30 55 102
49 1 1 93
49 6 28 67
49 7 7 59
49 10 11 13
49 12 25 107
49 13 40 72
49 17 5 115
49 20 16 85
49 22 21 63
49 23 52 106
49 26 9 111
49 29 31 12
49 31 13 7
49 32 56 96
50 1 16 93
50 6 56 67
50 8 31 5
50 9 46 53
50 10 39 52
50 12 43 45
50 13 10 72
50 15 19 61
50 21 58 21
50 22 23 63
50 23 25 106
50 25 5 76
50 28 1 80
50 29 13 79
50 31 7 7
51 2 49 19
51 3 5 32
51 5 31 9
51 8 7 5
51 9 16 53
51 11 21 73
51 16 29 103
51 18 13 29
51 19 25 71
51 20 57 85
51 22 45 3
51 25 55 76
51 27 3 112
51 29 34 27
52 2 25 19
52 3 7 32
52 10 16 52
52 11 1 73
52 16 50 103
52 17 20 115
52 18 43 65
52 19 37 71
52 21 4 70
52 26 33 97
52 27 22 75
52 28 55 14
52 29 13 27
52 31 10 36
53 1 31 93
53 2 45 19
53 7 19 24
53 9 7 48
53 10 21 13
53 12 10 1
53 15 25 100
53 17 59 115
53 19 49 68
53 23 37 101
53 25 1 76
53 27 17 112
53 29 3 27
53 30 34 102
53 32 13 96
54 1 10 105
54 6 1 90
54 7 3 59
54 9 34 48
54 10 25 52
54 11 15 73
54 12 38 107
54 21 31 21
54 22 41 3
54 24 45 30
54 29 7 27
54 31 19 66
55 1 40 81
55 3 45 63
55 5 13 9
55 6 4 46
55 10 11 52
55 13 26 72
55 14 21 88
55 17 43 115
55 18 52 36
55 20 34 85
55 21 37 21
55 23 58 101
55 27 1 112
55 28 7 118
55 31 31 36
56 1 13 81
56 2 58 19
56 3 43 63
56 6 33 67
56 7 31 59
56 8 21 38
56 11 11 73
56 13 16 95
56 15 7 61
56 16 19 87
56 19 25 11
56 20 1 85
56 26 35 97
56 28 37 49
56 31 4 36
57 6 23 67
57 7 13 59
57 9 31 53
57 10 19 13
57 15 7 37
57 16 53 103
57 17 56 115
57 19 43 68
57 22 47 3
57 26 11 111
57 29 4 79
57 30 15 102
58 1 22 74
58 2 19 78
58 6 35 90
58 7 29 59
58 9 40 53
58 10 57 52
58 12 16 45
58 13 4 4
58 16 11 103
58 19 25 33
58 21 32 70
58 23 7 106
58 27 1 75
58 31 14 36
59 2 10 78
59 3 14 32
59 5 7 57
59 7 5 24
59 10 28 13
59 12 19 1
59 13 22 4
59 15 49 37
59 17 45 115
59 18 58 65
59 23 16 106
59 26 3 97
59 27 26 112
59 28 37 80
60 1 19 74
60 5 28 9
60 6 39 67
60 7 3 24
60 8 49 114
60 10 59 52
60 11 47 73
60 12 55 107
60 15 31 100
60 17 35 66
60 21 22 70
60 26 37 111
60 30 9 102
60 31 16 7
61 5 25 9
61 7 1 24
61 8 39 5
61 9 10 48
61 10 19 52
61 11 5 73
61 12 28 107
61 14 37 88
61 15 13 61
61 18 55 36
61 22 31 3
61 23 22 106
61 27 3 109
61 32 44 96
62 2 31 19
62 3 10 71
62 7 25 24
62 8 13 120
62 10 35 52
62 13 52 72
62 14 1 88
62 15 55 104
62 16 44 103
62 17 23 115
62 22 38 3
62 27 5 112
62 28 19 49
62 29 7 79
62 30 59 102
63 6 1 25
63 8 7 120
63 9 37 48
63 10 33 52
63 12 19 45
63 13 55 4
63 16 25 87
63 17 35 115
63 21 16 90
63 23 58 106
63 25 51 76
63 29 28 27
63 31 11 66
64 1 27 81
64 2 31 78
64 3 41 71
64 6 37 67
64 9 34 53
64 10 49 52
64 12 46 107
64 15 19 104
64 24 39 30
64 25 9 76
64 26 7 111
64 27 57 75
64 29 1 79
64 30 25 102
64 32 13 40
65 1 37 81
65 2 28 78
65 5 34 57
65 8 43 38
65 9 1 48
65 12 4 45
65 13 50 4
65 16 31 103
65 20 19 85
65 23 22 101
65 25 17 29
65 28 13 49
65 29 56 27
66 4 7 62
66 5 4 57
66 9 13 58
66 11 31 73
66 12 28 45
66 13 40 95
66 15 19 100
66 16 37 103
66 17 26 115
66 18 1 65
66 22 57 3
66 24 53 30
66 25 33 76
66 29 43 79
66 31 11 7
67 2 43 78
67 6 11 46
67 7 17 59
67 8 1 114
67 13 27 95
67 14 40 88
67 15 13 37
67 16 9 87
67 19 51 55
67 21 46 21
67 22 25 3
67 24 5 30
67 26 7 97
67 30 49 102
68 1 7 74
68 3 29 32
68 9 31 48
68 10 38 13
68 14 35 88
68 16 19 103
68 17 3 115
68 18 21 65
68 22 1 3
68 23 46 101
68 25 15 76
68 26 5 97
68 30 11 102
68 31 26 36
69 5 40 57
69 6 9 46
69 9 25 53
69 10 5 52
69 12 20 64
69 17 53 115
69 19 14 33
69 21 50 21
69 22 33 63
69 23 55 101
69 26 23 39
69 27 7 109
69 29 37 12
69 31 29 7
69 32 1 40
70 1 22 81
70 2 52 19
70 5 49 57
70 6 45 67
70 8 55 120
70 9 32 58
70 11 43 73
70 13 37 4
70 15 26 104
70 19 1 33
70 21 40 21
70 22 11 63
70 27 20 109
70 29 13 119
70 31 9 7
71 2 10 19
71 7 57 59
71 8 13 5
71 9 20 48
71 11 50 73
71 12 4 107
71 15 31 104
71 19 37 68
71 20 28 85
71 21 1 70
71 22 35 3
71 25 53 76
71 29 25 27
71 30 45 102
72 1 25 93
72 2 7 78
72 3 47 63
72 8 13 38
72 10 17 13
72 12 31 45
72 15 19 37
72 17 28 115
72 22 43 3
72 24 1 30
72 25 3 76
72 26 23 111
72 28 38 118
72 29 10 79
73 1 39 74
73 2 19 19
73 9 9 58
73 10 22 52
73 13 2 95
73 14 17 88
73 15 25 37
73 17 15 115
73 22 5 3
73 23 49 101
73 28 43 7
73 29 57 79
73 30 13 23
73 31 35 7
73 32 31 96
74 1 34 74
74 4 37 62
74 5 58 9
74 7 10 59
74 8 1 38
74 10 7 52
74 13 49 72
74 15 25 61
74 21 43 21
74 22 21 3
74 26 5 39
74 27 29 109
74 31 16 36
75 2 38 78
75 7 27 24
75 9 10 53
75 10 13 13
75 11 58 73
75 14 55 88
75 17 7 115
75 18 49 36
75 19 43 55
75 20 52 85
75 21 1 21
75 23 4 106
75 28 31 118
75 29 15 20
76 1 31 81
76 5 52 9
76 10 40 13
76 12 21 108
76 14 15 88
76 17 38 66
76 19 7 11
76 21 3 90
76 24 27 30
76 25 19 76
76 26 13 97
76 29 43 27
76 31 1 36
77 3 37 63
77 6 13 67
77 8 33 38
77 9 4 53
77 12 1 107
77 17 53 4
77 18 25 29
77 19 19 71
77 20 10 85
77 23 46 106
77 27 15 112
77 28 49 49
77 30 7 23
78 1 10 74
78 2 16 78
78 3 31 32
78 4 43 62
78 7 5 59
78 10 1 52
78 12 22 45
78 13 19 72
78 14 7 88
78 16 3 87
78 21 28 21
78 22 59 3
78 23 34 101
78 24 47 30
78 27 13 109
79 2 1 19
79 3 59 63
79 5 55 57
79 8 45 120
79 9 28 53
79 10 49 13
79 12 7 107
79 13 19 4
79 15 39 61
79 16 13 87
79 17 31 115
79 25 23 76
79 27 4 75
79 28 15 80
79 31 52 66
80 5 16 9
80 6 13 31
80 9 20 53
80 10 51 52
80 11 45 73
80 12 7 45
80 15 1 61
80 17 35 4
80 18 10 29
80 22 33 3
80 23 40 106
80 25 5 29
80 26 25 97
80 27 23 109
Điểm tối ưu/tốt nhất tìm được: 1123
Thời gian: 180.020537 giây
Trạng thái: VALID
