1178
96 10 43 4
95 11 49 79
90 10 37 60
80 11 25 74
71 10 9 4
68 10 49 60
64 11 19 74
60 11 49 74
57 11 13 74
50 10 55 4
47 11 1 79
41 10 25 4
30 10 13 60
28 11 31 74
21 10 55 60
97 39 1 128
69 39 15 5
67 39 3 119
17 39 1 5
84 24 4 37
80 24 1 33
77 24 7 37
61 24 22 37
54 24 1 37
46 24 25 37
89 3 7 101
52 18 4 27
49 18 13 5
17 3 37 11
50 11 43 79
29 11 7 74
75 39 1 75
45 10 31 60
11 3 37 101
24 10 25 60
30 18 11 27
46 39 1 58
76 3 3 11
41 11 7 79
22 18 1 44
29 18 11 5
66 3 1 100
63 3 1 101
23 36 15 134
26 18 11 44
54 3 4 101
71 3 4 100
21 39 13 75
78 10 1 4
32 11 31 79
69 18 13 27
48 18 13 44
29 24 16 33
34 18 1 27
64 36 15 139
77 39 1 138
78 18 16 44
95 24 13 33
37 11 25 79
71 24 15 37
53 10 19 60
62 10 43 60
2 18 3 44
23 11 19 79
97 9 13 39
70 24 10 33
58 7 1 71
43 3 37 100
28 3 7 100
3 29 10 147
35 18 7 5
99 30 15 18
27 7 1 129
63 23 15 34
23 18 23 5
38 18 37 44
63 2 11 150
40 30 9 53
68 39 13 128
72 10 37 4
95 38 3 118
83 10 19 4
52 3 19 11
89 24 37 37
55 18 7 44
40 7 7 27
100 13 21 77
35 36 19 69
79 24 37 33
10 13 7 21
69 24 34 37
92 7 7 71
26 21 7 24
74 7 7 36
76 24 43 37
59 29 2 107
92 29 3 130
43 22 1 116
96 14 15 56
20 13 1 77
71 39 37 128
88 2 7 15
100 33 16 10
45 23 7 34
9 2 11 13
16 23 7 25
96 38 31 105
43 24 44 33
4 23 9 59
68 2 11 74
91 30 19 92
8 25 27 1
55 33 11 93
32 2 11 42
41 18 15 27
32 18 37 27
60 17 7 47
26 7 5 71
12 35 21 54
30 33 17 93
86 25 21 29
43 35 19 23
27 23 13 54
33 23 19 59
52 23 13 59
33 13 15 143
73 33 17 129
56 39 43 119
37 32 3 87
18 20 1 45
77 32 10 101
79 20 1 3
87 9 9 49
10 3 13 11
84 40 40 63
75 18 27 27
100 15 9 11
35 2 13 42
20 25 25 57
76 38 31 118
28 2 13 15
52 8 2 12
26 39 45 138
18 38 31 115
87 26 19 85
24 14 20 93
4 7 25 102
3 31 14 105
93 21 19 36
69 29 25 147
55 29 5 44
63 26 19 99
36 34 25 113
65 23 19 51
16 35 1 23
23 24 10 37
4 33 7 10
59 9 9 39
89 16 1 130
67 31 31 113
68 29 7 107
34 22 43 91
12 9 13 113
52 27 25 86
24 33 16 61
13 31 31 42
63 38 31 84
39 4 19 140
71 7 25 36
41 23 19 25
86 40 13 63
99 38 31 56
76 19 11 40
74 38 31 7
96 16 25 13
67 32 19 15
93 39 37 5
97 17 43 147
92 5 16 2
25 40 19 86
36 35 1 95
10 23 19 34
67 33 1 10
65 27 25 124
10 39 37 119
53 39 7 128
14 38 31 114
5 7 7 102
58 21 13 24
85 25 7 97
12 5 2 124
86 39 7 119
48 9 19 39
9 21 49 24
9 35 7 137
86 18 19 5
37 16 1 141
21 26 7 99
49 21 7 129
6 11 37 79
21 18 17 27
41 31 31 38
24 32 13 73
25 6 13 40
94 16 5 141
21 19 5 131
88 31 31 135
57 16 19 61
27 12 5 149
22 25 7 57
82 20 1 117
14 14 22 89
73 26 43 61
92 26 19 121
70 36 13 110
19 20 1 69
36 31 37 38
20 39 7 58
39 39 31 119
22 36 13 148
40 36 13 69
32 32 13 19
90 21 49 91
45 16 1 19
82 38 7 118
50 32 16 87
25 33 7 93
74 5 37 94
35 12 29 20
13 35 1 102
63 9 37 36
56 20 1 125
77 30 16 81
41 39 43 75
11 38 26 130
26 25 1 57
75 33 7 7
20 18 23 27
94 7 10 71
42 20 13 125
78 16 34 61
100 22 43 98
71 2 13 150
37 14 37 136
1 6 25 134
53 15 15 98
31 39 37 58
44 38 19 115
75 15 34 81
50 6 25 82
60 15 4 1
76 13 37 73
29 23 37 34
44 8 9 75
18 19 11 131
1 11 55 74
42 18 23 44
65 19 7 55
84 34 20 9
47 29 11 107
64 23 3 51
16 38 43 118
61 23 43 59
97 7 17 102
27 40 19 35
93 19 7 26
100 25 25 93
56 5 25 63
99 23 39 59
8 40 5 63
74 13 9 23
83 7 31 71
19 34 5 113
21 31 27 102
6 18 9 5
29 2 13 13
88 17 27 62
15 29 11 132
51 17 39 91
10 14 10 2
2 24 22 33
75 21 37 19
96 37 22 9
51 9 13 49
52 37 29 9
14 10 7 60
57 25 25 132
14 27 27 86
87 2 41 42
6 34 13 97
37 20 31 78
44 21 3 24
79 15 13 1
70 20 19 117
54 15 13 64
77 8 5 67
59 19 4 81
46 6 7 40
22 8 3 121
80 3 16 11
17 6 43 16
63 34 4 68
62 34 11 68
58 25 3 132
4 38 43 105
78 29 5 108
95 27 1 67
31 33 14 10
65 28 5 52
7 24 25 33
2 16 7 61
70 3 31 101
46 3 13 100
94 33 19 7
46 20 55 78
81 25 7 135
84 4 7 83
37 30 7 122
13 36 7 110
62 38 1 105
89 6 49 40
73 27 10 146
3 15 3 98
45 35 49 102
90 35 43 95
9 38 1 84
75 20 19 125
78 40 9 138
25 24 31 33
73 8 15 121
43 16 8 148
91 31 31 102
33 24 28 37
30 25 25 97
91 7 29 129
87 22 31 137
66 30 37 53
96 28 13 17
37 40 16 63
25 15 1 1
48 35 7 54
44 3 25 101
44 25 37 132
33 36 1 41
43 29 23 78
2 12 1 15
39 38 43 115
39 13 25 77
16 15 31 64
39 35 1 86
89 35 3 72
63 20 44 45
64 22 7 131
11 37 7 4
48 34 17 113
42 8 37 75
47 6 31 86
9 4 31 70
86 34 27 113
60 35 43 19
62 22 31 82
98 34 21 106
15 11 37 74
98 6 13 101
48 5 28 63
89 30 10 92
69 6 27 67
36 26 27 121
29 33 1 36
79 23 31 25
47 13 43 124
52 4 49 70
59 26 32 146
19 38 19 56
51 32 16 115
82 35 25 72
58 17 19 48
9 14 16 107
83 27 11 138
42 28 1 52
84 35 25 95
49 6 3 40
54 30 7 18
45 13 43 92
28 35 43 137
32 36 2 14
12 8 19 50
92 34 1 97
18 2 16 42
58 13 31 73
54 34 19 113
36 30 13 122
63 35 25 137
22 40 5 138
14 33 29 10
22 20 19 3
6 13 4 77
13 20 49 3
94 21 21 45
2 37 28 40
57 3 44 101
35 8 1 134
98 14 9 89
61 3 31 11
2 19 17 40
43 27 5 25
55 34 9 106
56 23 7 94
100 16 14 95
76 31 49 46
83 40 1 63
22 34 11 30
46 4 31 83
71 28 19 46
22 14 25 56
19 7 31 27
64 4 25 26
18 37 5 135
58 29 9 108
61 4 37 26
44 40 7 138
78 28 7 52
92 15 10 81
50 22 9 116
60 19 1 143
45 33 11 10
41 2 35 15
44 7 13 102
76 15 7 16
52 22 7 66
90 25 19 112
19 8 10 51
42 34 10 9
50 14 1 56
26 5 25 2
49 2 23 14
61 15 34 64
95 8 22 94
15 5 13 77
83 29 3 108
40 4 19 70
23 32 25 65
14 36 38 41
70 38 1 114
60 12 16 96
54 21 27 107
56 16 5 5
67 20 43 3
45 25 37 93
12 10 49 4
84 37 11 119
36 36 31 134
61 8 1 121
96 6 37 86
74 2 22 13
19 33 23 93
28 7 17 71
9 26 13 85
57 33 31 129
16 4 13 145
57 29 7 130
40 35 43 54
59 37 7 149
52 40 17 109
81 12 11 115
78 2 29 15
97 26 9 85
31 36 4 148
18 25 49 44
5 3 43 100
15 19 16 26
88 5 1 126
30 21 3 6
12 19 37 131
72 27 17 57
6 32 1 115
46 26 22 121
12 20 31 3
93 33 9 7
99 21 25 6
40 17 1 46
73 2 25 14
34 15 37 81
93 32 16 65
72 16 20 95
5 11 1 74
51 8 21 50
59 28 17 17
61 16 7 141
72 4 7 8
66 32 25 73
56 40 11 109
85 19 11 34
78 26 25 47
3 26 7 117
8 15 38 16
3 3 25 100
48 14 31 58
37 27 29 86
5 25 37 67
21 29 23 147
70 15 37 1
62 13 22 138
7 6 19 16
14 7 11 129
62 4 7 145
55 38 49 84
34 34 31 97
75 38 13 84
12 15 28 11
69 16 23 141
56 30 50 18
75 35 9 102
81 33 13 61
61 32 10 19
93 16 34 130
33 39 31 128
25 25 9 82
38 33 25 61
5 22 13 116
31 37 20 149
96 30 19 122
82 2 17 13
95 35 25 19
86 5 15 32
46 32 19 19
54 23 31 94
81 35 44 12
72 12 1 106
70 29 7 78
81 30 19 18
3 23 44 94
8 8 22 55
83 9 34 6
1 7 3 36
18 39 19 128
26 32 13 87
13 6 43 5
78 13 31 143
77 34 40 64
24 28 29 89
25 2 29 14
75 28 25 123
8 26 15 112
71 8 7 75
6 37 19 136
58 4 25 70
97 16 25 141
43 17 31 13
99 15 10 64
5 14 9 149
91 25 25 112
37 34 22 97
34 12 3 106
68 18 21 5
3 37 33 40
7 9 1 113
98 35 31 109
19 3 40 100
23 26 28 99
69 2 1 49
15 36 22 148
41 16 11 148
27 9 31 110
76 35 25 12
51 36 10 69
12 34 17 64
60 20 27 78
4 20 37 69
36 14 19 28
4 26 27 29
65 8 23 12
66 23 31 54
9 24 28 33
74 16 5 95
83 17 38 43
79 8 11 50
8 23 31 34
46 38 37 56
55 20 32 45
64 39 49 58
14 12 2 149
38 32 34 65
7 30 37 122
48 15 4 16
90 14 26 120
91 36 16 148
8 33 25 18
81 3 22 11
50 30 22 100
36 38 43 56
2 14 13 93
21 38 43 114
72 28 11 123
64 25 31 57
7 20 31 125
13 15 40 33
80 25 19 132
18 23 25 25
29 22 43 15
82 4 37 8
25 8 37 55
79 5 16 114
15 28 5 60
57 14 21 83
86 30 40 122
63 32 22 101
81 17 37 46
88 13 15 124
85 17 1 43
18 30 13 81
22 17 31 48
38 26 22 6
14 8 25 55
88 28 13 89
96 31 8 38
32 39 25 138
53 14 49 83
4 13 1 92
98 16 17 130
28 26 1 99
87 8 7 121
5 28 23 46
56 31 19 135
60 29 13 78
16 5 25 126
92 14 32 107
61 2 3 78
3 30 22 81
13 28 19 17
96 26 1 85
49 25 15 29
65 7 13 129
97 4 31 8
62 8 5 75
19 11 13 79
8 19 13 26
84 18 34 44
96 13 4 143
15 31 43 38
67 35 13 137
16 9 22 108
88 6 21 82
50 13 13 21
98 25 49 29
100 35 37 102
73 32 4 139
32 8 5 55
10 18 31 44
24 12 4 20
34 2 7 49
39 12 10 96
21 17 31 121
51 2 23 42
3 27 31 35
90 26 31 29
41 32 1 73
53 35 37 147
53 40 23 63
33 33 9 93
13 13 37 124
40 5 40 94
77 20 31 117
31 14 34 93
32 6 43 82
18 26 7 146
47 5 37 126
58 16 11 141
33 14 4 28
40 38 25 84
27 4 38 83
56 17 13 48
51 22 1 131
10 31 43 135
40 27 23 124
67 12 7 103
92 28 23 60
80 13 43 77
89 4 15 70
5 16 27 61
60 14 31 2
85 31 37 118
88 33 25 10
48 8 25 52
23 22 1 53
55 26 19 146
17 19 17 131
35 5 9 63
24 36 1 139
89 13 34 58
80 26 7 6
63 19 13 143
15 10 1 60
72 9 43 51
40 33 32 18
54 22 49 141
26 15 28 81
17 9 10 12
67 25 37 29
90 17 13 147
97 27 23 57
28 27 11 25
98 5 25 94
61 19 17 101
17 2 25 49
22 15 51 1
4 14 4 93
38 28 11 46
20 28 11 60
31 30 16 122
45 22 19 141
72 15 26 16
59 13 27 21
35 28 27 52
11 6 9 86
14 32 4 15
20 9 15 108
47 17 49 13
54 27 25 21
16 34 11 97
79 14 40 89
47 40 35 63
79 33 5 10
6 22 21 66
1 10 13 4
39 16 17 141
31 28 11 88
11 14 13 149
31 26 1 29
58 8 7 89
45 37 13 2
69 37 31 9
75 40 41 138
70 7 28 71
26 37 17 9
11 31 1 38
22 9 37 106
27 33 21 129
1 26 39 146
47 15 27 64
93 40 13 35
18 6 43 86
88 23 37 54
38 22 13 66
73 34 27 106
13 29 5 107
36 32 9 65
29 39 25 119
44 17 33 43
44 34 1 68
80 37 34 149
25 14 4 120
40 2 5 42
94 31 49 35
50 16 4 19
42 38 39 114
68 26 1 146
3 28 1 88
16 26 19 6
90 15 34 33
65 33 2 7
20 16 37 13
52 31 37 105
83 36 7 139
85 38 19 114
29 40 34 138
95 9 7 113
67 4 9 80
70 8 25 107
64 35 37 95
57 13 9 61
69 27 19 57
47 4 19 26
90 29 9 78
44 2 17 150
21 14 1 136
38 2 29 150
33 2 38 49
74 31 25 105
66 38 7 105
33 40 23 109
16 3 34 100
15 9 26 51
59 6 37 77
93 30 25 122
85 4 25 83
99 40 7 35
24 9 31 6
85 27 13 57
28 25 37 112
12 25 7 72
62 12 13 103
42 12 3 103
77 26 13 146
15 32 7 115
6 28 7 84
99 8 13 67
93 2 23 150
99 28 4 17
85 29 15 132
73 9 1 110
67 30 49 100
82 40 5 109
30 12 40 96
37 29 19 72
95 12 16 106
89 33 13 7
50 9 19 49
3 2 28 13
64 7 29 27
71 33 1 18
76 14 13 107
77 33 23 129
62 35 15 23
64 13 43 11
51 20 25 45
63 6 7 134
36 29 5 130
42 2 8 42
53 38 43 130
99 17 19 43
21 25 19 67
7 23 13 94
25 9 40 12
57 19 5 26
7 2 17 49
38 5 19 94
8 9 43 49
27 15 9 1
82 32 19 65
17 12 5 103
15 14 31 28
14 15 19 64
84 14 15 90
17 16 35 5
53 8 5 89
95 2 19 150
83 31 25 42
73 38 19 118
58 23 44 34
74 9 13 106
91 19 5 104
94 15 13 16
100 29 1 72
30 40 1 35
31 3 28 101
3 24 19 37
94 20 37 45
24 16 35 148
37 26 10 98
56 38 37 115
71 17 21 62
5 17 19 88
87 38 25 118
49 27 25 67
59 2 41 49
70 40 5 86
84 15 22 64
10 37 4 110
28 39 25 58
26 26 21 47
33 12 13 20
87 39 13 138
89 9 26 108
7 34 11 106
10 22 25 98
1 38 7 114
48 16 1 148
8 35 1 147
81 31 31 69
31 25 7 29
4 32 22 87
20 24 4 33
83 33 17 7
38 12 4 21
6 39 25 128
2 30 25 69
11 33 35 7
82 9 31 36
35 17 31 132
64 29 13 130
34 16 22 95
67 40 17 138
100 28 7 88
98 20 43 125
97 31 37 47
17 22 31 141
73 29 13 108
17 30 7 92
5 29 35 72
49 29 11 108
68 16 9 130
20 32 19 101
94 22 1 82
86 12 34 96
9 36 19 148
47 32 7 19
64 2 1 150
80 35 37 23
72 34 41 106
28 12 15 15
27 8 3 35
32 22 19 98
39 7 5 36
66 37 11 43
18 13 37 92
53 4 25 80
35 14 15 28
94 17 31 131
89 32 31 87
45 4 25 145
11 34 19 54
65 18 9 44
13 17 25 46
7 27 23 136
42 6 31 14
23 6 33 77
78 35 19 102
11 19 21 144
41 5 37 6
66 2 4 49
2 36 19 139
54 25 21 1
30 17 7 46
28 34 5 9
51 5 7 77
53 22 1 91
34 36 25 110
53 29 13 132
68 40 19 138
26 9 34 110
39 33 23 18
6 4 15 140
7 28 4 123
68 17 43 43
58 19 17 55
76 34 16 68
55 17 25 88
81 26 3 88
34 14 19 33
57 2 17 78
77 14 19 89
86 15 1 81
84 27 1 109
6 2 11 15
75 9 31 12
1 24 31 37
74 30 40 18
49 37 1 2
42 40 26 35
41 33 13 18
72 40 5 35
4 6 13 86
32 20 7 3
32 28 23 34
80 36 13 14
84 30 31 81
78 22 38 82
54 7 10 36
66 14 13 120
38 40 17 86
84 33 37 10
94 26 28 117
90 37 11 135
88 37 19 119
11 30 16 100
60 2 25 150
16 22 37 137
29 29 5 147
56 14 34 90
5 27 17 25
20 19 29 34
59 22 13 119
36 27 17 21
38 15 1 16
86 33 25 7
67 21 25 66
74 17 1 13
2 26 34 99
43 4 13 47
78 9 13 36
91 17 7 132
55 35 13 72
70 22 43 116
30 26 31 99
23 37 5 4
19 12 17 20
27 36 28 41
88 9 46 113
94 34 8 30
49 17 31 62
9 11 55 79
46 15 16 16
14 39 13 58
98 21 37 107
10 6 49 86
42 16 17 95
82 39 43 58
90 40 7 63
49 38 27 114
55 13 37 61
92 37 13 43
29 36 31 139
79 22 19 53
9 27 25 136
87 25 45 1
85 18 43 44
1 17 49 48
24 29 7 108
20 17 31 47
83 5 13 118
13 22 13 12
46 37 11 90
96 12 27 103
74 36 45 134
91 34 3 30
1 25 43 132
13 30 10 122
65 36 37 134
90 31 1 42
53 30 31 92
35 19 22 40
45 27 5 124
43 23 25 34
88 4 9 140
12 14 25 149
6 35 32 147
24 21 37 129
97 14 27 136
95 21 43 6
36 19 22 104
72 37 3 2
87 29 38 72
65 30 15 92
92 30 28 69
62 31 26 91
77 4 25 8
95 37 10 136
28 28 21 123
65 2 27 150
23 28 13 123
5 31 31 91
85 26 31 61
79 31 25 38
69 12 21 21
20 21 43 117
62 6 37 7
29 19 19 78
51 4 43 145
45 34 3 64
52 29 11 72
16 14 49 136
44 13 28 143
11 17 43 88
30 35 43 72
27 32 25 87
85 34 23 30
66 33 28 36
37 33 41 93
79 36 44 148
56 13 31 138
91 26 37 99
66 26 40 121
1 12 1 21
100 34 19 68
7 11 43 74
35 30 3 18
48 28 15 88
47 23 13 25
91 15 40 11
38 17 7 62
11 4 31 140
81 8 17 35
31 18 25 44
51 7 19 129
100 6 32 16
68 23 38 51
50 39 31 75
60 31 19 105
39 15 7 98
87 13 22 73
73 30 7 81
93 25 1 135
79 17 7 13
4 10 31 4
8 20 7 45
61 7 19 71
62 36 19 41
31 20 43 18
91 12 22 20
32 27 16 41
21 4 37 145
55 4 1 80
83 2 5 74
94 13 25 23
98 40 7 109
27 27 7 136
86 36 4 41
44 16 15 13
61 20 13 117
55 14 22 149
24 26 9 112
69 17 7 48
25 39 25 75
42 17 19 91
10 28 1 34
1 21 19 134
10 17 33 46
17 13 19 44
9 30 22 122
46 7 35 129
43 33 11 7
76 28 1 123
17 14 13 136
76 9 19 110
15 13 19 58
69 19 3 104
97 2 5 14
34 5 13 6
68 27 4 146
65 31 43 46
59 4 19 80
80 33 4 61
81 28 1 61
86 22 49 116
87 4 1 47
8 13 19 73
80 30 49 92
39 19 15 7
73 25 31 1
100 5 4 32
23 38 37 135
2 6 49 77
66 28 16 46
50 37 7 2
35 22 37 15
54 5 37 150
91 37 1 9
80 16 31 19
66 19 19 104
25 27 21 109
97 22 19 131
52 2 31 150
99 14 1 89
33 7 26 129
26 19 19 40
40 8 29 51
95 25 33 97
74 14 16 120
22 35 43 102
49 5 19 124
7 40 9 109
19 23 25 59
23 5 7 150
70 13 16 77
48 36 22 110
39 8 13 52
68 33 23 10
41 14 49 2
33 29 11 130
47 7 5 102
82 6 49 67
72 23 31 59
43 21 49 107
71 18 33 5
89 31 21 113
19 24 7 33
59 18 25 5
92 32 25 54
34 27 11 21
82 17 13 82
4 2 19 42
57 32 1 65
12 37 5 43
30 22 19 12
85 8 17 67
82 34 11 113
98 17 1 137
Điểm tối ưu: 1178
Thời gian: 13.1958 giây
Trạng thái: PARTIAL
