485
50 19 21 7
49 19 27 52
46 17 1 54
45 17 13 54
44 19 13 7
42 19 49 52
23 17 7 54
22 19 19 52
19 19 25 7
14 17 25 54
50 3 7 22
49 3 33 22
46 3 13 5
45 3 3 24
43 3 25 24
38 3 13 24
24 13 13 36
19 3 37 5
6 13 25 36
3 13 25 70
3 3 15 22
2 3 3 22
43 5 13 74
42 6 9 3
41 5 1 74
38 5 19 74
26 5 13 58
21 6 49 3
20 5 25 58
2 6 21 43
27 1 4 1
20 1 1 1
44 4 4 59
43 10 10 51
41 10 16 51
41 4 19 59
39 4 1 59
38 10 4 51
33 10 13 51
32 10 19 51
29 4 22 59
45 9 21 44
40 9 21 37
36 9 25 37
35 9 9 37
29 9 7 8
28 9 31 37
24 9 1 44
20 9 37 37
12 9 33 44
11 9 15 8
9 9 4 44
2 9 15 37
1 9 9 44
50 2 13 67
30 2 7 6
44 14 37 8
36 14 7 3
34 14 51 8
28 14 10 8
48 20 34 37
47 20 19 70
45 18 1 70
37 18 7 72
34 18 1 63
31 18 7 15
28 18 17 63
27 20 19 72
22 20 13 37
21 20 13 22
18 20 7 37
17 20 19 37
16 20 1 22
13 20 11 22
7 18 7 63
31 16 17 29
16 16 10 29
47 15 7 44
40 15 19 61
32 15 7 61
26 15 31 44
19 11 13 50
18 11 25 13
16 11 5 28
14 11 13 13
4 11 5 50
39 19 31 7
11 16 7 30
37 16 1 30
49 9 39 8
20 16 9 30
33 3 7 24
5 16 1 64
11 3 31 24
45 16 9 64
12 15 19 43
34 9 21 8
36 13 13 70
17 9 31 8
29 18 17 70
46 14 17 3
30 5 1 58
13 15 9 61
34 15 5 61
14 20 19 22
12 2 10 6
15 15 21 61
48 10 43 51
18 6 13 43
24 20 17 72
17 5 25 74
13 6 49 43
2 19 37 7
42 14 25 8
44 5 19 58
18 3 9 5
36 6 31 58
6 18 1 15
43 13 1 36
23 9 1 37
40 11 7 50
1 15 13 52
22 10 1 72
7 16 1 29
43 16 7 64
47 10 46 51
47 14 1 8
23 4 16 59
41 9 13 44
43 6 37 43
6 3 37 34
34 3 25 34
49 20 25 22
39 6 7 43
19 1 7 1
7 1 10 1
12 18 3 63
5 18 3 15
14 19 1 52
18 13 19 36
29 3 31 5
38 9 28 37
21 17 19 54
15 13 31 36
45 10 28 51
47 3 21 34
28 1 25 1
17 11 21 50
10 10 34 51
12 10 25 3
21 12 15 13
25 3 1 34
13 1 28 1
29 20 35 72
22 15 16 61
22 3 7 34
23 19 49 7
14 15 17 43
24 14 5 8
27 18 16 15
16 14 3 3
40 14 28 3
3 7 1 24
7 4 28 59
37 14 5 3
18 2 1 67
27 5 7 58
39 14 19 3
49 14 19 8
12 14 37 3
5 6 7 28
19 16 11 30
11 15 19 44
9 3 19 24
48 12 27 13
28 5 49 58
42 3 19 5
27 14 46 8
41 20 27 22
36 20 40 37
34 13 7 36
17 16 11 64
15 19 37 52
15 16 3 64
5 13 37 22
46 4 40 59
38 20 31 22
14 5 7 74
21 16 4 30
20 6 31 43
10 7 1 35
31 15 1 61
14 6 37 28
46 5 49 74
17 3 1 5
33 9 25 44
36 2 1 43
24 10 22 51
10 4 7 59
48 18 9 15
47 18 9 63
24 19 7 7
8 17 37 54
14 3 43 34
44 16 17 30
25 20 21 22
21 4 9 72
3 17 43 54
7 15 5 52
15 17 49 54
26 10 7 51
21 11 1 50
37 2 13 6
4 17 13 72
31 11 3 50
10 5 43 58
29 15 4 43
46 18 5 63
26 14 49 8
48 5 37 74
4 3 37 24
1 2 19 6
47 1 13 1
43 20 23 22
22 4 25 59
25 1 16 1
44 17 31 54
8 3 13 34
21 18 23 15
25 18 11 63
50 6 43 43
8 15 3 61
26 20 46 37
27 3 31 34
30 20 29 70
50 10 37 51
50 18 5 15
39 15 23 61
12 4 46 59
15 9 28 44
9 15 23 52
20 18 21 15
15 1 43 1
4 14 27 8
39 18 11 15
32 18 15 63
42 7 7 5
16 15 31 61
9 5 25 72
24 5 37 58
33 11 29 50
21 19 43 52
6 10 49 51
35 17 55 54
1 10 1 51
21 10 40 51
38 16 17 64
26 2 1 6
25 16 7 29
33 4 37 72
6 5 43 74
14 4 49 59
10 19 15 52
8 4 10 59
5 20 41 22
5 3 25 5
35 1 19 1
35 15 16 44
32 19 31 52
8 20 29 72
10 1 22 1
8 2 19 67
19 10 21 3
4 20 29 22
42 18 13 63
22 13 37 36
40 8 3 70
39 9 43 37
50 12 1 2
32 9 43 5
5 5 55 58
37 20 33 72
13 18 13 15
4 19 7 52
3 10 52 51
6 20 47 22
4 4 52 59
16 10 46 72
25 6 25 43
9 12 1 13
15 10 25 51
23 13 43 22
14 8 21 70
9 13 43 36
35 8 34 70
18 15 33 61
39 11 15 50
42 20 4 37
4 10 21 72
16 2 28 67
10 16 3 29
15 11 9 50
26 18 19 63
4 12 46 2
47 16 5 29
49 7 21 29
1 18 25 15
48 19 1 7
11 18 21 63
2 18 19 15
23 16 5 64
32 8 9 70
2 5 55 74
23 18 23 63
4 5 31 74
28 8 55 28
11 10 4 72
43 8 31 28
41 18 25 63
45 11 17 50
5 1 31 1
49 12 16 2
3 8 37 70
22 2 4 6
13 14 31 3
19 15 29 61
40 7 9 35
6 15 29 43
35 12 40 2
25 14 46 3
27 11 25 50
19 8 55 70
37 3 43 24
7 14 3 8
14 10 31 51
32 1 37 1
43 1 34 1
41 8 58 70
10 12 10 13
14 14 15 3
19 7 15 29
22 8 52 70
36 15 11 52
8 8 49 28
31 7 22 67
48 15 25 52
34 8 43 70
46 15 11 61
8 10 33 3
3 15 11 43
26 12 22 2
48 11 11 28
26 4 34 59
5 11 11 50
2 10 43 72
10 15 25 61
39 7 21 35
50 11 19 50
6 7 7 35
36 8 43 28
24 8 19 28
2 20 31 72
9 8 31 70
37 7 11 36
2 2 7 67
17 15 13 61
23 7 11 24
38 8 25 28
24 7 11 35
20 8 40 70
13 16 15 30
8 7 5 5
6 8 13 28
7 8 46 70
3 5 19 13
11 2 25 67
6 4 31 59
30 7 5 36
18 7 4 67
36 12 19 2
1 16 15 64
9 7 10 67
31 2 26 6
44 18 27 15
15 14 1 3
49 1 46 1
36 7 4 35
17 18 29 15
8 12 7 2
28 15 37 61
38 12 46 13
7 9 37 44
18 16 23 29
5 12 49 2
3 4 40 13
33 8 16 28
25 11 23 13
11 19 43 7
25 12 13 2
29 7 15 35
13 8 46 28
44 12 49 13
22 18 28 63
28 16 23 64
32 12 52 2
20 14 13 3
1 12 31 2
12 8 22 28
1 11 23 50
40 3 49 24
10 11 27 50
28 7 13 35
3 12 4 13
42 12 37 2
16 12 7 13
1 4 43 59
47 12 31 13
40 2 16 6
5 14 13 8
43 7 17 67
15 12 55 2
11 8 49 70
31 3 49 34
3 9 49 44
20 10 52 72
30 10 39 3
41 12 34 2
16 4 37 59
29 12 25 2
33 12 52 13
29 16 13 29
17 12 43 13
6 12 4 2
30 12 10 2
21 8 58 28
38 6 55 43
2 4 49 72
10 20 49 37
5 8 52 28
29 8 1 28
7 20 49 22
3 20 55 37
25 8 34 28
2 14 29 8
1 17 55 72
12 19 55 7
45 12 37 13
37 9 49 5
30 11 32 50
46 7 23 5
30 4 55 59
9 4 13 59
31 12 43 2
2 16 25 64
7 7 17 36
12 7 17 35
50 16 27 29
27 10 55 3
6 14 34 8
21 7 29 36
44 2 40 6
35 16 28 64
19 12 34 13
13 12 55 13
13 10 43 3
28 10 58 3
40 16 31 64
9 20 7 70
22 12 58 2
18 9 40 44
23 14 53 8
36 16 35 29
26 9 43 44
37 8 28 28
4 16 25 30
16 7 23 36
39 2 37 6
46 16 19 30
50 7 25 29
22 9 46 5
23 12 28 2
38 2 33 6
27 16 13 64
17 10 40 72
30 16 13 30
Điểm tối ưu: 485
Thời gian: 6.1017 giây
Trạng thái: PARTIAL
