5989
237 38 27 146
230 38 9 28
9 38 43 146
449 67 31 309
422 67 13 173
403 67 44 134
377 67 43 173
282 67 21 134
261 67 38 134
185 67 43 323
60 67 37 323
28 67 1 134
22 67 3 173
362 120 7 630
327 154 27 503
302 154 8 484
283 120 2 582
136 120 37 582
447 155 7 36
239 155 43 215
227 155 1 215
212 155 7 81
336 195 43 279
307 138 55 289
238 138 27 37
7 138 25 440
257 160 21 379
233 160 31 109
225 160 31 602
146 160 43 739
141 160 7 35
128 64 27 207
47 64 1 660
302 59 1 369
284 114 1 186
210 114 8 696
210 59 38 196
52 59 20 296
493 6 15 606
449 6 1 64
253 122 14 18
206 72 1 213
156 10 13 461
155 10 15 529
145 72 31 555
133 72 20 243
112 72 25 308
59 72 21 230
459 159 27 186
66 159 13 364
421 167 26 383
73 167 3 372
471 130 43 561
218 130 43 704
170 130 25 159
464 117 1 584
169 117 8 289
84 117 49 405
63 57 25 208
482 5 31 233
475 21 49 556
32 21 43 186
445 101 1 580
255 101 50 187
407 42 49 74
239 42 25 633
236 42 13 694
225 42 3 224
139 35 7 115
154 125 7 393
420 132 49 306
410 146 19 672
278 132 19 343
165 146 49 142
124 127 25 568
86 146 25 336
52 127 49 302
16 146 19 504
322 121 9 17
360 142 31 119
153 142 15 644
305 37 49 723
166 37 19 262
136 66 43 257
371 74 37 88
333 106 37 262
54 190 1 296
315 137 43 109
37 137 20 70
30 137 37 2
479 185 1 396
423 185 19 95
127 185 2 300
492 107 37 403
474 163 22 223
449 163 49 223
436 107 16 533
432 107 28 403
378 163 9 298
373 163 49 298
327 163 19 223
327 107 52 533
325 163 16 223
308 107 43 533
290 163 10 223
288 163 52 223
279 163 3 298
249 163 34 223
201 163 27 298
173 163 44 298
130 163 52 298
111 163 37 298
83 163 7 223
80 163 13 223
79 163 13 298
14 163 4 223
11 163 1 223
494 104 10 710
492 104 40 612
487 104 9 612
472 148 3 111
442 104 1 710
434 148 10 111
404 148 15 132
385 148 26 132
317 148 13 462
259 104 7 710
257 148 4 132
229 148 1 132
213 104 16 20
205 104 3 20
204 148 31 132
200 148 10 132
104 104 37 20
90 148 50 111
73 148 51 132
69 148 7 132
60 148 25 111
59 104 10 20
53 104 43 612
42 148 7 111
39 104 7 20
31 104 40 20
14 148 20 462
415 113 2 744
413 61 16 360
398 61 37 515
107 113 15 376
65 61 3 483
52 113 27 626
476 144 31 674
306 103 13 378
299 144 8 565
87 144 13 674
68 144 21 565
67 144 38 668
27 164 2 474
419 3 56 36
292 3 10 24
182 157 40 652
43 157 3 519
268 20 37 177
167 20 32 177
443 69 19 525
378 69 25 687
249 69 10 525
166 69 16 663
336 41 8 356
12 84 32 524
459 141 7 321
417 92 7 694
240 92 40 694
159 141 10 595
101 141 31 180
126 110 27 733
114 102 44 188
423 173 31 187
125 173 34 475
112 128 21 524
23 173 9 89
18 128 25 675
44 86 15 661
486 165 15 475
391 171 31 386
298 27 4 291
416 24 31 494
135 58 34 234
450 179 7 426
91 36 38 130
37 36 1 491
466 118 7 606
393 118 9 213
366 54 4 189
191 118 3 606
452 52 33 52
41 52 7 259
404 34 10 472
399 47 1 287
467 71 27 544
365 135 15 61
264 71 25 218
360 119 10 623
472 126 15 653
241 126 7 476
453 70 27 274
200 70 1 517
370 182 9 537
361 123 15 129
213 182 19 449
175 76 4 8
120 186 19 170
48 123 43 460
344 124 51 266
263 16 26 66
156 29 7 222
105 29 21 197
51 91 13 571
118 133 40 696
293 80 16 177
42 80 43 261
499 50 7 312
481 50 17 312
477 62 5 310
445 62 39 310
433 62 25 310
402 62 7 251
389 62 10 251
382 50 11 312
369 62 20 251
350 50 17 702
342 62 1 251
337 50 26 702
336 50 31 312
290 50 25 312
278 62 37 310
249 50 8 702
244 50 37 312
231 62 10 310
217 50 37 702
207 50 22 312
201 62 43 251
161 62 29 310
120 62 43 310
90 50 3 702
59 62 17 251
32 62 31 251
26 62 33 251
486 197 2 368
479 197 7 501
444 197 25 368
317 192 10 736
310 192 23 139
302 192 5 139
250 192 28 139
238 192 51 139
223 197 11 368
215 197 26 501
214 197 44 501
170 197 1 501
72 192 49 139
67 192 10 139
19 192 11 376
131 105 7 509
91 105 7 545
1 105 17 74
425 4 7 658
369 4 31 15
219 4 56 15
197 4 28 687
174 48 17 160
109 4 8 687
58 48 25 704
29 17 1 470
416 109 1 440
36 166 15 170
434 93 7 525
170 93 8 197
166 93 44 383
97 93 9 200
474 176 4 49
285 176 7 504
84 176 20 204
157 88 37 212
425 45 13 420
145 90 35 98
70 19 8 660
56 19 23 487
6 19 7 425
155 116 7 216
46 116 13 128
492 199 32 104
268 199 40 74
191 199 22 216
112 199 37 717
99 79 31 157
414 77 2 67
164 77 11 622
21 184 32 170
426 131 5 650
131 83 41 498
57 83 29 214
310 129 19 225
157 129 3 553
172 51 52 282
340 161 17 688
296 161 37 328
228 161 43 346
87 161 1 53
352 9 44 90
229 150 4 66
179 9 26 300
101 9 13 446
98 26 13 646
50 9 40 347
18 150 17 108
368 56 13 47
148 56 44 437
100 56 15 169
312 180 29 535
310 196 16 239
308 196 3 303
365 183 9 246
353 183 28 499
482 181 11 219
83 181 25 714
426 15 31 85
248 136 47 652
52 43 53 177
11 43 7 607
491 11 29 308
277 75 4 346
141 40 16 648
467 14 9 450
157 172 19 609
53 14 2 411
492 198 1 238
442 198 16 620
200 96 5 724
68 112 32 750
444 175 50 257
431 22 5 18
230 18 1 748
134 8 10 421
253 194 2 729
207 194 20 427
146 194 16 240
433 60 2 649
284 60 13 655
227 158 15 468
168 13 5 96
123 13 7 129
261 98 49 28
427 148 8 462
418 120 1 333
49 93 13 525
250 166 2 32
441 57 55 295
468 107 22 533
89 51 45 289
270 68 28 465
110 153 1 375
440 120 1 480
364 107 4 533
66 50 1 702
241 163 25 223
458 63 53 134
421 83 56 728
289 175 1 698
158 24 2 587
142 115 49 683
427 53 19 306
79 134 16 745
198 191 19 436
297 138 49 37
77 103 25 378
30 123 7 167
324 63 17 147
108 166 34 170
307 104 25 612
62 62 38 251
301 137 7 241
428 192 13 376
322 61 43 483
230 107 34 533
492 59 3 216
174 117 32 405
353 122 37 299
42 65 19 46
313 99 7 603
137 77 1 701
480 52 13 372
179 16 4 712
92 169 25 736
176 194 35 677
486 84 4 7
40 63 7 506
297 39 3 614
126 155 13 36
157 38 39 39
60 151 41 675
239 123 1 591
448 174 3 347
344 104 43 20
295 178 7 133
164 118 26 259
240 67 25 258
177 37 25 169
399 145 20 252
210 41 26 339
29 37 25 723
80 23 5 4
311 56 13 240
497 122 7 490
6 32 25 46
86 71 10 613
483 59 55 703
121 47 13 370
187 67 31 173
404 46 32 100
374 151 1 449
259 137 19 391
416 157 55 316
275 78 25 436
181 39 37 279
116 57 50 516
115 81 50 552
384 11 21 607
381 41 10 155
250 78 37 742
370 113 13 80
465 44 10 321
228 50 5 702
331 23 16 32
89 15 3 85
372 158 31 657
423 150 23 57
91 104 1 612
475 133 19 187
476 195 1 505
124 65 7 681
479 85 43 330
477 103 15 426
306 138 38 276
105 58 1 750
492 30 13 596
134 61 31 567
279 156 1 110
367 123 10 487
399 122 13 100
225 43 35 718
267 108 14 218
400 180 5 596
16 144 37 162
162 38 13 39
275 72 7 243
465 125 27 502
477 19 53 680
422 126 34 123
322 143 23 402
212 44 22 724
220 33 38 257
165 38 7 39
44 40 10 163
279 15 19 642
418 17 27 470
97 109 17 278
6 110 13 108
403 109 25 397
277 11 34 11
45 97 13 144
333 103 7 58
177 159 37 514
227 125 37 426
164 157 7 519
303 149 10 109
180 130 37 159
463 139 11 559
144 3 16 398
414 105 19 509
410 193 13 286
206 200 37 568
461 32 52 255
121 143 50 487
491 74 19 127
184 58 19 303
111 96 23 6
460 50 22 702
35 50 27 312
422 73 19 156
322 11 1 198
8 64 15 56
270 115 13 328
93 164 25 663
65 197 1 707
408 114 1 534
421 139 31 152
172 52 13 594
341 142 25 388
366 132 15 122
272 160 19 714
149 115 49 104
81 163 28 223
353 62 15 310
256 50 1 312
171 73 37 183
213 30 56 716
338 63 1 546
481 94 9 110
267 55 17 333
76 36 49 130
487 160 20 247
377 34 19 715
416 34 37 406
69 198 19 393
20 200 13 275
202 67 25 323
212 75 29 567
31 168 55 430
77 112 1 382
324 51 33 157
110 99 37 683
13 129 31 550
367 154 31 267
143 151 40 352
329 67 37 258
409 18 23 46
362 149 21 44
131 170 28 419
10 169 50 583
455 141 37 700
89 113 25 80
141 145 19 176
304 196 33 239
256 141 31 86
184 99 15 184
425 105 16 499
364 164 19 685
112 122 8 592
377 129 13 327
23 21 31 548
338 182 3 266
246 192 7 736
208 72 31 8
421 5 19 281
269 50 10 702
318 105 8 183
295 21 25 13
67 60 32 271
166 163 38 223
171 3 20 398
183 123 10 349
105 175 11 597
175 67 43 309
249 187 25 286
320 71 9 172
110 67 25 173
405 69 25 70
387 180 22 235
280 184 9 11
364 17 7 371
50 126 31 644
42 127 25 59
387 68 40 301
20 39 7 724
180 86 31 307
230 129 3 464
451 190 13 386
252 190 1 212
369 26 23 571
122 45 4 538
2 150 13 280
479 73 16 530
244 37 15 269
389 171 13 291
239 154 7 446
278 168 7 621
258 142 43 12
379 22 8 527
334 76 1 56
150 155 9 400
251 88 15 623
431 108 1 230
303 8 23 357
300 62 23 310
66 41 27 155
168 140 27 591
36 71 20 461
110 159 13 514
122 148 13 111
403 3 52 565
415 22 15 577
171 62 28 251
213 132 32 350
482 66 7 92
33 191 41 714
390 140 7 682
285 150 14 521
332 17 13 44
500 104 19 612
306 105 1 74
200 168 14 720
9 49 9 456
435 147 55 550
221 122 43 97
186 167 49 672
298 103 19 426
21 151 7 693
231 100 13 417
286 198 1 506
260 61 7 567
435 62 35 310
438 88 43 195
9 94 31 110
405 40 7 269
121 110 31 108
326 139 3 165
430 197 34 707
234 79 39 311
313 64 50 56
243 143 19 549
283 100 25 240
193 20 43 548
244 33 3 565
272 32 5 550
88 95 21 255
54 144 43 565
213 193 49 250
456 63 4 486
152 123 7 697
160 67 13 323
178 74 7 256
26 92 4 667
365 43 31 62
15 71 31 463
342 52 37 583
290 67 1 258
319 161 4 449
354 114 19 669
188 9 1 688
418 71 21 330
107 84 44 523
187 76 9 657
324 107 7 533
133 134 40 362
81 104 34 612
402 41 16 510
223 11 32 511
29 99 21 485
71 105 17 545
44 89 40 666
491 22 2 577
105 158 46 725
125 49 1 319
479 177 56 659
262 144 13 162
181 193 32 184
151 148 3 462
341 62 23 251
327 11 32 501
498 87 1 526
132 165 1 380
129 35 31 582
473 59 43 703
418 150 25 153
158 200 13 566
285 43 5 688
400 28 45 260
289 65 25 217
440 131 26 386
194 14 11 69
397 161 25 527
119 152 4 317
452 3 13 24
106 67 7 258
73 51 1 289
258 8 11 369
253 130 31 284
30 11 1 37
414 111 27 254
478 2 3 65
469 185 7 297
64 14 51 263
482 123 21 673
469 139 37 714
347 196 31 506
242 167 37 293
342 78 19 662
386 165 1 128
190 21 8 594
308 104 19 20
182 20 13 727
145 84 1 620
91 2 44 217
184 4 37 491
68 166 41 271
322 31 13 314
339 166 19 271
298 71 10 508
405 67 37 309
305 31 1 727
163 182 22 449
356 75 1 408
41 99 37 60
58 7 33 458
416 125 25 22
411 78 3 253
440 69 49 109
439 45 5 420
105 120 37 570
338 61 34 567
106 41 3 441
318 3 16 24
220 52 19 724
384 89 32 408
307 7 31 604
85 117 55 33
351 176 25 646
334 46 43 407
242 176 11 548
150 191 17 668
388 63 31 351
497 91 31 637
400 172 11 292
258 88 17 274
82 17 31 53
465 80 13 224
158 75 50 651
376 79 17 261
408 10 55 266
176 51 27 340
135 59 13 58
306 2 31 664
36 90 35 330
54 56 7 80
172 157 1 103
395 175 2 632
10 162 5 51
212 73 32 384
266 162 17 188
42 48 17 581
280 126 22 621
30 59 25 268
135 62 17 310
9 17 16 371
387 196 11 360
315 9 21 710
330 24 1 249
413 99 31 590
118 14 29 475
124 115 13 607
203 188 55 571
218 9 50 484
376 48 31 704
303 54 15 649
451 63 1 395
146 27 1 555
464 54 27 611
289 29 16 63
207 43 2 5
253 170 28 129
356 166 15 746
42 79 31 479
478 10 31 6
138 8 35 731
276 164 25 474
95 184 10 344
472 45 10 692
187 99 37 63
356 132 9 215
130 4 23 179
38 117 26 34
472 30 49 76
236 173 40 70
358 56 10 240
145 78 13 555
214 40 13 332
459 144 2 674
280 188 13 410
499 28 43 408
56 190 50 67
406 31 1 669
85 91 33 432
460 174 13 690
188 74 31 510
56 191 9 268
340 36 22 136
193 145 4 651
182 19 22 187
218 12 2 117
182 189 19 689
206 153 33 477
261 184 7 718
91 138 14 319
449 11 7 608
12 61 13 567
39 67 25 309
356 176 13 504
302 100 49 676
202 157 37 316
318 94 19 368
128 177 14 715
472 104 25 710
155 121 19 496
372 192 37 736
229 7 25 549
470 35 37 277
40 39 19 279
28 162 25 261
226 32 1 35
70 132 25 88
182 143 8 412
270 22 7 421
233 48 11 228
126 195 49 68
266 112 5 110
411 40 1 163
172 100 16 164
310 4 21 26
173 140 55 150
292 87 31 692
384 187 14 736
222 65 49 439
310 103 25 58
475 9 29 446
309 107 16 403
207 200 7 96
329 138 25 289
255 76 31 375
228 58 31 224
22 5 7 373
237 173 22 151
48 2 50 371
232 150 5 479
460 74 31 482
249 135 43 717
66 103 22 58
178 67 13 309
450 132 25 306
408 43 5 564
87 165 31 472
295 6 13 249
372 49 17 655
178 185 19 47
154 119 46 170
463 190 1 644
134 91 25 554
410 182 43 584
357 137 1 217
185 162 11 724
154 185 31 61
238 97 4 603
367 63 43 192
102 115 33 264
363 90 27 641
306 171 7 195
52 181 5 425
23 168 20 108
7 45 41 429
486 180 13 305
61 177 27 87
37 165 43 540
472 129 20 420
435 84 2 178
442 148 37 111
250 123 25 555
327 117 3 627
170 176 29 548
173 78 19 116
402 42 37 539
328 8 35 212
454 4 13 26
318 14 22 85
336 39 49 522
273 150 35 635
218 165 55 475
257 89 52 720
53 160 13 602
124 137 39 241
277 20 21 246
24 72 38 8
389 123 19 667
24 15 13 6
190 60 16 473
245 148 20 132
304 150 5 62
109 120 1 570
490 176 3 489
109 30 37 76
161 199 15 55
11 2 13 187
266 118 14 739
234 93 11 500
348 150 14 283
138 163 31 223
161 94 25 265
435 156 13 119
474 131 19 560
164 53 1 367
113 32 19 519
478 89 15 60
447 142 31 466
340 77 15 604
484 53 37 69
65 67 43 258
65 172 16 372
246 69 49 427
32 120 33 333
397 158 3 341
193 33 31 429
157 46 5 133
99 190 9 577
308 127 55 641
337 71 55 6
45 24 15 737
73 11 15 677
243 91 25 135
183 30 49 716
482 186 28 358
432 120 33 480
215 147 13 324
381 139 13 2
402 168 25 720
202 2 7 204
350 188 27 168
140 23 8 391
286 48 7 704
207 145 25 561
330 39 37 724
3 102 43 725
134 103 2 426
1 111 3 657
449 9 23 347
441 181 23 375
86 121 31 715
87 60 16 380
399 90 4 330
309 106 25 560
166 179 13 38
221 20 7 468
305 72 45 259
279 185 13 508
63 179 21 7
126 199 3 542
249 184 13 561
101 138 21 684
397 123 10 308
10 188 7 334
213 134 13 512
34 92 37 694
476 99 37 211
208 149 19 741
360 174 7 690
167 186 13 127
496 97 32 353
5 88 45 197
254 177 7 531
427 24 32 236
179 190 37 48
66 95 19 89
293 135 7 540
478 117 50 639
195 2 39 748
36 22 1 343
281 145 20 676
277 87 37 267
403 92 19 277
155 105 34 545
321 172 41 75
53 61 49 567
352 196 11 447
291 145 43 666
407 93 7 403
475 155 37 36
72 154 13 140
490 114 38 222
424 3 34 36
341 37 13 221
168 35 13 664
255 35 37 494
309 115 55 328
340 91 28 651
250 165 13 340
93 16 20 23
498 174 22 42
245 172 5 128
308 86 7 661
479 38 19 39
399 195 57 68
379 109 11 704
88 200 19 392
319 145 37 676
173 144 27 722
438 74 9 60
326 123 43 239
314 109 19 397
352 114 13 669
279 103 28 58
24 91 7 102
411 109 25 278
394 45 11 136
41 123 10 460
164 192 35 376
333 6 19 554
375 91 4 105
33 95 10 335
48 76 4 656
227 52 7 340
40 184 23 424
1 178 9 550
231 38 19 146
21 25 26 488
273 8 32 562
18 184 5 736
16 83 23 498
319 23 13 531
89 32 29 692
183 34 4 745
113 6 37 85
106 31 25 575
111 92 28 618
317 117 31 33
448 167 57 525
147 183 7 406
438 170 22 190
176 118 31 428
68 102 1 84
475 69 25 416
338 105 11 183
374 106 7 7
33 127 37 674
347 66 19 128
302 118 13 510
289 198 11 542
10 130 25 193
191 141 19 456
354 49 1 456
310 125 38 173
495 18 52 284
309 193 38 382
228 136 7 281
436 61 19 567
371 109 15 278
271 38 37 28
295 108 3 218
361 21 49 433
309 66 43 136
445 45 16 215
262 20 49 246
439 79 41 373
276 181 7 159
231 64 55 56
24 161 19 254
96 44 37 294
311 65 15 266
142 28 1 324
62 21 43 13
31 61 13 640
197 196 55 679
15 120 25 570
213 138 25 319
125 6 49 184
210 50 13 312
178 49 5 500
283 182 19 433
76 57 25 198
162 130 31 193
134 165 28 580
32 14 25 603
209 104 43 710
463 118 55 19
237 198 11 391
275 59 43 196
261 124 2 387
306 170 45 26
210 67 31 323
74 60 16 114
340 38 55 28
468 158 45 656
32 63 1 166
399 86 43 54
8 68 8 40
369 135 10 43
458 135 25 587
223 48 9 704
113 115 1 143
392 74 19 411
316 115 32 220
238 155 7 14
4 65 55 543
109 161 10 750
323 181 25 654
138 41 4 415
129 40 17 420
25 45 34 226
20 195 37 505
282 24 43 176
394 192 43 139
120 66 33 650
489 185 57 61
192 10 8 650
104 183 31 628
304 72 49 259
416 63 3 321
273 55 27 382
296 192 35 139
33 46 45 444
163 128 14 148
64 179 26 411
463 148 49 462
462 35 13 176
90 187 11 56
105 31 7 299
24 56 5 700
394 138 31 746
283 158 11 194
48 133 19 512
412 130 37 233
499 63 35 229
301 174 31 609
352 15 4 468
435 91 7 431
264 41 10 275
187 121 21 156
23 16 52 426
449 66 43 469
122 154 9 267
34 168 27 427
223 134 4 285
454 150 15 145
106 199 1 542
262 12 37 354
81 135 4 544
285 5 49 9
270 119 37 353
206 14 5 690
343 152 49 545
88 4 7 179
155 145 38 215
93 124 40 332
262 155 1 14
264 155 44 400
358 28 20 495
288 65 21 335
179 168 19 479
209 89 1 15
5 13 20 718
85 143 10 413
88 59 25 53
390 148 37 132
25 161 5 328
284 83 29 244
170 150 10 745
444 87 1 692
454 64 31 331
271 193 7 390
248 171 37 601
154 141 49 700
156 32 31 46
299 3 43 3
247 148 16 111
216 197 28 501
493 102 49 384
48 32 7 734
423 22 25 421
462 73 2 59
142 89 45 144
190 54 21 206
247 108 10 717
489 56 17 448
160 15 35 182
98 98 1 208
492 65 19 359
209 177 33 129
485 127 31 4
373 152 44 46
34 5 1 541
295 20 22 548
93 84 37 292
215 170 7 101
277 60 13 692
470 65 7 686
478 113 25 744
231 93 39 383
237 6 37 83
95 45 31 226
444 118 8 727
145 35 7 181
232 103 1 461
421 54 2 622
224 115 2 643
330 83 29 120
109 39 31 614
393 62 5 251
179 189 28 452
201 17 13 371
443 72 37 230
445 100 31 454
270 4 11 26
11 55 19 189
318 59 1 551
299 129 11 635
421 73 23 606
14 97 43 673
305 96 5 403
325 175 5 280
216 14 8 653
39 109 19 378
110 75 11 456
324 45 31 160
21 93 1 525
100 174 4 457
219 56 3 123
356 66 51 336
390 119 43 353
491 144 16 674
289 72 49 245
497 44 41 233
109 76 25 526
400 33 7 543
396 126 31 367
496 27 26 33
161 79 13 311
100 35 37 569
15 25 49 114
342 31 7 342
183 75 14 40
57 96 7 562
455 51 13 399
219 142 31 619
426 146 55 684
471 184 17 347
379 120 19 582
15 103 43 461
74 35 43 413
426 185 43 354
356 9 7 598
20 72 43 308
482 122 45 582
349 67 1 309
237 89 14 626
473 156 8 287
31 31 1 121
422 41 43 71
189 84 4 90
65 76 39 411
318 115 50 264
399 137 37 613
431 57 19 422
39 77 43 535
132 11 25 607
239 132 13 432
205 97 11 603
108 51 8 282
112 21 39 136
98 91 34 82
157 195 43 463
432 92 38 667
197 68 14 400
297 199 1 433
244 31 22 425
221 94 40 280
203 123 4 487
421 129 11 382
401 8 2 562
489 97 41 259
242 146 25 418
9 167 25 213
113 77 13 45
482 51 43 329
299 85 38 709
211 41 21 72
446 90 1 330
261 48 43 581
188 156 5 562
365 131 11 383
420 85 7 257
205 82 7 209
278 171 4 601
341 99 50 590
195 136 17 327
458 72 8 345
410 167 49 634
161 171 1 609
324 119 13 573
279 9 32 475
365 194 7 336
5 82 16 701
345 123 13 697
73 178 10 445
313 50 13 702
453 78 31 330
127 134 27 276
375 138 19 37
435 25 21 549
386 187 35 56
447 160 37 522
487 11 16 38
271 188 19 454
415 194 17 197
112 69 2 106
247 2 1 27
114 90 13 8
111 128 34 705
488 72 37 345
1 42 37 194
378 44 32 656
226 165 37 331
73 46 19 524
420 96 34 734
116 144 19 668
202 6 13 83
254 131 43 650
403 14 17 589
297 95 27 746
251 192 37 139
124 160 49 714
453 41 43 441
60 159 21 541
4 82 49 213
393 161 23 688
54 122 27 518
11 16 9 699
69 44 13 130
296 138 13 273
296 5 26 114
230 7 39 302
461 52 7 729
6 160 37 109
274 138 19 276
179 77 7 616
324 3 38 398
176 189 19 515
232 165 39 274
96 34 49 241
64 145 7 676
396 182 34 272
161 161 19 658
60 122 55 518
302 117 37 131
217 91 10 557
384 99 1 313
500 37 49 127
392 26 9 604
457 185 31 1
159 195 50 505
345 143 8 24
482 160 1 495
1 172 23 575
321 91 21 670
59 175 26 81
458 56 19 186
388 196 19 679
411 102 22 529
343 8 29 694
198 186 21 45
446 164 7 685
354 55 16 382
217 136 21 13
367 180 5 217
415 35 37 413
329 141 2 162
436 56 35 47
406 2 15 373
393 23 1 519
354 38 32 39
109 154 15 267
208 185 43 290
461 195 13 675
486 9 29 433
131 138 31 37
231 17 17 53
26 124 49 17
242 6 7 597
493 172 45 270
351 170 27 375
471 98 1 447
118 167 43 293
420 74 13 617
331 156 14 409
434 110 1 746
72 196 26 622
228 80 9 261
208 125 2 439
298 150 33 479
458 132 37 263
320 162 7 415
231 179 7 458
79 88 34 197
449 3 19 24
359 130 9 193
55 51 17 340
233 9 1 556
56 56 32 123
354 37 55 58
82 37 37 119
175 8 17 421
226 176 33 30
29 92 43 161
154 59 1 248
492 200 11 16
251 9 35 205
413 2 9 3
359 4 7 26
231 74 1 92
334 49 29 209
419 144 27 668
183 53 31 259
166 178 11 466
40 130 31 539
87 182 4 537
48 118 31 91
329 93 5 525
14 170 38 451
354 18 3 335
319 173 9 678
11 36 21 730
461 177 31 344
353 167 43 2
290 61 31 640
169 49 39 209
168 12 49 44
86 158 1 657
377 4 4 15
276 5 13 412
174 141 22 106
141 14 13 450
59 166 28 373
464 77 14 741
180 2 49 481
245 140 1 240
311 74 19 523
371 88 17 212
495 40 11 631
451 7 10 70
7 188 37 168
238 156 39 448
490 61 56 483
380 15 17 209
164 97 17 637
332 7 15 678
313 52 16 106
22 158 21 390
370 35 44 732
87 69 19 219
90 95 16 446
205 141 16 625
19 167 25 372
350 25 13 285
382 168 1 280
431 135 7 408
258 37 49 97
123 54 38 535
408 67 21 309
3 127 7 491
383 32 11 726
110 195 32 273
308 153 31 467
363 162 4 467
360 102 25 431
135 162 11 593
475 195 13 125
67 160 43 247
24 113 26 556
150 72 25 517
69 188 21 473
252 77 22 176
454 135 7 67
97 82 28 69
451 104 55 710
38 61 16 515
335 93 25 500
96 77 7 108
178 158 11 621
465 64 1 207
483 63 7 74
394 122 19 100
291 10 39 650
149 159 19 453
444 21 19 256
373 52 19 280
34 69 34 202
2 2 15 597
430 9 10 660
262 66 43 645
204 84 15 226
500 12 13 193
28 70 46 389
264 22 19 337
47 196 35 607
410 113 9 626
17 170 2 388
326 40 23 380
139 50 47 702
395 69 8 106
463 38 19 28
156 120 19 570
271 140 49 673
426 191 11 299
474 169 49 615
480 113 43 376
340 89 44 60
409 45 17 746
94 139 43 456
403 87 28 242
13 112 23 567
64 141 13 86
5 170 39 489
425 188 44 131
384 81 7 78
79 196 51 224
277 171 31 720
358 122 37 518
22 29 52 213
263 36 7 73
397 149 35 109
204 147 27 133
373 125 7 617
53 72 32 308
493 106 3 82
380 41 13 72
196 200 25 742
332 145 28 437
267 22 7 537
471 75 7 317
235 59 9 551
317 151 1 54
420 140 37 322
146 80 27 55
216 23 25 345
164 158 21 286
7 33 14 543
88 125 13 643
345 106 37 285
361 95 26 596
469 88 28 144
69 12 25 180
3 162 11 50
291 75 14 366
300 29 43 222
442 64 25 563
39 94 21 394
114 23 37 681
194 108 7 276
55 104 13 612
429 186 13 270
128 14 25 110
346 106 19 278
91 154 19 484
115 194 28 703
162 119 43 663
1 131 7 313
259 193 31 343
387 154 31 503
14 161 13 688
25 100 27 417
434 103 28 461
423 42 49 747
315 118 25 550
208 153 38 559
307 119 28 210
367 11 2 625
240 161 11 346
317 103 43 378
118 168 15 141
27 99 43 667
420 120 43 630
434 126 31 487
380 141 34 394
484 70 16 73
312 67 31 258
181 98 13 536
456 73 11 544
237 56 3 68
429 108 19 297
51 144 37 565
226 103 44 58
430 100 7 240
462 3 19 240
60 133 1 686
450 173 1 678
25 90 25 641
417 140 1 268
303 90 13 184
391 95 52 647
239 175 23 248
415 129 5 370
33 66 49 99
333 143 1 616
165 15 11 468
143 37 44 336
434 193 43 286
318 5 26 519
167 78 50 347
4 61 10 640
312 57 25 679
19 73 17 71
481 3 14 350
437 20 37 496
357 199 11 216
28 32 29 255
150 17 19 44
222 124 22 182
2 81 37 1
137 185 33 665
223 59 20 268
499 113 40 626
51 191 16 29
498 81 43 345
107 109 5 378
477 120 1 630
225 88 23 171
367 124 13 109
436 153 1 112
156 94 27 646
497 155 43 81
167 9 22 441
62 188 20 466
50 25 19 104
400 85 25 41
149 72 37 191
245 119 38 31
370 94 49 361
419 96 1 724
78 194 25 746
457 115 39 220
344 154 13 503
102 188 27 96
385 64 19 331
1 141 31 282
15 179 7 570
428 155 19 400
430 169 26 30
365 137 37 538
329 21 43 302
368 186 10 211
457 39 7 522
245 89 31 179
67 13 7 743
68 103 25 189
426 91 19 653
126 58 37 178
73 5 21 237
453 157 10 316
162 75 4 527
97 26 4 646
256 112 4 69
385 71 43 149
164 198 23 200
5 78 25 385
434 24 40 737
437 78 19 120
401 61 19 483
127 46 19 394
351 30 32 147
338 38 45 39
294 57 19 434
429 114 1 222
177 101 19 83
120 133 27 157
224 9 10 683
221 120 50 480
328 133 31 508
303 76 7 479
246 56 15 280
217 76 7 583
458 39 49 724
151 118 9 437
302 111 16 321
469 28 11 495
105 142 13 464
423 124 39 561
275 3 31 3
379 82 13 701
92 145 7 252
186 168 43 439
71 111 43 147
316 118 1 550
494 27 37 482
424 75 13 87
61 66 14 99
385 193 7 740
125 32 10 712
84 93 31 225
159 194 1 483
242 162 5 451
198 82 10 237
209 198 5 385
344 142 3 190
300 151 1 626
283 129 17 635
68 160 37 680
275 170 14 402
306 136 16 520
133 165 44 331
456 169 50 686
393 53 20 172
180 25 43 104
19 95 43 599
321 147 7 566
220 39 31 724
215 131 44 470
480 144 31 162
31 4 16 15
331 85 38 488
258 149 5 170
199 42 55 747
287 118 4 325
56 11 11 92
134 84 43 743
49 8 29 262
330 101 31 504
314 102 7 145
169 74 13 303
187 54 25 623
67 31 19 527
119 63 2 346
331 37 27 504
404 135 34 292
465 11 43 660
356 144 34 162
433 6 20 35
453 161 5 654
65 161 27 328
130 25 13 654
53 112 53 484
207 28 17 260
243 4 16 658
415 166 13 271
299 131 1 448
55 93 47 403
401 42 37 485
246 177 1 602
246 123 4 748
30 6 13 554
274 173 56 384
331 150 43 711
359 66 32 242
105 17 29 44
93 7 9 192
243 28 10 464
311 159 25 630
38 92 39 284
389 136 22 112
249 26 20 450
35 133 43 600
173 80 51 73
117 45 3 136
250 64 7 331
55 60 35 94
355 107 1 403
265 3 19 3
263 136 19 354
438 139 20 624
179 152 1 437
149 43 11 591
288 166 19 746
397 152 43 352
319 131 7 503
363 135 13 449
458 134 21 566
496 156 41 668
239 27 4 440
323 175 27 203
437 189 31 452
178 19 31 668
238 129 1 174
500 73 45 10
249 136 31 404
318 166 5 514
29 181 11 654
122 90 7 288
45 162 23 185
337 190 7 72
163 60 25 433
81 65 49 41
141 93 29 500
446 55 15 695
153 93 11 225
179 134 51 593
462 147 37 621
407 119 9 120
457 60 11 524
475 61 34 640
333 73 17 183
282 114 1 451
412 144 28 162
178 124 37 358
447 106 13 599
487 92 34 694
57 68 26 185
37 59 13 703
182 39 55 724
184 74 27 249
307 83 11 474
254 184 19 574
344 28 49 442
412 147 55 27
120 79 49 157
256 43 11 140
111 172 26 613
400 47 19 328
194 17 13 201
224 157 21 148
350 71 22 430
458 71 16 719
450 138 37 615
305 158 7 444
110 97 29 579
382 63 5 234
454 124 25 182
252 109 11 378
226 114 55 451
314 75 17 691
45 48 27 514
479 176 28 489
284 152 7 4
287 125 37 738
101 10 7 705
145 153 37 112
255 8 5 673
395 150 5 41
241 146 1 504
495 116 4 740
253 62 19 310
87 84 22 90
333 44 10 479
218 156 13 498
255 83 34 728
146 150 4 283
378 56 4 573
387 98 29 639
128 197 50 368
386 43 14 665
423 195 1 675
5 105 10 545
497 185 19 313
409 165 19 717
496 94 9 34
118 166 5 647
104 106 13 102
133 17 11 53
473 2 19 54
362 90 44 491
106 156 46 584
312 41 1 277
339 32 17 476
114 27 32 712
184 97 7 579
146 8 40 564
486 190 19 601
385 132 39 389
39 4 10 687
325 109 7 3
386 85 31 655
61 70 33 218
10 168 43 6
202 183 11 350
383 90 37 330
26 158 1 485
162 185 9 428
389 41 1 356
47 194 19 497
406 53 20 9
56 133 19 494
147 27 40 482
112 140 14 322
425 142 25 401
368 197 22 368
484 33 7 48
440 152 31 534
40 112 17 250
43 138 19 615
24 64 15 131
329 130 15 44
398 86 4 125
284 145 10 651
200 40 19 185
237 57 7 295
54 5 13 541
363 131 22 584
21 15 20 61
147 53 16 419
200 164 39 425
468 67 25 134
206 11 29 50
274 37 1 482
157 131 25 298
124 182 21 595
104 124 21 387
423 164 44 510
154 140 37 200
106 147 19 340
204 158 40 353
115 40 4 743
172 84 25 296
138 162 28 398
142 169 15 550
86 190 19 175
62 35 9 290
320 84 28 296
439 65 1 543
351 131 1 321
144 194 23 558
155 158 13 55
294 159 55 630
211 167 15 293
1 132 49 191
124 44 11 716
359 180 1 730
240 164 19 275
416 86 40 111
137 134 13 590
21 84 46 531
414 19 11 614
401 152 43 534
111 56 7 717
38 102 32 84
402 18 35 519
185 55 39 175
47 29 38 197
54 51 25 332
78 21 7 688
354 188 27 571
349 143 29 547
6 63 1 576
5 167 50 295
354 105 25 183
249 54 1 443
165 181 23 497
65 35 21 213
140 4 23 26
94 7 31 485
428 153 37 721
22 155 13 392
196 117 27 377
350 172 25 510
306 22 20 575
18 135 10 698
325 148 37 462
20 193 19 438
277 50 45 312
196 22 1 594
180 68 34 153
422 27 21 386
235 12 49 507
317 96 8 588
67 98 49 597
271 3 26 690
359 54 49 535
344 55 27 95
142 29 9 133
210 36 2 671
468 108 13 259
255 54 45 456
314 4 10 179
242 198 35 159
98 124 7 554
392 41 40 415
93 115 32 486
9 101 55 337
493 56 1 123
432 104 13 20
196 85 19 250
390 177 1 125
480 4 5 26
332 46 5 570
418 171 9 294
124 36 31 130
387 35 25 636
330 16 13 470
477 129 19 464
312 82 37 572
299 43 25 507
133 192 29 736
468 98 7 290
334 128 31 178
248 106 7 208
444 132 32 88
355 122 19 18
197 17 35 53
371 128 31 274
64 157 39 421
327 63 25 143
181 73 19 355
248 36 19 733
425 56 1 335
335 54 27 197
36 139 17 305
352 44 19 716
138 54 13 441
168 88 25 195
302 169 25 280
218 32 22 712
448 6 31 83
211 29 52 133
5 191 29 126
272 64 51 131
2 106 31 711
295 131 11 452
128 111 1 254
199 145 21 437
279 170 9 300
160 149 23 715
375 55 14 719
400 87 1 361
235 97 19 506
461 8 35 345
383 127 1 721
248 43 11 5
35 49 11 552
256 53 27 497
219 113 19 80
333 64 26 56
268 30 26 76
97 125 31 617
419 162 17 427
311 134 7 22
172 106 31 72
336 181 11 118
200 166 7 647
187 60 49 16
219 72 49 664
79 14 19 94
495 173 25 448
357 5 31 673
492 191 17 193
377 61 31 360
94 155 19 81
75 127 43 51
26 48 31 581
163 157 32 141
232 168 19 611
418 68 45 686
96 41 26 72
149 199 23 535
1 57 25 422
65 165 8 586
221 124 28 376
427 83 4 391
77 119 37 682
377 175 26 28
211 14 19 195
378 162 19 110
232 6 15 679
93 150 5 726
363 47 32 252
419 12 19 537
396 175 2 477
250 199 43 37
281 198 2 99
101 92 4 742
60 97 19 739
442 83 4 497
45 2 43 597
159 134 15 87
374 200 16 547
492 122 44 518
430 7 45 458
251 24 4 203
43 27 34 278
364 152 31 234
278 14 11 419
82 159 25 78
250 172 11 575
389 17 52 470
483 143 25 547
177 135 55 476
470 81 26 686
107 128 38 360
216 92 1 694
181 18 29 648
214 166 19 647
251 63 11 238
18 101 51 83
460 170 16 190
7 11 43 608
471 170 4 332
455 102 31 725
252 58 25 178
489 147 49 560
198 48 14 228
121 75 23 162
153 113 28 80
328 18 11 200
151 75 41 638
225 29 13 524
312 144 49 565
446 16 10 342
137 155 7 392
287 54 1 113
119 9 37 598
140 110 19 516
442 78 31 540
451 26 47 14
9 27 1 28
6 159 31 735
117 72 43 640
165 76 43 171
392 21 31 578
323 56 7 47
287 158 35 510
129 197 21 707
153 72 55 640
367 92 51 204
420 150 22 689
470 198 20 446
69 20 43 468
142 51 13 680
394 16 27 450
256 142 43 211
450 17 19 371
487 35 44 283
371 98 34 16
172 134 28 391
446 48 35 581
234 62 41 310
284 156 34 521
78 172 23 738
342 70 26 565
8 18 23 486
72 120 38 180
408 198 19 159
357 169 37 459
272 165 40 717
145 71 50 604
241 183 29 520
6 146 19 33
286 17 10 470
303 174 4 447
146 30 31 596
343 168 37 511
300 167 13 634
448 106 26 524
319 137 19 222
491 99 31 315
140 134 31 544
292 113 58 556
337 90 17 79
198 190 25 601
152 77 22 509
168 136 22 618
257 72 44 243
409 6 27 64
103 110 2 227
154 106 19 507
413 108 25 270
399 64 31 238
282 184 5 635
183 54 1 274
220 182 43 572
295 199 19 40
443 164 7 663
162 23 19 341
251 148 40 462
222 139 1 307
359 19 4 409
179 15 9 230
206 113 39 80
163 63 20 234
199 150 37 608
143 106 25 425
267 67 19 323
297 42 31 214
132 78 7 555
50 150 44 476
328 84 8 90
294 25 38 654
98 189 3 689
394 4 9 658
459 20 13 667
38 166 8 170
128 7 37 657
128 42 43 106
198 108 49 661
326 127 32 721
384 170 26 32
74 160 50 6
279 8 7 351
367 131 7 448
486 72 32 551
101 190 37 270
287 48 22 704
397 185 55 73
383 142 13 136
170 13 21 540
382 74 32 395
488 24 51 128
488 26 34 377
497 81 14 605
279 13 25 353
174 180 3 305
407 99 26 313
67 183 47 407
484 192 1 376
203 44 21 695
20 89 49 185
249 59 38 53
267 59 50 268
350 108 31 12
381 94 32 265
417 199 5 107
215 42 19 385
208 99 21 15
202 15 4 180
222 174 19 447
411 22 35 214
265 100 16 339
228 79 13 496
232 131 13 722
196 182 40 290
43 161 23 153
214 189 26 515
114 12 20 732
203 36 25 136
325 111 9 607
456 146 13 336
206 71 13 215
73 40 17 66
295 130 43 532
242 129 1 466
217 83 4 120
144 60 47 744
152 96 15 348
62 15 13 317
448 125 8 438
47 180 5 659
46 7 19 25
134 185 37 73
247 40 29 7
136 125 55 551
252 170 50 388
263 171 1 601
220 147 27 371
147 131 23 503
71 153 55 440
131 59 19 258
103 180 11 528
4 127 43 592
450 61 49 640
41 116 15 146
271 169 44 459
249 191 17 712
319 83 2 391
135 185 1 255
197 40 17 284
70 186 14 276
324 168 2 559
276 150 1 153
254 48 51 514
44 49 13 326
500 32 22 381
291 77 37 45
168 7 38 62
276 81 19 650
103 84 22 680
477 196 11 506
203 108 31 276
199 92 4 150
358 94 32 280
223 40 25 648
114 100 16 512
415 188 25 359
335 59 43 53
91 153 31 396
457 143 19 690
167 46 26 128
58 111 15 436
146 51 14 583
203 199 17 717
257 123 13 424
214 90 35 440
66 82 45 280
76 185 1 232
454 105 10 499
219 60 11 10
153 156 13 652
305 48 39 160
148 109 51 3
372 85 45 621
136 194 1 77
61 198 5 610
215 150 3 242
401 132 13 361
26 84 20 620
17 69 43 219
76 12 37 697
327 93 1 383
293 124 2 197
422 15 17 640
389 95 26 617
471 78 9 79
177 193 49 449
485 116 11 743
159 119 28 285
277 187 19 288
418 14 56 516
379 90 37 249
151 160 31 495
123 134 1 712
64 28 17 354
498 169 25 54
169 66 31 708
297 189 44 689
355 152 14 113
460 153 7 564
488 88 17 470
453 127 49 528
206 146 19 163
244 160 7 714
15 21 19 513
406 192 32 736
307 76 1 431
304 195 7 505
68 46 59 493
147 39 43 522
15 19 11 317
381 3 37 3
254 52 37 151
169 33 43 554
392 92 37 517
125 169 3 465
61 181 3 647
46 73 10 364
34 124 10 387
84 181 53 206
363 143 25 677
342 126 13 593
168 20 1 667
348 73 16 10
41 151 23 299
71 134 4 276
170 29 31 320
82 75 5 408
466 97 5 506
439 103 33 662
360 196 3 607
189 72 25 664
241 150 11 301
320 102 34 654
391 40 23 417
426 21 33 433
206 147 25 105
265 35 31 97
443 101 57 663
384 85 49 198
273 129 23 260
325 45 13 226
53 120 7 480
266 30 25 637
314 98 25 93
114 54 10 666
457 82 1 406
108 56 40 700
32 161 17 101
43 3 46 398
97 15 43 494
160 69 19 109
358 8 14 195
29 152 7 69
238 20 55 727
323 97 10 353
64 98 37 16
357 146 55 504
426 182 13 650
47 2 27 143
5 26 1 149
338 106 25 451
305 28 25 260
131 94 38 361
353 8 5 344
476 20 49 509
364 76 1 656
50 17 11 371
330 181 5 474
113 108 10 229
17 102 37 725
276 10 43 448
176 82 13 43
16 84 31 292
368 139 5 602
297 10 37 266
63 176 11 504
259 50 29 702
283 99 7 492
2 17 47 53
185 194 32 115
26 78 25 748
360 153 43 375
460 104 26 20
355 98 5 672
493 129 27 420
173 47 32 370
99 163 33 298
312 122 43 157
203 157 8 264
403 127 1 51
266 47 55 45
394 81 49 393
219 114 39 375
89 65 55 46
497 145 28 526
487 96 7 721
466 93 17 383
358 105 16 509
28 132 31 363
182 131 37 584
316 65 25 331
181 60 43 216
193 64 37 207
364 139 39 170
52 98 13 469
79 34 37 690
122 174 19 63
200 93 37 148
76 142 55 161
140 136 5 530
285 12 55 719
132 147 49 27
382 112 29 84
157 154 32 446
35 3 14 565
355 57 27 578
190 137 49 453
31 28 31 441
469 16 13 415
345 52 31 427
98 80 15 551
155 77 31 101
317 114 50 472
340 5 7 600
357 79 5 466
331 146 1 628
59 188 1 290
263 167 33 18
83 75 38 296
251 178 17 603
317 39 37 384
126 17 10 167
111 167 49 372
122 157 1 421
362 182 26 245
448 124 40 348
273 32 21 367
464 193 21 272
186 138 37 746
327 49 44 155
347 88 1 95
467 162 7 154
50 162 1 554
318 135 34 348
273 119 3 289
29 32 17 214
120 108 38 113
140 63 14 263
282 189 15 452
170 69 4 427
236 125 1 709
301 13 28 564
428 127 8 227
175 162 33 50
417 200 32 686
463 2 31 684
260 130 37 193
372 100 22 122
78 74 13 220
260 51 1 503
57 72 43 245
61 192 20 376
296 125 20 137
280 199 4 535
55 78 1 18
16 195 7 68
495 72 31 191
82 59 9 296
328 109 1 420
478 59 7 703
10 200 31 392
280 13 31 717
190 84 1 531
108 27 49 555
183 111 25 536
476 84 16 524
188 127 25 51
161 114 7 558
362 34 3 472
84 30 37 716
339 118 13 42
234 162 8 739
498 37 51 89
327 119 22 711
436 53 9 396
450 73 23 378
131 22 11 82
254 178 25 534
242 122 31 126
409 147 13 455
224 153 50 112
61 139 37 4
335 36 2 122
321 145 15 561
428 138 49 319
398 82 1 423
126 56 5 141
272 183 17 246
270 144 33 722
63 117 37 72
72 20 4 175
88 144 10 722
494 131 17 503
199 7 7 302
229 2 50 158
128 49 11 319
417 7 49 176
327 136 37 457
358 116 5 396
394 125 13 438
453 66 1 405
479 46 13 493
37 131 5 637
178 6 33 554
234 113 3 80
266 115 19 220
211 200 7 387
189 74 49 428
70 161 22 495
201 115 50 375
21 30 3 716
489 102 7 31
482 145 25 651
398 173 13 448
389 22 50 575
337 153 37 396
385 78 49 346
437 52 1 681
19 125 13 738
214 41 31 71
77 106 13 246
72 51 7 158
236 79 7 369
181 103 9 189
496 199 7 433
184 2 45 116
496 180 37 614
174 144 43 151
155 189 9 328
266 139 29 261
271 112 1 129
45 62 47 310
71 36 1 673
482 4 5 491
428 45 1 429
331 162 25 593
58 64 2 131
209 169 25 361
204 74 44 558
83 196 11 162
190 15 19 379
64 3 45 36
163 32 17 35
326 47 7 293
63 107 43 403
365 33 44 443
382 20 22 667
112 192 19 139
43 199 43 17
221 186 10 287
435 130 25 727
368 158 29 610
89 53 15 9
469 12 19 550
358 64 25 660
488 85 3 362
48 24 22 203
51 64 25 40
117 186 8 477
46 125 37 399
78 127 31 169
60 119 10 31
429 28 11 271
409 82 43 164
265 144 22 668
468 186 31 537
426 88 1 171
82 155 14 14
134 86 22 117
62 149 26 458
106 164 28 674
219 45 46 249
106 18 11 129
8 17 53 53
45 99 31 527
132 179 4 34
428 90 25 330
414 43 14 341
474 108 1 306
487 166 28 647
67 7 13 302
191 151 28 378
284 89 21 408
406 189 34 515
343 100 46 124
500 100 31 492
388 34 1 619
296 78 1 385
185 132 21 741
481 106 19 683
122 67 50 323
490 182 20 224
203 133 1 7
15 118 13 572
136 186 32 701
429 124 8 348
201 154 3 503
89 80 7 666
164 185 43 508
264 24 15 203
64 105 1 499
145 28 4 701
13 91 33 29
360 103 28 662
432 140 43 318
228 153 38 659
240 19 7 187
247 26 8 571
484 61 40 567
46 94 2 29
452 152 19 69
383 177 7 87
124 173 4 282
246 152 22 463
118 77 10 164
212 84 16 135
153 63 26 467
163 183 1 520
475 30 3 147
2 9 43 556
130 9 34 575
268 70 43 362
169 87 19 526
319 121 49 599
138 199 1 17
240 36 33 64
198 46 8 242
363 196 19 629
370 57 32 516
237 150 25 476
215 109 17 3
151 143 21 273
314 58 1 48
147 173 13 359
174 189 19 452
435 70 10 218
201 124 9 119
150 177 22 68
485 11 16 107
379 69 49 202
441 131 3 77
46 189 32 328
288 190 25 281
173 181 25 657
278 181 28 744
282 59 55 216
236 103 32 461
180 96 5 698
32 132 19 432
17 56 29 335
337 97 28 681
325 128 1 183
433 158 4 322
212 159 39 364
130 128 7 590
126 196 20 360
78 87 28 231
210 19 43 668
332 117 19 1
449 105 9 509
349 125 25 512
451 58 31 570
385 8 23 629
122 34 34 741
16 13 14 651
205 81 31 455
284 46 17 677
253 129 4 626
228 49 35 65
498 78 37 499
197 189 9 689
59 8 19 103
411 198 13 544
206 5 7 270
385 49 1 155
80 192 2 736
484 183 5 407
394 186 1 731
244 92 49 64
465 69 49 685
59 36 37 540
310 154 33 140
54 12 21 657
53 101 25 287
175 44 2 363
412 16 25 352
456 82 1 69
289 27 22 194
134 164 14 375
185 70 1 329
100 197 43 368
361 161 40 27
169 168 55 238
431 61 34 360
456 99 32 680
273 186 55 116
234 78 27 200
419 33 37 429
243 106 1 360
93 104 15 710
452 166 23 647
74 71 9 91
43 61 8 483
426 199 3 509
150 44 39 133
68 7 7 453
444 97 11 579
455 65 25 243
3 56 15 712
309 192 21 736
326 200 1 386
301 41 25 275
122 179 27 330
71 159 25 475
44 190 26 212
169 185 2 288
255 147 13 272
492 108 7 113
328 187 22 460
127 65 44 9
495 131 23 470
116 140 25 616
2 190 19 270
383 176 33 49
125 20 19 468
317 70 19 326
331 194 5 591
456 177 19 435
288 21 32 445
222 197 7 707
392 102 25 27
498 126 7 557
414 128 21 562
70 138 43 392
396 55 17 618
65 48 14 704
216 3 10 742
410 181 7 298
366 49 20 691
29 80 3 546
191 55 25 719
99 77 19 656
222 106 26 351
495 190 13 210
149 112 55 382
284 129 32 327
92 8 31 560
380 134 7 177
235 123 39 201
381 156 29 498
195 127 1 234
235 79 7 100
346 64 45 660
294 147 44 700
499 133 2 583
385 165 13 164
448 88 23 713
197 63 4 238
308 68 39 428
439 25 8 549
53 87 46 254
107 157 19 264
31 130 43 727
471 100 13 625
471 19 40 461
339 154 37 484
3 81 49 14
487 170 37 129
259 74 43 256
442 178 7 541
271 132 31 588
459 76 37 431
453 168 19 598
86 82 14 292
299 145 27 602
22 2 43 680
109 119 45 182
161 50 4 312
297 92 8 667
231 6 43 133
293 92 27 204
144 122 19 97
453 184 8 645
301 164 34 685
291 23 11 723
55 46 37 677
491 181 11 375
389 94 7 361
145 168 21 395
291 76 55 220
170 122 13 627
379 54 45 348
437 159 49 541
293 15 11 61
33 173 34 629
127 122 13 518
425 7 9 125
469 179 49 426
46 128 15 368
451 21 43 712
319 17 17 167
437 76 44 397
310 92 8 618
71 168 9 598
98 146 39 107
177 122 2 97
322 85 19 631
491 110 55 675
225 137 25 241
261 185 55 226
70 192 49 736
341 143 46 549
143 70 7 610
293 30 31 76
435 174 40 239
199 183 15 479
185 151 19 352
298 82 46 477
365 122 19 490
425 121 31 250
27 123 20 301
441 99 7 63
494 58 4 48
345 33 19 423
62 179 51 123
239 14 31 335
318 31 13 414
353 112 2 645
80 17 20 167
280 30 33 716
76 120 19 630
464 57 44 377
220 54 2 83
260 199 4 95
110 130 7 284
199 128 25 562
423 32 29 494
299 104 4 612
153 175 31 304
493 76 34 487
203 24 13 513
197 13 25 146
361 195 1 273
113 124 15 358
129 42 7 194
107 18 7 77
446 62 13 251
263 127 21 238
21 156 39 409
218 189 16 462
227 162 10 185
40 126 9 665
460 8 5 295
438 93 7 383
381 20 7 548
99 16 25 118
363 116 10 146
376 76 22 287
101 66 25 99
57 84 34 90
167 169 37 420
74 181 37 504
336 165 25 227
34 176 23 504
298 113 7 556
408 103 7 662
373 65 25 8
229 171 9 609
183 26 23 659
186 6 32 597
411 24 31 216
94 128 25 38
129 111 50 329
396 194 4 336
276 84 49 569
434 58 16 516
55 103 10 662
263 182 45 214
291 143 4 277
500 146 37 542
167 187 10 80
99 21 37 445
370 150 1 479
414 70 4 433
12 73 5 398
455 108 21 604
90 14 53 121
477 68 22 686
194 161 19 470
247 85 19 486
120 134 2 590
167 142 43 57
421 198 7 591
299 171 13 564
118 92 22 499
195 36 13 733
194 131 27 439
181 179 4 485
391 97 3 506
459 57 43 578
393 191 25 357
266 23 1 4
11 6 43 606
118 151 7 449
28 112 8 306
175 187 10 307
232 16 25 414
265 149 1 665
101 101 44 156
390 168 21 720
211 146 37 181
346 71 7 127
269 145 15 666
253 94 55 394
190 90 43 440
349 64 13 659
120 57 55 253
426 138 7 615
94 77 16 622
236 60 17 70
296 45 11 420
496 44 17 716
441 180 28 614
225 96 45 61
383 11 29 393
471 29 51 395
109 187 5 168
222 195 39 419
139 146 43 204
422 195 37 463
447 148 28 462
258 107 25 533
139 5 19 556
435 11 15 472
208 34 10 25
489 70 19 67
83 69 1 109
374 170 13 260
268 64 1 331
337 54 19 573
148 194 22 585
117 184 5 718
239 139 17 626
292 194 13 497
167 149 5 207
224 94 37 394
476 152 26 86
104 45 11 160
376 75 4 42
51 33 19 443
372 121 2 314
238 125 13 686
466 116 13 103
85 98 5 399
282 108 31 498
335 178 14 408
320 187 3 448
310 200 11 422
121 96 11 509
409 67 55 173
333 159 49 283
389 119 31 194
383 89 50 49
404 88 7 171
386 132 37 306
259 113 4 376
35 82 21 75
133 101 1 257
228 186 19 292
499 154 25 446
58 160 27 714
27 151 7 552
218 75 33 440
188 66 55 201
84 59 43 405
201 104 22 612
235 146 33 38
380 159 43 364
346 5 14 726
162 199 7 95
74 83 26 537
225 146 49 160
416 33 13 81
23 4 25 26
489 35 13 389
38 105 10 74
423 174 13 423
131 136 16 13
118 149 19 162
481 196 47 447
312 66 19 336
446 65 43 733
144 173 13 33
333 134 13 413
318 133 37 37
92 14 29 653
461 188 25 283
146 108 21 371
2 13 5 214
330 66 55 489
353 164 25 674
336 193 55 449
216 54 49 623
117 179 22 257
90 52 7 330
139 133 1 682
487 34 31 745
499 172 17 389
60 87 7 349
203 5 43 541
408 111 13 698
366 92 43 694
488 152 13 98
352 77 2 188
115 64 44 563
191 41 10 142
361 146 19 290
108 177 26 338
189 191 14 457
427 157 21 749
95 149 7 486
242 15 22 505
286 72 19 259
9 105 13 545
380 106 37 127
138 158 10 414
253 200 23 270
439 81 19 115
144 84 43 569
412 34 3 381
88 178 37 408
487 89 25 743
407 89 55 162
254 120 13 180
31 147 7 357
427 29 37 560
8 28 13 693
68 49 19 500
124 7 34 25
490 181 7 625
435 128 31 641
182 70 16 517
269 90 1 716
343 60 4 473
333 36 4 73
464 26 17 571
369 46 35 261
334 66 25 92
353 140 8 514
235 129 28 370
200 38 49 146
58 27 44 596
161 128 21 518
77 23 44 391
258 115 32 643
381 92 3 199
440 56 29 735
240 153 1 250
343 59 25 551
451 186 7 211
372 28 7 79
298 169 15 30
386 36 25 491
390 39 50 279
138 125 43 426
175 167 20 634
204 45 7 746
373 198 4 99
179 90 17 98
7 38 1 39
193 158 35 562
165 142 13 401
74 199 19 641
85 45 38 692
420 99 55 683
438 51 34 349
321 49 19 155
41 44 13 595
490 193 43 160
424 94 28 394
27 131 13 54
446 8 5 366
248 126 31 448
128 98 21 399
500 88 8 212
259 118 13 539
28 196 35 725
232 183 11 703
245 49 41 319
35 73 47 358
296 120 55 480
308 158 13 206
103 160 49 35
121 91 19 293
371 168 25 447
137 161 11 408
462 172 29 19
434 59 19 405
493 11 29 631
115 56 9 225
50 35 7 582
301 147 1 389
373 90 31 716
450 23 10 76
113 173 26 163
430 40 32 27
280 83 11 718
242 125 13 137
249 58 4 379
188 21 13 578
447 156 17 220
380 23 5 444
500 136 35 423
117 169 37 550
438 9 4 699
49 17 7 201
467 33 19 370
341 115 31 388
192 103 13 189
292 89 1 743
129 181 53 675
97 92 21 284
403 55 31 95
7 66 8 262
452 74 49 230
4 85 31 145
446 174 31 533
345 16 49 429
494 81 27 115
22 26 19 235
485 20 46 509
186 120 25 333
130 121 1 539
300 135 27 332
79 139 7 315
233 186 15 592
243 26 41 253
290 42 37 713
398 30 7 147
101 31 15 494
149 83 3 728
377 37 38 672
307 142 19 166
354 112 7 544
149 139 25 659
400 124 16 725
139 23 4 244
207 13 41 240
115 102 1 31
241 101 13 482
86 168 43 238
305 64 9 98
151 78 25 45
481 185 31 313
433 128 7 148
99 102 22 282
85 70 26 329
291 192 17 736
381 7 20 302
222 43 31 430
107 73 13 209
75 48 23 228
170 180 37 101
300 113 31 80
379 122 31 518
350 57 7 434
16 166 5 746
196 100 8 18
113 71 52 544
370 3 22 240
232 110 7 94
209 58 55 626
84 85 8 488
236 165 21 304
272 125 1 581
76 4 5 658
393 168 37 720
441 167 49 525
90 130 31 658
209 167 7 372
323 65 14 439
131 85 44 655
247 31 45 591
97 198 2 12
265 161 51 409
243 25 31 696
480 103 25 426
486 139 41 520
347 119 55 682
401 147 25 455
286 47 13 21
244 66 26 708
107 158 29 689
204 22 35 526
433 194 11 720
484 10 31 288
184 32 13 13
234 114 21 186
259 98 49 447
230 198 7 633
470 163 55 298
297 192 15 139
362 16 14 69
378 104 49 612
108 25 45 111
233 45 13 746
419 114 13 222
423 143 11 463
290 11 5 305
194 185 3 364
152 26 37 26
156 43 39 341
235 80 21 392
12 4 29 26
65 151 25 696
299 198 23 295
294 165 31 148
398 168 55 491
158 112 15 723
95 194 13 718
307 81 37 521
356 135 25 480
106 113 40 744
389 19 16 465
447 86 19 661
36 140 39 405
19 173 8 475
458 123 43 418
81 123 31 128
451 142 19 57
457 99 25 315
197 106 19 193
33 140 14 304
229 48 43 514
252 24 19 444
209 34 38 745
67 171 22 526
81 164 7 275
95 58 22 516
461 159 1 315
208 94 7 29
4 43 5 309
56 146 13 88
126 68 7 153
154 115 14 749
458 159 31 364
339 6 43 83
223 77 35 732
154 111 43 254
402 12 19 599
1 170 20 522
114 41 25 201
461 68 38 219
150 13 7 175
222 7 10 642
299 135 19 738
347 4 13 491
470 88 35 328
455 64 15 563
202 173 31 43
72 161 19 590
448 10 19 6
4 108 19 58
457 68 21 687
246 66 31 531
138 83 7 260
431 18 17 65
151 56 7 713
415 193 7 343
393 176 7 30
437 119 7 319
293 77 35 670
117 177 28 124
116 12 1 413
344 19 1 425
201 57 31 484
376 141 7 700
171 102 55 356
93 199 13 107
290 57 13 208
136 21 7 138
346 33 1 21
486 79 7 496
56 183 5 499
238 62 45 310
75 11 8 163
285 19 3 187
135 67 49 309
27 189 52 462
342 36 10 405
436 134 31 391
8 116 29 203
215 63 37 321
496 137 44 431
38 17 1 371
401 110 4 108
347 99 25 184
406 23 13 577
418 88 5 197
241 89 31 144
31 100 4 192
45 122 7 97
2 135 2 43
314 72 37 155
378 57 14 202
291 37 7 638
84 162 4 179
398 182 20 384
361 49 29 65
27 100 10 105
399 130 7 207
28 13 19 122
367 177 16 601
171 153 39 467
369 164 43 474
248 197 35 368
150 69 3 70
291 168 25 25
36 122 7 157
118 52 1 264
147 47 1 38
347 85 43 250
39 132 32 435
446 28 17 174
40 10 27 739
192 47 1 220
13 74 13 48
350 94 19 179
436 184 43 11
425 161 29 652
34 165 19 380
147 119 31 67
96 12 45 465
202 153 19 142
275 155 51 81
499 52 19 208
57 152 21 86
204 168 3 734
396 171 43 89
132 161 19 107
268 144 46 162
175 32 39 726
455 86 34 307
132 17 37 470
98 58 27 464
449 188 55 604
293 190 55 65
311 142 43 579
207 171 14 615
150 180 1 535
95 63 37 284
308 185 25 445
256 160 13 522
418 158 19 529
406 96 10 244
491 133 26 697
269 113 34 626
259 108 1 58
281 68 37 308
32 8 5 209
353 120 49 582
481 34 40 141
444 94 28 135
66 11 17 393
295 107 40 533
171 123 10 330
177 80 43 545
237 164 49 275
410 41 28 356
468 18 35 528
119 178 14 254
131 79 13 186
431 138 37 319
271 75 53 678
298 19 26 487
396 111 9 329
413 127 1 278
125 180 8 217
415 48 19 581
283 17 23 53
62 49 1 65
73 43 25 718
476 179 45 123
104 168 3 511
115 13 25 122
270 20 25 496
159 58 45 17
70 188 38 452
207 9 4 589
406 97 28 600
437 97 29 637
294 181 29 675
12 86 37 508
470 5 49 738
226 41 25 277
222 172 5 510
477 186 32 63
180 78 19 126
360 21 13 290
357 53 22 306
32 32 27 605
71 28 7 442
281 93 44 225
288 35 7 123
95 29 19 521
395 185 37 226
198 28 29 173
81 102 37 188
455 115 43 143
27 152 31 174
174 74 8 249
72 98 47 351
336 34 4 678
137 89 19 199
370 179 16 457
51 46 40 715
429 91 45 29
14 128 49 38
464 63 25 147
2 43 8 64
92 119 15 708
44 154 1 484
443 81 25 706
21 29 14 207
328 178 15 544
445 17 34 470
292 68 20 88
310 147 44 715
266 166 10 647
351 125 19 173
163 134 7 532
211 42 1 705
442 3 51 240
50 68 49 558
110 186 44 276
218 135 8 292
120 78 7 151
95 6 2 597
139 69 37 333
485 167 21 130
404 142 55 142
223 185 13 232
357 194 7 272
25 166 22 746
340 186 25 231
151 84 13 743
141 125 25 399
470 108 4 349
347 152 33 304
295 97 1 259
251 102 43 356
320 120 14 570
409 69 46 416
280 123 51 247
464 81 32 627
372 92 19 517
275 102 4 84
348 85 7 655
13 122 37 592
442 4 40 658
123 164 19 425
235 68 14 212
139 151 11 54
481 162 25 528
195 192 34 736
229 90 7 339
340 110 1 140
474 66 43 707
324 111 49 699
285 30 43 714
432 29 19 635
356 17 29 53
371 73 10 214
393 190 15 646
84 190 15 334
290 72 21 245
207 79 39 386
386 84 43 524
387 194 20 161
462 188 7 404
59 68 13 465
33 101 25 543
148 29 19 474
476 181 7 497
321 10 55 655
94 185 49 129
274 79 35 352
425 88 40 212
268 48 35 277
237 93 19 148
151 80 43 747
441 150 20 149
112 66 43 349
121 26 35 192
264 164 7 646
125 196 37 735
177 123 31 201
97 188 13 110
23 147 1 340
65 190 49 72
443 90 1 339
302 6 19 327
100 135 22 271
31 8 26 314
483 50 31 702
209 199 19 74
379 134 27 476
301 119 56 708
148 187 5 413
450 64 13 331
97 104 55 20
251 141 31 153
116 75 7 631
16 162 1 302
419 24 10 494
155 161 2 101
261 30 13 76
39 122 1 126
141 19 31 409
143 82 19 43
311 35 49 330
45 126 38 444
417 190 25 410
180 120 13 630
347 35 3 552
485 22 40 504
323 16 38 416
347 60 11 348
49 98 16 330
165 28 33 149
491 151 4 119
289 52 3 316
288 164 37 510
56 20 25 667
87 102 43 332
413 158 38 610
227 31 31 575
205 32 52 407
413 186 20 592
100 74 50 482
316 50 29 312
221 196 1 679
422 6 51 736
497 143 3 228
382 177 55 634
37 167 49 622
487 124 1 142
33 84 19 90
100 102 1 654
220 51 49 399
266 108 7 156
437 16 25 68
65 64 32 660
208 140 25 73
462 150 22 521
83 152 15 234
13 113 7 744
400 123 13 247
152 178 5 428
197 182 31 513
355 147 37 32
490 57 9 679
395 24 28 658
165 35 25 569
327 124 7 178
297 200 13 568
116 34 31 690
475 67 7 134
265 27 3 52
382 77 17 616
425 30 20 147
273 166 7 32
437 106 13 682
288 153 13 250
391 15 8 640
440 29 7 310
350 167 43 295
79 2 21 476
421 188 50 334
467 8 25 238
127 79 21 105
63 49 7 155
310 197 4 707
98 21 49 641
77 2 31 610
287 42 25 694
39 168 50 331
54 90 11 512
272 81 13 31
313 153 43 721
144 168 7 648
387 40 47 66
305 200 27 390
411 173 9 629
397 71 27 430
38 83 5 728
269 167 25 738
329 175 19 469
106 167 49 349
175 110 7 733
105 102 25 145
63 165 32 653
301 199 5 104
148 94 1 646
272 140 43 142
461 73 5 250
108 114 13 451
282 155 25 14
159 161 19 750
219 34 13 586
477 87 45 19
431 182 25 471
429 188 55 404
368 84 1 569
37 172 7 405
162 171 25 104
440 147 19 700
227 56 28 741
305 53 13 77
60 104 4 710
92 199 10 104
5 40 13 330
292 176 5 489
21 63 37 411
57 36 16 227
162 120 49 630
265 185 7 274
447 193 49 12
229 113 16 744
50 23 35 577
158 92 21 694
455 170 49 489
307 133 43 33
17 49 32 209
360 156 1 244
39 16 37 118
382 53 37 259
358 77 22 118
472 169 37 580
55 52 7 513
380 101 1 648
162 156 2 595
261 81 32 713
96 13 5 304
10 25 39 602
341 63 21 21
453 187 25 47
498 171 13 601
386 8 4 35
214 69 22 333
123 93 13 197
133 70 13 657
289 67 7 309
93 106 1 524
432 4 31 26
328 159 25 364
102 183 23 625
414 130 31 630
125 95 22 269
302 196 29 345
184 183 35 299
60 130 13 569
374 81 49 333
488 100 27 93
358 145 1 651
439 132 37 184
342 173 3 89
49 115 1 55
447 107 55 533
183 101 19 723
473 70 34 73
449 134 37 22
336 101 14 156
424 17 45 44
388 148 25 462
402 22 5 302
240 131 31 439
113 33 43 370
381 124 50 376
55 26 5 624
36 159 31 283
134 119 19 319
30 79 21 311
166 184 23 557
92 140 45 150
162 183 53 20
41 26 4 571
443 22 15 421
29 101 31 310
75 55 13 334
266 179 32 89
251 53 27 206
329 2 55 654
84 150 1 66
123 34 9 13
99 194 16 2
466 188 43 168
320 158 5 615
19 160 33 739
213 89 10 700
490 49 1 552
257 15 16 85
10 195 13 279
273 99 13 527
10 21 19 678
184 157 4 264
171 12 1 697
429 122 38 490
74 94 13 29
436 109 7 420
450 3 45 24
267 25 43 199
165 72 19 664
243 129 22 89
384 28 23 426
150 94 31 24
281 23 23 341
434 165 4 164
224 102 7 725
443 112 13 96
8 173 2 659
424 51 16 230
463 153 25 50
304 32 37 133
139 80 25 508
171 44 16 724
119 102 39 529
401 131 23 448
372 106 9 366
25 114 13 429
58 73 11 331
187 191 44 98
142 61 3 640
440 33 37 563
38 3 43 690
480 85 37 145
80 168 7 363
272 9 37 90
368 175 27 304
71 101 50 278
28 173 21 96
123 102 15 406
346 28 5 219
274 186 31 270
82 105 56 545
23 98 7 193
342 180 31 687
129 14 37 343
180 159 1 78
158 84 34 312
57 32 5 256
385 158 4 686
330 74 7 411
246 62 53 251
80 9 16 650
135 16 19 190
309 86 4 5
44 138 31 319
102 60 16 34
227 176 19 377
80 144 34 674
107 103 1 662
85 125 44 299
335 176 11 49
468 189 4 738
34 33 43 112
119 146 7 418
362 139 1 713
234 187 16 488
470 164 22 674
22 14 29 195
143 164 1 685
237 129 1 317
400 30 38 596
30 136 29 112
191 191 1 158
364 20 28 509
12 37 25 638
42 68 13 473
117 28 16 417
215 78 49 280
42 41 46 441
339 84 49 521
307 166 17 170
227 57 49 578
168 108 33 2
334 40 13 93
496 101 1 301
497 90 34 451
260 74 19 482
91 127 25 374
135 48 23 277
166 2 2 116
294 116 7 375
91 97 4 600
427 13 35 142
341 12 2 354
196 92 3 201
160 95 50 614
340 19 11 425
196 54 31 348
163 184 10 645
245 198 7 61
38 76 13 241
236 151 28 113
456 179 25 673
152 144 40 565
405 36 9 144
421 181 17 69
191 18 40 77
273 157 43 421
159 189 21 373
217 54 33 747
428 3 31 398
91 96 41 543
218 48 25 581
154 5 25 9
435 185 44 387
494 194 25 635
374 101 33 399
301 132 19 207
34 17 25 44
221 168 31 598
252 12 13 404
82 72 19 345
286 123 49 733
192 129 17 464
486 123 25 405
133 67 7 173
358 89 7 185
322 145 16 526
192 119 49 182
448 59 49 216
346 187 11 286
285 120 37 630
243 114 43 696
89 62 47 251
406 26 4 9
36 168 50 413
67 102 25 188
381 187 16 178
231 188 31 96
206 93 16 225
280 97 19 353
27 177 15 344
224 86 33 125
461 7 46 453
103 101 7 323
240 137 43 731
52 47 7 84
88 152 3 46
271 47 3 636
159 47 4 531
463 175 5 299
316 111 19 686
119 55 50 155
460 35 55 552
326 54 10 245
402 162 9 315
131 145 1 366
18 151 1 299
159 166 7 225
163 185 49 218
234 25 43 100
405 103 16 189
303 124 20 613
309 113 13 556
289 168 37 611
119 137 31 523
276 14 23 636
262 34 9 116
44 152 7 301
339 10 7 738
23 102 45 384
101 41 1 260
18 118 38 218
391 165 37 622
143 129 5 464
490 7 14 192
96 158 17 152
432 158 10 152
262 46 5 476
336 33 19 325
17 152 7 499
107 101 49 504
359 114 26 558
197 172 2 181
285 37 31 58
384 4 35 15
402 172 31 564
280 132 25 400
171 53 31 698
129 182 4 86
365 164 34 474
473 54 1 642
191 126 49 554
338 65 7 266
427 22 1 180
323 89 4 739
445 164 19 510
89 115 31 502
332 173 1 138
123 171 22 149
320 114 37 472
80 67 49 258
294 58 9 379
47 48 17 228
415 16 43 66
192 33 43 200
128 32 5 367
184 179 52 570
166 137 25 320
61 53 22 698
369 182 4 470
189 188 31 303
182 57 1 434
369 111 50 66
130 131 37 650
457 34 4 609
118 145 25 584
246 6 43 64
495 3 1 398
442 117 9 1
322 5 3 270
457 55 13 598
383 172 45 181
73 108 28 12
407 69 1 663
5 110 3 733
398 166 11 373
140 200 10 340
287 77 19 440
193 141 52 625
370 13 19 704
282 198 13 603
484 193 56 250
346 170 51 532
18 144 19 674
178 144 40 162
257 113 31 626
158 196 56 374
326 174 19 145
292 6 43 429
396 19 38 417
196 13 13 231
73 147 33 743
64 137 20 731
88 22 1 214
192 21 37 13
14 165 15 540
344 114 19 558
493 14 7 402
280 142 38 600
268 173 32 402
44 144 49 151
349 116 17 9
258 171 38 44
377 13 23 300
200 27 22 52
136 134 25 681
325 196 21 162
76 71 31 613
265 73 43 355
462 53 49 698
137 200 41 213
12 16 16 594
173 154 1 446
133 195 31 675
199 24 40 517
276 20 28 667
1 28 13 351
20 58 3 17
349 68 52 712
64 44 10 233
366 145 40 526
162 132 37 144
16 69 43 416
416 185 19 646
344 54 38 623
203 125 37 439
181 142 15 252
108 150 10 711
449 142 25 326
166 36 7 130
69 25 1 549
261 90 29 451
90 128 44 590
90 155 37 392
349 157 37 519
100 43 11 177
44 107 22 403
80 96 23 553
452 6 37 554
95 99 25 683
98 171 22 727
261 12 20 180
208 161 13 245
440 67 55 134
163 152 28 424
459 42 32 59
98 110 10 746
489 45 5 24
393 8 13 552
362 118 37 19
388 129 44 553
85 120 13 480
152 153 25 396
144 191 11 137
49 83 34 497
257 102 7 27
354 77 13 101
443 16 43 603
330 188 45 466
449 58 13 744
441 195 43 68
462 54 32 622
254 133 10 697
195 51 28 349
19 150 22 41
49 27 31 151
454 130 50 490
53 102 20 356
294 178 13 256
195 56 11 45
484 87 13 526
58 123 37 247
51 187 1 733
293 84 19 531
405 31 13 343
17 29 21 29
168 157 19 735
334 67 55 258
489 88 23 95
189 89 22 189
189 151 45 626
80 112 39 408
351 98 5 93
297 157 55 421
186 159 13 735
148 178 7 49
66 29 8 320
112 82 34 93
108 32 43 214
376 187 15 306
303 109 28 3
315 100 33 392
345 142 43 401
424 78 7 346
349 94 7 135
269 26 32 509
257 90 29 8
321 117 3 377
9 68 37 686
32 118 51 550
390 70 25 424
34 159 13 453
222 54 43 322
256 55 25 95
126 45 35 746
362 62 51 310
392 14 51 196
243 158 13 23
110 64 19 17
283 185 13 268
306 36 10 64
176 18 3 144
417 136 11 539
136 118 28 42
143 23 29 531
245 200 25 16
481 101 3 337
66 65 39 313
500 177 2 435
484 37 19 221
407 88 35 171
495 164 7 674
37 53 27 291
36 83 4 318
479 54 38 642
468 56 29 105
440 79 10 362
379 49 5 664
378 77 2 393
54 159 49 475
232 137 43 515
209 101 49 704
4 16 1 72
401 124 31 142
37 7 9 520
57 197 19 707
156 7 10 580
205 111 28 536
403 165 22 717
10 34 1 471
20 137 31 326
281 112 29 110
108 97 5 681
348 77 1 732
372 31 25 665
483 45 9 420
396 167 20 2
212 191 14 396
281 64 7 659
274 86 13 5
69 163 16 298
225 44 7 233
438 36 26 384
115 150 11 280
21 174 34 390
18 49 15 552
114 14 5 113
24 60 33 628
317 122 3 518
51 57 3 422
223 162 17 286
313 160 55 379
41 141 28 94
217 179 1 229
74 139 28 6
485 43 9 591
186 39 20 614
195 181 32 459
24 12 1 127
125 128 43 38
182 55 32 175
53 174 38 447
113 130 21 658
168 96 7 748
236 180 25 303
437 164 10 674
474 192 7 139
344 156 25 164
14 29 31 474
303 37 31 385
52 93 10 197
378 11 7 11
322 12 37 546
224 20 15 548
381 194 23 384
480 162 16 467
136 54 3 687
241 74 37 617
127 23 17 623
380 18 56 427
191 136 7 445
294 126 4 494
198 153 1 436
136 68 14 301
304 61 1 515
218 142 27 493
260 92 56 284
141 73 5 181
356 180 23 422
216 70 37 56
320 186 52 211
384 93 45 525
62 140 32 512
342 18 17 37
224 95 43 636
256 56 29 328
482 35 13 506
397 105 13 74
480 128 7 56
229 189 31 462
213 25 43 114
23 115 13 281
499 92 22 169
375 15 11 411
392 148 45 132
468 126 9 547
82 149 33 32
141 58 1 390
63 95 1 493
324 71 19 544
397 147 31 105
474 152 37 324
150 31 50 527
201 146 38 397
348 22 45 627
352 121 7 88
152 159 43 475
300 106 19 514
97 17 7 470
247 36 25 130
386 179 8 376
337 178 44 619
473 76 10 486
154 101 55 549
103 165 44 128
394 131 5 261
466 162 23 163
174 177 28 171
475 149 1 79
245 16 14 699
343 175 10 117
453 154 37 95
433 175 13 632
87 55 7 354
264 70 37 433
252 59 37 248
236 27 37 440
27 23 41 681
22 184 1 256
452 91 3 507
46 27 22 605
427 43 29 613
45 53 1 70
380 129 25 750
172 129 35 502
109 58 49 390
123 64 31 17
391 139 10 628
328 7 37 747
466 166 3 225
405 83 47 696
311 12 37 278
309 157 8 735
411 74 37 633
467 21 1 160
105 129 17 573
217 181 19 413
452 78 7 219
288 100 44 699
187 13 41 71
493 99 21 547
145 66 25 645
107 34 25 652
20 144 15 722
494 29 1 741
248 183 1 738
33 56 8 335
396 31 55 323
160 4 1 179
335 108 37 587
62 156 49 260
428 197 4 501
459 16 10 8
465 141 32 514
488 36 8 730
11 131 29 386
286 185 27 194
412 149 1 715
431 175 32 205
150 178 46 619
439 60 13 70
317 87 26 224
17 132 13 670
73 52 46 340
366 23 13 623
11 32 32 11
302 75 35 527
61 117 55 48
174 115 49 749
298 174 43 145
113 186 7 143
205 200 39 79
107 174 9 423
410 36 38 372
366 4 29 15
85 170 21 451
142 99 19 317
242 199 3 641
286 178 25 98
281 110 4 471
6 51 10 680
483 51 34 583
405 77 3 284
62 55 7 507
143 191 37 422
277 185 7 226
334 16 45 228
94 45 4 11
13 127 19 198
404 6 1 184
462 92 52 167
37 152 37 317
149 9 7 125
412 72 13 243
40 73 25 461
181 173 1 359
148 160 31 35
316 162 37 154
127 29 7 42
70 181 1 195
13 136 50 354
334 95 8 112
188 136 23 431
41 20 31 352
272 158 27 725
410 186 25 509
372 11 33 698
459 85 55 691
158 98 11 586
129 16 1 209
205 3 43 350
436 130 37 727
354 79 23 111
41 192 46 139
457 98 17 410
386 103 16 662
468 164 1 275
395 30 20 76
156 4 1 658
368 71 15 277
255 3 21 690
282 42 7 149
187 193 1 430
267 92 34 150
147 142 26 628
183 178 39 619
124 191 44 285
485 61 13 483
244 147 33 357
348 196 37 102
412 168 49 564
467 42 13 434
379 63 17 411
288 159 55 735
29 63 38 412
119 173 19 475
341 153 7 368
102 39 1 384
414 106 7 451
478 196 47 365
250 106 31 260
149 6 13 133
367 130 37 532
3 63 13 234
402 9 11 30
295 125 49 75
176 45 5 160
75 115 31 55
164 105 33 74
393 42 55 59
186 101 7 723
199 5 32 381
116 82 10 589
45 37 3 211
474 80 31 415
352 136 17 232
462 8 5 360
484 93 23 383
24 150 46 301
131 134 25 379
14 119 1 182
440 40 5 307
6 145 3 176
256 86 38 5
287 81 31 723
339 101 25 482
116 122 13 582
127 117 31 573
87 24 27 181
83 199 28 352
430 146 13 628
474 39 9 384
101 181 19 654
473 77 4 118
410 157 46 749
206 88 11 68
258 75 14 631
456 68 28 468
258 119 7 182
304 81 19 535
189 46 16 444
100 151 7 626
78 37 44 482
178 60 25 216
281 44 26 521
460 3 1 24
352 6 25 327
397 81 37 295
31 117 19 322
39 140 56 227
74 9 7 568
477 93 25 200
402 91 1 571
378 113 34 80
88 156 49 40
156 123 51 61
223 95 43 657
341 23 38 641
369 121 14 288
315 94 1 374
424 156 5 27
123 5 26 233
421 174 13 347
352 161 22 43
142 13 55 602
376 58 33 247
391 10 25 529
174 46 37 169
292 37 49 324
399 17 23 201
100 109 31 397
417 185 37 97
321 18 13 463
348 72 31 345
325 54 28 189
26 190 43 28
84 40 35 126
424 23 31 444
335 141 19 153
463 10 7 394
313 85 19 428
3 177 1 19
233 79 19 693
355 112 31 69
75 33 19 188
311 199 23 434
95 119 15 51
43 36 31 372
157 173 21 464
451 134 34 552
274 69 27 685
465 77 25 656
416 68 34 465
190 99 38 492
369 15 2 735
96 139 2 102
436 186 22 211
34 119 31 248
214 160 15 714
102 9 7 300
380 195 19 419
38 55 47 695
377 112 17 112
490 153 27 1
332 82 52 164
387 169 7 228
326 24 28 176
430 141 21 321
494 48 35 160
456 191 7 396
293 186 13 731
155 111 49 353
180 71 27 709
216 94 44 394
447 132 2 605
320 121 20 16
390 151 15 693
484 62 3 251
321 105 29 183
97 94 25 404
369 7 28 240
284 54 25 57
286 31 3 575
201 73 1 358
71 54 37 443
395 189 31 738
77 132 7 741
487 76 4 458
394 70 55 125
420 20 4 496
210 191 5 29
470 186 1 241
212 91 19 445
376 119 10 285
49 106 9 203
447 112 35 679
375 194 2 677
439 146 50 715
495 85 55 567
115 85 13 356
424 20 2 246
378 59 37 225
12 64 19 660
184 168 9 15
7 87 31 349
309 119 1 670
63 106 49 494
30 141 3 94
459 92 16 204
315 2 7 669
429 185 25 63
408 40 31 65
194 98 25 293
419 61 7 515
144 161 5 43
384 144 37 722
230 27 22 456
294 18 23 199
69 58 32 369
278 2 13 217
75 112 11 560
374 72 3 245
61 57 9 188
428 86 43 661
332 124 33 457
470 25 13 167
381 147 44 490
465 34 37 609
58 185 7 511
177 147 14 357
260 80 25 463
481 60 27 473
91 134 10 87
366 76 1 624
110 188 50 404
221 40 13 606
82 93 7 500
70 84 3 292
392 188 13 454
313 26 11 659
116 197 23 501
86 133 7 578
202 5 55 463
315 105 19 499
335 18 47 648
351 186 13 537
19 30 37 637
342 134 40 512
54 124 31 476
303 86 1 653
6 93 47 383
432 31 3 410
212 58 1 473
129 88 14 274
248 141 13 456
399 184 55 325
320 161 32 470
260 96 11 313
204 93 22 500
263 34 38 204
70 180 35 146
300 139 7 307
81 136 25 544
271 173 13 151
115 91 20 571
187 92 51 499
278 109 23 3
3 104 33 710
81 57 44 198
469 47 25 531
216 112 20 8
185 73 7 747
373 59 37 703
40 7 1 62
124 177 1 357
111 107 13 533
153 31 1 344
115 162 7 273
263 73 29 316
18 19 8 614
395 47 46 520
262 23 35 616
205 31 20 121
142 84 27 620
287 141 7 86
99 24 1 353
360 2 20 481
36 97 11 600
276 133 37 434
343 117 20 34
137 63 5 411
409 132 1 88
473 106 25 67
411 13 15 300
22 193 37 385
26 132 7 377
448 79 1 352
407 150 17 670
12 134 9 442
95 75 45 40
177 169 8 553
478 129 13 502
2 157 10 148
160 13 4 142
485 162 19 51
117 94 51 24
481 52 37 264
234 196 1 640
9 185 19 274
48 16 26 192
489 165 1 540
390 187 4 350
496 81 20 60
28 7 10 453
216 6 31 679
494 127 19 589
233 112 21 590
422 164 31 663
56 180 17 48
79 135 4 254
438 187 13 621
345 71 16 566
388 145 22 666
368 79 34 373
383 71 26 179
145 162 19 315
285 111 20 66
95 157 33 421
375 152 37 234
436 143 55 469
429 49 32 500
498 18 19 261
279 69 37 685
272 78 7 234
391 7 15 12
94 73 10 156
306 199 35 107
256 146 20 742
443 199 11 40
466 3 38 350
74 29 4 320
348 8 5 195
91 63 23 81
2 47 28 46
42 16 34 415
148 149 37 430
121 106 55 82
258 155 1 400
220 92 7 199
25 189 31 689
416 181 7 605
379 29 1 175
492 10 25 655
476 95 20 299
332 121 7 50
66 132 3 23
90 83 19 92
68 14 29 642
370 26 4 417
130 137 19 538
268 37 19 489
75 198 47 551
387 87 2 231
403 196 14 255
116 22 17 31
194 11 35 631
146 56 50 147
69 190 51 705
306 178 22 445
366 11 22 542
165 22 29 732
292 123 7 487
225 117 9 584
186 43 17 532
39 64 14 17
323 64 49 207
307 179 8 401
466 11 15 660
337 182 4 655
43 164 37 663
428 128 46 56
88 170 45 338
66 200 11 639
325 91 25 490
488 17 25 371
337 103 1 189
228 135 25 292
209 2 21 217
52 24 31 324
412 159 7 186
355 82 33 57
255 135 55 333
18 199 3 104
130 141 10 282
252 118 28 593
378 54 21 623
277 170 15 26
72 102 1 9
93 14 28 107
371 103 46 378
327 140 14 244
394 21 38 24
141 157 33 749
207 68 32 661
391 84 49 226
490 42 31 499
463 158 39 702
267 154 37 446
266 12 38 404
299 159 49 534
120 21 14 445
8 88 25 197
278 151 25 693
396 168 13 367
148 146 9 168
80 83 25 739
112 104 50 710
63 59 13 405
246 141 37 94
165 158 56 687
445 83 14 391
474 19 58 409
304 111 16 90
230 63 14 346
498 23 4 616
284 109 5 704
190 79 35 311
247 18 23 65
499 72 45 693
76 178 35 227
346 133 33 682
274 61 16 567
404 109 49 440
175 180 35 659
395 75 11 638
178 157 51 316
16 149 16 120
11 40 4 380
108 168 19 346
445 26 27 269
96 115 9 159
227 82 25 264
496 24 34 324
289 87 19 625
104 200 19 418
22 48 23 581
405 119 22 708
220 71 16 153
247 70 40 260
306 16 3 450
347 169 37 643
316 185 50 290
441 94 39 265
103 98 28 680
365 7 2 93
188 162 17 441
352 192 47 376
61 43 7 43
216 58 22 234
85 92 2 378
8 183 33 20
256 59 7 196
407 66 21 99
351 35 37 689
83 100 20 652
456 142 43 628
360 149 17 248
398 85 31 666
217 28 23 676
57 61 37 640
278 51 44 399
367 94 25 24
361 4 13 179
334 47 15 442
348 45 22 420
24 143 10 590
424 179 25 215
160 6 7 184
468 119 50 434
211 7 31 377
377 31 28 688
135 102 7 83
411 14 43 653
318 193 43 223
229 56 13 335
189 183 43 79
30 32 11 734
350 59 49 53
246 168 27 103
132 42 27 608
235 20 25 573
204 19 1 417
491 24 13 395
467 117 37 639
264 55 13 501
296 170 7 190
17 141 10 606
104 34 34 690
159 71 31 219
463 110 43 675
220 131 23 241
267 114 9 534
373 137 33 289
153 153 37 455
42 164 10 685
102 79 5 553
75 28 16 172
395 126 25 661
367 117 19 308
135 19 26 187
351 130 50 159
285 144 16 151
407 187 31 538
348 14 19 471
312 70 10 103
212 190 25 669
78 47 49 520
368 191 8 414
483 144 3 722
407 177 4 230
121 37 25 650
179 69 13 427
231 172 29 575
303 40 25 109
312 40 13 66
117 136 1 745
389 160 38 495
296 92 44 517
412 105 45 499
273 111 40 699
154 26 35 426
319 4 15 491
497 60 1 578
114 121 1 512
455 114 2 617
274 108 8 263
36 120 43 480
328 183 19 84
454 134 1 454
229 92 20 150
223 107 28 533
377 188 49 713
300 194 35 115
22 149 11 641
281 157 31 103
14 30 7 637
182 108 10 58
103 139 15 128
241 100 34 652
183 41 33 441
130 117 39 34
143 146 31 727
419 184 31 122
326 133 25 713
300 3 3 3
216 138 13 37
245 88 10 713
427 96 11 648
42 99 1 60
287 154 14 95
230 89 49 15
418 24 16 496
163 29 3 481
69 78 37 190
286 197 16 501
115 115 55 106
353 169 19 459
279 4 35 26
167 27 19 124
172 125 55 738
52 126 1 563
430 99 49 485
8 110 20 113
499 65 9 585
111 12 9 44
319 16 45 586
403 180 11 77
262 28 32 311
277 161 25 137
390 127 31 585
385 131 34 442
445 90 22 8
362 23 11 616
346 128 38 556
140 43 35 453
371 87 7 516
187 93 28 525
472 66 31 295
238 101 33 543
349 139 19 307
13 30 1 2
276 3 34 240
408 164 50 510
94 100 28 715
147 94 4 361
313 92 27 161
69 53 5 77
433 15 16 6
264 17 21 201
440 146 15 116
7 151 5 675
355 76 7 76
213 2 38 597
217 199 13 433
193 125 8 672
305 84 19 226
149 184 1 347
196 145 15 584
194 139 22 183
40 125 13 155
423 182 8 675
141 92 43 742
240 105 29 74
337 19 31 387
158 34 31 520
416 41 10 260
359 24 14 636
316 175 7 620
357 40 25 207
214 8 4 392
305 24 15 587
315 6 49 679
51 117 7 627
434 157 49 652
134 75 51 52
445 41 7 510
488 64 21 131
275 14 1 450
330 6 19 249
116 181 39 585
366 63 7 70
277 149 1 146
349 98 10 684
85 53 41 291
343 123 14 320
329 22 10 210
437 9 4 36
478 191 41 617
331 175 19 168
132 116 11 396
1 23 1 723
406 193 44 740
55 12 43 226
289 176 44 49
196 109 47 3
458 170 13 419
140 31 2 695
192 131 19 638
289 76 13 171
58 77 13 622
401 57 49 377
460 30 49 637
59 83 7 214
190 80 4 153
221 179 3 401
173 3 10 398
181 43 25 341
431 34 14 388
238 179 20 229
497 57 55 188
51 140 31 535
459 188 19 283
383 55 31 354
199 157 1 749
479 35 9 175
176 83 1 327
38 16 19 263
282 103 38 189
63 156 19 595
15 200 5 340
467 156 46 334
109 74 20 48
445 113 50 80
387 69 16 416
126 176 25 548
128 24 7 395
48 82 38 100
70 131 29 402
253 58 10 570
229 27 39 730
130 125 44 27
483 60 1 364
123 23 44 32
314 17 5 44
78 187 19 387
267 159 25 735
225 40 37 157
100 48 35 704
198 94 31 34
476 115 55 143
283 79 37 466
395 4 43 687
351 104 46 710
172 132 7 389
324 6 26 83
405 129 31 189
55 45 31 107
356 145 19 215
241 116 20 396
390 63 29 263
42 162 41 154
270 123 43 557
438 58 1 514
454 198 5 191
384 51 17 349
27 70 26 39
86 130 38 483
202 141 1 394
110 89 55 199
82 2 43 373
392 108 3 631
139 100 28 671
202 133 46 94
119 153 25 523
118 136 13 520
482 34 39 586
217 45 50 746
9 58 34 744
136 164 50 474
415 149 21 665
222 8 15 687
375 151 16 299
83 183 46 20
44 187 5 493
46 50 41 702
257 3 1 350
99 111 4 194
92 59 1 703
491 47 37 437
302 66 55 584
108 119 1 567
237 190 55 268
153 154 19 503
188 34 49 116
43 97 1 137
373 105 14 183
377 193 7 430
66 89 31 211
485 14 49 529
442 143 43 618
345 37 55 501
171 86 7 12
409 157 32 519
410 74 2 233
298 105 1 545
336 32 35 692
193 165 26 717
257 23 19 72
204 110 10 516
406 177 22 338
269 110 19 227
86 127 50 566
16 8 11 513
324 180 35 100
15 167 1 672
25 18 11 199
489 166 26 373
323 177 31 451
433 105 35 499
270 27 3 151
383 74 20 135
483 101 39 126
151 43 19 488
433 101 31 580
21 61 22 483
49 197 40 368
328 97 4 579
491 5 7 726
448 147 43 566
454 21 19 300
253 168 37 25
351 99 7 485
99 90 7 512
273 34 9 165
49 157 19 421
223 19 1 187
215 130 31 159
82 200 1 392
343 164 43 275
169 88 50 197
497 119 25 79
226 53 20 291
185 29 15 213
180 9 23 125
332 115 43 281
56 69 1 427
311 153 1 523
88 41 33 339
214 57 7 198
226 134 13 745
312 14 4 460
323 191 2 285
422 189 1 373
137 72 37 213
37 177 33 124
301 59 38 58
28 22 27 82
364 2 9 518
25 35 43 343
413 172 7 457
368 86 19 231
264 56 33 437
339 78 1 45
374 158 38 468
127 73 25 255
187 147 13 352
248 123 4 557
404 50 43 312
336 60 1 522
123 166 5 225
369 177 7 601
357 28 9 620
114 196 29 374
106 74 13 428
71 64 31 98
359 166 55 514
269 70 40 628
37 97 25 150
408 85 37 250
127 91 38 432
234 130 33 561
268 123 14 460
106 19 17 487
319 187 23 56
89 162 23 154
120 99 45 492
79 86 1 488
298 196 22 640
230 183 16 103
374 13 11 63
314 64 27 131
493 169 9 52
269 143 29 273
386 94 20 265
285 178 9 57
167 36 7 122
300 84 37 523
92 184 5 287
188 6 19 606
313 86 4 662
121 169 37 54
281 142 49 403
288 36 2 661
111 11 17 680
259 182 51 465
239 77 20 101
210 155 55 392
126 51 23 28
439 182 25 125
443 133 33 111
345 56 10 573
14 27 25 712
414 121 38 7
270 110 40 140
103 7 40 125
122 7 16 642
4 51 8 524
192 76 55 431
49 193 25 344
241 78 49 616
388 31 33 208
471 85 31 733
308 169 49 422
320 19 1 266
96 88 19 623
293 156 23 164
365 53 13 641
444 38 13 28
210 179 20 401
363 179 7 279
46 100 7 652
398 101 49 543
193 18 1 71
133 145 49 526
363 149 2 548
353 129 13 329
397 51 22 691
485 123 26 460
262 135 20 218
420 71 1 613
47 138 7 37
323 100 19 637
390 175 41 605
396 101 25 337
211 108 27 252
400 102 22 406
19 48 19 228
189 94 7 280
359 25 20 114
417 132 13 588
375 130 25 539
275 133 37 300
109 43 29 119
41 183 19 246
171 85 44 367
44 13 20 52
10 8 37 176
269 109 13 278
304 191 23 617
78 149 37 458
180 178 9 619
314 10 44 705
59 88 32 68
28 20 15 201
260 151 35 143
480 169 51 643
301 172 46 219
25 69 19 416
297 155 19 36
175 34 26 586
373 95 52 617
481 45 23 107
144 101 1 310
498 180 32 730
363 110 45 227
71 148 19 111
94 31 7 220
460 120 44 570
247 75 5 691
85 152 7 498
413 84 13 523
478 26 28 542
176 47 7 683
52 176 25 210
275 80 19 285
157 156 8 164
41 3 1 36
243 200 7 455
350 5 1 463
204 15 25 741
452 137 25 7
353 137 33 449
311 175 5 329
152 119 31 615
215 116 5 242
233 69 4 109
169 73 35 166
357 125 14 528
77 76 4 148
456 130 37 450
31 22 34 605
35 183 5 576
400 113 31 744
450 74 32 230
116 130 43 685
348 130 49 658
233 153 7 440
156 107 33 403
13 182 28 265
417 84 19 178
114 149 7 715
26 71 37 670
96 92 13 742
265 22 11 395
267 139 5 6
4 60 35 524
219 33 7 546
3 185 25 354
473 138 13 289
264 136 28 404
340 175 19 362
436 196 5 437
261 197 10 501
362 168 31 556
376 68 19 712
221 89 15 700
56 200 43 568
47 163 21 298
92 57 38 377
330 100 25 625
431 80 28 747
452 139 16 157
393 125 44 50
40 196 5 426
7 144 46 668
142 168 32 621
432 169 56 615
195 153 20 528
401 108 34 397
192 2 31 624
157 145 10 252
240 177 37 297
176 98 10 67
254 42 21 633
61 60 45 514
200 29 28 625
268 158 51 698
81 18 2 468
480 89 1 739
169 134 22 288
198 23 37 604
467 130 55 658
50 174 4 323
160 74 31 412
404 13 21 334
494 32 13 519
338 51 31 196
422 24 26 444
235 200 1 566
50 34 16 707
466 113 10 744
152 134 56 590
262 74 57 737
421 93 9 500
25 86 7 150
313 179 37 52
238 198 25 542
198 140 43 623
164 58 14 198
386 135 50 79
104 23 50 108
333 26 32 192
290 195 55 419
147 175 9 410
478 25 21 140
473 84 31 90
494 100 52 392
375 29 49 431
361 110 37 108
477 145 39 252
392 51 11 730
334 45 4 249
244 22 1 510
439 119 55 387
441 173 25 402
419 46 3 715
244 4 13 687
483 190 51 201
292 73 16 370
137 180 3 87
455 74 7 303
200 195 31 505
245 41 50 415
483 52 13 685
254 119 27 170
77 128 19 125
391 13 44 325
94 187 1 49
195 168 44 113
343 158 7 23
111 106 19 747
427 99 13 315
12 188 1 604
76 188 7 454
415 26 29 442
29 33 13 188
321 7 43 749
322 109 7 378
191 146 13 481
460 84 37 743
374 140 20 73
175 54 13 112
455 174 52 63
348 88 3 713
489 137 32 553
47 189 14 689
32 122 7 360
430 49 5 456
35 47 38 208
77 97 22 360
121 117 1 1
398 6 43 184
303 5 43 738
388 94 37 520
149 140 31 489
337 66 13 316
422 35 7 46
338 42 19 608
478 52 37 380
182 75 25 35
40 175 47 445
313 32 1 529
429 54 22 642
158 105 25 74
178 94 1 200
170 43 46 507
90 196 13 345
250 90 17 641
20 91 25 271
340 173 4 475
479 151 51 675
329 183 23 79
211 125 43 75
315 31 28 343
326 188 49 410
219 105 35 183
334 114 37 558
127 143 23 469
122 95 57 372
425 55 5 187
274 12 37 116
290 93 19 201
185 47 55 401
29 56 47 395
275 157 22 141
466 186 34 750
137 124 26 387
335 194 16 423
417 175 17 401
167 37 1 44
68 170 13 174
255 193 7 471
193 114 20 675
429 44 5 695
152 127 1 586
13 108 25 18
166 169 50 228
375 101 31 693
469 21 2 63
55 71 21 719
213 174 7 447
427 190 25 574
316 120 43 333
23 93 49 225
244 36 43 169
444 84 37 135
191 138 43 319
104 105 25 545
354 44 10 737
72 21 9 587
119 112 47 679
283 160 31 379
161 44 32 317
228 147 1 96
446 58 25 403
254 182 3 365
287 110 10 205
72 16 31 322
472 71 28 413
246 107 19 403
148 121 25 469
269 82 7 465
473 111 49 77
357 108 43 306
80 179 31 401
406 116 8 10
268 33 8 6
323 39 43 614
444 28 44 172
113 131 34 321
83 60 4 749
426 165 28 152
64 110 3 205
184 70 1 76
445 131 5 202
120 17 31 371
233 65 50 536
452 176 55 377
304 154 25 267
185 30 49 2
270 96 20 725
102 53 37 70
174 165 25 580
74 107 1 533
374 149 28 603
371 183 44 676
48 126 1 487
496 117 13 639
46 171 44 720
48 29 9 481
480 172 11 735
140 6 43 35
134 175 8 304
338 44 13 239
152 50 19 702
8 105 27 545
172 5 19 551
169 68 25 302
361 57 7 253
263 196 31 133
158 19 7 409
486 159 9 23
274 182 46 617
477 33 7 407
259 143 23 278
83 157 51 141
351 28 3 652
51 16 43 610
441 155 31 14
153 27 33 559
398 109 35 420
248 193 25 449
166 114 31 359
230 149 5 715
132 65 31 9
156 17 23 167
300 190 9 644
92 98 13 67
307 31 14 484
315 117 37 573
442 32 19 530
284 28 19 213
405 17 1 167
173 69 7 109
214 47 37 401
308 135 10 332
193 108 49 276
76 145 43 366
465 108 16 673
467 191 50 285
47 100 31 586
141 83 23 244
155 62 25 251
385 162 37 302
23 95 37 662
463 169 13 558
269 103 4 461
179 39 31 279
117 173 25 629
448 69 14 333
471 21 25 160
220 26 47 613
210 131 23 313
232 91 50 102
196 69 44 70
125 194 25 85
230 80 26 495
395 123 15 557
242 7 19 192
339 142 32 136
161 126 52 105
495 193 38 390
54 40 9 631
217 85 15 486
361 14 23 603
451 5 25 347
419 74 44 580
79 172 9 419
104 142 7 466
30 164 31 646
15 115 55 159
35 93 2 148
328 35 43 641
418 36 13 157
19 127 1 157
271 57 55 208
382 144 7 668
62 177 16 93
380 63 10 515
129 5 39 551
488 176 19 14
333 146 43 396
26 179 40 328
209 92 13 64
403 123 7 424
225 100 16 259
148 167 13 295
158 162 27 154
255 106 25 682
296 42 31 269
322 52 46 208
453 176 35 504
317 187 17 138
103 28 19 705
201 78 45 436
259 165 25 472
17 25 25 380
464 76 37 120
409 100 9 436
375 19 40 465
405 59 49 248
233 128 44 360
420 49 19 552
474 99 15 119
159 19 25 266
428 9 17 205
102 200 46 534
410 38 31 28
433 51 37 687
112 178 5 47
414 64 50 180
102 89 9 305
372 14 14 196
469 136 17 22
241 195 43 273
420 147 25 492
296 183 17 685
321 19 1 465
215 107 10 533
194 170 15 265
151 65 49 296
247 7 13 662
424 90 23 317
6 85 43 428
293 141 37 625
144 76 37 620
212 60 4 40
86 37 3 210
279 155 49 400
278 116 17 375
250 11 4 50
60 144 50 674
461 53 17 206
250 153 19 564
412 167 31 703
309 183 19 594
294 160 25 522
219 61 26 483
75 39 27 724
346 88 31 212
226 98 28 597
207 139 10 602
201 194 7 750
84 111 22 350
172 104 37 710
314 67 49 134
4 195 13 505
176 102 22 145
174 175 5 469
199 98 11 469
46 167 26 540
472 197 47 368
253 136 25 485
245 175 44 82
414 158 25 60
371 78 1 676
324 142 44 388
263 88 10 171
190 64 25 17
310 60 1 680
195 49 37 326
135 40 43 126
364 24 22 374
8 92 43 201
185 178 9 670
227 6 21 597
189 60 2 114
6 135 27 123
135 44 28 695
388 77 5 540
335 6 7 429
490 21 49 445
401 25 7 238
214 91 1 135
344 120 8 333
315 182 4 28
227 26 5 188
51 133 46 687
10 78 33 473
288 51 17 195
370 48 29 228
290 25 27 654
188 16 37 594
261 105 5 545
432 194 8 538
274 112 11 29
485 92 3 618
3 13 20 112
132 164 15 474
50 170 13 489
411 15 28 301
47 4 46 179
500 135 10 578
359 123 43 301
153 115 7 55
119 184 16 287
57 63 13 614
413 175 28 368
105 96 19 605
11 64 50 238
58 177 19 539
155 30 44 637
177 41 46 1
387 47 13 542
20 149 11 458
170 146 39 418
335 78 31 116
301 115 13 104
128 143 17 412
30 43 35 461
329 139 8 489
86 139 23 664
464 97 19 673
252 130 43 450
441 153 13 377
194 182 40 471
189 47 37 593
338 165 16 245
218 51 11 278
202 42 49 106
27 190 37 706
146 86 10 231
233 37 37 110
262 169 25 459
54 153 38 50
291 64 31 131
156 18 5 215
103 197 13 368
331 41 10 339
480 2 19 610
122 91 31 601
476 173 9 336
388 71 14 613
370 122 25 360
205 4 37 179
87 7 34 439
475 83 11 529
446 85 37 719
164 187 4 166
360 3 37 240
286 161 34 346
272 21 31 678
35 199 29 717
473 101 37 653
208 130 15 450
450 200 4 567
239 40 11 207
53 20 4 727
418 16 38 381
12 180 23 596
311 110 33 587
138 151 17 449
160 34 25 141
4 147 25 149
26 131 14 369
331 68 31 465
278 40 1 337
68 198 11 85
304 100 43 671
16 175 28 585
260 54 31 413
438 92 15 161
355 186 10 668
77 157 28 148
467 54 31 611
186 124 1 348
121 12 7 732
349 106 31 423
33 145 31 651
165 10 1 252
371 129 23 750
276 82 3 572
392 8 7 45
404 75 26 75
33 159 2 453
304 183 14 84
366 71 10 22
500 40 26 700
173 173 37 33
14 100 28 307
345 63 47 326
464 5 50 381
457 141 43 455
190 91 31 595
212 183 43 594
17 184 19 736
345 65 1 115
142 155 37 81
290 45 34 538
326 70 13 216
341 187 11 627
194 156 1 564
462 169 25 335
129 152 25 437
186 89 4 185
79 89 28 743
211 100 34 637
94 183 35 103
43 147 13 105
138 131 41 503
100 86 19 508
7 77 19 45
382 67 13 258
58 6 49 85
125 124 15 96
374 143 40 487
258 164 19 663
160 14 37 603
211 16 9 415
308 180 1 596
15 77 39 701
364 85 50 666
160 143 39 30
133 32 26 112
265 52 27 106
270 23 1 641
388 159 49 315
236 41 9 201
355 66 43 750
412 45 17 429
331 79 7 362
329 165 32 599
257 137 25 222
7 110 22 471
197 57 38 679
199 112 28 457
355 22 25 102
350 133 39 407
365 102 26 120
3 125 38 502
173 66 13 94
479 58 25 406
81 179 19 38
332 32 37 84
19 22 49 337
413 65 44 313
81 142 13 57
260 71 16 413
376 28 38 607
117 107 13 403
193 179 14 485
408 6 25 606
139 77 15 393
140 112 17 560
321 190 37 23
341 96 17 579
298 73 13 355
472 184 7 472
376 130 26 684
404 65 37 339
30 154 43 503
322 135 33 406
439 86 15 297
475 32 47 605
267 121 1 16
283 184 50 557
466 85 25 428
343 87 1 349
12 53 7 174
499 33 13 118
208 84 49 620
221 41 19 260
476 186 13 211
382 133 25 392
144 140 27 656
286 126 55 105
93 2 49 65
483 159 20 534
239 92 51 277
228 76 16 431
11 18 26 284
375 89 7 337
24 162 23 554
283 59 39 216
402 154 50 446
356 27 3 432
366 40 32 204
234 98 31 480
282 131 49 452
92 68 19 480
493 52 38 242
309 200 47 567
96 118 32 44
89 33 38 477
104 48 1 704
265 19 13 668
314 146 13 142
78 133 52 697
226 99 49 383
177 31 34 362
75 114 39 359
32 24 13 374
443 40 5 293
137 74 45 135
417 119 55 385
168 32 10 519
176 25 43 140
9 183 41 148
248 159 43 315
192 52 25 583
5 51 7 575
342 23 29 72
236 130 43 207
130 170 25 322
409 36 37 733
89 56 10 95
140 123 25 61
447 69 22 663
13 109 11 440
102 184 40 574
364 110 13 227
260 105 14 499
252 160 7 495
240 106 15 721
181 23 21 14
147 191 19 64
438 141 39 282
391 162 1 192
454 59 38 268
98 107 19 533
451 54 4 265
253 16 7 435
157 188 13 562
349 186 40 115
105 47 4 520
330 172 16 498
431 118 10 572
99 68 13 219
111 142 1 326
136 57 19 202
325 70 40 103
316 54 4 642
495 102 19 406
210 160 15 379
254 196 31 743
146 41 7 441
471 129 21 553
103 21 31 290
430 170 1 322
243 56 5 395
408 22 11 527
315 146 15 397
138 24 20 701
45 101 19 568
48 99 13 354
407 77 14 681
433 58 44 473
316 12 9 599
139 114 32 669
72 14 22 475
494 158 8 137
161 155 37 400
145 185 44 129
76 106 13 559
264 72 1 664
399 167 26 627
67 12 2 424
287 185 43 107
344 122 31 592
70 107 10 403
444 105 4 74
102 54 13 15
192 192 23 376
78 169 1 558
35 176 9 656
339 91 56 484
224 97 13 500
188 174 9 347
195 28 8 701
362 122 55 490
57 137 1 13
316 117 55 148
347 94 8 265
364 87 25 670
281 78 13 253
63 191 9 422
251 73 29 496
18 164 28 275
77 55 11 46
83 28 49 233
464 21 7 416
20 97 52 579
151 188 37 96
90 57 25 484
17 84 34 569
434 173 13 71
263 139 14 624
143 198 11 241
183 60 8 628
458 198 1 565
280 86 1 336
34 118 7 539
452 160 43 602
358 137 44 681
469 10 31 529
101 97 11 541
376 98 2 469
143 66 14 645
224 116 27 520
43 136 27 530
338 13 29 362
252 155 31 400
388 172 10 202
332 162 11 315
373 77 11 701
232 47 32 45
59 59 45 216
49 141 45 180
488 73 1 156
226 158 9 478
469 180 35 573
472 149 1 647
213 160 1 714
220 55 14 618
312 78 15 200
275 181 11 562
226 116 4 431
171 112 35 296
465 143 7 547
87 127 9 374
470 85 31 568
244 14 11 558
132 100 43 339
231 9 26 350
397 7 19 12
3 15 4 521
255 14 1 283
133 158 37 632
203 103 50 461
325 183 19 71
359 121 37 473
35 28 25 417
361 196 34 102
352 160 38 739
295 146 31 336
430 27 37 605
205 52 13 264
52 25 15 78
25 92 1 169
224 200 19 79
432 82 16 471
346 3 25 3
251 46 2 57
465 76 19 316
23 32 27 167
75 153 2 623
368 33 37 18
486 132 43 361
461 84 10 569
Điểm tối ưu: 5989
Thời gian: 60.6337 giây
Trạng thái: PARTIAL
