175
17 10 43 5
16 10 31 5
16 7 25 13
15 10 19 3
13 10 15 3
13 7 37 23
8 10 19 5
8 7 37 13
7 7 7 13
6 10 49 3
5 10 31 3
2 10 1 5
17 3 1 16
16 3 1 22
13 4 4 8
12 8 4 20
10 8 39 20
10 4 13 25
9 8 1 20
5 4 7 8
2 4 7 25
1 4 4 25
19 9 19 15
17 9 5 15
16 2 37 15
13 9 7 15
11 5 4 30
6 9 1 15
4 9 13 3
1 2 21 15
15 4 1 25
9 7 19 23
10 7 19 13
10 2 37 28
19 10 43 3
1 10 55 3
9 5 5 24
11 8 19 20
3 9 3 15
18 10 13 5
20 9 9 15
17 8 7 20
20 7 1 23
14 10 37 5
18 8 22 20
12 9 27 15
4 10 1 3
20 8 16 23
3 7 49 23
4 3 7 16
17 7 49 13
12 10 7 3
11 4 1 8
19 8 16 20
8 6 1 1
11 10 49 5
10 3 4 16
8 8 28 20
15 3 4 22
18 9 5 3
1 7 13 13
20 6 19 26
5 7 1 13
3 10 55 5
20 10 37 3
7 5 1 30
14 3 25 22
4 4 10 8
14 2 9 28
3 4 10 25
15 6 9 1
18 4 19 8
20 2 11 28
17 4 19 25
9 3 13 22
9 10 7 5
6 6 9 26
17 2 11 15
14 7 31 13
15 5 11 24
20 4 22 25
19 5 7 24
6 4 22 8
13 2 22 28
7 10 25 3
4 2 19 28
15 8 34 20
3 3 22 16
10 5 9 24
2 3 25 16
17 5 15 24
7 8 31 20
4 7 31 23
8 3 7 22
10 10 25 5
14 8 43 20
13 8 25 20
18 5 7 30
4 5 15 30
5 3 19 16
18 7 43 13
7 9 11 3
2 7 43 23
7 3 13 16
19 3 21 22
20 5 13 30
16 5 9 30
13 5 11 30
2 5 13 24
15 2 29 28
3 5 17 30
10 9 29 3
12 5 17 24
5 9 29 15
9 4 25 25
12 2 1 28
5 2 13 28
6 2 3 28
11 9 31 15
3 2 5 28
7 2 34 28
14 5 1 24
12 4 13 8
14 4 16 8
7 4 16 25
1 3 10 22
9 9 33 15
8 5 23 30
18 3 10 16
11 2 7 28
12 3 31 22
13 3 31 16
1 9 23 3
16 9 23 15
8 2 15 28
5 5 22 24
1 5 19 24
6 5 19 30
19 4 25 8
14 9 13 15
7 6 3 1
6 3 16 16
2 9 15 15
19 2 31 28
11 3 16 22
18 2 26 28
14 6 7 1
9 2 17 28
15 9 17 15
8 9 25 15
2 2 35 15
10 6 7 26
9 6 23 26
18 6 1 26
16 4 39 25
6 8 13 23
19 6 3 26
5 8 10 20
2 8 10 23
20 3 28 16
1 6 17 26
1 8 7 23
17 6 13 1
11 6 11 1
13 6 19 1
12 6 11 26
4 6 17 1
6 7 55 13
4 8 25 23
3 8 13 20
8 4 31 8
3 6 26 26
16 6 5 26
5 6 15 26
2 6 22 1
Điểm tối ưu: 175
Thời gian: 1.7041 giây
Trạng thái: PARTIAL
