3353
287 16 37 86
273 6 7 397
252 57 31 117
220 16 7 86
214 6 19 397
206 16 1 174
202 6 1 278
189 57 13 117
175 6 27 397
128 16 27 174
117 16 37 174
92 6 7 278
257 76 1 233
284 66 7 240
141 7 1 263
31 78 13 74
291 1 52 1
116 1 10 1
75 1 7 1
73 1 4 1
40 1 19 1
28 1 22 1
10 1 1 1
300 47 7 74
298 102 31 269
297 40 46 377
295 47 21 74
290 12 13 289
286 79 38 56
286 12 25 289
285 12 1 289
280 40 31 43
279 102 34 269
277 47 39 373
276 102 33 181
274 47 1 373
270 104 16 224
269 47 25 74
263 111 19 271
263 62 34 329
262 102 28 269
262 40 13 377
260 40 7 43
255 54 1 152
254 102 27 181
251 54 4 60
251 40 34 43
251 23 8 272
243 104 7 224
242 111 25 436
236 12 13 62
235 40 49 377
234 72 7 171
232 111 22 271
228 53 21 239
227 54 9 152
226 79 4 56
226 62 26 329
225 47 46 373
223 47 49 373
220 79 43 56
220 12 16 289
215 102 3 269
213 40 7 377
211 12 4 62
209 102 25 269
208 12 31 289
206 79 31 56
204 12 28 289
203 49 43 88
203 47 16 373
196 53 16 185
193 53 13 185
190 104 16 447
189 12 19 289
183 12 37 289
179 12 34 289
176 12 7 289
166 49 19 88
165 54 33 152
162 49 13 88
159 21 9 439
154 47 34 373
153 47 40 74
152 49 44 140
150 62 37 329
148 47 52 373
145 23 25 272
144 12 22 62
136 62 31 329
135 40 43 377
132 40 10 377
129 12 26 62
127 79 7 56
122 12 10 289
119 62 43 329
119 12 22 289
118 12 1 62
114 54 4 152
108 12 19 62
100 47 13 373
100 12 16 62
99 40 10 43
96 54 1 60
84 49 38 140
81 47 37 74
71 12 4 289
67 47 34 74
66 49 40 88
38 49 1 140
27 49 4 140
36 94 16 260
295 65 8 267
278 70 17 402
277 103 37 410
275 71 13 49
272 71 11 49
270 70 35 82
262 65 1 412
249 52 43 419
248 52 1 205
243 89 34 123
242 103 1 410
240 89 35 176
231 70 9 402
225 70 1 402
223 52 7 419
215 70 11 402
203 70 1 82
188 103 20 410
184 52 28 419
168 52 29 205
161 65 14 412
160 106 5 357
160 103 7 410
157 106 11 397
153 106 5 397
152 65 29 412
147 65 19 412
144 106 31 397
143 71 3 49
139 65 10 267
137 71 5 324
136 71 25 49
134 65 13 267
132 70 32 402
114 52 7 205
113 71 10 324
109 103 1 98
105 89 1 123
105 70 7 82
102 70 19 402
99 71 15 49
92 70 4 402
87 89 11 176
79 70 34 402
57 89 13 123
56 71 9 49
54 71 23 49
42 89 31 123
40 71 29 49
16 89 25 176
11 70 9 82
6 70 11 82
1 70 25 402
192 11 13 334
144 92 5 233
115 111 31 271
253 14 14 17
102 28 1 422
68 40 34 377
265 16 43 86
188 89 1 176
139 89 16 176
98 23 31 263
140 106 41 357
17 40 31 377
11 49 1 88
201 47 25 373
257 73 37 370
74 72 7 252
133 106 3 357
192 49 7 88
25 76 9 249
211 106 21 357
188 64 13 219
120 21 19 439
186 57 7 117
104 62 13 329
166 70 13 402
83 102 7 269
118 53 28 239
199 65 19 267
74 99 1 303
95 1 40 1
191 49 10 88
204 54 31 60
143 70 13 82
94 111 25 271
111 106 1 357
80 54 43 152
87 40 37 43
33 23 13 263
32 111 28 271
10 89 15 123
38 18 33 83
59 54 25 60
252 103 11 410
187 67 1 184
132 111 13 271
298 99 25 303
10 40 22 43
141 65 21 412
146 65 1 267
53 62 16 329
31 10 37 199
241 42 25 215
229 47 20 373
107 71 1 49
214 70 7 402
11 106 31 357
67 89 10 123
289 23 25 263
2 21 7 40
181 114 13 409
102 21 10 40
234 3 28 307
244 99 8 303
154 16 25 86
39 57 43 117
106 93 1 427
222 89 7 176
237 6 13 278
118 16 13 174
37 85 9 357
39 15 7 202
81 23 31 272
285 49 4 88
177 106 23 397
23 102 49 181
165 65 11 412
203 79 26 56
233 41 3 97
221 111 34 271
180 72 52 252
155 40 25 43
121 62 19 329
14 103 13 98
56 62 19 263
88 65 15 267
256 106 23 357
22 103 7 98
64 21 16 40
131 62 22 329
228 21 13 439
59 102 13 269
210 104 43 224
125 52 21 419
89 6 19 278
19 27 27 64
11 103 11 98
14 54 28 152
264 59 34 50
22 52 15 419
198 43 22 22
82 49 16 88
163 9 16 251
230 14 1 4
20 54 25 152
299 49 19 140
256 31 13 450
14 111 10 271
66 9 23 229
45 71 25 324
164 6 13 397
91 23 13 272
17 104 25 224
72 99 10 120
297 82 5 278
272 101 20 99
64 107 7 354
198 106 16 357
237 71 5 49
72 62 22 263
115 89 13 176
130 113 8 186
294 106 17 397
15 2 13 195
66 12 43 289
127 1 13 1
78 79 25 33
174 44 13 293
257 57 19 117
91 104 46 224
169 43 4 22
23 87 28 301
70 89 31 176
62 47 28 74
94 16 19 86
187 117 11 202
167 72 43 171
277 99 13 303
97 72 19 171
227 21 25 439
33 57 37 117
14 12 31 62
80 35 34 244
194 111 1 436
101 102 37 181
12 62 10 329
100 2 55 8
157 103 29 98
202 70 23 402
68 52 1 419
70 23 28 272
180 116 7 5
75 70 17 82
179 43 25 2
25 36 17 171
25 99 33 303
111 87 31 205
222 47 1 74
41 65 17 267
13 57 7 173
190 11 4 277
247 68 31 393
220 40 1 377
262 79 10 56
38 99 13 120
103 23 16 272
216 79 28 33
67 53 25 239
279 79 10 33
109 99 4 120
181 104 1 447
19 34 21 422
262 107 16 354
210 40 1 43
154 115 37 414
292 83 10 75
111 18 3 41
65 43 19 22
111 38 8 335
185 76 1 199
90 61 11 263
280 71 17 49
209 16 49 174
270 93 7 44
39 79 19 33
80 71 7 49
194 79 37 33
195 72 10 171
124 68 22 352
129 72 46 252
276 68 1 107
51 38 37 284
104 33 10 415
85 72 49 252
139 11 23 333
268 70 27 402
208 115 13 33
135 5 13 16
188 43 28 2
155 11 11 277
133 8 39 351
191 54 19 60
7 52 23 205
291 102 1 181
69 52 43 205
254 89 23 123
86 21 1 439
193 67 33 268
177 65 16 412
42 62 46 329
17 98 1 383
141 70 19 82
156 21 13 40
131 29 19 241
260 79 31 33
151 94 21 87
114 108 13 411
91 115 7 387
79 106 37 397
36 52 4 205
103 49 22 140
90 49 31 88
277 119 4 66
254 115 1 400
43 9 15 92
144 53 46 239
292 16 19 174
24 106 19 357
4 2 43 89
31 87 49 110
130 72 43 252
273 57 1 117
143 44 7 359
287 89 45 123
115 102 4 181
137 29 19 444
57 79 43 33
114 106 40 397
97 76 31 233
12 106 43 357
66 99 19 303
54 45 9 95
169 65 25 267
228 65 29 267
78 57 13 173
25 21 1 40
161 11 23 32
40 14 11 161
208 80 37 139
168 84 9 225
145 6 43 397
177 99 28 303
250 20 22 235
152 40 15 43
231 117 11 385
127 43 1 2
34 104 13 447
50 53 21 185
53 103 19 98
203 43 40 22
196 11 29 216
233 48 13 2
137 26 7 259
36 59 7 216
9 69 31 76
96 111 31 436
17 72 16 252
149 104 25 447
177 114 8 70
194 74 13 384
166 84 7 386
146 78 31 398
28 102 10 269
65 25 15 401
53 54 22 60
72 48 49 291
289 56 1 360
299 108 9 34
295 43 43 22
9 38 37 430
175 54 7 60
231 21 16 439
72 106 13 357
197 36 1 414
296 89 23 176
160 79 13 56
260 21 28 439
32 72 25 252
89 37 13 354
84 38 1 335
78 80 1 149
26 54 49 60
285 67 13 446
193 40 55 43
19 99 43 120
70 34 1 423
18 3 22 37
219 89 3 123
63 90 7 407
225 72 22 171
227 93 5 391
112 9 49 215
282 32 26 307
125 81 14 353
100 36 1 288
199 17 31 228
256 35 17 444
236 28 37 282
228 51 11 215
22 9 37 40
247 88 16 24
92 27 1 89
6 49 22 88
165 117 31 25
123 111 16 271
288 72 3 252
283 62 1 329
288 6 37 278
69 3 2 135
134 49 34 88
164 46 11 233
296 79 16 56
52 107 55 107
21 57 1 173
283 93 43 318
127 72 37 171
125 101 7 92
7 106 45 357
88 53 31 185
255 53 55 239
20 6 1 397
98 25 7 324
56 73 55 445
175 97 11 81
30 91 31 401
116 84 7 138
278 26 3 45
169 100 13 304
296 65 31 267
201 65 37 412
167 77 19 363
92 102 13 181
228 78 44 405
79 104 40 447
4 34 20 335
123 115 32 68
23 53 1 239
291 66 13 148
27 92 43 48
32 21 40 439
133 81 5 5
109 41 29 382
19 106 25 357
79 33 7 76
81 79 34 56
37 54 37 60
112 85 38 93
148 43 28 22
197 43 49 22
218 74 49 128
60 21 25 40
227 89 3 176
178 110 33 194
85 114 13 107
293 19 19 51
123 99 49 303
137 81 31 358
202 1 56 1
105 76 43 422
18 50 7 46
193 1 16 1
189 65 31 412
275 52 40 205
179 41 10 109
51 47 28 373
37 115 25 124
178 8 1 79
2 22 10 45
112 82 2 71
25 74 13 157
9 25 13 366
43 43 25 22
160 53 1 185
15 72 25 171
120 99 7 120
241 20 5 218
149 91 29 349
279 119 25 122
214 114 43 87
217 96 10 17
45 113 19 186
30 31 37 59
8 6 49 278
140 119 21 193
93 42 2 42
150 112 3 221
30 76 33 199
141 111 40 436
49 43 7 2
28 101 15 99
217 106 25 397
253 25 27 110
49 101 50 352
283 117 5 63
293 11 37 277
266 103 29 410
81 115 25 44
83 94 26 151
107 75 20 304
261 120 9 295
94 18 4 95
170 104 10 224
55 52 15 205
26 57 43 173
153 31 32 59
18 25 19 401
172 113 1 325
244 82 17 60
139 84 5 105
1 22 10 121
231 20 28 359
217 25 1 209
2 41 1 157
124 34 13 118
199 60 13 200
128 93 17 16
207 92 49 299
5 72 28 252
162 61 11 213
100 52 37 205
153 61 11 444
292 85 3 158
118 65 22 267
252 119 7 153
46 45 7 61
118 3 19 97
160 70 21 402
222 12 34 62
37 104 13 224
164 49 28 140
54 5 19 177
47 25 19 202
213 35 28 426
25 62 40 329
130 80 19 416
36 17 20 5
22 28 27 315
90 96 22 253
50 12 37 62
96 93 19 246
193 55 19 426
99 117 25 385
185 61 31 419
105 56 19 8
82 18 43 16
55 56 19 219
138 104 37 447
190 69 28 428
120 75 37 279
233 47 50 74
131 20 17 9
93 43 43 2
100 106 35 357
139 94 13 96
134 102 43 269
31 45 25 131
271 5 13 21
33 60 35 200
174 96 1 17
86 57 37 173
20 36 34 386
2 3 37 135
62 15 39 347
134 74 15 346
24 59 25 244
27 75 38 122
48 16 9 174
242 50 43 3
152 17 13 5
292 28 49 85
203 28 3 383
87 43 34 22
61 39 15 66
140 18 1 207
130 103 35 98
22 79 34 33
140 23 43 263
221 107 4 58
256 47 31 373
102 85 22 93
30 39 11 154
209 72 34 171
26 27 10 145
33 97 26 195
110 48 19 296
193 28 7 108
78 53 28 185
206 103 5 98
16 76 21 418
58 30 7 77
281 51 10 228
20 23 7 263
47 114 2 70
187 103 21 98
184 45 8 447
296 112 45 332
221 69 26 164
170 5 25 416
204 66 7 226
183 77 1 197
108 18 43 39
3 58 21 245
106 62 34 263
287 48 7 159
238 108 25 34
287 66 13 240
57 6 49 397
145 113 33 112
245 39 10 130
98 19 39 189
64 22 44 215
172 1 37 1
282 66 7 312
300 81 35 215
154 7 13 183
115 2 19 322
243 76 27 4
126 74 1 13
141 98 17 152
267 66 31 96
117 32 9 394
200 65 5 267
113 43 31 22
155 57 31 173
1 43 4 2
199 45 25 330
74 6 55 278
246 2 1 322
50 107 4 190
20 97 5 81
107 3 43 267
47 3 22 393
157 120 19 295
2 4 25 367
93 77 16 218
74 8 37 267
119 21 19 40
33 39 20 106
183 11 16 277
94 77 1 352
161 2 19 76
93 69 37 214
257 109 9 409
103 83 31 74
265 49 13 140
161 67 1 268
215 65 41 267
101 16 1 86
262 67 19 446
77 19 49 395
99 43 39 2
212 98 31 66
182 58 9 210
208 93 9 44
282 74 39 13
232 116 13 390
222 56 19 286
131 78 13 395
270 79 1 56
105 23 16 263
46 13 25 438
296 120 1 72
239 91 16 349
182 36 7 130
197 48 32 442
86 104 28 224
159 72 49 171
217 33 7 73
173 69 13 427
191 23 1 272
39 53 49 239
283 25 16 378
76 49 7 140
4 75 13 115
189 22 1 108
288 110 34 191
223 25 22 216
56 63 34 49
185 63 26 213
254 4 32 144
143 91 51 351
235 51 1 145
265 62 7 329
41 86 13 72
16 27 4 89
294 61 20 189
156 49 10 140
95 9 31 120
220 36 19 235
8 113 1 343
213 101 37 288
163 101 7 172
294 27 7 333
33 36 22 145
151 73 9 163
256 85 25 31
268 83 40 376
57 51 19 228
62 69 7 198
71 22 1 160
6 57 25 117
95 92 15 90
116 68 33 443
53 120 5 263
91 98 19 409
239 75 1 366
233 29 55 271
88 17 10 104
211 29 43 233
59 95 9 222
212 23 43 272
258 113 9 343
266 115 19 312
240 115 25 414
64 31 20 268
229 92 1 48
6 112 31 225
195 56 37 286
231 40 50 43
132 59 22 94
1 96 17 253
204 86 19 57
205 115 25 360
126 76 31 249
93 56 13 112
114 45 25 153
253 80 1 52
99 80 27 52
15 100 31 326
202 81 16 230
134 53 10 185
191 119 33 157
249 14 23 4
103 90 1 147
188 67 16 120
190 15 37 245
200 111 7 271
238 76 13 422
42 3 13 362
186 119 3 153
113 119 46 33
230 70 41 82
275 85 15 407
158 119 55 78
136 10 21 299
94 29 43 36
6 116 43 157
44 103 3 98
21 71 28 324
26 98 28 313
270 20 13 9
179 71 20 49
173 93 4 410
45 67 43 261
55 92 7 290
234 30 21 396
30 69 14 214
150 59 19 145
93 25 46 353
18 108 15 84
181 58 7 315
200 72 38 252
22 107 4 377
59 117 17 34
137 47 43 373
191 29 49 429
79 74 19 90
107 109 7 403
142 66 2 240
52 54 28 60
267 69 25 214
137 76 1 418
123 90 20 351
114 43 34 2
157 81 39 40
107 30 3 82
166 12 40 289
155 77 4 328
176 28 19 32
200 5 13 177
132 29 16 241
83 32 22 102
283 9 22 421
239 110 19 212
220 13 37 438
202 45 19 244
240 47 10 373
147 100 37 160
91 16 31 174
61 21 43 40
216 22 51 409
274 113 13 126
119 48 1 324
110 72 55 171
73 110 1 115
126 44 7 191
251 67 22 16
21 22 17 160
103 77 11 197
18 89 5 123
171 73 15 280
171 116 26 5
64 30 37 106
62 42 17 197
286 120 31 368
89 41 16 109
41 12 43 62
165 37 1 63
71 50 9 273
89 72 1 171
222 24 14 273
248 90 11 243
124 76 44 401
258 3 37 37
260 83 10 150
237 42 8 72
19 11 11 74
266 33 2 421
168 22 32 160
243 24 37 390
92 48 25 48
264 84 3 419
207 73 14 406
251 110 28 182
44 113 7 107
29 54 49 152
68 62 4 329
92 75 37 115
69 56 34 15
60 64 28 236
131 110 31 182
126 50 27 25
9 93 3 246
38 45 25 61
142 59 14 94
291 74 31 128
246 114 25 325
193 89 26 123
142 101 37 50
172 120 28 368
272 114 43 231
31 118 19 375
3 108 25 84
289 61 17 113
21 16 31 86
253 112 16 192
68 101 13 421
75 82 5 390
113 2 3 340
30 85 4 42
82 89 21 176
210 10 37 44
219 9 21 226
212 50 25 46
7 33 13 220
129 104 43 447
224 2 49 8
167 101 31 360
234 32 19 102
124 27 7 158
149 46 4 165
235 112 20 192
19 118 34 101
169 1 27 1
281 86 5 213
223 27 15 89
60 53 40 185
63 115 19 122
62 96 4 108
17 23 4 272
192 45 26 95
180 17 1 332
105 80 37 149
2 66 13 420
29 32 11 102
88 117 13 81
73 14 13 287
57 4 1 367
33 118 7 229
67 82 17 19
93 18 19 197
167 103 9 98
102 35 8 427
206 119 28 308
104 112 19 114
7 21 34 40
205 72 34 252
55 36 22 449
86 93 34 246
295 30 31 342
215 7 20 399
191 66 43 107
293 16 13 86
103 93 41 318
52 33 17 206
168 75 55 390
170 82 1 111
60 104 34 447
296 61 14 285
213 67 1 122
161 82 8 71
58 91 19 328
288 81 11 366
144 32 11 142
49 44 13 333
56 109 4 403
147 118 3 189
79 113 1 215
196 29 19 36
155 104 46 447
162 116 21 170
120 25 13 8
258 103 25 98
66 78 7 265
232 18 1 255
147 69 21 195
251 41 32 171
124 56 49 108
44 66 13 70
13 15 19 326
100 45 26 429
38 21 55 439
189 106 56 397
122 95 22 227
149 100 19 160
285 52 35 205
21 110 8 212
33 15 49 245
241 10 43 411
199 29 7 42
27 10 7 442
272 5 49 21
176 44 37 300
162 91 40 383
45 48 27 442
47 119 55 87
42 99 16 303
172 69 13 393
65 98 5 304
50 75 25 296
132 2 49 340
148 50 19 386
283 59 19 433
200 45 55 385
47 108 44 118
156 116 19 270
278 76 7 418
233 80 7 261
26 14 8 17
79 95 17 33
129 74 14 13
5 66 43 149
227 98 21 25
183 112 32 12
116 88 49 154
233 83 21 61
107 77 25 218
45 42 39 198
181 106 27 357
260 74 44 384
72 67 7 22
255 42 27 72
191 111 16 436
21 112 37 225
214 71 17 324
126 52 5 419
225 97 8 111
50 6 31 278
101 89 5 176
235 50 37 157
91 118 26 167
102 64 13 347
35 74 31 91
237 101 37 229
128 25 7 432
198 72 52 171
94 52 13 419
146 118 8 429
99 116 44 104
127 9 11 183
251 58 19 216
109 3 33 259
104 77 41 278
95 108 3 245
40 115 25 159
157 56 2 286
201 109 19 214
111 117 35 233
193 61 22 152
180 58 43 57
147 63 13 47
75 38 37 165
265 18 19 83
68 28 37 4
178 28 49 391
281 13 25 51
266 82 13 172
85 65 23 412
51 33 5 220
245 5 19 405
213 24 25 55
111 29 15 153
31 82 1 19
200 67 10 446
133 108 33 84
198 35 31 291
9 50 19 11
249 91 7 351
79 92 25 290
47 33 34 415
256 118 1 275
287 24 49 404
110 98 10 396
263 58 1 305
26 41 23 225
110 104 58 224
65 76 25 233
150 15 25 347
14 112 1 192
27 96 1 432
139 107 26 190
84 10 26 199
259 84 22 106
258 74 49 87
75 6 43 278
300 67 3 261
242 108 10 383
131 5 4 235
198 38 1 404
83 111 34 436
50 43 49 2
188 88 34 395
35 32 5 33
122 53 7 185
98 86 13 179
67 55 37 208
190 22 31 399
167 80 1 409
159 40 19 43
253 58 49 97
220 76 25 114
16 80 31 118
128 87 4 270
211 60 7 235
8 110 22 191
116 109 44 306
186 63 19 417
73 117 7 366
191 61 31 181
72 110 40 213
57 67 21 377
280 67 40 446
83 93 1 246
233 65 5 412
29 114 19 231
262 114 39 170
156 44 1 18
90 78 27 279
31 7 7 233
154 10 43 301
16 60 29 299
183 34 40 356
234 38 44 165
153 18 13 276
10 57 49 117
167 27 39 67
173 94 8 96
182 33 47 73
238 17 1 228
275 34 1 250
105 53 4 185
275 75 22 369
253 67 22 446
38 32 4 331
172 51 47 76
64 77 13 43
45 93 35 72
135 59 3 237
18 9 13 203
273 114 19 325
35 35 35 365
121 50 13 55
196 98 10 175
279 68 17 157
61 103 27 98
211 26 37 350
58 52 11 419
51 24 25 317
86 43 10 2
166 44 1 227
57 114 25 108
143 90 15 268
34 20 35 178
276 41 22 203
85 33 1 244
77 63 19 37
210 15 7 279
165 96 9 170
248 33 43 4
213 30 19 242
247 15 7 424
151 87 31 301
6 95 41 194
198 67 10 184
115 48 44 159
254 42 17 261
244 56 19 133
132 80 43 340
271 85 19 276
96 107 26 377
267 117 5 400
27 14 19 252
149 5 34 165
258 8 27 370
59 10 1 425
46 93 17 268
77 61 10 421
137 40 52 377
296 32 3 145
2 87 3 168
205 85 1 407
216 14 23 370
156 63 7 238
278 46 1 153
86 101 19 35
246 50 31 55
195 96 14 432
224 113 25 343
93 109 9 448
121 3 28 362
57 22 5 423
151 118 13 375
109 2 43 358
105 100 25 254
205 32 29 142
299 20 28 120
276 84 13 218
277 80 7 52
163 100 2 254
91 88 49 393
142 110 19 233
286 97 53 397
242 98 29 126
125 75 28 268
209 55 28 156
40 13 13 324
85 19 31 198
267 18 37 215
111 105 19 143
68 116 19 288
144 42 9 215
230 29 13 50
162 13 55 193
105 90 10 354
214 69 37 195
19 73 13 242
203 44 31 333
136 30 27 342
177 51 2 318
3 82 19 71
113 53 43 239
184 105 16 366
284 108 31 383
75 42 13 322
155 108 43 76
126 77 11 411
210 89 19 176
202 26 25 196
39 76 25 249
168 73 43 276
284 32 19 152
240 20 4 338
206 38 43 399
104 57 25 173
56 66 13 428
128 111 1 271
59 110 19 115
138 109 33 124
125 10 1 44
104 119 7 426
138 93 1 291
48 10 19 23
271 38 27 335
116 116 27 68
125 60 19 200
47 69 10 345
165 12 50 289
130 45 31 429
179 108 31 4
102 59 28 238
71 45 49 279
65 102 40 181
272 77 27 194
37 34 16 250
288 2 19 358
297 85 25 291
280 22 29 145
118 110 25 212
28 10 43 32
186 74 43 346
10 6 25 278
37 22 19 110
145 29 55 233
148 115 43 44
183 28 26 282
274 50 43 386
54 34 14 423
244 117 25 81
184 87 13 307
28 51 5 145
170 38 31 215
103 113 25 412
215 34 31 423
104 74 33 31
98 46 25 309
87 92 5 271
206 25 7 209
9 61 28 40
152 55 7 156
63 24 25 204
216 99 37 303
284 92 1 388
250 67 28 291
113 8 25 138
83 13 13 418
94 68 29 275
13 86 17 208
221 50 19 273
245 81 47 358
75 13 25 193
149 39 37 233
177 28 37 391
66 26 32 196
255 64 31 325
69 84 13 299
125 43 37 22
297 66 13 149
77 119 13 308
190 63 1 85
112 5 4 39
208 37 28 234
2 55 32 187
69 85 25 419
59 104 28 447
277 45 26 398
37 33 7 401
92 59 16 433
184 117 19 245
163 30 43 396
265 112 25 353
122 20 41 152
150 41 35 380
32 107 14 199
299 33 7 415
287 42 25 72
176 58 1 213
173 88 1 84
185 97 29 153
169 92 22 107
185 74 33 384
6 83 2 290
17 81 19 330
12 19 3 291
46 4 43 113
117 91 4 216
225 17 5 134
46 107 13 3
247 86 11 72
150 69 15 284
10 23 34 272
112 97 34 276
205 71 43 49
148 19 37 209
187 81 29 117
232 12 7 62
105 29 34 36
205 70 22 82
33 89 33 176
34 80 9 147
41 91 2 10
224 65 35 267
106 76 3 249
113 58 7 230
229 90 49 80
183 90 3 437
173 77 25 194
81 82 13 212
36 112 27 192
76 115 13 233
68 17 17 134
233 25 37 202
47 28 25 85
35 85 26 93
89 78 43 328
30 118 1 101
175 86 32 226
90 22 19 45
178 81 23 358
141 107 37 185
197 35 13 369
116 42 25 198
71 108 25 245
225 89 55 123
237 120 10 287
152 66 2 226
192 99 43 303
58 63 1 279
190 112 8 106
215 36 16 22
157 29 7 241
78 59 32 444
226 94 33 352
11 50 25 157
72 119 25 390
29 45 37 385
50 68 17 393
44 39 11 310
161 26 45 50
159 103 13 410
108 25 3 393
42 110 19 182
155 33 7 206
119 53 49 185
48 21 34 439
160 68 10 89
216 117 13 25
172 41 33 320
164 24 39 399
7 35 16 427
32 94 7 260
239 61 7 393
170 8 55 336
146 29 37 197
214 63 1 23
186 110 16 115
115 22 15 85
198 96 13 227
298 82 37 280
185 23 19 272
80 38 13 35
221 58 1 57
297 73 7 262
157 28 25 391
263 22 5 114
232 63 50 383
274 82 17 212
239 113 38 259
226 117 1 405
48 118 14 80
1 51 37 318
62 95 1 203
5 19 49 213
268 119 19 308
240 43 31 2
281 120 19 127
206 34 25 6
215 86 1 179
148 101 7 441
116 101 13 360
281 63 31 339
150 98 11 126
249 119 13 252
61 93 41 246
281 26 2 381
138 37 19 120
132 85 25 112
35 90 1 269
278 32 11 434
165 48 19 39
13 107 40 276
82 113 1 186
164 17 37 287
23 94 31 270
261 48 19 91
244 75 22 276
72 44 31 166
6 66 13 312
114 117 19 81
210 22 4 160
87 50 13 46
9 28 56 185
230 7 37 449
289 33 32 415
112 44 25 356
112 39 7 310
43 59 1 382
246 45 13 61
247 60 4 40
210 116 22 288
251 86 15 57
41 98 25 396
274 94 33 14
171 95 5 375
293 58 10 229
273 117 29 50
46 38 1 224
84 64 15 363
173 21 49 439
82 84 37 325
220 58 13 216
188 63 31 417
148 119 1 216
97 77 28 3
156 72 31 252
149 110 31 218
178 115 19 44
145 105 28 379
55 60 13 213
269 34 20 222
118 95 4 104
230 90 25 205
176 90 17 80
211 66 31 420
108 98 23 366
38 91 7 10
218 98 4 308
194 80 7 416
292 22 25 216
267 92 11 107
131 32 26 331
257 29 13 42
84 27 19 119
78 13 43 418
42 67 33 122
218 114 37 70
158 89 29 176
92 9 29 203
177 48 31 296
198 59 34 145
202 101 31 354
110 28 37 315
158 44 1 300
67 39 4 171
119 5 40 409
84 29 31 42
90 117 14 34
132 3 7 122
95 42 25 42
50 27 40 421
73 15 31 424
166 101 45 4
212 36 7 157
61 26 20 411
67 56 1 112
15 11 19 239
208 56 34 219
207 46 11 165
244 59 27 258
284 84 29 386
269 97 13 193
123 109 27 129
217 119 19 153
53 90 7 147
209 116 31 170
261 50 1 25
179 85 28 202
222 87 9 270
276 86 25 181
271 39 7 364
44 55 26 443
147 19 7 80
263 29 31 50
273 96 26 433
292 35 16 405
129 108 19 66
157 94 13 416
201 5 32 89
40 119 22 426
121 56 55 286
210 86 29 123
39 56 1 219
240 110 1 194
15 95 9 307
40 38 31 335
18 23 40 272
96 24 7 370
293 85 28 276
39 22 4 396
134 44 1 218
242 19 37 393
60 14 11 246
10 67 4 288
182 75 37 401
16 13 14 51
42 11 4 239
46 58 40 210
236 8 55 102
275 103 26 410
98 84 11 218
208 75 4 94
285 83 7 440
275 82 33 19
74 20 13 85
263 112 38 221
268 116 16 270
124 109 16 306
124 82 20 280
165 61 7 285
292 26 7 381
133 84 1 380
298 54 13 60
20 41 20 340
116 48 20 50
286 93 4 427
223 55 9 227
48 36 17 386
221 77 10 84
68 86 11 117
189 111 22 436
161 58 4 157
224 22 10 216
145 20 11 177
291 105 22 394
34 4 16 291
108 113 37 167
27 34 13 29
171 71 23 324
8 92 11 398
153 15 1 114
256 14 11 106
70 59 34 251
257 80 25 231
284 13 37 51
135 103 40 410
44 107 52 282
104 48 45 296
5 59 25 183
246 115 49 207
18 51 25 228
271 120 31 428
194 98 40 66
88 80 21 147
135 107 20 225
192 112 10 353
280 45 13 75
21 61 43 50
261 46 5 92
185 22 11 85
211 48 13 76
103 8 37 336
274 33 9 419
46 32 19 354
143 7 31 294
128 75 19 421
140 77 5 409
236 34 10 29
29 93 47 279
80 48 49 442
120 82 29 71
22 97 17 112
6 4 34 393
4 116 26 288
216 93 49 103
283 118 34 210
243 77 47 170
130 34 25 71
17 91 14 10
164 64 20 236
216 35 21 427
179 35 15 244
138 63 22 47
83 4 19 30
204 72 21 252
140 61 19 383
58 45 13 87
7 108 4 78
275 58 19 107
30 112 7 332
4 83 37 290
48 33 1 430
166 60 5 399
97 28 15 325
158 30 19 395
202 28 43 108
108 55 13 156
275 95 10 13
288 38 13 335
226 24 8 204
284 114 3 197
132 58 4 161
105 16 55 174
242 9 4 100
149 45 8 244
25 30 49 76
140 4 31 40
223 7 1 449
24 34 43 356
68 69 26 393
206 88 34 407
159 87 31 168
273 42 13 288
120 47 55 373
17 118 21 210
255 22 7 30
150 75 40 444
94 92 40 388
115 30 26 366
234 96 17 409
27 37 21 379
24 101 31 212
45 109 7 214
96 118 4 101
234 100 39 124
202 114 7 197
16 86 43 110
267 52 49 419
88 48 25 91
13 1 43 1
241 65 27 267
226 41 37 307
209 52 19 419
11 44 19 38
55 77 11 328
265 8 37 175
271 50 43 273
115 18 34 125
152 109 21 124
237 60 3 398
24 28 1 282
128 119 31 426
257 58 31 230
63 83 15 345
193 31 2 281
73 101 49 50
112 108 31 411
253 32 25 434
175 34 1 201
264 76 13 114
107 25 27 401
261 85 13 93
187 82 35 216
262 97 8 221
156 41 16 276
7 5 7 355
134 39 19 302
138 55 14 155
219 11 49 216
297 25 20 353
259 25 16 106
164 10 56 128
113 105 39 366
111 73 25 293
179 36 13 22
42 94 25 96
181 64 4 241
224 115 19 348
239 37 4 234
199 113 2 167
164 50 7 11
294 70 51 402
55 35 5 76
99 87 1 299
145 63 8 339
250 59 19 251
166 32 29 302
74 77 31 87
53 88 31 97
300 4 28 113
188 39 8 154
251 9 38 183
277 11 17 97
147 98 25 197
262 92 25 401
248 103 9 410
65 50 44 325
20 98 23 411
249 44 9 38
150 38 31 404
183 75 10 274
193 112 43 235
90 73 37 235
106 46 25 4
12 56 38 133
195 114 43 70
36 108 1 78
255 15 9 401
244 38 37 428
142 55 25 155
246 31 37 281
199 13 15 193
247 77 1 69
97 60 23 184
260 59 19 436
270 38 25 32
39 116 31 284
41 33 35 421
281 75 7 421
40 74 49 90
209 69 3 198
231 41 7 227
174 75 3 348
215 66 25 240
197 66 38 226
211 105 25 184
171 18 9 318
85 75 39 369
273 92 5 32
233 98 1 126
222 27 4 119
267 37 40 145
204 88 1 170
168 49 25 140
228 114 37 159
204 103 45 410
282 58 49 307
81 99 4 303
216 103 15 410
281 64 13 241
143 58 37 161
288 17 1 5
236 101 19 218
300 114 43 395
86 86 7 276
58 73 31 406
261 110 37 213
172 109 16 390
48 110 4 445
104 18 38 207
289 4 14 367
78 30 37 77
158 10 31 425
214 64 4 363
98 43 20 2
25 35 28 296
21 34 46 250
289 120 11 225
136 38 49 335
30 66 19 428
44 32 35 307
42 54 40 60
179 83 1 341
149 81 14 330
144 98 17 175
19 109 31 195
298 10 43 185
99 110 7 445
195 117 1 34
159 59 4 251
51 119 15 426
86 5 4 21
214 7 13 73
299 27 1 64
278 116 13 429
118 102 37 269
191 32 8 311
43 73 7 219
5 36 1 99
225 24 13 129
113 20 1 283
131 37 7 63
298 74 3 384
270 31 45 59
264 74 20 384
92 120 11 23
4 118 4 3
271 78 1 406
295 34 3 29
196 75 4 276
71 27 31 61
4 31 51 172
36 82 23 111
234 90 5 407
165 86 26 423
36 26 37 45
175 42 22 72
211 68 1 443
250 54 43 60
43 20 41 177
5 69 31 370
8 71 39 49
178 68 29 89
196 108 7 78
166 102 9 181
42 43 1 22
237 68 1 105
117 100 25 39
266 119 25 82
21 113 21 56
289 36 5 170
39 63 22 279
200 18 20 128
224 45 1 61
271 17 5 376
80 91 5 8
277 58 55 245
22 73 39 280
170 90 13 351
241 109 31 49
23 116 7 430
154 66 49 428
142 14 29 43
283 101 25 229
84 41 7 382
17 66 7 420
112 24 9 157
272 14 25 395
49 114 19 70
163 20 11 370
207 36 1 130
85 69 10 198
213 87 33 139
73 52 17 205
126 17 17 123
185 27 13 32
282 83 1 39
108 96 11 170
265 97 17 117
129 30 9 342
6 107 37 58
242 38 31 299
88 61 19 207
54 38 25 404
258 100 1 304
221 39 15 15
218 56 21 302
67 60 31 184
184 31 1 238
135 61 7 152
9 2 7 195
136 65 3 267
81 94 15 163
10 82 10 122
130 97 29 193
236 83 49 205
247 18 13 318
297 18 28 83
92 118 43 101
43 98 5 187
121 10 7 128
212 81 41 430
74 19 27 430
200 7 1 183
257 93 7 246
77 117 29 34
126 117 15 25
278 92 46 48
40 45 7 385
101 24 25 399
120 92 11 48
190 14 34 287
109 91 25 10
3 7 13 294
254 105 14 110
24 4 22 375
96 84 17 278
298 8 39 7
54 42 33 92
270 3 19 393
254 92 41 90
257 83 34 39
174 108 26 78
65 9 13 106
142 48 43 122
85 109 7 87
172 20 20 338
18 38 27 215
122 75 32 279
226 51 17 318
186 48 32 48
204 79 55 33
187 10 7 199
218 28 43 42
117 85 22 408
133 61 13 325
70 44 19 333
287 115 31 207
58 108 25 202
26 119 1 308
176 69 28 76
13 28 27 42
153 35 22 3
133 86 19 423
267 115 13 159
91 80 55 377
273 73 15 286
17 78 49 265
252 63 39 23
146 46 35 45
158 100 43 124
226 100 13 326
292 19 43 218
177 105 4 103
180 33 41 97
286 66 44 148
32 22 17 399
33 16 43 174
22 38 9 399
51 97 21 81
120 3 4 436
100 38 8 299
106 104 22 224
1 18 31 125
163 87 25 63
209 59 13 238
289 81 23 215
201 115 45 400
248 20 13 283
44 97 17 96
49 104 31 447
166 18 25 125
179 81 4 450
279 36 28 130
186 31 25 75
127 44 43 38
228 88 4 446
152 22 19 175
247 38 20 165
91 50 37 11
226 114 19 4
286 18 33 16
180 105 3 19
171 9 7 100
34 37 19 63
217 20 4 359
35 43 52 22
205 50 55 273
299 2 31 8
218 32 31 440
185 38 38 16
236 32 5 142
256 48 19 48
4 22 16 121
187 40 37 377
139 31 19 450
135 64 49 389
62 18 13 150
266 8 15 78
213 78 49 398
80 92 29 233
228 15 49 73
61 104 34 224
137 59 33 94
61 32 13 385
35 66 43 226
184 95 21 316
259 24 25 273
30 114 26 70
280 81 5 285
195 39 3 364
89 39 38 302
23 30 43 232
73 60 23 278
243 56 13 370
280 118 1 202
300 29 32 430
144 78 1 440
10 63 7 293
171 97 29 221
235 39 5 310
243 61 17 207
157 77 21 240
234 15 1 187
234 55 13 436
55 82 9 280
83 103 53 98
124 75 10 276
86 64 15 236
260 7 13 234
246 110 43 191
211 78 9 406
167 61 13 113
62 101 43 212
136 32 1 307
44 105 19 211
76 61 11 325
74 95 25 400
154 91 22 351
139 110 38 357
143 18 25 7
3 23 49 263
105 22 13 45
114 120 43 80
197 15 43 350
60 117 31 112
290 98 7 409
234 75 32 307
212 51 1 3
11 15 13 424
83 107 10 190
5 34 13 403
4 26 7 274
266 18 7 125
209 13 7 51
61 56 31 109
261 115 25 413
195 63 28 352
31 19 43 213
108 23 46 272
2 97 50 357
192 115 1 36
174 67 19 184
266 4 34 32
163 98 37 411
224 14 5 253
291 37 43 234
186 55 22 33
268 59 49 94
64 12 46 289
248 107 38 46
117 109 43 129
58 16 49 86
238 107 31 295
1 73 19 163
171 92 13 90
194 119 19 78
199 81 11 14
118 36 52 357
189 80 25 340
243 117 11 25
101 113 55 299
201 118 10 101
25 15 19 347
14 88 7 245
89 56 31 191
60 5 37 89
59 57 55 173
146 20 20 9
186 114 37 39
210 11 41 224
132 108 19 34
95 69 43 324
54 84 29 253
220 120 11 52
150 51 1 261
108 51 1 150
89 108 4 34
24 26 13 381
232 75 4 260
97 119 10 193
194 5 22 444
61 31 1 75
98 54 52 60
84 94 50 106
284 63 22 293
85 88 20 84
214 38 9 404
206 66 13 253
194 24 49 269
253 4 31 113
125 41 34 340
129 67 31 446
291 93 5 268
37 48 21 157
12 109 7 306
182 4 34 298
261 22 29 206
260 96 23 419
66 46 29 72
291 27 19 3
247 116 38 118
18 116 1 68
54 61 7 399
133 116 10 352
77 5 43 355
80 88 9 205
250 26 1 196
218 87 10 168
90 90 25 147
140 80 8 118
281 100 37 97
127 101 25 92
58 60 5 122
212 46 5 75
241 64 38 363
13 73 49 406
183 25 7 367
282 68 34 107
207 83 26 116
78 97 5 36
107 96 17 419
190 91 11 326
176 113 13 246
124 17 5 294
164 86 5 208
241 86 17 170
102 84 38 423
53 18 34 324
89 29 27 36
76 113 25 126
265 55 1 208
96 68 15 152
287 69 1 133
274 86 11 423
151 35 4 426
250 83 4 387
123 110 1 106
269 42 5 322
172 68 11 407
223 83 31 224
12 118 21 167
229 41 23 280
180 67 26 446
32 105 10 143
45 13 1 51
207 110 44 445
52 100 49 124
131 34 10 6
259 56 4 302
151 7 37 403
68 89 7 123
232 35 11 296
95 2 9 346
140 35 47 427
249 108 31 216
185 28 7 85
192 72 46 171
64 44 25 166
19 115 7 68
125 55 25 187
172 116 7 284
137 87 14 134
119 54 46 152
29 46 4 196
298 110 7 400
268 90 3 294
236 89 47 176
187 14 23 307
292 46 31 276
28 4 1 131
287 7 19 73
28 46 19 377
87 4 19 215
135 85 16 42
35 61 37 419
93 64 31 324
205 2 9 322
178 104 37 224
118 50 7 297
146 81 17 299
131 30 37 108
230 59 50 157
28 44 37 18
9 103 16 98
121 63 39 85
153 76 7 291
19 10 1 83
298 96 1 321
140 82 35 278
272 98 37 312
126 35 13 365
298 44 19 229
103 102 46 269
110 108 7 84
107 20 13 359
286 105 28 184
112 101 19 172
94 30 31 232
7 95 1 316
295 88 25 407
221 11 8 277
142 5 7 21
262 45 3 385
102 57 55 117
93 113 25 259
151 105 1 223
101 26 34 381
77 112 31 192
57 15 31 261
251 11 13 277
148 85 4 124
300 27 19 108
195 75 20 260
41 9 28 106
63 1 31 1
137 8 26 79
262 110 31 115
136 28 55 282
202 3 13 37
60 28 1 315
126 64 40 269
27 38 25 165
206 76 19 249
151 15 25 87
145 99 40 120
290 87 27 139
238 36 3 130
233 82 17 111
6 46 19 208
7 29 31 36
25 32 4 69
190 75 13 71
75 10 19 301
212 22 3 121
160 57 49 173
81 27 7 145
188 104 52 224
209 117 17 385
52 52 45 205
168 111 40 271
49 32 5 398
241 94 21 291
280 8 21 138
63 29 55 241
192 48 15 288
20 35 10 365
187 37 15 379
197 14 11 295
238 81 17 14
110 73 13 262
131 7 50 294
208 10 43 23
3 59 7 133
156 65 46 412
129 11 2 333
82 86 28 208
269 82 39 111
295 14 1 225
48 38 25 35
183 7 19 315
195 9 16 203
94 109 7 129
75 73 31 242
224 12 46 62
20 76 49 233
282 69 13 164
188 30 38 232
78 78 7 405
103 31 7 281
274 120 7 295
207 75 3 309
43 54 37 152
83 19 3 307
11 104 49 224
231 109 4 129
145 68 31 202
149 31 43 238
259 31 7 59
3 98 31 409
198 60 5 200
277 100 31 356
203 86 11 308
269 15 1 73
162 90 3 4
70 86 4 50
12 61 35 113
124 5 27 21
38 17 16 181
217 28 13 315
178 10 13 23
2 48 19 159
201 83 15 300
241 63 1 444
52 55 25 161
198 108 7 66
180 39 10 87
153 58 19 448
64 63 10 311
10 92 17 388
235 36 17 145
167 93 5 72
41 34 19 201
124 13 1 193
83 40 40 377
279 97 4 182
263 76 25 422
193 35 11 279
154 83 1 396
16 109 37 145
74 18 10 7
203 50 19 46
53 24 1 391
161 100 37 227
7 42 25 299
146 41 3 203
147 90 17 333
167 41 26 76
259 4 13 30
289 76 7 114
156 32 35 69
196 89 41 176
42 7 7 321
21 85 25 444
114 11 9 231
109 100 38 254
215 87 43 139
244 85 3 408
241 76 13 39
81 24 1 204
32 84 38 105
246 99 46 303
157 32 17 311
63 119 44 202
67 9 7 203
256 76 7 422
37 76 1 370
169 24 19 317
217 45 37 95
181 36 22 130
241 58 8 161
156 34 28 29
96 48 49 301
47 91 7 16
76 55 37 162
265 74 32 13
172 81 25 80
269 19 7 371
97 32 13 69
121 53 33 239
26 118 13 202
158 107 39 418
69 87 8 179
243 7 43 196
1 99 34 120
204 119 34 390
130 85 13 124
121 46 31 288
16 69 1 164
95 82 13 280
79 23 52 272
159 71 46 324
139 22 7 175
47 95 37 400
202 39 37 310
248 30 19 232
140 78 13 125
264 27 26 50
128 120 25 23
125 32 31 102
2 73 43 293
31 35 3 405
227 110 13 191
200 101 31 35
135 31 25 14
15 63 43 311
284 73 13 143
97 56 2 15
76 107 2 295
39 83 15 341
114 107 16 377
192 38 21 284
98 85 28 227
23 105 25 19
71 59 16 258
224 59 32 183
181 28 31 108
18 119 31 390
157 9 41 203
285 61 25 265
289 22 34 197
147 81 35 428
162 36 1 386
140 2 25 322
122 101 37 172
137 45 37 244
113 61 16 189
174 69 32 427
219 115 32 211
14 58 19 161
288 19 43 262
283 55 13 320
21 88 14 225
55 29 40 197
163 44 33 202
43 62 46 263
122 86 20 123
85 26 27 346
173 102 19 181
30 41 23 320
76 95 20 20
219 33 16 220
107 113 37 92
39 90 37 87
66 81 5 206
158 83 7 376
72 120 1 127
125 86 17 233
245 22 1 30
232 74 25 13
36 117 10 63
81 119 43 66
88 27 7 67
155 118 1 375
242 102 19 269
239 82 13 111
154 82 7 280
141 55 43 162
263 56 8 39
249 68 25 185
240 24 21 204
280 87 25 134
212 90 34 409
94 23 37 272
131 90 1 80
242 7 13 352
128 31 49 112
155 37 20 234
50 116 43 354
249 20 1 372
166 119 16 308
203 87 7 18
73 19 9 110
37 102 55 181
219 100 7 254
232 109 19 324
38 13 49 149
205 82 20 224
32 83 19 19
241 77 11 153
207 3 7 362
249 82 28 97
107 60 15 239
207 25 37 367
220 19 21 198
266 80 37 231
236 11 16 334
246 48 7 50
82 13 32 193
51 6 33 397
53 4 10 393
151 75 49 348
77 85 7 124
7 110 19 400
96 36 13 226
295 17 19 213
248 46 17 309
235 34 31 222
50 38 7 35
103 95 34 20
231 50 31 273
44 60 22 202
300 68 25 261
93 98 7 187
180 20 21 29
71 20 14 104
191 15 37 73
109 46 20 72
62 26 34 419
220 84 5 367
62 112 22 439
22 27 31 119
185 4 16 375
8 88 7 24
276 82 43 299
18 94 43 92
230 88 19 279
299 80 13 139
237 97 20 227
49 15 25 326
189 3 4 362
162 75 45 409
277 41 1 389
205 61 13 152
296 28 39 325
294 42 37 322
194 117 43 55
148 30 13 396
292 20 1 9
87 55 1 320
244 5 13 430
106 14 10 358
52 27 1 262
75 48 1 76
270 88 10 245
227 8 31 79
79 105 9 41
31 11 35 231
78 14 20 254
168 44 2 38
254 35 25 365
72 75 37 296
82 77 23 285
13 82 5 212
254 73 37 262
43 41 23 117
204 32 41 385
218 97 1 96
215 32 13 102
222 73 37 304
130 30 1 342
187 86 4 179
89 35 7 174
12 20 1 359
264 42 1 92
92 45 49 39
294 96 4 366
158 14 13 401
48 84 23 386
267 56 1 50
92 25 19 430
36 8 55 291
252 31 13 414
201 68 5 117
204 87 13 18
101 39 15 170
162 53 34 185
184 60 25 235
201 96 13 388
238 10 20 425
81 60 21 307
29 108 7 395
290 9 10 100
87 118 7 167
9 29 44 241
29 56 27 133
182 105 13 169
233 115 25 387
101 110 7 194
189 19 7 304
142 98 34 304
167 18 15 213
110 7 25 8
39 13 39 193
240 61 45 189
234 69 10 76
62 5 19 89
168 88 13 154
117 10 13 399
228 34 31 403
226 103 43 410
51 101 1 35
52 76 13 249
40 86 1 251
260 110 34 218
230 33 23 73
90 51 4 228
115 25 7 378
256 88 44 24
122 74 49 153
102 19 43 198
261 2 44 446
128 101 37 3
248 17 7 228
74 47 4 74
243 107 1 411
290 8 1 266
194 4 26 389
95 30 20 381
218 110 7 239
29 100 13 160
121 99 25 120
98 26 16 196
286 8 15 7
28 54 34 60
213 92 11 235
4 110 1 191
279 81 1 21
255 78 13 440
141 3 25 97
144 80 33 149
116 37 2 24
99 96 19 258
186 39 1 310
151 97 19 111
60 107 20 199
56 22 11 114
11 90 4 372
255 112 49 225
193 34 38 6
38 36 21 110
300 117 1 245
219 110 38 194
19 14 37 34
194 92 4 107
45 14 16 17
95 23 28 263
27 115 45 300
283 75 10 260
55 78 31 265
199 101 38 212
106 66 49 148
87 22 41 160
259 107 34 288
275 116 37 409
208 3 1 259
124 93 33 87
245 27 7 428
262 51 22 112
197 47 4 373
130 27 38 61
157 64 32 161
1 114 13 4
287 109 56 306
170 35 41 112
130 33 5 244
119 11 37 189
23 45 20 385
25 77 7 95
252 77 25 409
77 9 35 398
282 22 4 344
223 35 13 426
119 14 33 418
163 112 22 359
279 51 7 373
295 70 15 82
258 29 22 233
9 90 5 91
274 95 5 174
76 59 33 433
56 3 37 421
60 97 7 193
145 10 19 442
236 114 31 159
192 118 39 76
3 110 1 182
162 115 7 211
160 65 33 267
86 37 25 234
182 26 1 120
258 98 7 170
5 116 16 429
68 30 49 170
51 16 55 86
266 116 49 444
35 29 10 36
129 26 22 274
33 25 16 169
146 26 27 45
160 78 38 265
120 117 22 55
164 38 43 428
228 55 7 208
117 63 1 417
285 85 37 408
168 41 7 389
181 96 11 432
65 96 7 433
102 99 40 303
245 97 5 195
238 26 45 194
226 36 41 171
112 99 55 120
75 45 50 75
34 82 26 172
273 109 31 306
46 109 21 409
58 74 43 348
147 101 43 41
60 75 16 232
24 80 37 261
127 75 31 304
276 28 37 291
113 117 35 63
231 56 13 444
198 14 29 80
175 29 4 429
276 56 3 109
135 22 1 344
34 96 7 337
153 114 43 170
122 5 43 391
177 59 13 433
136 106 47 397
70 75 25 94
54 10 1 128
38 31 43 450
26 8 19 266
138 98 25 268
297 27 1 67
164 119 34 308
52 5 4 110
175 15 43 245
175 4 14 215
163 90 13 77
148 87 25 18
255 90 5 354
161 46 29 16
54 103 17 410
163 5 19 21
123 25 8 169
299 85 37 110
70 7 7 294
65 37 1 234
243 73 20 406
154 19 55 398
271 69 38 352
227 92 19 440
297 2 49 122
300 74 13 91
261 29 40 429
122 9 1 285
155 53 37 239
294 32 14 331
53 98 41 106
185 5 52 430
127 11 5 333
147 108 28 411
111 88 45 407
190 92 26 440
299 9 17 398
224 32 7 394
109 58 8 305
35 41 3 380
108 101 25 41
221 9 31 439
174 102 22 181
187 20 19 16
56 112 31 235
98 74 1 90
147 17 1 294
159 80 25 16
160 108 27 395
40 66 3 80
84 110 43 227
101 111 28 436
279 26 38 196
293 56 4 360
222 105 26 143
11 98 23 18
40 19 43 430
295 35 17 76
117 37 19 80
71 75 39 274
219 43 46 2
143 76 43 114
211 112 28 235
278 98 29 409
225 3 25 170
20 46 14 261
263 115 13 387
24 48 8 301
265 5 10 284
85 101 55 32
41 61 41 202
3 22 17 423
111 84 13 105
118 75 43 115
283 19 45 393
265 87 22 354
173 26 33 346
288 101 25 441
171 5 32 177
69 69 22 40
86 96 13 170
242 35 7 365
293 100 31 114
243 58 40 367
130 100 50 356
202 18 28 255
207 69 31 421
69 59 40 98
43 27 28 67
235 68 11 275
54 14 5 225
172 95 31 104
178 30 43 381
129 84 7 105
125 21 49 40
44 108 45 268
293 116 1 270
12 88 25 118
245 82 3 352
161 14 26 253
15 17 5 332
80 75 37 268
136 37 13 24
252 34 1 110
287 32 5 102
11 69 33 164
2 47 55 74
163 108 49 145
59 58 45 315
174 73 37 8
79 108 13 383
77 7 25 294
285 75 10 94
272 63 7 37
184 93 35 87
98 115 43 414
152 32 26 302
257 64 55 153
169 112 43 359
229 88 25 227
290 7 19 294
150 50 7 25
91 60 5 299
99 28 21 42
258 9 35 225
65 11 10 22
282 30 19 281
97 105 38 379
189 118 33 80
34 23 39 263
134 59 21 382
101 62 52 263
236 108 26 66
63 68 1 390
63 44 38 38
24 67 16 446
173 37 22 24
181 83 19 352
176 59 10 237
217 17 27 405
70 11 43 333
90 48 50 120
82 111 49 271
179 64 7 363
248 69 4 164
15 41 7 225
216 10 43 199
123 102 44 181
205 64 16 32
154 14 4 111
289 7 19 362
141 75 13 260
259 44 37 191
24 8 51 370
87 32 51 102
121 13 2 438
75 14 15 111
10 111 37 271
41 17 32 332
220 117 31 63
230 38 7 165
58 38 37 404
151 14 16 144
250 64 10 4
93 95 29 13
80 42 19 42
73 20 15 283
85 50 3 386
260 100 55 430
146 4 22 269
46 11 29 218
270 45 38 330
141 112 7 353
296 81 7 330
153 66 25 57
249 15 19 261
62 33 10 268
117 98 29 18
252 108 19 118
91 18 16 83
14 8 15 351
13 108 13 145
12 48 13 48
142 33 10 220
122 105 4 379
196 118 26 210
273 120 40 345
134 67 7 288
72 68 3 430
180 118 32 375
13 47 58 74
88 7 44 403
129 4 38 441
240 84 7 380
84 118 10 3
290 118 16 202
219 22 29 175
139 46 46 288
114 13 49 337
12 3 49 436
175 109 40 129
173 87 38 134
52 32 7 331
299 107 49 3
264 95 10 257
143 63 55 339
109 17 27 228
138 17 17 294
216 97 11 80
199 63 21 339
218 108 16 118
119 45 13 301
291 110 8 213
138 74 8 91
70 108 45 145
229 3 45 362
64 105 1 379
239 116 28 24
100 18 19 318
175 56 19 15
44 110 31 445
171 25 2 401
65 67 49 411
299 92 35 290
49 96 1 337
229 67 28 444
206 39 40 215
34 105 50 184
112 36 15 226
279 63 31 293
165 38 38 299
228 63 1 311
252 46 17 448
27 64 31 347
56 69 1 142
286 11 1 231
199 20 29 290
290 93 25 427
8 75 25 225
134 9 5 183
201 48 1 442
274 18 25 318
34 17 1 376
197 92 17 87
134 34 28 403
78 68 17 275
72 105 16 103
142 61 17 285
215 68 7 181
246 27 19 130
258 101 13 441
261 24 16 269
26 63 16 417
229 37 55 97
226 89 49 176
230 46 4 71
233 24 31 145
63 39 11 15
159 56 34 133
101 93 13 291
287 9 23 188
1 119 7 33
111 86 37 398
8 77 17 328
231 59 38 237
118 66 33 253
88 58 4 411
123 88 4 279
250 88 7 3
255 38 19 404
170 84 17 138
100 103 31 410
146 24 13 204
121 108 44 98
183 110 46 115
250 8 13 79
152 41 53 117
230 3 31 98
26 107 25 284
22 33 20 220
37 97 33 111
59 41 11 320
271 92 9 290
115 26 1 346
162 92 16 3
97 27 7 135
119 118 7 218
268 39 29 62
213 44 13 128
232 41 32 344
15 27 22 89
166 58 22 97
5 114 7 325
51 15 7 97
123 34 13 6
83 78 43 271
16 98 8 308
237 17 34 104
128 13 13 438
48 73 43 304
23 3 13 97
28 37 25 445
22 87 1 301
167 81 23 178
169 14 8 144
54 93 47 215
228 116 25 411
123 98 39 411
139 37 1 445
288 25 31 169
272 37 13 235
41 11 5 97
76 5 43 398
76 84 22 197
253 74 7 31
238 77 7 139
53 25 26 378
159 63 16 383
282 86 17 72
47 14 40 144
145 25 1 378
197 55 25 156
15 5 28 177
269 90 11 77
66 37 37 354
127 118 20 101
127 29 16 36
143 73 19 390
286 95 13 316
89 44 9 8
293 108 45 383
8 87 19 313
174 55 7 162
271 97 25 53
253 88 19 205
110 34 43 201
278 45 19 131
280 82 7 352
254 28 7 32
231 5 43 439
294 15 32 350
159 66 39 148
219 36 13 130
191 22 13 206
32 96 22 365
109 9 17 226
184 44 37 333
207 101 19 366
63 94 3 178
70 119 49 82
106 49 31 140
46 20 11 359
133 117 7 55
296 63 25 106
281 81 21 285
266 39 4 87
8 51 43 436
19 69 49 332
171 74 19 255
48 51 7 215
35 18 7 268
143 32 29 440
211 80 51 118
153 21 52 40
237 92 17 174
73 112 38 12
188 87 3 48
1 32 29 294
138 21 4 439
184 39 5 130
8 8 45 291
181 105 40 390
106 7 13 449
272 42 16 122
293 77 23 194
104 55 4 156
77 8 2 336
223 82 37 263
176 66 56 428
168 71 37 49
237 74 25 128
9 98 11 66
288 10 7 83
120 67 1 446
238 45 9 131
121 17 11 428
41 15 8 347
57 110 15 227
263 93 43 103
16 41 19 382
141 36 33 414
224 13 37 112
76 27 40 354
14 108 4 84
259 67 1 16
178 15 55 114
267 59 43 444
259 105 44 370
188 42 11 252
32 78 1 265
23 35 34 284
110 109 32 129
170 86 43 74
178 108 7 4
17 84 11 286
229 19 37 153
142 11 23 218
3 24 10 391
84 9 13 229
6 56 7 302
70 35 11 173
133 66 25 420
109 50 13 297
169 28 31 85
136 117 5 112
144 2 13 171
173 83 46 112
136 67 7 446
103 48 3 296
74 15 20 350
180 83 37 376
117 53 52 239
165 34 28 6
239 63 9 47
299 37 25 24
90 5 1 165
251 77 2 139
189 17 17 5
23 46 10 288
132 37 34 235
135 111 10 436
5 3 21 259
149 34 16 50
263 109 51 123
196 70 33 82
144 58 38 395
219 34 25 421
250 46 31 21
106 35 27 427
122 8 14 266
43 7 19 135
45 25 13 122
264 17 5 428
278 78 38 125
87 34 26 222
210 48 13 108
90 118 8 275
49 37 46 419
254 50 19 297
240 77 19 240
81 56 40 109
74 4 43 43
290 70 39 82
120 80 33 422
88 51 29 318
249 77 4 16
276 14 20 112
182 118 4 202
218 69 13 332
279 35 55 284
1 116 1 276
37 45 43 330
59 116 33 401
20 105 16 380
49 34 34 29
31 27 31 135
35 84 14 380
235 41 13 398
208 60 11 16
102 107 31 153
229 31 8 112
110 92 2 87
260 73 1 242
293 110 25 428
15 59 1 258
177 19 19 371
245 4 43 441
12 112 31 353
82 112 10 264
45 92 10 440
31 95 11 400
47 78 13 328
272 75 31 274
259 36 19 284
95 77 37 69
29 19 43 106
146 98 41 187
270 61 4 421
276 87 45 134
269 27 16 119
285 4 16 30
271 28 55 391
297 91 11 78
86 63 49 47
52 31 31 172
38 93 31 268
291 11 17 245
274 45 19 75
277 34 19 250
156 35 26 145
69 105 37 184
237 73 49 163
192 5 32 405
61 59 46 225
108 60 7 436
149 96 1 433
7 86 10 57
135 68 33 105
33 7 1 8
66 100 13 254
268 67 13 279
232 25 34 366
34 88 3 154
104 56 1 302
186 17 11 5
13 58 31 110
252 74 43 128
8 59 14 382
194 75 31 366
245 13 31 438
17 26 43 45
25 86 26 354
110 9 4 188
269 74 31 348
21 51 35 291
294 36 1 284
197 25 21 169
296 87 9 313
298 103 23 410
89 14 23 144
273 29 37 218
71 97 7 36
67 110 14 445
276 100 7 356
246 39 5 215
117 56 32 227
29 91 1 354
183 27 13 64
200 63 25 339
283 56 7 109
91 20 1 399
182 91 32 197
294 84 22 423
55 85 2 211
138 95 27 80
291 38 37 32
3 96 5 388
106 58 19 230
257 32 23 311
67 73 49 219
13 78 1 395
216 83 1 32
253 97 11 430
108 93 17 246
189 61 41 393
235 87 7 444
263 46 22 139
78 49 49 140
272 15 1 424
10 68 19 407
4 84 49 211
106 36 7 411
52 94 20 92
286 75 9 232
148 69 32 77
279 15 13 187
195 120 8 89
134 20 26 29
20 48 39 48
244 67 49 446
126 57 19 173
158 33 27 160
252 26 22 196
65 19 31 378
5 15 3 326
29 85 32 245
80 55 1 426
170 45 3 330
99 5 31 39
240 114 13 231
216 75 7 94
27 112 16 353
61 61 7 113
119 3 26 37
150 99 22 303
176 81 5 430
248 56 26 109
292 32 28 69
257 41 16 350
46 94 37 151
61 22 29 30
116 119 39 233
161 91 16 8
57 39 11 50
250 118 37 275
255 10 37 83
297 37 32 234
266 107 31 46
4 66 32 148
139 3 34 135
94 34 16 356
128 90 11 372
235 58 25 383
196 32 13 311
196 33 1 97
225 69 10 427
195 83 25 142
195 2 31 322
5 96 19 170
176 5 25 355
167 70 29 402
300 82 11 71
56 58 22 430
285 64 27 241
23 58 52 315
239 19 43 378
168 118 19 275
69 82 15 299
267 44 7 182
49 68 3 105
66 15 1 347
45 59 31 382
231 96 2 428
201 4 7 298
158 98 5 18
15 66 37 240
253 83 44 279
36 105 13 394
178 58 10 367
186 75 13 232
71 107 43 421
212 101 20 41
51 14 13 161
212 97 11 390
50 78 13 245
53 110 38 182
Điểm tối ưu: 3353
Thời gian: 34.2254 giây
Trạng thái: PARTIAL
