5996
351 6 21 622
333 62 13 674
190 6 31 307
174 62 32 285
129 154 7 334
27 194 31 325
435 79 31 269
296 79 45 269
151 79 26 161
491 179 32 520
370 179 13 82
250 40 13 602
244 40 13 722
161 114 38 369
151 104 37 270
62 114 55 148
49 181 37 437
25 114 31 148
17 40 37 183
13 104 31 364
155 189 13 687
446 58 25 151
403 70 13 589
394 58 21 275
297 58 7 467
245 58 49 281
212 70 37 615
113 58 19 567
92 196 2 566
13 58 19 505
458 197 7 322
434 191 20 147
390 152 14 252
369 44 32 5
357 191 20 498
270 44 15 202
104 191 49 119
97 44 43 577
192 193 39 485
81 151 1 620
298 112 7 91
162 163 1 612
158 112 15 361
51 200 43 485
267 25 43 165
396 182 25 6
395 171 13 34
390 111 7 716
203 111 19 489
194 111 19 689
192 118 31 612
178 118 15 526
127 182 7 512
105 118 2 533
45 111 31 595
15 171 33 129
408 175 2 539
357 129 37 565
155 175 21 255
138 50 7 712
130 129 19 450
124 50 26 124
119 50 1 87
5 175 7 331
338 32 32 666
326 90 14 561
109 123 13 163
464 139 9 157
404 139 49 237
335 139 43 95
229 137 45 530
17 30 15 373
435 19 1 623
424 19 49 223
133 19 32 511
398 23 16 50
428 8 22 71
368 4 27 86
142 8 9 622
376 122 19 96
164 76 31 416
61 122 10 96
21 122 13 637
485 20 52 13
393 20 45 686
389 74 46 573
258 192 43 353
73 20 20 621
382 75 38 36
239 75 33 21
190 127 37 570
148 75 25 134
102 59 19 298
64 148 10 320
44 75 3 134
37 148 16 737
443 161 19 501
118 161 8 377
149 55 10 92
201 158 10 629
189 47 7 282
137 108 25 376
123 158 1 181
112 158 16 548
73 180 16 216
490 87 13 175
458 115 49 603
380 126 19 229
351 115 16 337
335 94 39 575
274 132 27 639
246 115 7 260
229 126 14 122
198 115 45 656
124 153 33 287
73 132 25 150
47 48 19 523
39 115 38 603
373 54 31 663
315 12 10 724
305 113 15 570
269 113 20 384
132 80 1 179
122 38 4 365
69 80 37 220
24 80 10 721
6 12 27 235
484 190 20 474
472 110 22 153
35 190 22 736
254 29 7 370
182 121 2 558
172 29 37 98
16 43 8 455
398 107 31 386
347 107 37 91
304 72 25 41
223 174 43 209
36 72 16 144
22 165 50 213
10 174 39 620
498 49 26 317
455 49 15 120
197 10 25 217
196 49 3 120
181 49 31 508
124 99 1 514
91 49 37 532
23 7 38 289
396 17 7 479
379 120 16 423
300 15 27 351
293 41 15 439
285 46 15 731
263 89 7 528
229 89 3 26
226 17 26 417
149 69 37 484
142 41 31 439
137 46 28 304
116 46 25 585
66 46 7 360
63 46 37 514
52 17 7 227
21 15 1 366
452 61 2 189
374 146 13 517
362 34 3 211
348 34 7 211
275 146 39 127
80 146 4 624
445 33 25 21
402 170 28 480
221 170 15 69
100 33 50 740
420 63 52 248
407 125 3 742
274 125 3 136
257 125 20 212
175 97 1 168
121 27 40 388
115 27 7 604
254 11 25 39
141 11 9 101
310 185 3 568
413 149 5 353
386 53 37 184
381 39 33 254
209 173 7 546
436 3 19 348
193 3 56 179
378 103 8 96
253 103 11 9
322 42 19 711
139 195 10 278
75 42 3 432
404 145 7 368
397 18 35 182
251 145 17 132
200 183 7 647
52 18 1 622
6 183 44 677
467 167 10 700
452 167 31 700
451 67 33 163
281 68 7 742
176 68 10 69
171 144 41 252
156 128 17 318
72 67 2 651
16 67 20 189
393 66 22 9
376 95 37 614
323 155 31 27
250 155 39 695
495 162 29 486
45 162 4 212
431 78 25 37
409 9 28 371
293 2 13 362
246 78 13 667
244 84 35 56
106 140 5 436
443 83 11 522
389 131 4 48
360 131 27 106
354 131 31 254
278 64 35 590
265 100 17 41
260 131 23 602
237 131 14 749
168 21 5 623
135 172 25 701
121 100 8 666
119 21 40 535
110 64 35 304
94 64 34 258
78 100 44 502
2 172 13 523
462 160 4 375
409 169 52 360
343 160 23 520
183 86 7 308
152 160 40 375
65 178 4 352
419 141 20 725
404 141 11 476
394 102 29 226
392 101 4 586
367 77 5 605
338 101 13 586
308 77 55 53
208 141 55 476
81 141 7 31
60 45 19 23
374 16 8 237
315 177 5 474
232 16 5 310
224 16 2 310
192 177 28 233
123 184 11 469
93 16 4 750
435 71 19 239
345 92 17 662
345 22 5 242
211 92 13 647
17 91 10 380
453 138 46 601
406 138 5 30
285 138 11 267
161 135 17 638
7 187 37 287
163 199 3 5
468 166 5 100
92 73 17 559
377 85 33 489
165 164 2 429
160 36 8 350
82 71 28 376
180 2 19 51
341 94 1 686
364 71 11 562
190 164 13 442
95 93 19 334
411 184 7 637
55 165 1 454
344 117 8 701
127 76 14 659
45 144 7 482
127 6 25 236
142 34 13 2
429 68 1 49
142 167 19 493
425 3 11 489
379 179 1 695
442 92 13 430
235 103 15 543
390 176 43 342
460 60 19 249
477 101 14 685
455 146 32 29
203 67 16 189
381 177 19 343
498 35 21 192
14 5 31 258
452 27 10 604
28 167 7 275
155 158 57 4
409 128 23 8
401 41 31 376
9 38 1 167
192 33 13 496
376 166 1 426
292 133 5 679
89 36 7 434
378 160 11 744
393 126 31 166
46 117 5 108
275 78 15 141
447 200 31 104
33 59 13 26
59 10 28 68
477 73 11 198
426 71 5 621
263 73 23 347
189 162 10 241
197 139 38 95
373 191 1 729
252 8 3 333
47 95 1 614
235 95 5 739
385 157 25 325
150 90 39 561
302 10 3 224
242 150 46 680
70 9 7 358
37 146 2 70
199 69 28 455
496 87 43 635
150 117 23 372
255 33 19 55
456 165 43 403
113 56 1 50
78 167 10 161
473 132 1 180
154 70 31 241
228 178 1 740
169 136 20 75
94 149 27 155
159 188 3 198
131 171 55 589
275 100 2 666
32 83 9 402
162 89 19 256
333 94 20 164
405 46 7 610
383 65 19 654
181 27 3 260
405 21 14 624
2 194 21 431
142 147 27 307
419 84 2 598
392 124 17 89
211 144 1 199
456 70 25 232
426 152 49 545
85 113 10 44
193 142 16 238
324 75 13 488
382 61 3 561
295 126 1 185
361 145 4 180
311 13 26 665
480 149 47 353
164 114 26 369
64 61 19 205
31 18 13 278
443 26 43 689
492 114 2 148
431 77 2 93
296 38 34 515
187 15 40 221
376 52 13 250
67 5 4 730
93 67 11 430
81 89 10 416
258 36 34 674
227 76 37 622
91 72 15 471
235 100 25 554
499 178 1 715
343 77 31 665
404 166 19 379
57 137 7 30
474 41 13 191
214 70 1 231
245 49 10 398
38 36 13 375
418 43 19 475
429 16 3 591
125 108 40 446
56 189 25 100
104 197 25 285
80 175 25 220
350 5 1 475
218 120 44 143
297 180 34 253
210 25 43 371
78 41 16 339
362 66 9 381
312 83 13 402
18 92 13 361
271 22 35 716
66 33 40 18
48 31 1 112
266 25 31 490
218 103 17 624
35 22 17 25
1 62 49 478
1 80 15 227
439 87 46 91
260 34 19 603
337 68 5 214
222 2 19 127
210 164 15 179
361 40 21 619
200 96 44 582
101 127 19 193
227 44 15 472
213 114 37 194
40 89 45 344
134 133 26 314
208 93 21 199
320 61 13 669
365 79 55 140
15 131 22 612
136 27 1 334
374 66 25 273
316 115 1 487
302 52 26 557
184 175 19 116
188 84 34 139
260 62 25 470
427 78 5 378
284 130 13 434
65 155 1 101
324 13 7 519
306 168 8 300
429 168 11 47
242 51 9 248
464 87 37 446
257 109 1 743
237 85 50 62
263 8 2 373
132 39 7 488
90 40 26 222
349 146 28 29
43 182 7 725
58 22 15 667
490 128 22 311
345 126 46 45
233 124 19 82
152 72 1 418
7 134 15 300
281 53 35 582
312 5 25 737
282 136 13 254
278 61 19 600
263 168 13 552
227 43 28 520
242 132 52 7
385 14 3 90
131 110 43 734
308 153 14 682
72 52 13 457
13 83 11 575
114 167 17 278
467 61 20 8
331 87 1 722
179 16 29 276
355 78 17 82
486 115 37 433
226 170 49 380
228 26 7 650
149 85 13 62
337 130 31 170
68 119 7 351
205 46 20 254
462 163 21 53
91 146 31 727
266 30 25 607
68 145 13 704
16 51 13 412
415 116 19 185
38 94 1 573
89 60 9 654
177 34 13 225
1 100 41 708
348 79 43 5
30 141 10 553
155 18 5 182
355 199 5 354
369 189 14 714
169 57 25 561
353 167 56 145
381 84 8 325
355 47 49 276
319 158 33 460
463 69 25 144
208 191 25 10
349 57 26 611
448 35 50 697
230 75 25 324
343 54 20 482
498 188 1 708
298 148 19 739
367 71 25 562
144 63 37 64
311 123 38 750
218 29 7 389
28 14 27 596
377 168 31 174
122 135 28 377
39 176 1 368
478 5 7 89
196 109 7 527
389 86 7 215
111 27 7 238
185 105 7 54
199 165 19 42
115 55 4 103
102 171 44 350
209 121 40 8
293 171 31 452
259 122 33 454
446 62 7 478
416 167 34 278
162 55 14 223
143 138 3 655
245 128 19 46
194 119 17 353
335 37 2 275
278 196 7 722
439 186 20 732
339 72 8 106
10 106 22 273
38 183 15 708
82 137 13 287
281 46 9 7
125 20 16 274
47 97 22 27
314 130 13 633
309 58 13 467
476 196 25 547
74 90 25 619
36 154 31 320
497 196 1 498
359 67 38 749
379 79 32 313
195 76 31 642
419 78 53 131
241 149 25 237
30 173 16 222
422 133 5 49
204 200 49 202
49 2 5 729
8 121 7 199
187 197 7 59
384 172 16 7
18 196 49 20
150 59 7 737
77 52 1 250
253 144 29 553
245 137 37 632
272 117 13 644
9 85 5 145
162 145 32 402
491 59 1 267
246 146 40 735
23 112 1 637
322 129 43 587
108 77 8 317
60 92 21 598
200 193 19 713
8 115 10 260
435 182 13 42
203 21 28 430
412 170 55 207
305 160 39 58
324 110 33 368
434 84 37 279
235 98 22 615
370 173 19 398
185 188 19 496
313 183 37 671
25 9 40 580
361 107 44 15
134 182 43 518
310 130 19 733
78 82 13 481
148 166 17 64
114 175 55 601
175 59 19 451
479 172 7 599
397 86 17 386
96 117 7 730
351 112 43 272
15 133 19 420
371 13 11 16
219 19 21 723
346 170 40 207
417 62 49 503
143 70 49 241
319 54 9 663
412 159 1 494
218 32 32 537
443 157 31 369
36 148 13 41
127 197 37 542
224 12 4 645
403 182 7 493
102 41 56 339
394 21 9 624
151 146 1 128
269 128 32 207
271 6 8 307
446 68 35 418
169 27 7 388
9 72 19 568
281 14 40 678
328 57 41 439
254 18 5 80
445 54 39 725
436 5 45 727
189 193 26 168
261 106 37 551
34 124 19 170
442 97 50 127
31 110 4 331
341 54 4 337
197 22 13 425
444 125 46 508
390 30 37 582
312 4 31 86
386 118 55 533
379 122 9 502
31 157 8 559
44 39 19 650
473 195 31 525
126 189 43 358
493 154 31 382
202 107 7 341
386 80 50 583
280 99 19 128
247 98 32 692
438 89 27 20
332 78 5 111
210 173 13 610
396 78 29 618
253 22 19 206
298 127 37 617
29 189 19 714
265 129 39 345
173 18 25 622
237 159 20 299
283 39 5 110
50 165 22 403
385 111 55 714
110 30 9 637
493 80 37 362
151 196 32 498
169 99 15 142
41 86 5 215
205 45 15 237
251 92 15 256
325 8 10 533
315 113 43 747
376 194 3 19
446 4 43 230
483 9 25 371
178 23 40 464
160 154 13 635
251 77 13 317
320 146 31 8
166 71 4 497
225 17 31 121
35 53 1 528
353 138 35 681
424 162 3 17
68 168 37 174
357 49 3 532
232 126 13 185
74 194 19 95
167 72 28 123
184 92 13 100
129 149 19 77
111 179 1 82
285 110 22 195
205 122 28 540
53 60 37 361
115 12 49 271
100 191 31 52
400 51 1 342
112 147 7 508
178 6 43 622
170 196 37 201
493 197 9 447
333 197 32 655
428 30 37 419
121 188 49 627
340 51 50 406
116 73 7 248
123 89 38 26
479 105 4 318
95 108 25 648
434 136 25 709
65 27 32 698
453 5 37 567
48 6 14 622
387 125 14 394
116 11 19 647
149 170 31 589
66 59 32 16
390 166 23 313
241 183 4 243
448 139 55 316
341 3 19 473
191 118 44 299
436 68 43 742
411 113 37 291
350 72 10 11
52 104 13 292
427 24 19 125
413 86 23 181
30 192 37 210
49 188 25 338
121 122 28 439
372 53 35 7
316 77 25 321
163 6 37 390
108 32 26 537
21 22 37 130
130 4 49 589
310 36 28 356
417 145 13 343
1 114 2 285
88 86 1 63
255 76 2 570
212 94 2 584
90 138 1 601
466 142 44 600
214 64 35 653
285 58 1 467
438 125 15 654
159 170 52 183
75 61 43 205
108 164 16 605
459 47 1 57
466 162 5 304
107 13 50 153
471 48 19 596
467 84 1 301
210 52 7 598
73 49 13 384
269 77 11 318
387 120 3 710
294 57 13 705
170 115 7 462
277 68 25 418
331 177 25 536
229 143 1 68
486 38 9 544
489 199 7 286
352 49 22 55
177 173 11 466
243 183 4 636
277 65 38 303
432 85 22 175
243 131 17 292
255 164 17 505
15 23 13 408
405 51 16 632
53 126 19 394
242 119 43 351
269 32 1 390
493 111 20 331
57 140 11 60
459 4 16 621
86 76 21 416
248 40 25 722
421 153 34 38
53 142 23 318
94 160 41 348
93 29 19 653
260 48 3 196
436 180 25 46
191 149 14 367
479 122 25 439
230 158 44 548
115 141 15 448
201 7 25 512
335 121 21 314
299 172 8 485
207 49 7 48
352 95 7 614
215 134 45 285
454 156 19 724
157 106 16 417
450 97 10 127
124 189 19 123
353 131 23 665
420 90 1 517
467 113 7 523
465 84 29 532
432 146 16 156
252 159 21 85
295 184 4 229
252 156 13 369
219 136 55 215
69 3 23 381
340 25 7 557
108 40 49 722
41 17 33 648
138 70 25 110
247 93 1 575
198 158 55 325
464 39 43 423
298 34 28 738
371 106 16 541
374 74 28 483
314 108 37 518
279 171 7 577
125 172 23 394
23 54 27 744
34 127 38 41
61 44 27 720
116 91 5 43
308 145 7 180
174 151 43 169
181 40 7 506
150 22 1 689
36 106 22 586
490 53 10 528
36 47 50 150
100 137 1 473
311 78 19 37
320 90 19 326
369 174 28 476
324 14 10 648
479 94 1 125
448 126 31 45
317 117 1 229
325 180 7 46
24 4 34 589
346 26 2 669
276 16 34 600
291 188 19 32
39 187 11 608
212 25 25 414
434 13 7 509
138 57 29 581
60 56 43 330
105 169 35 172
126 154 49 17
480 154 56 103
406 101 34 108
115 28 43 376
346 131 26 292
45 173 11 546
294 124 20 190
296 70 19 261
149 144 15 298
458 47 31 709
426 28 43 305
236 115 51 52
433 35 1 234
69 164 5 687
346 73 9 225
291 32 25 45
204 51 22 387
299 43 19 662
210 109 31 656
190 25 7 165
418 117 11 344
264 149 37 367
308 58 31 505
70 20 39 556
367 168 10 117
351 83 5 195
489 189 1 123
424 169 26 172
213 75 19 406
250 81 1 279
2 188 26 649
494 39 5 423
213 27 31 522
311 70 7 463
333 146 37 181
221 169 31 77
325 46 25 152
135 142 35 428
361 177 16 138
25 147 13 307
74 86 13 386
186 85 23 695
2 137 3 400
429 93 37 294
96 102 25 598
32 57 5 307
289 92 5 446
120 78 5 452
482 94 1 113
461 156 50 626
48 120 26 711
29 83 34 330
422 110 25 553
348 146 19 617
265 128 35 624
375 31 19 105
415 25 25 19
171 183 7 620
125 137 1 30
447 167 7 337
110 21 33 187
227 41 20 418
271 160 41 507
54 141 29 19
208 104 37 292
485 169 13 136
81 76 40 659
389 58 19 476
160 54 26 112
216 136 14 403
110 160 29 375
421 3 23 183
482 130 15 430
416 67 23 508
270 97 22 553
470 17 13 605
326 67 4 651
456 6 7 390
402 152 37 244
401 63 4 443
452 20 19 316
124 143 4 173
249 112 15 401
237 160 8 191
226 160 9 535
476 83 13 344
205 195 17 134
481 10 19 41
99 123 1 164
79 41 20 706
344 134 31 445
377 59 37 451
307 154 7 265
436 50 13 304
421 52 43 258
410 134 25 617
356 36 5 407
253 138 5 545
222 93 22 502
165 63 28 383
472 130 13 126
471 62 13 389
454 122 25 225
100 72 37 383
168 117 1 13
330 161 7 652
141 152 19 633
306 144 2 482
175 170 26 404
340 7 31 42
218 63 10 270
459 157 37 680
19 14 16 666
212 38 10 133
135 197 49 152
188 73 17 683
400 21 11 269
471 174 55 376
64 16 23 269
433 10 56 68
287 19 37 373
382 113 7 747
113 102 11 576
497 19 56 623
414 120 1 277
222 57 17 630
125 119 9 608
77 115 34 207
89 75 46 716
151 189 43 191
475 60 31 249
475 21 28 731
28 150 32 609
11 189 37 687
392 60 55 354
203 194 7 668
85 7 28 512
397 181 2 328
476 17 56 272
31 180 22 329
332 121 2 8
395 43 19 612
313 28 43 497
459 52 31 657
110 174 40 186
53 17 3 683
475 84 10 301
385 69 31 208
91 32 7 352
72 132 46 585
418 186 50 513
489 174 15 558
83 61 25 242
246 44 19 202
389 102 41 226
264 137 31 154
186 153 51 671
105 50 39 438
249 71 50 497
349 99 7 328
73 130 37 410
200 23 13 61
401 108 13 320
336 61 43 161
191 9 7 362
30 36 1 350
99 84 28 56
81 184 14 736
234 92 4 338
393 190 8 703
41 110 19 468
354 167 40 451
420 11 21 197
185 35 1 192
396 149 31 574
260 80 31 406
207 3 45 627
87 154 20 320
351 65 55 88
340 102 4 341
2 55 32 566
118 150 45 444
457 21 37 340
269 21 16 409
436 130 1 65
198 130 7 19
414 7 4 480
420 137 55 604
164 37 38 728
148 50 13 102
167 20 7 431
408 189 37 636
463 182 9 518
18 200 7 189
32 126 19 407
461 182 14 748
149 29 4 516
108 16 13 737
258 90 7 561
14 65 25 654
498 112 7 491
117 148 49 76
111 175 49 325
10 18 29 622
292 104 1 523
173 27 1 499
109 177 4 466
186 84 5 521
459 152 55 79
130 118 13 112
240 27 21 499
134 80 32 457
317 77 9 21
370 197 25 616
69 197 32 101
319 118 1 469
411 31 25 136
392 29 45 370
407 139 43 146
124 82 16 520
91 177 20 408
210 157 38 318
279 129 25 578
265 187 23 654
87 112 25 716
376 98 22 480
242 57 35 561
217 28 19 120
215 154 31 395
160 31 38 103
92 5 9 475
129 196 21 243
156 99 44 328
273 146 43 29
411 180 1 46
121 76 43 601
383 14 11 678
84 178 39 134
485 135 1 444
179 48 1 64
157 147 33 740
208 12 32 47
79 132 46 150
403 43 52 48
162 170 34 745
214 191 39 52
90 3 40 585
431 49 21 248
199 177 7 474
62 74 34 156
60 187 25 298
212 10 45 708
302 108 13 446
177 92 29 446
355 156 31 362
439 159 1 442
15 196 37 498
318 84 5 271
328 94 34 707
188 47 44 682
250 165 7 216
295 39 19 483
439 117 4 321
120 107 7 297
277 154 43 428
352 102 1 341
370 25 31 687
106 68 7 121
453 85 23 683
70 62 25 587
172 119 4 342
268 199 11 392
157 105 29 568
75 158 10 369
497 157 50 729
138 154 56 265
272 36 41 461
303 122 27 96
43 12 31 615
465 174 14 81
441 24 25 73
398 52 7 397
158 125 25 166
8 103 21 396
192 138 9 522
455 170 19 658
463 92 21 503
116 107 43 315
384 61 26 277
185 184 5 410
471 87 51 452
116 172 11 97
246 79 32 140
76 136 55 690
294 39 49 423
157 163 38 652
16 189 31 636
262 127 31 617
487 12 16 17
7 158 19 718
303 97 16 98
476 44 49 323
88 62 8 45
438 124 11 190
43 142 16 10
33 44 7 50
206 172 32 599
388 158 25 460
296 74 27 156
393 167 43 338
106 44 25 240
441 16 11 91
456 66 19 304
290 156 7 626
81 189 25 234
208 135 43 215
249 39 13 152
4 134 25 291
142 92 35 273
259 9 3 380
7 192 1 391
438 104 43 417
368 88 15 500
202 138 10 29
7 193 49 701
42 199 7 197
454 5 37 656
75 164 28 509
419 4 13 712
7 70 7 615
198 10 49 137
467 60 32 654
317 159 20 119
133 99 13 328
312 46 3 254
298 143 11 737
302 138 1 522
448 34 34 211
136 73 25 251
405 125 37 394
145 19 19 590
205 89 43 167
214 138 5 667
209 12 2 660
211 104 37 101
180 30 38 281
284 86 23 63
26 199 13 651
330 112 19 317
150 120 10 253
386 185 4 146
247 129 25 204
35 144 11 144
16 68 51 280
381 108 43 648
220 90 32 517
63 92 10 207
459 99 19 262
25 137 49 604
97 178 2 100
163 70 7 589
83 102 49 341
157 46 7 554
212 154 49 592
358 76 25 540
229 158 38 629
125 180 25 531
152 54 16 157
109 74 7 573
140 28 45 402
59 9 5 362
437 105 49 495
482 50 31 491
76 47 7 33
445 24 28 679
257 156 43 652
363 26 43 739
341 97 28 294
119 142 5 395
136 85 16 695
240 75 46 16
197 36 11 152
286 45 44 733
132 190 40 309
44 90 49 522
491 94 14 707
86 77 11 719
72 137 25 479
239 62 39 414
325 168 38 5
216 13 4 172
46 129 32 622
397 13 45 416
426 63 1 443
231 32 1 425
54 33 1 18
209 198 31 427
326 13 1 172
400 168 17 606
236 198 4 278
481 4 45 540
345 134 13 315
349 112 13 382
172 154 49 635
208 62 7 470
452 47 22 44
487 7 13 666
463 21 35 217
92 102 22 244
366 41 37 704
165 99 25 734
484 127 13 193
226 189 55 123
129 12 32 172
111 131 13 330
380 45 23 733
332 36 13 535
40 9 1 358
299 65 13 159
8 139 25 180
167 145 37 644
159 169 13 636
356 93 32 575
256 125 58 739
498 70 55 742
49 177 46 570
94 39 11 59
132 14 9 415
358 41 13 706
313 113 7 335
128 183 3 379
345 79 50 71
334 34 7 603
152 115 4 458
456 131 1 254
397 34 26 685
162 200 43 318
280 102 17 152
436 33 28 116
91 192 34 9
53 123 33 282
9 101 13 19
186 200 7 170
140 83 43 378
374 81 5 565
107 185 7 674
444 121 43 475
215 96 7 422
67 199 1 364
354 189 1 687
297 2 46 53
232 94 46 504
42 166 23 223
277 53 1 730
219 179 25 456
135 111 20 327
360 193 37 354
151 165 19 453
465 164 41 531
315 188 2 215
437 181 7 188
429 63 50 155
252 195 45 673
272 113 34 44
223 80 25 747
368 22 8 235
48 191 49 691
101 101 25 108
418 148 1 405
221 126 7 166
171 149 19 199
249 35 25 538
228 7 19 470
347 95 1 706
472 171 7 220
276 144 4 482
53 7 49 516
157 67 21 508
11 9 29 611
50 161 13 243
54 164 43 531
486 111 1 489
115 30 37 607
406 154 21 188
373 194 13 239
288 79 25 101
418 119 25 353
394 30 2 281
143 40 19 183
157 85 19 562
360 165 7 443
246 134 37 305
291 48 8 461
65 89 25 256
479 137 9 231
353 80 16 104
339 103 19 688
492 141 37 448
191 184 31 290
410 26 31 538
409 187 25 340
144 158 31 259
272 62 15 478
210 105 5 432
407 20 31 316
348 151 49 739
93 150 16 185
51 151 33 535
124 158 7 177
438 173 8 531
303 130 7 633
256 95 28 614
385 162 10 216
413 132 13 455
82 15 7 256
227 195 13 580
105 106 10 515
497 141 11 699
458 29 28 336
421 112 3 500
458 57 4 672
29 87 13 149
419 124 8 427
381 182 1 512
321 46 37 585
118 126 4 174
98 22 13 710
65 26 9 640
86 8 7 636
484 112 1 716
10 45 5 88
67 32 37 546
460 55 7 395
492 71 16 684
363 8 4 191
372 187 11 639
491 18 7 704
305 158 49 333
46 128 9 364
289 62 43 478
104 166 43 276
247 198 13 224
71 186 1 166
327 176 13 461
308 118 19 66
160 168 5 300
219 176 39 357
55 158 37 460
375 173 23 155
388 73 34 57
51 81 13 157
101 18 16 115
240 110 25 412
134 131 49 715
403 11 31 308
45 95 1 739
322 165 27 403
190 170 26 69
93 183 14 426
301 153 4 520
104 120 4 706
350 76 32 359
21 186 7 205
14 11 34 437
66 158 21 542
238 68 20 35
63 167 33 338
113 16 49 518
127 4 4 542
353 158 49 369
126 31 19 7
93 136 49 79
14 122 4 447
300 120 1 404
57 97 25 341
147 41 16 418
380 155 5 294
409 60 43 62
451 20 44 621
461 97 1 83
299 116 10 746
109 153 33 483
171 156 31 586
328 128 19 719
301 166 2 693
231 166 10 693
335 29 15 406
269 118 37 82
156 109 13 60
62 163 7 585
94 73 23 459
21 165 22 453
292 79 20 28
420 73 19 641
309 174 49 201
26 162 7 241
273 154 13 103
305 92 13 725
28 198 40 164
177 153 50 366
452 32 33 563
467 132 28 44
184 21 11 217
268 105 13 67
212 170 7 69
285 105 19 215
212 173 55 128
12 185 9 473
154 64 5 275
226 95 1 138
236 100 7 6
102 31 2 105
287 106 1 515
124 178 11 175
332 17 38 272
38 112 25 382
402 146 25 727
500 120 28 727
259 75 19 16
359 33 49 116
110 128 14 8
98 125 31 455
421 109 7 656
276 97 44 119
61 32 1 741
80 149 31 367
14 145 29 261
187 23 26 689
53 56 9 330
296 150 40 517
237 126 37 90
331 152 31 524
264 147 25 526
353 37 32 474
185 171 27 105
143 185 37 397
272 171 25 2
362 143 15 477
16 163 1 639
83 37 3 79
475 108 13 630
339 115 25 458
440 64 8 661
15 117 47 321
89 40 25 663
219 141 16 260
141 49 13 671
306 175 43 419
225 117 25 643
223 180 19 329
204 173 29 155
72 43 40 349
190 75 4 488
215 6 1 236
183 67 17 569
191 40 1 602
331 22 19 141
490 82 7 386
435 132 7 150
339 165 21 432
84 74 31 51
166 75 26 36
161 174 25 476
286 21 7 160
213 172 35 433
205 51 25 406
141 133 25 420
367 159 43 451
362 82 1 530
478 113 21 306
131 83 3 394
284 178 17 619
143 97 28 442
359 93 7 51
302 88 16 519
8 8 40 622
222 61 1 161
229 91 11 537
274 194 7 412
359 83 2 344
473 106 9 186
373 35 7 176
416 88 37 173
434 18 46 236
450 25 13 87
34 162 17 359
410 75 15 560
377 74 52 156
90 86 34 455
309 109 25 410
291 77 17 719
97 124 35 693
350 39 19 682
91 4 26 126
165 186 13 388
276 155 17 2
65 102 17 552
319 94 22 566
15 169 11 315
277 18 23 623
139 160 3 187
214 129 19 731
179 188 34 627
373 7 40 94
66 56 25 468
391 191 1 119
117 137 32 194
442 36 20 461
290 2 1 630
290 66 25 522
206 168 34 606
79 185 31 480
288 140 17 276
250 170 3 745
455 193 44 701
375 75 4 324
173 161 22 555
437 113 13 335
77 122 19 38
463 93 28 732
231 41 14 497
201 94 19 62
441 48 13 445
489 164 13 429
317 109 49 378
344 132 43 125
133 10 16 113
225 26 44 139
166 9 41 358
470 46 43 150
482 71 4 684
117 199 5 60
36 85 35 352
199 145 17 382
413 129 1 247
8 155 1 480
442 190 22 82
25 36 7 269
292 161 13 377
12 49 13 24
305 63 1 383
286 37 19 591
162 45 5 23
309 73 23 488
84 27 10 457
316 186 7 673
167 16 10 276
220 80 50 642
251 131 11 715
340 140 17 735
57 49 37 508
1 7 37 343
489 77 23 271
396 62 19 191
41 113 1 94
189 72 51 471
220 168 9 564
495 159 2 438
230 193 31 713
51 58 25 281
269 143 5 33
93 167 23 724
195 136 19 507
428 188 10 95
224 166 7 270
400 89 4 416
6 64 41 590
242 47 28 224
267 77 11 21
402 188 3 213
107 6 15 410
370 198 43 404
478 68 35 305
249 122 20 359
105 173 17 531
437 190 31 181
348 196 37 293
176 105 5 574
153 90 31 372
117 10 1 472
477 160 9 507
383 64 7 416
417 178 35 232
182 66 29 749
239 163 20 172
24 70 13 132
448 12 1 615
327 159 7 494
103 92 46 446
433 104 37 396
480 43 31 232
127 74 20 539
10 10 7 224
238 104 1 296
482 13 45 735
396 94 38 563
307 18 13 514
399 93 1 214
135 138 11 30
431 85 19 346
410 10 37 113
226 84 23 182
68 115 39 208
478 139 31 379
47 153 13 134
344 75 51 717
48 196 19 161
56 140 44 625
190 177 23 343
492 184 9 286
344 45 25 432
323 56 19 241
98 116 43 106
211 87 43 226
301 125 20 490
461 133 5 252
24 118 49 32
366 79 49 361
421 129 37 676
379 49 50 699
461 169 9 242
389 20 38 314
51 173 31 464
232 39 29 186
289 33 16 540
183 158 1 233
324 88 19 691
172 167 17 600
179 87 19 149
75 143 38 540
486 118 49 6
217 3 41 183
53 144 1 690
197 168 5 168
77 128 5 577
498 127 45 193
164 43 46 612
202 90 13 697
152 4 21 702
210 97 28 357
405 37 43 91
390 49 1 48
270 183 27 671
17 119 47 437
203 187 11 268
317 138 7 623
137 40 3 162
399 40 19 506
140 145 37 180
174 58 14 422
346 129 15 247
133 80 10 642
401 89 28 337
374 82 10 524
388 67 17 270
42 48 37 104
76 63 34 741
110 78 16 37
181 115 49 433
256 110 7 196
37 193 50 617
220 150 13 444
246 92 16 648
102 18 7 233
355 39 15 59
97 86 17 146
182 35 9 272
371 88 37 148
426 32 31 212
36 77 28 719
306 41 4 674
151 199 47 608
278 168 4 606
185 162 9 718
436 36 11 51
77 8 46 533
500 171 19 266
143 168 1 380
444 195 1 440
287 24 7 111
481 98 13 692
21 171 25 610
500 97 25 641
439 36 16 289
341 157 13 89
111 121 22 640
63 161 1 501
154 79 7 71
269 94 49 427
19 26 2 697
364 110 8 734
429 45 15 733
324 104 3 417
68 157 1 680
316 29 27 651
472 111 3 714
69 143 7 502
2 145 29 608
240 102 19 152
454 182 31 725
168 190 37 137
284 183 7 243
153 35 55 398
148 105 49 290
297 87 55 636
123 186 13 673
147 174 3 464
57 56 13 436
400 88 56 83
204 166 11 48
119 81 11 366
195 80 34 86
143 135 34 180
401 31 7 105
309 84 32 147
363 21 11 113
192 110 1 331
304 32 37 332
24 29 31 747
125 110 13 195
23 149 5 199
57 114 2 194
100 200 7 714
467 53 25 66
43 48 37 461
39 48 49 675
281 81 31 669
257 84 29 325
222 122 4 171
287 159 25 494
304 8 34 702
280 49 26 55
364 73 2 542
435 74 25 632
135 107 28 51
394 50 43 711
133 83 5 727
327 174 22 115
405 43 28 662
220 194 25 287
297 15 25 424
150 140 21 37
407 28 55 639
457 100 29 670
360 177 11 138
71 150 15 672
9 18 22 551
308 76 4 201
63 65 15 295
310 131 45 337
367 110 46 648
186 118 13 66
85 165 19 213
87 82 15 36
295 65 37 88
496 24 16 244
189 35 37 59
59 2 23 703
51 150 9 672
178 180 7 97
70 51 1 304
349 95 31 138
87 90 8 500
99 89 37 337
122 50 43 494
135 195 5 580
500 123 49 614
139 162 37 312
75 163 15 583
329 37 19 3
4 148 32 76
42 174 13 308
127 33 1 351
409 58 13 505
120 161 32 72
90 117 15 469
352 191 14 696
298 130 31 173
406 174 31 209
94 114 13 719
315 105 15 612
377 147 7 429
78 87 49 91
448 123 25 211
103 182 49 539
403 149 17 77
409 191 7 696
155 173 29 546
248 72 7 291
394 183 19 636
419 83 16 522
423 189 32 234
491 24 37 525
437 5 44 737
145 39 17 59
446 114 1 40
340 151 20 292
438 192 49 653
177 101 31 437
325 82 44 40
87 97 44 127
500 104 1 396
109 192 25 88
239 139 25 694
68 57 11 561
375 65 13 166
144 159 1 257
275 147 7 234
56 88 14 567
293 176 49 529
281 124 20 427
138 152 37 295
481 182 2 607
171 178 1 320
49 161 1 156
29 187 43 262
440 79 26 714
184 96 49 273
354 4 45 126
259 83 7 378
347 96 31 70
381 148 10 76
424 39 32 22
61 38 43 108
482 8 7 373
284 167 44 145
38 157 8 486
499 193 56 617
319 196 13 566
76 46 4 152
241 110 31 157
131 182 13 6
365 154 13 265
220 45 21 356
217 65 37 730
194 106 37 186
398 103 11 688
313 96 1 178
137 150 19 12
404 33 13 538
134 121 13 286
1 101 46 19
302 69 31 430
371 157 2 486
113 3 31 381
186 157 37 432
403 32 1 546
394 29 25 583
411 77 4 490
147 130 25 65
338 153 20 335
260 29 14 595
445 25 19 219
469 90 19 163
145 151 37 300
297 199 17 579
25 150 20 371
258 53 20 528
289 102 2 552
293 96 43 144
348 99 22 328
144 56 4 522
163 77 1 56
50 99 38 37
474 47 7 276
423 128 25 318
189 51 3 412
380 72 7 669
468 183 25 187
194 158 8 81
268 32 19 666
376 112 25 500
10 142 32 131
446 35 19 302
360 182 49 493
44 124 32 203
380 154 13 592
407 170 49 354
225 138 10 667
484 111 25 118
456 9 3 96
243 7 26 120
135 53 14 590
7 57 31 561
469 103 10 736
106 118 32 322
459 13 47 231
35 175 7 601
13 71 3 506
296 126 49 482
261 32 25 546
486 136 25 79
98 31 25 445
334 84 10 160
47 14 11 49
63 113 49 94
379 85 13 151
58 147 55 9
238 94 7 94
371 96 43 368
86 129 55 450
184 109 7 250
300 61 9 277
424 31 45 411
50 61 28 641
328 79 49 5
260 68 17 280
450 30 37 490
171 82 10 40
477 63 16 257
83 171 7 452
255 39 10 22
434 95 17 722
39 101 44 639
155 184 55 480
66 189 45 480
330 19 1 471
34 36 4 113
456 11 21 581
162 130 38 206
226 111 43 598
472 113 51 413
206 34 1 649
124 141 31 111
327 126 10 185
416 4 26 621
188 79 13 161
21 164 5 429
283 125 32 742
361 112 7 134
11 61 22 81
300 183 17 243
109 77 17 3
339 21 5 165
475 158 7 268
463 121 2 183
449 26 37 158
412 64 4 661
451 40 13 118
92 166 7 456
74 148 1 632
450 44 1 340
291 149 45 77
4 24 49 485
272 18 1 378
6 106 22 334
414 30 19 721
154 91 1 249
401 159 1 641
220 101 7 108
90 47 3 2
443 159 1 152
88 64 4 590
22 74 43 560
81 178 32 96
44 2 16 127
4 30 1 675
398 131 47 330
158 143 19 99
313 79 55 628
391 75 16 716
16 92 22 368
275 64 11 701
191 135 29 444
294 137 1 154
203 89 31 542
98 187 19 136
16 86 11 567
452 18 5 253
439 12 32 539
363 91 17 174
488 132 19 694
375 138 40 16
231 173 8 398
301 97 7 79
17 200 49 19
38 57 55 557
314 64 17 664
106 169 11 636
156 105 7 515
360 123 43 282
26 132 37 46
47 7 16 429
72 173 8 466
70 174 55 464
369 131 26 667
164 17 14 213
491 107 58 407
460 191 1 176
330 111 37 716
306 147 13 740
357 135 41 351
359 63 4 257
388 23 28 374
421 164 1 322
106 152 1 658
78 15 34 662
290 105 5 515
340 73 35 644
176 33 27 299
426 111 37 45
391 89 13 409
114 65 21 730
365 160 1 191
132 67 17 298
166 63 1 81
245 181 55 144
293 28 8 579
355 154 27 270
345 77 20 56
410 191 7 346
262 49 34 242
198 90 25 584
303 84 5 598
354 108 7 560
50 54 25 372
454 121 15 475
441 21 29 160
461 64 32 472
372 49 50 40
223 123 49 282
377 129 14 658
118 43 31 297
402 2 16 323
238 30 13 744
224 190 43 687
219 180 1 109
32 139 31 501
50 17 1 605
489 59 37 531
380 191 32 691
267 89 21 556
201 27 28 5
347 38 21 544
247 51 46 635
64 49 1 55
417 44 8 78
53 25 13 165
447 125 13 7
1 137 19 376
57 28 43 114
375 67 35 569
244 192 19 210
95 69 49 520
252 119 17 102
470 25 25 303
123 19 7 34
390 94 20 686
153 145 7 535
218 98 14 640
264 154 39 17
418 136 13 619
246 121 28 523
39 165 16 454
485 136 9 403
373 128 38 8
153 160 5 744
196 157 31 432
47 8 32 547
11 4 25 23
309 197 38 117
248 130 19 410
140 194 7 534
5 143 26 750
496 46 25 729
135 82 7 616
63 64 28 472
462 57 1 705
196 180 13 4
474 147 39 182
165 165 7 267
278 21 23 687
398 109 43 97
193 99 13 86
446 182 31 264
7 66 13 509
439 180 43 499
187 92 22 10
282 65 7 458
80 188 33 222
361 95 51 65
245 118 43 112
431 29 37 747
262 140 23 625
279 155 5 269
187 10 49 374
478 200 2 456
142 88 49 12
432 152 43 84
318 52 25 266
490 2 5 694
454 189 49 573
270 161 10 501
206 199 23 5
385 91 5 620
154 66 3 9
34 197 27 259
322 50 1 72
316 109 49 238
423 72 2 77
19 162 10 581
42 33 16 299
100 63 26 81
100 176 19 357
462 4 28 542
407 26 7 697
427 180 45 46
457 159 33 438
232 192 20 353
310 170 16 228
80 100 37 544
413 14 47 267
298 69 25 436
441 20 49 283
408 150 49 444
381 146 49 473
470 19 1 511
262 142 11 432
200 97 37 713
282 173 11 162
407 94 34 257
473 164 25 517
266 37 38 579
457 88 21 148
107 14 44 365
443 42 13 204
474 183 10 671
255 154 31 635
113 133 33 314
324 131 1 749
490 24 1 435
241 54 7 372
142 21 22 187
356 31 37 112
492 33 31 109
434 21 13 187
27 200 7 202
97 84 23 139
461 81 19 279
54 157 38 573
166 42 16 711
254 27 37 3
456 107 34 91
11 121 15 616
28 114 1 604
102 101 22 1
122 107 20 272
310 106 7 541
251 175 43 471
346 128 29 594
346 136 43 619
225 181 19 365
122 116 49 350
73 152 1 524
365 148 43 76
468 19 43 723
205 28 32 639
129 156 43 460
425 183 22 647
408 166 10 723
276 187 7 608
391 134 44 544
372 155 17 151
181 108 52 567
442 116 31 223
287 198 10 514
101 126 13 482
222 190 31 246
328 171 15 154
48 170 37 404
435 180 28 499
288 100 5 465
287 88 4 665
337 81 3 199
463 54 15 663
449 94 3 569
20 115 15 462
440 84 11 632
447 3 22 452
485 66 4 509
499 3 37 179
318 180 50 46
366 47 13 133
351 116 38 746
244 117 29 658
257 33 55 55
202 109 2 97
331 194 38 412
121 88 25 332
215 35 25 699
178 142 27 432
474 36 25 286
324 133 25 278
44 94 10 94
311 82 35 619
310 78 25 465
272 101 39 477
22 104 19 233
470 35 49 192
120 96 44 110
436 152 38 365
398 74 21 51
26 101 23 639
191 92 10 10
120 29 13 264
175 139 7 547
317 106 15 313
194 124 31 114
112 176 25 396
430 188 27 381
82 77 34 3
428 57 5 427
167 152 19 245
492 28 19 484
480 94 19 584
35 160 38 68
374 20 2 385
386 99 31 328
268 146 7 641
307 25 26 165
144 10 22 634
344 140 1 142
290 200 37 333
255 47 22 524
73 107 43 43
355 126 39 407
16 57 37 164
297 49 20 699
378 67 35 244
397 5 51 530
22 77 5 511
145 177 2 343
222 153 37 335
406 172 14 90
282 184 39 450
118 124 50 190
385 189 37 366
157 42 10 28
121 154 1 270
489 155 5 357
19 93 7 548
77 183 8 449
457 81 19 649
93 43 39 78
483 113 21 166
39 177 23 474
288 185 32 519
324 132 22 150
485 87 15 642
365 30 37 543
182 68 19 742
462 125 43 455
437 121 51 142
50 110 44 153
294 118 25 574
453 4 25 154
339 105 11 563
45 50 37 268
10 144 37 429
379 187 5 298
156 118 38 624
278 38 32 133
183 28 49 266
311 181 13 553
253 69 21 322
300 49 4 86
29 183 31 247
11 82 20 481
449 35 25 176
173 106 55 42
315 3 52 748
62 121 31 286
300 70 31 734
471 184 23 469
328 3 23 610
355 52 43 115
279 127 43 219
414 138 9 414
266 13 13 440
217 26 9 749
155 70 7 210
249 177 7 204
351 58 1 449
170 51 43 387
273 178 26 627
130 63 4 383
21 92 17 446
126 52 13 266
378 2 50 447
126 37 26 178
462 135 19 175
187 186 1 679
465 81 7 600
32 43 2 311
70 100 11 627
320 15 51 638
153 88 27 567
282 178 29 352
449 48 34 267
280 98 31 127
406 2 3 630
90 130 55 614
119 187 13 240
327 157 31 621
179 177 4 241
248 154 55 603
294 89 15 402
25 54 9 405
487 183 37 620
404 34 3 685
74 105 29 306
252 111 49 537
230 71 22 284
428 18 19 253
477 123 25 393
81 172 5 459
140 137 31 429
268 100 29 78
119 116 19 428
50 133 5 420
61 143 13 717
19 130 55 230
487 72 1 129
239 172 1 599
493 31 26 708
105 151 19 587
356 136 7 254
354 103 11 399
65 166 15 693
113 28 45 380
84 180 1 659
200 181 49 594
205 148 1 481
448 199 17 197
136 184 7 521
154 82 11 661
172 39 23 110
453 57 11 427
301 151 55 30
275 121 44 470
117 156 9 739
130 194 25 477
284 18 33 623
457 30 1 190
34 133 14 216
271 134 49 291
208 174 3 355
259 8 37 71
170 112 32 229
263 129 50 479
117 24 25 411
444 34 25 282
203 53 5 528
342 99 15 742
181 96 37 70
470 181 19 140
344 137 20 400
341 48 50 578
83 20 39 283
144 137 7 194
38 102 22 589
153 188 9 332
183 106 38 599
180 172 45 3
416 120 7 247
388 194 37 325
21 90 51 619
457 155 5 230
160 77 23 617
271 188 14 215
358 5 55 221
216 190 25 181
58 15 44 395
218 34 20 36
243 72 22 383
90 24 19 50
24 67 17 577
381 100 17 743
471 59 7 723
383 46 43 447
41 72 28 666
12 157 38 162
129 182 13 493
159 89 38 167
229 129 19 462
286 36 22 152
341 37 25 543
398 180 55 71
366 101 11 33
413 85 31 300
130 60 31 61
442 140 47 436
363 103 7 688
101 33 27 361
476 152 19 558
266 121 8 73
119 122 25 454
464 20 49 93
174 156 19 367
43 39 40 650
109 180 28 725
299 22 17 707
437 110 16 343
164 119 7 529
144 127 25 535
4 117 29 469
242 148 16 715
179 5 22 89
304 58 7 281
43 22 11 734
457 83 39 402
213 159 16 119
299 171 1 313
448 75 19 657
180 19 14 52
480 123 15 261
398 108 13 694
85 46 43 554
495 43 37 475
186 46 19 680
126 44 7 472
29 82 7 520
99 141 9 476
59 23 2 408
252 14 1 678
408 8 34 386
422 157 37 712
408 136 13 75
142 131 5 56
247 117 16 13
183 162 15 750
20 57 35 402
481 84 10 521
434 153 1 208
241 176 55 326
348 169 11 136
86 48 13 596
33 106 34 599
105 25 44 221
19 22 34 749
319 192 45 210
236 64 11 304
325 198 49 415
332 31 21 112
335 128 13 10
10 99 1 525
306 25 50 434
400 123 7 530
112 164 51 517
169 122 28 225
480 84 29 301
378 54 3 24
30 83 19 208
290 101 31 84
22 110 33 527
140 121 13 209
382 125 25 305
377 28 27 380
345 93 7 76
253 47 1 150
220 83 1 735
122 154 37 265
213 117 29 492
412 132 13 513
140 32 19 561
168 78 19 640
454 117 28 320
377 144 35 690
236 41 27 238
295 148 7 510
329 17 13 683
61 18 31 378
449 80 55 683
337 167 1 338
292 129 32 397
33 164 26 248
315 91 7 439
231 2 23 694
145 43 7 446
424 13 5 153
131 151 19 700
193 148 31 583
287 28 19 14
165 160 19 68
321 159 7 408
103 119 23 608
322 181 14 437
316 55 43 463
309 24 10 368
288 157 49 646
371 115 21 260
76 71 1 562
145 13 11 519
292 7 46 18
131 57 5 471
301 178 37 149
421 49 19 546
3 128 7 88
139 184 19 480
471 34 31 165
393 145 5 368
227 39 4 204
277 28 19 520
200 121 10 314
177 185 34 216
92 49 45 242
14 194 37 97
140 130 2 484
47 193 7 192
187 35 13 398
338 200 49 456
483 50 1 491
491 111 9 595
27 196 55 461
228 112 25 91
243 89 19 467
306 139 37 550
312 171 15 105
342 149 1 367
488 188 22 198
383 88 4 519
212 44 19 240
208 186 14 724
232 117 37 13
469 98 7 95
18 131 11 499
279 93 38 143
292 97 37 20
189 18 1 278
217 102 7 401
231 126 25 174
369 195 8 721
350 71 5 388
81 3 43 489
460 155 16 346
264 144 5 123
3 129 25 70
293 138 23 655
325 170 3 69
110 187 7 298
303 91 40 160
425 186 55 673
445 200 13 485
156 35 1 75
471 109 25 295
34 113 10 711
299 162 22 312
452 64 40 472
34 169 1 211
206 58 8 131
292 5 43 604
217 66 26 339
148 128 20 594
224 10 25 8
73 46 49 214
315 166 13 276
236 139 31 486
291 55 1 720
47 194 26 333
395 170 4 472
211 26 19 146
166 142 11 565
180 195 2 673
104 186 37 724
462 128 13 40
430 100 7 670
208 81 1 269
329 195 5 573
150 92 43 273
123 188 21 649
302 153 21 525
176 40 1 222
202 131 46 602
314 17 22 158
351 27 31 336
284 79 49 486
102 95 40 34
111 19 25 723
402 46 19 585
112 19 2 137
405 199 41 739
46 158 1 718
57 29 19 583
40 60 14 148
432 113 19 312
441 103 1 9
69 179 1 157
323 98 22 127
381 137 25 322
290 21 11 535
166 31 7 411
299 199 35 329
427 2 16 44
212 69 31 732
85 116 4 361
480 56 1 290
447 67 28 255
277 175 3 255
190 107 46 725
18 114 15 379
320 100 34 143
168 120 13 31
20 107 28 21
387 143 22 268
125 55 33 324
137 20 32 686
433 44 43 240
430 155 10 27
451 141 25 190
4 152 43 545
188 147 19 743
35 199 20 60
276 169 13 77
489 110 34 195
203 138 35 545
136 150 4 717
173 81 17 675
197 53 28 253
347 162 19 625
203 33 38 299
89 79 37 261
14 143 45 99
262 188 13 381
397 127 37 559
453 151 7 313
220 138 16 601
135 162 17 304
349 75 1 657
399 190 8 246
468 14 10 599
334 51 27 560
113 93 38 76
186 16 41 244
54 119 49 24
320 99 2 202
55 106 10 586
410 20 44 93
474 71 37 284
114 144 13 670
210 21 26 430
447 95 4 571
6 49 7 58
94 40 19 162
329 134 37 714
304 126 13 241
487 156 31 509
279 168 35 380
107 42 1 266
202 43 43 341
416 153 31 394
102 173 17 369
367 85 8 301
456 31 13 508
321 51 46 632
481 59 28 458
199 167 4 600
375 161 9 323
62 168 29 47
34 138 21 341
162 161 25 249
443 27 8 345
418 75 7 72
250 37 25 1
161 17 7 384
471 28 1 170
428 119 1 353
13 96 26 392
347 26 3 444
180 107 10 135
471 185 10 70
451 180 27 71
465 109 31 594
352 148 4 510
178 93 37 541
385 11 49 552
387 171 55 335
43 196 49 83
255 117 5 546
54 18 46 704
256 191 49 669
250 153 34 521
181 101 11 104
163 85 23 533
61 120 7 711
185 175 32 220
206 32 13 495
450 77 23 317
339 100 49 143
167 124 2 203
173 58 50 476
169 70 1 288
173 77 14 3
454 110 45 468
120 132 16 573
3 170 33 159
283 8 10 401
241 103 11 624
346 82 13 289
292 29 8 303
152 133 55 252
313 132 25 7
205 90 7 67
57 98 16 665
465 178 25 444
69 149 43 727
268 88 1 12
329 89 16 224
368 195 10 623
147 91 10 454
494 75 28 72
424 94 13 49
192 82 5 289
43 181 43 606
215 140 11 339
487 43 10 297
106 65 37 226
257 7 7 343
44 129 37 431
30 60 45 653
467 179 3 382
461 38 21 108
204 187 38 102
438 23 1 111
50 176 7 221
410 82 1 36
397 52 20 457
172 35 13 145
149 154 25 197
328 158 4 181
211 43 32 48
27 116 37 53
190 64 19 661
199 52 31 653
152 108 45 162
23 82 31 188
147 163 32 95
164 83 10 394
153 194 19 534
28 116 51 10
482 122 19 184
345 68 11 305
155 114 25 194
406 35 7 699
467 110 50 25
370 76 37 729
146 53 1 671
248 132 31 125
333 182 7 259
103 43 28 166
455 98 55 665
366 129 19 296
279 53 29 590
158 25 8 219
159 20 25 686
149 89 34 256
467 24 43 492
33 154 2 265
67 140 15 85
68 129 55 682
46 140 13 331
9 67 11 255
465 95 5 547
154 197 19 616
99 184 20 159
342 183 25 426
316 189 37 84
238 16 29 551
200 128 5 40
376 47 7 635
357 105 9 460
297 158 40 177
55 190 4 246
334 197 1 59
8 140 17 557
226 18 19 80
342 160 31 315
79 188 57 708
430 58 37 422
484 144 43 482
317 88 3 648
225 91 34 439
289 88 55 12
475 32 21 231
67 21 13 233
211 151 49 700
439 187 7 287
229 121 49 616
234 51 16 424
41 185 10 431
489 127 25 193
309 8 7 728
103 184 7 700
460 16 51 253
366 88 16 705
458 164 11 142
180 110 49 331
196 155 55 294
38 92 17 598
99 96 14 284
131 39 7 164
84 92 44 725
488 163 37 146
412 145 29 644
104 185 13 346
480 133 13 608
95 58 38 571
278 126 28 260
96 104 49 270
151 50 9 200
400 200 49 429
81 121 20 286
276 99 9 525
444 154 3 188
440 167 5 266
349 177 5 428
124 129 37 462
83 28 13 172
95 64 13 211
431 31 43 472
39 92 31 368
79 115 39 458
371 195 31 440
307 93 43 65
365 179 7 550
107 179 19 157
495 59 8 417
127 85 23 376
469 18 1 80
349 133 20 280
88 134 22 439
250 100 17 60
159 121 9 41
59 142 25 238
415 106 55 142
412 165 31 470
341 11 7 745
426 109 13 498
394 110 52 647
24 22 7 564
326 119 19 342
269 105 13 290
267 188 37 215
334 192 33 210
2 105 1 460
18 150 19 444
238 136 31 347
262 167 17 493
21 115 39 413
408 46 25 160
265 197 9 655
99 99 40 320
470 59 16 18
112 185 39 699
336 56 28 342
207 74 28 536
356 133 35 252
357 47 14 652
270 177 20 466
468 24 31 73
370 70 1 132
430 66 1 117
45 124 25 114
243 86 31 414
380 25 25 530
10 58 43 17
426 21 11 349
181 200 43 202
120 6 19 236
202 127 33 41
336 62 1 45
481 35 37 443
303 118 49 15
18 58 31 571
95 119 35 11
266 56 49 535
487 130 21 430
498 194 39 287
31 138 17 555
115 139 19 237
158 32 51 352
281 10 26 646
268 95 23 517
387 37 46 140
147 133 29 420
470 128 29 311
342 118 7 469
132 45 38 237
142 140 25 661
211 16 16 574
37 178 25 674
143 10 25 153
147 115 7 342
221 180 19 71
271 103 19 416
494 131 47 499
382 162 1 17
485 47 26 133
248 73 5 656
408 179 55 619
12 154 56 382
220 96 3 422
212 151 14 516
158 38 31 544
119 148 16 447
256 59 25 628
50 98 34 17
1 85 31 695
285 169 5 47
381 198 22 404
476 173 43 162
303 15 22 588
18 98 28 408
274 26 43 730
163 12 13 480
182 200 13 218
460 70 31 132
209 47 43 2
386 160 34 302
473 160 13 302
432 119 1 327
357 145 35 343
114 66 11 325
307 173 41 668
52 49 19 154
78 24 31 696
128 111 19 679
93 42 34 103
304 12 19 187
222 140 35 557
450 191 56 721
184 154 25 17
285 25 31 541
314 172 9 459
495 136 20 79
444 183 28 379
465 168 37 450
170 109 13 593
184 187 23 350
357 66 1 356
80 115 1 186
423 93 13 76
322 117 25 159
396 39 41 204
45 25 19 687
56 52 32 353
49 147 49 526
411 118 55 15
365 194 19 412
446 106 37 251
91 2 1 543
416 61 1 702
132 184 19 703
71 145 43 196
461 141 7 288
388 27 4 345
245 159 28 119
494 89 16 342
101 70 55 132
420 55 13 277
447 48 1 596
389 57 1 318
116 38 49 78
85 103 1 624
55 55 31 720
136 122 40 540
395 184 37 39
60 59 49 723
276 146 31 35
347 170 55 228
428 160 43 740
41 78 49 10
269 187 41 360
6 66 20 2
60 199 14 173
72 172 10 90
210 194 1 477
273 122 19 502
20 145 19 234
140 5 16 5
420 77 47 490
384 89 49 26
108 144 5 144
83 185 31 216
157 176 25 368
31 162 29 625
252 137 8 400
42 62 1 389
74 156 44 369
273 55 3 676
425 113 19 685
2 97 8 294
331 28 13 380
163 167 29 145
69 35 25 145
12 113 43 306
12 164 7 12
282 159 20 124
230 196 2 461
14 112 19 216
37 106 37 515
77 79 13 101
413 145 57 402
474 24 4 617
486 19 32 393
255 125 52 166
59 106 8 273
2 150 57 595
13 185 52 235
247 101 4 356
28 193 19 402
404 116 37 212
257 112 14 272
71 6 31 487
369 13 23 509
49 75 14 72
244 64 17 275
450 136 25 75
287 111 13 368
144 115 34 260
214 14 23 360
112 126 34 482
156 34 25 569
396 137 3 139
352 74 19 354
223 170 13 709
233 174 43 375
445 52 43 397
48 103 11 543
246 74 25 89
115 111 31 411
91 136 43 79
449 75 7 129
248 186 13 530
370 34 7 566
154 106 13 334
239 118 13 15
404 149 1 726
448 113 14 413
373 130 26 733
132 85 22 528
72 146 43 539
500 94 7 569
254 28 13 492
492 82 14 68
54 200 31 318
367 144 31 475
173 138 11 414
20 140 40 427
344 34 10 6
312 141 19 70
246 105 23 67
282 84 45 300
469 28 37 170
417 193 25 276
372 138 21 636
303 16 44 454
55 137 25 283
479 62 19 45
261 80 1 345
413 195 11 580
95 101 31 685
42 111 49 735
144 55 19 324
295 44 55 78
333 119 4 609
421 190 13 203
386 108 13 376
307 125 2 305
425 147 25 280
71 53 35 66
196 8 25 533
142 163 56 585
499 92 13 399
305 41 10 706
117 172 29 394
216 86 21 215
189 31 44 429
92 198 26 496
472 51 34 26
486 85 7 62
402 177 11 545
53 145 7 9
307 191 32 389
488 137 32 632
19 69 13 489
288 164 22 86
169 85 31 314
483 42 37 711
494 37 1 246
335 47 9 726
490 5 28 273
231 141 19 288
9 51 25 26
161 179 19 282
114 2 28 554
389 176 9 529
311 169 21 315
339 92 31 333
13 111 37 630
459 79 27 140
473 7 22 257
374 8 32 728
11 85 1 352
403 174 25 575
136 110 28 25
265 162 5 312
59 4 34 230
423 182 43 551
331 176 8 418
52 26 31 408
42 58 9 275
22 91 7 454
63 159 4 15
41 161 14 35
407 95 16 285
141 9 7 457
274 24 33 435
482 162 13 727
46 27 38 627
340 65 43 614
475 53 19 582
473 72 27 37
118 75 13 451
355 106 9 251
124 51 43 346
30 110 13 521
234 183 19 243
122 82 26 302
25 112 1 583
160 149 29 266
328 22 2 141
287 115 50 186
354 159 26 438
305 147 19 307
171 91 21 174
167 193 51 679
390 68 47 639
407 38 13 167
93 25 7 691
373 142 5 44
415 86 45 63
401 12 16 302
15 164 17 286
310 108 10 310
47 144 39 125
118 157 25 121
96 200 13 333
411 21 35 374
51 169 1 748
24 31 21 441
98 174 34 558
102 86 10 386
348 41 27 674
437 184 35 637
406 25 37 557
320 188 25 215
107 45 13 137
338 162 4 718
30 126 49 439
308 75 43 657
201 196 13 293
293 38 19 515
403 98 49 408
139 106 21 29
309 113 45 166
339 180 13 54
336 196 38 83
378 173 1 464
103 140 5 128
417 138 37 623
41 57 17 225
414 95 17 517
180 92 32 361
155 111 31 679
120 186 1 216
386 26 43 538
424 90 37 225
377 106 2 551
491 41 19 195
181 147 25 182
148 12 55 658
58 159 9 442
451 22 1 535
114 90 1 587
405 3 11 585
227 187 40 102
88 117 19 646
290 64 3 701
175 137 38 231
61 9 5 743
237 123 1 336
180 149 5 77
386 147 7 563
195 3 13 473
482 167 22 13
420 113 16 335
143 123 45 163
12 160 23 7
384 167 20 145
134 185 7 229
322 144 57 410
399 109 49 498
479 63 28 743
407 60 19 628
76 171 19 355
89 32 19 533
477 78 43 111
8 26 13 650
494 104 31 296
173 55 19 103
175 132 33 694
71 9 23 611
84 194 13 97
188 8 2 71
122 23 33 111
249 7 43 41
350 17 28 750
291 120 22 378
495 21 14 374
372 67 38 255
232 186 7 419
291 107 40 315
388 170 19 563
478 72 46 11
276 70 19 132
384 53 14 730
230 172 17 435
246 148 10 552
383 17 26 92
169 78 13 37
112 159 22 451
256 6 43 54
384 121 4 7
416 45 17 117
128 94 31 569
189 106 32 199
203 174 13 323
385 143 1 130
262 197 44 616
83 196 20 547
324 42 28 441
430 186 19 401
33 3 20 452
232 20 1 314
259 194 27 239
73 47 7 175
99 44 49 50
314 42 1 309
124 199 13 21
238 41 49 339
53 152 25 545
375 106 32 273
379 41 22 217
147 100 47 100
165 58 37 505
321 81 27 558
184 157 1 4
136 35 44 302
441 172 33 266
423 114 7 379
418 138 5 414
442 29 34 664
362 171 19 247
255 196 43 293
485 29 20 516
2 61 37 25
243 11 13 358
277 112 27 637
315 130 31 410
365 186 49 719
431 128 4 303
100 5 40 161
90 137 43 283
131 74 10 560
351 183 35 603
9 55 15 676
240 87 14 734
36 91 43 231
325 122 14 326
323 82 43 709
54 85 26 186
299 115 40 541
216 113 31 465
33 53 37 253
58 30 25 373
132 70 25 74
481 120 25 602
264 68 7 47
265 99 14 128
92 96 31 392
195 59 4 267
457 53 8 333
56 130 49 484
449 68 50 418
432 120 13 262
128 178 23 134
123 146 4 29
356 184 1 521
153 81 13 366
392 84 7 421
237 11 16 232
139 186 31 205
57 173 23 584
267 165 13 13
254 58 19 670
473 62 37 285
392 173 13 531
429 13 25 552
223 12 28 271
495 64 50 211
452 157 13 110
101 199 8 173
224 94 21 569
297 8 13 71
422 87 31 357
468 196 19 83
273 59 22 267
115 199 1 545
364 3 45 348
32 79 25 261
395 75 1 349
138 105 17 218
443 70 25 293
336 88 9 83
321 4 19 340
99 17 22 274
398 26 37 697
52 84 49 279
332 43 44 607
58 117 17 492
89 189 31 366
77 27 38 260
235 84 7 642
215 87 15 375
303 27 19 550
75 192 50 490
242 30 19 672
440 96 13 524
122 170 13 228
174 145 25 730
244 19 49 51
378 155 19 542
243 90 37 326
196 10 37 423
321 25 1 165
148 40 7 118
468 17 49 750
48 13 32 494
297 126 31 482
31 141 20 572
331 5 49 258
209 17 25 272
326 181 31 365
241 124 13 190
353 194 43 477
68 110 25 647
245 106 25 42
324 29 44 651
298 165 22 470
129 173 50 531
125 179 44 82
68 172 5 288
412 176 49 110
102 161 25 35
26 41 4 638
418 195 17 673
46 43 19 421
390 168 29 398
230 47 19 524
432 94 3 504
401 3 34 585
67 198 7 733
492 30 39 675
326 69 37 436
337 75 7 324
146 149 11 266
80 125 22 742
140 46 25 30
494 90 7 163
446 164 47 535
146 183 4 677
384 33 31 673
306 47 25 57
179 191 13 626
50 37 16 79
414 14 15 267
348 129 1 479
207 25 37 323
362 73 25 491
334 54 19 117
71 45 13 428
286 133 13 679
5 55 43 566
304 149 4 237
34 103 7 55
126 11 40 157
494 191 49 512
221 10 1 646
243 75 8 168
312 123 43 211
360 37 32 79
343 178 25 320
210 102 20 747
263 16 28 737
280 106 37 344
303 60 31 385
125 124 7 231
158 139 43 304
327 153 19 73
263 29 10 98
470 63 40 155
217 153 31 521
369 176 19 373
27 52 25 290
469 170 31 312
451 82 35 188
228 27 4 115
459 15 7 424
108 136 31 619
219 151 7 587
217 68 5 82
272 33 3 116
395 120 51 423
242 91 14 174
98 197 7 549
406 115 45 541
112 183 11 449
436 98 31 239
233 24 9 607
360 45 29 88
318 58 31 476
108 27 40 48
401 87 55 592
145 198 4 514
383 172 35 90
469 69 52 436
329 198 22 512
2 18 19 665
286 4 15 23
469 86 35 541
38 130 37 243
9 159 28 494
452 162 8 312
290 173 17 584
383 28 13 170
86 45 19 436
36 115 19 207
454 50 1 712
336 51 19 560
118 91 20 273
40 98 38 384
198 44 1 534
117 5 44 466
307 192 49 464
498 197 32 549
22 155 28 286
172 75 32 134
280 30 56 35
96 175 31 546
13 87 8 375
141 21 51 329
19 200 38 139
27 164 1 5
330 84 5 421
95 53 28 730
40 24 32 298
330 156 49 250
500 39 11 110
215 189 19 455
111 172 15 599
466 122 19 171
303 199 14 30
468 50 13 466
391 23 25 111
19 30 25 192
126 184 1 703
390 160 11 520
271 137 25 604
8 72 4 83
145 71 23 239
321 34 34 319
470 58 7 571
340 157 25 38
62 80 25 227
340 183 11 479
432 173 10 464
97 52 13 598
57 39 47 186
98 24 1 73
457 89 26 142
317 44 37 202
247 71 11 506
318 40 1 414
39 11 7 232
91 124 4 114
200 114 31 40
309 186 1 541
159 70 21 734
442 171 8 495
84 67 5 467
245 41 13 614
213 139 55 672
361 83 29 575
298 30 1 121
322 16 31 253
136 54 13 405
180 63 7 667
307 44 19 744
416 69 10 182
386 167 2 493
178 104 31 32
266 38 19 541
208 176 45 515
3 127 45 55
482 78 43 452
343 34 10 738
445 154 7 592
312 27 49 161
272 172 20 90
372 100 19 197
402 179 51 440
105 102 29 206
338 81 23 503
442 28 43 14
296 73 1 644
66 101 38 638
120 116 37 350
113 37 26 474
331 113 28 291
488 64 7 15
46 23 16 374
447 66 40 138
265 78 19 618
358 17 49 683
433 182 13 46
29 137 9 709
149 129 43 450
368 117 22 52
241 171 19 34
199 60 37 28
468 139 37 316
451 42 8 125
428 40 13 443
271 193 1 402
417 81 44 279
293 194 25 345
427 131 11 155
39 97 20 168
487 144 19 264
405 102 19 576
74 77 7 719
274 70 13 282
24 63 26 427
496 123 7 628
369 35 39 634
89 14 44 360
3 11 16 31
192 53 53 266
235 107 10 407
280 116 13 433
453 190 20 287
188 44 37 240
201 181 55 725
314 51 3 346
201 122 4 184
342 199 33 60
422 161 49 541
286 52 32 631
296 179 13 456
400 112 43 524
345 121 2 462
61 89 22 20
160 119 43 609
361 37 37 96
174 165 37 403
200 77 56 93
476 30 1 34
47 130 49 243
183 21 10 687
444 122 7 38
398 169 19 47
74 115 4 413
160 21 1 217
258 10 40 137
106 31 50 59
251 186 38 602
37 180 7 109
11 106 3 426
256 118 19 339
143 160 31 710
37 85 35 562
117 139 20 258
442 17 3 158
492 20 50 637
363 31 39 549
367 176 49 602
263 75 19 72
495 131 26 749
435 61 43 239
264 124 9 204
267 162 7 304
323 24 25 679
457 43 14 349
41 180 46 216
146 61 34 659
72 7 4 666
6 185 1 592
399 33 16 86
259 62 49 470
494 198 22 125
372 161 1 717
323 187 11 292
40 189 55 394
70 159 32 124
357 75 31 349
189 152 13 271
194 29 28 264
141 41 1 439
342 114 43 103
405 44 1 149
45 193 43 679
443 56 49 436
166 153 37 196
321 95 17 34
350 146 22 407
188 32 26 384
280 84 22 409
123 70 26 231
413 115 16 433
7 169 41 222
280 137 43 479
227 74 1 560
464 193 31 701
278 20 43 13
374 194 19 19
10 27 13 601
433 172 10 3
178 135 3 145
402 171 7 154
234 69 31 363
158 107 22 725
429 67 13 577
399 25 37 625
387 197 32 183
454 92 7 613
413 96 33 200
225 54 7 285
298 59 40 637
462 87 39 635
286 117 1 372
411 23 19 111
310 84 41 325
376 159 55 641
176 117 16 155
423 195 19 435
3 92 2 361
176 17 55 104
72 128 50 303
344 76 28 115
390 162 4 625
426 31 55 441
131 138 39 667
271 158 31 233
65 10 19 270
313 191 49 176
139 117 8 344
305 138 8 29
311 101 43 444
153 143 15 441
254 137 43 467
292 48 16 43
362 128 35 364
229 135 43 175
204 82 33 36
382 142 23 213
87 140 1 37
440 111 31 118
478 54 25 337
204 49 15 114
245 195 21 673
219 107 4 386
444 166 11 383
497 143 31 268
371 83 19 727
228 109 37 527
182 113 44 237
133 130 25 206
96 193 43 491
74 33 15 345
342 117 13 339
425 198 37 166
3 159 55 152
319 73 19 57
348 68 13 121
82 64 19 613
283 13 2 131
30 73 35 495
175 163 49 326
329 3 35 117
202 24 20 488
138 112 19 749
305 3 5 610
29 180 49 216
304 28 49 114
46 34 46 566
20 30 50 607
465 156 43 229
41 101 25 115
357 157 45 646
410 154 21 17
429 147 19 429
245 88 7 648
356 143 3 733
482 70 49 463
477 144 21 252
309 108 52 565
224 151 37 169
402 17 43 683
469 159 4 299
384 59 44 458
497 55 7 70
340 37 38 79
264 173 19 668
17 130 25 434
399 121 31 444
121 142 14 395
474 32 19 454
338 10 44 636
466 103 14 9
415 42 5 441
326 12 26 47
187 72 46 248
268 167 25 688
388 165 22 102
37 137 21 283
488 193 15 679
216 20 43 516
263 164 16 21
403 103 19 673
494 72 57 248
215 61 37 702
82 68 21 49
447 44 9 214
166 166 29 723
414 183 27 620
206 182 45 198
63 191 19 389
101 12 10 324
69 39 41 22
274 193 37 701
453 41 31 123
453 45 34 341
277 25 7 490
136 63 37 81
170 130 19 434
336 18 25 233
446 34 16 603
478 71 43 284
176 80 22 406
449 200 19 238
337 87 43 149
499 159 9 85
97 76 9 540
364 27 32 334
313 104 19 465
292 31 26 103
312 90 55 61
1 67 13 255
44 47 13 285
488 9 13 96
442 60 25 354
17 65 31 150
114 165 25 323
241 185 16 214
404 123 25 413
24 111 1 359
32 21 7 409
496 198 28 513
60 193 1 78
363 147 25 99
199 73 22 644
338 113 26 335
492 131 11 56
157 19 43 51
3 21 13 113
376 13 17 277
283 197 55 616
111 136 56 508
76 165 38 275
284 112 25 216
25 96 25 409
461 144 11 64
28 81 16 366
342 28 49 376
84 78 8 465
95 38 16 182
191 102 23 200
131 94 46 257
463 86 41 285
416 70 19 232
200 125 25 633
9 104 43 280
469 109 13 656
130 170 1 677
104 22 1 707
278 103 53 399
418 194 38 665
5 192 22 235
167 63 16 24
304 183 22 719
90 33 8 538
462 166 49 179
255 43 37 421
107 177 11 286
320 77 37 653
221 104 25 364
178 83 13 486
342 128 22 594
493 124 1 371
153 129 1 731
334 36 15 483
488 134 44 459
315 174 28 712
481 88 7 567
427 28 7 305
427 12 1 273
170 44 2 723
122 130 7 430
474 94 27 504
281 70 43 288
343 35 1 538
134 149 35 237
238 88 46 6
431 93 13 502
473 16 17 416
182 180 22 96
268 64 17 136
491 145 5 535
480 172 11 159
311 109 31 718
43 34 25 566
213 123 8 376
282 197 49 590
377 30 44 555
27 109 13 390
80 89 8 142
40 124 19 203
59 50 13 164
472 41 37 376
52 148 43 405
88 155 41 230
88 85 29 489
359 188 32 649
283 134 7 57
463 125 31 664
476 144 16 173
181 9 16 698
263 58 45 151
332 119 8 102
38 46 43 246
218 27 52 334
134 68 10 742
3 6 9 54
452 120 45 35
132 199 5 5
417 57 32 167
339 181 1 635
289 9 19 611
388 179 13 321
113 85 17 352
221 110 43 553
374 102 35 206
402 112 31 577
51 123 20 698
114 176 43 654
250 84 20 325
273 136 37 507
332 58 31 670
415 53 40 7
477 107 46 214
276 22 15 710
224 165 28 323
397 69 31 628
302 102 38 737
76 130 44 633
432 125 27 212
285 196 37 572
460 124 13 462
364 90 14 419
496 174 13 675
214 3 25 183
60 17 31 158
488 12 10 645
61 191 50 391
256 164 23 142
104 169 29 559
226 199 7 60
298 159 15 245
168 143 17 33
64 182 31 564
120 137 55 154
167 40 45 295
94 198 31 434
170 37 49 732
329 191 7 147
203 66 44 9
289 74 13 354
82 31 49 445
475 103 35 55
387 60 38 249
184 113 39 711
214 148 28 552
146 200 7 156
207 48 19 361
80 178 16 320
78 133 4 280
299 159 50 426
229 136 25 254
213 99 50 514
310 72 38 415
384 105 1 648
118 101 11 685
439 191 9 434
443 71 5 239
328 41 55 418
308 112 39 401
352 109 9 378
17 182 1 264
29 80 45 220
99 66 26 9
59 35 39 145
16 110 25 407
500 194 13 641
496 163 37 331
6 140 15 460
411 104 31 396
116 40 13 183
231 39 17 677
349 122 49 359
487 92 51 256
85 4 25 712
334 68 13 418
428 114 25 590
285 47 8 625
110 176 25 515
293 115 55 260
361 98 1 95
427 186 25 104
58 42 19 441
317 86 47 488
184 88 16 706
363 119 31 342
67 48 10 443
323 45 34 356
348 166 25 403
499 196 43 547
31 22 2 696
459 187 10 360
267 67 19 508
142 54 1 243
399 48 55 267
483 15 28 544
415 74 10 747
415 54 49 670
192 46 19 182
483 110 8 52
29 153 25 394
94 180 3 329
452 22 25 700
387 153 25 521
25 62 43 414
345 105 31 563
301 56 25 50
259 51 13 576
205 159 38 15
98 61 4 161
224 59 14 162
297 181 1 594
130 21 35 113
295 55 10 611
420 139 7 258
170 193 55 662
305 159 44 438
186 139 25 577
228 152 31 667
32 77 13 587
146 110 22 90
3 14 5 686
269 82 8 36
17 178 44 453
266 21 1 476
327 81 43 505
221 62 37 75
61 125 19 566
275 167 21 278
129 43 1 232
209 44 49 340
147 10 37 589
425 85 7 695
249 63 46 155
137 160 41 68
69 74 20 393
395 101 10 115
198 9 17 610
240 96 31 144
1 57 34 705
49 29 33 98
236 110 16 746
167 68 31 82
406 127 16 219
167 84 4 147
314 159 19 426
295 110 43 71
333 106 28 426
423 15 16 581
471 45 47 733
318 144 35 199
13 86 14 63
437 127 26 570
103 8 2 459
27 8 40 702
97 117 5 339
431 89 10 337
458 28 19 11
163 185 46 475
329 153 55 275
288 55 7 278
458 196 43 83
237 189 43 234
458 109 13 527
35 89 4 256
193 51 43 26
26 52 9 631
316 43 4 475
273 191 49 721
296 120 3 678
213 69 1 732
264 184 15 703
116 49 28 534
174 11 1 395
232 120 40 90
463 3 7 705
403 164 5 12
457 128 10 46
214 68 13 305
233 146 32 327
77 145 10 42
383 169 38 190
62 93 15 539
162 39 9 110
108 2 35 53
5 124 13 427
432 149 33 77
288 184 20 736
274 2 1 303
410 173 19 54
468 77 7 526
234 163 26 40
112 24 13 111
32 150 39 185
265 64 2 653
433 179 26 652
318 145 7 42
359 82 10 743
71 27 19 395
201 156 38 250
481 133 43 329
255 48 49 461
73 98 55 95
436 99 21 263
147 113 13 747
314 115 50 656
52 181 55 572
55 32 19 352
177 79 43 442
249 134 9 180
394 15 16 351
408 87 31 197
46 36 55 564
308 190 9 705
213 7 13 470
40 11 4 232
247 106 7 426
330 194 33 668
321 174 22 414
88 139 49 550
258 198 31 513
254 193 1 294
315 185 25 431
333 11 51 112
20 172 13 544
369 148 55 632
53 11 44 552
187 80 37 308
209 72 19 471
7 91 35 249
267 107 49 21
367 59 20 290
275 179 31 652
335 103 47 307
350 104 43 101
99 45 11 650
183 31 55 445
134 34 19 165
129 71 25 497
4 90 37 434
364 94 20 113
133 65 43 130
257 32 49 563
387 64 19 664
258 188 37 381
225 100 4 544
338 114 7 347
460 3 40 191
432 153 40 394
426 7 25 666
337 96 19 144
327 53 37 266
82 91 23 160
234 188 21 338
207 199 23 120
84 187 26 608
332 4 49 126
26 65 19 226
55 72 7 77
196 58 19 151
150 149 37 197
38 37 32 6
270 11 4 663
458 161 37 637
19 3 43 117
177 41 8 638
275 182 25 198
377 41 19 570
361 173 32 466
486 150 19 707
382 164 35 713
44 135 44 200
330 49 14 303
199 196 56 417
228 192 46 88
227 84 23 578
466 166 49 280
206 180 19 659
65 61 22 25
278 144 11 690
421 178 11 352
293 65 1 88
96 150 9 609
111 159 34 451
393 174 37 349
247 67 51 189
161 8 28 159
14 130 9 65
26 149 40 199
5 177 37 545
500 180 37 659
70 149 35 155
78 43 25 612
371 160 14 74
63 138 13 681
33 63 31 44
122 42 2 28
216 186 7 64
217 142 2 589
409 98 31 156
355 142 23 428
323 126 40 122
148 144 28 343
235 65 55 730
150 4 31 624
46 98 27 95
486 37 15 96
48 59 8 162
224 75 46 72
496 25 55 747
493 24 43 408
472 150 28 707
21 74 44 389
138 76 1 540
401 114 44 251
408 106 43 52
422 30 7 555
154 184 25 718
466 25 9 593
380 35 49 302
232 5 25 748
353 29 27 613
258 66 5 633
252 179 38 520
289 89 25 556
128 49 15 248
326 194 44 431
14 162 2 424
156 184 28 525
77 36 25 113
475 157 1 89
22 174 1 201
392 2 15 651
392 77 2 519
82 173 10 222
5 166 39 723
195 5 7 645
4 189 13 739
431 94 40 707
259 100 5 670
150 49 16 585
20 175 1 210
305 170 34 354
422 158 43 181
384 76 10 123
77 38 31 644
170 161 52 599
111 43 10 421
62 173 13 373
327 118 1 245
455 182 3 286
317 10 33 270
449 46 15 139
33 7 43 498
137 75 22 324
197 99 43 632
43 124 13 585
146 55 27 701
20 110 43 746
486 80 43 227
94 134 43 217
330 106 44 426
217 71 14 12
177 90 19 449
168 12 8 86
20 93 31 65
442 79 15 269
489 192 10 391
89 27 1 103
182 51 34 342
374 70 37 288
105 108 31 295
464 149 29 726
266 182 3 564
431 157 31 646
423 59 22 417
97 91 19 620
227 34 7 209
375 155 17 143
168 179 25 226
492 24 25 696
450 123 43 336
316 151 31 30
56 67 29 428
495 48 44 173
8 20 34 316
262 137 7 299
367 15 38 188
52 143 11 731
424 15 9 551
302 34 7 738
286 180 50 659
277 44 14 340
302 56 34 719
496 100 23 679
221 119 13 342
195 103 44 543
137 163 7 338
101 84 5 549
307 37 15 732
84 105 22 543
237 6 26 655
396 41 10 238
233 116 4 746
182 7 52 425
432 177 7 536
35 81 26 309
262 14 37 666
438 13 25 440
70 152 13 84
127 14 17 596
256 68 1 640
448 2 5 53
148 58 2 505
474 16 32 750
180 42 27 28
393 136 1 259
179 99 25 514
230 41 28 302
272 54 22 748
327 119 17 327
242 166 1 403
78 174 1 115
484 39 29 204
62 8 43 549
490 195 19 527
497 195 19 525
72 112 20 500
55 54 44 74
235 186 43 131
406 85 29 151
483 170 40 290
371 166 34 25
201 117 17 29
96 57 27 318
281 40 13 506
186 123 43 352
106 16 23 591
444 17 38 479
497 74 13 371
279 87 1 446
250 83 10 588
454 13 5 131
483 130 13 65
259 4 9 542
286 170 3 578
430 3 25 452
159 100 19 391
140 172 40 163
474 172 16 532
289 72 37 418
491 11 25 492
39 116 13 212
249 38 31 108
318 54 43 372
435 83 5 424
75 24 7 736
66 20 28 431
294 38 34 97
462 3 17 480
26 88 1 1
430 153 43 520
238 75 10 406
373 173 17 398
11 170 7 117
153 25 43 303
485 166 31 100
137 152 49 658
272 75 8 16
257 170 37 480
287 157 43 542
294 101 31 745
104 40 31 506
422 70 13 615
203 141 3 476
48 180 43 684
373 3 43 348
80 177 41 466
74 152 55 271
300 40 19 294
141 2 39 651
107 163 3 664
45 138 51 446
219 186 31 530
149 96 19 545
422 163 1 634
178 82 5 302
152 90 25 529
189 7 20 94
453 20 40 385
284 69 40 489
68 47 21 57
334 157 43 729
163 5 25 707
469 131 17 97
275 114 49 379
27 54 43 446
336 68 31 49
475 170 25 312
169 127 37 219
327 35 56 538
475 144 16 482
126 124 5 396
359 70 25 463
417 48 19 635
63 30 44 373
187 174 19 712
385 57 22 421
32 90 43 500
238 22 22 667
199 188 1 627
449 183 29 187
223 107 2 21
248 79 37 486
392 93 26 143
357 142 17 198
122 53 16 590
50 146 19 624
339 17 28 227
239 131 37 224
319 180 39 456
47 42 3 251
30 65 26 67
366 151 1 169
68 19 31 373
327 110 39 553
261 134 19 180
284 192 1 571
305 191 25 346
211 129 3 431
286 194 37 641
270 162 25 212
144 147 13 288
4 165 19 443
28 183 11 603
99 169 5 151
444 109 31 743
283 53 29 508
62 156 1 652
127 135 31 230
430 99 3 37
158 130 1 406
211 134 26 60
173 15 4 366
121 34 21 209
446 170 40 709
20 164 23 715
253 192 57 235
307 186 55 202
326 199 11 329
161 55 49 720
202 167 23 316
28 108 37 560
27 127 19 559
478 160 17 744
211 143 29 577
64 135 15 356
422 187 17 608
118 8 16 71
356 39 49 204
434 56 31 277
294 87 22 325
395 16 7 214
67 106 31 515
43 157 20 514
271 162 53 355
45 134 13 617
138 12 31 190
75 142 23 131
261 192 56 653
253 159 44 714
176 158 13 629
479 153 37 646
185 73 38 347
459 134 13 512
54 116 13 551
370 183 11 621
304 189 43 152
204 119 9 351
215 138 13 414
467 149 17 199
237 86 5 731
65 119 29 327
287 156 31 559
435 50 55 304
337 186 49 160
69 34 10 2
499 135 7 356
285 185 51 559
362 91 50 249
354 63 34 24
366 197 56 395
102 25 31 593
423 119 5 529
314 165 34 312
365 120 3 301
28 166 5 309
353 121 4 705
22 132 14 125
251 22 23 228
222 69 40 732
55 105 35 612
232 115 16 193
253 10 7 374
237 177 11 423
277 52 32 514
317 19 43 393
52 41 3 614
295 179 25 82
64 83 5 735
60 83 8 353
11 165 10 26
280 179 7 621
134 25 38 19
434 48 39 51
31 6 37 655
358 187 11 102
330 44 25 78
391 11 28 265
489 120 40 378
409 36 5 36
292 74 40 560
254 40 49 443
106 124 19 217
395 31 31 59
258 39 3 22
36 176 7 114
195 178 29 158
236 86 13 181
198 148 31 552
469 160 50 74
346 13 38 131
248 10 34 709
165 179 31 67
267 104 2 292
484 157 45 4
433 137 19 705
480 191 37 721
106 90 13 449
355 89 1 212
224 88 56 99
89 78 17 465
464 60 19 693
266 29 16 370
460 140 44 436
465 47 21 709
265 155 7 2
222 146 9 539
441 53 8 253
138 159 34 641
171 153 4 601
479 174 13 574
347 120 9 532
220 94 43 563
243 199 29 283
463 131 19 106
109 72 1 248
69 122 15 171
291 162 32 102
242 10 25 472
103 61 10 282
110 159 37 577
260 26 7 444
18 41 39 339
204 100 7 391
155 46 37 447
119 177 31 87
144 90 45 495
439 133 35 679
316 102 14 244
493 89 40 142
479 40 43 443
193 105 22 211
154 90 55 372
55 147 13 511
5 132 2 455
15 59 1 458
261 59 4 485
270 19 50 372
477 46 37 360
344 94 4 125
18 25 1 691
465 29 9 583
359 102 19 200
247 176 37 276
137 135 1 591
133 152 49 257
102 78 13 385
362 77 43 287
417 70 15 463
498 96 13 116
52 127 28 617
391 123 31 352
118 158 34 198
443 114 37 610
3 197 37 590
322 151 7 169
338 14 11 415
336 36 7 35
230 147 13 280
233 66 17 9
31 169 15 503
141 125 4 726
440 124 17 371
356 78 11 712
289 73 7 644
262 161 20 156
34 82 32 481
273 169 11 242
428 59 7 290
417 143 23 399
472 29 46 747
23 168 43 556
146 144 44 264
191 121 25 629
156 131 35 48
351 189 26 573
420 133 5 317
152 94 7 692
112 146 19 517
377 14 5 702
89 193 13 545
6 143 10 441
183 58 25 449
223 61 31 659
307 151 37 93
323 114 55 677
421 103 53 736
217 120 43 706
408 109 19 593
337 15 39 581
369 165 1 335
101 58 31 428
349 74 38 483
491 104 49 292
251 31 7 708
367 32 14 533
488 151 25 385
184 134 31 306
217 5 34 221
435 11 10 745
236 141 2 253
301 29 10 389
282 30 1 276
198 152 19 509
328 104 7 99
26 58 15 387
341 22 11 600
79 156 25 367
440 97 19 63
35 133 34 280
87 124 29 170
430 38 14 324
485 16 7 518
103 58 13 131
494 96 37 440
182 15 26 358
96 163 1 23
242 196 3 603
185 37 16 523
94 9 1 96
319 181 25 328
349 149 10 361
123 160 17 348
207 57 10 471
409 159 38 426
251 128 3 207
37 122 31 502
201 69 1 312
175 14 13 716
361 19 25 471
224 52 9 197
123 163 31 343
161 4 31 126
253 81 25 505
252 54 31 191
30 61 4 320
79 91 13 337
290 137 55 322
156 120 10 308
388 116 56 87
247 54 21 405
437 196 2 572
449 64 1 224
88 109 25 594
182 29 49 246
92 25 55 303
391 199 19 21
285 133 28 252
401 115 20 5
283 102 13 206
253 115 14 582
240 32 7 212
289 26 31 146
465 13 17 495
373 74 19 366
120 81 25 157
393 186 25 419
378 182 25 493
240 92 52 49
67 7 28 516
396 169 17 543
239 46 3 585
464 65 13 609
354 66 13 138
82 172 5 599
156 79 31 442
104 148 16 481
413 21 8 113
320 104 7 744
162 123 49 628
331 133 46 252
70 118 19 469
414 42 49 163
256 7 3 692
388 74 1 536
60 54 10 191
179 142 7 213
438 57 4 167
294 183 10 647
372 61 4 25
499 142 16 611
260 78 34 608
133 122 37 502
108 6 1 581
322 170 39 69
311 156 2 369
158 145 34 381
400 179 19 4
147 37 44 660
199 179 44 456
308 88 25 173
399 188 4 698
412 185 25 132
180 135 43 180
42 136 31 355
322 131 5 106
459 111 49 489
7 185 25 141
336 133 34 317
117 85 7 314
462 59 7 18
249 62 1 287
228 56 16 241
273 71 28 378
330 160 31 740
123 170 57 159
221 103 10 235
306 129 19 565
76 193 26 402
231 50 50 268
218 20 1 656
251 14 21 344
323 186 13 38
22 33 37 109
422 197 19 608
104 4 7 524
18 51 43 307
308 18 35 551
282 82 5 68
250 69 43 312
451 13 10 494
233 6 26 54
80 112 43 572
67 27 25 260
234 28 43 120
470 142 5 159
347 52 13 397
279 157 19 464
38 132 19 318
257 195 5 719
257 118 25 519
479 124 16 203
148 169 22 136
394 166 7 403
135 16 31 214
326 51 22 688
128 33 37 21
483 192 43 172
218 73 4 347
6 138 25 504
5 153 50 70
365 132 31 585
144 5 28 466
384 13 23 207
497 40 37 506
392 41 9 195
368 63 37 720
268 12 31 235
173 176 7 731
86 136 31 55
186 17 33 213
334 31 37 411
190 197 50 102
373 157 49 432
424 131 7 513
2 27 15 699
368 153 33 682
414 35 43 634
466 177 7 545
155 102 35 82
356 15 27 702
197 25 19 445
158 74 37 317
110 52 19 557
416 8 14 728
460 19 25 137
207 109 1 238
37 156 27 443
107 187 23 114
216 119 23 351
343 113 43 44
64 38 49 704
141 84 17 549
380 101 10 393
241 150 1 672
365 173 25 155
150 43 13 607
225 133 1 280
241 112 43 409
294 45 5 392
304 164 1 286
306 177 10 474
141 62 27 503
160 107 19 447
474 105 2 495
491 75 43 717
191 195 52 333
350 30 37 35
244 102 23 348
362 98 31 384
287 185 57 146
215 74 49 632
196 152 43 244
219 135 11 351
192 91 16 372
223 199 11 71
408 126 7 371
310 177 1 474
164 59 20 18
14 61 13 643
477 29 2 370
222 182 27 34
54 95 5 377
56 54 4 405
355 162 7 718
145 67 31 749
301 32 13 563
175 15 45 256
19 122 31 447
303 54 1 670
75 70 32 425
300 17 13 291
235 82 2 709
84 150 28 672
332 11 15 647
413 48 27 675
429 185 40 132
284 191 19 729
264 161 21 419
447 187 17 602
473 180 4 54
221 97 22 471
346 115 32 68
71 4 25 624
324 16 17 250
336 8 15 459
425 181 43 594
244 123 2 387
179 84 50 651
273 31 32 112
313 129 39 380
356 198 21 281
157 133 14 420
352 168 41 5
54 112 19 97
64 21 26 4
171 25 37 165
479 5 31 748
75 95 5 696
164 67 5 189
500 7 40 570
228 161 13 555
232 36 11 86
498 117 19 321
16 33 16 95
98 91 21 620
261 12 13 17
319 135 29 519
49 187 11 240
136 135 9 432
228 113 55 306
397 97 10 79
490 188 49 332
248 17 43 605
475 147 37 9
288 42 37 57
48 98 34 239
103 159 37 245
466 191 37 147
103 153 32 335
428 67 3 503
376 184 39 39
71 83 41 522
260 82 43 289
168 14 31 716
363 47 33 175
192 140 11 288
128 101 5 1
279 6 31 581
161 166 5 379
172 187 1 29
337 94 15 235
49 15 7 505
350 15 49 399
128 151 7 82
260 39 1 488
439 104 51 364
473 133 7 329
418 85 29 698
298 48 43 104
484 199 17 329
126 125 37 742
165 90 49 561
353 113 10 465
174 82 4 709
360 25 15 336
160 128 31 88
86 34 2 647
441 70 43 241
80 159 13 438
4 197 9 183
354 69 15 208
171 77 15 318
37 83 11 402
400 70 26 288
161 137 55 424
356 140 19 605
369 120 10 247
499 7 19 512
304 186 55 724
241 144 28 64
420 109 37 60
375 190 1 736
346 59 49 451
159 195 43 333
424 92 43 89
291 116 13 501
61 109 15 718
364 122 37 359
478 145 28 42
64 93 40 214
464 138 7 21
146 116 19 573
357 141 27 541
146 12 40 324
206 80 37 583
134 152 1 84
485 53 29 66
495 73 16 491
13 116 16 551
283 199 22 354
177 12 16 653
433 132 31 703
329 47 1 133
188 102 41 128
22 156 55 369
87 146 50 8
375 82 7 289
274 156 55 443
55 94 51 584
291 143 37 473
495 19 32 107
412 169 19 81
168 102 3 348
228 165 43 42
234 132 51 143
301 165 43 335
486 97 55 167
128 45 13 115
146 127 13 92
107 52 31 557
254 132 10 125
126 14 31 746
32 18 11 665
450 76 7 570
156 4 19 100
190 14 15 702
296 50 7 132
174 12 10 480
337 26 55 689
154 160 37 744
312 158 22 629
239 195 7 440
64 57 35 617
370 114 49 677
150 38 50 39
455 183 13 227
404 27 21 601
347 131 17 612
440 175 43 28
111 154 43 320
447 141 19 134
231 158 31 629
499 108 3 567
100 56 16 436
478 83 14 611
227 168 11 606
476 91 10 439
461 20 34 283
335 7 31 257
419 122 43 24
198 81 5 279
60 24 16 294
28 138 23 576
223 110 16 331
31 106 26 726
441 9 4 457
415 172 16 90
268 138 37 357
119 123 50 92
281 118 1 153
342 173 11 373
492 73 29 596
333 20 25 93
191 3 19 627
397 50 13 311
166 8 19 549
64 43 7 497
70 33 4 209
389 25 25 593
240 193 37 168
90 149 13 155
168 173 22 369
414 48 31 596
42 152 43 509
60 182 37 578
113 100 5 502
115 110 55 527
175 93 4 283
239 127 10 66
484 43 37 688
90 20 31 431
170 157 25 559
1 132 9 602
319 131 7 283
384 12 7 658
139 120 25 670
458 20 25 170
419 23 37 321
419 72 31 93
23 97 13 127
270 128 8 207
464 183 27 48
125 21 5 349
34 9 41 521
415 72 33 471
112 79 55 105
243 142 55 565
254 196 32 201
25 64 17 211
12 59 26 18
409 59 19 485
229 151 7 517
40 39 26 488
380 32 39 13
190 37 1 579
313 152 31 658
438 3 13 627
227 29 25 446
36 39 1 483
493 107 3 272
231 155 41 62
215 45 29 137
236 149 9 266
171 131 13 48
419 144 26 264
1 88 25 12
348 107 15 625
129 178 11 619
455 12 50 172
119 195 29 435
130 112 55 317
166 17 13 104
419 66 4 138
115 195 10 333
221 79 49 217
434 33 9 116
153 97 39 341
281 139 55 379
62 182 21 40
347 9 40 166
399 137 25 467
204 102 35 576
155 193 1 555
45 85 27 62
27 66 52 304
261 196 31 572
321 27 43 698
295 153 32 196
207 192 25 210
184 61 34 277
389 149 17 367
5 134 15 544
493 151 55 169
164 155 34 346
252 189 25 366
20 200 8 659
121 13 10 509
234 121 34 462
359 79 13 28
49 59 22 26
378 137 13 604
251 36 1 714
63 177 25 600
490 189 38 234
70 8 43 533
434 158 4 325
46 71 23 356
222 176 13 396
393 80 34 583
78 147 19 630
123 28 44 265
456 76 49 540
302 29 40 255
230 140 10 37
326 15 7 26
159 177 7 171
109 53 11 184
300 63 43 64
423 177 11 171
24 176 37 654
275 20 4 556
316 139 19 602
470 180 33 4
23 126 33 164
151 153 4 525
448 167 22 145
347 140 7 451
282 103 35 416
410 42 52 163
341 87 21 375
175 195 11 103
403 96 43 70
338 25 38 442
219 197 43 345
463 148 37 510
291 148 49 320
17 77 13 526
115 153 27 125
133 35 19 176
88 200 31 19
237 23 31 301
366 33 34 427
433 120 7 706
106 134 44 388
483 77 46 40
480 4 7 23
499 190 50 644
444 30 13 297
395 119 23 415
365 200 27 704
197 62 31 503
56 108 1 376
254 104 56 32
44 71 26 388
379 142 7 428
108 87 10 149
244 94 31 94
349 185 34 473
382 171 13 220
36 3 3 748
280 37 3 3
263 4 31 540
58 196 31 293
244 87 43 75
476 51 31 304
427 15 31 409
114 199 15 608
121 72 31 11
204 145 19 704
426 184 9 410
243 22 2 242
352 167 29 338
240 5 43 484
11 65 43 67
129 94 55 569
235 30 27 190
464 13 5 536
410 71 13 621
493 112 14 572
318 41 40 674
383 196 31 177
201 10 31 137
252 108 34 560
71 56 7 11
32 122 49 38
91 63 22 165
177 9 3 330
58 102 35 747
175 180 16 636
423 170 38 677
499 136 25 355
487 101 39 685
140 157 50 728
109 147 19 511
272 46 31 671
374 198 16 415
467 186 37 205
86 108 25 162
104 188 10 32
17 10 19 130
400 188 31 645
193 40 37 393
59 6 19 487
198 161 13 197
209 43 9 293
340 87 1 502
431 116 51 746
176 22 7 640
379 83 19 588
194 123 1 163
415 41 1 497
59 65 44 159
172 116 25 746
444 136 19 347
66 166 1 25
265 30 31 419
188 12 31 271
248 179 1 323
388 152 7 244
130 80 44 228
345 189 25 191
151 176 13 515
279 63 13 257
199 41 9 704
135 129 1 450
430 175 49 546
23 119 8 437
101 120 1 711
358 102 5 348
335 73 25 596
66 39 10 677
315 20 20 637
92 192 19 235
438 110 33 647
288 198 2 513
216 168 11 5
165 166 10 280
225 47 37 150
411 123 43 638
26 28 49 245
66 92 4 102
462 52 31 250
273 56 7 468
335 12 27 724
9 168 9 504
443 110 22 527
394 141 14 70
170 105 23 568
231 168 37 504
352 82 43 661
350 197 13 542
409 171 1 577
364 42 4 530
114 79 32 275
419 74 10 483
346 77 20 551
437 33 37 496
293 50 37 304
387 140 1 746
345 83 35 575
183 79 43 105
143 192 9 695
4 10 22 270
256 185 32 550
13 102 5 576
284 70 9 729
395 165 44 481
471 50 37 748
226 125 3 668
343 146 7 8
351 28 9 732
37 198 13 487
313 164 10 63
82 101 37 530
179 196 9 477
167 107 34 51
312 139 8 262
445 157 31 345
343 165 13 275
98 165 15 312
488 118 3 593
12 171 19 220
195 46 15 160
233 104 49 523
96 170 55 404
473 90 43 225
119 5 7 680
216 176 37 342
238 87 37 470
8 11 37 647
277 39 11 488
195 189 37 152
95 80 22 206
56 115 8 433
194 170 34 404
396 25 43 434
226 185 13 559
58 125 3 508
329 185 26 425
485 161 40 501
447 13 47 103
487 16 4 550
453 33 1 434
172 38 19 610
130 188 37 32
35 102 29 598
451 52 49 115
128 14 41 599
11 187 13 114
427 192 13 88
71 33 45 496
81 2 53 362
289 177 10 87
52 25 37 533
114 42 8 309
91 16 11 550
368 44 1 744
78 120 7 453
389 172 44 435
387 49 7 40
360 16 19 446
271 50 37 492
5 41 33 225
182 137 37 605
260 9 56 37
133 124 8 190
143 130 14 484
244 176 8 357
278 141 2 448
295 16 14 591
79 167 9 717
239 135 43 694
314 161 25 599
406 77 11 120
164 106 43 334
56 53 17 66
76 38 10 39
97 162 7 727
407 105 1 67
56 136 37 259
391 156 50 229
407 109 26 97
394 134 31 388
202 155 17 457
220 84 37 598
187 139 31 237
33 76 16 729
19 142 19 439
318 67 21 472
360 91 13 620
396 53 1 174
197 89 16 393
51 142 15 198
270 117 2 339
133 107 2 297
194 168 51 398
382 153 28 601
151 40 49 663
51 13 7 172
23 18 11 236
29 134 16 180
40 6 21 390
187 33 43 366
77 119 22 342
466 54 16 405
283 172 25 544
116 89 1 256
496 176 1 110
490 149 17 727
320 170 28 563
362 168 7 556
387 198 10 733
165 96 21 392
403 67 22 298
197 37 1 728
325 92 1 399
207 12 49 235
97 189 25 486
84 17 19 417
249 169 23 97
320 197 43 59
88 61 14 25
209 136 13 564
382 74 43 354
103 69 25 315
391 187 21 521
353 52 19 397
226 87 31 592
299 144 27 429
83 158 45 259
216 75 28 61
166 10 31 423
194 88 25 148
276 35 26 59
281 172 22 159
286 49 25 532
380 186 1 419
290 74 22 536
441 132 19 639
371 182 25 581
145 18 29 236
382 131 11 485
244 186 25 498
14 85 7 562
130 8 7 702
446 69 13 91
139 94 44 592
472 178 1 411
67 61 20 181
207 149 5 155
89 20 4 316
3 12 19 615
338 174 16 308
74 172 49 599
213 110 22 485
127 132 46 703
93 160 1 618
445 31 1 549
500 175 32 255
35 27 13 260
389 35 13 176
7 43 4 293
132 136 49 508
56 127 20 92
335 91 7 195
285 146 43 624
134 184 5 445
363 14 2 415
193 65 49 159
65 22 13 700
132 16 13 600
279 58 49 422
15 41 28 588
65 151 43 535
174 194 55 412
466 42 23 443
233 18 7 551
72 35 31 634
425 169 13 503
325 147 19 133
161 25 1 445
404 177 17 538
267 66 9 9
100 90 43 433
196 159 28 24
223 69 7 413
412 57 35 611
257 144 23 482
85 127 49 66
478 162 11 359
484 181 7 140
152 14 49 90
414 39 7 677
44 111 21 530
230 44 39 192
174 177 23 545
179 56 37 608
107 114 25 582
482 114 37 604
400 142 13 44
397 29 7 336
333 113 1 413
105 84 25 147
393 56 16 330
246 130 1 126
23 23 16 458
196 146 49 624
186 113 1 306
398 115 1 663
498 146 4 156
236 62 44 674
386 55 25 200
393 88 19 1
372 178 23 450
30 181 31 265
464 115 1 337
225 36 16 14
223 129 37 398
262 150 25 717
236 40 19 663
225 106 13 186
109 175 55 605
450 22 35 734
472 49 25 24
17 166 5 64
269 155 25 230
332 33 27 740
410 21 40 731
219 117 19 108
176 199 20 579
73 158 31 548
385 109 13 584
270 176 31 276
323 49 1 463
9 96 31 565
427 40 37 159
193 125 4 384
85 81 8 649
137 11 14 124
234 190 13 578
95 163 1 155
451 12 19 645
455 69 7 182
353 63 1 427
466 154 25 395
206 121 4 314
318 150 14 536
206 109 25 527
29 196 1 20
370 113 21 385
428 123 32 614
93 108 25 539
208 97 50 286
333 40 43 294
411 48 9 445
230 48 7 104
198 62 37 587
218 51 25 635
67 151 44 664
238 95 26 138
207 120 14 404
329 66 11 367
195 188 25 698
172 57 35 684
21 46 19 139
420 157 25 423
171 165 55 296
401 119 25 102
8 50 51 72
251 140 25 735
6 95 5 517
290 26 13 229
162 155 22 437
483 114 31 726
354 94 37 584
189 91 35 118
201 74 7 366
154 52 39 598
233 113 1 66
301 199 17 322
145 147 56 234
24 48 45 452
405 64 21 648
214 106 31 551
10 162 11 750
363 82 14 246
163 106 43 199
12 56 3 282
391 147 37 200
430 96 32 116
248 52 49 724
412 44 39 644
495 32 55 563
301 12 31 459
233 160 13 364
282 86 26 308
274 46 19 265
368 102 13 560
288 114 13 677
177 145 5 608
261 190 10 644
16 137 43 194
437 151 19 169
136 30 20 675
369 32 49 698
358 147 43 630
116 37 32 371
40 190 8 181
278 54 16 670
306 39 29 682
450 49 31 317
321 60 13 628
497 45 17 633
138 108 4 560
229 44 31 240
96 152 37 271
378 185 31 117
141 189 43 720
263 43 34 475
268 152 45 271
86 198 50 404
468 74 27 473
364 105 35 581
183 191 19 696
173 172 32 433
343 135 34 553
334 186 55 64
113 20 7 385
212 166 34 383
318 166 11 179
22 176 9 396
296 158 37 467
382 62 31 587
185 20 44 385
245 152 1 381
300 39 41 254
183 29 31 370
108 95 23 571
306 18 17 378
322 125 21 535
117 147 14 234
325 98 28 464
261 173 8 584
436 129 7 676
455 44 38 534
354 171 19 350
488 91 1 252
146 84 17 56
379 80 28 362
381 191 13 147
96 67 19 651
379 21 37 187
276 66 2 325
481 193 31 294
440 26 55 650
308 84 1 642
317 90 26 495
83 189 55 573
259 36 31 689
25 196 56 243
139 28 14 11
12 13 1 451
129 108 37 648
165 196 55 722
265 93 25 588
344 24 34 73
239 39 31 152
425 119 9 55
85 193 13 701
418 72 44 332
331 33 21 109
310 136 51 472
429 101 7 136
58 66 23 138
127 77 41 120
81 9 38 457
126 64 34 661
26 103 25 564
86 54 39 670
131 132 31 573
496 197 19 301
18 49 25 509
192 84 23 651
380 4 43 702
435 150 40 115
477 26 32 640
74 126 9 590
181 99 13 618
391 136 7 619
344 50 14 268
472 143 20 173
300 112 37 382
361 71 11 564
176 28 39 658
366 99 7 514
86 123 43 628
358 136 31 403
422 62 55 503
57 23 32 321
101 157 37 121
440 161 37 156
441 199 16 414
92 177 35 657
321 39 5 186
334 177 31 426
264 110 45 331
368 118 43 593
196 128 17 30
483 104 49 569
66 137 13 194
131 146 25 244
333 144 23 690
82 125 2 401
193 23 1 321
368 67 25 255
193 171 25 589
216 7 1 41
195 127 1 362
302 199 11 334
234 2 11 362
214 30 7 543
424 73 19 198
39 138 29 277
33 93 28 539
59 89 31 283
392 179 31 323
295 142 17 6
280 88 40 647
233 127 46 617
364 179 51 82
325 110 32 620
296 122 31 637
440 112 1 409
128 30 49 555
415 34 7 319
205 188 4 32
372 113 7 605
185 40 49 118
51 99 37 128
476 163 37 612
456 2 32 391
138 161 43 637
163 154 19 607
164 75 1 61
209 75 22 717
433 176 49 634
402 5 13 332
461 58 37 428
358 11 21 186
450 180 19 138
58 16 7 591
139 53 1 508
41 30 37 526
98 29 38 595
352 146 25 127
85 50 38 72
392 198 37 512
204 62 2 470
404 55 55 463
358 166 2 600
193 63 7 383
385 5 19 589
40 177 29 600
262 40 1 410
148 191 31 570
274 77 53 318
421 89 28 217
288 173 29 162
181 103 22 48
500 60 55 549
128 193 25 713
42 47 19 293
339 166 37 456
468 96 1 284
311 125 52 305
266 2 41 85
497 98 21 285
372 25 27 687
95 112 7 572
341 123 38 106
147 47 19 726
460 71 23 4
395 8 26 728
449 155 31 712
6 58 31 567
359 12 40 86
336 105 13 648
43 60 2 616
240 143 29 268
13 173 1 531
439 164 13 322
157 156 2 559
416 91 53 43
202 152 25 257
79 120 1 308
85 150 31 71
76 10 31 708
426 194 19 477
425 47 1 175
323 76 7 480
87 184 34 290
358 103 40 399
328 156 26 664
191 91 17 147
87 88 31 706
313 194 13 431
125 2 20 277
253 167 38 493
197 155 9 62
79 87 4 592
159 7 16 425
275 13 13 416
425 54 16 395
210 5 22 529
375 88 25 705
4 66 5 203
120 115 27 487
490 26 31 730
267 129 26 653
250 128 31 10
100 15 13 588
383 142 1 213
261 91 29 195
364 26 25 229
169 16 35 115
264 126 1 241
111 76 19 242
62 76 40 123
266 168 43 268
360 63 2 44
15 142 9 565
152 3 10 748
414 81 25 279
109 75 37 488
297 91 11 118
33 95 47 266
202 88 37 464
87 159 3 85
94 107 7 120
417 51 2 576
169 63 44 410
176 90 43 490
68 17 15 479
100 78 11 470
270 12 37 235
477 178 7 320
438 83 21 424
486 64 22 118
116 138 9 213
496 23 31 458
172 130 7 230
381 190 38 703
370 147 55 411
194 191 45 391
97 88 39 609
342 127 3 219
200 41 1 225
214 46 15 554
316 74 16 51
314 110 43 647
383 144 17 690
267 164 34 12
117 26 37 669
79 108 49 560
366 128 32 46
105 32 13 231
235 60 49 148
283 103 41 181
294 44 44 192
448 163 7 639
211 136 8 355
487 83 7 575
23 109 20 30
350 122 7 184
489 156 19 460
455 97 10 167
378 21 21 349
429 21 5 409
152 165 33 87
256 123 13 352
258 122 14 184
376 175 31 478
363 130 49 105
456 142 5 10
343 24 16 408
209 174 34 349
330 78 59 465
378 91 29 467
259 29 22 303
121 85 16 301
460 80 10 199
158 162 40 727
149 174 7 143
390 115 26 451
399 81 35 279
235 119 19 24
73 4 10 702
145 80 14 230
261 76 40 649
368 158 19 268
493 105 7 24
49 18 19 623
326 195 41 134
42 30 25 447
311 117 17 321
319 184 17 432
476 150 7 13
15 46 25 731
206 176 51 342
358 6 7 236
27 7 3 63
497 188 27 32
312 54 38 395
160 160 3 302
163 54 55 446
371 193 7 354
451 69 3 430
255 190 13 745
76 65 13 569
481 68 23 418
399 88 13 83
88 189 37 455
494 47 13 57
258 165 46 26
331 57 5 557
194 171 13 355
258 200 25 485
205 144 50 125
48 195 29 673
161 106 13 29
5 121 19 87
174 115 7 208
54 96 7 178
149 88 1 609
148 113 39 306
10 191 25 669
234 177 9 536
466 90 1 619
359 31 21 708
169 8 40 547
178 107 19 740
118 138 2 636
79 128 7 311
427 120 34 706
480 37 4 650
92 180 13 684
309 173 17 546
458 93 1 588
51 18 3 80
283 184 37 539
300 38 49 259
44 116 7 185
332 162 19 581
362 130 27 243
337 110 26 331
343 28 37 172
445 97 55 471
110 156 1 626
366 115 27 250
83 7 34 78
105 199 37 115
240 104 1 557
341 161 31 555
484 59 32 162
188 146 55 734
320 2 11 53
405 128 46 378
454 85 9 683
87 196 37 406
351 166 7 693
445 191 49 389
151 81 17 121
159 150 28 630
12 163 31 155
168 129 33 676
484 14 23 678
218 156 39 10
328 83 13 575
137 38 43 182
367 139 1 547
75 58 19 571
411 40 13 153
185 32 55 425
31 17 31 479
178 80 49 308
412 32 9 425
274 73 25 459
139 66 29 522
352 2 45 362
299 75 37 569
386 97 19 27
453 111 14 411
83 103 1 447
271 11 21 745
188 129 7 578
Điểm tối ưu: 5996
Thời gian: 56.1018 giây
Trạng thái: PARTIAL
