3600
294 35 25 207
292 35 8 413
274 35 13 253
265 35 21 424
263 35 57 309
257 35 9 244
250 35 9 142
222 35 39 413
216 35 1 309
213 35 27 307
200 35 44 92
190 35 7 207
187 35 20 71
186 35 2 253
176 35 32 413
172 35 3 424
164 35 32 309
162 35 32 71
158 35 7 307
147 35 25 413
129 35 21 244
124 35 33 444
113 35 39 424
110 35 14 142
79 35 31 92
70 35 56 444
67 35 33 207
65 35 43 424
61 35 9 92
54 35 44 253
30 35 39 142
24 35 51 309
11 35 15 309
290 11 25 174
286 11 56 28
255 11 51 241
253 11 43 211
249 11 3 327
246 11 43 174
245 11 44 190
239 11 33 190
237 11 55 174
234 11 9 211
226 11 21 264
224 11 49 264
219 11 21 191
208 11 55 190
189 11 32 38
178 11 49 174
167 11 49 327
165 11 21 174
139 11 44 241
127 11 27 38
124 11 25 303
109 11 45 327
108 11 43 303
100 11 43 362
98 11 38 264
86 11 14 264
82 11 7 241
80 11 31 28
51 11 9 327
48 11 49 191
40 11 8 28
39 11 13 190
31 11 8 303
22 11 27 190
19 11 14 303
8 11 21 327
300 53 38 70
298 6 31 80
294 6 45 59
290 53 8 296
289 6 9 59
279 6 38 433
277 6 2 59
270 6 57 59
269 53 31 135
267 16 27 301
266 53 32 125
257 6 50 197
253 53 19 119
253 6 13 412
249 53 20 296
247 6 1 271
246 6 27 161
244 6 7 197
239 53 13 401
232 53 43 125
225 16 38 301
224 6 20 271
219 53 43 119
213 6 33 149
208 6 26 379
204 6 13 59
197 16 27 382
186 53 7 11
184 6 50 161
175 53 44 135
172 16 55 206
157 6 51 149
152 53 19 52
150 53 49 11
148 6 3 358
146 16 39 202
145 53 21 125
145 16 3 202
141 53 19 135
141 16 33 206
136 16 21 202
133 6 57 421
130 53 1 70
129 6 25 108
121 53 57 135
120 6 21 80
117 6 14 80
114 16 1 191
113 16 13 382
109 16 3 157
101 53 20 195
100 6 3 149
99 53 51 177
99 16 44 306
98 53 7 398
95 16 21 206
90 53 14 218
87 6 9 80
84 6 1 80
80 16 2 44
75 53 3 135
72 53 26 177
67 6 37 59
63 53 39 195
62 53 27 195
61 6 27 433
54 53 31 218
51 6 1 325
49 16 32 44
47 53 27 125
45 53 1 387
43 16 31 382
41 16 26 252
40 16 57 348
35 16 49 44
33 16 3 380
33 6 55 358
32 6 26 325
31 6 1 197
30 6 50 80
27 16 27 157
24 6 57 161
18 53 3 296
15 6 45 80
8 53 57 401
8 6 31 379
5 53 38 25
5 6 33 325
4 6 50 379
300 62 57 63
300 58 19 382
297 111 13 388
289 58 55 382
288 58 15 270
286 58 33 176
283 111 14 435
283 58 21 445
282 62 14 63
282 58 1 234
268 62 3 321
264 58 38 391
261 111 25 99
257 111 32 188
256 62 50 156
256 58 45 234
254 111 56 357
250 58 3 442
249 62 50 1
243 111 3 375
240 58 1 221
235 62 15 321
232 62 32 134
228 111 49 188
226 58 43 305
220 62 33 300
218 111 21 388
217 62 51 285
215 111 33 112
213 58 57 327
211 111 39 95
210 62 51 37
210 58 43 442
208 58 14 176
203 58 25 129
202 58 21 90
199 62 32 285
197 111 55 208
195 111 37 112
193 111 8 388
188 111 43 188
180 111 43 357
179 62 9 1
177 62 19 75
176 58 13 327
174 58 19 176
170 111 51 342
161 62 37 300
159 62 55 17
155 58 55 90
146 62 15 55
143 62 26 446
139 111 3 342
130 111 7 357
130 58 32 129
117 58 45 90
116 111 37 386
112 62 3 300
109 62 25 300
104 111 7 386
103 58 38 257
99 62 37 63
98 62 19 321
96 111 32 346
94 62 8 321
90 58 26 221
87 62 21 17
87 58 44 445
85 58 9 391
74 111 19 435
69 62 51 321
67 111 51 385
64 62 27 63
62 111 55 388
62 58 20 376
58 111 20 346
48 58 20 221
46 58 39 376
44 111 39 208
43 111 38 20
39 111 43 112
28 58 9 221
25 111 25 188
24 58 2 376
23 111 1 298
12 111 9 95
10 111 50 20
8 111 2 357
3 58 55 376
1 111 44 99
299 107 15 226
296 107 43 428
268 107 26 64
263 107 37 422
256 107 55 128
251 107 38 428
244 107 33 69
229 107 49 234
203 107 21 242
199 107 8 226
170 107 20 428
151 107 31 91
139 107 55 326
133 107 26 181
85 107 21 396
77 107 7 354
73 107 56 91
72 107 31 242
60 107 3 396
55 107 43 226
54 107 13 64
48 107 37 326
41 107 31 22
33 107 14 354
31 107 20 234
25 107 57 181
13 107 57 223
300 64 14 197
299 13 31 381
298 13 51 432
296 66 25 439
294 13 1 345
291 66 39 265
286 13 14 432
284 66 50 439
282 13 21 258
281 64 25 197
280 64 49 2
278 66 8 152
276 64 56 220
274 13 37 226
272 66 19 259
266 64 55 93
265 13 55 13
259 66 33 434
258 66 2 173
254 64 33 219
252 13 44 158
250 13 56 236
249 64 8 409
246 66 8 229
230 64 19 67
228 13 31 352
222 13 57 394
220 66 7 439
218 66 1 86
218 64 13 67
214 66 1 259
214 64 32 289
213 66 38 177
205 13 1 97
200 13 33 236
194 64 7 220
183 64 33 67
181 13 49 431
179 13 31 431
174 66 45 58
164 66 8 112
161 13 44 345
159 64 9 448
158 13 43 394
155 66 33 58
154 64 19 114
152 13 13 258
146 66 51 229
146 64 25 421
142 13 21 236
141 66 2 15
139 13 26 345
137 64 38 245
133 66 51 213
130 13 14 2
129 66 2 152
127 66 19 4
124 66 49 416
112 64 9 2
109 13 37 367
98 64 55 2
89 66 8 15
83 66 14 112
82 64 25 67
78 64 13 220
78 13 2 450
75 13 50 158
74 13 32 215
71 66 27 96
70 64 49 236
66 64 32 93
61 66 55 173
59 64 19 289
59 13 32 432
56 64 50 220
49 13 14 450
41 64 13 114
40 66 2 265
39 64 56 289
35 13 31 158
25 66 14 265
19 13 1 367
13 13 26 381
11 64 56 286
11 13 31 419
8 66 9 259
4 66 7 96
3 13 9 345
299 39 7 290
296 95 1 52
295 95 57 121
294 39 57 364
286 39 50 198
285 39 38 290
273 95 57 38
270 39 49 364
267 39 49 429
263 95 20 429
253 39 1 439
247 39 9 198
241 95 38 42
223 95 45 390
221 95 27 429
218 95 7 429
217 39 1 428
208 39 2 198
206 95 55 149
194 95 14 149
190 39 33 174
186 95 25 121
173 95 43 308
172 39 21 186
171 95 20 356
171 39 26 290
169 95 3 78
169 39 25 364
166 39 49 119
164 95 51 315
163 95 57 390
161 95 57 419
149 95 20 38
146 95 21 100
141 95 38 97
133 95 44 97
131 39 37 19
123 39 33 429
117 95 7 356
117 39 21 19
105 95 37 267
102 95 25 315
100 39 20 395
97 95 38 149
94 39 51 226
83 95 1 429
82 95 55 84
81 95 21 108
78 95 38 38
76 95 44 121
72 95 13 326
70 39 31 428
65 95 26 78
64 39 50 428
63 95 56 78
59 95 25 52
54 95 7 84
53 39 7 215
46 39 44 429
45 39 15 364
33 95 33 121
27 95 1 100
23 39 14 429
17 39 57 64
16 39 44 198
296 26 50 175
276 49 49 70
273 49 8 284
269 26 37 324
266 26 14 237
265 49 44 181
260 49 9 306
251 49 31 411
244 26 26 219
234 26 21 115
233 49 8 422
228 49 56 254
216 49 15 23
211 49 13 440
210 49 13 422
209 26 26 222
203 49 32 306
202 49 55 411
202 26 8 230
201 49 51 390
192 49 57 306
185 26 7 157
177 26 50 157
174 49 25 201
174 26 14 120
171 49 43 7
170 26 27 156
166 49 15 53
162 49 39 306
161 26 26 237
158 49 32 2
154 26 3 319
149 26 27 355
144 49 43 201
137 49 43 269
136 26 39 6
124 26 20 367
122 49 38 390
110 26 21 230
109 49 33 70
108 49 3 7
104 49 1 181
100 49 56 269
91 26 44 120
79 49 2 201
76 49 32 7
74 49 50 254
73 26 9 115
71 26 51 120
65 49 50 7
64 26 1 116
60 26 45 175
56 26 43 219
45 26 7 373
44 49 1 411
44 26 20 208
36 26 25 104
32 26 31 230
24 26 14 208
21 26 33 104
19 49 7 7
17 49 8 440
16 26 3 355
12 26 1 115
11 26 1 208
9 49 8 350
298 118 26 279
271 118 32 353
270 118 8 48
253 118 7 353
232 118 25 102
231 118 26 48
208 118 50 418
198 118 50 32
194 118 43 356
188 118 21 300
168 118 9 300
166 118 32 48
138 118 14 439
125 118 19 165
122 118 25 32
121 118 2 364
105 118 33 415
99 118 8 194
96 118 3 107
92 118 56 107
88 118 44 37
83 118 38 48
61 118 33 62
41 118 44 353
39 118 51 249
24 118 43 107
16 118 57 249
288 105 3 328
288 63 7 331
281 117 20 418
280 117 45 324
278 117 26 218
277 105 43 385
274 117 1 187
269 117 15 187
268 63 38 377
264 105 26 440
259 105 20 72
255 105 56 61
252 117 21 390
251 105 15 62
247 105 43 249
243 117 9 102
242 105 20 112
240 117 14 95
240 105 7 337
236 63 27 341
231 63 14 346
223 105 56 374
222 117 1 119
219 105 49 344
217 117 14 102
217 63 55 386
214 63 20 341
212 63 56 346
209 117 38 236
208 63 21 173
202 117 13 239
202 105 51 72
200 105 50 433
198 105 33 374
193 105 49 3
192 105 26 374
190 105 15 249
185 105 2 3
183 105 27 291
180 117 49 92
179 105 37 249
177 63 45 29
176 105 7 61
176 63 55 377
175 117 2 164
173 105 55 328
173 63 49 173
170 63 8 206
168 105 1 303
164 63 43 346
161 63 32 115
160 117 7 324
160 105 44 172
155 117 38 92
155 63 26 254
144 105 2 150
142 63 31 403
141 117 27 270
140 117 55 418
140 105 8 291
139 105 15 61
137 117 31 201
136 63 14 386
135 63 19 380
128 63 38 108
125 117 37 211
124 117 37 270
114 63 31 376
112 105 33 260
108 117 25 389
105 63 21 152
84 105 31 385
77 105 1 374
74 63 26 173
67 105 20 344
66 63 39 346
59 117 45 102
57 105 45 260
52 117 56 270
49 117 43 161
38 63 14 241
36 117 9 249
36 105 2 433
33 117 26 211
32 105 56 112
26 105 49 303
24 105 38 303
17 105 31 298
14 63 1 29
9 63 33 173
4 117 15 335
2 117 7 325
289 85 44 265
287 85 32 229
275 85 19 229
272 85 27 367
259 85 9 432
254 85 14 192
238 85 14 104
235 85 32 259
218 85 57 88
163 85 49 280
152 85 26 192
151 85 44 229
144 85 9 293
132 85 8 367
131 85 56 300
125 85 15 442
122 85 44 182
104 85 45 118
89 85 38 259
82 85 38 192
296 72 31 399
295 72 49 136
280 40 13 105
277 40 33 286
273 40 26 353
271 72 56 242
271 40 37 143
268 40 20 16
264 72 19 399
263 40 50 128
248 40 49 36
247 40 13 286
245 40 55 148
243 72 31 287
242 72 7 395
238 72 55 136
235 40 1 389
233 40 56 215
231 40 50 148
216 72 38 287
211 40 43 311
203 72 14 44
201 72 37 82
192 72 7 136
190 40 57 311
189 40 37 389
182 40 14 172
180 40 1 148
175 72 37 399
172 72 9 361
170 40 15 148
167 40 55 65
156 72 51 413
154 72 38 44
143 72 39 394
140 72 21 169
136 40 57 83
133 40 1 143
132 72 20 82
126 72 8 38
112 72 14 184
108 72 9 399
98 72 27 44
95 72 39 361
87 72 39 169
79 40 56 221
71 72 31 341
71 40 15 16
61 72 2 361
59 72 15 38
52 40 7 362
51 72 55 413
49 40 25 362
46 72 9 347
45 72 32 347
39 72 20 136
26 40 43 105
24 72 20 413
22 72 31 293
21 72 3 293
3 40 27 148
298 98 1 103
295 90 25 40
293 98 19 311
290 90 43 145
289 80 13 306
288 90 25 394
281 90 55 225
278 98 2 199
277 90 49 27
276 90 37 251
276 80 20 265
272 90 49 145
271 90 3 76
270 90 25 251
265 80 33 30
264 90 9 210
248 80 31 339
244 80 44 309
241 98 32 150
240 90 50 318
239 98 20 383
233 80 37 333
231 80 33 394
230 90 57 385
229 90 21 385
224 80 9 120
220 80 20 415
219 80 57 265
208 98 37 252
202 90 43 373
201 80 7 233
198 80 20 394
197 90 50 394
193 80 55 439
192 80 49 368
186 90 39 30
183 98 9 252
180 80 14 233
178 98 55 219
178 80 9 55
177 98 55 335
168 98 56 336
168 80 14 70
167 80 33 333
165 90 55 210
157 90 56 123
156 90 32 145
155 80 44 70
150 80 21 30
149 98 57 179
148 80 50 263
147 98 49 150
145 90 45 79
137 80 3 415
136 98 49 123
135 98 9 311
126 90 19 27
125 90 8 225
118 98 13 263
113 80 57 368
110 90 3 385
109 80 14 158
103 98 20 219
101 90 43 368
98 80 1 394
93 80 38 120
92 90 39 385
90 98 37 111
85 98 31 94
85 90 2 145
83 98 21 262
79 80 21 323
78 90 8 171
76 80 51 140
71 80 38 415
59 90 9 123
58 80 27 233
56 80 20 160
54 80 26 333
34 80 9 160
32 98 44 335
28 90 3 171
27 98 44 130
25 98 2 94
22 80 49 30
15 98 13 94
9 98 49 199
5 98 49 336
3 98 20 94
3 80 43 22
297 94 32 83
294 94 38 50
284 94 25 34
278 94 39 199
262 94 39 409
211 94 2 83
201 94 33 433
195 94 31 50
194 94 2 353
192 94 3 28
184 94 8 50
152 94 44 50
141 94 51 34
140 94 25 247
131 94 3 62
119 94 3 95
110 94 7 283
101 94 3 381
81 94 13 372
76 94 26 50
75 94 56 188
56 94 25 95
50 94 19 381
43 94 27 28
41 94 7 63
18 94 26 220
6 94 19 34
297 8 19 144
295 8 38 191
293 8 27 116
292 93 45 168
292 8 21 398
288 61 32 184
286 93 39 331
286 61 9 309
284 8 8 24
283 93 44 331
281 93 37 286
280 8 27 6
277 93 25 323
275 93 44 43
273 8 33 262
270 8 19 116
265 8 25 243
263 93 9 389
258 61 49 180
258 8 21 156
254 8 9 6
252 61 32 398
250 8 50 398
243 61 49 440
242 61 31 266
241 61 2 180
226 61 37 154
220 8 38 215
206 8 45 243
205 61 44 344
204 61 31 163
201 61 20 266
198 61 39 323
198 8 56 24
193 8 1 99
192 61 38 266
185 61 25 398
181 8 1 262
179 61 45 163
173 8 37 117
168 61 51 323
156 93 43 314
151 93 14 179
149 61 43 184
146 8 44 262
145 8 25 24
143 61 2 267
142 93 3 323
135 61 13 138
133 93 21 389
126 61 37 148
126 8 50 243
119 61 31 417
114 61 37 295
113 61 21 180
111 61 51 297
109 93 9 29
103 61 32 440
99 61 55 180
96 93 37 350
94 8 44 375
75 61 19 377
75 8 9 147
74 8 9 375
72 93 1 168
71 61 8 17
69 61 21 102
68 93 15 433
68 8 20 175
64 93 9 43
58 8 13 117
55 61 25 184
52 8 50 6
49 93 19 314
49 61 50 73
46 61 3 417
43 61 1 73
43 8 51 215
42 93 49 168
38 8 44 156
35 61 55 192
32 93 21 145
29 61 50 266
27 61 50 295
16 93 9 314
14 8 38 347
10 93 9 79
5 8 43 215
3 93 32 350
296 56 55 186
295 56 3 280
294 43 19 248
292 43 51 282
290 43 57 410
288 56 55 352
285 43 33 282
279 56 19 352
262 43 14 384
258 56 8 75
253 43 37 260
245 43 20 409
243 43 38 85
242 43 25 384
228 43 2 46
225 56 26 170
224 56 38 280
223 43 27 348
216 43 31 296
212 56 43 155
201 56 43 418
185 43 45 93
181 56 43 261
172 43 44 235
167 43 8 260
161 43 19 167
158 43 50 69
152 56 1 121
147 56 20 204
143 43 15 83
138 43 1 167
135 43 57 253
134 43 43 167
130 43 26 248
129 56 44 398
128 56 27 414
125 43 3 331
119 43 51 276
114 56 15 367
113 43 9 188
110 56 50 126
104 56 15 121
103 56 2 261
88 43 39 329
76 43 7 410
75 56 33 261
68 43 7 31
67 43 15 85
65 43 2 276
58 56 51 204
57 43 32 384
54 43 56 46
40 56 13 259
38 43 8 110
31 43 15 260
30 43 8 65
27 56 57 435
23 56 57 280
16 56 39 186
9 56 44 432
7 43 37 282
3 56 50 399
1 56 8 121
280 17 3 122
264 17 3 263
247 17 32 342
240 17 44 338
235 17 7 263
217 17 33 448
213 17 51 142
207 17 49 325
192 17 19 325
181 17 56 142
179 17 15 404
174 17 55 325
166 17 37 325
159 17 2 82
154 17 51 68
150 17 56 134
132 17 2 407
112 17 19 254
101 17 31 263
98 17 32 254
94 17 1 448
91 17 14 301
85 17 38 407
41 17 19 39
20 17 44 142
14 17 21 122
13 17 3 383
4 17 33 175
299 24 39 33
293 24 37 345
290 108 19 213
290 87 51 113
289 87 39 94
288 24 50 41
285 87 56 94
281 24 45 9
279 87 49 350
276 24 15 33
273 108 43 35
272 87 45 94
271 87 45 217
270 87 14 443
269 87 43 404
267 87 2 260
265 87 14 144
265 24 3 33
264 87 14 358
255 108 21 256
252 24 9 445
251 87 25 31
249 87 13 350
248 108 9 190
247 108 51 290
241 108 55 227
232 87 2 430
221 108 19 110
221 87 33 47
215 108 44 336
213 87 7 196
209 24 33 111
208 24 8 265
206 24 38 204
202 108 25 153
197 87 19 57
196 87 38 430
193 87 19 8
191 108 7 280
190 108 26 134
189 87 21 130
184 24 14 111
183 24 39 18
179 24 21 270
178 24 21 384
175 24 32 445
171 108 9 227
169 87 49 144
166 87 7 404
164 24 14 345
159 87 49 151
158 108 21 324
157 108 1 89
151 87 39 358
148 87 21 443
148 24 55 41
147 87 39 256
141 24 45 266
138 24 50 384
134 87 39 429
134 24 9 41
133 108 39 22
132 108 33 277
132 87 38 151
122 87 7 143
119 108 14 277
118 24 38 230
114 108 43 153
111 24 25 41
110 24 37 294
105 24 2 341
102 24 45 89
92 24 1 274
91 108 33 74
87 87 2 8
87 24 32 345
84 24 57 229
82 87 50 57
75 24 38 229
74 24 38 449
66 24 21 32
61 108 14 441
58 87 3 144
56 87 15 271
55 24 13 323
50 108 1 441
50 24 56 384
49 24 56 449
45 87 43 358
43 87 43 376
37 87 1 217
30 87 26 260
28 87 45 143
28 24 15 97
26 24 32 449
21 87 14 8
8 24 37 445
6 108 33 21
3 24 37 274
279 21 13 394
260 21 57 108
259 21 56 146
211 21 7 335
184 21 3 166
172 21 14 146
166 21 20 199
154 21 33 319
151 21 55 198
139 21 31 11
138 21 57 67
125 21 49 223
124 21 56 196
123 21 45 419
120 21 37 319
117 21 32 401
97 21 25 335
70 21 8 202
59 21 37 348
40 21 32 233
30 21 33 348
29 21 2 9
26 21 3 360
22 21 57 203
20 21 27 166
14 21 45 275
13 21 45 319
8 21 13 124
275 84 26 112
265 84 50 112
263 84 14 289
258 84 26 11
251 84 1 297
237 84 21 13
228 84 15 380
226 84 56 323
225 68 8 117
224 84 32 220
220 84 3 289
217 84 7 130
215 84 37 185
215 68 14 202
210 84 7 393
210 68 20 7
209 84 55 185
206 84 20 193
199 84 13 222
189 84 44 448
184 68 38 360
173 68 21 97
169 68 56 288
160 84 33 193
151 68 26 94
149 84 14 42
145 68 7 352
144 68 21 332
142 84 37 383
139 84 21 448
137 68 19 216
134 68 49 376
126 68 31 33
112 84 27 286
106 68 50 317
103 84 13 393
100 68 51 202
83 68 33 360
75 84 26 26
68 84 56 387
62 84 50 414
57 68 49 97
51 84 19 162
45 84 39 162
36 84 31 42
31 84 49 13
26 68 13 51
16 84 33 393
15 68 2 93
14 68 33 202
13 84 32 387
12 68 39 288
10 68 57 317
6 84 37 222
1 84 14 182
300 104 33 146
298 104 38 17
291 104 7 23
277 104 38 4
271 104 21 302
261 104 38 79
245 104 27 17
234 104 38 384
182 104 33 23
168 104 44 51
167 104 1 245
164 104 26 378
158 104 25 326
143 104 21 70
120 104 56 87
101 104 7 416
94 104 32 4
91 104 21 92
82 104 20 201
47 104 49 131
29 104 37 201
26 104 39 281
21 104 20 364
20 104 57 321
15 104 55 366
2 104 13 314
291 50 55 379
288 50 39 206
286 50 4 194
281 50 50 206
262 50 43 379
253 50 28 162
244 50 1 206
227 50 1 162
220 50 16 206
209 50 44 206
188 50 31 153
183 50 56 153
162 50 44 186
155 50 13 206
153 50 46 194
150 50 15 162
144 50 49 186
122 50 33 162
121 50 9 379
104 50 49 194
91 50 56 162
89 50 4 206
87 50 13 194
85 50 27 194
74 50 46 67
72 50 38 153
63 50 27 206
60 50 57 194
38 50 37 379
28 50 28 186
18 50 31 194
17 50 51 67
10 50 20 194
9 50 39 194
241 20 46 183
239 20 45 392
234 20 26 308
228 20 20 209
226 20 25 183
206 20 31 323
195 20 50 326
192 20 33 183
187 20 9 326
179 20 51 183
175 20 22 183
152 20 52 392
135 20 50 308
129 20 16 274
128 20 57 274
116 20 19 326
96 20 10 392
81 20 7 392
57 20 28 392
14 20 15 308
294 67 10 141
285 67 46 159
279 67 7 184
276 67 43 15
273 67 14 106
248 67 14 228
246 67 52 141
243 67 22 106
242 67 3 106
239 67 51 337
222 67 16 337
221 67 56 361
220 67 56 228
216 67 26 42
215 67 7 159
206 67 51 106
205 67 51 159
196 67 14 424
194 67 26 361
186 67 56 424
184 67 20 159
174 67 34 106
154 67 13 244
141 67 8 106
135 67 43 228
110 67 55 159
106 67 2 337
105 67 57 15
102 67 50 228
99 67 4 184
97 67 58 337
95 67 1 244
84 67 16 361
80 67 37 159
60 67 49 281
45 67 56 244
37 67 56 42
31 67 28 281
28 67 31 15
27 67 22 281
25 67 49 141
297 74 52 310
295 74 7 387
269 74 10 83
261 74 57 310
252 74 13 310
242 74 52 209
216 74 7 428
210 74 56 428
195 74 7 83
193 74 28 239
183 74 4 239
177 74 33 377
158 74 15 131
150 74 3 377
141 74 56 291
138 74 37 291
120 74 28 131
112 74 58 209
110 74 25 310
106 74 13 357
95 74 7 209
82 74 33 131
77 74 49 291
72 74 56 51
31 74 46 377
282 59 32 164
269 59 1 333
263 59 44 41
261 22 14 137
250 59 43 33
248 22 46 208
243 59 26 199
241 59 21 249
239 59 25 444
235 59 38 196
231 22 3 42
230 22 25 191
229 22 10 358
228 59 28 296
223 22 16 12
221 59 46 296
216 22 45 154
214 59 37 41
212 22 8 12
206 22 7 203
204 59 44 213
196 59 22 333
187 59 14 296
183 59 49 10
182 59 19 358
180 59 55 164
179 22 55 12
175 59 49 33
168 22 34 208
165 59 28 164
163 22 9 74
160 22 39 137
158 22 56 191
155 22 19 117
151 22 8 99
150 59 7 164
144 22 13 203
140 22 50 74
123 59 37 296
114 22 8 137
103 22 10 208
96 59 52 196
88 22 31 358
87 59 58 164
85 59 44 199
74 22 3 74
70 22 3 154
68 59 50 444
67 59 1 444
66 59 25 249
64 22 40 443
53 59 20 10
45 22 51 78
38 22 1 228
29 59 10 33
19 22 19 42
17 22 28 12
4 59 46 444
295 115 46 166
287 102 2 254
282 102 56 58
279 102 44 399
277 115 13 365
275 115 51 222
272 102 55 96
271 102 52 345
267 102 15 96
261 102 22 113
258 115 58 222
255 115 26 365
253 115 31 375
250 102 26 113
242 115 15 48
239 115 38 446
236 102 43 27
227 102 21 120
226 115 9 179
217 102 43 364
214 102 46 38
207 102 26 344
202 102 3 413
200 115 22 222
200 102 25 27
195 115 19 166
188 115 49 375
186 115 52 365
171 115 49 179
171 102 57 344
170 102 58 345
167 102 21 96
148 102 15 113
143 102 55 120
142 115 25 179
140 102 2 113
139 102 39 27
130 115 39 100
120 115 49 166
119 115 25 16
116 115 25 100
113 115 44 100
100 115 14 166
91 102 9 267
90 115 43 320
88 102 28 267
84 115 39 320
82 115 1 240
73 102 32 120
71 115 46 320
69 115 14 320
69 102 55 399
67 115 7 178
65 102 31 27
60 115 32 446
59 102 1 188
57 115 3 320
55 115 52 179
51 102 14 27
50 115 43 233
36 102 40 397
31 102 58 131
28 102 40 188
25 115 52 304
22 102 10 364
9 102 4 188
295 7 19 20
279 7 4 101
275 7 7 172
252 7 40 400
250 7 31 3
225 7 32 340
214 7 25 3
209 7 7 378
188 7 28 89
187 7 44 3
185 7 55 172
174 7 1 172
173 7 15 378
171 7 4 370
162 7 4 378
160 7 50 340
144 7 26 20
143 7 50 101
136 7 27 172
129 7 58 293
118 7 46 101
116 7 43 378
103 7 58 119
93 7 15 3
83 7 57 329
80 7 45 73
79 7 40 119
72 7 44 370
70 7 46 400
69 7 46 389
60 7 19 3
49 7 38 340
48 7 3 20
39 7 25 400
33 7 22 293
29 7 33 378
23 7 31 89
18 7 50 370
17 7 2 340
15 7 37 73
13 7 8 266
12 7 34 119
11 7 8 400
4 7 37 400
291 88 16 421
287 113 21 98
285 113 16 398
283 88 57 380
280 113 22 375
280 88 10 385
274 88 34 148
270 88 43 409
266 113 10 116
256 88 22 148
247 113 20 291
243 88 46 348
233 88 25 385
225 113 19 397
223 113 51 348
207 88 16 305
198 113 15 101
197 88 4 40
191 113 19 268
181 113 7 380
180 113 9 268
165 113 16 41
162 88 14 284
157 88 8 305
154 113 56 375
149 113 33 41
135 88 28 46
132 113 15 291
128 113 51 296
127 113 44 397
125 88 31 317
123 88 1 409
117 88 40 317
112 88 37 305
93 113 4 41
86 88 49 216
69 113 38 213
55 88 19 40
54 113 52 98
54 88 38 352
43 113 15 116
37 113 26 98
36 113 57 263
31 113 31 180
29 113 13 398
25 113 22 397
22 88 43 348
13 113 37 263
7 88 57 305
5 88 3 324
4 88 55 40
300 78 2 449
297 78 37 193
296 70 13 110
293 78 1 390
290 70 39 343
289 70 50 272
288 27 22 326
287 70 13 195
285 70 52 195
284 70 44 333
284 27 21 172
281 78 10 127
279 65 57 434
275 65 40 227
274 65 7 246
271 70 13 211
262 70 1 195
262 27 25 163
260 65 50 247
258 78 37 121
249 78 38 411
246 65 16 150
241 78 28 228
241 70 52 362
239 70 3 362
239 65 58 130
237 78 2 285
234 78 33 192
231 65 7 191
230 70 14 167
230 65 39 150
227 78 14 390
223 65 39 247
222 70 52 333
221 27 39 163
217 70 27 265
212 65 38 115
212 27 49 372
210 70 39 167
209 78 2 236
205 27 32 404
200 27 39 248
196 78 46 232
192 27 43 55
183 70 43 30
178 78 1 404
178 27 16 118
171 65 15 227
170 65 1 434
166 27 26 404
164 78 55 258
160 70 3 306
158 78 3 232
156 78 40 285
156 70 27 224
155 27 8 248
149 78 52 192
145 78 58 450
142 70 49 110
140 27 34 170
138 78 7 192
137 65 25 227
128 65 33 130
127 78 51 38
124 27 4 404
122 70 55 307
121 65 51 367
120 70 44 307
117 27 25 75
108 70 58 211
108 65 31 221
107 70 50 265
106 78 26 450
106 65 46 150
106 27 22 336
105 65 15 191
105 27 8 163
102 65 20 247
101 70 37 214
96 70 28 306
93 78 51 442
90 78 20 285
90 70 33 214
89 65 14 219
86 78 9 228
86 70 38 382
81 27 25 371
79 65 7 150
77 70 33 343
69 27 7 434
68 65 3 395
64 78 20 404
63 27 50 434
62 70 14 91
62 27 38 444
60 78 7 127
55 70 49 382
53 78 16 232
51 70 49 91
51 65 27 115
50 70 8 343
47 78 10 219
44 27 33 75
37 27 39 75
36 70 46 195
35 65 13 150
29 70 20 362
27 70 10 272
25 78 9 236
24 70 25 91
20 27 8 444
19 65 58 150
18 78 15 449
10 78 37 127
10 70 16 333
8 65 28 191
6 27 51 55
300 2 52 212
296 2 10 342
285 2 21 288
283 2 49 417
268 2 14 297
247 2 56 141
244 2 19 350
216 2 52 393
195 2 27 266
188 2 58 169
179 2 2 169
176 2 22 166
165 2 50 397
163 2 16 417
151 2 20 400
148 2 46 288
123 2 20 212
111 2 33 288
106 2 39 141
105 2 45 350
98 2 13 6
92 2 22 393
79 2 50 288
50 2 49 169
46 2 34 141
39 2 4 350
37 2 14 212
35 2 25 242
32 2 10 288
30 2 16 159
27 2 32 279
17 2 25 397
15 2 32 297
12 2 28 350
1 2 20 449
296 71 37 316
295 71 15 256
293 41 57 80
286 41 44 2
284 71 34 267
272 41 58 292
262 71 19 316
262 41 22 317
260 41 33 372
251 41 19 2
238 71 22 77
236 41 33 245
231 41 10 372
222 71 25 311
208 41 31 292
205 41 13 377
204 41 1 418
197 41 40 31
191 41 44 372
184 71 25 430
165 41 39 356
163 41 43 279
152 71 39 370
151 41 1 356
123 41 55 356
118 71 51 286
113 41 4 372
110 71 28 380
107 41 28 416
104 71 22 84
102 71 9 286
99 71 14 430
97 71 4 256
93 41 32 291
87 41 49 377
67 41 28 372
65 41 57 372
63 41 22 279
58 41 38 80
56 41 34 447
48 71 32 59
47 41 55 14
43 41 58 416
42 71 3 316
28 71 57 370
11 41 20 433
6 71 44 430
2 71 49 430
298 51 45 417
297 96 26 401
284 44 3 286
280 44 56 239
274 96 56 371
272 96 31 200
269 44 22 363
267 96 31 132
265 44 38 406
264 44 52 387
261 51 46 300
260 96 3 371
259 96 40 200
255 44 37 269
252 44 37 363
238 44 2 231
235 96 27 232
234 96 2 401
230 51 34 323
228 51 43 152
228 44 37 190
226 44 31 239
215 96 28 132
213 51 3 420
213 44 20 231
212 51 52 164
211 51 32 238
210 96 25 139
201 44 4 190
199 51 27 82
197 51 8 82
195 96 4 178
188 96 1 431
186 96 31 380
185 96 21 337
180 44 34 239
178 51 25 164
177 44 26 276
176 96 25 178
171 51 31 243
171 44 38 418
167 96 37 440
167 44 43 231
165 44 34 253
164 96 40 197
159 96 28 147
159 44 38 253
146 51 55 243
145 51 16 238
144 51 56 257
144 44 31 276
140 96 45 178
140 44 16 161
138 44 19 253
133 51 14 243
131 51 15 152
129 96 55 347
128 51 13 93
121 51 13 238
119 96 57 132
118 96 19 347
118 51 27 257
116 51 55 150
111 96 20 178
111 51 7 295
109 96 52 380
108 51 22 164
108 44 51 363
107 51 37 417
107 44 8 390
105 51 52 417
101 96 14 139
101 51 40 420
97 51 43 238
89 96 32 139
84 51 22 439
81 96 4 440
79 51 27 244
76 96 40 14
74 96 14 229
72 96 9 255
71 51 57 342
67 51 43 420
66 51 28 142
66 44 57 276
62 51 7 342
59 44 56 319
56 96 4 431
55 96 7 371
54 44 22 276
52 96 39 371
52 51 22 295
51 96 45 132
44 96 50 401
40 96 37 179
40 44 45 286
35 44 28 385
31 44 39 161
29 96 26 347
28 96 20 440
26 44 56 363
19 96 27 337
15 51 28 152
14 51 58 97
13 44 22 253
12 96 15 347
10 44 28 387
7 51 34 15
3 44 15 406
2 96 52 371
2 44 33 390
1 44 56 34
300 33 7 19
298 33 20 283
286 33 26 74
285 120 10 45
282 120 25 395
269 33 25 350
267 33 55 147
252 120 55 406
250 120 46 81
249 120 55 230
246 120 56 81
245 33 37 145
237 120 34 354
230 33 52 283
219 120 4 235
217 120 22 371
212 33 22 74
203 33 10 162
193 33 13 159
191 33 55 19
188 33 39 181
185 33 38 53
181 120 25 238
177 120 14 151
174 33 7 90
173 33 32 19
169 33 33 53
156 33 4 130
153 120 14 230
139 120 52 426
136 120 32 371
134 33 2 90
132 120 25 392
119 33 9 181
116 33 10 346
115 120 27 45
105 33 28 415
100 33 34 155
98 33 43 159
97 33 13 35
95 120 33 392
88 120 19 257
77 120 56 238
69 33 32 181
68 120 31 406
65 120 10 235
63 120 19 235
58 33 43 437
57 33 39 130
46 33 26 90
37 120 19 215
34 33 26 155
25 120 32 138
19 33 33 35
12 120 51 238
11 33 26 159
1 33 2 35
291 77 49 9
285 77 3 6
277 77 57 318
272 77 10 418
269 77 58 11
268 77 52 386
267 77 22 11
263 77 27 328
255 77 8 180
253 75 57 176
241 75 16 368
236 77 56 74
232 77 14 355
229 75 56 9
218 75 45 31
215 77 55 156
207 77 21 386
207 75 33 301
205 77 57 145
203 75 38 109
199 77 37 328
178 77 43 85
177 77 7 125
170 77 44 386
160 75 20 308
157 77 15 173
153 77 26 343
149 75 8 277
146 77 34 331
141 77 13 11
140 75 39 233
136 75 9 308
122 75 2 233
117 77 2 386
111 75 43 26
103 75 51 233
93 77 43 328
87 77 28 412
82 75 44 191
81 75 45 318
77 77 46 434
68 75 45 421
66 77 16 328
63 75 46 277
55 75 2 368
53 77 55 11
49 77 9 173
48 77 26 180
46 77 55 412
39 75 34 109
36 77 14 156
33 75 39 308
25 77 45 412
19 75 22 277
16 75 49 301
14 75 28 51
9 75 14 153
5 77 10 318
300 83 49 421
298 83 14 73
291 99 26 426
291 83 22 203
289 99 28 444
288 83 43 323
287 83 51 170
278 99 58 415
277 83 21 252
265 83 10 203
256 99 15 415
247 99 25 158
238 99 27 408
234 83 45 252
222 83 20 132
220 83 46 382
211 83 20 303
202 99 31 389
190 83 21 374
187 83 4 421
186 99 22 35
176 99 2 120
175 99 13 269
162 99 49 47
155 83 51 419
154 99 43 408
136 99 43 257
131 83 21 372
127 99 2 147
114 83 28 268
113 83 26 2
112 83 55 293
102 83 38 293
101 99 26 35
98 83 51 132
91 99 3 214
84 83 10 73
82 83 15 252
63 99 13 387
57 99 9 214
50 99 16 446
47 83 45 136
46 99 14 47
42 99 57 389
41 83 50 99
34 83 34 194
32 83 3 419
22 83 4 2
21 83 28 66
9 99 20 444
2 99 19 304
219 103 15 248
216 103 21 369
204 103 56 275
203 103 46 384
166 103 45 365
154 103 8 366
147 103 14 374
139 103 9 34
129 103 52 374
123 103 52 430
94 103 27 275
92 103 49 104
73 103 15 24
53 103 45 366
47 103 39 277
28 103 51 258
18 103 37 289
9 103 55 277
8 103 44 343
293 112 4 30
289 112 4 176
279 112 26 299
276 86 34 142
274 112 26 68
268 101 7 158
264 86 49 438
259 112 16 122
257 101 2 281
257 86 22 450
256 112 19 403
256 86 39 322
253 86 52 146
245 101 8 66
233 86 1 146
232 112 39 439
227 101 50 319
217 112 38 176
215 101 25 424
213 112 16 175
198 112 3 398
196 101 49 260
195 86 45 322
194 112 22 62
193 101 39 223
191 86 52 107
185 86 34 107
181 112 33 299
181 101 37 302
181 86 20 438
176 101 49 66
174 86 38 447
172 101 49 333
164 86 1 19
163 86 46 63
162 112 57 22
159 86 22 412
156 101 22 223
154 112 16 290
151 101 4 223
150 112 43 232
144 101 52 186
132 101 45 352
130 112 57 403
124 101 45 223
116 86 1 438
111 101 3 67
107 86 55 365
106 86 56 438
101 101 58 442
94 86 20 15
88 86 57 308
77 101 40 43
76 101 58 43
74 101 55 158
73 86 52 404
71 86 43 45
65 112 7 405
60 112 10 122
59 101 52 66
57 86 58 365
52 112 13 143
50 86 25 142
48 112 16 143
44 112 28 143
38 112 21 232
36 86 21 345
34 101 56 260
33 86 10 447
27 101 15 283
24 101 32 256
23 101 27 103
19 86 40 271
13 101 51 43
5 112 13 217
3 112 4 68
299 100 57 426
299 9 3 98
297 100 44 126
297 9 58 273
292 100 34 167
292 9 4 128
290 9 15 224
285 9 26 7
284 100 58 441
281 100 7 406
276 9 8 224
271 100 26 5
269 100 51 293
268 18 44 72
264 100 31 426
263 9 3 204
262 100 4 125
261 100 32 5
260 18 27 425
258 100 40 126
258 9 46 24
254 18 26 69
250 100 21 5
245 9 49 207
238 18 43 316
236 9 40 224
233 9 44 224
231 9 55 7
230 9 9 273
224 18 28 196
222 9 8 133
207 18 58 232
206 18 10 232
205 18 39 448
204 100 7 201
200 100 9 87
192 18 13 438
191 18 1 299
189 18 25 277
181 18 10 368
173 100 26 448
172 9 28 274
171 18 34 368
169 100 44 426
169 18 40 179
163 18 31 84
159 100 34 441
157 18 28 359
153 18 55 425
149 18 38 299
148 100 8 297
143 9 58 422
141 100 16 397
139 9 49 130
137 100 15 87
133 100 10 4
132 9 52 273
128 18 45 84
127 18 13 89
126 9 13 130
125 9 43 439
123 100 49 380
120 18 2 270
115 18 58 339
115 9 40 315
113 18 52 89
108 100 19 365
106 9 31 422
103 18 43 299
95 100 56 397
92 9 19 24
90 100 57 53
89 9 58 124
80 100 13 174
79 9 43 416
73 9 28 273
72 100 52 4
56 100 39 87
56 18 55 448
48 100 8 44
47 18 20 425
40 18 19 339
37 100 32 87
35 100 44 53
34 100 22 69
33 9 46 449
22 18 22 406
21 18 40 140
16 9 21 273
13 100 13 18
5 9 28 36
3 100 1 2
2 9 22 351
275 23 32 228
267 23 44 124
261 23 43 395
246 23 21 261
239 23 28 438
237 23 28 246
229 23 43 381
218 23 39 228
215 23 20 434
214 23 49 311
204 23 25 216
203 23 57 140
202 23 39 172
197 23 37 438
196 23 43 293
192 23 46 326
190 23 45 116
187 23 28 311
175 23 19 228
167 23 15 140
165 23 31 32
160 23 13 12
159 23 31 124
153 23 39 128
152 23 32 397
143 23 32 128
131 23 51 124
109 23 19 55
104 23 19 211
93 23 22 12
80 23 27 261
72 23 49 172
70 23 16 211
57 23 20 260
53 23 38 246
45 23 22 47
38 23 51 116
32 23 40 395
15 23 40 64
270 10 2 301
269 10 28 352
240 10 38 129
239 10 7 122
237 10 46 205
234 10 52 252
225 10 15 196
218 10 50 205
210 10 31 328
201 10 58 297
193 10 45 433
191 10 13 71
180 10 22 161
168 10 39 312
167 10 40 297
164 10 37 57
147 10 44 122
136 10 46 177
132 10 49 330
131 10 44 196
121 10 21 306
114 10 50 312
106 10 8 435
93 10 57 205
84 10 50 122
82 10 4 352
75 10 15 312
68 10 28 175
24 10 28 71
7 10 8 433
299 5 51 125
283 5 1 307
280 5 33 361
263 5 31 430
260 5 22 86
251 5 52 361
246 5 37 238
243 5 43 332
238 5 40 125
221 5 16 110
220 5 13 46
206 5 13 5
171 5 52 328
169 5 7 46
160 5 26 305
147 5 2 12
146 5 8 332
142 5 55 216
138 5 44 12
121 5 31 305
119 5 44 133
118 5 31 226
115 5 2 216
108 5 38 12
91 5 40 5
74 5 58 216
43 5 55 332
38 5 40 307
31 5 34 328
23 5 19 46
20 5 16 385
298 114 55 253
297 114 29 117
288 114 11 253
287 114 56 224
274 114 49 227
257 114 56 315
247 114 37 51
246 114 33 40
235 114 59 40
223 114 1 117
209 114 52 227
208 114 34 234
205 114 49 117
204 114 35 315
200 114 31 51
199 114 25 234
193 114 59 224
180 114 28 253
174 114 52 253
166 114 29 227
163 114 53 51
148 114 43 234
138 114 32 234
135 114 4 224
131 114 7 51
120 114 41 234
117 114 52 117
111 114 23 315
108 114 15 234
104 114 34 117
81 114 19 51
63 114 9 315
61 114 40 40
25 114 37 224
23 114 34 224
6 114 31 227
2 114 11 315
296 60 59 92
290 60 33 110
286 60 23 380
282 60 5 92
277 60 31 434
260 60 31 272
255 60 35 272
254 60 46 13
252 60 28 272
247 60 17 434
241 60 9 261
240 60 41 123
235 60 43 272
234 60 15 272
229 60 25 92
227 60 31 110
223 60 11 132
222 60 50 307
216 60 55 261
206 60 29 13
165 60 4 13
153 60 35 123
129 60 40 434
122 60 49 261
100 60 39 272
94 60 23 110
93 60 11 13
88 60 4 272
78 60 59 272
75 60 46 123
73 60 35 110
64 60 45 380
61 60 37 434
59 60 23 307
50 60 53 272
34 60 15 261
28 60 35 308
26 60 37 132
296 89 8 113
294 89 29 308
292 54 26 304
286 54 37 334
274 89 31 13
273 54 23 335
266 54 1 358
248 89 5 47
238 54 47 369
237 89 32 113
234 54 58 369
232 54 23 52
225 89 13 280
224 89 13 308
224 54 57 304
217 89 47 333
214 89 57 341
202 89 17 341
197 89 35 341
191 89 47 280
191 54 31 335
184 54 29 183
182 54 57 52
161 54 10 333
158 54 40 335
156 89 10 113
149 54 4 369
130 89 11 175
128 54 4 335
127 89 37 175
121 54 37 304
115 89 31 333
113 54 7 183
112 54 51 335
110 89 31 175
109 89 56 48
107 54 33 235
99 54 1 45
94 89 13 216
88 54 8 304
86 89 19 113
85 54 17 365
80 54 10 304
76 54 11 183
70 54 37 335
69 89 27 386
67 54 31 235
65 54 41 52
64 89 14 175
61 89 59 13
53 54 59 52
50 54 35 365
45 89 5 386
43 89 8 341
38 89 27 47
36 54 29 310
34 54 45 304
23 89 40 47
21 89 57 175
4 89 43 280
298 4 59 247
292 4 16 351
289 4 2 247
284 32 1 92
283 32 26 135
275 32 15 60
273 4 47 60
271 4 7 421
263 32 7 205
262 32 59 184
254 32 49 378
251 32 50 64
250 32 29 342
249 32 33 205
244 32 55 303
244 4 16 69
242 4 37 6
237 4 41 417
230 32 17 92
219 32 55 60
219 4 27 351
214 4 59 417
212 4 34 100
204 32 41 135
198 4 9 177
195 32 13 135
194 4 32 388
189 32 57 378
184 4 55 177
182 32 29 135
168 4 21 241
164 32 4 64
134 4 56 247
128 32 8 135
123 32 28 205
120 4 14 351
118 32 22 422
115 32 34 98
115 4 7 327
111 4 37 241
109 4 31 410
102 32 57 60
99 32 59 303
98 32 11 205
97 32 1 64
96 32 13 205
91 32 38 64
86 4 33 421
81 32 31 205
78 32 56 350
68 32 13 92
63 32 1 422
60 4 22 417
51 32 25 342
46 4 20 6
42 32 29 303
42 4 20 351
37 32 45 98
36 32 52 135
34 4 7 351
22 32 55 184
17 32 15 342
15 4 43 247
12 4 57 417
8 4 25 6
7 4 32 177
300 73 31 301
297 82 11 93
294 110 7 382
278 82 32 185
278 73 43 301
275 110 55 72
274 82 47 185
273 110 41 61
272 73 15 81
271 73 11 351
259 82 31 237
259 73 5 182
258 110 17 156
254 82 5 254
252 73 16 30
246 73 49 231
237 73 59 3
236 110 38 72
235 82 13 213
233 110 19 142
228 110 7 156
222 73 11 30
208 110 19 156
205 82 26 93
204 73 28 231
201 73 14 299
200 82 29 417
199 73 4 172
190 82 55 362
187 82 38 362
182 110 3 273
182 73 23 231
177 73 40 231
175 73 52 172
169 110 14 39
163 73 1 182
161 82 4 213
155 82 49 93
153 110 33 156
150 82 11 185
148 110 29 39
146 73 2 351
145 82 32 364
145 73 35 351
142 82 9 93
136 110 1 72
135 110 23 73
135 73 32 81
134 110 7 360
134 73 22 33
131 73 31 148
129 73 7 231
128 73 2 81
127 110 58 264
125 82 53 93
122 73 53 182
121 82 45 212
121 73 7 299
117 73 19 148
115 110 16 72
111 110 1 273
110 82 43 417
107 110 25 273
107 82 23 238
105 82 25 417
102 110 17 382
100 110 37 142
100 82 25 369
97 110 10 264
96 73 47 3
92 82 7 238
92 73 46 351
88 73 1 348
85 110 58 73
85 73 51 81
83 82 8 254
81 82 33 369
79 110 25 29
75 82 1 212
68 82 39 93
67 82 49 17
65 73 35 231
64 73 16 52
62 110 4 382
62 82 47 238
55 73 37 231
49 110 3 156
44 82 5 238
42 82 11 254
42 73 13 33
30 82 37 254
27 110 37 248
23 110 7 74
22 110 53 63
20 73 25 231
18 82 57 212
10 82 7 417
7 73 50 299
5 110 53 29
293 14 31 35
292 14 32 424
290 76 3 186
284 37 17 334
281 37 13 199
280 37 19 334
279 76 47 82
276 76 32 90
275 14 23 25
272 14 5 35
270 14 31 383
262 37 7 269
258 14 56 383
256 37 37 156
255 76 41 90
255 14 15 68
254 37 3 266
253 37 41 176
243 37 29 85
241 14 26 25
236 76 53 82
230 37 55 79
229 37 40 372
228 14 13 383
227 76 53 403
226 37 17 15
221 37 25 346
218 76 31 418
207 14 9 25
205 37 37 199
204 14 59 32
203 37 49 176
201 37 1 269
200 14 13 121
199 14 19 424
195 37 22 269
193 76 25 420
190 76 3 132
190 37 1 205
187 37 51 259
184 76 32 100
183 37 15 334
178 76 14 132
177 37 43 334
177 14 29 238
174 14 49 424
169 14 23 181
162 76 53 100
160 76 58 75
157 37 47 346
151 37 23 205
150 76 38 403
147 76 7 403
145 14 37 32
143 76 7 2
138 76 23 132
129 14 19 48
122 14 11 68
120 14 8 424
117 14 43 273
115 14 22 408
111 37 16 199
104 37 55 85
103 76 29 146
97 37 7 334
94 37 17 269
93 14 26 226
89 76 22 154
83 76 26 432
80 76 21 43
80 14 49 35
77 76 37 90
73 37 25 259
73 14 45 25
70 76 20 279
66 14 51 424
65 37 47 303
53 76 11 90
49 76 29 2
48 76 14 307
48 14 11 408
46 37 7 372
45 76 25 403
42 14 40 68
38 14 49 383
35 37 35 79
30 76 59 279
23 37 52 85
22 76 39 146
21 14 50 162
19 37 53 269
19 14 31 162
15 14 20 121
7 76 2 432
1 14 39 273
295 30 23 146
283 30 41 59
282 30 29 404
281 3 31 49
280 3 31 324
278 34 13 408
270 34 5 221
267 30 39 404
265 34 29 223
264 34 47 263
262 34 11 239
261 34 11 357
259 34 53 223
257 34 40 106
257 3 58 324
256 30 4 179
255 3 17 420
248 3 53 22
246 3 13 436
245 34 3 158
239 30 55 179
238 30 8 328
236 30 19 328
236 3 9 420
235 30 47 146
231 34 19 239
231 30 43 194
226 30 1 183
225 34 49 221
219 34 7 97
219 30 47 7
212 34 20 408
209 3 21 224
206 3 2 224
205 30 7 59
204 30 37 284
203 34 5 203
197 34 13 161
194 34 55 106
191 34 22 158
188 30 47 236
183 34 47 161
178 30 59 328
176 34 29 158
176 30 46 316
176 3 5 373
175 30 26 316
172 30 40 7
172 3 32 423
170 34 56 234
167 3 28 420
165 3 43 64
163 3 7 64
156 3 14 373
153 3 43 49
150 30 46 328
137 3 53 410
132 30 29 19
131 30 19 35
130 30 19 284
129 34 11 158
127 34 39 357
126 3 56 423
116 34 8 239
106 34 43 221
102 34 35 161
100 30 28 373
99 3 23 124
90 30 53 194
90 3 9 423
89 34 19 106
88 3 53 436
87 34 56 408
86 3 4 159
85 3 47 420
82 30 59 284
81 30 43 284
66 34 13 234
63 3 37 256
62 30 59 35
61 34 52 217
59 34 5 158
58 3 32 224
53 3 23 64
52 34 37 223
48 30 55 194
47 30 58 19
47 3 23 423
44 3 7 256
41 30 11 404
39 3 11 256
38 30 55 223
36 3 19 327
35 30 10 35
29 3 46 388
27 3 13 324
26 34 20 223
25 3 29 124
21 30 37 35
20 30 2 194
11 34 38 203
10 34 40 221
2 30 39 35
1 34 23 190
297 28 2 338
290 28 55 124
284 28 47 22
278 28 45 78
277 28 19 13
273 28 21 338
272 28 53 291
261 28 4 153
256 28 31 232
238 28 38 232
233 28 33 78
232 28 11 182
224 28 17 22
222 28 31 24
212 28 31 444
200 28 1 232
199 28 50 22
183 28 19 84
178 28 33 97
155 28 11 22
151 28 35 84
147 28 47 291
126 28 4 210
114 28 11 84
112 28 23 299
103 28 55 97
95 28 44 210
94 28 55 83
93 28 8 182
92 28 53 24
57 28 56 338
55 28 17 153
40 28 51 338
32 28 16 370
26 28 25 97
15 28 9 124
5 28 16 338
4 28 21 83
299 31 26 106
294 52 34 85
293 52 16 244
289 31 31 106
287 52 19 127
285 31 13 356
283 52 53 420
282 31 53 259
274 31 52 163
270 52 38 321
267 31 53 147
261 31 7 77
259 31 27 30
252 31 59 30
243 52 58 85
237 52 37 244
228 52 41 237
224 52 45 197
222 31 29 242
215 52 52 415
207 31 47 279
202 31 47 443
198 31 45 443
194 52 20 237
187 52 17 98
186 52 17 298
176 31 53 356
173 52 2 85
163 52 20 368
162 52 23 127
145 52 56 298
141 31 59 281
138 52 34 127
134 52 13 407
123 52 11 407
122 31 21 163
121 31 28 106
118 52 35 197
101 31 55 327
96 52 23 407
95 52 51 237
93 52 47 368
89 52 43 312
88 52 17 407
83 31 49 77
78 31 31 374
77 31 29 327
57 52 1 238
53 52 28 407
32 52 49 237
30 52 55 297
30 31 14 147
20 31 32 450
18 52 43 127
17 31 21 147
7 31 23 218
299 92 1 365
299 69 44 180
291 69 32 304
287 92 47 430
287 15 29 86
282 15 46 299
280 92 43 361
279 92 29 16
274 69 20 129
266 92 44 292
266 69 50 373
254 69 39 160
254 15 51 86
249 15 1 219
247 92 7 430
244 15 13 344
242 15 35 182
240 92 58 412
237 15 15 304
236 92 4 330
236 15 47 256
234 92 50 334
229 92 19 174
226 92 19 360
225 15 43 222
224 92 47 16
218 92 35 334
214 92 41 334
213 15 43 300
212 15 5 365
211 92 26 292
206 92 5 31
196 92 52 31
196 15 8 222
187 92 49 361
186 69 50 406
185 92 17 231
181 92 28 334
179 15 29 182
170 15 31 325
169 69 17 369
166 92 4 412
158 15 11 365
143 69 35 179
142 15 17 300
137 92 9 330
135 92 7 153
135 15 25 256
127 15 33 344
125 15 57 256
124 15 31 365
119 69 37 227
116 69 23 304
116 15 59 299
113 92 34 430
110 69 11 129
95 69 53 369
94 92 37 412
89 92 27 360
86 15 57 6
80 92 43 150
77 92 16 330
77 69 19 180
76 15 2 391
74 92 43 330
73 15 43 256
65 69 39 45
62 15 43 289
52 92 47 330
52 15 20 86
46 92 17 7
44 92 55 419
43 69 47 160
41 92 39 365
37 92 47 292
35 69 41 369
29 15 23 325
27 92 35 292
21 92 26 419
19 92 11 334
18 92 11 184
17 92 35 16
14 69 53 373
12 92 21 292
11 69 11 180
11 15 41 299
6 92 5 231
6 15 11 299
4 15 26 215
291 119 44 192
287 12 45 21
283 119 8 310
277 119 8 154
276 91 5 151
270 119 47 301
266 119 38 81
261 91 53 383
260 119 53 301
251 12 10 421
248 91 44 63
245 91 34 395
240 91 26 223
235 119 52 250
234 12 5 53
233 12 17 286
230 12 47 191
227 12 27 84
225 12 51 182
215 119 5 233
212 12 14 21
210 119 29 277
209 12 50 53
207 91 5 103
201 119 17 246
189 119 11 277
189 12 29 346
188 12 14 448
187 119 33 136
186 119 47 192
185 119 31 119
185 91 11 151
182 91 8 245
182 12 39 21
180 12 37 448
179 119 41 10
174 12 23 93
170 91 37 395
169 91 1 40
168 12 28 122
162 119 10 301
161 119 41 286
161 91 53 151
159 12 47 21
153 91 9 183
153 12 53 402
150 12 25 21
148 119 59 250
143 12 43 259
134 119 53 154
126 91 17 79
123 12 23 402
115 12 53 425
106 119 17 258
102 119 59 154
101 91 1 41
100 12 10 402
96 119 56 214
96 91 15 209
84 119 25 250
79 119 46 439
78 12 22 53
72 12 20 124
69 12 59 402
66 91 44 173
64 12 55 21
60 91 39 183
58 12 25 53
57 91 53 79
56 12 1 446
54 91 17 183
53 12 53 262
42 12 55 421
41 91 58 399
39 91 8 338
38 91 19 151
35 12 53 421
34 119 49 81
32 91 52 395
29 91 7 41
24 12 8 425
18 119 45 61
14 119 19 243
9 119 17 60
4 12 23 21
3 12 47 441
2 91 4 183
1 12 49 425
298 79 5 160
289 79 26 13
278 79 35 389
241 79 49 393
214 79 28 441
208 79 45 6
200 79 37 13
160 79 31 6
153 79 19 120
152 79 5 332
124 79 13 86
81 79 37 160
76 79 23 215
71 79 35 321
54 79 41 393
50 79 29 393
39 79 17 134
18 79 47 321
13 79 49 413
11 79 29 133
4 79 3 205
300 48 26 295
294 29 53 408
293 29 55 241
292 48 13 170
290 25 1 397
283 29 19 426
283 25 10 279
281 25 29 120
275 29 49 426
272 48 43 151
267 29 7 147
266 29 27 297
260 25 43 294
253 25 25 235
251 29 45 402
248 48 17 71
245 25 25 289
243 29 15 426
238 25 51 294
236 29 11 217
232 48 21 149
229 48 17 170
224 29 59 55
221 29 51 408
214 48 17 204
213 29 25 297
209 29 47 105
198 25 1 352
194 25 57 68
192 25 16 279
182 48 11 109
181 48 41 209
173 48 47 359
168 25 25 120
161 48 50 71
161 25 16 410
160 25 29 185
159 29 41 241
152 29 37 435
149 25 55 436
148 29 1 402
138 48 11 159
137 29 7 402
133 48 49 142
131 29 25 55
130 29 45 19
128 25 11 101
125 29 55 105
124 29 1 241
119 25 28 294
118 48 55 151
117 48 49 109
115 29 50 147
113 48 1 7
107 48 40 127
105 25 50 339
102 29 43 147
97 25 33 222
95 48 26 288
91 25 49 235
90 48 41 445
83 25 51 352
78 29 51 46
78 25 45 294
77 29 27 119
72 29 35 166
70 48 39 275
67 25 10 403
66 48 1 109
63 25 32 68
61 29 25 408
60 29 53 90
55 29 23 105
52 29 32 367
52 25 1 68
51 29 37 217
44 29 25 84
42 29 17 46
37 48 29 203
34 48 17 343
33 29 43 90
30 29 46 435
21 25 31 176
20 48 53 359
12 48 23 343
8 29 7 55
6 29 16 84
5 48 25 407
1 29 37 119
298 19 57 302
297 97 40 426
291 97 14 163
281 57 15 246
273 97 37 52
266 57 22 9
257 57 20 427
255 19 29 319
252 19 49 360
244 97 59 256
233 19 21 340
231 57 1 144
227 57 34 338
211 97 35 251
211 19 56 251
207 97 2 104
199 97 59 251
197 97 25 12
194 19 29 403
189 57 7 114
187 19 2 193
184 57 43 87
173 57 4 243
165 19 59 319
164 97 49 230
162 19 47 57
159 97 26 282
157 57 13 369
156 57 59 338
152 97 55 101
152 19 9 153
147 19 59 296
142 57 14 14
140 19 5 193
132 97 31 251
131 57 47 173
130 19 43 6
126 97 41 276
119 19 19 385
118 97 11 431
116 97 15 319
104 97 27 319
92 97 9 276
92 57 17 419
90 19 23 360
88 57 11 338
80 57 17 272
78 97 53 431
71 57 49 87
69 57 11 427
60 97 14 282
58 97 49 276
53 57 2 65
49 57 5 57
47 19 13 98
42 57 33 272
37 57 9 57
24 19 55 217
23 57 43 242
7 97 29 230
5 19 57 217
296 106 23 192
293 42 34 264
292 106 37 200
291 106 53 200
289 42 7 58
276 106 29 278
275 42 57 104
266 42 46 91
259 42 7 396
258 42 14 136
257 106 46 113
254 106 7 25
244 42 22 420
240 42 29 351
238 42 53 84
233 42 53 56
227 106 37 275
220 42 52 372
219 42 1 420
210 106 49 275
207 106 31 70
207 42 45 264
201 106 11 424
196 42 35 89
194 106 39 165
190 106 13 180
172 106 7 355
167 42 5 429
166 42 55 429
157 106 39 29
157 42 31 248
155 106 3 165
154 42 49 79
148 106 11 25
145 42 13 353
144 106 7 102
142 42 44 104
126 42 26 132
118 42 3 108
114 42 5 104
104 106 39 255
102 106 55 102
92 106 29 399
91 42 53 105
84 106 35 412
76 42 5 52
70 106 35 355
64 42 33 171
54 42 11 58
51 42 40 56
48 42 59 89
47 106 17 275
47 42 37 86
45 106 27 200
42 106 37 29
40 106 40 355
39 106 40 102
32 42 1 84
29 42 41 132
26 106 9 275
21 42 53 264
20 42 4 105
16 42 26 136
14 42 13 52
10 42 2 58
7 106 41 72
7 42 52 343
288 38 20 164
282 38 19 182
250 38 37 77
248 38 56 430
229 38 32 302
223 38 5 97
199 38 47 426
196 38 57 182
193 38 31 275
177 38 17 164
150 38 34 133
144 38 34 302
142 38 58 290
139 38 35 439
125 38 13 275
119 38 47 164
114 38 47 128
98 38 47 88
89 38 2 124
86 38 59 439
83 38 5 290
81 38 10 128
73 38 13 319
50 38 14 128
44 38 53 19
34 38 13 397
28 38 49 215
16 38 52 94
15 38 50 405
12 38 37 88
11 38 44 1
286 46 7 91
278 46 37 7
268 46 17 242
264 46 43 419
245 46 40 15
227 46 45 242
226 46 51 103
225 46 47 293
223 46 43 321
220 46 44 422
219 46 38 419
213 46 47 200
211 46 53 242
191 46 40 3
185 46 15 419
182 46 41 232
173 46 29 33
162 46 27 321
157 46 25 321
149 46 1 321
146 46 49 127
137 46 55 422
134 46 35 3
123 46 16 127
122 46 13 15
120 46 26 33
112 46 41 419
111 46 10 200
107 46 21 299
104 46 5 174
97 46 20 161
83 46 19 232
71 46 3 161
52 46 26 131
41 46 17 91
10 46 5 304
8 46 19 91
293 47 43 163
282 47 35 122
260 47 37 116
257 47 25 284
255 47 43 444
248 47 7 53
240 47 33 284
230 47 29 366
229 47 14 251
221 47 5 390
217 47 19 245
216 47 49 242
197 47 15 300
186 47 19 183
184 47 59 160
179 47 5 366
178 47 37 242
158 47 59 245
120 47 19 97
114 47 58 183
73 47 4 284
69 47 2 112
56 47 47 245
44 47 46 403
16 47 13 392
10 47 14 123
9 47 37 67
300 36 55 52
299 116 20 134
299 36 35 410
295 116 11 76
294 116 13 236
284 45 13 419
276 45 41 406
271 45 49 392
268 116 32 252
259 45 38 414
257 116 7 80
256 45 34 414
251 116 56 76
250 116 15 129
249 45 27 101
249 36 31 363
248 116 37 393
242 36 43 52
240 116 55 393
237 36 52 71
232 36 59 51
231 116 31 179
229 45 7 232
227 45 19 58
225 45 53 247
223 36 8 21
221 45 11 430
218 45 27 312
210 45 2 25
198 116 11 266
196 36 19 18
195 116 59 148
189 116 13 77
189 45 41 392
189 36 19 214
188 45 5 137
182 45 44 101
180 116 20 22
180 36 41 214
175 45 56 312
170 45 34 25
168 116 19 255
166 116 1 220
163 36 34 9
154 36 27 18
153 36 37 167
146 36 58 29
140 116 32 72
137 45 13 152
136 36 4 37
127 45 5 126
126 45 1 203
115 116 47 148
107 45 19 277
107 36 17 355
99 45 31 25
97 36 52 118
96 116 50 129
95 116 29 68
95 45 11 137
86 116 28 212
85 45 53 25
84 116 13 22
80 45 56 232
79 45 37 247
78 45 26 124
76 45 49 58
70 36 53 391
66 36 8 9
62 45 17 371
61 45 44 83
58 116 46 179
55 36 47 221
51 36 43 214
46 116 51 134
43 36 25 330
41 45 37 46
37 45 37 124
33 116 37 93
31 36 55 183
30 116 4 129
22 116 20 68
20 116 20 77
20 45 49 137
17 116 37 255
16 45 29 247
12 45 43 414
9 36 2 436
7 45 19 414
6 116 49 102
6 36 1 427
2 36 47 171
1 116 59 102
1 45 29 83
295 81 31 368
292 81 41 244
287 81 59 278
269 81 47 108
268 81 57 99
267 81 19 305
256 81 27 368
242 81 41 450
235 81 20 278
232 81 56 339
221 81 37 443
211 81 49 52
209 81 19 402
195 81 15 399
188 81 25 119
165 81 14 214
156 81 57 259
147 81 17 119
130 81 22 131
127 81 10 278
90 81 46 131
89 81 29 119
86 81 25 402
64 81 38 278
40 81 55 316
23 81 23 4
17 81 49 155
13 81 40 398
287 109 43 327
285 109 31 173
279 109 53 230
278 109 47 315
264 109 45 431
262 109 32 108
244 109 38 292
233 109 28 187
227 109 56 109
223 109 20 348
216 109 57 1
205 109 29 139
203 109 44 187
190 109 39 313
175 109 8 348
133 109 37 336
128 109 20 331
121 109 41 263
91 109 59 315
87 109 52 87
84 109 8 313
75 109 7 315
68 109 37 431
56 109 9 109
35 109 59 198
6 109 41 198
2 109 1 134
293 55 46 440
291 55 5 87
273 55 1 304
268 55 10 98
266 55 20 375
265 55 41 348
263 55 55 98
260 55 25 272
251 55 43 116
249 55 35 406
246 55 47 304
245 55 59 17
242 55 49 347
232 55 8 98
226 55 3 305
220 55 50 411
218 55 19 41
215 55 41 305
203 55 29 84
199 55 45 48
198 55 31 269
196 55 5 411
191 55 16 17
183 55 53 305
172 55 52 411
157 55 41 441
156 55 20 430
147 55 55 139
134 55 37 441
133 55 8 441
124 55 17 304
116 55 49 185
109 55 41 185
108 55 13 48
103 55 49 203
99 55 41 98
86 55 44 17
58 55 11 382
40 55 17 411
34 55 52 441
33 55 19 388
26 55 1 223
18 55 22 441
14 55 50 121
Điểm tối ưu: 3600
Thời gian: 0.0005 giây
Trạng thái: FEASIBLE
