2253
194 1 19 1
114 1 49 1
189 27 25 148
187 32 7 270
184 27 19 148
183 32 37 245
174 32 31 270
165 8 21 177
160 32 20 245
138 32 25 270
128 27 3 29
124 32 3 270
120 32 25 245
109 27 9 29
155 54 31 236
13 4 1 74
132 36 2 197
105 36 31 158
10 36 1 248
196 2 9 216
185 55 13 252
184 2 1 216
174 55 40 252
167 55 25 84
161 55 26 252
152 55 4 84
148 2 13 216
147 55 7 252
144 15 13 86
143 55 1 84
141 55 31 84
111 55 10 84
106 15 34 86
100 15 16 86
98 55 34 84
94 55 16 84
91 15 7 86
86 2 16 216
79 15 7 265
70 2 4 216
65 55 16 252
58 55 22 84
23 55 10 252
11 55 7 84
6 55 13 84
110 39 3 237
190 41 3 262
21 44 9 193
87 48 13 122
200 58 19 40
190 13 19 231
188 58 28 207
187 78 11 93
183 78 23 93
171 50 25 81
166 62 7 248
165 58 19 207
161 13 23 146
159 58 25 207
142 13 19 146
139 78 33 93
137 13 4 146
134 62 13 143
126 52 16 141
118 78 19 93
118 52 35 236
117 62 2 143
109 78 7 93
108 78 9 93
108 58 4 207
100 58 1 40
100 52 19 236
93 78 35 93
84 13 10 146
73 78 5 93
73 52 3 236
65 52 11 141
63 52 29 236
35 13 13 231
130 56 8 257
148 55 19 252
114 4 25 102
15 55 19 84
187 58 31 207
181 13 29 146
27 58 37 207
83 27 13 29
52 15 25 86
97 52 29 141
140 27 25 29
41 32 19 270
33 52 7 141
39 8 33 177
15 52 31 141
88 52 16 236
8 27 1 148
99 52 19 141
22 15 1 86
120 78 1 93
1 62 19 143
141 32 7 245
37 1 13 1
54 1 1 1
80 32 1 245
86 52 13 236
54 13 23 231
129 8 7 213
199 50 23 81
10 69 14 203
113 78 21 265
28 50 10 81
18 4 13 152
122 4 13 102
177 32 37 270
180 1 31 1
104 8 1 213
95 25 3 70
111 78 37 93
76 62 13 248
101 62 11 248
24 60 15 83
24 2 25 216
147 2 15 40
99 58 1 207
140 2 19 216
16 2 25 40
9 75 25 64
194 8 43 213
82 27 31 148
88 13 26 231
172 27 7 148
146 27 43 148
9 58 23 40
141 20 3 277
145 55 1 252
41 26 28 184
184 50 17 81
147 78 1 265
99 55 4 252
15 62 44 143
153 54 15 26
61 50 31 81
150 78 13 93
170 39 9 67
106 62 17 248
100 45 31 248
95 8 25 213
107 60 14 179
197 1 43 1
192 50 19 36
67 55 22 252
175 50 3 36
97 45 49 248
82 62 11 143
182 78 28 93
129 50 5 36
164 58 11 40
73 50 25 36
154 58 10 207
60 52 9 236
47 2 31 216
92 45 19 265
62 62 29 143
57 52 11 236
31 49 15 294
2 58 37 40
106 17 19 80
155 2 43 216
33 4 13 285
59 52 4 141
186 58 35 207
30 2 37 216
7 45 25 248
170 13 33 146
53 4 25 74
72 15 46 86
81 54 7 105
133 2 49 216
63 62 37 143
43 8 49 177
184 41 40 166
1 13 28 231
134 78 3 93
22 27 31 29
68 45 25 265
97 47 21 229
107 63 2 3
57 78 16 93
4 2 28 216
72 60 32 179
182 58 44 207
20 24 3 40
110 32 31 245
136 32 43 245
76 1 25 1
39 21 2 201
66 8 13 177
130 9 31 281
89 2 46 216
59 21 19 21
4 32 13 245
136 50 23 36
26 57 2 137
55 23 31 226
156 58 7 207
173 21 1 215
48 32 13 270
27 66 5 65
151 50 33 81
197 23 4 255
58 80 11 144
132 29 21 12
2 78 31 93
192 20 4 169
115 44 13 106
74 45 23 265
143 1 7 1
71 8 1 177
52 78 31 265
61 58 39 207
92 46 1 288
71 55 31 252
157 25 1 121
10 58 49 207
11 58 16 207
26 47 8 272
45 52 9 141
27 68 1 103
122 34 19 135
158 32 43 270
134 55 34 252
19 35 1 224
4 34 1 135
67 15 33 265
127 28 7 181
157 6 16 126
29 78 40 93
35 18 37 5
42 13 7 146
118 50 4 81
39 5 27 113
152 10 29 270
27 62 25 143
142 17 44 274
11 14 43 189
76 27 37 29
18 36 1 38
161 69 7 8
133 23 33 141
190 21 13 38
190 8 25 177
61 4 9 162
23 80 5 130
182 13 7 231
182 66 4 231
85 54 32 80
17 10 7 168
46 78 21 93
200 53 10 212
91 27 13 148
170 60 13 52
101 31 14 217
187 54 14 80
68 28 13 163
45 8 37 213
165 57 37 184
95 37 15 25
89 50 21 36
139 76 1 187
127 80 5 50
1 80 3 130
104 58 34 40
100 61 4 54
29 62 5 143
25 26 7 107
66 41 31 147
40 50 41 81
38 45 37 248
103 51 7 158
89 4 7 170
21 52 7 236
53 29 2 214
30 21 19 38
21 51 25 44
98 71 1 186
23 77 43 184
28 49 7 267
85 9 7 6
168 37 13 124
108 44 25 43
107 21 31 201
142 36 1 63
113 67 10 239
102 7 15 153
135 79 21 182
36 15 40 86
164 5 45 100
64 19 11 220
91 13 1 146
22 23 4 131
96 80 2 71
163 57 8 188
24 52 1 141
41 25 4 144
35 11 31 127
133 54 26 131
99 76 37 284
32 28 22 22
24 45 11 265
102 78 47 265
17 2 22 216
177 76 13 11
179 39 7 237
34 40 19 237
93 35 45 93
156 44 9 283
124 43 7 299
66 52 23 236
66 14 19 196
58 54 7 26
54 68 19 151
142 23 27 255
120 9 15 79
105 42 7 238
129 62 21 143
41 7 9 59
30 4 8 74
143 69 31 8
150 52 25 141
182 57 9 254
105 40 16 268
23 20 20 103
19 2 31 40
13 49 7 184
147 56 11 257
138 49 13 15
25 52 1 236
186 1 37 1
38 46 31 151
42 60 31 14
133 68 7 103
163 44 25 88
168 52 49 236
197 9 37 10
7 21 7 215
100 50 34 36
82 47 7 246
4 25 19 153
44 62 9 143
20 43 16 164
189 18 19 102
185 33 27 260
172 9 49 53
77 47 37 242
32 38 1 13
117 52 43 236
136 20 1 169
60 76 1 284
34 45 45 248
170 63 1 243
148 8 7 177
157 44 7 128
32 59 9 261
63 27 43 29
121 39 7 129
43 20 45 262
32 6 25 144
182 26 15 218
28 5 1 100
145 10 7 262
199 4 1 162
141 73 13 276
69 78 25 93
140 80 1 211
145 61 19 139
147 47 20 272
96 64 19 23
159 29 49 176
15 45 39 248
118 79 26 285
102 62 35 143
81 38 21 232
197 39 13 237
31 50 1 81
149 39 7 28
51 5 10 293
199 41 50 20
86 26 5 9
22 30 43 271
116 55 40 84
33 79 25 61
55 7 19 110
49 3 7 157
183 14 1 18
117 9 21 243
35 77 4 82
135 16 55 164
108 76 19 189
58 4 43 102
77 24 1 281
134 22 7 250
169 55 28 84
167 20 8 136
54 51 37 44
17 48 9 227
148 70 22 280
62 27 55 29
145 20 31 36
158 60 31 83
77 58 41 207
155 38 27 28
70 41 16 6
175 3 44 222
5 60 25 75
179 71 13 186
125 4 31 46
64 13 33 231
91 37 3 189
43 30 10 271
20 15 19 86
3 51 4 278
103 66 22 153
18 47 7 229
130 21 27 25
68 8 37 177
12 42 31 128
15 11 33 219
162 79 25 94
156 61 23 235
187 16 25 240
146 12 31 27
116 54 25 166
138 48 43 51
130 38 10 232
123 71 23 297
62 28 25 22
60 80 7 256
124 73 10 4
167 26 1 9
83 75 2 47
77 39 25 237
198 62 41 143
2 4 7 42
81 46 25 172
154 41 34 150
91 39 19 28
55 31 1 217
189 70 29 280
80 9 13 48
14 43 19 138
6 29 1 77
36 45 47 248
38 16 8 183
165 64 5 240
21 13 16 231
176 38 3 280
177 23 55 20
87 46 19 69
64 60 49 83
188 64 1 242
175 9 19 8
36 62 27 143
5 17 10 150
148 13 25 146
135 35 25 226
36 41 15 147
44 65 1 110
187 70 23 8
31 45 27 265
41 13 17 146
77 5 9 21
164 70 8 205
192 22 23 4
33 27 19 29
168 47 2 229
60 71 37 186
122 56 7 46
140 47 3 161
29 72 20 72
148 26 3 107
44 17 5 208
25 34 31 135
175 7 17 152
56 78 29 265
55 17 13 158
70 18 9 5
56 62 46 143
152 22 37 127
140 33 31 296
92 28 13 22
40 9 26 233
143 37 25 10
89 79 25 242
98 80 22 256
113 47 37 246
23 48 37 91
101 32 49 270
88 5 10 113
194 49 7 150
158 14 25 196
186 37 25 126
9 60 19 179
153 74 13 40
115 62 16 143
173 79 55 234
63 16 1 218
149 20 40 136
171 24 1 97
74 40 7 155
67 51 37 55
112 36 21 13
103 73 29 276
70 49 13 246
195 47 31 229
180 79 25 273
4 8 49 213
67 73 5 59
193 57 21 164
185 18 37 94
110 60 37 52
172 43 4 86
147 4 50 46
160 17 4 258
193 6 37 46
123 47 7 161
96 25 4 124
199 20 13 169
143 56 4 88
177 12 19 152
90 18 13 58
105 47 21 161
98 41 4 20
130 35 40 250
155 21 13 289
141 13 37 231
108 68 31 221
48 7 11 177
182 14 19 18
150 69 7 72
40 43 51 6
125 73 4 276
40 19 10 120
166 12 3 290
112 75 44 38
122 57 1 254
165 33 13 260
192 47 9 276
112 71 5 166
193 25 40 31
197 40 19 297
72 77 25 82
61 74 22 138
20 50 39 81
191 60 19 52
178 36 31 37
178 18 13 9
45 64 7 278
46 7 5 287
30 45 4 265
200 60 14 75
57 79 37 225
60 22 19 250
111 21 50 67
177 71 1 35
110 80 17 50
127 40 25 155
122 52 40 141
69 49 4 79
38 49 1 258
17 76 43 284
11 61 11 184
34 27 49 148
59 9 8 152
36 12 2 173
105 71 1 5
118 49 31 136
92 21 7 289
103 31 13 258
111 29 1 176
6 69 7 287
173 16 16 183
42 51 19 215
126 63 31 59
113 51 16 55
47 26 29 102
162 20 37 136
18 68 37 264
79 38 16 293
85 76 1 139
12 35 13 51
158 9 19 281
78 16 13 168
47 39 16 129
173 29 49 117
67 50 19 81
110 58 46 207
62 25 19 211
119 79 7 61
124 18 44 5
130 17 1 80
152 23 13 255
45 67 31 78
72 59 9 223
87 39 28 237
190 17 17 94
132 41 49 129
117 49 31 294
50 29 13 128
12 43 20 299
32 70 17 285
29 12 1 94
153 56 3 43
114 59 15 154
109 60 1 14
197 36 7 47
45 19 2 140
194 43 49 163
180 21 49 21
140 54 7 131
151 49 1 246
104 59 29 154
49 33 55 126
12 70 35 39
63 18 34 4
79 37 25 37
160 13 31 146
47 6 13 195
50 30 43 166
150 12 27 27
98 33 43 44
58 65 1 117
188 70 14 73
74 47 1 106
54 46 31 69
7 72 3 44
132 69 7 203
139 28 40 21
173 77 28 82
142 69 31 203
200 3 1 134
12 3 1 157
123 28 46 105
61 43 33 121
9 23 43 141
166 76 13 224
14 74 1 70
198 22 3 287
126 49 49 150
26 23 43 121
40 74 14 164
3 50 1 36
150 77 32 10
143 65 43 11
27 45 43 248
70 20 1 55
133 20 1 136
29 47 25 251
39 22 11 261
25 77 3 99
192 41 28 6
25 47 25 261
144 47 37 276
115 69 3 126
80 50 21 81
180 7 23 241
152 70 20 205
7 49 27 246
137 43 7 138
55 48 50 206
123 5 37 100
78 22 7 59
195 35 7 226
98 57 19 195
107 42 7 142
13 19 29 220
117 67 7 239
60 69 13 132
126 72 13 109
6 14 43 54
44 27 37 148
126 4 25 162
153 26 11 35
128 68 7 151
106 39 37 67
169 11 11 197
32 80 7 71
10 15 10 86
186 80 16 42
149 4 25 164
92 23 40 153
137 29 31 117
173 12 43 13
115 22 22 261
4 9 43 8
166 30 40 268
36 51 19 278
127 47 13 272
17 67 19 78
152 69 16 8
99 62 31 143
7 11 11 198
119 76 21 224
160 37 37 170
113 42 44 134
64 67 19 200
172 23 44 70
92 5 25 287
78 52 41 236
179 47 43 161
82 12 43 290
81 42 33 184
94 62 7 143
24 9 33 79
69 22 23 52
73 9 19 140
22 77 20 82
167 24 31 300
57 77 22 19
155 61 19 54
187 60 33 287
92 25 46 31
79 11 39 65
109 48 34 280
86 63 19 59
50 14 1 293
95 66 11 273
42 45 9 248
88 47 31 272
159 60 38 179
112 62 19 248
165 17 11 174
64 65 1 56
63 56 5 46
65 45 38 265
75 75 4 48
30 15 31 86
62 73 22 59
40 40 1 21
107 75 25 47
29 15 37 86
42 69 16 53
66 56 11 213
60 53 5 212
43 26 1 231
131 36 7 37
84 74 1 52
155 7 7 241
151 59 35 154
190 4 21 162
125 42 7 134
52 31 33 118
129 21 37 201
31 46 31 288
55 75 37 286
48 67 1 239
21 21 32 170
143 13 13 146
16 37 13 189
128 33 25 274
164 59 1 153
48 19 17 13
108 51 1 102
161 57 32 152
23 49 40 294
164 41 37 129
175 59 23 178
7 44 13 129
43 75 16 30
141 9 44 48
136 64 17 20
61 79 15 61
43 38 3 234
71 67 25 92
146 33 25 89
127 10 1 262
25 37 13 14
177 43 7 273
53 65 19 223
106 23 22 255
65 33 1 34
168 6 7 10
177 57 25 137
74 46 33 42
195 13 27 146
136 47 13 229
152 3 31 134
165 75 1 48
9 46 7 172
111 41 16 262
46 44 13 176
6 15 55 86
56 39 40 129
192 59 43 223
121 54 25 80
97 13 37 146
5 47 49 229
182 73 26 276
197 54 49 158
2 48 33 206
46 62 23 143
114 51 1 278
196 4 43 46
194 77 31 273
12 4 25 70
110 64 1 109
179 29 32 77
11 28 1 163
31 22 13 88
64 15 43 86
1 24 7 300
76 46 49 151
164 10 25 221
3 40 11 25
154 10 41 6
200 79 25 190
74 72 25 6
128 31 33 271
78 44 4 13
163 9 43 53
117 4 25 42
104 28 26 163
22 31 27 253
155 67 2 200
9 29 13 47
2 51 19 42
196 14 26 59
18 41 43 30
154 60 1 179
149 49 10 79
48 15 28 86
28 34 25 135
96 7 23 135
121 41 37 147
18 30 19 268
94 28 13 293
115 26 1 234
5 21 37 289
84 29 19 117
50 76 37 11
41 73 40 4
45 49 22 79
102 46 1 151
151 79 25 234
41 44 31 283
39 46 43 172
107 43 10 13
131 37 31 149
126 68 33 215
102 42 31 64
128 47 44 261
113 7 1 181
91 64 29 70
63 36 7 197
44 61 7 189
120 19 13 220
32 41 19 147
59 74 33 138
159 72 1 108
149 25 4 30
109 19 25 158
194 53 5 137
123 75 25 189
141 66 23 293
61 66 1 189
200 48 37 110
141 18 15 5
110 5 26 13
96 5 43 153
73 79 13 225
71 33 7 260
195 44 19 128
52 3 7 12
115 25 19 144
172 54 19 26
142 42 13 238
86 29 43 77
180 4 37 74
198 4 31 74
162 7 29 241
78 65 19 204
34 29 31 235
80 27 49 29
9 54 31 131
197 28 1 195
179 7 1 241
199 68 31 17
23 44 7 132
120 68 7 296
51 10 23 270
138 40 16 291
59 71 1 297
152 7 1 276
185 36 1 158
137 72 19 108
32 5 28 100
187 53 4 31
82 17 1 174
146 4 37 285
125 21 19 201
38 39 4 67
159 61 9 25
51 70 19 121
107 56 5 273
19 24 25 235
24 43 21 10
21 2 28 40
71 57 19 188
23 14 1 37
53 43 8 20
169 35 25 224
144 44 45 110
104 65 13 56
26 41 37 166
25 22 22 163
78 68 43 17
20 17 29 258
13 3 13 269
110 31 7 224
15 8 55 213
21 64 14 279
31 31 7 253
108 22 11 127
81 53 29 212
181 11 11 123
83 76 21 139
139 79 25 225
156 39 26 39
166 54 9 80
168 43 28 121
20 4 31 72
158 57 51 254
4 21 7 201
98 29 7 77
108 38 51 166
99 31 25 50
19 14 7 70
90 10 7 221
30 76 13 170
198 20 7 55
133 22 15 250
139 64 19 242
16 18 1 286
89 18 1 259
149 51 22 215
56 55 37 252
90 66 5 12
124 10 20 221
157 61 29 189
132 26 19 218
51 63 1 268
167 7 28 133
24 75 43 31
30 5 56 113
52 39 13 39
194 3 25 2
3 79 25 71
63 10 23 6
59 67 28 9
52 48 40 261
178 22 16 108
49 74 5 283
180 47 1 251
86 10 10 165
176 67 31 280
77 60 43 179
191 53 34 191
120 8 19 213
5 69 7 110
55 37 44 25
5 79 1 170
90 21 25 67
77 72 49 36
196 54 31 26
9 24 37 259
116 67 7 78
54 5 15 100
94 76 31 144
5 70 23 213
184 61 4 101
136 18 19 20
17 51 26 215
134 49 27 79
100 46 25 151
117 22 17 10
196 7 7 133
122 54 25 26
156 33 49 296
116 7 10 259
169 40 9 263
161 26 29 218
24 46 37 69
193 24 13 235
79 58 22 207
23 39 16 39
82 24 21 34
46 68 43 91
158 28 37 181
146 41 9 262
20 28 7 195
170 22 28 287
111 64 27 23
50 75 25 31
184 54 32 243
66 25 1 144
191 18 13 286
189 17 22 70
160 69 1 45
47 55 46 252
153 38 31 89
47 28 37 22
48 65 7 204
153 11 43 126
129 7 14 241
103 29 25 214
43 73 23 88
121 44 1 31
196 35 4 206
21 47 37 161
166 70 23 39
189 9 9 140
191 44 25 193
70 26 19 107
23 25 13 72
166 36 19 63
94 68 9 196
134 73 11 59
101 48 1 41
30 48 1 206
195 79 1 182
181 74 15 94
46 14 7 297
15 77 25 112
76 4 43 74
156 21 3 25
88 35 1 51
160 57 25 254
1 19 21 9
96 26 25 110
3 67 19 150
35 41 25 129
43 25 25 124
84 53 29 150
64 43 25 4
94 29 25 176
164 65 31 204
45 42 19 142
199 56 8 43
7 6 31 171
15 35 1 250
70 71 23 25
40 54 33 285
111 62 5 248
80 46 37 172
158 13 40 231
21 26 19 58
31 79 44 190
69 76 7 284
97 72 16 273
172 48 1 91
62 35 34 224
19 71 5 105
31 29 37 171
179 22 10 163
129 40 41 188
88 10 7 68
87 24 32 250
59 25 25 121
26 67 15 78
200 9 49 280
62 24 7 97
152 6 7 280
188 60 8 14
37 30 34 2
87 47 7 88
90 45 49 265
126 6 38 70
2 44 43 283
58 62 41 248
83 40 35 6
7 15 49 86
44 39 31 189
71 76 13 284
183 77 9 112
181 25 22 211
57 75 7 81
108 73 7 276
138 70 1 192
179 49 4 259
150 61 35 15
74 22 47 88
154 4 13 74
102 47 7 251
19 48 15 41
189 44 1 128
104 25 9 211
99 14 13 18
115 49 46 231
181 48 19 227
145 64 35 72
22 52 25 236
43 2 39 40
89 5 49 113
44 68 25 159
65 11 7 123
178 23 4 121
33 26 11 170
15 49 10 267
19 11 21 219
196 18 38 6
88 77 37 273
100 30 13 259
80 63 17 153
68 61 10 121
67 30 16 271
138 69 37 287
104 56 19 55
186 67 19 239
85 18 43 4
90 64 1 23
119 57 1 188
124 35 16 226
137 66 11 12
141 47 25 229
84 8 13 213
109 31 19 253
81 17 19 154
111 38 7 127
101 72 34 115
22 64 7 23
47 44 19 132
162 4 1 285
86 69 28 4
144 33 1 296
48 51 25 278
109 12 27 294
133 38 4 127
195 28 16 195
25 55 46 84
57 80 31 130
97 39 10 237
51 44 28 193
10 16 40 184
108 10 23 20
10 74 7 232
13 51 49 170
66 35 4 226
50 45 41 265
180 41 55 141
8 77 34 82
159 51 21 121
100 76 39 187
22 32 55 245
199 17 17 208
5 72 45 6
114 18 21 58
155 51 21 55
94 40 35 291
52 8 43 177
71 38 22 127
180 46 13 288
17 3 31 222
18 58 33 207
186 60 7 179
195 14 37 196
5 73 41 37
175 17 29 29
165 61 25 63
11 35 25 250
57 19 19 163
34 30 27 259
150 42 49 172
29 34 7 135
64 20 13 136
38 21 27 201
42 72 13 115
151 65 13 117
4 61 11 101
114 76 39 139
77 23 16 121
199 36 43 63
147 53 5 135
116 26 23 14
138 63 5 150
193 69 31 21
95 70 40 46
17 33 13 46
32 4 33 162
26 58 49 40
97 22 19 162
36 70 34 21
188 24 32 97
60 42 16 172
26 50 13 36
181 56 1 43
76 52 53 236
68 17 19 174
56 20 26 136
65 74 9 52
29 18 16 132
196 16 1 164
106 33 13 155
162 61 23 15
8 28 10 195
10 6 25 72
10 1 55 1
102 70 5 39
93 41 9 243
100 35 8 164
114 50 29 81
186 57 4 152
107 13 35 146
137 58 44 40
96 36 7 234
2 31 39 118
133 39 22 129
70 61 7 63
82 68 37 102
10 79 31 214
133 64 37 164
193 11 5 52
21 59 3 154
69 43 37 163
156 37 19 6
22 65 37 47
121 29 43 12
11 25 19 30
123 22 11 88
194 31 1 233
120 10 4 68
183 59 7 223
167 3 37 222
157 2 51 40
68 18 27 286
187 36 19 197
51 69 7 45
137 80 41 270
8 24 13 300
176 36 37 38
179 75 22 234
147 54 37 105
16 80 7 153
79 23 13 141
95 14 33 59
95 11 9 198
157 10 13 68
147 74 3 42
185 25 7 124
96 48 13 267
146 29 19 171
106 72 4 109
113 19 7 165
30 44 40 152
163 3 49 222
65 14 32 164
1 71 31 105
75 49 16 267
130 10 13 43
74 17 38 13
129 17 25 284
166 63 1 253
80 23 34 20
162 64 10 115
174 69 16 45
90 26 11 58
49 54 1 26
89 72 4 53
43 67 13 239
40 3 37 157
112 31 13 20
119 68 13 91
198 53 11 135
139 68 13 215
34 78 43 93
2 72 13 273
184 59 7 154
117 72 40 243
1 73 17 64
50 7 7 52
100 9 21 53
157 18 10 226
41 17 15 243
30 31 25 150
163 53 1 29
179 74 19 232
169 21 19 67
54 58 13 207
145 39 13 67
8 29 37 128
115 64 25 5
109 56 15 257
145 42 25 134
131 67 37 92
87 19 23 165
111 65 19 56
85 75 13 271
140 35 43 206
144 31 21 257
46 65 49 141
53 69 57 132
16 29 9 214
136 72 28 109
139 72 37 115
36 25 22 144
132 65 26 223
135 9 43 233
99 25 7 121
26 77 19 258
116 79 19 190
3 52 37 141
95 73 31 287
195 71 13 25
14 35 38 224
193 75 8 31
94 56 4 257
37 38 43 20
29 9 49 140
94 30 22 44
50 56 17 280
23 28 32 279
56 68 13 159
164 22 13 108
175 71 11 104
186 6 31 25
61 42 28 52
11 5 13 113
169 39 43 170
61 41 43 147
69 12 19 259
37 3 1 222
144 20 16 103
144 64 35 23
105 26 19 170
64 75 7 64
88 11 13 198
125 26 35 58
133 7 11 181
66 76 7 139
15 70 7 38
183 3 33 269
117 61 10 15
123 16 28 272
98 48 26 41
191 30 28 111
55 47 25 106
124 11 1 166
187 73 29 147
156 74 1 138
18 24 49 300
170 68 20 159
135 47 8 242
115 67 31 99
70 51 28 110
79 77 1 19
198 40 5 155
132 22 16 4
192 48 32 267
56 51 8 144
81 6 16 110
129 70 11 285
92 7 11 91
26 61 29 54
131 16 22 168
1 20 37 169
77 77 19 19
27 49 31 258
146 16 13 183
123 64 5 23
163 65 3 204
48 26 5 218
53 66 41 189
81 75 38 64
22 74 13 138
68 9 1 112
154 56 27 195
91 26 10 107
105 21 25 289
13 36 44 47
193 63 11 129
40 44 7 106
4 39 22 237
168 18 31 9
2 65 1 11
52 71 16 166
91 59 23 150
148 9 37 281
103 26 17 107
172 33 25 296
147 68 31 91
13 26 11 234
136 54 37 236
157 48 33 122
90 14 43 242
92 39 16 28
179 14 25 297
71 63 5 243
115 70 28 21
91 17 31 154
178 44 37 283
154 16 37 183
182 75 1 59
67 28 43 195
101 47 19 246
47 20 9 30
64 25 37 211
154 73 7 187
150 56 11 231
121 11 5 219
56 31 19 50
199 48 10 106
145 53 17 102
73 10 1 126
178 40 7 263
157 5 38 42
191 19 16 165
113 12 25 173
122 29 33 176
114 61 13 54
45 21 26 283
153 65 25 105
42 15 22 86
168 60 19 83
112 65 1 223
74 35 9 250
51 66 37 75
160 51 33 261
78 74 26 232
29 6 34 126
27 2 40 216
39 73 13 147
120 79 31 234
61 10 3 92
159 5 43 234
190 49 39 15
11 77 34 112
112 68 25 91
131 60 25 8
120 21 45 150
173 38 13 21
24 17 8 208
105 69 13 4
47 29 25 12
157 73 4 195
157 7 23 152
176 31 20 158
122 74 31 184
180 6 44 42
19 65 43 289
199 37 25 14
32 10 4 274
187 23 1 255
149 41 13 6
181 10 41 165
1 59 5 170
110 3 19 134
12 63 23 268
156 75 31 150
183 42 13 64
62 42 13 172
49 19 17 140
75 76 19 284
36 71 13 297
49 76 37 293
85 56 23 141
25 5 19 100
125 33 13 205
79 27 55 148
128 16 37 218
85 35 37 250
197 29 25 77
161 4 43 164
48 75 31 31
161 31 1 271
83 26 19 35
48 80 21 88
5 38 19 262
195 53 29 135
99 71 22 287
142 28 34 22
160 79 13 71
130 80 25 220
53 11 29 166
98 53 47 29
35 17 10 158
185 22 25 30
67 6 13 42
165 28 31 163
188 44 19 193
116 61 5 177
185 24 19 300
31 56 11 42
125 63 10 133
175 18 7 94
31 32 49 245
38 19 11 9
83 24 25 132
16 26 4 35
162 57 40 88
51 60 44 280
97 79 33 182
57 8 55 177
80 69 25 203
17 37 37 158
111 7 13 133
162 31 19 233
35 8 33 213
2 18 22 132
37 29 7 176
58 17 5 174
81 21 1 289
60 73 28 187
123 31 1 39
134 71 1 104
36 36 9 63
84 26 7 58
142 18 21 170
12 61 5 69
33 62 34 248
178 77 1 82
127 17 22 80
28 56 5 43
3 10 15 162
193 73 44 88
98 37 13 37
59 50 15 36
37 18 46 184
45 37 15 261
7 31 19 39
42 29 43 128
171 16 19 95
137 22 15 287
54 37 26 149
118 11 17 219
88 74 5 110
90 7 16 276
135 65 13 204
162 41 7 4
108 45 17 265
31 40 3 105
58 24 37 235
184 64 13 27
190 22 29 163
71 29 37 117
52 16 1 119
92 72 22 109
41 36 49 13
85 51 19 44
82 6 25 181
6 31 19 118
156 6 15 70
51 20 16 169
200 30 7 111
84 25 34 211
190 28 33 262
165 49 7 294
58 3 27 269
185 11 11 65
16 75 37 189
151 70 17 192
47 63 22 3
86 4 49 72
200 16 32 263
31 75 20 31
32 55 37 84
87 73 5 147
26 33 32 157
175 39 31 39
122 67 43 9
42 9 37 79
57 18 3 5
79 69 43 45
123 46 31 166
93 70 5 73
158 63 29 291
72 61 7 101
181 5 7 293
194 59 17 154
82 21 13 105
25 41 39 150
68 13 21 231
118 18 1 4
36 28 31 22
27 37 21 149
43 71 7 36
61 20 19 136
104 42 21 184
104 80 7 220
93 11 21 25
83 19 5 165
129 29 49 4
176 73 11 166
137 30 1 261
16 73 34 187
177 31 31 217
97 7 27 30
19 40 35 237
16 52 21 141
112 54 31 195
37 42 31 293
13 40 23 90
175 68 37 17
74 38 13 28
33 37 49 261
135 7 1 133
52 22 5 4
101 69 4 72
124 76 32 284
183 80 19 88
140 38 13 262
53 37 13 149
153 63 39 3
97 10 1 270
116 22 13 250
120 70 37 205
200 57 22 195
60 77 39 19
76 30 7 271
8 75 28 248
189 35 37 279
30 22 34 163
108 25 13 144
13 52 21 236
72 10 28 20
39 19 25 140
134 61 16 54
37 70 28 192
192 40 35 226
53 17 17 274
4 36 31 47
29 71 31 35
185 68 43 37
122 64 4 164
158 53 7 191
25 18 9 286
172 26 13 150
14 36 49 38
143 77 16 255
60 21 21 283
3 20 32 169
127 56 19 13
167 68 13 221
156 69 37 132
63 47 13 161
174 59 13 223
132 80 37 88
13 12 37 106
94 50 29 36
14 58 46 40
45 14 49 102
167 48 49 106
73 68 49 110
29 70 13 249
184 77 28 243
139 17 11 208
192 19 7 40
87 59 11 256
161 74 11 164
65 26 5 14
199 49 37 267
79 16 19 280
180 11 10 94
67 31 7 50
192 79 13 214
16 19 17 98
96 56 11 46
110 22 43 127
11 23 56 195
80 56 29 53
81 12 49 273
109 70 23 249
150 33 15 296
92 3 31 278
28 42 38 134
130 71 16 104
116 44 16 106
84 17 41 174
11 39 4 28
115 50 10 36
50 18 31 58
6 79 37 71
45 73 35 64
163 54 19 105
127 63 38 253
44 70 29 249
76 5 10 287
69 24 31 52
189 61 17 69
184 23 43 265
27 72 7 115
4 57 37 54
22 26 9 9
51 40 4 242
27 67 13 99
182 61 13 101
172 68 37 151
138 31 31 50
145 80 21 130
33 34 37 135
80 30 10 44
180 80 5 94
50 48 21 122
95 75 19 298
12 6 39 126
131 10 1 152
35 49 7 259
168 73 23 187
133 75 43 298
179 73 17 187
164 73 20 187
3 68 39 103
85 4 49 132
35 61 16 184
134 33 19 89
154 63 5 129
99 69 10 8
93 3 13 2
42 7 41 94
75 26 7 218
37 47 38 229
126 80 5 163
55 66 22 65
54 16 10 95
93 80 17 71
147 52 46 236
59 70 31 121
117 10 19 68
114 16 4 119
193 59 35 132
37 19 25 165
125 53 25 191
151 47 43 293
161 53 14 280
34 18 38 9
44 37 19 124
64 66 16 181
114 17 17 174
14 57 25 184
131 75 14 240
194 22 15 10
73 6 7 15
178 26 10 218
105 56 10 280
89 44 13 31
160 36 49 197
130 51 37 215
135 71 4 297
149 6 37 144
54 22 40 162
18 64 5 279
76 3 1 12
87 44 16 176
112 67 7 99
82 34 55 135
176 6 25 243
45 66 5 181
77 65 31 102
181 37 37 37
68 48 7 41
193 74 29 38
59 59 13 126
28 67 22 78
21 45 22 248
3 12 7 173
125 37 43 286
167 17 19 208
168 72 25 109
63 21 19 289
122 79 9 182
148 16 27 119
57 57 45 254
17 60 1 83
186 4 50 285
72 51 13 234
27 57 34 153
160 30 10 55
65 60 25 83
102 66 17 46
86 19 23 230
44 9 13 281
15 17 13 208
148 5 32 113
174 76 43 72
164 80 3 256
166 57 37 43
104 30 31 88
42 42 1 238
20 41 22 147
187 25 37 124
173 31 7 217
177 75 10 240
151 63 5 3
173 63 11 268
4 66 5 293
141 3 19 2
44 29 44 117
91 48 25 267
107 35 37 226
3 57 22 188
114 3 7 2
198 74 19 164
129 39 31 129
73 47 32 55
13 10 17 170
171 23 37 20
150 68 1 17
53 70 11 22
81 18 55 286
107 77 19 99
188 74 26 138
62 67 16 200
178 79 19 203
174 28 1 279
7 74 37 150
64 50 41 36
128 48 15 158
85 39 16 67
20 12 25 280
183 65 49 47
83 71 43 186
157 54 19 4
103 44 50 164
166 47 31 161
159 25 13 211
142 79 37 234
50 42 34 216
72 71 11 297
66 33 25 157
196 6 49 262
121 80 11 270
89 75 16 234
169 16 2 272
41 67 37 200
128 40 13 226
173 72 25 108
191 33 1 155
86 38 1 89
176 75 43 64
113 54 49 26
126 79 19 46
128 19 20 165
195 7 23 91
128 66 1 184
146 17 7 243
121 33 19 155
153 77 7 258
151 80 9 71
181 52 27 236
106 53 1 20
142 25 10 72
81 51 13 44
135 4 37 30
40 57 19 287
137 10 23 31
28 74 13 232
143 60 37 72
93 25 25 211
95 56 1 88
174 73 9 147
41 40 1 90
82 63 3 253
102 72 49 94
88 72 19 109
111 60 44 287
124 23 13 131
135 48 34 106
18 14 25 38
93 12 49 153
103 74 34 31
189 21 13 81
65 35 19 51
32 39 13 59
99 61 29 15
74 23 19 131
5 76 13 139
8 60 19 293
39 11 15 123
119 38 28 55
155 55 49 252
130 46 19 288
128 74 11 52
116 57 50 188
131 3 3 2
63 23 31 153
9 65 49 42
158 24 13 34
174 68 49 264
20 55 43 84
140 60 38 83
137 61 13 187
190 54 43 80
178 31 44 10
160 24 55 52
99 26 49 231
8 20 31 103
163 16 28 170
93 48 1 58
191 7 23 94
186 23 13 112
68 54 43 285
123 24 13 197
160 38 7 89
34 69 13 45
118 46 13 77
51 67 13 200
113 70 4 205
136 26 7 35
14 71 17 186
147 44 25 128
94 69 1 132
7 40 16 90
172 18 16 58
49 21 43 201
118 68 7 17
5 63 32 63
109 7 5 241
104 12 38 27
167 18 4 58
24 11 3 65
119 14 31 196
110 38 13 291
97 35 7 206
145 30 4 55
42 76 25 11
146 49 1 267
75 63 11 253
191 72 9 109
171 25 13 121
101 28 8 22
80 53 5 191
129 63 17 36
56 9 31 48
46 59 19 256
78 23 9 153
164 16 16 168
26 22 22 250
49 72 25 21
194 35 10 51
106 19 25 9
175 22 1 287
163 70 15 192
49 16 28 31
65 34 49 135
132 64 11 23
41 72 25 115
136 59 5 171
76 72 16 72
11 43 22 71
37 26 22 35
70 9 39 280
71 3 55 9
48 18 46 20
83 68 39 296
71 56 17 88
143 79 19 214
14 9 8 53
174 67 4 239
56 30 1 273
78 77 31 82
159 33 31 274
123 62 53 248
167 75 22 298
188 11 5 42
136 61 10 187
46 24 25 300
116 19 3 9
182 79 32 61
105 61 3 184
49 53 35 102
178 68 25 264
173 41 37 4
75 38 37 89
173 4 19 285
188 17 17 150
38 34 13 135
119 37 37 14
14 52 5 236
200 80 5 256
196 44 20 43
91 57 34 188
120 16 40 181
167 67 44 78
159 22 7 163
90 77 19 37
101 79 37 203
61 63 13 268
82 66 19 177
43 69 19 45
16 69 31 126
138 35 20 206
39 75 40 240
34 64 9 27
142 30 16 259
119 56 25 257
19 59 13 184
72 33 3 6
14 70 15 150
62 68 1 159
55 70 9 126
83 9 7 233
183 20 25 169
134 11 5 85
6 73 11 147
30 71 23 38
38 53 22 212
58 6 34 181
124 56 22 42
46 28 1 22
149 68 32 264
101 66 31 231
46 72 31 108
67 25 40 124
196 3 13 278
182 9 37 59
49 23 19 112
153 67 19 279
154 66 29 177
198 51 16 144
98 64 29 256
177 49 3 294
68 75 31 30
136 48 31 41
54 50 43 36
171 22 8 102
8 51 55 102
69 3 43 243
59 34 43 135
170 25 50 124
36 10 7 162
79 20 10 169
181 12 31 291
103 63 4 10
67 42 2 142
13 67 26 200
126 33 1 260
144 69 28 45
174 57 25 153
57 35 25 279
192 38 1 127
191 11 5 123
141 17 1 274
149 73 1 64
78 5 37 153
169 18 32 286
176 30 34 273
24 22 13 10
62 37 43 149
54 48 7 91
185 60 31 53
174 3 19 126
72 24 37 195
185 72 16 44
37 75 19 48
106 9 7 281
56 63 4 153
170 41 25 20
94 44 19 176
126 20 7 277
102 65 19 47
180 57 7 54
139 29 21 273
104 14 55 70
183 61 16 21
28 12 31 225
140 26 17 14
1 42 13 142
185 35 49 51
23 46 25 69
40 72 4 108
169 73 7 147
149 76 43 94
102 24 43 97
169 17 35 30
112 43 37 21
75 59 13 171
8 57 7 13
164 17 23 30
53 60 31 75
128 21 49 55
107 37 49 70
62 23 31 20
163 40 13 263
1 61 1 15
80 75 7 48
9 6 1 10
28 66 17 65
138 7 3 241
85 26 5 184
119 18 49 184
93 22 29 10
28 22 15 88
122 44 37 176
134 17 32 208
27 16 10 28
28 71 19 25
130 11 3 198
70 21 31 289
127 59 10 69
86 53 7 137
40 70 17 177
10 20 37 277
158 61 11 54
75 6 1 46
166 75 49 30
125 65 27 56
177 21 44 81
121 17 14 174
199 74 5 38
129 12 1 27
60 16 25 263
87 31 1 150
63 60 25 53
115 48 38 51
76 11 23 29
153 53 1 212
21 43 44 273
121 73 17 213
119 61 19 184
89 6 32 110
184 67 25 239
1 17 23 274
38 41 19 129
84 78 55 93
168 77 10 132
35 10 2 232
171 57 27 152
50 66 9 231
145 14 9 38
77 38 13 127
161 12 19 173
151 57 19 70
78 39 1 67
10 76 19 94
155 26 5 107
15 59 4 132
2 22 17 250
193 12 1 221
6 47 31 276
6 71 28 186
86 23 38 112
158 79 1 190
143 40 29 226
198 43 13 13
69 61 1 69
20 71 13 5
58 77 13 19
109 68 43 215
18 72 22 115
96 53 16 191
178 67 40 273
84 71 17 52
171 17 5 158
111 19 23 9
9 30 4 268
2 20 26 277
174 17 23 174
162 43 13 299
117 53 4 21
8 22 25 52
20 32 55 270
159 80 5 71
177 66 23 75
39 67 8 279
19 17 37 243
14 22 28 108
166 68 25 103
186 3 43 2
34 17 7 174
165 44 28 88
70 28 25 262
9 40 35 81
17 21 55 21
170 59 4 102
87 18 25 58
198 41 21 166
6 56 35 257
162 47 32 246
190 31 8 118
102 29 25 117
156 14 43 55
76 70 5 213
127 73 17 37
163 7 31 241
106 30 31 259
57 69 13 53
148 40 5 291
26 79 25 46
12 77 9 255
89 17 19 243
101 59 25 154
38 37 49 189
75 61 28 139
146 5 16 59
52 12 19 290
12 66 7 65
49 68 13 196
141 28 34 293
69 45 14 265
105 49 44 246
176 3 13 134
119 74 41 110
84 30 31 4
105 53 35 94
152 30 10 102
77 70 7 285
24 70 31 285
69 57 28 43
56 64 43 262
127 68 31 38
66 38 37 232
100 6 49 171
14 17 3 174
88 19 23 220
74 13 53 231
189 41 31 70
144 80 11 130
139 74 7 9
138 59 9 171
113 20 13 103
71 54 49 80
135 18 31 5
53 19 35 98
55 16 15 263
126 61 11 10
75 42 32 6
176 79 7 190
144 76 7 166
72 16 19 183
197 25 16 31
98 16 39 272
89 60 37 8
87 9 43 112
138 80 11 37
142 77 7 82
125 25 1 30
33 59 3 69
12 12 43 225
181 49 4 267
47 5 2 113
144 19 31 98
55 11 7 30
172 31 31 34
154 79 20 225
34 42 3 172
66 46 43 151
103 75 1 298
189 59 7 69
192 10 21 68
150 17 21 274
186 63 1 129
33 70 9 249
118 66 21 75
52 70 11 73
121 40 31 237
90 53 23 137
Điểm tối ưu: 2253
Thời gian: 22.9582 giây
Trạng thái: PARTIAL
