833
79 30 7 70
72 22 25 20
70 30 49 70
68 22 13 64
68 3 7 115
67 22 13 20
66 20 13 55
64 30 49 82
61 20 37 112
61 3 3 38
59 5 1 42
56 20 37 55
51 3 19 38
49 30 19 70
43 2 13 106
42 5 25 42
38 20 1 55
36 3 31 38
23 30 31 70
20 30 21 82
79 4 13 28
75 7 9 23
74 4 1 116
72 12 7 61
72 7 1 92
67 12 19 61
67 4 3 28
64 4 25 33
57 4 1 33
56 7 25 88
54 4 7 33
53 4 13 116
50 12 25 116
49 4 55 33
45 12 31 61
44 7 19 88
44 4 31 33
41 7 31 88
11 7 25 23
7 7 31 92
6 4 19 33
72 29 43 91
58 29 49 91
51 29 7 113
47 29 27 113
45 29 3 113
42 29 19 91
41 29 19 95
19 29 25 91
15 29 49 95
80 10 13 50
69 10 1 50
45 26 19 73
36 18 13 10
30 26 19 56
29 18 3 63
25 26 1 56
19 26 19 52
9 26 19 79
2 18 1 103
72 13 31 85
69 25 28 2
63 25 16 26
59 6 39 40
52 13 7 85
50 25 22 26
40 13 10 86
38 13 7 86
37 13 13 86
34 6 16 93
33 25 31 26
33 6 1 93
27 25 25 2
26 13 4 85
24 13 10 85
24 6 7 93
23 6 13 93
22 6 4 93
21 13 16 85
20 25 1 26
19 25 13 2
14 25 4 26
12 25 19 26
11 13 16 86
8 13 1 85
5 13 25 86
2 25 13 26
77 28 25 39
76 28 46 107
75 28 37 107
68 28 1 107
67 28 49 107
65 28 34 39
65 17 13 83
62 28 25 107
58 28 22 107
52 28 10 39
46 28 37 39
44 28 40 107
40 28 34 107
38 17 22 81
37 28 21 39
35 28 13 107
34 28 1 39
26 28 46 39
25 28 28 39
25 17 22 83
23 28 19 107
20 28 4 39
15 28 16 107
13 17 19 83
10 28 43 107
10 17 34 83
9 28 31 107
8 28 7 39
6 28 4 107
3 17 19 81
57 11 19 3
50 11 19 44
22 11 19 89
80 27 1 106
80 16 5 76
80 9 23 40
77 9 7 40
74 32 31 80
73 9 25 5
71 27 1 113
67 16 7 76
65 27 17 106
64 32 33 80
63 27 29 106
61 32 1 80
55 32 25 80
51 27 25 113
43 32 1 28
39 16 13 76
33 16 11 76
28 32 17 80
27 16 9 76
20 32 17 28
18 16 27 76
14 32 15 80
14 16 1 76
12 16 25 76
4 16 3 76
1 16 29 76
42 16 31 76
54 2 25 65
57 25 16 2
55 17 1 83
13 4 25 28
71 17 34 81
29 6 31 93
13 16 22 76
44 5 13 5
30 3 43 38
70 2 31 65
69 7 37 88
53 20 19 112
55 22 7 20
26 4 13 33
63 13 13 85
45 5 13 42
63 6 34 93
71 13 19 85
12 23 13 72
35 26 19 7
62 30 37 70
49 14 7 32
66 30 25 82
60 16 15 76
40 12 37 61
41 5 3 5
49 13 25 85
47 9 23 5
25 32 7 80
76 20 25 112
62 5 7 42
25 16 17 76
68 5 19 42
35 29 1 95
70 9 7 5
7 29 43 113
52 2 13 65
50 3 43 115
65 20 7 112
47 7 1 88
33 3 25 115
70 16 19 76
60 9 25 40
54 7 1 23
44 12 1 61
73 3 55 115
56 30 13 70
19 7 7 88
76 9 9 5
66 29 1 91
61 29 31 91
48 23 13 100
74 28 7 107
80 5 55 42
27 29 31 95
79 20 55 55
75 25 1 2
69 22 19 64
50 14 7 31
58 14 7 120
3 10 25 45
77 17 1 79
34 17 13 79
49 2 31 106
75 26 31 52
15 7 37 23
2 4 49 28
46 3 31 115
75 9 27 40
9 29 7 91
43 20 19 55
2 22 43 64
26 16 33 76
4 27 23 113
17 27 21 113
10 25 4 2
37 4 31 28
59 30 31 82
58 25 37 2
27 4 37 28
7 18 1 101
8 23 13 1
39 27 3 106
73 10 1 6
21 7 19 23
54 27 5 106
18 5 43 42
6 31 1 30
40 4 43 33
10 32 9 80
9 10 13 49
68 16 37 76
60 25 19 2
51 5 31 5
58 31 1 59
79 3 1 115
1 18 1 14
49 11 13 27
21 11 13 89
28 17 13 81
25 13 31 86
2 14 7 47
80 32 21 80
64 7 13 88
70 7 13 23
11 17 31 81
18 18 13 103
20 18 13 63
51 4 49 116
1 5 19 5
17 30 13 82
77 13 34 86
61 7 25 92
38 18 13 14
28 25 7 2
22 25 22 2
29 30 7 82
13 22 43 20
38 25 31 2
72 18 15 101
3 30 1 82
74 29 25 95
50 17 31 83
35 12 37 116
50 7 13 92
22 29 37 91
56 32 29 80
1 23 15 29
76 7 19 92
46 12 7 116
66 7 7 92
16 11 13 44
26 31 17 30
4 4 31 116
62 7 31 23
55 29 37 113
22 9 9 40
31 4 7 28
64 11 19 27
40 9 19 40
65 3 25 38
36 32 11 80
28 26 31 7
2 9 11 40
32 32 29 28
24 25 34 2
34 25 34 26
29 32 35 80
37 26 3 7
60 2 7 65
2 27 23 106
6 3 13 38
58 27 35 106
53 32 3 80
31 9 51 40
5 22 1 64
46 32 5 80
75 4 19 28
45 13 43 85
79 26 31 56
74 11 37 44
79 32 23 28
15 32 13 80
11 2 19 65
52 6 19 93
46 29 13 91
52 22 1 20
42 26 33 73
54 10 21 50
18 3 7 38
78 9 41 5
45 6 46 40
8 11 25 3
48 30 43 70
3 22 7 64
18 14 19 47
1 28 10 107
10 29 13 113
46 4 55 28
15 12 43 82
54 9 43 5
70 13 2 86
30 5 31 42
31 18 1 10
6 27 9 106
57 32 27 80
51 32 43 80
60 28 49 39
30 28 13 39
9 16 35 76
62 13 43 86
43 11 25 89
45 10 25 27
8 32 11 28
48 26 1 52
14 29 7 95
40 30 1 70
65 25 43 2
19 28 52 39
60 4 43 116
21 4 37 33
13 28 16 39
12 28 31 39
37 9 1 5
60 11 1 89
53 25 25 26
36 28 43 39
44 14 7 34
71 10 25 6
39 10 25 49
28 12 19 116
70 25 43 26
61 28 52 107
78 22 31 64
36 27 17 113
44 25 28 26
10 11 25 44
20 10 25 50
41 9 11 5
30 11 1 3
42 20 13 112
43 16 41 76
78 6 46 93
11 6 40 93
38 29 43 95
63 11 1 44
27 11 3 27
31 32 19 80
69 6 43 40
12 6 43 93
33 12 13 61
37 2 49 65
20 9 47 5
22 17 16 79
29 17 16 83
56 17 1 81
32 10 1 45
66 26 31 79
17 12 55 116
14 5 37 5
39 17 16 81
71 23 13 18
14 10 19 103
27 10 19 45
53 23 7 63
5 10 19 49
9 27 41 113
34 10 19 6
9 3 49 38
16 2 43 65
5 4 43 28
50 29 49 113
8 22 31 20
28 20 25 55
30 29 37 95
56 27 31 113
59 10 25 103
21 6 3 40
1 11 7 44
29 11 37 27
34 11 10 3
21 5 49 42
66 13 19 86
13 11 37 89
7 28 40 39
5 28 28 107
23 13 22 85
36 20 55 112
33 27 37 106
46 14 1 47
56 23 7 72
63 32 39 80
29 2 25 106
48 13 22 86
32 9 13 40
26 10 7 45
10 6 22 93
10 20 49 112
9 31 1 71
16 3 49 115
46 27 11 113
11 8 4 18
47 17 7 83
3 4 49 33
41 13 28 86
59 23 7 1
23 2 55 65
55 13 28 85
3 7 37 92
16 23 7 100
25 2 55 106
25 11 10 44
31 27 11 106
22 26 26 73
70 26 25 7
57 23 8 29
61 18 19 63
33 9 29 40
68 17 25 79
73 13 34 85
75 29 13 95
30 16 47 113
56 10 33 103
32 2 39 106
21 20 43 112
1 20 49 55
37 17 7 81
9 8 23 43
30 21 11 112
76 26 1 73
19 9 35 40
33 26 7 73
78 26 25 56
1 27 33 113
68 19 4 8
44 9 37 40
15 6 28 93
45 8 1 7
74 16 47 76
67 11 37 3
19 14 1 31
32 17 10 81
17 20 43 55
35 24 11 83
17 26 7 52
12 18 7 101
51 25 37 26
70 18 9 14
26 12 37 82
6 26 43 79
13 14 1 120
16 26 25 52
24 14 1 34
71 26 7 79
4 26 7 56
65 9 31 40
25 9 49 40
63 18 7 10
28 22 55 64
3 12 43 61
57 24 5 109
5 6 10 93
13 25 7 26
18 6 37 93
8 7 43 92
49 7 43 88
24 3 55 38
15 9 21 40
2 30 25 70
80 31 19 59
7 24 19 36
4 32 35 28
56 9 17 40
5 30 55 70
19 2 37 65
27 22 55 20
23 20 7 55
40 18 25 63
26 18 19 10
61 10 7 103
23 12 25 61
30 8 16 75
13 19 31 67
11 22 49 64
38 10 37 103
57 18 37 10
4 7 43 23
30 27 35 113
53 8 11 7
28 8 10 18
15 10 31 49
34 24 4 49
7 15 7 21
53 9 17 5
11 9 45 5
64 8 3 32
52 24 25 37
47 14 19 32
4 3 37 38
1 6 25 93
31 10 31 45
21 21 1 54
35 10 31 50
47 23 31 100
38 22 25 64
6 32 23 80
21 19 8 51
28 2 43 106
62 14 19 34
36 24 23 71
40 14 13 47
10 24 1 15
72 24 29 37
71 18 37 14
65 18 19 101
39 15 7 114
78 15 7 58
34 22 37 64
2 10 31 6
48 8 11 56
28 23 37 72
13 24 29 15
10 8 19 117
59 24 16 37
71 11 31 27
31 26 13 56
77 14 19 31
75 17 43 83
68 24 11 37
34 21 23 64
25 8 5 61
13 15 13 109
32 14 19 120
20 3 37 115
17 2 1 65
67 15 10 21
20 31 29 59
20 8 19 18
12 27 47 106
22 21 1 75
17 10 37 6
64 15 7 60
27 15 28 21
66 17 44 81
14 20 31 112
15 13 55 86
38 14 49 47
6 18 37 101
8 2 19 106
7 12 55 61
33 15 4 21
74 23 20 14
43 8 5 117
59 11 22 27
54 14 13 31
22 27 7 106
27 24 7 36
8 31 5 59
8 21 23 54
77 7 49 92
30 23 25 18
78 21 11 111
28 5 49 5
3 18 55 14
16 8 3 43
69 14 31 32
7 6 49 93
31 23 37 63
51 18 27 10
76 24 7 37
4 12 49 61
66 24 22 15
62 23 1 72
46 21 17 42
47 21 5 112
31 5 27 5
18 20 1 112
39 31 20 30
6 22 49 20
46 15 25 60
59 21 5 43
55 8 19 43
2 26 37 73
2 28 55 107
30 15 4 60
79 23 25 100
61 31 11 71
24 31 5 95
45 15 7 119
27 23 44 18
37 27 19 113
73 8 5 82
33 8 43 43
78 11 13 3
52 31 17 59
43 14 31 47
5 7 49 23
61 11 43 27
36 10 7 50
15 25 10 2
42 24 4 36
77 21 9 105
18 23 31 72
46 23 19 100
55 24 4 37
79 10 37 50
24 15 27 58
73 24 7 109
32 15 15 58
61 14 13 34
42 8 1 117
64 18 43 103
18 24 17 15
8 26 38 7
32 7 49 88
36 31 4 71
52 23 31 29
31 8 21 75
2 11 16 27
26 19 1 12
29 5 55 5
75 21 7 105
17 17 25 83
12 2 49 106
19 15 16 109
64 23 37 100
79 18 43 10
3 20 31 55
16 22 37 20
35 21 5 42
80 15 10 119
36 17 26 81
52 8 23 7
17 11 28 44
7 19 10 89
68 11 31 44
55 21 15 54
42 21 8 75
66 11 49 44
64 19 5 65
67 23 25 1
51 15 1 58
32 11 7 27
45 14 49 120
50 26 37 56
27 9 1 40
23 14 43 31
60 7 55 23
36 22 19 20
76 21 11 75
37 24 25 36
29 3 19 115
35 31 7 59
79 19 17 8
1 14 37 32
43 24 17 36
42 15 37 60
9 21 4 89
32 18 31 63
45 24 10 49
74 19 13 8
38 24 10 15
24 23 19 29
19 19 11 65
59 31 13 59
63 21 11 50
9 19 11 12
7 9 35 5
21 23 25 29
20 16 44 76
35 8 9 7
19 18 31 10
41 10 7 6
74 8 15 43
8 8 17 18
16 19 11 67
14 8 17 117
33 14 39 34
44 31 23 30
12 15 1 109
40 31 31 30
16 31 19 71
44 8 5 75
23 17 37 79
22 18 31 101
80 19 27 67
57 13 46 86
75 24 29 49
77 26 43 73
73 21 23 105
23 24 4 15
26 14 25 120
45 23 37 29
72 8 13 7
6 8 7 117
48 19 5 12
74 25 40 2
49 17 4 83
5 21 5 54
39 21 5 50
24 19 25 67
24 8 23 18
70 14 37 47
52 17 28 79
69 8 23 32
40 15 21 109
29 24 1 49
4 23 19 1
11 26 55 52
49 19 17 49
34 8 7 43
6 9 33 40
37 21 16 105
80 21 3 54
42 18 43 63
77 19 17 65
17 23 31 14
48 11 31 89
80 26 39 52
11 15 1 60
77 15 13 119
58 8 11 82
53 11 34 3
22 31 11 30
4 21 11 105
1 30 55 82
60 21 5 111
53 14 37 120
15 19 7 12
54 19 35 51
51 19 4 67
14 31 11 59
12 32 37 80
23 23 49 29
38 7 55 88
59 8 11 32
54 17 39 81
25 15 19 21
65 8 3 117
54 24 33 36
69 31 9 30
74 21 11 54
5 9 15 40
54 21 19 54
43 15 10 60
72 19 5 73
10 5 37 42
40 24 7 15
52 10 43 45
3 3 13 115
66 8 11 43
41 21 25 105
11 11 7 3
47 8 11 61
42 32 41 80
76 25 49 26
50 8 5 32
16 21 1 43
53 29 55 95
23 15 1 119
66 15 38 83
49 21 11 42
6 24 26 71
70 21 17 43
62 15 13 21
50 23 1 1
76 15 16 119
18 19 5 92
27 14 13 32
78 23 1 100
48 21 7 54
22 23 43 72
73 19 10 51
24 10 13 45
53 15 31 109
1 21 13 43
37 8 27 43
76 13 40 86
28 19 2 8
14 18 43 14
74 14 33 31
5 24 13 36
21 31 29 71
33 21 17 50
68 10 43 49
14 21 25 111
4 8 15 7
35 14 26 31
55 9 53 5
29 19 11 92
63 17 4 79
43 13 37 86
44 18 49 14
17 21 5 64
12 11 4 3
9 18 25 14
69 26 13 73
29 15 13 60
48 10 37 49
69 11 46 27
20 19 7 8
4 24 1 37
55 11 22 89
44 10 43 6
15 15 1 114
7 21 15 111
Điểm tối ưu: 833
Thời gian: 8.7303 giây
Trạng thái: PARTIAL
