3599
285 87 13 230
261 91 49 49
216 91 13 245
18 107 37 240
21 28 25 75
294 11 21 170
58 49 32 46
256 36 13 425
274 60 20 206
163 60 3 244
207 6 27 281
203 90 7 363
189 102 51 384
254 76 1 290
79 76 14 449
183 83 8 120
139 83 20 395
66 56 4 43
45 4 37 406
198 38 28 139
240 8 7 148
127 30 34 341
120 86 45 331
172 9 40 151
104 41 25 99
241 31 5 119
106 63 1 115
265 113 15 19
243 47 5 237
214 23 17 326
200 113 17 207
15 21 11 213
195 111 7 211
74 50 4 34
121 24 7 33
64 3 19 148
291 91 7 359
175 85 1 378
42 117 19 306
144 57 3 394
52 25 1 223
246 101 7 299
44 90 43 126
109 72 13 215
190 45 7 187
293 87 25 34
287 94 13 135
276 92 10 22
64 101 49 20
211 50 26 442
138 110 7 155
265 103 43 380
283 48 19 426
172 96 1 424
141 68 43 243
103 89 1 242
139 9 46 152
188 104 5 129
179 42 34 360
285 15 43 167
127 29 10 421
33 45 17 9
43 51 26 383
257 60 19 128
87 5 9 157
184 11 19 231
8 7 19 133
87 110 31 398
144 43 11 290
218 36 1 135
234 3 7 124
184 110 1 91
56 42 1 360
69 24 1 33
184 67 25 429
76 69 21 42
196 97 3 361
30 108 31 171
171 38 40 430
191 97 7 361
255 120 31 127
62 4 45 100
140 115 43 185
31 56 25 199
166 69 2 323
256 34 37 131
35 118 1 359
230 115 45 185
246 11 26 105
209 44 7 60
258 91 13 56
171 75 1 246
133 83 21 60
108 71 29 1
79 107 49 398
211 66 20 285
85 10 19 80
122 41 13 214
100 120 25 98
58 111 37 229
141 59 1 195
13 5 23 438
36 34 44 57
209 68 1 272
293 114 38 289
72 43 10 428
158 12 7 117
139 116 49 28
293 91 43 308
256 12 8 112
217 64 31 95
36 104 14 150
200 97 19 44
281 102 9 61
210 58 50 289
125 76 3 271
211 89 5 272
178 16 34 229
205 52 13 176
131 57 10 394
9 20 19 175
293 96 11 98
241 20 19 230
286 12 25 353
273 117 55 192
234 38 34 272
277 52 26 144
166 28 43 143
46 39 1 433
196 69 50 354
254 27 5 180
258 118 25 381
175 26 55 372
130 25 23 380
274 80 25 334
73 58 31 2
203 68 1 358
184 95 13 440
116 3 1 188
17 39 31 220
187 116 19 29
140 51 13 247
31 55 4 282
66 30 34 145
38 107 37 147
47 104 43 88
222 101 4 132
261 3 21 376
299 56 1 38
13 116 39 73
81 91 37 245
276 76 43 290
27 109 19 311
133 16 13 422
3 91 13 49
39 118 22 163
237 40 28 36
261 10 32 131
83 17 33 382
270 117 37 444
157 6 13 282
244 33 5 399
245 60 43 17
282 4 4 409
275 20 19 350
210 107 26 147
53 63 27 152
155 34 1 422
200 27 35 87
287 7 55 240
113 100 38 234
137 54 17 336
133 118 1 163
114 76 55 33
200 78 27 303
289 48 1 171
254 8 15 87
161 72 31 184
173 38 31 430
123 99 9 416
196 37 38 37
89 77 19 68
72 30 19 9
170 59 32 62
243 58 20 260
65 100 1 234
35 56 25 113
237 104 40 182
23 63 10 422
162 5 16 438
127 118 17 417
124 83 37 251
280 53 7 212
94 6 13 148
280 107 49 266
39 61 13 177
122 28 55 67
280 95 43 255
224 113 7 19
170 44 9 301
27 4 7 159
272 3 1 212
229 95 1 155
170 41 19 218
10 85 50 218
87 119 4 250
225 9 25 156
205 53 31 399
112 85 43 86
24 111 43 229
214 62 28 57
234 55 23 138
78 55 11 287
21 17 37 363
155 58 27 289
155 93 43 284
174 34 4 365
20 46 21 320
294 45 3 194
35 45 13 313
266 63 7 115
218 104 52 150
46 60 43 233
279 22 1 333
296 107 37 417
191 5 11 58
78 2 16 149
176 109 1 339
200 103 1 311
7 65 25 309
25 86 9 262
291 70 21 110
152 92 15 172
267 110 43 423
27 80 1 217
105 34 43 33
113 97 20 423
20 6 13 339
189 18 37 241
222 22 1 365
222 61 13 179
20 102 25 239
171 59 19 88
261 5 2 348
239 7 43 269
233 47 7 405
89 20 7 207
287 61 37 448
71 111 3 362
150 51 13 224
198 27 32 1
131 15 19 10
15 15 32 375
126 33 7 399
173 73 14 233
65 19 49 109
185 78 28 173
37 3 25 45
235 26 7 372
271 81 37 43
231 116 43 28
10 37 19 187
70 90 1 168
39 17 49 409
27 50 13 307
26 96 1 427
23 13 3 51
169 13 7 303
36 53 9 392
48 3 3 225
240 77 2 68
108 102 43 268
266 86 9 216
278 119 31 141
106 57 37 213
199 69 43 95
145 99 10 44
153 107 49 240
4 54 15 98
207 78 25 303
286 24 19 33
173 13 9 298
115 47 11 62
12 69 40 42
84 68 43 410
22 17 25 9
73 37 13 403
226 6 43 282
114 29 19 127
222 60 21 246
48 65 15 51
63 14 7 82
229 108 16 59
157 10 37 388
285 111 7 362
297 47 1 70
282 43 31 257
58 95 25 269
201 117 19 161
137 66 13 249
56 82 39 45
15 64 49 359
42 93 25 13
97 76 31 290
212 111 3 211
294 109 7 279
43 19 13 15
258 76 7 412
70 28 31 304
284 90 1 119
45 45 3 36
113 3 26 376
284 48 47 288
136 110 38 424
179 14 1 309
142 112 7 295
268 111 7 444
217 5 19 225
92 10 13 4
102 71 25 335
298 9 55 293
258 109 1 421
239 75 1 316
151 48 13 271
99 2 1 342
243 52 7 440
260 4 1 79
272 107 19 347
93 37 21 111
252 98 13 22
260 63 4 373
132 96 37 302
49 50 25 422
56 52 26 176
101 32 9 209
81 20 25 350
282 11 25 170
129 87 13 447
259 43 3 205
253 32 37 232
289 6 7 339
239 12 13 353
118 35 46 283
37 24 51 375
3 96 2 23
256 74 25 323
84 70 25 202
180 50 10 34
278 70 2 401
192 53 1 377
194 39 23 114
47 19 7 15
114 91 7 245
288 72 7 224
206 114 29 280
43 47 43 91
5 94 31 400
248 72 10 188
81 18 43 113
250 33 29 251
70 103 7 260
115 50 13 34
139 3 1 120
122 77 11 299
95 20 55 230
183 18 31 93
82 114 5 114
284 50 31 124
124 115 11 101
75 112 31 202
195 101 37 445
145 103 25 235
260 69 19 354
28 109 8 364
189 13 25 51
134 99 2 270
203 12 28 112
71 35 32 442
107 29 13 2
63 51 16 137
223 39 49 171
246 107 37 90
166 96 9 427
149 62 4 240
140 57 3 213
227 91 37 449
204 92 4 274
232 30 43 59
104 107 1 398
244 120 8 98
52 79 25 137
164 64 13 87
291 66 11 249
270 43 19 255
266 7 25 74
139 26 37 372
267 43 19 55
33 74 31 181
144 80 13 181
85 17 37 434
251 64 55 347
92 24 1 435
299 53 37 356
276 39 21 323
194 11 25 231
58 64 13 359
292 5 7 210
205 64 11 412
168 97 43 353
232 37 9 348
101 53 1 197
284 35 7 429
83 94 21 400
224 97 37 337
206 65 7 75
188 6 43 171
110 109 16 418
65 55 7 53
139 49 27 324
118 98 7 48
285 67 3 314
44 85 55 429
181 86 7 57
112 105 4 145
35 32 37 253
249 12 20 85
163 6 7 281
274 59 38 373
36 57 19 415
185 22 34 141
40 99 22 270
158 57 28 394
230 10 20 289
39 102 31 327
287 10 32 128
126 74 37 124
77 73 9 17
182 79 1 110
159 111 44 155
74 40 43 36
177 64 7 161
75 56 49 113
19 90 7 168
184 50 10 27
208 69 25 42
26 107 19 147
210 38 7 146
135 80 49 332
208 79 5 407
68 33 17 274
16 50 49 307
240 22 43 365
86 76 37 304
32 47 1 257
258 101 28 342
181 64 17 412
251 76 31 175
139 92 25 274
136 26 55 35
39 108 10 311
101 115 7 264
150 23 11 82
203 34 25 121
161 4 9 100
248 12 1 293
232 23 29 246
77 82 1 45
149 74 10 308
299 117 13 441
70 64 37 95
271 90 27 379
187 71 1 426
48 119 7 250
297 97 31 414
203 92 43 236
45 73 7 259
282 92 33 236
95 57 31 410
282 97 8 269
72 44 43 294
159 118 1 74
151 52 15 144
59 57 32 254
97 67 9 201
212 63 15 163
48 34 28 329
226 87 13 342
20 98 19 48
14 2 4 81
281 61 39 4
124 44 1 140
120 111 37 116
258 64 37 359
14 110 19 424
70 100 13 13
298 118 1 381
212 104 13 29
130 16 29 367
40 53 25 150
41 18 43 93
235 46 56 320
96 109 7 276
171 20 14 268
85 76 9 244
273 91 19 49
108 70 10 113
231 3 55 124
232 73 37 190
17 85 33 315
288 49 37 285
149 49 13 118
217 91 8 56
201 93 1 284
69 120 13 164
231 76 7 271
189 88 1 189
288 82 9 40
196 59 44 195
58 109 51 339
240 33 15 285
81 70 4 98
208 107 13 90
141 48 19 201
133 6 31 275
183 49 49 393
171 24 49 30
118 21 33 165
132 53 25 399
262 50 26 31
168 57 1 337
35 3 43 376
98 78 1 75
94 98 7 30
252 83 25 395
203 104 11 238
297 114 11 297
193 7 8 343
165 62 4 57
117 78 35 93
93 27 4 354
280 21 5 355
135 27 22 152
60 31 25 143
18 44 31 426
149 52 37 144
103 101 31 138
116 92 50 428
235 43 23 56
243 115 11 151
127 5 1 184
135 83 3 251
32 62 13 57
60 73 1 17
252 46 37 218
267 115 47 220
240 79 23 91
2 30 22 402
84 75 1 76
279 5 35 348
147 83 15 5
133 60 45 448
283 61 23 4
179 53 13 356
236 63 23 430
294 112 19 367
295 35 43 379
204 79 26 50
184 23 17 150
159 87 49 342
292 98 5 190
281 62 28 164
96 113 5 380
217 99 13 123
148 29 14 373
241 43 25 289
260 17 25 90
280 99 16 270
251 49 43 408
60 38 33 139
51 117 31 191
291 109 13 418
35 60 19 100
78 48 50 209
76 13 10 133
250 71 26 160
24 87 21 151
270 67 44 174
242 39 7 70
264 51 32 192
206 39 19 433
151 109 3 279
266 78 44 151
47 44 25 417
53 86 43 356
60 106 27 302
142 2 22 81
194 83 19 120
245 4 7 79
93 105 19 96
186 34 1 400
216 34 25 343
60 83 10 77
263 84 13 14
160 12 1 85
177 94 2 142
162 52 25 397
13 87 7 447
202 99 4 257
61 42 17 6
22 69 37 354
64 82 43 301
102 94 43 154
216 83 46 395
57 34 26 427
297 113 14 30
97 85 1 371
268 94 19 444
47 13 34 192
125 3 13 390
46 12 3 117
15 55 37 99
120 93 13 142
168 61 17 160
192 92 25 379
214 19 7 13
6 55 11 245
287 103 7 153
255 90 43 55
299 41 34 130
145 40 19 36
243 71 43 158
138 53 37 377
131 29 17 55
294 104 5 88
31 12 1 60
220 101 1 132
289 45 11 9
218 42 7 100
97 27 23 87
162 111 1 193
115 70 26 179
126 38 1 387
85 80 31 365
66 66 23 128
77 102 49 327
59 82 21 156
34 80 7 217
13 93 19 393
123 14 49 94
272 96 11 300
263 110 7 55
292 6 19 349
180 75 38 316
215 33 8 25
266 102 37 216
164 96 25 329
197 38 15 139
126 98 25 172
44 35 1 283
145 105 31 125
178 37 13 28
63 79 2 215
207 84 17 104
210 40 1 292
225 84 1 277
166 43 11 210
205 113 28 355
234 28 13 75
23 8 22 324
254 39 23 171
216 71 29 4
20 54 2 374
12 20 7 350
32 98 5 48
86 69 25 123
277 41 8 6
97 23 13 129
166 77 13 174
243 11 13 436
14 24 37 160
113 21 31 436
87 94 49 382
181 2 14 104
281 9 19 337
203 10 49 425
299 29 17 219
188 97 9 102
167 78 11 222
17 86 10 199
230 4 37 159
168 83 49 357
103 32 37 154
135 4 25 79
133 69 38 199
125 100 49 114
213 83 19 223
209 118 29 74
92 4 9 446
265 45 4 445
190 83 37 120
299 33 19 259
7 61 29 218
281 83 13 60
239 65 7 384
83 118 19 163
19 8 50 76
252 89 16 164
197 70 31 293
247 53 1 133
144 31 9 30
68 104 25 88
152 97 43 44
235 15 1 172
174 45 1 380
207 75 7 76
208 99 43 320
110 77 39 416
150 57 43 314
80 67 28 314
83 108 13 363
158 99 10 257
110 116 3 101
55 107 37 206
63 15 37 167
212 61 23 266
190 112 31 152
93 55 10 418
250 120 43 68
201 81 11 319
76 25 7 300
155 113 25 313
3 30 25 73
146 52 25 440
170 11 15 432
292 9 9 285
38 40 46 292
130 29 13 357
5 105 23 89
206 6 25 234
187 38 27 83
34 50 13 442
113 80 7 181
68 65 7 309
136 86 14 430
32 29 3 357
74 28 9 264
269 12 19 353
39 110 43 58
157 80 21 447
115 64 1 87
147 44 7 426
228 57 31 337
219 23 50 131
236 50 38 27
217 81 5 220
268 108 46 251
88 111 1 25
55 33 23 285
154 54 5 192
12 65 13 406
28 43 14 428
297 69 16 301
221 110 19 418
18 97 19 332
201 120 31 296
113 96 17 427
10 59 7 248
191 82 19 266
255 35 25 283
191 2 49 104
193 15 43 374
231 87 37 447
15 36 7 140
274 73 31 383
42 16 7 201
128 4 7 144
103 56 44 321
262 96 13 427
279 9 31 156
244 4 1 446
156 105 28 125
98 99 45 123
71 77 15 174
274 68 15 243
40 14 13 309
179 48 5 201
148 100 7 108
105 52 1 121
39 100 1 429
248 24 19 435
296 42 33 6
233 69 13 443
5 53 1 94
146 73 43 183
25 89 20 272
66 27 17 152
138 23 11 150
266 38 28 146
259 119 25 141
250 5 17 162
101 16 19 169
165 64 22 200
225 69 13 199
68 4 37 426
196 9 33 152
299 106 21 70
253 111 7 193
154 70 19 113
91 110 7 91
23 67 43 8
249 61 29 179
29 62 16 71
178 22 19 450
226 36 31 306
211 8 37 66
287 23 19 246
50 47 17 257
97 114 38 274
228 34 34 77
90 109 1 364
112 20 31 207
279 27 17 100
233 72 32 215
77 75 13 275
107 23 9 86
259 16 7 422
166 76 19 271
110 9 19 359
218 15 37 347
257 47 25 95
75 72 37 215
51 34 43 197
233 91 1 308
155 51 23 262
285 12 19 117
232 41 3 196
197 79 5 166
1 22 13 125
240 63 5 163
141 2 25 276
110 56 7 223
253 57 45 273
212 75 19 275
211 85 1 29
261 80 25 332
257 65 1 173
253 25 17 325
112 60 7 128
283 11 14 105
150 89 15 274
79 89 10 186
252 42 11 6
50 61 15 160
286 3 31 376
242 88 3 312
283 29 7 165
92 53 49 212
154 10 13 388
162 26 43 106
152 87 1 230
148 73 25 190
103 44 7 317
72 6 13 234
287 16 5 116
75 43 33 210
125 26 19 158
5 65 19 216
22 110 43 398
291 58 37 227
56 47 37 254
36 59 31 20
282 12 1 250
29 75 25 115
70 16 10 367
219 30 31 145
286 114 10 280
111 104 7 58
180 8 7 80
124 76 13 33
180 39 43 273
82 74 19 338
170 90 49 306
73 64 1 95
80 37 3 310
69 63 7 158
215 26 55 362
245 53 1 399
78 81 25 220
236 18 13 241
88 56 9 321
207 20 51 207
131 117 43 232
296 78 13 396
276 115 16 185
239 93 31 242
187 99 39 320
272 26 25 35
275 118 5 292
9 101 26 445
119 70 37 332
71 87 25 447
128 55 10 331
7 85 7 218
102 57 8 273
108 80 25 181
57 105 29 242
133 48 5 426
21 3 19 17
221 14 13 170
109 27 4 152
250 86 13 331
159 24 37 435
97 68 19 79
236 3 31 391
276 104 49 238
277 43 13 265
150 19 19 401
74 113 29 338
155 28 8 203
182 36 49 275
236 7 19 235
160 84 53 138
185 61 32 177
259 14 55 185
232 79 23 407
243 3 37 225
73 24 37 165
231 110 1 418
257 37 27 273
122 75 1 143
264 81 4 410
14 58 31 58
14 56 43 311
278 9 14 311
68 112 5 295
228 22 9 143
147 30 37 307
116 55 25 245
66 75 13 316
153 24 9 433
286 26 55 280
218 90 25 363
4 84 13 405
59 74 4 167
81 106 8 302
244 105 11 145
36 2 40 149
225 62 16 178
152 103 25 69
293 70 1 113
24 64 13 200
216 99 4 416
220 78 5 230
269 53 2 8
275 112 25 295
245 34 31 77
12 48 4 162
25 34 40 54
32 59 31 230
216 120 43 389
123 88 31 256
121 45 5 313
33 99 25 27
36 97 25 1
271 115 3 264
268 6 31 234
47 58 19 86
288 69 22 58
293 113 52 338
127 102 13 201
64 80 55 189
215 79 31 111
111 37 49 185
269 77 17 416
256 87 44 235
50 114 7 416
162 11 38 301
7 10 20 425
151 115 25 151
297 106 44 437
102 103 4 412
178 18 25 393
188 85 37 86
161 39 3 171
184 117 43 412
209 74 21 188
262 68 19 358
90 34 40 288
210 88 17 154
45 91 55 48
180 55 23 99
220 6 31 133
138 41 3 87
267 26 37 224
247 75 20 388
30 79 14 50
189 20 31 350
174 76 19 244
3 19 38 47
243 4 28 426
286 43 5 205
20 31 11 119
246 28 3 203
140 12 28 250
48 110 19 155
29 90 32 122
176 50 56 63
169 104 11 129
242 64 28 412
224 100 25 30
220 31 11 120
289 75 25 246
186 5 4 111
26 103 31 311
183 106 28 238
254 58 19 268
95 47 1 254
100 98 17 84
257 55 31 314
46 67 19 8
262 116 37 60
101 58 43 182
252 26 7 413
157 45 19 380
183 76 14 290
8 16 25 201
144 32 25 390
223 20 25 380
59 66 1 26
255 34 14 288
294 68 26 272
85 94 43 64
6 45 15 187
90 56 19 43
40 38 10 387
291 92 1 379
231 95 13 407
108 119 7 118
228 114 37 65
263 3 49 376
10 98 23 48
230 89 11 400
16 3 25 212
200 23 23 86
170 26 1 73
274 67 3 448
128 109 13 85
182 4 56 406
289 82 19 366
166 20 37 175
199 73 25 7
151 37 7 37
38 81 23 319
86 48 7 172
182 89 33 274
235 24 49 433
234 36 37 370
2 99 31 44
90 82 25 301
8 32 2 103
50 46 27 237
52 69 19 199
237 77 31 118
54 69 10 42
158 17 13 382
157 34 4 376
203 23 17 356
79 117 31 103
212 60 43 47
8 85 49 57
54 85 1 317
93 103 1 118
285 88 23 230
130 103 38 153
277 55 11 53
70 86 28 121
134 35 7 434
10 102 1 201
130 110 19 342
178 65 7 406
130 119 7 220
11 86 9 419
262 102 49 61
175 7 19 99
300 27 29 368
267 89 51 200
276 5 13 107
260 108 9 385
195 98 11 191
116 78 31 303
91 26 19 372
227 20 13 329
240 14 31 94
80 116 19 101
169 26 19 280
223 31 17 406
159 103 22 417
76 104 25 58
57 104 1 58
267 72 7 143
195 83 25 120
193 116 49 73
205 12 55 321
1 25 11 32
121 30 25 387
125 23 1 356
271 40 21 102
91 87 49 151
242 54 33 31
226 109 4 364
271 87 43 447
143 109 13 421
116 14 19 377
138 12 25 85
22 79 17 110
133 70 52 153
61 59 49 2
122 6 25 349
205 23 5 246
227 11 49 448
262 31 5 315
4 28 25 67
10 40 25 414
286 90 13 122
261 92 19 428
68 92 3 236
76 96 19 77
162 75 19 115
211 95 22 443
207 41 3 6
101 117 15 86
17 109 7 311
215 60 19 47
6 67 32 340
147 12 22 117
46 46 25 407
255 60 50 110
204 105 28 209
38 74 43 63
149 70 1 332
40 91 55 56
26 55 13 99
105 10 13 387
201 62 40 164
3 61 11 448
142 103 15 153
108 93 19 239
4 45 8 310
37 36 31 320
8 110 43 118
103 68 13 413
157 79 2 321
245 100 19 322
42 64 23 161
99 36 43 370
259 91 19 204
294 64 31 347
7 96 11 108
197 43 1 249
120 52 49 3
236 66 17 435
105 64 17 347
20 117 37 141
77 99 19 334
142 115 13 302
59 76 7 398
175 57 33 95
284 69 43 199
131 102 13 424
70 39 17 314
267 3 21 212
52 65 43 259
27 29 10 39
123 96 13 308
277 20 1 350
81 44 13 314
92 74 19 394
78 87 44 342
105 58 19 227
229 34 37 384
88 53 19 336
102 77 1 62
171 90 7 119
144 33 23 446
161 42 17 194
222 57 7 192
240 89 39 305
91 23 37 82
210 49 32 116
62 16 13 186
119 18 49 368
142 71 1 402
184 22 37 212
94 79 26 215
287 107 21 240
64 40 7 38
218 41 13 48
58 118 7 163
34 38 16 83
193 59 19 248
113 7 3 433
290 70 7 81
188 11 31 12
286 50 1 124
263 44 37 293
165 95 19 114
12 9 37 446
182 66 20 308
274 42 9 226
148 70 1 153
91 11 2 432
263 22 20 254
249 109 31 85
265 2 1 276
130 72 5 73
185 8 43 87
61 9 1 210
233 30 16 307
136 7 1 130
72 34 37 54
85 9 3 126
69 60 49 283
96 57 45 192
293 50 13 31
115 52 37 208
52 117 31 222
290 60 31 310
24 12 4 342
266 18 31 377
58 97 20 414
11 26 1 106
228 43 7 388
296 31 15 120
242 105 10 163
187 95 33 269
202 74 9 323
283 22 2 450
198 11 19 105
179 77 37 139
215 36 39 275
136 103 32 260
106 107 25 396
44 115 17 62
297 59 3 62
243 55 17 282
234 35 31 379
288 45 2 445
235 65 43 216
167 40 19 292
23 45 1 447
125 14 37 342
275 105 23 415
209 20 13 350
277 13 31 55
212 85 37 57
37 95 9 114
34 87 49 349
134 102 32 162
181 98 43 172
163 9 37 151
1 21 1 101
16 75 34 246
217 27 33 180
181 24 39 413
206 81 17 319
90 16 17 229
108 120 13 54
14 61 9 2
190 74 43 338
162 113 29 19
76 114 31 89
58 89 4 93
107 55 22 287
5 51 7 383
192 99 13 21
205 22 19 333
147 89 31 305
53 84 31 187
127 3 19 121
174 65 43 384
140 78 15 396
261 41 7 400
255 102 37 222
167 50 4 307
113 81 1 9
269 56 40 420
105 6 8 275
263 97 43 245
272 89 5 242
67 107 19 398
30 83 43 77
79 78 3 396
25 81 23 43
211 70 31 96
217 75 16 76
269 13 13 298
242 16 1 169
280 80 19 67
219 12 46 60
295 85 27 41
195 88 16 78
237 82 33 257
54 61 5 278
227 67 7 135
188 98 7 304
111 98 11 30
158 40 39 255
199 2 19 149
22 37 7 178
215 103 3 417
34 17 25 48
172 31 53 146
219 98 7 191
263 23 11 326
258 114 35 89
40 120 2 164
192 117 33 401
69 46 55 218
176 71 10 335
46 94 38 142
67 114 35 1
114 61 5 160
166 66 7 249
11 22 13 80
96 71 10 4
1 3 7 183
5 35 10 381
262 74 31 338
228 108 15 23
255 105 19 242
223 84 5 155
211 32 49 390
249 39 37 210
103 40 4 331
37 112 20 152
125 2 32 81
83 60 37 233
248 95 37 407
104 45 28 287
221 48 2 162
146 9 40 106
210 60 13 128
145 61 22 218
102 68 15 410
141 25 5 153
196 21 22 20
226 47 21 55
89 53 27 356
198 80 7 365
79 53 25 377
241 109 7 85
9 95 37 155
93 8 46 87
54 101 33 328
167 15 7 10
95 114 29 297
33 108 13 280
233 40 9 414
198 102 2 352
196 35 13 379
122 42 29 418
88 113 17 338
273 119 15 200
106 19 19 13
187 76 3 20
224 63 4 104
117 43 9 265
82 88 1 419
252 71 51 4
80 70 13 45
73 87 21 412
45 54 23 404
121 43 43 349
74 48 17 98
195 61 28 160
110 89 1 280
251 52 19 176
102 111 31 211
143 101 10 20
1 72 16 215
148 91 44 49
228 92 1 22
5 28 45 145
5 30 25 217
115 93 7 121
177 25 13 300
147 16 19 116
109 101 19 328
77 44 25 410
123 26 33 224
125 50 46 31
55 21 7 45
254 41 7 214
9 61 17 275
177 73 19 190
138 67 22 429
185 102 14 222
119 13 7 133
139 38 33 418
222 17 27 381
298 56 37 321
61 17 25 409
45 10 13 289
2 14 9 47
29 51 7 188
272 118 31 335
151 28 55 143
237 102 1 268
230 44 49 293
35 59 32 4
125 58 25 158
34 109 40 421
44 69 51 359
261 119 4 397
120 65 1 389
293 36 31 176
55 29 35 304
104 110 43 418
185 30 25 243
201 68 50 304
1 89 19 93
221 106 37 270
156 25 17 380
150 18 31 393
205 30 37 145
86 87 31 412
49 73 37 383
249 33 5 124
142 83 34 395
259 48 39 171
121 113 19 139
155 117 14 444
13 44 13 140
197 75 43 115
142 43 19 290
186 72 15 131
224 47 1 405
229 111 43 81
220 3 7 376
190 50 19 442
268 40 43 237
22 119 49 44
143 75 16 316
159 46 25 182
29 81 13 9
221 94 25 161
35 97 9 1
71 25 23 24
46 106 15 437
62 119 1 397
164 62 7 84
194 48 1 98
62 110 15 58
236 9 43 20
77 29 7 357
101 114 5 65
53 83 1 395
268 59 1 200
56 106 16 359
193 32 4 253
88 49 49 437
204 4 7 18
18 49 50 408
224 54 17 395
100 5 11 3
271 93 50 284
229 3 19 183
295 116 8 28
31 86 51 419
136 30 4 37
165 18 9 377
187 118 43 292
251 20 37 329
169 103 1 322
146 108 16 327
209 5 31 42
127 62 31 107
3 12 7 290
296 65 20 309
177 49 15 408
173 16 21 441
164 16 23 388
67 52 13 16
43 105 17 163
16 70 19 45
99 110 9 5
292 109 16 421
141 60 49 206
103 60 26 352
33 24 43 165
199 4 1 69
288 20 31 158
64 83 37 5
98 65 25 259
169 60 37 110
126 28 31 108
130 40 15 216
228 20 3 359
62 41 34 99
124 47 29 363
275 76 1 108
111 33 17 399
200 47 25 237
260 104 23 150
191 74 40 338
123 58 26 260
194 114 13 1
126 111 19 362
100 49 1 370
9 69 4 301
90 18 7 93
232 55 7 418
207 88 21 106
60 109 13 364
29 105 53 89
62 79 22 166
12 64 1 161
67 78 3 192
148 33 33 72
156 42 1 100
272 42 33 226
68 58 31 411
156 33 31 25
74 14 25 185
16 74 7 288
132 70 7 113
275 9 39 266
88 80 25 365
14 87 49 230
257 81 23 109
178 79 1 111
29 68 2 413
292 97 1 269
99 7 13 269
63 17 19 90
175 20 49 268
189 55 13 138
132 40 10 237
233 104 19 417
245 51 5 404
17 94 25 63
72 88 17 106
98 14 37 185
10 78 28 2
169 31 31 406
295 66 17 128
266 39 19 168
151 74 37 63
144 112 1 152
152 9 40 257
30 41 7 130
174 57 49 410
110 20 43 359
273 81 13 410
265 62 31 71
274 31 11 315
290 31 28 120
49 32 1 437
108 45 49 445
216 55 17 287
172 77 11 36
113 61 47 179
119 80 31 67
186 56 32 321
267 18 13 393
29 39 40 445
276 100 31 333
231 89 11 305
156 12 25 342
273 82 1 166
300 101 25 20
138 19 31 109
100 95 13 95
55 69 13 217
182 56 28 113
14 89 17 93
37 19 37 109
207 9 13 20
294 21 10 411
118 66 1 391
8 13 22 133
147 95 43 277
249 27 13 180
154 97 49 102
231 57 20 213
245 12 25 117
11 32 31 390
169 95 13 277
97 31 5 94
78 90 37 122
79 5 1 329
79 79 29 307
65 109 37 428
45 53 31 336
284 59 20 195
183 57 25 192
82 53 13 212
180 63 21 215
141 90 37 306
158 84 43 405
149 75 27 143
131 74 7 136
82 18 55 114
158 95 31 440
124 92 5 236
204 118 38 163
175 113 5 273
66 24 49 435
23 110 13 155
229 88 23 57
295 74 4 387
99 33 16 259
55 112 5 340
101 57 26 401
250 103 19 69
119 54 35 166
286 56 7 420
181 52 25 16
131 76 55 399
5 59 37 333
15 72 23 224
2 83 14 158
300 93 19 284
157 104 25 238
220 109 19 339
106 16 11 228
111 103 37 380
115 78 19 222
288 79 43 331
239 25 29 152
238 98 23 35
238 105 15 228
184 4 7 69
194 92 47 236
161 56 13 38
50 15 1 35
55 26 1 372
26 36 37 387
18 21 23 336
4 87 55 412
93 98 8 147
89 114 3 114
295 101 14 391
262 21 23 179
270 2 28 149
60 24 38 433
244 116 19 76
98 13 3 83
57 114 16 171
121 101 37 138
25 43 17 349
4 72 10 383
122 84 5 283
70 94 43 400
217 118 25 168
130 87 31 235
36 48 1 209
116 30 27 145
179 41 10 130
228 105 39 125
195 30 4 59
248 43 5 56
47 15 37 10
61 61 5 2
85 14 25 82
24 61 11 247
17 14 38 403
137 55 5 53
90 120 13 389
249 26 15 362
271 39 1 314
128 32 16 57
112 25 29 300
18 39 10 70
201 21 16 213
80 83 25 357
166 72 15 357
137 26 26 413
28 9 3 46
56 78 9 396
115 114 17 89
190 88 26 312
207 13 38 192
15 44 13 238
14 38 46 139
1 37 25 388
2 61 29 177
138 35 28 429
84 11 19 432
265 44 19 294
266 16 1 211
87 111 19 193
73 112 19 295
142 45 9 187
154 85 55 132
117 52 13 3
266 9 21 257
171 82 25 257
61 97 55 4
277 91 43 381
223 82 21 211
112 68 37 358
29 67 9 340
33 23 40 246
184 101 49 132
185 45 11 194
9 5 1 382
192 93 9 242
130 51 25 247
52 101 10 138
165 52 38 176
296 106 46 257
29 97 19 245
284 73 50 233
131 4 4 100
248 103 27 171
75 57 28 192
224 23 9 349
244 45 13 287
22 71 22 269
105 61 5 232
261 4 43 446
280 17 31 239
261 53 13 94
194 54 29 107
279 111 19 186
79 49 21 116
118 5 9 225
140 96 1 80
129 3 25 183
25 21 5 165
80 51 32 279
32 105 41 242
253 60 25 244
260 41 31 196
198 63 11 373
82 113 37 207
46 35 31 259
279 119 44 220
187 75 7 246
199 108 37 311
225 51 11 279
107 117 1 186
259 19 31 292
296 36 1 425
91 61 11 87
190 99 1 282
48 38 25 139
136 104 17 129
83 107 49 396
111 2 1 347
30 54 16 374
31 97 45 361
143 74 49 186
210 100 19 234
86 52 13 121
191 46 1 313
166 11 49 231
176 114 5 289
11 14 19 16
149 72 17 281
45 29 1 84
99 88 7 78
273 30 49 402
180 25 19 300
268 101 28 138
230 111 25 193
178 45 4 9
201 30 37 341
245 67 10 174
254 47 26 70
28 82 19 253
23 68 25 304
5 54 41 392
129 11 49 432
81 50 49 422
46 86 56 356
16 30 22 307
15 66 5 308
299 116 49 101
231 30 49 243
241 83 31 60
91 40 43 102
150 43 4 210
19 83 37 357
283 52 32 3
208 14 37 402
176 6 25 339
6 74 4 288
93 101 33 342
231 35 16 442
8 28 13 108
61 67 37 268
18 50 4 332
54 118 39 292
161 85 37 186
81 5 1 297
205 24 43 433
144 92 21 172
38 59 19 63
149 73 19 34
43 27 22 370
223 96 19 346
32 64 29 87
265 46 50 263
149 56 7 199
65 58 44 411
181 39 29 433
240 109 25 279
30 119 10 220
40 6 37 281
28 20 49 158
247 49 25 437
272 14 37 16
288 68 13 358
199 38 31 225
118 88 4 92
245 20 55 350
242 21 13 439
217 13 1 226
294 69 14 42
223 25 13 24
242 56 44 223
198 32 34 390
230 13 31 298
19 62 13 355
259 83 9 357
157 17 49 9
206 82 37 366
192 44 51 59
92 63 23 408
12 39 11 291
235 7 16 133
140 76 19 304
91 56 26 223
89 105 35 228
88 107 55 417
232 38 25 225
122 57 16 394
128 47 3 88
273 88 5 68
283 78 49 192
151 47 1 363
64 31 10 182
107 61 5 275
94 117 21 103
96 66 19 251
139 27 11 157
21 37 49 329
144 59 43 248
138 24 55 25
39 47 19 91
186 30 7 402
246 29 1 55
88 70 37 81
105 9 55 106
146 28 1 177
167 88 1 330
297 8 7 386
145 85 49 351
286 84 46 389
116 8 34 326
17 51 29 279
24 91 37 49
277 9 37 17
121 31 29 119
249 106 46 297
126 27 5 197
2 52 43 288
65 54 31 395
90 116 43 29
97 15 51 123
7 5 2 157
193 16 17 206
67 103 28 235
75 28 7 177
298 86 20 262
38 65 13 112
8 75 37 143
154 3 31 17
15 52 39 408
112 109 25 33
202 41 1 10
120 114 7 204
27 78 5 173
48 104 10 88
204 95 31 253
40 100 43 347
60 65 20 392
279 97 39 269
27 7 16 169
129 63 5 215
168 116 31 29
173 120 4 281
251 70 1 202
290 61 10 141
253 63 11 430
236 67 7 448
158 34 25 57
2 111 25 116
8 107 7 90
257 25 7 247
49 85 55 50
151 44 31 301
227 90 43 122
63 56 4 406
194 53 32 48
59 48 45 98
195 59 31 88
66 105 1 4
42 61 5 266
157 13 33 188
20 30 43 9
191 105 37 4
163 111 13 193
247 99 9 334
264 99 27 21
144 69 38 405
110 55 13 53
238 118 13 74
164 47 5 140
89 66 1 47
260 117 13 161
174 18 13 93
6 50 1 27
109 71 11 166
288 104 5 182
87 42 13 194
17 36 19 140
204 12 22 353
117 8 37 257
43 120 4 296
65 90 13 119
86 12 21 112
45 37 49 178
11 33 7 446
104 63 13 374
213 74 43 394
156 38 3 146
78 43 23 265
94 72 10 224
244 61 31 179
9 33 15 25
181 75 4 76
251 115 13 153
137 78 11 93
37 56 14 420
220 119 27 290
226 67 50 8
63 98 23 78
118 44 19 449
244 55 16 65
200 86 7 430
70 105 5 89
250 89 10 200
296 112 11 67
121 89 23 268
56 25 11 153
27 19 55 15
169 107 43 240
188 69 55 333
161 102 19 61
133 21 7 101
25 41 43 10
265 85 7 267
163 119 40 118
103 5 19 111
71 89 11 204
53 105 17 125
127 42 7 312
38 118 5 74
87 21 7 197
109 115 35 153
134 38 28 430
51 18 7 393
43 11 37 432
283 75 9 115
168 38 13 40
35 78 7 173
87 79 29 166
242 49 15 46
256 25 11 117
280 37 25 310
281 46 43 104
111 30 43 217
95 120 9 389
102 39 13 70
241 8 13 66
96 119 16 448
278 2 28 428
95 59 13 195
43 103 19 118
263 66 29 308
155 100 19 250
237 65 19 51
21 108 16 92
291 7 3 99
154 37 1 403
282 15 13 35
201 20 7 380
222 78 11 2
160 23 31 86
237 99 44 334
145 79 8 50
135 44 44 112
69 117 31 404
68 19 19 15
297 24 19 25
99 80 31 172
24 15 31 76
300 120 37 85
163 11 25 432
67 48 10 172
32 3 45 74
126 81 13 415
243 99 50 21
69 59 25 248
226 46 25 218
117 111 43 83
8 25 27 32
71 82 49 257
229 31 31 388
196 71 7 160
48 80 31 422
47 98 17 201
99 85 49 267
258 22 31 143
161 79 35 331
239 21 35 58
287 76 1 208
114 16 25 186
22 105 1 125
209 52 49 144
213 6 27 56
257 21 33 348
116 26 13 136
84 103 13 412
224 10 19 177
25 100 27 385
132 14 1 82
256 18 1 368
143 3 43 45
130 12 10 85
40 84 5 150
6 43 17 56
158 65 1 96
197 9 25 285
44 51 4 333
276 61 3 4
282 47 35 65
165 50 13 27
298 60 26 448
119 58 1 227
116 90 7 379
85 111 49 155
129 77 34 118
212 42 25 54
19 29 3 39
212 28 49 145
84 5 4 395
231 109 26 364
72 47 40 237
26 112 23 367
87 52 43 208
280 102 37 61
137 29 38 219
83 13 43 139
48 120 40 389
23 62 7 240
182 116 43 5
94 115 43 302
135 35 19 381
234 117 49 264
232 115 1 185
291 107 26 206
272 6 13 207
268 69 38 123
292 30 13 59
257 9 38 46
62 52 7 16
281 54 32 98
85 25 23 46
41 72 5 383
56 39 31 168
15 8 27 386
19 88 31 330
122 85 37 429
133 43 3 255
121 58 13 182
57 2 13 347
296 49 55 53
247 9 50 156
163 68 49 358
118 78 17 173
109 55 7 65
110 64 11 359
193 85 31 267
37 33 7 200
209 31 19 119
95 92 3 22
78 26 27 362
120 113 5 199
41 55 20 138
280 44 55 416
216 19 19 391
74 18 13 377
202 66 26 391
112 91 49 449
135 31 9 315
150 65 49 309
21 114 7 297
74 70 49 401
162 73 55 259
42 45 14 445
293 11 19 448
133 29 29 282
278 77 25 68
18 32 1 390
182 87 13 69
61 44 43 317
291 48 19 2
281 97 1 102
131 11 31 105
147 113 13 43
127 89 3 297
16 105 14 96
253 117 13 192
154 7 37 235
238 102 7 352
260 3 55 183
117 67 31 421
174 85 37 315
187 82 13 366
79 75 38 399
238 101 1 138
3 77 5 299
219 54 20 31
189 2 45 121
273 120 28 127
176 37 13 433
41 26 31 372
298 27 11 289
275 79 11 137
4 63 35 111
6 29 9 304
281 57 16 401
179 98 19 22
16 86 2 392
246 64 17 161
28 66 1 291
179 54 7 175
285 7 25 130
114 117 44 264
183 58 19 7
218 83 49 395
227 25 4 181
260 60 49 246
172 97 25 4
237 48 5 40
33 70 19 179
42 51 31 247
62 78 4 415
189 39 7 433
193 84 1 149
222 77 19 159
93 16 31 441
89 84 11 277
246 47 19 257
168 81 8 43
110 92 26 189
146 31 31 146
101 8 22 66
259 60 13 110
255 88 1 78
80 118 16 168
183 103 4 27
132 50 13 168
254 70 10 96
218 67 31 268
9 107 31 147
60 30 46 402
202 47 7 127
20 47 29 91
270 94 21 135
121 98 17 172
219 45 9 36
171 101 4 138
237 67 9 8
34 89 11 399
126 97 45 337
191 103 13 322
112 120 55 85
252 78 5 75
114 63 11 408
172 46 19 313
228 95 25 443
107 59 49 287
284 24 25 165
131 103 1 307
272 101 43 391
114 87 13 349
189 105 29 415
192 109 19 276
152 12 32 353
188 50 1 34
298 8 7 326
222 26 15 224
173 113 35 273
206 48 35 201
282 6 37 282
19 115 5 185
230 23 34 349
229 44 7 320
169 22 4 125
106 80 31 189
166 59 25 19
240 5 10 184
274 10 44 85
49 17 31 9
215 67 49 429
105 94 49 161
177 39 41 314
170 45 5 194
85 39 7 114
32 58 7 156
177 13 31 51
66 59 19 62
227 88 11 330
286 94 49 381
84 99 7 282
222 64 25 412
195 67 46 8
181 7 1 343
132 12 43 293
19 42 11 7
284 52 37 440
141 72 13 61
75 81 19 410
164 119 16 397
89 47 16 95
10 7 31 130
218 20 19 405
260 103 34 69
35 58 49 86
93 57 16 304
180 101 46 132
31 111 37 193
123 83 22 120
75 95 21 385
219 100 25 249
65 50 22 31
98 16 29 201
90 65 31 373
91 7 32 74
165 25 17 223
56 13 19 296
118 18 49 377
27 104 32 129
155 67 51 201
239 8 19 326
160 62 13 71
9 27 10 197
221 5 55 157
246 65 43 406
120 90 31 228
241 115 16 101
137 59 1 2
68 9 27 151
79 100 43 385
171 61 23 232
5 29 5 127
9 53 45 162
255 77 22 118
141 3 15 124
190 119 22 290
162 18 7 49
174 20 7 230
168 27 19 370
181 33 11 72
94 26 37 35
50 78 13 272
69 86 20 430
177 84 23 149
236 58 1 86
94 88 41 359
251 51 15 404
44 60 19 352
245 32 28 253
128 61 23 160
205 31 2 315
20 66 17 391
232 54 19 202
298 97 13 337
149 99 31 444
123 76 1 175
248 65 31 173
240 11 19 436
39 120 27 54
26 34 25 197
68 48 11 196
92 34 45 131
215 7 43 133
235 12 31 112
207 112 1 67
47 45 1 310
128 103 28 311
252 25 43 24
175 65 7 329
273 2 25 149
227 24 27 196
128 3 43 148
264 39 17 291
32 100 19 30
163 28 31 289
216 70 49 153
67 87 55 235
156 76 8 208
170 5 29 140
14 117 13 191
278 30 43 402
37 113 22 338
96 98 29 228
72 3 1 148
273 24 7 375
177 72 34 143
195 38 13 83
278 95 20 407
294 90 33 126
76 105 47 125
222 80 44 67
13 73 1 383
289 36 13 306
297 61 40 2
39 30 15 73
224 6 43 442
205 69 22 354
209 103 25 311
241 99 10 270
79 57 7 337
3 10 43 291
224 117 13 189
60 70 16 45
160 49 49 255
114 20 31 380
148 77 4 174
293 115 5 302
208 59 7 287
277 27 5 157
115 94 49 400
174 96 17 424
155 88 37 330
237 98 7 190
36 47 16 127
16 71 5 402
267 107 3 206
40 37 31 178
21 75 13 76
292 26 37 236
135 45 7 445
238 58 55 2
196 73 9 134
227 72 31 297
179 73 21 233
292 56 26 43
265 76 26 208
208 43 17 388
61 65 13 173
202 23 17 131
188 109 16 113
5 70 14 260
16 87 55 447
67 30 37 398
192 31 7 182
223 2 43 149
156 82 13 253
221 91 45 48
215 51 23 436
232 2 13 149
179 107 43 417
126 46 9 104
204 119 13 44
50 100 33 347
3 110 31 155
266 21 17 355
1 7 43 343
247 92 23 236
214 47 22 65
181 26 19 224
54 29 19 165
268 13 25 188
78 8 13 294
143 43 21 255
52 119 22 220
84 92 17 422
225 112 8 152
3 21 53 213
74 27 20 1
204 26 43 224
214 31 41 143
213 110 33 423
58 108 10 327
116 105 5 96
84 19 37 15
129 20 43 329
28 101 16 132
86 25 19 325
284 7 15 74
52 41 16 166
137 2 31 241
161 82 25 211
238 16 5 228
21 67 43 429
186 24 19 301
27 21 25 439
78 84 3 182
241 91 49 308
51 66 1 128
127 52 55 208
140 21 47 45
27 25 34 32
106 15 13 375
260 21 7 213
109 99 1 21
158 89 34 421
270 15 31 10
197 102 19 82
233 25 29 181
94 70 33 179
129 22 8 450
139 108 8 407
92 48 35 40
64 39 16 114
84 113 23 273
93 18 25 114
193 80 13 332
107 91 32 204
182 25 31 332
254 42 13 7
236 42 11 161
26 3 44 188
146 45 10 313
247 11 37 12
6 113 23 30
100 108 43 92
257 30 9 341
203 20 31 359
42 86 49 121
63 108 49 92
128 73 51 225
241 51 1 404
210 4 43 409
10 50 43 34
59 115 19 264
263 25 5 223
285 50 37 422
112 12 13 293
98 10 32 291
173 8 1 294
78 36 7 425
124 96 20 302
29 119 44 390
37 6 44 207
61 32 7 103
24 90 7 306
168 109 4 276
273 11 37 132
300 81 13 220
193 89 11 164
189 5 9 58
18 120 13 281
152 18 19 368
98 29 19 39
279 93 13 284
192 71 23 158
253 97 1 414
77 90 37 173
26 11 3 170
61 43 21 265
206 18 31 368
143 20 31 405
153 9 28 285
248 18 13 276
110 48 29 328
294 117 43 441
245 36 13 320
239 49 25 46
83 92 11 236
4 90 19 126
248 83 49 77
30 113 1 273
290 77 39 139
63 59 25 195
298 16 4 367
69 25 5 247
13 20 49 380
258 117 43 103
69 18 37 59
57 83 10 395
47 42 41 6
292 49 49 285
223 100 7 122
262 103 10 307
43 2 1 428
291 68 55 243
95 24 43 30
149 60 43 206
186 15 37 172
134 22 40 33
242 81 19 273
121 97 1 44
112 44 19 12
198 101 25 94
80 25 23 325
262 98 2 147
249 50 49 442
168 2 25 428
117 82 1 156
145 117 1 306
247 42 7 331
283 104 29 129
264 43 22 428
47 35 13 434
125 9 7 293
172 52 49 440
68 106 49 270
197 11 37 112
252 32 1 154
221 58 33 407
74 47 7 88
198 109 38 113
129 41 19 387
111 38 20 141
131 60 37 283
26 69 16 443
261 58 37 156
258 24 21 165
38 80 7 189
95 69 37 323
51 61 11 106
67 32 7 154
180 48 14 162
22 5 35 107
289 79 29 407
229 37 49 111
236 92 27 236
274 21 29 20
191 11 43 436
30 86 3 262
109 106 31 238
132 9 39 126
243 85 1 267
243 40 25 331
41 114 7 280
163 83 19 5
96 26 25 224
223 109 37 33
199 88 4 411
20 111 55 211
278 43 37 205
197 10 7 374
234 79 1 50
270 57 16 398
271 120 7 229
165 71 25 402
264 4 34 100
49 35 20 283
159 9 19 293
64 119 31 200
234 20 43 212
205 37 7 356
138 50 43 27
106 25 40 325
167 107 33 90
11 35 25 191
54 51 8 333
23 48 17 271
159 67 55 448
137 120 46 54
249 116 25 28
199 10 55 128
146 24 19 208
196 114 1 274
90 106 55 297
213 98 25 171
128 18 32 114
212 108 7 59
105 23 23 226
36 8 37 326
74 86 32 57
173 39 7 171
48 114 13 171
6 58 43 445
28 110 25 418
117 31 7 176
161 81 5 109
95 49 19 53
1 34 3 329
254 95 28 269
213 115 31 185
48 92 37 22
83 105 26 405
126 77 23 139
262 99 7 270
155 31 5 176
197 48 11 162
104 89 5 164
217 29 43 84
171 95 45 440
234 53 25 162
40 96 29 427
157 49 7 408
203 41 19 6
123 27 19 403
120 117 55 103
173 119 43 250
192 116 37 29
64 11 25 436
23 85 37 25
208 83 22 223
214 106 19 238
172 93 31 18
12 85 19 371
277 6 15 419
202 94 13 154
4 99 46 416
290 64 19 200
271 113 11 338
104 94 31 142
299 73 7 251
119 4 16 159
121 96 51 262
148 61 16 218
112 38 1 260
269 97 31 361
180 94 1 334
147 56 25 420
164 118 10 74
167 47 29 405
46 68 49 416
241 106 27 5
230 45 13 36
220 61 13 106
64 96 1 265
71 51 1 5
143 23 19 226
178 98 31 84
111 39 13 210
134 74 19 384
162 37 31 28
230 17 7 239
12 73 43 7
160 10 19 291
173 49 25 53
27 66 28 172
239 35 4 63
278 93 9 142
122 103 43 260
85 56 13 223
80 58 7 111
54 110 14 423
214 93 13 12
204 64 50 95
292 36 31 370
105 44 37 294
164 106 38 238
273 17 43 382
283 101 25 138
256 21 32 197
129 68 37 243
216 57 1 415
53 43 29 210
11 39 17 220
72 74 31 288
9 31 13 146
190 22 14 254
11 82 37 396
219 114 17 204
53 44 50 12
199 53 7 94
50 40 49 224
290 62 25 178
118 87 37 69
202 44 19 416
34 84 35 104
222 4 33 446
289 22 3 141
98 107 13 417
167 60 49 310
15 101 2 328
70 24 20 375
213 18 13 334
235 40 25 102
149 43 23 349
297 72 35 215
50 86 19 331
58 41 1 218
88 114 7 89
221 34 4 54
291 50 44 168
57 9 31 151
49 21 28 101
57 81 3 273
213 25 17 332
211 14 55 170
119 107 25 240
138 103 15 365
229 75 13 115
271 92 19 274
38 67 31 201
217 86 28 199
142 52 3 408
89 32 21 154
59 39 29 291
77 84 17 182
179 119 25 44
214 113 34 199
158 116 49 84
280 96 11 29
107 88 7 92
194 112 7 67
31 6 19 282
161 51 1 436
75 101 25 299
89 8 32 87
9 113 7 355
63 106 13 325
300 26 15 372
48 112 1 295
168 17 21 356
124 30 43 307
23 49 31 408
52 50 38 34
101 3 39 188
92 94 31 334
185 119 21 397
151 93 43 12
287 99 10 21
202 75 28 76
11 81 29 43
86 57 9 314
135 76 13 399
73 35 7 63
288 95 25 155
187 96 11 80
287 4 25 100
38 49 1 393
220 120 22 334
42 42 17 331
56 36 3 183
26 14 50 82
8 118 11 268
123 112 15 53
82 62 22 107
238 75 32 135
269 119 22 321
61 85 31 351
207 16 10 206
64 4 3 18
275 110 7 424
276 45 5 287
153 106 19 270
169 9 49 126
195 65 49 96
101 84 13 283
174 49 55 255
81 61 47 177
143 38 1 430
275 96 34 431
198 73 15 383
73 71 5 158
56 61 13 278
159 11 7 132
77 68 33 416
29 34 28 197
210 41 4 110
191 60 25 110
180 10 25 128
55 65 19 75
88 71 23 426
55 53 31 212
272 119 46 200
270 8 25 87
108 30 1 59
226 92 29 22
172 84 46 14
135 55 31 99
167 14 13 370
126 4 16 446
206 100 13 296
279 4 4 79
176 119 37 397
226 115 1 264
163 15 43 205
40 83 7 395
194 8 3 66
98 23 7 349
123 49 55 393
187 84 23 14
65 27 10 152
242 96 23 238
116 65 43 75
163 7 55 130
122 44 7 238
199 112 17 202
86 37 1 178
274 61 1 448
82 54 28 202
88 44 31 302
97 62 25 307
135 65 37 96
71 21 17 64
113 27 13 368
270 34 1 376
167 35 39 191
208 52 1 16
156 15 43 296
1 90 21 299
164 24 44 413
15 59 19 46
188 66 26 26
233 60 37 244
32 61 16 179
76 36 43 306
150 41 1 214
115 109 21 421
31 58 7 289
197 25 41 153
44 9 40 20
60 45 5 447
14 82 25 166
100 37 19 348
182 9 7 151
251 90 7 179
109 74 16 186
78 59 19 446
132 80 19 365
136 19 7 109
119 81 40 273
270 7 4 316
81 8 31 349
96 41 32 170
51 67 28 8
129 8 31 186
191 41 16 145
144 55 31 53
92 15 27 374
167 77 17 36
136 55 11 282
300 41 7 145
134 56 10 223
264 44 7 294
153 97 13 102
231 9 34 293
140 94 9 64
87 85 37 351
225 56 32 38
67 104 1 129
91 47 46 127
34 15 31 449
172 71 7 4
84 54 10 107
268 24 13 435
186 21 13 336
214 118 37 74
182 17 3 90
89 112 14 295
51 80 13 67
83 37 3 356
60 57 7 401
52 57 13 398
41 4 39 79
282 86 43 392
170 68 25 358
251 77 5 136
2 59 37 248
134 21 17 439
213 9 7 106
91 89 35 399
225 2 3 241
211 114 43 114
221 63 29 104
59 33 17 285
8 94 31 64
13 82 25 40
117 102 25 216
31 47 11 95
250 94 38 135
145 107 13 147
297 21 27 336
173 88 19 330
24 79 16 91
165 55 28 99
292 28 55 368
170 27 7 87
244 93 56 13
35 35 3 191
30 100 50 122
52 83 4 5
58 18 43 276
282 70 22 96
264 120 19 164
51 86 49 182
30 97 37 19
237 107 13 266
170 62 22 178
77 96 5 427
250 90 1 122
185 48 19 288
300 57 4 337
113 56 33 43
230 65 1 216
299 8 31 324
51 21 26 213
21 93 9 175
63 47 11 55
208 3 33 45
150 38 7 387
7 94 43 142
177 21 45 439
212 87 31 447
26 68 7 358
111 116 25 109
154 49 7 437
153 20 39 350
41 8 13 386
25 84 15 138
219 72 5 188
101 90 31 363
108 114 17 280
82 5 7 225
268 65 50 112
199 60 13 206
153 111 55 81
189 46 15 369
283 68 37 179
220 64 25 359
83 23 1 131
295 38 21 146
104 22 20 217
171 53 31 392
44 18 31 276
113 23 45 405
119 55 10 185
86 30 44 144
300 49 43 46
138 112 19 340
248 57 7 410
120 44 19 317
211 86 7 126
125 22 10 333
7 57 4 304
34 44 1 320
262 115 15 62
49 82 13 246
279 38 10 272
43 4 28 406
41 97 1 423
150 76 25 433
3 64 29 359
235 3 37 121
50 49 37 308
233 33 53 72
10 114 16 297
240 81 13 109
281 43 5 55
13 52 31 208
73 23 3 349
178 114 17 335
33 51 23 292
102 80 37 217
238 21 27 64
19 26 25 280
129 91 1 245
124 117 31 264
41 70 16 81
194 113 16 199
63 37 33 187
225 27 29 157
116 47 37 62
33 96 4 23
255 17 3 363
44 111 7 131
134 101 46 328
165 42 7 235
115 14 32 309
115 13 4 226
7 79 31 166
67 37 31 307
165 29 2 165
100 70 33 322
160 77 10 118
166 56 31 223
38 45 11 380
94 47 1 88
49 80 49 172
97 12 16 117
76 3 14 183
202 30 31 144
256 112 19 3
175 55 17 245
285 47 11 254
12 41 49 6
184 38 55 418
175 52 43 3
55 98 16 22
53 60 13 17
300 77 10 136
111 115 5 421
59 28 13 264
6 31 29 30
228 89 13 274
263 56 25 38
280 58 1 407
107 43 27 265
102 8 27 186
220 38 37 40
246 5 35 438
279 91 25 204
123 71 7 423
186 54 17 107
59 80 37 67
152 100 49 347
223 16 11 116
86 22 49 365
266 74 4 338
106 75 46 76
189 93 3 239
214 52 1 3
277 63 40 104
94 77 19 402
148 75 38 115
225 12 37 290
269 95 7 95
165 103 55 153
289 52 49 208
57 21 5 348
90 30 4 243
73 89 17 242
259 29 29 165
210 93 37 38
246 108 14 384
175 66 13 285
254 36 31 425
156 104 35 88
202 97 43 1
18 42 7 360
248 6 43 281
65 13 19 192
300 69 1 354
31 18 31 49
173 109 50 418
76 75 4 143
144 61 19 106
160 18 37 276
80 64 39 87
44 4 13 159
128 53 19 94
277 99 19 27
153 15 31 70
25 58 31 357
209 88 11 413
164 27 19 180
261 32 10 154
76 15 27 347
298 5 23 297
238 10 37 177
28 78 11 13
214 8 31 66
69 29 10 390
153 61 3 278
81 74 34 384
99 108 19 420
186 85 26 371
141 113 11 355
100 105 28 96
203 113 13 380
160 112 33 295
73 11 25 132
140 40 25 328
183 2 37 291
104 75 10 388
66 101 7 138
56 6 33 56
241 120 37 334
225 6 19 419
21 91 1 56
1 108 32 280
221 21 23 355
90 97 49 19
146 8 34 148
147 71 11 401
51 88 4 78
55 37 25 37
153 77 1 174
69 13 43 51
146 66 23 250
215 19 13 292
139 24 13 196
288 32 19 437
11 18 49 276
200 57 13 394
282 48 19 172
221 37 7 353
203 58 37 7
210 101 10 35
125 48 41 209
258 48 5 328
185 97 1 1
154 47 11 33
163 98 1 30
174 73 25 367
87 50 1 442
17 54 5 336
21 57 55 410
109 9 22 277
216 95 8 443
275 115 16 302
1 26 37 280
106 111 3 131
134 48 22 196
102 93 19 18
286 5 38 3
17 91 1 449
130 17 1 228
57 35 37 442
290 5 22 382
181 114 31 416
296 38 43 146
267 29 11 165
208 61 11 179
184 17 31 409
124 111 7 373
219 32 14 103
196 43 16 205
218 71 29 423
119 6 19 205
140 55 7 314
160 39 17 445
75 117 1 441
157 35 27 434
251 94 49 135
132 54 16 40
99 10 25 177
227 106 1 325
190 101 9 391
170 91 43 120
285 24 31 33
137 30 19 307
46 6 7 442
223 88 3 189
230 7 15 235
294 51 17 192
250 114 22 335
17 34 15 197
39 5 7 42
213 111 49 83
103 37 21 28
33 78 2 93
50 29 11 84
89 22 37 80
215 48 1 288
99 98 4 30
25 32 1 232
276 24 51 196
219 48 23 209
159 72 16 305
152 71 5 335
264 94 13 64
92 43 25 205
257 92 5 22
140 19 31 120
152 104 13 58
54 49 43 53
209 101 33 445
96 49 1 285
62 57 25 337
143 96 5 431
214 89 5 400
153 25 5 102
22 28 13 55
53 45 22 36
7 4 13 100
108 89 4 280
244 115 23 153
253 11 31 432
229 89 5 305
234 68 3 179
38 26 25 275
278 107 49 147
88 62 13 426
254 102 44 222
85 84 16 14
62 25 11 181
82 22 43 444
35 10 15 381
290 37 14 244
62 77 41 299
23 79 19 110
215 37 25 403
82 110 31 91
6 26 19 413
73 13 46 136
293 22 7 125
53 78 7 222
185 24 7 435
75 36 39 425
269 58 25 111
2 55 49 245
154 36 25 135
200 49 31 437
2 98 7 35
43 14 45 16
71 101 7 328
28 107 44 90
193 56 37 420
107 106 15 70
239 77 23 399
235 8 13 324
65 6 25 133
263 52 1 204
145 20 37 158
295 63 25 430
258 6 49 148
267 118 1 417
42 59 43 4
220 88 17 68
299 120 25 229
13 43 17 210
232 96 16 77
91 101 14 299
141 74 31 394
110 40 33 237
168 77 10 139
247 19 43 13
2 42 20 54
114 114 2 416
202 45 34 313
147 119 4 321
93 56 13 113
131 12 25 293
147 57 1 410
267 36 25 320
71 20 19 207
13 61 35 247
67 28 43 108
51 17 37 48
22 82 3 375
124 68 49 79
53 36 9 370
34 16 37 211
208 42 20 312
244 28 25 368
194 71 11 426
183 9 1 266
252 10 32 387
142 7 43 333
264 17 49 239
198 51 23 137
270 13 13 226
272 116 7 29
167 13 22 192
246 114 10 65
18 51 47 383
257 12 14 321
152 8 28 326
247 4 13 446
19 9 16 277
47 33 3 61
103 78 47 2
45 26 43 372
4 11 31 231
95 9 34 106
117 53 49 405
226 100 37 249
192 54 29 392
16 119 38 220
175 80 37 365
156 46 19 104
117 99 40 21
269 67 37 421
252 54 46 151
269 71 11 349
18 23 43 150
193 118 28 292
3 65 19 162
275 101 13 328
234 75 19 143
132 86 31 331
159 77 14 68
299 26 43 280
288 6 51 56
51 92 20 189
248 116 55 5
296 102 26 424
58 62 15 225
136 116 25 29
87 20 25 230
187 80 49 447
142 23 38 226
106 100 7 322
30 78 20 396
242 33 5 72
41 33 9 405
136 60 43 246
251 13 25 154
103 86 34 430
14 99 1 123
133 79 11 91
172 74 13 188
176 48 19 74
247 77 17 136
190 43 4 265
196 74 19 136
233 57 26 341
279 32 7 390
255 114 29 204
46 51 13 98
127 94 37 161
253 83 40 251
148 98 20 171
217 108 21 225
285 44 55 112
33 52 7 397
42 91 1 49
270 38 10 146
253 101 20 132
4 70 4 293
201 95 13 385
211 38 15 146
264 37 37 310
268 118 17 342
227 34 19 173
162 92 5 422
183 44 43 140
143 67 26 340
192 95 16 255
245 77 37 36
62 69 19 95
265 97 38 423
142 9 27 277
117 2 19 81
276 22 28 80
218 31 5 392
33 34 28 422
157 109 43 421
177 113 10 19
7 108 34 225
57 30 7 243
218 60 9 110
198 112 13 340
84 74 28 136
207 35 32 381
151 55 19 314
72 18 49 241
54 108 25 159
10 23 13 86
39 24 37 31
118 62 13 240
30 23 23 326
12 90 25 122
31 103 28 153
55 59 9 195
137 107 7 417
256 45 52 187
68 63 14 111
204 51 17 247
289 109 39 364
107 37 43 187
44 94 25 400
94 44 3 112
178 10 43 80
4 114 37 297
106 70 43 96
97 39 28 33
284 54 13 404
135 54 1 289
10 32 40 253
256 54 17 289
271 114 39 65
122 43 19 210
76 30 1 243
238 84 20 182
293 119 40 200
201 74 27 384
195 69 1 42
49 44 7 449
224 98 11 46
32 15 25 375
156 58 49 138
291 16 17 367
146 16 8 116
7 27 16 368
278 71 7 335
250 7 7 74
41 86 51 430
66 2 26 81
139 96 17 96
179 66 17 250
41 118 25 268
178 72 29 224
127 31 5 311
107 27 37 157
77 4 22 144
75 17 14 239
72 26 25 372
200 38 10 83
295 114 1 65
96 94 49 334
178 51 22 333
219 82 1 366
54 43 22 167
66 77 10 68
160 111 25 25
12 107 31 396
19 76 33 339
25 25 25 32
238 39 11 168
86 120 28 389
161 60 49 128
42 4 37 100
162 30 13 341
290 11 1 105
244 67 34 8
45 35 19 379
129 104 23 29
74 72 41 281
95 46 25 104
249 62 2 299
37 59 2 248
256 94 21 142
263 41 15 400
275 59 43 62
176 83 40 357
128 113 1 139
2 46 1 237
206 93 21 38
124 18 25 241
146 40 13 414
152 23 9 150
225 8 43 186
204 2 1 104
164 8 2 324
229 72 11 131
177 91 25 308
253 100 49 108
36 23 3 326
283 43 5 255
265 48 23 201
300 11 50 436
72 33 5 270
265 31 13 392
70 8 25 326
224 40 31 102
186 25 11 325
71 16 13 211
188 38 28 387
108 46 37 369
109 14 55 82
298 37 43 37
190 24 33 435
21 22 32 450
136 29 20 84
160 119 7 44
28 44 31 294
158 94 19 108
185 93 49 265
31 24 13 165
137 88 23 106
213 19 1 15
295 56 46 38
290 75 45 388
24 120 1 229
83 15 7 167
296 11 7 105
169 90 25 306
295 95 37 97
20 17 7 9
24 96 53 300
227 61 17 278
98 85 9 41
213 87 37 412
155 60 31 233
176 118 7 381
82 21 17 436
50 62 46 164
169 12 33 117
111 45 9 194
271 14 31 402
100 24 7 196
191 94 31 82
22 93 31 397
201 38 43 430
269 19 49 53
259 52 49 176
17 59 55 287
206 103 1 235
36 16 7 186
59 111 25 444
134 2 13 236
120 69 9 354
290 96 43 335
102 82 55 366
104 4 15 409
98 84 21 389
176 34 21 77
148 109 22 279
104 118 8 292
175 90 25 354
239 13 40 51
206 113 4 207
132 31 5 388
16 118 10 292
81 94 19 64
141 47 7 254
24 30 25 398
237 115 23 302
154 28 43 289
281 81 7 319
233 34 21 197
274 27 7 1
119 115 13 62
180 100 49 322
66 73 37 392
52 105 7 209
100 77 23 174
65 33 5 285
216 93 31 284
284 39 5 171
226 88 7 86
150 83 37 223
259 84 23 283
43 6 8 205
13 2 57 236
159 30 3 144
255 15 7 347
164 20 27 268
47 108 49 385
114 48 27 201
235 116 19 73
96 112 14 367
145 110 55 342
145 71 28 335
295 76 31 433
199 17 49 228
228 52 19 440
236 24 55 160
49 9 4 151
174 109 31 428
57 85 19 41
188 100 20 122
278 74 34 288
45 100 25 333
212 51 1 247
249 36 7 291
28 92 35 189
105 90 25 126
183 31 23 94
151 64 23 359
100 46 38 313
250 17 55 228
247 106 31 30
99 117 37 103
176 35 31 283
11 88 5 312
37 96 49 42
134 61 38 2
186 19 49 13
120 120 25 127
209 15 37 374
226 51 10 436
80 111 43 211
197 115 28 62
276 48 8 336
153 5 22 3
19 32 19 50
6 89 7 274
114 89 21 399
285 104 17 85
80 33 1 251
289 37 43 111
200 98 5 147
92 61 7 232
148 118 31 417
104 49 49 324
109 103 39 322
287 36 43 425
289 14 31 281
246 56 32 113
281 26 49 106
54 42 28 312
172 10 3 291
171 105 11 89
34 97 19 40
118 52 25 12
143 70 7 202
182 45 22 9
298 113 40 30
53 39 19 35
264 105 1 89
Điểm tối ưu: 3599
Thời gian: 30.0261 giây
Trạng thái: PARTIAL
