69
2 5 13 1
16 12 1 7
4 11 9 8
9 11 22 8
10 14 25 2
4 6 7 4
13 14 1 2
16 13 7 9
4 10 1 1
13 5 25 1
9 7 1 5
14 12 1 10
10 3 1 6
5 6 1 4
3 14 31 2
18 3 4 6
9 5 7 1
4 13 13 9
18 8 7 5
12 10 7 2
16 3 13 6
6 11 1 8
19 4 5 2
3 6 3 4
10 6 5 4
8 15 1 9
15 13 10 9
3 5 13 8
14 4 7 3
17 11 4 8
14 10 19 1
7 12 1 3
9 14 37 2
13 13 16 9
7 11 19 8
5 1 3 5
15 3 19 6
10 12 7 10
15 7 4 10
6 10 25 8
7 1 5 1
13 8 5 5
5 8 5 3
18 6 13 4
17 1 7 7
2 4 19 3
20 7 4 7
6 4 13 3
15 10 13 2
4 3 16 6
18 12 9 5
16 15 4 9
19 7 9 7
1 14 19 2
7 3 7 6
2 3 10 6
12 2 22 6
11 10 25 6
13 6 9 4
18 4 15 3
5 4 9 3
12 12 13 10
7 4 11 3
3 8 17 5
20 10 31 6
6 1 11 7
10 5 31 1
2 1 17 4
11 12 13 5
Điểm tối ưu: 69
Thời gian: 0.4888 giây
Trạng thái: PARTIAL
