2399
167 47 21 160
161 47 3 278
9 47 7 160
197 46 25 268
154 46 31 70
134 46 33 268
55 46 9 131
22 46 1 70
146 41 1 187
113 5 1 161
38 33 19 226
120 42 9 280
169 53 3 139
83 12 7 29
10 53 2 254
26 65 7 300
102 56 15 236
88 38 3 90
84 36 19 60
67 36 1 11
28 36 8 17
48 67 16 114
139 57 13 73
97 18 8 230
136 31 5 64
118 43 8 39
44 8 29 164
6 47 19 207
12 46 13 131
152 46 13 268
174 33 19 68
110 47 7 207
117 47 31 207
168 28 7 289
108 67 16 15
101 42 19 298
167 13 15 41
51 33 19 260
4 5 7 165
172 50 19 245
130 47 7 278
167 46 1 246
72 42 7 109
17 29 43 4
82 52 49 145
77 12 7 298
100 41 1 275
187 78 34 201
197 5 19 100
112 46 25 246
94 41 7 275
92 80 1 274
114 46 7 268
93 67 7 114
184 60 7 115
147 27 31 270
10 60 19 94
22 41 7 187
120 41 1 27
131 41 9 176
40 54 7 197
50 56 13 209
151 14 40 44
182 47 1 160
131 74 7 219
50 47 25 278
91 29 7 156
169 67 16 189
1 24 55 91
82 60 13 142
136 47 25 160
96 41 1 176
31 31 1 64
108 28 49 108
46 19 22 139
186 46 7 70
192 33 25 226
1 59 21 80
122 47 19 276
193 47 7 276
140 31 23 107
45 33 25 68
55 22 13 152
19 79 25 101
58 47 31 276
169 46 25 131
39 47 31 160
182 42 25 298
21 36 1 60
157 51 3 170
57 80 31 274
107 42 43 169
149 46 31 131
36 31 11 107
150 47 1 276
136 43 22 36
151 11 5 255
129 31 19 140
37 38 19 293
112 26 13 12
105 46 31 246
114 47 19 278
41 47 25 276
47 76 19 280
106 7 7 221
200 29 7 4
20 47 25 207
168 62 25 6
187 75 13 256
149 33 19 131
70 5 13 100
64 57 37 296
135 25 25 155
65 53 7 254
187 36 7 121
171 53 7 297
1 50 13 254
48 18 1 177
166 39 19 119
136 12 15 65
168 29 13 161
124 68 31 126
155 47 37 160
99 38 13 176
86 33 19 267
144 37 13 130
128 36 32 121
149 61 13 7
87 15 43 209
54 43 4 250
27 80 3 128
199 42 31 298
18 44 5 201
90 66 31 33
59 80 1 144
23 48 25 200
51 67 43 142
117 43 1 239
69 21 17 71
172 67 31 114
174 2 7 192
48 43 22 239
79 2 9 48
154 36 28 74
120 5 43 165
8 63 1 76
3 53 55 254
110 64 17 84
184 41 13 102
135 78 40 163
91 28 13 108
130 5 19 165
149 5 25 166
16 74 10 219
190 5 25 162
41 5 1 165
82 41 1 102
43 53 19 174
86 45 25 153
144 78 38 97
20 72 7 134
53 12 13 255
69 67 7 15
64 51 15 222
143 28 37 284
43 78 25 273
146 31 11 173
10 57 28 73
165 47 49 160
30 30 35 214
78 67 15 293
142 12 19 29
42 18 1 103
7 50 43 245
147 5 25 228
17 52 25 217
47 41 49 27
40 46 37 298
194 2 8 51
133 15 13 220
56 68 32 257
166 22 5 240
15 43 10 210
135 57 19 36
14 63 35 190
159 37 13 205
77 69 13 249
61 36 3 17
130 24 13 289
191 8 31 164
177 56 13 37
118 28 3 256
28 76 22 99
69 12 13 29
152 27 25 67
81 5 13 165
141 5 19 228
42 3 25 79
18 46 43 268
179 27 25 32
2 2 7 84
124 64 7 237
62 16 27 292
59 29 13 143
88 73 43 154
100 53 25 139
136 38 1 193
95 22 49 93
83 31 17 64
97 80 1 86
144 56 31 132
91 53 43 174
191 48 7 212
27 52 13 223
169 34 1 73
47 70 1 61
153 50 7 152
70 56 31 218
109 42 3 151
66 4 1 65
19 70 31 79
35 43 1 36
189 7 31 19
149 78 1 185
1 12 7 143
116 65 19 134
192 5 1 162
61 78 25 97
85 51 2 222
147 57 7 296
121 40 31 112
81 23 4 242
168 7 49 221
77 34 35 38
7 60 13 94
123 14 31 44
137 49 37 87
53 25 7 93
39 29 55 143
55 72 31 157
180 60 14 248
5 55 3 282
138 23 8 159
196 73 37 127
191 21 11 222
23 62 7 244
106 75 20 78
105 60 7 248
73 53 13 115
3 17 4 230
184 62 22 6
61 53 37 139
87 57 10 262
121 8 23 223
150 31 22 64
89 26 3 211
38 9 11 30
63 55 49 209
160 31 7 173
22 55 37 190
104 46 13 246
150 53 49 297
144 16 41 294
140 26 44 225
111 57 7 262
5 25 13 47
81 77 23 118
11 62 33 93
86 31 16 140
26 63 19 46
91 49 20 128
158 47 37 276
9 69 22 180
3 31 37 107
173 31 23 140
58 46 37 131
53 35 26 33
188 74 15 219
12 65 43 242
138 11 29 79
186 50 1 235
192 65 55 134
83 39 22 119
82 68 31 225
165 12 25 172
162 36 31 17
16 11 17 85
196 54 3 41
125 31 16 107
108 29 43 167
21 67 26 189
164 28 31 40
86 5 1 32
172 65 27 254
18 58 25 186
73 31 19 107
170 77 16 201
7 6 17 173
64 42 43 109
111 60 19 248
133 76 25 265
137 69 22 273
87 5 13 162
79 37 1 263
102 39 37 208
55 69 3 31
185 36 22 17
156 10 37 57
189 6 10 92
181 8 8 205
3 10 10 6
69 33 55 226
123 8 25 1
175 10 31 6
91 55 49 282
197 59 7 21
188 37 7 186
199 74 41 167
147 59 10 21
118 32 13 174
99 28 31 108
12 62 19 93
145 46 19 268
33 78 22 18
137 32 5 148
148 58 31 35
200 60 19 70
2 66 1 214
164 25 10 81
113 59 40 180
196 46 25 70
26 31 11 140
174 38 34 254
80 73 1 198
177 53 8 172
104 32 8 130
186 28 19 41
44 49 19 87
33 45 4 214
69 70 1 48
19 7 7 19
132 4 37 163
71 41 8 27
147 13 39 56
140 9 5 30
144 40 4 112
9 54 28 63
46 47 43 276
120 17 14 121
87 10 1 95
130 6 35 92
151 66 7 59
140 59 1 100
94 33 43 198
106 22 11 186
38 58 7 184
87 71 22 46
28 42 44 124
131 68 13 82
44 33 25 267
113 41 19 27
29 53 13 207
64 64 13 278
135 67 33 173
15 23 7 100
153 2 15 51
65 27 13 32
2 44 22 124
171 3 31 278
53 69 4 249
76 44 1 201
5 47 37 207
60 41 13 27
110 48 5 109
181 42 37 151
117 66 16 59
196 65 33 156
195 3 34 284
56 51 15 90
52 38 7 213
183 2 21 51
171 10 37 289
11 7 19 288
29 78 28 185
42 53 8 240
130 3 37 278
24 40 29 252
114 5 25 165
89 30 23 170
150 39 31 42
188 15 1 220
122 8 7 164
107 70 25 28
67 56 15 218
33 57 32 73
162 38 25 213
32 63 31 46
119 28 37 40
134 61 10 227
50 6 5 4
162 37 46 263
190 33 7 68
27 31 7 140
33 18 7 28
47 53 7 174
97 54 13 63
114 9 5 37
38 11 17 272
66 38 7 193
66 34 14 292
57 30 35 170
163 49 7 179
143 32 17 283
115 28 19 277
89 24 19 26
5 41 31 275
42 50 19 257
165 72 13 179
104 31 19 173
130 14 50 96
158 29 13 62
12 64 1 5
28 27 49 270
155 56 7 209
181 79 33 101
23 70 19 236
72 48 4 200
25 9 11 300
164 47 55 278
80 31 11 64
172 5 37 32
65 32 17 184
30 18 19 116
56 15 45 136
191 17 19 121
27 14 31 118
101 18 34 116
17 3 1 79
177 62 34 182
38 67 4 15
41 53 43 254
79 24 25 259
157 2 32 177
145 14 31 99
79 78 34 97
79 48 7 49
147 61 1 227
155 49 49 128
58 54 19 202
85 71 25 247
47 63 13 190
18 30 31 185
198 36 19 74
137 62 7 284
34 10 10 45
103 50 19 58
105 66 40 59
199 34 19 38
94 10 22 95
14 71 1 106
58 74 41 228
45 78 10 163
68 33 25 198
66 56 31 239
134 23 46 100
182 21 17 263
39 23 4 111
117 16 25 159
196 55 43 282
58 9 22 60
68 12 31 65
76 54 31 41
141 32 5 174
187 64 23 174
18 14 7 44
15 39 1 153
81 76 7 56
33 30 1 87
143 70 1 258
127 32 16 148
6 9 17 250
136 65 44 257
37 67 10 15
27 36 34 11
12 25 3 233
183 25 16 171
80 44 41 188
186 24 31 83
107 45 34 126
46 33 1 68
126 80 37 121
43 35 15 9
189 13 7 261
173 73 7 150
116 61 7 7
122 72 13 287
179 22 7 96
78 37 10 150
137 38 28 213
76 26 3 12
69 58 31 186
195 59 22 55
82 8 21 164
157 21 29 169
159 9 5 300
19 75 44 89
2 67 4 293
165 17 7 53
134 68 7 277
154 45 13 80
57 16 5 288
14 35 31 172
21 32 11 174
200 59 13 21
103 19 25 35
93 20 5 232
109 64 25 109
192 74 10 72
140 30 15 87
65 60 25 94
53 67 21 173
19 40 1 62
69 46 43 246
91 40 31 122
122 70 25 236
81 78 25 95
178 42 1 184
163 40 1 164
56 39 22 153
165 40 4 252
156 70 43 129
58 53 43 172
72 41 31 102
6 24 31 299
66 68 22 127
173 60 19 115
183 78 49 273
187 80 19 220
21 9 4 146
20 59 3 21
94 28 25 41
27 63 17 35
151 33 31 226
200 35 4 171
39 56 7 239
95 27 19 67
64 60 1 166
188 32 17 34
186 64 11 86
98 12 15 172
45 45 4 80
81 71 1 133
23 10 13 57
101 19 2 97
13 42 43 120
1 52 25 93
69 48 5 14
154 78 10 18
104 62 25 182
84 75 31 78
132 7 43 56
193 60 31 94
117 35 49 184
160 23 19 175
150 33 37 213
159 21 21 71
182 56 19 209
183 69 10 31
127 59 25 180
65 46 49 268
170 71 32 258
15 76 34 99
74 54 25 117
121 33 43 226
188 49 19 179
197 70 13 129
46 65 27 134
192 35 37 9
87 52 31 223
198 42 43 280
3 5 49 228
167 32 5 183
61 74 29 115
71 35 13 171
59 62 31 244
134 40 13 252
22 57 43 262
66 9 10 147
200 68 1 292
100 36 37 60
106 6 4 11
157 59 9 55
57 70 1 279
60 21 17 267
115 17 46 53
130 62 25 141
160 55 13 35
11 70 7 129
92 18 22 28
45 59 7 16
42 73 4 181
132 44 29 201
183 26 4 34
108 22 19 96
151 32 35 174
129 61 34 184
198 57 13 262
111 9 23 258
25 62 7 182
193 80 43 144
62 51 7 183
89 76 15 280
78 44 33 168
12 38 31 254
114 53 13 99
99 73 37 291
153 51 3 284
193 68 15 277
113 63 17 249
88 8 17 284
145 36 34 74
6 19 45 2
160 7 1 216
195 11 16 14
171 49 3 73
44 69 40 273
55 79 7 101
179 52 13 145
123 65 7 86
96 66 19 59
161 59 21 21
23 49 3 285
41 25 11 68
155 70 25 266
105 19 13 158
165 38 20 176
76 8 41 212
80 38 31 193
31 23 4 266
156 29 19 167
194 44 5 221
54 49 7 285
58 39 25 25
13 4 19 22
192 30 29 167
127 10 31 95
38 78 1 296
142 64 1 147
85 18 7 112
143 37 34 13
51 78 10 185
125 36 34 60
135 9 3 30
10 48 23 200
197 30 1 202
67 78 37 273
12 56 25 223
101 80 25 86
30 52 1 59
30 64 5 234
199 78 1 273
64 5 7 162
24 59 22 16
136 44 13 193
199 48 38 231
103 46 49 246
21 24 37 266
141 71 40 133
150 5 7 228
14 39 19 230
23 25 1 171
24 24 13 52
49 73 33 181
155 71 19 258
28 19 31 158
158 25 7 155
74 59 28 16
128 42 15 124
198 15 16 220
164 37 37 205
32 79 11 114
64 22 22 152
93 28 19 40
148 19 3 213
79 71 13 300
89 4 25 281
17 58 32 202
158 75 4 89
132 52 1 223
25 18 13 178
175 75 34 89
57 73 43 149
167 68 25 225
125 53 1 207
145 39 49 35
116 28 31 256
197 8 17 205
87 69 19 273
119 76 32 72
164 22 1 260
173 10 43 45
95 15 16 195
89 31 1 107
78 23 7 279
104 4 22 23
77 80 21 144
93 59 1 55
173 21 25 113
196 8 1 173
32 24 2 91
98 54 4 8
48 50 7 257
110 72 1 241
32 5 7 161
182 60 55 248
32 11 19 14
136 67 7 293
94 27 31 263
151 13 49 114
87 66 7 234
160 10 49 95
190 10 19 105
66 20 4 265
122 65 49 156
138 34 17 243
161 36 7 11
190 36 13 17
68 6 4 253
124 14 49 189
13 13 7 117
27 22 11 152
147 4 49 60
80 15 15 235
148 76 43 265
59 55 25 135
156 22 41 152
85 44 17 129
132 10 7 95
39 5 37 166
88 22 9 189
108 58 28 186
10 77 13 201
155 14 13 34
124 34 21 38
189 22 5 233
33 26 13 188
65 58 19 34
31 35 31 184
82 9 23 146
138 18 1 71
126 42 49 120
167 25 8 66
6 71 10 126
122 55 37 175
182 10 7 6
71 40 25 112
196 58 7 154
6 73 4 194
75 21 10 263
177 54 31 63
172 2 4 84
157 8 7 223
104 27 33 294
9 16 47 288
95 74 10 167
27 9 9 242
164 69 22 193
62 17 1 230
146 53 37 115
61 63 7 76
85 2 20 192
55 40 17 81
180 10 31 240
130 68 1 154
21 2 16 226
154 42 1 124
70 25 46 81
114 4 43 43
181 13 28 114
57 64 10 237
101 31 8 107
53 39 55 78
1 54 1 23
64 58 33 39
195 53 1 297
110 17 22 280
154 41 55 27
135 35 27 294
62 31 25 140
176 65 25 42
31 26 13 211
192 13 19 261
121 13 37 261
179 54 46 111
189 56 21 172
90 78 1 212
106 67 27 142
65 34 29 44
43 26 28 225
111 41 25 177
50 39 49 142
32 59 25 80
152 16 35 155
121 37 1 180
172 57 1 18
108 2 13 192
100 13 32 120
174 21 31 265
115 26 43 204
111 40 16 252
27 65 27 110
4 73 25 194
41 24 13 83
175 30 7 208
102 6 13 4
99 79 7 74
182 2 10 192
114 58 1 108
104 6 31 10
63 69 38 126
196 30 31 214
161 50 25 210
5 20 11 260
39 71 1 300
144 22 17 145
90 30 28 5
81 61 37 211
84 67 13 189
80 39 4 78
105 21 5 222
62 56 37 239
174 23 39 98
74 20 19 217
155 80 43 274
148 28 37 277
2 53 25 297
33 28 44 41
166 80 37 176
171 64 17 234
112 12 43 64
13 57 16 18
49 18 25 178
195 43 37 292
16 44 19 221
67 35 7 9
152 38 22 213
149 59 16 298
83 19 19 2
121 80 13 144
124 42 2 169
189 29 43 143
89 63 13 183
34 65 19 242
66 26 19 249
74 36 7 60
184 58 4 39
170 73 19 214
176 48 5 63
22 69 25 31
171 40 1 122
7 8 11 205
52 42 37 120
193 9 23 122
145 20 5 260
190 21 3 196
61 30 1 170
117 74 13 228
109 76 19 72
140 64 11 234
100 37 40 113
24 77 39 227
109 48 16 109
161 77 1 249
181 66 20 279
64 40 5 62
145 50 25 152
142 8 7 58
76 27 7 32
93 37 34 91
191 4 14 60
107 53 1 115
32 72 38 216
171 26 25 269
28 21 1 113
34 36 40 17
112 13 21 117
184 73 1 49
1 11 19 79
60 2 20 177
24 19 7 139
72 55 25 175
38 56 25 37
41 75 7 249
159 13 28 27
112 54 40 117
125 34 7 189
16 75 1 78
20 74 11 115
12 3 37 263
78 32 37 34
66 80 37 86
136 48 29 49
51 18 7 103
82 49 25 87
185 8 39 212
137 67 34 293
32 18 16 112
127 28 49 289
73 59 1 80
20 56 43 105
29 13 10 56
15 24 13 26
141 35 15 33
172 19 7 241
144 79 11 242
96 70 31 211
133 78 10 97
59 77 8 2
96 31 15 64
63 30 10 170
33 67 39 173
9 67 25 173
62 38 19 90
87 79 17 98
30 47 13 276
17 20 4 52
98 23 44 175
97 72 55 157
52 50 13 245
24 23 33 111
152 22 19 152
55 21 15 43
161 33 37 226
82 20 43 199
97 67 21 114
58 15 2 137
76 70 43 266
78 58 25 39
1 22 37 260
180 9 23 77
110 13 34 114
123 30 11 208
102 19 22 97
83 16 11 61
171 29 13 8
178 63 13 199
5 80 19 274
28 4 19 23
197 29 3 50
3 80 31 220
23 69 16 273
127 57 22 3
170 23 22 142
112 56 31 37
109 75 27 91
125 70 19 48
194 17 28 212
75 26 31 188
52 36 49 11
26 76 1 280
78 80 49 86
168 55 19 282
175 49 19 285
103 14 7 99
31 71 25 106
35 74 13 110
147 64 37 5
83 24 1 20
34 54 34 98
133 77 16 238
81 27 19 166
118 75 39 249
133 31 39 140
91 32 1 34
74 74 11 228
100 79 7 242
142 66 28 214
104 17 28 230
49 30 22 214
146 27 50 3
185 22 16 260
88 34 1 183
2 77 32 279
198 16 8 46
8 40 39 164
113 80 7 144
7 4 4 105
73 9 26 114
67 4 25 22
100 43 16 210
79 12 37 65
197 54 10 197
44 22 38 286
9 4 40 281
130 72 31 1
94 21 11 267
52 54 28 197
62 9 29 146
17 54 15 23
154 72 37 1
126 66 20 234
96 7 25 56
51 3 33 127
46 71 7 78
47 28 43 127
56 80 49 220
15 75 38 91
163 77 11 279
96 2 49 192
183 4 40 235
85 55 37 23
38 60 13 173
14 31 45 107
139 24 21 20
160 74 41 115
84 35 10 269
76 30 11 87
99 50 1 58
110 20 43 296
142 24 3 272
57 56 13 120
174 37 1 150
120 24 37 299
106 49 37 267
43 77 2 92
138 58 34 186
180 8 11 58
159 19 16 229
146 51 43 170
192 9 5 60
134 37 20 186
112 43 19 39
65 70 31 129
126 2 33 84
149 24 7 26
3 62 1 255
163 26 25 211
55 36 44 17
140 29 37 161
119 71 50 258
146 25 41 264
139 19 3 35
56 79 1 146
159 40 19 164
159 68 49 126
83 32 29 283
149 79 11 182
178 12 37 255
132 56 19 132
161 13 49 283
158 14 1 118
177 69 25 72
126 7 1 19
77 61 25 7
93 18 25 103
50 72 1 1
188 36 43 121
158 18 49 116
144 20 1 232
40 43 13 39
130 37 4 197
20 43 1 39
84 46 39 246
23 65 31 300
36 66 37 214
174 8 23 184
96 12 7 64
172 44 25 201
115 39 34 142
20 3 37 28
161 49 43 72
142 17 16 53
184 15 34 235
119 72 21 287
165 53 55 99
190 53 31 174
184 51 19 12
169 50 49 235
193 10 49 45
109 59 8 80
129 73 25 150
134 20 31 215
167 45 10 153
110 4 37 22
195 22 5 96
43 42 50 280
116 39 37 78
62 62 4 182
37 57 43 73
116 24 13 81
54 38 31 293
60 30 5 87
56 57 19 297
138 70 38 61
20 54 13 261
200 3 50 263
73 48 9 49
121 5 49 32
99 45 43 126
36 25 1 47
96 67 43 189
74 68 1 225
148 22 1 186
196 28 19 289
190 25 5 264
29 73 43 194
77 31 3 107
199 50 43 235
102 54 1 63
29 71 22 45
128 33 43 131
111 18 4 103
143 80 19 86
115 3 49 28
181 34 13 182
177 45 43 80
23 15 28 195
37 62 16 141
20 6 16 11
153 61 22 7
128 64 29 147
61 41 31 187
14 43 23 292
117 42 19 184
199 77 28 90
74 53 55 207
43 22 13 240
46 59 49 131
164 60 13 166
25 37 22 197
15 70 49 250
88 20 19 215
101 43 29 250
103 43 28 39
27 67 43 100
68 28 37 174
8 64 11 84
26 15 16 123
117 58 43 186
155 74 1 219
118 59 34 16
31 61 19 7
189 39 25 119
187 59 37 80
94 40 1 252
112 63 1 190
194 64 11 278
192 55 43 135
8 61 3 47
197 33 49 198
77 35 28 9
98 4 7 163
68 27 7 166
111 19 37 35
145 29 1 143
135 16 23 54
39 67 19 142
100 5 19 162
146 36 25 121
39 52 15 146
137 44 16 168
72 60 56 142
156 23 16 258
122 63 9 281
36 48 25 231
37 63 5 190
59 35 22 269
86 59 28 100
22 28 55 289
54 6 29 10
108 15 32 137
93 38 15 193
52 35 10 236
107 5 55 162
52 28 1 277
49 57 19 151
36 37 3 13
52 29 43 161
70 70 1 129
86 12 37 14
127 40 5 122
55 61 37 112
2 38 44 90
192 71 14 247
178 64 7 79
4 18 1 112
78 43 29 239
23 67 40 15
5 48 7 204
18 77 3 238
3 25 19 81
1 45 34 51
195 31 29 107
123 67 49 15
1 38 31 90
38 15 31 136
101 57 31 297
177 76 4 145
177 18 20 178
58 56 7 37
20 14 31 189
140 57 27 296
125 59 31 21
28 49 37 285
16 19 14 213
40 72 43 179
132 60 49 248
40 59 16 80
33 14 10 157
132 80 25 274
80 14 20 296
7 20 1 52
86 25 7 171
189 74 15 110
68 68 19 154
1 64 5 238
135 74 5 110
8 66 13 59
119 29 25 50
11 34 17 183
96 9 17 194
63 11 7 153
75 14 13 44
73 78 21 185
54 37 13 150
64 30 20 66
96 32 35 183
145 42 37 184
128 56 1 132
102 29 43 8
198 26 1 269
71 4 4 23
97 49 37 179
21 4 13 3
121 14 34 34
147 28 13 160
40 12 32 56
105 56 1 209
113 48 11 204
180 12 25 65
53 59 31 16
6 69 7 31
193 39 19 153
40 25 20 171
61 62 20 141
98 20 13 260
160 33 37 68
53 71 10 231
28 25 26 66
77 11 19 44
25 56 37 223
12 54 22 240
88 46 37 268
95 7 25 19
84 51 22 90
98 27 37 89
193 49 37 128
160 21 22 196
126 25 23 100
193 13 1 261
131 76 19 99
174 66 13 250
140 25 17 264
142 42 43 184
25 53 1 99
63 57 26 18
140 62 19 255
99 63 10 199
90 23 13 159
74 27 13 270
14 53 37 99
134 73 15 127
190 62 44 141
176 79 13 101
46 26 16 269
168 18 38 103
17 74 7 167
9 62 32 141
45 21 13 113
90 58 25 154
177 79 17 101
195 67 13 114
103 59 3 16
111 66 13 234
174 68 16 82
102 16 31 54
178 60 43 244
46 56 31 105
4 20 17 89
184 19 37 241
38 55 37 43
88 64 27 232
80 10 37 240
188 42 49 169
52 13 52 114
35 44 31 221
119 12 7 255
186 57 13 296
179 21 17 169
77 49 31 87
10 43 7 36
116 43 25 36
173 74 1 110
112 37 3 113
29 37 19 180
104 8 4 205
49 11 5 85
71 34 33 292
59 50 43 260
161 57 10 296
6 17 38 280
55 23 25 12
173 28 37 41
170 72 49 1
125 26 9 225
9 9 19 147
163 62 37 6
13 25 25 81
48 51 13 241
109 39 13 15
41 51 49 241
91 59 25 55
99 27 19 294
156 56 1 283
75 65 1 257
121 45 7 250
54 27 25 89
20 79 34 66
60 73 7 291
176 34 19 243
196 70 13 151
146 56 7 218
92 13 25 23
128 28 21 256
122 34 11 189
37 8 3 173
87 2 38 84
40 75 28 78
166 9 13 146
90 57 19 3
127 68 43 277
35 68 19 225
148 56 13 132
16 26 21 204
141 18 31 28
66 59 25 63
65 64 5 227
13 61 13 283
75 77 21 219
35 13 37 117
168 56 31 209
71 65 21 42
81 52 43 146
193 70 25 48
19 68 28 127
94 19 13 97
158 66 26 54
14 44 5 124
183 6 2 4
26 68 4 154
91 8 4 164
110 63 25 199
200 19 16 241
3 33 13 198
44 20 5 217
11 39 37 153
101 8 5 184
85 33 31 198
102 22 4 286
112 24 7 57
143 14 25 44
63 39 32 208
198 25 31 264
15 50 19 235
29 67 37 142
129 3 7 127
180 42 37 124
40 60 1 120
169 23 37 111
14 74 13 167
49 20 31 52
114 19 55 35
19 67 3 142
139 56 37 236
25 60 49 166
41 4 40 105
37 74 1 167
2 8 10 223
117 71 3 299
72 58 19 266
137 11 25 14
137 46 1 298
93 22 13 186
31 13 7 283
120 11 31 85
77 72 38 45
148 18 19 103
64 47 49 207
91 43 11 250
170 65 37 110
195 65 25 300
96 60 37 70
154 61 19 283
145 57 7 18
73 43 4 292
82 62 37 141
176 43 41 36
128 24 39 272
77 77 5 219
194 4 1 281
30 53 43 297
158 36 43 60
41 7 31 216
73 64 7 232
169 56 43 239
105 71 55 46
193 62 4 244
191 16 9 62
18 80 15 274
36 16 43 54
97 62 44 255
171 51 28 222
151 53 1 240
179 43 10 36
61 77 13 219
182 34 5 38
124 28 43 256
135 29 7 8
181 58 3 186
97 45 31 273
154 6 16 92
36 26 22 198
91 12 37 143
66 7 45 147
39 53 49 115
13 37 4 150
60 42 25 280
17 75 9 89
37 39 34 4
53 64 19 232
92 30 13 5
165 13 34 261
175 57 13 297
116 80 49 176
68 7 15 288
57 37 22 150
107 64 5 86
8 3 19 127
75 51 34 241
36 42 7 124
31 10 40 208
63 65 20 82
112 73 37 198
162 78 38 294
89 5 49 162
119 19 1 158
35 16 7 54
22 19 13 139
158 73 10 198
60 39 1 26
152 48 11 200
4 61 43 283
129 8 21 223
72 19 40 158
6 37 28 180
75 29 43 156
186 9 43 250
163 6 28 253
92 15 7 169
56 29 25 4
102 55 7 135
128 7 25 102
157 69 37 180
92 17 31 212
62 53 31 115
45 39 37 15
133 43 5 239
190 41 55 177
45 54 1 98
7 39 7 119
176 73 37 154
80 11 23 272
199 2 49 51
76 50 37 123
139 30 16 5
101 4 10 105
177 43 40 292
132 78 16 294
100 76 13 265
68 17 1 53
98 10 1 57
187 23 31 175
26 21 13 71
99 18 46 71
149 16 4 54
103 45 31 81
98 37 22 205
70 60 37 94
172 39 43 119
44 32 10 111
73 10 31 57
117 10 28 8
116 46 43 70
168 78 43 233
162 65 13 42
57 25 28 47
170 75 25 78
42 37 31 110
178 41 49 177
124 21 19 222
115 46 1 131
67 22 13 96
164 19 26 241
198 72 33 287
26 19 26 229
49 35 37 269
48 20 37 217
69 25 25 264
129 19 31 139
124 4 13 22
10 22 43 93
180 25 19 252
111 65 31 82
141 27 50 52
16 54 37 202
44 61 1 7
75 64 25 227
167 19 43 97
63 43 17 239
175 55 37 282
33 25 16 155
162 7 1 56
171 48 11 49
32 10 28 6
23 64 10 253
79 73 21 194
89 39 31 4
100 27 43 52
184 37 31 150
127 30 29 170
34 57 37 36
54 8 16 164
156 9 31 93
192 15 7 195
63 7 13 194
155 76 22 265
80 13 26 120
138 54 19 8
95 16 5 61
174 28 25 108
153 12 49 56
17 79 22 66
179 80 37 274
147 46 19 246
139 14 25 96
182 4 31 163
166 33 7 260
68 22 13 93
160 36 25 60
163 46 43 298
9 61 1 96
27 74 1 72
52 41 19 275
191 56 1 179
22 24 31 20
84 70 1 236
34 13 16 56
88 63 7 199
120 71 19 106
156 19 28 2
119 30 17 170
30 34 7 73
166 56 15 105
178 70 19 61
101 61 13 112
159 44 7 168
24 4 4 281
116 71 2 231
151 57 13 18
84 15 7 123
21 56 31 236
144 12 7 14
56 49 7 87
198 35 22 33
51 65 1 82
120 64 7 216
127 66 13 54
32 57 33 296
179 37 4 263
11 23 1 6
186 13 16 261
187 26 28 204
65 37 37 197
101 26 50 214
10 31 41 107
51 39 37 230
168 11 1 272
12 27 55 3
151 42 19 109
115 71 31 247
150 41 25 187
186 44 28 129
81 58 32 266
95 31 35 140
38 34 41 243
4 51 22 12
104 37 44 130
26 72 43 83
107 17 19 53
194 68 25 126
152 28 7 41
46 61 10 112
155 10 3 208
94 35 3 33
45 52 19 31
128 9 13 77
71 11 44 44
142 77 13 105
67 72 31 134
69 9 19 77
184 47 43 278
199 29 21 161
182 44 29 188
163 41 19 187
37 31 31 140
179 59 43 55
7 51 31 277
47 31 39 107
78 6 13 11
18 32 23 183
29 17 1 159
162 72 7 246
48 56 31 179
78 19 19 229
133 37 43 150
122 67 34 100
195 21 7 196
175 67 45 293
10 21 10 220
139 64 28 84
83 17 34 159
151 58 10 34
118 79 11 28
176 35 2 294
187 4 1 43
6 2 1 192
82 78 9 294
35 63 29 199
95 48 13 200
116 6 17 4
12 23 8 83
141 44 1 25
178 77 11 118
35 79 9 101
188 22 27 145
87 28 26 256
5 61 25 124
56 6 4 180
21 10 19 208
92 66 10 181
173 29 13 156
54 76 19 265
95 80 1 121
188 76 31 280
52 72 31 58
13 23 22 83
58 26 16 225
8 12 7 188
118 8 1 284
143 54 10 261
75 25 17 180
83 27 43 288
131 61 1 67
41 78 37 18
182 41 43 275
169 22 21 96
114 15 46 13
44 29 13 50
161 54 15 197
26 60 37 248
105 32 11 232
167 9 13 33
14 12 25 29
163 34 53 260
109 73 31 194
76 19 13 2
130 49 43 87
166 60 43 115
82 77 19 92
36 72 49 58
50 18 7 256
135 20 1 199
51 32 28 111
59 37 34 150
100 54 50 8
108 52 3 202
175 33 1 226
48 73 26 181
57 62 7 23
117 7 7 288
6 15 13 195
118 15 31 195
77 79 11 101
153 26 25 188
63 29 43 50
148 4 7 65
95 17 31 159
173 3 3 268
162 73 19 149
168 15 55 172
131 29 33 167
60 12 31 29
149 69 49 72
45 22 23 96
177 39 1 119
121 20 4 237
166 17 22 53
179 72 19 241
176 21 7 220
4 67 31 15
4 69 14 180
120 7 33 221
168 40 4 74
97 21 11 154
47 14 16 118
170 45 1 250
70 31 28 173
3 40 28 81
152 14 1 157
186 70 49 277
145 61 43 112
97 16 17 40
122 24 1 81
28 43 3 36
157 42 44 151
138 77 22 212
25 29 25 167
180 13 43 23
81 30 10 202
136 55 33 135
65 35 43 236
97 29 25 161
127 12 37 29
85 37 50 197
34 75 31 91
197 28 43 40
71 62 1 244
139 63 19 183
35 78 15 212
184 80 25 220
11 75 50 78
84 80 43 176
141 61 34 145
156 8 10 184
74 64 4 79
60 59 43 63
2 59 34 21
127 56 1 37
88 62 13 141
180 2 7 177
60 23 10 175
153 38 38 254
160 60 31 166
7 15 26 235
131 31 27 64
190 40 1 228
153 77 1 197
172 51 13 298
68 40 11 252
15 74 29 228
167 48 19 204
17 4 40 150
43 28 7 91
34 58 7 108
178 54 25 261
165 44 43 168
76 62 34 244
21 48 7 200
36 58 28 35
25 77 5 27
30 5 31 228
31 30 22 231
120 57 25 73
19 49 49 73
34 30 14 202
95 33 43 213
166 73 1 291
106 68 32 154
86 13 31 283
98 73 19 64
22 27 19 89
188 10 4 45
90 14 40 118
43 6 5 59
194 77 34 2
146 38 19 193
151 27 25 3
50 65 19 300
7 55 19 35
73 80 44 128
114 52 31 295
54 21 43 222
26 74 35 219
18 64 10 5
176 72 15 157
4 48 19 49
152 63 17 199
24 16 31 292
41 43 29 292
146 15 16 13
119 58 13 154
21 25 49 68
127 24 7 30
110 77 29 227
55 48 1 204
109 49 49 87
79 39 4 114
113 4 27 122
16 64 27 109
200 51 40 241
122 14 31 34
59 71 19 247
53 46 49 298
164 30 5 66
13 79 2 74
103 75 37 165
94 18 52 103
59 25 38 81
47 71 22 147
119 35 4 9
67 71 10 299
110 78 19 201
4 11 28 272
153 36 28 11
90 20 4 215
123 70 14 266
82 21 7 43
175 40 43 62
105 52 25 59
115 58 15 186
37 26 7 214
174 77 37 279
114 29 37 4
13 63 27 249
188 43 29 36
79 36 31 11
107 76 13 72
72 68 37 257
74 14 37 44
89 45 28 155
54 34 2 44
196 80 55 121
67 20 28 23
109 54 22 261
152 72 38 262
70 17 49 230
66 64 17 86
171 4 51 63
86 71 9 247
19 78 13 185
84 17 25 212
197 27 31 32
102 79 19 28
112 27 49 67
31 57 37 297
163 56 3 218
68 29 55 4
48 14 19 189
123 79 1 182
28 72 13 134
131 17 22 159
68 52 49 31
142 25 23 81
99 48 5 231
130 45 28 80
42 23 34 175
60 11 23 85
186 11 23 79
154 47 43 207
125 42 25 169
185 75 43 187
142 49 31 128
140 33 7 226
134 58 25 202
20 77 21 118
183 5 31 161
155 73 16 291
108 61 8 211
193 31 13 64
18 10 37 105
162 40 5 81
10 25 26 233
5 22 1 286
84 74 5 167
141 22 10 286
9 23 4 6
199 21 10 71
181 10 25 208
14 9 15 77
178 48 5 115
40 62 10 50
107 28 49 41
43 12 43 14
93 53 43 99
185 79 5 83
47 64 5 147
46 16 5 294
15 34 4 189
71 22 19 291
47 42 31 109
72 52 49 34
7 24 37 30
51 58 15 39
166 15 31 235
114 28 49 256
198 11 11 44
56 44 13 221
69 6 23 59
115 51 37 63
182 49 13 117
191 34 5 243
65 76 1 46
153 48 13 231
173 16 10 46
179 12 31 143
19 43 11 239
134 4 28 150
23 24 43 91
173 33 32 68
166 48 28 200
189 41 55 187
120 62 22 255
148 61 50 7
111 37 40 197
69 65 37 162
157 40 13 74
28 20 5 290
181 61 10 7
195 16 19 155
43 38 37 293
49 76 10 99
108 71 21 126
143 45 7 229
138 17 31 230
85 40 10 74
49 60 43 248
146 3 13 284
53 10 1 45
2 63 29 288
194 28 19 102
172 13 34 27
145 77 13 227
11 71 4 289
17 64 35 278
6 13 25 27
159 6 10 10
50 42 31 151
188 25 11 171
56 73 40 64
123 15 21 123
95 55 38 135
142 61 25 47
185 67 1 189
37 15 13 136
106 16 16 54
99 9 16 300
108 73 37 194
22 62 16 70
35 9 34 194
135 65 49 254
118 7 19 19
78 27 1 210
16 61 33 96
178 4 55 122
159 27 1 288
178 34 17 73
134 27 37 3
189 61 1 145
164 2 19 62
106 12 49 188
138 51 26 170
80 5 49 100
3 69 7 180
148 8 23 284
101 77 16 21
176 23 9 76
83 72 25 157
42 44 23 129
184 63 11 281
105 10 19 240
124 22 23 189
168 45 28 124
169 62 13 244
150 28 43 160
185 18 7 82
133 25 8 81
72 33 13 68
10 45 16 176
126 26 7 12
49 78 15 233
92 47 55 160
110 35 13 184
5 62 49 284
129 50 13 6
24 15 44 220
9 79 11 83
4 8 11 1
97 48 5 49
76 4 19 281
45 3 15 278
100 7 9 194
169 8 19 205
149 14 37 96
34 52 25 295
39 15 25 123
106 39 1 42
70 11 22 14
169 72 7 1
19 42 19 169
145 68 16 126
107 78 16 95
92 19 19 213
123 40 35 62
34 66 2 234
71 74 17 228
200 11 34 85
150 16 5 40
13 80 50 140
5 65 15 257
64 72 26 216
121 29 25 62
128 63 10 190
46 23 13 175
67 17 4 53
83 62 49 182
175 8 25 58
158 60 19 120
2 55 14 282
15 20 46 237
123 22 19 145
152 31 5 107
104 63 10 183
144 18 43 28
107 75 22 249
195 57 9 73
44 74 17 110
190 71 16 231
199 61 7 22
117 76 37 265
105 69 22 72
125 41 37 177
199 41 13 177
16 69 4 72
102 24 33 80
16 15 7 137
83 70 13 279
76 80 25 255
30 17 10 53
128 21 7 263
150 36 16 74
137 30 11 156
11 6 31 180
98 18 50 112
170 27 7 3
158 80 31 176
124 72 25 179
126 38 25 193
194 73 49 150
105 72 43 241
60 49 37 73
189 77 19 212
200 18 31 178
55 17 49 53
109 27 37 270
52 3 25 263
16 2 40 48
51 25 5 68
62 24 43 26
140 16 13 288
113 14 13 58
5 5 43 32
32 69 13 25
31 73 16 181
170 55 43 35
154 21 8 222
62 63 16 190
181 57 16 296
84 18 16 178
91 4 28 281
185 3 13 28
116 38 10 293
29 36 40 74
45 4 49 105
70 49 7 267
138 62 4 141
26 58 22 244
131 23 46 258
191 15 37 209
90 27 7 270
139 61 10 47
50 69 10 25
103 79 10 98
79 76 43 46
99 29 25 156
146 80 31 86
118 10 25 105
123 4 3 22
200 27 25 288
179 10 1 289
44 64 23 234
175 51 10 241
70 9 11 37
29 62 7 50
88 32 33 232
103 51 16 12
156 43 14 210
132 3 13 263
141 80 25 128
170 43 5 36
129 30 4 185
196 11 10 272
180 31 5 173
167 49 31 117
46 43 35 36
144 44 20 25
98 50 31 260
93 21 38 71
164 74 3 228
104 67 1 293
118 77 37 233
106 44 25 168
113 3 43 284
40 40 23 252
87 23 4 159
54 32 11 283
89 42 7 151
80 25 9 233
62 23 10 142
35 19 25 2
144 57 26 151
34 21 29 113
70 79 17 83
187 35 25 171
136 75 10 256
183 20 14 290
157 76 16 46
124 5 37 228
92 29 37 8
141 23 7 111
152 4 31 22
142 50 9 120
157 11 1 14
143 78 28 97
198 21 4 43
119 79 19 83
14 28 7 102
73 66 37 234
126 30 28 202
92 68 28 126
103 12 43 29
94 62 37 244
159 51 25 222
43 52 31 31
13 58 10 100
53 30 34 5
25 59 16 55
200 30 29 208
181 64 1 109
148 45 10 214
3 2 25 51
51 30 26 250
149 70 43 211
48 37 44 180
129 18 1 116
7 41 49 275
153 80 44 86
50 32 23 34
71 80 37 172
198 68 37 225
157 36 19 17
8 68 25 82
11 66 40 279
158 58 55 100
10 40 34 252
172 66 10 59
36 54 19 197
191 28 43 108
170 15 13 137
180 50 1 123
18 45 19 124
187 30 17 156
173 38 27 176
131 64 5 5
143 41 13 275
132 22 5 152
111 50 49 245
111 67 1 114
89 56 37 218
165 19 31 2
17 66 19 250
8 24 31 30
18 11 13 85
176 51 31 183
176 74 23 167
41 29 19 4
58 69 13 273
38 49 43 117
162 33 55 267
141 57 43 18
85 20 28 237
24 53 25 240
137 2 13 226
30 4 22 163
134 10 1 105
157 57 40 296
129 66 37 33
180 66 46 250
163 7 13 147
189 38 37 90
155 46 55 131
150 32 13 140
49 4 2 66
30 42 37 109
42 14 39 189
90 36 37 17
75 70 27 277
171 60 43 166
42 22 29 233
51 21 13 43
67 77 19 45
122 9 17 60
162 51 28 284
113 12 31 64
37 24 25 52
126 34 17 38
139 72 43 58
70 15 19 137
8 62 16 244
185 15 19 136
128 34 19 182
160 65 9 42
135 24 14 299
129 56 43 132
40 10 25 57
94 17 19 11
133 65 20 156
131 20 37 199
137 40 19 122
29 70 31 250
125 73 13 291
190 73 37 149
61 75 15 187
183 53 25 99
185 77 10 201
113 31 25 64
120 51 51 70
25 57 19 73
19 14 16 96
42 52 13 217
81 25 17 66
67 40 21 112
121 12 19 65
93 51 31 170
50 67 40 114
24 2 19 84
192 61 31 227
86 10 34 95
123 34 27 38
74 11 34 153
138 75 13 78
156 66 7 33
29 59 4 100
75 58 37 39
71 15 27 13
72 37 1 205
143 74 23 219
183 17 37 53
115 37 10 180
132 55 31 43
108 30 1 208
185 61 27 112
79 69 49 193
194 27 13 89
167 15 37 136
47 54 25 8
11 67 25 293
88 56 21 37
133 16 29 61
183 58 7 266
147 26 4 269
42 5 43 162
115 23 7 142
74 58 21 39
166 30 25 5
161 64 13 238
35 65 3 134
175 17 16 159
139 27 31 210
162 74 35 228
58 62 28 182
73 21 28 265
75 54 7 202
194 29 37 167
185 51 34 277
57 29 38 62
119 14 43 34
9 56 49 239
90 50 49 210
22 10 49 6
90 17 22 121
103 6 13 10
118 39 16 78
154 23 25 279
12 41 49 102
164 40 8 252
61 11 9 85
93 16 11 40
50 13 37 27
48 54 40 240
115 50 25 257
85 24 43 57
1 30 29 37
32 2 52 48
187 11 5 44
125 47 49 278
191 24 33 259
181 20 31 199
124 77 9 118
165 15 10 13
92 75 43 249
174 35 4 94
22 25 5 93
85 65 13 242
106 32 13 232
163 21 17 43
116 34 5 32
126 19 10 229
44 43 8 210
15 29 25 275
63 19 3 2
86 15 13 123
156 54 25 197
165 54 1 8
63 20 1 89
96 48 11 63
59 34 10 38
21 51 43 12
148 62 25 284
59 5 49 161
78 26 22 211
98 68 10 82
177 22 23 145
197 23 37 159
107 54 7 98
150 22 11 96
129 38 10 213
8 53 49 174
161 10 34 8
25 27 31 3
39 77 13 118
54 41 38 187
113 25 23 93
109 44 1 221
27 48 21 200
102 53 25 174
169 5 31 165
39 28 43 289
24 79 1 28
131 52 39 145
48 64 35 212
4 10 4 95
139 35 7 236
143 31 31 107
191 60 25 244
11 54 13 111
136 10 19 57
159 59 37 21
147 41 43 177
36 18 13 103
33 43 25 239
31 43 11 39
57 26 19 211
186 2 25 192
61 61 44 47
133 50 1 245
125 62 55 141
86 48 41 49
133 24 31 272
153 73 19 198
30 10 25 289
126 70 13 79
151 36 43 11
49 26 7 198
160 17 43 159
33 79 27 83
194 34 41 73
2 78 19 95
8 48 22 254
45 12 31 255
Điểm tối ưu: 2399
Thời gian: 24.8079 giây
Trạng thái: PARTIAL
