167
13 24 1 13
21 45 1 22
57 28 10 21
52 37 1 28
39 37 7 28
14 24 7 13
30 15 9 15
27 17 19 15
56 49 25 25
33 1 1 16
50 50 1 26
36 15 7 15
2 17 3 28
60 49 31 25
12 24 13 13
4 4 19 18
60 27 1 3
34 49 7 25
28 25 1 9
12 49 37 25
53 20 13 14
59 49 13 25
44 17 3 15
13 37 7 26
9 20 31 14
36 9 1 19
10 49 19 25
34 39 1 15
16 32 1 24
35 12 7 18
3 38 7 17
31 37 5 26
30 10 1 18
47 22 1 29
60 24 7 14
50 20 25 14
48 21 9 19
15 22 7 29
25 36 1 4
37 23 1 30
21 25 19 9
18 28 7 21
5 12 19 13
42 7 7 2
53 11 7 27
26 14 7 22
43 34 10 8
21 21 7 19
50 42 7 23
52 50 7 12
11 44 7 7
16 24 25 13
2 46 7 30
12 46 7 20
58 29 25 28
10 9 7 11
17 14 9 23
60 38 13 17
7 14 9 22
2 10 13 18
45 32 4 24
43 26 1 2
18 32 10 24
46 25 7 9
5 14 7 8
9 25 7 16
39 20 19 14
16 17 13 15
30 11 13 26
21 36 9 4
22 41 1 5
56 2 4 6
18 2 1 6
48 11 1 27
44 13 7 5
8 9 1 11
34 10 3 10
59 17 19 28
8 38 7 10
34 21 13 21
18 25 13 9
38 48 7 3
20 26 13 16
37 37 9 28
54 37 9 26
20 20 1 14
54 34 1 8
54 27 14 3
48 40 13 19
35 33 13 4
55 40 7 1
23 41 1 7
38 22 19 29
58 28 13 27
57 49 1 25
40 17 27 15
39 35 1 17
58 38 3 17
31 46 13 20
45 19 1 12
28 6 15 1
27 46 1 20
41 19 3 12
50 22 13 29
29 42 1 1
1 26 13 2
1 10 19 10
57 26 19 2
33 6 13 30
3 42 3 1
28 16 13 5
19 10 13 10
29 9 13 11
45 29 13 28
40 50 19 26
45 1 19 16
60 13 16 5
57 44 13 7
14 19 13 12
24 47 1 23
42 44 13 8
58 2 7 6
39 47 3 23
15 32 13 24
5 19 5 12
24 1 15 12
35 15 23 15
38 4 25 18
16 4 19 12
10 34 3 8
41 40 19 1
23 50 25 12
6 29 16 28
58 9 19 19
59 11 25 26
38 34 5 19
15 16 1 10
7 21 1 21
51 9 19 11
41 11 25 27
14 2 15 6
37 47 11 23
2 41 19 8
35 23 19 30
57 9 25 19
36 47 5 2
50 16 5 4
5 47 13 22
41 39 11 11
12 25 25 9
40 14 5 8
46 14 5 22
13 16 5 5
2 37 11 28
6 35 11 17
47 16 11 5
32 1 31 12
8 28 16 27
20 42 17 23
51 39 5 30
30 26 26 16
15 45 19 22
56 12 31 18
20 39 11 30
18 41 19 7
14 4 22 12
25 14 5 23
Điểm tối ưu: 167
Thời gian: 1.5401 giây
Trạng thái: PARTIAL
