882
63 24 15 9
33 24 7 100
53 23 37 92
45 23 31 84
44 23 7 69
22 23 9 11
62 14 9 97
21 14 7 18
15 14 43 79
78 28 3 101
26 28 3 111
16 28 3 19
10 28 13 115
4 28 7 101
68 18 1 18
67 18 13 27
41 18 31 99
23 18 1 70
16 26 21 119
14 26 19 77
2 26 19 17
76 15 3 12
73 15 31 37
71 5 19 111
54 15 1 63
79 4 25 10
72 4 31 20
69 13 7 16
65 4 7 20
64 13 3 54
59 4 25 20
58 13 1 16
57 4 22 20
52 4 28 20
51 13 19 16
50 4 10 20
46 4 55 10
45 13 22 16
41 4 15 20
39 13 49 16
39 4 55 20
38 4 34 20
35 4 4 10
31 4 4 20
30 4 49 20
17 4 19 20
14 4 1 20
57 17 13 97
55 17 13 65
54 17 13 47
53 17 27 47
44 17 1 47
37 17 27 27
31 17 1 97
24 17 7 27
17 17 7 47
8 17 4 47
66 27 1 8
65 9 25 101
59 2 13 96
53 7 19 64
47 11 9 19
43 7 1 53
36 7 7 119
21 2 1 96
19 11 19 99
2 2 4 97
61 31 7 84
30 31 7 117
13 31 7 114
10 31 1 114
4 31 1 117
77 22 1 85
75 8 7 105
61 8 1 105
58 8 7 120
50 8 25 105
39 8 13 105
39 29 8 35
24 29 21 42
58 1 17 1
54 1 22 1
49 1 49 1
44 1 11 1
34 1 35 1
33 1 27 1
30 1 31 1
19 1 25 1
17 1 37 1
16 1 19 1
13 1 29 1
12 1 46 1
78 19 1 72
76 30 29 67
72 30 11 10
70 30 13 67
64 19 9 72
58 19 19 72
56 19 7 11
55 30 1 67
51 19 25 72
45 19 25 11
42 19 19 11
35 19 21 72
33 30 15 67
32 30 35 67
31 30 17 10
26 30 27 67
25 19 11 72
21 30 17 67
10 30 19 67
77 3 5 63
49 3 3 86
18 3 4 24
11 3 9 24
79 10 7 41
14 10 9 41
66 21 4 43
12 21 9 43
75 28 13 60
73 31 3 41
55 25 3 29
6 22 1 26
78 1 15 1
5 18 1 109
49 18 7 70
60 2 4 96
7 29 1 35
8 23 37 113
68 1 13 1
76 24 7 9
52 24 13 100
10 8 4 16
62 4 31 10
56 18 3 99
20 7 1 64
36 26 19 58
75 13 25 16
39 30 34 10
40 14 43 53
50 18 3 27
61 18 13 18
69 2 13 82
45 18 1 65
32 28 19 101
3 10 7 97
53 25 13 29
36 15 1 98
65 24 37 9
80 27 7 63
40 1 7 1
13 3 2 24
46 18 7 74
52 3 9 108
34 6 25 114
42 5 1 82
56 11 13 99
53 4 7 10
23 23 15 92
22 28 25 54
46 13 28 16
78 14 7 53
38 15 1 23
12 13 31 54
34 28 13 19
7 2 10 109
26 18 37 109
51 14 31 79
75 26 1 36
57 3 1 86
35 30 31 67
59 10 7 80
1 1 33 1
17 18 1 113
18 28 7 111
37 30 41 10
5 23 19 92
35 7 7 64
62 7 19 37
4 2 15 109
40 18 1 74
67 25 1 6
78 30 22 10
47 3 5 9
38 1 9 1
60 28 13 8
20 30 21 67
40 30 23 67
30 24 1 100
58 14 31 97
28 21 1 54
26 23 31 69
62 9 34 103
48 18 15 111
11 5 25 82
73 19 17 11
18 25 15 86
11 29 19 65
47 18 31 70
50 30 7 67
73 18 13 70
43 23 13 113
14 1 39 1
26 14 7 79
25 26 19 36
41 29 19 71
78 6 25 89
79 25 9 17
70 8 16 16
39 26 1 58
79 28 1 71
8 21 1 108
20 3 5 108
51 4 46 10
42 25 7 29
13 29 25 71
26 19 21 11
10 14 7 54
32 3 5 86
28 30 3 67
70 21 3 108
66 2 25 109
16 21 1 43
71 28 9 115
22 14 21 54
72 14 19 18
35 3 10 86
60 21 1 27
58 30 37 67
39 5 25 8
74 25 7 77
19 18 31 113
44 14 13 79
24 26 14 61
32 23 13 69
52 30 5 67
9 23 31 92
40 25 19 29
30 28 21 8
46 15 1 60
60 30 10 67
25 8 13 77
19 14 43 97
7 14 13 10
71 23 1 92
27 23 7 92
23 28 7 60
56 7 10 119
62 10 1 41
60 14 19 79
73 1 41 1
11 25 1 11
77 2 25 96
25 3 4 64
32 25 1 17
29 6 19 89
74 9 25 115
65 5 1 120
19 25 7 6
69 22 25 26
43 28 25 19
26 32 1 13
37 26 1 61
34 26 1 119
42 11 25 103
37 6 19 2
46 30 41 67
9 26 13 58
31 23 19 69
64 14 43 54
40 24 31 100
40 29 9 42
25 1 43 1
3 22 1 2
33 10 1 84
59 1 1 1
8 28 25 60
48 14 1 79
53 15 31 12
77 23 31 16
80 11 19 19
66 12 19 118
18 18 25 74
59 30 43 67
62 12 16 118
49 29 19 35
76 20 1 83
80 7 13 119
47 10 2 80
57 28 9 71
72 15 7 98
10 13 49 54
6 15 25 108
55 5 7 8
72 22 27 85
66 9 14 103
63 23 19 113
31 15 25 23
74 15 1 37
44 6 19 116
49 20 1 102
41 20 1 111
14 30 33 67
40 6 25 116
19 10 16 37
53 19 5 11
8 6 19 106
50 26 19 61
23 7 25 18
58 31 13 117
46 25 13 17
5 30 25 67
77 18 13 74
48 19 5 72
37 5 7 82
67 15 25 98
30 29 25 35
15 2 27 99
72 23 1 69
68 16 19 95
3 4 46 20
73 6 7 89
79 27 13 63
64 26 19 63
44 7 25 53
4 3 27 24
80 8 1 77
6 8 4 105
74 8 16 82
61 16 19 110
32 17 25 65
5 7 28 64
14 9 16 65
24 8 4 77
80 9 16 101
13 26 13 36
34 23 7 113
13 25 19 86
2 15 7 12
28 2 19 96
72 9 34 101
77 30 47 67
59 6 9 106
68 11 9 37
29 11 10 103
61 27 25 37
55 8 16 105
49 5 25 97
5 2 31 96
46 28 37 71
63 11 7 103
67 22 9 2
10 5 21 6
48 6 7 116
63 29 1 42
22 21 7 108
74 5 31 6
63 2 31 82
26 13 52 54
9 21 7 2
32 21 7 43
21 8 31 105
20 18 31 109
19 9 37 27
8 4 43 10
19 12 1 38
73 12 1 118
35 18 25 70
22 1 4 1
7 3 17 24
61 7 4 53
72 29 15 64
15 10 9 80
43 17 22 47
1 9 7 65
76 32 19 31
57 8 19 105
58 21 4 2
27 13 55 16
55 14 31 53
30 3 19 54
13 15 31 120
79 31 28 117
59 17 16 47
29 18 31 74
29 9 1 115
7 15 31 23
68 17 16 77
75 15 31 98
30 10 16 97
20 19 15 11
47 14 19 53
1 21 11 8
45 3 11 54
2 10 13 41
50 28 31 60
68 19 31 11
25 28 37 8
18 10 13 80
73 7 26 119
62 19 13 72
63 19 13 11
56 16 1 110
61 14 43 18
25 16 1 101
64 3 11 108
2 16 1 31
2 24 31 9
8 15 31 8
31 11 31 63
13 11 10 99
58 3 11 24
77 7 28 53
52 16 2 95
57 15 37 120
54 11 31 19
70 17 31 27
60 22 7 26
15 12 16 31
36 29 13 37
5 15 13 12
32 4 49 10
50 13 37 54
22 15 15 98
7 25 25 6
6 4 43 20
66 8 28 105
9 3 19 24
47 15 37 12
20 32 19 13
26 21 11 9
3 5 13 6
36 27 10 47
77 13 37 16
70 7 19 115
13 4 52 10
64 29 13 35
68 25 25 29
71 10 15 80
69 11 1 103
12 14 13 53
56 22 25 17
31 29 13 42
17 5 13 23
80 19 35 11
3 21 11 113
41 6 25 106
25 31 31 41
45 29 15 71
27 11 25 63
25 25 25 84
2 14 25 79
36 31 16 108
24 21 11 43
23 13 43 16
36 25 27 86
27 10 15 41
25 13 52 16
46 22 25 2
21 15 25 12
62 15 38 98
27 12 13 71
4 15 19 98
12 19 27 72
9 4 1 10
59 15 19 12
34 15 19 108
70 2 7 99
32 8 10 105
16 19 7 72
7 19 23 11
18 7 31 119
71 31 25 117
29 31 25 41
73 28 19 60
49 8 31 18
54 29 25 120
38 29 25 64
57 29 25 42
48 5 19 23
52 20 17 83
76 3 25 86
80 16 11 101
17 3 25 24
21 22 19 120
1 13 40 16
40 9 37 37
24 10 19 97
45 2 7 96
37 18 37 99
12 24 1 9
9 9 10 27
13 10 4 80
43 8 10 65
3 7 22 37
15 18 37 70
63 18 37 74
52 28 31 71
28 8 39 65
10 9 37 115
60 12 17 17
9 8 40 105
27 32 3 84
17 20 17 102
8 19 23 72
4 13 55 54
75 12 10 118
33 16 11 38
51 11 38 103
70 19 27 11
65 32 10 13
7 32 7 115
57 32 7 13
9 12 4 118
48 24 25 9
74 28 43 19
50 22 15 120
29 30 37 10
69 19 41 72
43 6 31 89
79 22 19 26
15 27 4 8
65 12 5 71
56 10 17 41
6 32 7 37
27 18 43 27
77 12 7 71
65 11 16 63
27 9 34 65
38 31 19 117
72 12 13 118
37 9 49 37
42 2 22 96
77 10 17 80
49 14 37 18
38 26 37 61
74 16 14 31
43 27 37 77
79 2 16 99
3 13 34 54
56 12 28 118
63 8 10 120
13 13 46 16
20 29 25 77
80 12 5 38
60 7 28 18
34 20 17 100
67 20 19 85
22 26 37 36
20 24 37 100
11 13 13 16
1 19 3 72
41 32 3 13
4 4 52 20
55 16 22 95
68 8 22 105
14 29 4 35
53 3 10 63
45 6 43 106
47 22 16 85
52 12 19 38
5 4 37 20
66 5 7 23
4 17 31 77
48 15 49 12
71 27 31 47
12 20 11 83
62 2 22 99
56 20 20 102
22 19 31 72
48 27 31 65
68 12 7 118
39 27 31 111
44 10 28 80
66 10 21 80
71 7 43 119
69 9 4 103
54 20 19 83
32 9 31 101
54 14 37 79
69 20 10 85
61 20 11 102
18 31 20 114
59 9 31 103
33 26 31 58
69 5 19 82
30 26 37 58
41 3 13 86
64 10 25 80
21 20 11 92
28 10 28 41
39 18 19 74
75 3 37 24
22 10 19 41
13 7 37 53
25 12 7 31
7 8 46 120
15 9 33 115
69 25 43 86
27 24 19 9
42 20 11 111
17 21 27 43
50 6 43 116
36 8 43 82
55 23 25 113
41 26 7 61
78 10 11 100
60 31 37 117
30 18 55 74
47 31 13 84
6 10 19 80
5 20 9 83
44 21 17 43
40 31 16 114
26 31 16 117
15 23 20 84
6 13 16 54
48 17 40 54
7 24 19 100
29 32 16 84
21 27 34 77
78 9 46 37
23 32 13 13
26 24 55 100
29 13 13 54
18 17 49 47
67 23 43 84
48 3 13 64
21 3 13 24
16 24 43 9
37 20 25 85
37 22 14 26
40 28 49 71
55 11 43 103
39 32 16 13
46 31 22 117
4 21 25 27
69 21 17 8
2 22 16 96
49 6 43 115
19 21 13 9
12 9 22 65
80 23 25 69
11 19 16 72
72 28 49 120
52 18 49 74
33 12 3 38
21 31 37 41
25 5 55 111
74 18 19 109
35 25 43 64
30 19 33 11
67 16 5 65
23 12 23 118
23 11 28 103
47 16 23 101
17 19 29 11
24 16 28 92
78 29 43 71
31 3 23 108
33 22 22 85
52 10 11 80
1 6 13 89
24 20 25 92
41 22 43 85
35 9 49 27
80 6 43 89
38 12 5 17
12 4 19 10
16 31 28 63
35 16 13 92
23 25 31 86
67 21 17 113
20 2 43 96
4 30 45 67
8 27 13 101
45 16 13 95
42 23 43 69
62 21 28 120
60 5 55 37
74 3 29 24
16 25 33 29
77 5 49 111
61 29 37 35
73 27 37 63
70 28 43 111
59 29 28 115
58 29 22 115
17 31 10 117
16 16 17 110
42 6 31 116
5 16 5 110
47 20 7 109
12 6 37 114
31 21 34 108
23 10 11 77
49 16 15 110
75 18 19 70
53 11 49 103
2 25 37 64
51 16 5 82
28 22 13 85
6 24 49 9
17 24 49 100
1 20 25 111
15 21 25 47
5 24 43 100
54 6 43 2
7 4 40 20
50 25 55 63
33 21 5 113
63 7 34 119
76 21 13 2
48 25 43 29
79 12 31 38
19 27 27 111
79 29 34 82
64 32 28 71
53 31 43 114
27 29 28 65
28 12 5 31
79 3 23 63
24 5 49 8
49 21 5 92
67 9 21 103
26 15 43 98
36 32 5 37
20 22 10 96
76 6 31 106
2 28 51 101
63 22 49 96
44 29 4 115
31 5 37 6
10 4 28 10
44 8 34 18
80 18 49 70
51 21 13 43
6 31 10 114
11 26 37 119
8 22 10 64
21 32 5 13
51 32 23 18
70 32 10 84
11 16 23 110
35 20 15 83
9 32 21 13
34 22 31 26
27 21 17 27
42 29 28 77
39 16 11 82
10 25 43 63
55 6 37 116
63 25 43 6
11 31 31 108
27 16 5 120
3 11 37 111
76 16 27 110
68 20 5 109
28 23 43 11
60 18 43 70
66 3 31 64
29 27 43 101
64 17 49 97
41 28 37 19
53 21 22 43
41 17 22 27
9 19 35 72
15 11 49 19
50 20 13 102
33 20 13 111
38 28 49 60
22 8 34 105
44 28 55 19
11 32 5 18
77 17 19 27
64 22 31 117
4 20 4 102
36 9 40 27
62 31 4 114
1 12 21 38
78 20 13 109
61 32 22 31
16 6 13 116
5 11 49 63
70 5 49 115
66 18 43 113
71 2 28 109
28 29 22 120
18 19 38 72
11 17 34 47
19 16 3 31
18 15 43 108
42 16 17 95
10 26 31 36
14 24 55 9
30 13 10 16
52 2 37 96
47 8 43 120
51 12 28 17
17 22 39 2
68 9 40 37
1 8 37 105
39 15 37 23
1 27 43 37
28 32 9 31
9 7 28 37
6 3 22 64
43 20 5 100
2 12 23 71
71 12 7 17
6 21 35 43
8 31 50 117
45 22 28 96
51 6 1 116
20 28 55 71
74 29 37 82
14 15 49 98
61 17 40 47
1 5 49 6
59 14 49 53
48 16 11 110
33 25 49 77
51 20 7 102
18 11 34 27
66 30 39 67
22 20 13 120
78 23 37 11
28 11 34 19
15 16 13 110
31 20 7 85
5 3 7 24
67 6 38 89
36 6 31 2
66 7 33 64
55 7 46 82
37 21 23 2
14 5 43 23
35 27 40 77
65 18 43 99
11 12 29 31
7 27 43 77
52 22 43 117
31 6 49 99
29 2 39 97
29 16 8 38
59 20 4 83
63 28 55 60
57 6 3 106
46 27 46 8
45 25 49 64
4 25 37 29
37 27 43 65
69 23 37 84
14 16 11 95
67 27 34 63
24 15 37 108
12 16 25 38
71 22 37 26
3 24 25 100
61 26 31 61
80 31 22 97
1 3 23 9
29 22 4 85
75 10 23 41
72 18 43 74
44 5 49 23
50 23 49 11
79 8 43 105
33 27 19 47
16 12 26 118
54 16 28 38
51 29 16 42
57 23 49 69
72 7 40 53
76 25 37 17
34 31 40 117
42 31 13 114
75 11 40 63
28 16 7 95
38 21 15 2
6 20 29 102
58 9 28 101
Điểm tối ưu: 882
Thời gian: 9.2361 giây
Trạng thái: PARTIAL
