227
64 60 13 12
37 45 25 33
8 45 13 33
69 37 19 18
21 37 13 18
60 11 7 32
35 7 1 15
58 57 1 24
50 52 1 26
21 52 4 26
12 48 13 35
42 39 3 36
71 39 1 36
54 33 4 6
67 31 1 17
65 31 1 16
17 37 25 36
33 52 7 26
59 52 10 26
26 37 13 36
7 12 1 37
25 45 1 33
9 15 1 2
57 15 3 13
48 6 5 36
8 13 2 19
78 32 7 10
47 6 5 15
12 17 1 8
53 22 1 32
27 57 4 24
74 48 7 35
46 38 1 35
15 33 13 6
14 7 13 2
37 30 4 25
38 52 13 26
75 30 1 25
52 38 10 35
59 21 1 29
40 39 7 36
15 8 7 1
20 19 9 37
6 57 7 24
76 59 2 38
47 7 13 9
64 32 2 10
33 45 37 33
11 19 13 37
14 55 7 31
38 41 9 11
40 59 9 40
36 21 3 29
12 19 16 37
63 17 1 5
7 59 9 30
22 17 7 5
4 36 9 27
20 6 7 15
54 19 19 37
28 49 8 28
5 12 1 7
51 59 1 30
31 17 19 38
17 17 19 8
28 41 1 40
18 43 19 5
1 38 3 35
37 43 19 2
36 31 7 16
5 29 7 27
43 37 25 18
50 45 31 33
50 29 7 37
13 44 7 30
8 4 7 23
19 58 1 13
78 47 1 3
80 1 1 22
39 37 1 18
37 29 1 27
51 55 7 6
54 5 7 7
69 32 5 10
13 38 5 35
55 20 13 11
75 43 25 2
41 45 7 33
61 6 22 15
9 48 13 15
68 32 9 10
14 5 1 4
49 32 13 10
55 15 1 31
53 17 7 38
75 46 7 39
24 60 7 12
31 36 7 25
55 17 7 8
62 7 7 9
7 60 19 12
17 58 7 13
6 45 19 33
40 34 13 14
3 26 1 21
9 43 25 5
79 28 31 12
35 48 19 15
80 31 7 17
3 47 7 3
62 59 4 30
23 56 1 1
28 27 15 10
34 46 1 39
61 34 7 14
71 9 7 20
72 48 19 35
74 4 1 23
42 27 20 10
32 56 4 32
58 49 13 28
45 56 4 1
72 20 2 11
2 8 7 4
40 7 1 9
65 28 25 12
41 60 1 12
46 39 17 36
46 46 3 39
64 20 5 18
18 12 13 7
34 13 7 19
36 37 31 18
43 9 1 20
15 37 31 36
45 52 16 26
63 7 7 2
58 30 9 25
31 44 4 23
66 48 16 35
24 48 16 15
16 9 7 34
24 7 19 9
13 49 1 28
56 49 3 28
76 37 19 36
26 49 5 28
4 6 11 36
64 6 9 36
4 46 13 39
45 12 19 7
5 7 9 15
49 20 7 11
11 9 7 18
77 21 4 14
59 17 13 8
2 46 5 39
10 17 13 38
50 41 4 11
54 55 13 31
14 59 20 40
34 58 3 27
79 21 4 40
23 52 26 26
19 14 3 22
25 8 10 1
37 35 7 29
39 47 13 3
26 35 7 21
2 34 1 34
80 30 13 17
48 30 15 25
44 38 22 35
41 5 20 4
18 22 10 18
67 44 19 30
38 4 20 23
22 44 11 23
11 21 1 6
73 56 13 1
8 27 25 10
41 1 13 22
72 1 7 22
56 34 13 34
17 41 13 5
38 26 25 21
2 59 13 40
60 22 13 32
3 44 14 30
78 1 5 16
77 31 13 16
67 4 13 23
63 4 13 4
74 15 10 13
5 34 16 14
17 1 1 14
59 31 19 16
67 8 25 1
42 9 10 20
8 56 19 1
9 11 19 32
21 7 25 15
30 13 4 20
75 35 5 29
77 55 19 6
58 9 19 20
67 20 17 18
48 4 10 4
58 56 16 1
34 17 25 38
79 34 10 34
13 47 19 34
65 21 11 14
27 49 10 39
38 58 16 27
31 35 9 21
28 36 11 12
54 58 11 27
47 47 20 3
27 13 13 24
39 5 20 24
74 14 19 22
16 35 5 9
48 9 25 34
63 9 16 5
71 36 5 3
25 52 19 26
Điểm tối ưu: 227
Thời gian: 2.6017 giây
Trạng thái: PARTIAL
