572
42 11 31 66
36 11 7 56
31 11 1 56
38 12 33 40
35 12 19 32
34 12 9 62
33 12 31 5
23 12 7 40
17 12 3 32
14 12 7 32
10 12 3 5
5 12 1 40
1 12 1 64
50 3 3 33
21 3 1 35
3 4 25 39
48 18 1 11
46 18 13 11
34 18 25 11
26 18 4 11
47 10 19 19
34 10 15 40
27 8 7 33
15 10 1 19
13 10 22 19
12 8 1 70
11 10 34 47
9 8 19 70
3 8 22 70
47 20 11 5
46 20 1 5
44 6 13 13
41 20 21 63
36 6 17 13
33 6 13 40
26 20 7 63
25 6 25 13
24 6 35 13
23 6 27 13
22 20 19 63
22 6 33 13
19 20 11 63
16 6 31 40
15 6 15 13
12 6 11 40
11 6 39 13
10 20 13 63
10 6 23 40
8 20 4 63
1 6 5 40
50 5 7 59
43 5 23 16
33 5 7 16
20 15 13 7
17 5 23 59
13 5 13 16
12 5 9 59
3 15 13 61
34 9 2 58
18 9 1 32
17 9 1 30
44 9 7 58
46 6 7 13
17 14 7 25
49 14 15 6
49 3 1 72
50 6 9 13
48 15 25 7
33 20 39 63
37 20 13 5
24 20 15 5
13 3 1 38
18 14 13 32
48 10 13 47
6 5 13 59
37 14 15 10
27 6 11 13
12 10 13 19
20 12 1 62
26 15 19 71
13 14 7 6
26 4 25 48
12 12 31 64
11 20 27 63
33 10 16 19
24 3 1 65
38 6 19 13
24 5 11 59
31 8 16 47
12 15 19 7
7 12 31 32
9 4 1 20
43 15 8 61
49 6 21 13
28 10 19 47
32 20 25 63
30 6 45 13
47 9 4 58
48 6 23 13
12 9 25 58
16 4 1 39
35 20 7 5
40 9 3 30
30 15 13 71
20 9 25 30
41 9 25 35
32 6 29 13
43 6 1 13
15 20 29 63
31 13 13 51
34 13 19 15
45 8 1 47
28 20 9 5
25 12 19 5
17 13 10 15
42 18 37 11
36 20 15 63
23 2 1 44
5 8 7 70
23 15 19 61
30 11 1 66
8 15 1 71
43 20 17 5
48 8 7 47
50 14 25 25
18 8 25 70
21 12 19 64
2 8 21 33
35 8 25 47
37 12 25 64
10 5 27 16
47 8 25 33
40 12 31 62
19 12 25 40
43 4 3 37
36 12 25 5
5 5 33 59
18 12 19 62
38 9 5 30
22 10 7 19
39 12 25 32
21 9 7 30
7 15 25 71
39 2 1 55
2 10 34 19
46 15 25 61
41 2 1 59
38 2 1 17
30 5 27 59
40 10 10 19
21 13 13 64
50 18 19 11
33 4 1 48
37 9 5 35
48 20 17 63
7 4 7 37
19 11 19 56
30 10 22 47
20 10 27 19
19 6 3 13
2 4 7 39
25 9 9 30
34 20 35 63
49 20 35 5
11 5 3 59
35 10 43 19
9 6 29 40
42 15 7 71
14 6 43 13
44 5 9 16
29 10 43 40
32 14 22 25
18 5 29 59
6 20 37 63
2 14 25 10
13 6 5 13
42 16 1 26
32 19 8 1
16 9 7 35
14 5 11 16
45 4 7 48
41 6 31 13
22 13 25 51
38 5 17 16
20 4 7 20
19 16 7 26
34 5 29 16
41 15 5 71
50 16 1 8
49 12 37 64
21 10 31 19
31 5 21 59
10 14 9 10
18 3 31 53
45 3 25 65
7 5 17 59
39 15 4 61
16 3 25 72
22 12 37 62
15 8 31 47
4 13 26 15
3 3 7 53
42 5 21 16
14 3 25 38
5 3 25 53
29 8 10 70
15 3 7 65
29 13 22 51
29 3 13 65
18 16 7 9
38 13 7 7
49 15 11 7
49 8 31 33
25 13 7 15
1 5 31 16
36 3 31 35
9 12 7 64
39 20 23 5
8 3 31 65
39 3 13 38
48 5 31 59
5 11 43 56
27 20 1 63
20 3 31 38
19 3 13 53
26 19 9 42
25 5 1 16
2 3 1 53
20 18 43 11
6 19 9 67
33 14 22 10
41 13 7 51
21 20 29 5
1 3 9 38
41 14 10 25
38 14 25 6
28 14 22 6
45 20 37 5
37 11 7 66
44 12 15 62
21 6 37 13
42 9 9 35
8 12 25 62
47 6 37 40
18 7 16 64
35 14 4 25
25 14 4 6
22 8 10 33
5 14 10 6
22 14 1 6
30 12 37 32
13 15 15 71
45 9 13 58
27 14 19 6
17 8 16 70
14 8 16 33
7 7 3 73
41 3 13 35
28 4 13 48
42 4 25 37
3 18 40 11
24 10 39 47
43 14 13 25
8 4 13 39
4 20 9 63
17 11 37 56
1 4 13 20
4 7 1 73
16 10 49 19
35 13 13 15
25 8 34 33
4 4 13 37
45 14 19 25
35 3 32 72
4 14 19 10
5 10 49 47
39 7 9 72
22 5 43 59
24 15 17 71
35 16 1 9
4 12 49 64
46 12 49 32
12 13 16 15
44 7 2 74
7 10 39 19
11 12 49 62
32 18 16 66
26 13 11 47
25 18 16 11
38 7 9 74
9 14 31 10
15 18 25 66
42 8 13 33
3 5 3 16
38 8 13 70
28 5 43 16
27 12 49 5
6 14 31 6
40 6 49 13
13 4 27 20
18 2 11 44
29 14 1 25
3 19 1 10
35 9 9 58
44 2 11 55
47 5 39 40
11 19 1 67
7 18 13 66
28 19 1 42
30 18 9 11
19 10 49 40
29 5 33 16
46 19 16 42
30 19 25 42
43 19 25 1
35 15 15 61
37 5 35 59
46 5 35 16
5 9 13 30
21 18 34 11
13 19 25 67
26 6 41 13
32 5 5 16
13 2 19 55
44 8 4 70
46 16 4 47
16 5 5 59
13 16 10 8
18 6 41 40
14 2 19 17
29 16 7 8
28 8 37 33
29 2 19 44
5 18 52 66
15 16 5 9
41 4 33 20
36 5 19 59
4 19 5 67
40 5 19 16
13 8 37 70
3 9 15 58
44 19 27 1
39 19 19 1
31 16 9 26
24 4 31 39
23 4 31 48
9 11 25 56
48 12 43 64
47 16 9 9
49 17 13 1
18 18 49 11
50 4 31 63
1 19 7 42
11 9 15 30
49 19 7 67
8 19 7 10
36 14 40 6
30 7 7 72
20 13 19 51
39 4 31 37
36 15 21 61
41 8 28 70
24 17 13 24
40 8 28 33
46 7 9 73
20 2 5 44
24 13 9 7
38 16 3 9
2 11 13 56
9 13 23 64
21 7 9 2
37 7 22 73
22 15 17 61
16 18 37 66
17 15 21 71
40 19 13 67
5 20 23 63
48 2 4 17
10 3 37 53
23 18 22 11
17 19 19 42
1 13 34 15
6 10 4 19
23 7 15 72
15 4 19 37
10 19 17 67
47 17 15 24
32 17 11 24
15 15 23 71
31 9 19 58
12 4 21 20
28 2 33 17
2 17 28 28
24 19 21 42
32 4 37 71
6 13 29 15
8 10 19 40
14 11 49 56
14 15 3 71
34 19 5 10
3 14 31 25
16 19 20 67
9 17 5 24
28 17 4 34
44 4 21 39
8 14 37 10
4 17 7 24
45 5 15 59
34 7 13 2
25 19 11 42
8 7 11 74
19 17 1 34
19 15 23 61
40 2 15 16
17 4 31 71
14 13 21 15
27 19 17 72
1 7 21 7
36 16 29 26
14 17 1 24
23 13 5 15
39 13 11 64
41 12 43 62
11 11 19 66
5 17 15 74
49 7 23 7
4 5 37 16
15 19 17 1
35 4 37 48
32 13 3 7
42 2 3 55
9 7 11 73
3 11 43 66
29 20 39 5
19 2 9 44
29 4 49 63
33 2 9 55
4 11 31 56
36 7 13 72
43 9 21 35
16 7 11 2
50 19 11 72
50 7 17 74
26 2 15 55
18 17 3 24
50 15 29 71
42 7 17 2
30 9 19 30
7 17 1 1
14 7 13 74
2 16 19 9
29 17 17 28
17 17 13 28
27 7 15 73
45 7 17 7
28 16 17 9
36 19 3 42
31 18 28 66
9 16 13 26
26 16 23 8
40 17 1 28
22 17 4 74
49 13 5 51
1 18 40 66
33 13 28 47
13 9 17 35
8 17 9 51
1 16 27 8
46 3 19 72
27 5 25 59
47 13 1 51
20 19 11 67
37 19 3 1
10 16 15 26
12 17 28 51
2 19 31 1
15 9 11 32
8 13 35 7
4 18 28 11
11 2 7 17
48 3 19 53
3 7 19 2
11 3 43 33
6 9 16 32
34 2 21 44
21 5 25 16
27 2 5 55
20 17 17 34
34 14 40 10
32 2 31 55
23 17 17 51
6 7 7 2
12 11 55 56
9 19 15 1
9 3 37 35
43 3 38 38
45 13 11 51
48 14 28 25
39 9 17 30
46 14 28 6
47 2 17 55
10 10 46 47
28 7 27 73
7 9 22 58
31 7 5 72
34 17 7 34
23 16 35 9
19 5 38 59
10 13 29 64
4 16 3 8
43 2 10 17
7 19 37 1
50 2 13 55
42 3 43 35
16 12 43 5
12 19 5 42
11 13 5 64
1 10 43 47
45 17 22 28
20 16 15 9
19 18 31 11
25 16 13 9
1 17 23 1
2 18 49 66
37 13 1 15
31 2 7 44
2 2 17 17
22 9 23 30
21 15 27 7
11 15 9 71
10 7 7 73
24 9 27 35
31 15 11 71
40 16 5 7
3 16 11 26
22 16 21 9
21 16 15 8
15 2 35 17
5 16 5 8
27 17 22 74
23 14 37 6
6 17 11 34
27 13 3 15
33 17 25 34
37 15 11 61
7 3 43 72
10 8 31 70
36 17 11 28
31 17 25 74
42 17 5 1
17 16 25 8
37 8 40 33
8 18 46 11
30 13 15 7
43 7 19 73
24 7 5 2
16 13 23 66
27 9 27 58
6 6 47 40
2 9 37 30
44 16 25 26
41 17 19 74
6 15 1 7
25 4 37 39
30 16 5 66
7 2 28 55
31 20 41 5
38 3 21 38
35 7 29 73
33 16 19 8
14 9 29 58
26 7 1 2
Điểm tối ưu: 572
Thời gian: 6.2069 giây
Trạng thái: PARTIAL
