1104
100 8 37 72
99 12 55 11
96 35 37 14
93 8 33 72
89 20 7 64
88 8 15 132
86 12 7 130
86 8 3 72
85 35 1 14
80 12 55 130
78 35 55 14
70 35 19 121
70 20 31 64
69 12 31 11
68 12 19 128
67 20 9 17
64 12 43 11
63 8 1 132
58 35 7 121
55 8 25 125
51 35 31 44
47 12 37 130
41 8 37 132
40 35 3 44
36 12 31 130
33 8 9 72
29 12 43 130
28 35 43 44
28 8 1 125
26 12 13 11
21 35 13 14
20 12 27 130
14 12 19 11
12 20 9 22
4 12 19 130
2 20 37 64
73 29 1 95
66 29 43 71
63 29 25 95
47 29 13 95
44 29 27 54
94 13 43 13
58 27 31 10
55 27 21 136
51 27 19 2
34 27 7 10
27 27 1 10
4 27 7 136
89 17 19 66
88 17 1 126
87 38 13 126
75 32 19 105
72 38 37 103
71 38 31 131
66 17 13 143
64 32 3 131
56 32 37 57
49 38 37 142
48 17 3 61
44 32 31 57
43 38 1 79
42 17 31 115
41 38 31 123
35 17 31 61
30 32 1 19
19 17 15 66
17 32 7 105
8 38 3 123
7 38 31 142
95 31 7 60
94 14 19 143
89 14 1 36
88 31 9 35
63 31 7 89
62 14 19 51
55 14 1 122
51 31 7 119
46 14 1 51
30 31 9 150
99 28 25 40
89 37 46 103
89 28 28 91
81 28 37 91
77 37 15 118
70 28 13 40
64 28 16 91
56 28 4 91
45 28 22 91
42 28 13 91
33 28 28 40
32 28 16 40
30 28 25 91
26 28 10 91
25 28 7 40
18 28 10 40
15 28 7 91
9 28 1 91
97 18 3 73
91 18 3 71
82 15 1 23
76 26 22 55
74 18 3 38
74 15 9 51
72 15 22 23
66 15 26 87
65 15 19 87
62 18 34 73
52 15 13 23
27 15 19 23
26 18 37 73
99 36 19 124
94 21 1 21
85 21 7 84
79 21 25 84
93 30 7 78
90 30 10 78
69 30 9 148
44 40 1 62
44 30 39 78
40 39 7 129
39 39 4 58
35 40 27 119
20 30 21 61
8 30 25 3
1 30 37 61
96 6 11 52
73 6 7 52
68 6 17 52
61 6 5 52
49 6 1 52
31 6 37 78
20 6 25 52
8 6 23 78
2 6 21 78
99 9 11 131
83 5 1 82
80 9 19 72
57 9 1 72
48 5 7 57
41 9 7 72
40 9 1 131
22 5 7 82
98 34 19 148
83 34 7 148
76 10 5 36
74 34 1 38
52 34 17 148
52 7 7 112
50 34 1 71
31 7 1 127
24 34 7 71
16 34 37 148
13 10 1 150
11 10 1 110
91 3 1 94
71 33 1 61
47 33 4 65
17 3 5 25
75 4 5 94
30 4 5 124
31 32 13 3
80 26 7 55
38 8 49 132
66 6 3 52
62 27 1 136
95 28 31 91
67 5 7 68
52 17 1 66
52 13 43 141
9 27 19 19
7 30 13 61
35 30 1 78
33 34 7 38
87 5 1 68
58 30 13 78
86 18 13 73
66 27 7 2
13 6 9 52
1 4 5 18
13 30 21 148
19 12 7 11
62 6 15 52
66 10 5 110
55 17 7 66
81 7 7 127
91 17 7 61
23 12 1 11
88 35 25 44
65 12 37 11
99 15 13 87
72 32 7 3
93 39 1 129
3 27 43 2
9 18 7 44
29 31 7 53
87 10 5 70
7 22 7 12
18 6 13 52
81 29 1 54
36 6 21 52
27 6 23 52
54 32 31 19
57 26 10 55
95 13 43 126
64 14 19 122
56 15 31 87
84 29 13 71
49 14 19 38
90 9 23 72
11 14 19 17
60 37 10 118
14 34 1 148
53 26 16 55
24 15 31 23
86 27 31 136
89 40 14 142
18 36 19 1
94 34 17 71
71 20 19 64
16 33 1 65
21 14 25 122
37 35 37 44
90 39 1 58
96 26 1 55
9 3 25 94
82 8 43 125
89 8 37 125
9 20 37 22
49 30 3 148
86 38 37 79
32 20 37 17
100 9 31 72
75 35 43 121
31 33 26 65
32 9 23 54
40 3 25 150
85 38 13 79
21 40 1 77
3 32 1 105
54 29 9 95
1 16 2 34
34 29 37 54
7 13 1 141
7 9 25 54
59 40 1 119
65 14 3 143
22 27 19 10
63 32 19 3
96 18 16 73
2 29 25 71
36 29 37 95
40 10 28 70
97 17 19 115
80 15 22 87
3 15 10 23
84 13 25 13
93 32 19 131
60 35 31 14
17 30 19 126
93 38 27 131
45 11 1 138
88 9 5 54
15 16 1 144
98 28 1 40
22 39 4 129
57 39 7 56
46 30 34 3
63 6 35 78
68 38 37 131
60 3 1 44
69 33 7 65
34 8 19 125
54 3 23 94
42 29 43 95
4 34 23 38
41 39 3 56
25 35 31 121
76 15 1 87
14 28 34 91
97 34 39 38
84 33 1 101
67 13 19 141
86 13 25 141
65 35 49 14
99 7 1 112
33 12 1 130
15 29 37 71
85 28 19 40
6 26 19 55
12 40 31 62
45 20 3 17
27 36 13 124
16 13 43 21
2 26 46 55
76 35 7 14
51 30 25 78
15 15 16 23
74 32 19 57
10 8 7 132
58 34 17 38
19 35 19 14
50 6 31 52
48 28 22 40
100 33 9 101
42 6 16 78
97 32 15 105
59 37 4 118
84 21 7 21
85 6 27 52
94 12 25 11
82 38 7 126
28 9 7 131
40 28 31 40
31 34 29 71
45 36 13 1
71 32 15 57
72 26 25 55
32 8 7 125
76 34 35 38
49 33 32 101
24 36 13 107
54 6 4 78
24 40 19 123
77 35 37 121
9 40 10 123
54 38 25 142
65 11 1 59
93 4 4 7
53 9 23 131
16 12 25 128
85 3 23 25
82 29 31 95
59 18 25 38
32 14 43 143
51 34 37 38
60 30 37 3
73 35 43 14
78 30 34 148
1 17 31 126
54 40 13 62
97 6 29 52
44 22 19 81
25 29 43 54
48 26 28 55
39 35 13 44
1 40 13 119
70 21 1 84
69 4 13 123
10 27 1 2
75 22 25 12
78 34 31 71
78 12 1 128
50 30 16 61
17 21 43 84
73 34 29 148
82 13 19 13
41 18 25 73
95 27 13 2
46 33 10 65
73 26 31 55
99 18 28 73
16 5 3 82
35 8 13 125
60 36 7 1
54 15 16 87
69 5 23 57
81 38 15 123
32 38 25 79
69 40 1 142
47 21 22 21
83 9 25 131
32 12 55 128
50 32 19 103
72 13 13 13
16 9 11 54
94 32 7 103
34 34 28 38
2 16 4 26
34 9 25 72
56 14 25 36
3 17 31 66
91 21 31 84
19 4 13 7
88 29 31 54
12 10 1 70
92 8 31 125
62 8 25 132
8 37 28 118
21 18 33 71
3 4 14 18
12 26 4 55
22 13 13 141
7 21 16 21
87 27 43 136
29 29 19 54
16 27 13 19
11 18 43 73
42 13 1 13
14 27 7 19
93 3 23 44
87 8 31 132
1 14 7 143
100 27 13 10
38 28 34 40
12 7 17 19
68 20 1 64
99 27 31 2
83 14 27 17
96 28 43 91
5 8 43 72
20 19 7 28
13 40 13 77
13 35 55 121
67 32 1 57
84 40 37 77
36 21 16 84
34 20 1 22
97 40 7 77
15 6 28 78
4 38 25 123
38 15 25 51
46 3 14 94
95 40 19 77
43 39 10 129
56 36 1 107
62 40 10 142
39 29 7 54
16 40 19 142
36 11 1 86
78 40 37 62
10 21 31 21
92 14 37 122
85 33 5 136
47 8 49 125
58 15 4 87
66 28 37 40
15 10 25 110
20 40 37 123
67 31 37 119
95 14 37 36
5 15 4 23
81 32 31 103
14 26 37 55
56 22 7 81
45 39 7 58
53 12 7 128
5 6 35 52
10 6 39 52
35 29 19 95
24 3 1 25
50 18 7 73
1 8 19 132
62 15 7 23
44 26 43 55
70 15 8 87
3 30 28 126
51 12 13 130
47 39 10 56
53 18 19 71
26 33 5 101
39 38 19 79
98 20 31 17
72 5 3 68
90 8 43 132
59 9 15 72
30 6 37 52
4 31 37 53
88 33 7 101
92 9 21 72
38 39 10 58
6 11 25 138
98 30 22 126
82 31 37 150
83 31 37 89
7 27 37 10
34 14 43 36
97 20 31 22
98 5 13 68
65 27 25 136
41 37 15 103
59 17 37 115
77 5 13 57
2 32 31 105
84 37 19 118
29 17 1 115
74 12 43 128
52 26 31 128
100 18 20 73
40 36 19 107
70 26 49 55
27 30 25 126
95 35 25 14
21 28 45 40
24 30 25 148
66 40 31 77
47 30 28 3
28 5 14 82
81 30 26 61
77 21 10 21
15 4 10 18
26 17 25 66
30 40 31 119
4 18 43 38
36 17 25 115
84 35 55 44
65 37 33 118
91 37 46 118
69 10 19 70
65 33 31 110
97 3 13 25
79 37 1 118
23 33 25 101
21 10 7 150
85 31 31 60
73 12 49 130
89 10 31 70
20 26 13 128
43 26 49 128
90 10 13 150
70 16 5 144
27 8 49 72
87 17 7 115
79 33 8 110
21 27 37 2
70 27 37 136
91 15 25 23
61 31 19 119
79 16 4 34
43 30 31 3
14 16 3 112
22 33 11 136
39 30 31 148
27 14 7 122
37 38 7 79
60 26 40 128
87 16 3 144
9 6 31 78
38 35 1 121
75 14 31 51
17 22 1 81
13 14 43 51
36 14 43 17
43 20 13 22
59 14 43 122
90 4 25 7
67 9 35 54
56 9 41 54
31 31 3 35
25 9 35 131
36 10 7 36
90 14 31 122
18 31 3 150
37 26 13 131
94 5 11 57
96 11 4 59
14 3 15 150
24 7 3 127
29 36 16 1
94 9 41 72
2 40 9 62
5 26 13 55
54 16 1 26
37 31 1 60
30 11 7 138
54 11 7 86
81 27 43 10
4 35 13 121
18 32 43 19
99 19 7 20
66 31 19 150
78 36 25 1
61 9 41 131
71 11 7 13
78 31 19 53
8 3 11 44
23 17 13 115
48 21 10 84
44 3 11 61
12 11 7 59
26 11 17 13
98 10 7 70
96 40 7 142
23 21 34 21
79 14 13 122
94 31 13 35
32 3 11 94
45 16 16 144
38 14 13 36
22 37 25 103
27 16 16 26
63 2 5 81
40 14 13 51
15 31 19 35
3 19 7 92
45 19 19 20
71 19 25 149
73 4 27 7
58 40 22 77
4 14 31 36
23 20 43 64
48 31 13 60
42 25 7 27
15 13 31 13
44 31 13 53
57 2 5 83
76 4 28 124
63 14 31 143
72 7 17 14
26 21 34 84
78 20 13 64
64 33 23 65
67 3 15 25
39 20 44 22
10 7 17 112
66 3 17 44
37 2 16 83
82 2 5 67
94 19 4 20
30 16 13 34
1 35 49 44
6 4 22 124
32 18 31 38
5 25 7 104
38 31 21 60
80 14 13 17
13 4 25 18
41 7 41 19
75 34 13 38
3 2 5 95
70 4 23 7
60 22 13 81
42 19 19 50
8 9 9 131
10 35 25 121
53 4 27 18
39 5 11 82
52 27 25 2
22 18 31 73
5 22 31 12
80 13 31 141
99 24 23 37
49 21 25 19
81 2 9 67
79 5 11 68
17 6 46 78
54 22 19 12
12 22 13 12
61 21 25 21
88 7 13 127
38 6 19 52
79 3 28 94
37 37 25 118
89 7 5 14
9 5 27 68
47 25 7 97
76 36 25 124
61 10 28 150
23 36 27 107
90 16 7 144
63 17 43 66
50 27 25 10
61 25 7 48
88 13 37 118
55 15 43 87
74 25 13 97
25 32 1 3
96 3 21 25
73 23 13 80
49 5 9 82
61 23 17 41
29 5 5 68
31 4 17 7
87 13 37 13
31 24 11 140
10 33 19 101
8 28 19 91
29 40 40 77
46 34 22 71
34 25 31 27
41 33 13 136
64 25 13 48
7 25 27 104
34 5 5 57
77 7 5 127
28 2 9 83
64 11 9 86
35 20 49 17
11 4 7 18
100 36 1 1
21 11 17 59
85 40 40 123
24 37 43 103
87 23 25 80
21 37 4 103
33 7 19 112
64 4 29 123
98 24 10 37
15 7 23 127
12 8 55 125
22 11 17 122
91 11 17 138
55 2 17 86
5 30 55 78
50 33 13 65
25 40 19 62
84 36 10 1
40 15 49 23
29 2 23 81
59 5 9 57
4 15 49 87
33 33 14 101
76 31 31 35
79 17 19 84
13 31 49 150
51 24 4 93
35 39 37 129
20 37 43 118
91 24 13 149
13 36 16 107
6 5 38 68
81 16 5 132
23 18 9 71
85 2 17 81
11 5 9 68
77 29 49 95
49 20 49 64
9 9 13 54
62 38 43 142
48 2 17 95
58 4 1 123
99 23 3 41
90 5 15 68
29 33 28 101
50 19 3 92
88 24 23 51
27 24 34 140
35 4 17 124
58 21 28 84
14 33 13 110
61 27 49 10
61 16 11 34
51 6 45 52
98 31 43 35
46 22 43 12
45 3 40 94
33 13 55 13
63 13 37 141
74 2 17 67
32 25 13 140
11 23 11 47
17 13 37 126
73 3 9 94
41 13 9 141
72 3 31 94
39 31 37 60
28 24 31 37
3 39 37 58
32 31 1 53
6 31 31 150
30 10 16 70
84 31 31 53
50 24 34 149
46 27 49 136
25 24 25 37
92 19 7 149
93 7 37 127
36 2 5 27
86 3 19 94
8 4 1 124
80 25 1 97
57 21 37 21
4 28 46 91
51 25 39 18
95 7 41 127
20 7 5 112
93 11 10 13
11 3 16 94
56 21 13 84
49 37 28 103
84 23 5 114
97 31 25 53
8 21 40 21
72 11 19 61
16 16 29 132
62 19 31 89
77 25 19 48
64 26 40 55
26 6 43 52
86 19 16 92
61 37 1 103
38 19 7 50
11 17 37 66
54 20 50 22
59 4 19 7
2 2 13 27
53 34 13 148
8 36 31 1
99 13 49 13
50 16 11 144
23 24 7 140
14 30 43 78
38 21 28 21
48 19 19 92
6 17 49 66
90 33 19 65
73 24 5 37
72 30 43 148
18 38 49 123
55 33 15 65
94 4 35 123
16 4 7 123
75 7 15 112
10 22 43 81
66 4 1 18
45 40 34 119
5 34 39 148
22 24 1 37
82 5 25 82
34 21 55 51
5 23 1 7
37 11 5 138
33 23 16 80
37 22 31 81
22 17 37 143
6 36 10 107
33 16 23 144
37 39 28 58
9 36 4 107
74 5 25 68
7 6 49 52
51 19 1 50
83 36 9 38
86 7 21 112
25 31 37 35
10 11 34 70
18 40 16 77
1 32 43 3
82 18 51 73
46 26 16 128
19 7 31 112
20 3 3 25
62 26 49 131
15 14 49 143
31 21 19 21
35 3 35 150
50 22 37 12
81 4 11 124
96 2 13 86
60 5 5 82
98 40 4 62
43 21 37 84
78 23 11 80
89 30 52 78
30 3 21 94
77 33 33 110
95 21 4 21
53 25 1 48
46 24 5 140
1 26 16 131
82 24 11 149
48 25 25 27
56 33 19 136
17 9 15 54
49 24 13 21
97 27 49 11
69 18 50 38
80 11 5 13
30 13 55 141
17 38 31 79
43 3 25 25
26 39 31 56
28 19 19 149
25 2 23 67
80 24 10 77
53 19 31 26
57 24 17 37
13 24 3 140
71 40 4 119
7 10 19 110
2 25 49 27
9 10 29 110
56 26 34 55
79 32 37 19
5 31 25 60
69 19 16 89
80 36 37 124
91 7 29 14
96 16 23 132
6 28 4 40
33 11 21 59
75 10 3 70
50 23 41 114
56 16 21 26
52 28 40 40
93 19 13 92
64 23 11 89
39 40 26 77
80 16 29 144
12 35 49 121
12 15 34 128
83 40 43 123
69 25 4 97
19 34 41 71
48 23 1 41
25 16 13 144
51 16 28 26
4 11 3 138
26 22 1 12
82 7 16 127
71 27 49 2
41 24 1 93
14 22 49 81
44 11 23 138
3 18 19 44
53 31 43 150
58 19 19 22
87 14 19 36
26 24 7 51
77 39 26 56
30 39 28 129
23 19 19 28
74 36 34 1
73 19 15 28
88 39 19 129
74 10 23 36
59 24 13 37
67 23 23 114
42 2 29 27
87 24 11 93
45 38 43 79
95 4 35 124
19 25 1 27
5 13 49 21
12 5 19 68
68 4 29 7
23 32 49 105
59 2 7 95
13 8 27 72
91 2 11 83
17 40 25 62
49 9 17 54
19 22 37 81
65 3 7 94
86 25 46 140
68 2 13 83
68 7 9 127
42 32 25 57
53 11 25 70
56 3 29 61
27 25 28 140
6 10 40 70
45 31 25 35
25 23 15 41
39 23 23 89
64 30 49 61
71 5 29 57
39 25 34 48
81 10 23 70
16 15 39 87
42 33 35 110
78 32 43 131
45 2 11 81
89 19 25 89
67 7 27 112
8 34 15 148
37 23 19 89
5 3 10 25
61 2 15 86
2 23 1 80
28 25 22 97
71 24 9 93
96 31 49 35
54 19 38 28
18 8 55 132
77 10 23 150
23 22 55 12
79 40 34 77
59 6 33 78
72 31 49 54
57 11 15 138
57 33 22 110
47 23 1 114
12 36 22 107
35 24 4 77
13 23 7 47
73 5 20 82
65 23 16 47
34 38 49 126
77 19 1 28
70 39 16 58
40 31 43 89
85 24 25 93
28 22 25 81
83 23 13 41
18 23 1 89
46 36 31 107
92 24 13 93
21 16 9 26
3 33 16 136
44 19 4 149
92 4 19 18
58 2 11 67
75 2 35 67
97 19 10 50
43 13 55 118
58 32 37 105
92 33 3 101
2 24 17 93
20 33 31 65
57 23 3 114
68 11 25 59
70 24 28 37
43 15 28 23
40 21 37 51
85 10 10 36
83 4 3 94
55 7 29 127
82 23 13 114
35 11 23 59
43 25 19 27
75 23 7 114
41 22 49 12
63 21 49 19
65 25 10 48
18 7 25 112
75 30 40 3
29 19 34 89
10 25 21 104
29 25 13 89
58 11 35 122
100 25 4 104
10 9 13 72
27 19 31 28
19 19 25 26
31 40 40 62
97 2 1 67
7 18 46 38
22 21 28 51
61 4 23 18
35 10 9 70
76 16 11 112
74 4 7 7
62 25 37 97
28 16 17 72
7 37 22 118
34 40 16 119
100 19 25 20
28 23 11 41
24 26 37 128
37 14 49 51
14 19 25 50
52 11 9 138
60 2 3 83
52 3 29 44
98 25 16 48
77 23 7 41
93 5 31 68
92 7 11 127
95 16 11 26
17 33 11 110
3 7 23 14
9 33 16 101
92 28 49 91
24 5 17 68
52 25 19 140
57 3 43 25
38 2 31 86
63 19 52 92
32 16 19 34
36 23 11 7
33 17 43 61
53 20 55 17
36 19 49 20
2 36 43 107
28 11 5 128
21 39 19 56
100 2 11 27
62 37 52 118
44 36 7 124
14 11 11 86
53 23 4 47
24 22 55 81
11 2 3 67
67 10 17 110
41 19 22 28
11 16 13 26
72 33 29 65
46 39 25 129
98 14 55 122
6 19 14 50
47 15 34 23
55 23 11 132
42 5 22 82
20 11 19 138
68 30 46 148
86 40 43 119
43 37 7 118
1 20 25 22
90 23 5 80
4 3 17 150
78 16 7 34
46 21 40 84
92 25 16 140
100 5 33 82
Điểm tối ưu: 1104
Thời gian: 11.4530 giây
Trạng thái: PARTIAL
