1597
146 11 37 13
142 11 1 78
141 39 37 215
133 52 49 28
131 30 31 204
130 52 1 39
123 37 9 212
118 48 1 218
118 30 19 18
117 52 31 28
116 49 25 171
116 11 7 78
108 11 13 78
104 26 1 121
94 39 13 120
94 30 19 204
90 37 25 160
85 37 1 160
84 52 1 28
84 39 31 215
81 30 25 204
61 11 25 13
57 49 1 95
57 26 37 121
55 39 49 215
38 39 9 120
36 39 33 120
149 32 43 4
143 32 13 81
120 32 9 81
113 32 19 4
101 32 7 61
99 32 13 61
97 32 1 61
87 32 19 61
66 32 33 81
33 32 49 4
142 33 19 188
134 33 8 188
143 23 34 115
140 31 4 59
140 29 25 221
137 23 9 144
136 31 1 59
136 23 22 115
132 60 4 179
132 59 16 216
126 29 13 6
122 60 1 179
117 7 22 37
115 23 22 144
114 23 31 115
107 23 25 144
106 59 19 216
106 31 4 134
106 23 1 144
105 7 28 38
100 59 25 216
99 59 1 216
96 41 13 73
93 60 13 112
93 7 37 37
90 41 19 73
89 41 7 73
87 29 13 221
87 7 1 37
84 59 7 216
78 7 7 38
76 29 37 6
75 60 16 112
74 59 40 216
74 23 15 115
72 60 13 179
72 7 40 38
71 23 10 115
70 59 4 216
69 23 19 144
69 7 13 38
59 31 1 134
59 7 25 37
56 23 4 115
53 23 1 115
51 7 40 37
49 23 7 115
40 23 19 115
39 7 25 38
33 7 19 37
31 23 4 144
25 7 34 38
21 29 4 6
19 7 49 37
17 7 28 37
11 29 4 221
146 36 10 211
86 36 25 50
81 3 13 187
79 36 7 211
67 36 7 50
64 36 34 211
64 3 10 187
50 36 10 50
18 36 28 50
13 36 31 50
144 44 7 146
133 55 9 89
129 44 3 146
125 44 3 174
124 44 16 163
115 55 28 89
97 55 13 89
83 44 1 163
67 44 10 174
58 44 4 163
22 44 7 163
19 44 10 146
13 44 13 163
8 44 13 174
33 12 3 64
149 46 5 224
148 57 35 58
135 57 13 58
132 46 1 17
126 46 29 224
124 57 7 58
122 46 25 17
113 46 13 224
108 46 19 17
89 46 25 224
78 57 27 58
76 57 7 174
76 56 5 118
65 57 11 58
65 56 15 195
61 46 16 17
59 56 29 195
58 46 1 224
51 56 5 195
44 17 25 35
29 46 27 224
24 57 34 174
21 17 27 36
20 17 29 36
10 46 17 224
3 17 5 36
149 14 1 145
138 14 15 36
102 25 22 103
91 14 1 155
64 14 7 155
38 14 7 36
35 25 1 81
24 14 5 155
20 14 7 145
138 47 11 5
128 47 9 5
114 47 5 223
71 47 1 223
69 47 2 89
24 20 3 45
78 58 4 194
36 58 5 218
102 17 11 36
76 33 9 225
121 29 1 221
54 11 19 13
12 29 1 6
146 13 1 105
100 3 1 187
136 36 34 50
99 57 9 58
120 17 1 36
46 4 31 212
137 47 2 5
14 29 16 6
47 29 16 221
30 44 10 163
53 17 17 36
104 48 7 153
118 41 25 73
56 33 19 132
62 32 7 4
144 27 5 206
101 3 25 187
50 47 3 223
117 29 7 6
80 3 7 187
149 17 3 36
148 50 8 157
135 44 15 146
118 26 31 121
124 31 10 134
16 25 2 122
81 14 3 155
89 60 16 179
107 30 1 18
16 47 13 223
114 25 21 122
101 55 28 147
98 57 1 174
15 32 37 4
105 41 1 73
95 4 13 217
45 14 16 145
85 30 7 18
125 25 1 103
20 57 1 58
124 32 25 61
143 50 1 194
55 41 10 73
86 29 28 221
46 26 19 217
46 14 11 145
28 17 4 35
34 32 43 61
42 22 25 175
9 44 31 174
132 55 13 147
1 32 55 61
78 44 37 146
39 32 1 4
121 37 7 160
38 17 19 35
117 14 10 155
133 11 1 13
103 39 43 215
1 11 37 78
93 49 19 171
84 29 37 221
140 30 13 204
54 3 16 187
50 20 1 208
68 17 7 35
77 7 20 38
4 9 1 100
147 50 20 194
139 26 13 121
119 33 7 149
96 57 3 58
76 36 13 211
78 37 31 160
14 55 13 70
7 7 31 38
94 55 28 179
107 50 10 157
49 32 31 61
147 7 43 37
102 36 1 211
14 39 7 215
1 31 25 134
128 46 11 224
18 44 22 163
38 20 1 150
123 55 43 70
147 20 3 150
77 49 13 95
106 32 13 4
144 14 32 145
54 55 28 70
110 46 27 17
149 39 13 215
141 36 2 50
139 23 31 144
95 51 1 135
32 57 5 58
70 11 31 13
101 48 13 218
131 17 19 36
145 36 19 211
62 14 31 155
30 23 34 144
119 56 22 118
31 39 25 120
150 31 44 134
83 23 37 144
37 3 37 187
94 22 25 27
40 49 13 171
26 32 49 61
83 32 25 81
29 20 3 208
7 25 7 103
58 3 10 38
112 50 26 148
134 32 55 81
63 59 13 216
43 44 31 146
19 20 1 45
112 46 7 17
32 37 13 160
75 9 1 186
42 20 2 16
20 60 9 179
104 17 28 35
15 41 31 73
64 59 49 39
14 7 37 38
66 46 29 17
119 30 1 204
114 46 15 224
109 9 3 189
97 41 34 73
30 50 1 157
14 46 11 17
68 59 31 216
47 46 19 224
109 60 10 112
90 11 13 13
135 32 25 4
48 59 19 39
60 52 7 28
150 56 15 118
39 29 34 221
37 26 7 121
90 27 1 206
5 32 3 81
66 27 2 31
118 23 13 144
48 31 10 59
43 31 16 59
16 29 7 221
97 33 8 132
150 49 19 95
47 17 13 35
80 14 15 155
141 14 13 155
17 59 37 216
123 27 1 40
73 17 16 35
60 22 25 220
41 52 37 39
14 49 55 171
102 46 13 17
128 60 1 112
111 39 1 120
37 55 1 147
69 25 4 103
37 19 5 173
51 47 13 5
98 23 46 115
6 31 7 134
96 32 31 4
50 59 34 216
112 58 20 220
80 7 31 37
14 3 28 187
81 25 29 122
9 29 40 221
80 41 43 120
133 44 37 171
68 44 37 163
17 19 4 44
8 32 55 4
39 14 5 145
21 19 13 44
118 59 10 39
9 25 29 81
18 12 8 92
53 44 39 174
106 46 7 224
25 47 10 223
74 37 43 160
131 59 10 216
7 30 49 204
67 14 3 145
3 31 25 59
147 30 13 18
34 49 7 95
38 29 40 6
62 60 37 179
126 19 22 42
143 41 46 120
117 60 4 112
69 59 22 39
79 23 49 115
19 47 16 89
77 22 25 56
129 17 13 36
97 19 23 44
61 47 29 223
85 19 5 42
91 32 37 61
28 25 29 103
96 7 7 37
4 58 5 172
129 36 37 211
76 19 29 173
27 56 13 195
23 17 31 35
28 41 46 73
92 51 3 207
36 57 29 58
122 44 31 163
32 47 17 5
21 13 7 105
67 59 22 216
84 47 29 120
5 59 28 216
57 30 55 204
123 58 5 106
104 44 22 174
62 57 28 174
112 32 37 81
122 58 5 70
66 48 13 153
74 56 13 118
136 7 13 37
84 41 19 120
88 44 28 163
14 12 2 43
125 51 7 135
79 14 25 36
58 41 43 73
12 3 49 187
64 22 25 167
23 59 46 216
82 14 29 145
101 7 1 38
138 49 1 171
17 47 7 120
99 50 19 148
51 4 1 212
52 44 28 146
89 13 34 95
111 58 5 220
144 19 13 42
129 50 19 157
30 57 19 58
24 44 19 174
100 46 21 224
43 52 25 39
34 3 22 187
48 46 22 17
146 56 7 118
149 36 26 211
45 56 7 195
78 47 15 223
48 4 31 217
57 12 19 106
79 13 16 105
106 36 40 211
73 27 1 2
113 47 15 5
7 9 1 159
98 17 32 36
4 31 37 134
75 31 22 134
41 48 1 153
114 21 7 116
88 26 43 121
72 4 1 217
126 20 5 45
147 41 40 120
50 3 49 134
132 16 9 129
76 41 40 73
24 51 7 207
70 17 11 35
47 3 40 134
27 30 37 204
15 31 28 134
37 11 55 13
123 17 40 35
141 47 20 5
2 39 1 215
56 7 16 37
11 31 28 59
141 33 7 219
63 41 49 120
64 47 19 223
150 36 31 211
143 11 19 78
144 7 10 37
19 27 4 31
21 11 49 13
67 25 17 122
130 14 17 155
27 31 43 59
63 55 7 70
65 23 37 115
119 20 5 150
143 3 40 187
140 45 20 66
45 55 9 147
86 51 7 48
28 52 37 28
108 19 29 44
54 57 43 58
52 19 17 44
108 25 7 81
2 41 22 73
11 3 13 134
45 44 19 163
79 7 34 37
91 33 13 188
13 60 22 112
85 13 13 105
72 18 7 23
124 20 5 208
16 33 19 149
24 41 22 120
128 17 41 36
2 25 17 81
4 30 25 18
65 59 52 216
30 41 16 73
143 19 17 173
21 25 17 103
11 7 46 38
54 31 34 134
121 42 21 19
10 51 8 117
37 57 15 58
1 56 17 118
128 22 31 167
122 20 7 150
5 14 25 155
89 53 27 42
36 46 3 224
9 21 3 88
90 42 34 172
73 23 40 144
150 47 7 89
6 47 25 89
112 19 1 173
83 33 13 132
122 29 44 221
45 48 31 153
119 14 25 145
48 27 4 40
14 44 21 146
131 60 37 112
13 23 40 115
22 48 43 153
49 3 16 38
60 31 16 134
26 58 19 172
95 20 4 16
129 56 1 195
82 47 7 5
9 3 46 187
74 41 37 120
84 9 13 186
26 47 7 223
126 22 1 27
53 49 7 171
60 10 28 48
72 36 19 50
101 57 17 174
103 33 13 225
54 13 4 105
105 22 13 167
19 36 22 50
56 21 25 191
53 60 19 112
95 17 43 35
52 18 19 202
121 33 37 132
6 3 43 187
104 55 19 179
9 48 25 218
25 55 19 89
83 10 31 30
42 33 13 149
74 13 22 105
48 51 7 175
22 47 23 5
117 23 25 115
5 7 46 37
22 37 19 160
11 56 21 195
101 60 31 179
65 36 46 211
55 26 25 121
130 36 13 50
6 48 19 153
80 29 10 6
88 56 1 118
128 55 38 147
92 5 26 85
73 47 23 89
12 52 13 39
35 42 3 19
37 23 28 115
52 22 1 167
135 31 31 59
41 11 43 13
149 35 19 70
144 12 21 173
103 5 1 85
139 47 23 223
47 55 34 89
94 17 43 36
7 55 34 179
72 50 22 157
81 41 37 73
46 30 43 18
82 45 1 3
121 8 31 147
9 45 8 15
60 59 52 39
7 52 19 28
86 46 23 224
88 51 31 175
12 17 21 35
66 41 49 73
124 29 32 6
18 23 16 144
33 23 28 144
5 26 49 121
94 19 1 44
13 14 28 155
58 45 19 156
1 9 13 117
102 58 16 106
10 39 19 215
91 30 31 18
17 26 19 121
91 53 28 196
136 32 43 81
56 14 34 145
42 13 37 105
35 27 10 40
45 33 37 188
105 57 39 58
84 10 22 64
31 3 49 38
14 11 31 78
15 33 19 219
8 33 37 219
89 18 1 23
36 55 43 147
4 17 33 35
50 34 13 99
131 45 21 183
35 33 19 225
43 22 7 27
39 12 19 92
99 10 28 30
143 42 25 172
51 23 43 115
125 38 20 165
83 41 4 73
101 13 37 95
118 5 5 104
120 42 13 3
42 30 7 204
70 39 25 215
108 9 31 189
35 13 40 105
38 50 13 157
89 45 10 156
82 33 13 219
7 2 9 94
147 15 8 122
11 19 19 173
41 23 49 144
78 46 41 17
142 27 10 206
41 10 10 33
32 38 20 91
49 11 43 78
8 50 25 157
6 46 4 17
37 59 43 216
137 21 4 116
97 3 19 187
44 45 20 15
113 10 1 200
122 27 19 31
114 2 2 139
17 23 45 144
145 34 28 167
68 53 4 60
56 22 13 56
54 58 7 220
45 49 49 171
41 22 13 27
100 17 23 35
118 47 28 5
93 9 25 186
11 36 16 50
50 49 43 171
32 59 7 39
91 58 3 106
137 54 19 72
95 27 10 2
63 5 4 182
127 16 17 170
50 10 16 30
62 53 13 196
46 11 7 13
101 19 20 42
12 57 25 58
95 14 22 36
120 55 39 89
46 57 41 58
40 9 25 168
20 13 49 105
100 27 11 31
54 24 10 22
60 19 49 173
102 33 37 225
136 34 7 65
30 3 4 38
60 3 4 187
75 22 19 56
114 33 25 132
75 33 43 149
29 29 10 221
66 34 10 166
98 19 19 44
44 3 43 38
86 18 1 193
87 28 9 176
49 48 55 218
39 45 28 3
40 10 37 30
13 17 1 35
116 22 4 56
146 20 16 16
142 10 14 33
126 40 9 140
117 25 35 122
86 13 10 105
119 9 31 186
125 58 17 218
144 46 37 17
55 45 7 183
107 14 22 145
8 8 3 26
57 36 16 211
19 31 19 134
93 20 16 208
114 8 37 189
25 24 7 190
3 48 19 218
8 34 10 49
37 49 31 171
92 18 7 141
71 36 46 50
10 50 13 148
13 21 4 113
75 13 28 105
82 36 37 50
43 10 1 33
62 12 19 43
24 40 1 52
42 42 28 52
96 35 10 107
40 20 11 45
105 16 9 170
102 51 43 117
121 5 17 137
42 21 31 116
34 51 13 135
94 20 10 208
13 24 25 190
74 53 8 196
12 56 17 195
55 28 4 203
131 33 25 149
84 6 25 143
98 29 26 6
73 22 13 175
93 33 49 219
100 15 29 123
61 27 20 206
128 54 15 63
40 52 31 39
146 18 25 223
113 19 9 42
97 56 29 118
10 27 23 2
113 42 31 19
46 21 13 116
139 15 4 123
62 21 4 84
51 31 21 59
111 45 19 128
111 50 9 148
80 58 13 220
142 50 37 148
52 33 31 188
54 4 49 212
96 29 21 221
65 21 3 191
32 55 40 179
34 10 1 209
4 45 8 131
46 35 37 70
147 19 11 42
100 22 7 56
33 4 37 212
142 34 34 24
6 6 1 10
68 25 43 122
117 57 46 58
134 9 49 168
65 4 7 217
56 52 55 28
60 43 23 128
143 28 9 25
5 34 11 53
84 35 10 46
112 12 28 106
133 16 13 65
48 24 1 67
135 53 7 203
49 42 21 52
66 33 38 149
146 15 19 123
130 43 26 184
112 22 16 175
149 33 31 225
59 15 4 133
129 16 7 129
145 28 1 110
115 34 8 167
38 19 17 42
116 15 1 24
72 12 25 106
13 11 49 78
71 54 19 152
66 19 31 44
47 16 21 142
90 58 9 194
47 21 4 209
36 13 52 105
127 18 1 141
148 15 5 24
150 58 13 145
33 48 31 218
15 15 7 133
60 51 1 48
93 42 7 172
18 8 31 96
67 5 14 182
149 50 47 157
118 27 17 2
47 18 25 114
11 53 10 60
21 4 37 217
54 19 31 173
112 42 34 64
39 58 14 106
120 24 16 190
44 34 17 85
105 34 16 49
135 5 19 74
66 28 4 131
32 40 10 52
46 52 25 28
45 51 1 117
57 45 9 128
116 42 13 172
8 16 1 14
18 35 1 107
1 24 19 67
33 30 43 204
120 51 28 207
30 48 49 153
40 60 43 112
81 20 8 208
74 28 11 160
108 38 9 91
135 34 4 49
73 53 31 60
20 16 17 62
62 28 17 131
99 24 22 84
120 45 3 156
46 22 1 175
57 15 5 225
132 8 32 26
10 35 31 46
16 38 34 148
69 13 46 105
120 5 25 182
40 2 40 167
12 31 7 59
18 52 55 39
38 58 22 106
78 60 45 179
148 44 25 163
71 41 28 73
135 28 11 110
7 18 25 141
32 2 2 93
83 16 20 14
113 33 25 188
139 21 25 84
22 5 3 104
34 23 52 144
145 44 25 146
105 39 55 215
49 53 10 203
26 51 4 48
63 42 10 3
109 51 28 175
124 51 37 207
18 13 43 95
74 2 28 74
16 24 26 67
136 51 4 135
43 4 19 212
5 25 19 122
2 54 7 138
28 58 23 220
106 18 9 202
138 34 27 170
85 50 17 148
26 20 10 16
101 58 46 194
16 21 16 116
82 41 52 73
40 48 7 218
3 40 3 52
94 43 4 71
26 25 13 122
82 43 5 128
127 2 34 93
48 13 55 105
146 38 4 3
55 13 31 105
27 55 4 147
3 13 46 95
62 43 25 71
1 35 7 93
70 6 1 158
15 28 10 150
15 53 1 42
133 53 28 203
129 3 32 187
72 27 16 206
24 32 49 81
21 16 10 142
134 27 21 2
140 10 37 33
51 10 26 60
139 27 21 40
70 15 9 66
130 45 19 131
23 10 33 48
46 43 23 184
27 54 19 12
20 15 25 123
128 9 19 186
106 35 25 46
141 34 5 122
14 27 19 2
140 53 1 60
133 8 33 203
30 9 37 186
25 13 31 95
6 35 33 104
58 48 25 153
136 17 37 35
13 35 16 46
41 40 23 140
45 52 43 39
24 23 55 144
117 45 1 15
85 8 19 200
20 34 13 166
109 12 13 92
73 9 7 159
64 50 17 58
44 2 27 139
91 45 21 125
75 5 9 104
134 38 1 165
81 28 5 25
16 34 29 87
138 38 19 201
100 38 4 91
32 30 55 18
122 40 23 211
65 5 29 182
88 8 19 96
29 54 13 72
10 5 1 104
28 10 25 33
134 24 25 111
59 50 15 148
83 5 7 85
26 18 31 202
34 11 25 78
15 27 41 206
110 5 11 182
49 56 37 118
32 22 28 27
139 16 7 142
113 22 37 56
43 26 55 121
76 58 25 194
98 14 9 145
139 10 1 92
98 24 13 67
68 21 10 113
118 24 7 67
25 35 13 168
29 9 49 159
93 22 10 27
58 15 13 208
5 21 7 209
66 47 17 223
86 55 19 147
129 15 25 133
95 21 25 209
104 35 39 168
21 34 15 85
131 38 1 75
31 52 13 28
27 18 31 114
102 54 7 57
33 51 10 175
59 6 10 164
132 38 25 201
58 34 8 49
91 18 7 114
76 45 1 66
65 58 35 218
39 43 32 71
93 38 34 91
77 34 7 166
81 6 16 24
22 21 32 209
32 15 23 14
89 58 31 70
52 45 14 15
115 38 16 3
53 22 4 175
83 46 9 224
69 28 9 110
122 22 10 220
68 34 21 24
22 43 10 56
125 12 31 92
127 6 13 24
41 20 19 208
33 16 1 170
78 35 19 93
100 42 32 3
55 2 15 19
44 57 23 58
90 54 3 138
8 47 17 120
88 54 37 205
144 45 1 183
147 6 22 83
55 21 20 88
73 18 19 114
43 40 5 141
10 3 52 134
64 45 1 128
73 2 25 66
86 42 13 52
2 22 19 175
29 31 55 134
133 6 19 83
96 43 19 87
87 8 25 225
63 21 1 116
92 38 28 201
137 18 13 193
95 53 37 159
88 22 49 220
23 24 10 67
104 19 11 44
26 23 56 115
116 6 21 164
67 4 25 217
101 43 35 133
80 16 2 125
115 50 34 194
103 10 10 209
97 13 25 105
49 2 13 74
16 49 55 95
111 12 26 173
95 28 8 197
74 10 4 92
125 28 25 203
59 17 46 36
83 2 34 100
99 27 7 31
127 50 31 194
55 48 37 218
31 11 55 78
111 2 13 113
2 50 31 157
63 48 37 153
76 2 31 16
50 9 25 189
94 10 31 200
94 6 7 24
52 13 40 95
91 2 25 19
61 8 7 200
138 24 7 111
45 6 4 143
41 28 21 197
150 2 10 167
8 22 33 220
146 53 13 159
64 21 14 209
71 38 3 202
34 37 55 212
41 19 32 42
53 47 37 89
67 43 1 26
104 34 13 85
44 56 3 195
138 46 31 224
140 28 17 197
35 45 14 131
110 58 34 70
27 38 16 75
115 33 1 219
123 42 31 172
93 8 1 83
34 6 16 164
120 34 19 24
1 60 28 112
31 31 37 59
70 28 7 87
102 5 20 182
28 18 13 100
87 27 7 2
142 12 28 92
43 43 10 26
103 21 28 88
75 28 13 197
75 27 7 206
139 8 38 91
26 28 23 176
150 5 23 182
18 19 25 44
11 28 2 203
57 38 13 75
50 51 20 135
99 46 39 17
71 50 17 157
125 21 27 116
15 16 5 55
116 8 49 225
130 56 33 195
48 18 13 23
23 49 25 95
37 4 49 217
24 16 25 170
87 16 4 170
36 24 7 139
110 43 20 71
77 6 34 137
94 44 46 174
16 7 4 37
52 42 25 3
23 2 4 167
27 42 9 19
21 20 21 45
44 42 7 107
5 40 13 185
4 14 19 145
48 8 37 193
107 24 16 67
26 43 1 102
78 40 2 12
79 38 13 91
134 8 37 203
105 45 31 183
10 16 4 62
109 2 25 74
55 52 43 28
107 6 7 83
40 28 1 176
69 12 16 92
132 25 11 103
36 50 31 148
50 5 7 104
113 27 7 40
73 60 49 179
127 38 22 30
70 43 17 147
136 19 39 42
123 19 7 173
31 58 1 172
67 46 37 224
61 28 3 57
5 24 15 84
23 58 17 194
14 59 49 216
20 31 34 59
45 40 25 52
41 34 17 99
92 34 35 65
13 18 7 193
95 18 31 141
106 2 22 16
148 54 37 104
90 50 37 58
22 53 16 196
131 43 7 128
58 12 39 173
16 4 43 217
49 38 1 148
139 20 19 45
119 22 40 175
82 13 34 105
36 4 25 212
23 35 1 168
28 21 10 84
101 2 22 201
150 38 1 30
79 24 21 22
135 38 40 148
71 28 7 22
116 24 31 25
104 8 43 200
90 40 29 211
75 57 32 58
145 18 31 193
64 37 37 160
133 43 5 184
148 40 19 140
117 6 13 10
87 35 43 107
79 43 19 102
56 27 31 206
33 8 13 156
25 38 38 202
48 16 28 55
113 58 11 70
105 40 7 52
19 58 31 106
127 58 46 145
60 18 19 23
77 56 9 118
17 28 1 57
105 51 22 207
121 10 4 33
103 55 25 70
62 5 1 46
41 35 26 104
108 24 1 25
2 8 43 91
12 10 34 200
129 5 11 137
75 15 25 208
12 50 29 194
39 6 16 83
58 40 23 141
88 12 9 64
96 53 16 203
20 27 3 206
66 18 19 193
64 58 22 70
27 50 7 194
131 20 13 16
7 38 38 75
80 51 20 6
145 9 43 159
6 34 13 87
23 12 7 106
67 22 31 56
110 47 41 223
121 56 19 195
44 48 55 153
22 10 25 92
104 21 31 113
87 9 32 168
62 15 11 133
39 33 43 219
127 8 25 91
63 16 17 129
97 27 16 31
106 50 28 148
57 28 29 197
3 58 1 106
36 12 22 43
85 6 25 158
60 4 43 212
1 40 4 185
52 14 37 36
3 21 28 191
130 33 44 188
70 27 13 194
110 16 1 62
134 54 31 138
61 44 34 146
13 13 19 105
119 21 16 191
20 42 19 64
19 51 25 207
110 19 7 42
20 3 31 134
4 44 43 146
119 12 13 173
142 21 7 191
130 20 23 150
136 6 9 126
128 5 13 46
120 21 31 191
42 28 19 110
74 5 1 182
38 2 25 93
139 12 28 64
137 34 27 122
129 42 16 52
95 34 19 166
132 18 19 27
30 31 13 59
51 5 19 104
3 43 10 71
85 10 43 48
52 8 7 189
116 58 38 172
33 28 17 57
126 12 16 64
36 51 13 207
53 28 13 57
106 15 31 14
25 9 43 100
148 33 1 188
84 12 43 92
55 38 1 91
8 6 7 10
137 43 7 147
88 28 3 176
77 47 32 5
26 54 15 201
38 47 31 89
61 45 22 131
28 20 8 16
27 47 46 223
125 5 35 46
40 15 23 225
37 15 11 123
51 8 7 96
28 24 1 111
18 34 19 143
33 27 22 31
29 30 37 18
49 50 5 148
17 2 9 201
144 8 25 210
29 53 31 159
81 22 34 27
30 18 25 23
54 60 25 179
88 25 25 103
80 18 37 141
110 34 3 53
83 55 22 147
70 21 37 145
111 21 38 84
124 27 13 40
47 2 1 201
137 12 34 173
3 4 13 212
92 10 19 48
141 12 34 112
15 21 25 88
108 8 39 220
27 28 1 22
147 45 31 125
115 6 13 164
112 17 9 35
65 20 13 150
80 34 4 85
150 10 37 209
32 44 49 163
25 27 28 40
29 21 7 84
69 40 7 54
99 6 25 24
12 4 55 217
107 21 40 145
148 58 11 106
142 40 26 54
23 28 23 25
56 34 23 24
119 53 19 159
34 24 34 66
78 6 10 158
68 54 13 130
96 12 40 92
123 15 3 24
149 8 37 210
5 2 21 167
93 12 31 64
65 40 1 54
111 33 31 149
68 16 2 55
91 44 43 163
81 42 31 221
143 15 7 225
37 58 17 172
118 42 44 52
142 16 5 14
17 27 43 194
9 32 19 81
31 6 7 158
57 6 31 10
104 6 15 142
72 24 31 190
21 43 2 71
31 51 10 207
31 53 20 196
52 28 11 176
1 21 1 84
99 56 31 118
65 45 20 3
111 16 7 125
8 38 21 148
120 16 22 62
126 28 7 25
130 9 7 168
77 24 43 22
1 2 22 94
78 10 22 92
145 51 37 48
90 13 43 105
51 28 31 176
80 12 46 92
4 46 46 17
87 18 37 100
31 10 34 33
2 10 37 64
107 10 19 30
146 9 43 186
98 56 11 195
39 21 7 113
77 21 37 88
38 30 49 18
71 53 37 60
11 8 31 83
17 51 31 117
69 58 11 172
138 16 22 65
63 54 20 57
138 15 13 14
133 24 15 22
7 20 15 45
59 2 7 43
55 34 13 143
42 9 21 117
18 27 13 31
17 34 15 170
24 54 13 138
89 40 19 54
30 2 22 53
7 43 13 128
145 15 11 122
35 54 25 12
6 16 11 170
96 6 27 10
120 56 35 118
4 18 13 202
53 43 23 56
3 49 49 95
90 43 7 102
61 43 13 26
1 34 10 85
10 40 25 140
106 16 34 62
9 18 13 114
53 9 25 100
117 35 16 93
134 40 4 211
140 9 7 186
129 58 23 172
129 47 35 223
5 47 31 223
72 53 28 159
58 25 33 122
99 35 4 107
50 44 40 163
140 8 50 26
103 2 7 100
121 2 28 176
71 8 13 210
103 8 37 83
105 28 5 87
126 8 31 156
135 43 21 133
103 47 5 5
121 51 25 48
139 54 9 63
9 34 1 99
69 45 25 156
11 16 8 55
77 5 4 74
66 51 25 117
88 27 13 206
22 16 5 129
75 48 49 218
128 40 5 52
103 43 19 133
56 38 7 3
115 45 31 131
73 28 5 160
23 9 19 168
25 15 16 123
145 8 3 210
19 10 7 30
115 16 10 55
119 17 35 36
34 2 4 201
146 5 23 85
133 21 22 116
60 21 13 191
148 35 13 104
109 54 19 138
121 54 13 12
133 35 25 174
21 8 31 207
26 8 25 96
134 28 15 197
83 6 40 10
131 35 4 168
30 5 7 182
6 40 16 140
49 33 25 219
43 16 13 170
82 27 27 194
77 20 29 150
2 21 34 88
9 28 37 57
92 22 37 167
40 34 3 65
107 45 13 125
34 53 19 60
2 6 25 164
124 54 1 63
118 54 37 63
147 34 1 49
57 16 7 14
12 12 10 43
53 46 34 224
35 12 33 106
68 46 49 224
125 8 13 200
36 22 16 167
89 38 39 201
10 43 28 71
2 45 14 183
140 51 28 117
15 35 13 107
8 54 27 152
59 37 55 160
58 54 15 152
144 35 43 104
114 7 52 37
51 25 15 122
137 20 25 16
42 50 11 194
16 5 11 74
100 10 13 48
134 16 13 142
107 33 43 132
51 46 33 17
103 28 3 87
109 53 7 60
104 47 5 120
116 38 43 148
97 15 5 66
98 15 7 64
79 33 1 149
6 38 27 165
17 37 49 160
126 47 44 89
141 10 25 200
44 6 13 126
47 45 10 125
76 51 16 135
138 36 43 211
29 34 19 65
102 43 5 75
145 54 7 205
92 58 1 220
25 2 2 70
107 2 28 43
77 28 1 131
91 43 17 48
72 42 34 107
38 48 43 218
86 58 39 106
87 15 16 66
123 12 13 43
4 35 22 155
63 24 31 67
71 57 43 174
44 8 31 52
3 5 7 46
93 2 40 43
108 28 4 197
Điểm tối ưu: 1597
Thời gian: 16.6259 giây
Trạng thái: PARTIAL
