2386
167 30 43 133
127 30 13 45
126 30 25 133
121 30 55 133
109 30 43 45
86 30 25 45
52 30 3 45
49 30 7 45
197 19 31 98
168 19 1 98
157 19 43 98
121 19 49 244
64 19 49 98
59 19 25 98
37 19 25 234
34 19 43 152
29 19 7 98
10 19 15 152
95 42 1 281
147 62 25 122
179 60 28 135
169 22 19 267
157 22 16 267
156 22 19 277
142 22 34 267
123 22 43 267
113 22 16 277
111 60 9 189
110 60 25 135
110 22 31 267
105 60 31 189
102 22 13 267
99 22 22 277
62 22 1 277
49 60 1 135
45 60 31 135
35 22 22 267
185 43 7 47
166 68 1 132
153 43 9 20
129 68 1 165
83 80 19 11
56 80 21 224
54 68 1 254
40 43 1 20
35 43 7 237
17 68 3 188
12 43 7 257
130 23 1 255
139 18 4 132
90 72 13 13
72 70 5 49
133 9 1 102
124 58 7 87
57 9 1 136
57 43 3 47
79 80 31 156
136 80 19 131
49 43 31 47
104 30 7 187
99 68 19 132
145 80 31 131
127 36 3 55
165 30 19 187
109 60 7 135
103 80 25 11
21 42 1 12
71 19 7 244
116 46 1 19
173 30 1 187
108 30 55 45
200 22 25 267
115 22 31 277
53 22 34 277
124 31 25 112
140 80 31 11
42 46 1 266
117 19 7 152
168 22 37 277
6 36 4 14
82 30 31 133
181 19 1 244
146 56 22 245
125 9 2 115
92 68 27 254
38 19 55 98
141 70 5 92
134 46 1 63
136 43 27 47
163 31 25 129
166 30 49 45
80 70 5 98
92 62 14 97
1 68 19 254
193 60 37 135
100 60 13 135
176 70 5 150
98 80 25 156
171 40 1 64
68 30 31 187
143 30 25 187
135 30 19 133
76 30 19 45
186 22 37 267
112 30 13 133
184 22 1 267
56 43 1 237
147 22 40 267
23 68 37 132
187 60 1 189
132 46 4 18
18 43 25 20
161 73 43 273
159 19 43 244
131 30 55 187
144 13 1 179
36 72 19 12
42 19 19 234
35 36 11 14
113 60 43 189
191 30 49 133
164 45 10 30
99 60 43 135
168 60 22 135
20 36 4 116
85 30 7 133
48 15 38 119
178 19 1 234
54 72 28 171
26 70 11 98
64 68 7 132
41 19 49 234
81 11 1 276
6 72 21 12
105 49 13 284
98 30 1 133
84 15 7 119
147 78 19 160
170 70 11 92
29 27 1 213
41 3 13 252
129 23 4 288
43 70 11 150
188 68 19 188
16 72 20 13
116 43 3 257
75 30 49 187
147 21 10 90
198 68 19 165
42 7 26 250
169 10 1 265
198 60 37 189
155 36 11 116
57 31 37 112
63 70 17 49
181 6 44 1
164 13 1 7
12 9 10 115
64 23 13 297
23 80 3 131
32 73 21 92
18 46 7 19
8 40 25 174
12 23 25 41
68 42 13 208
200 19 21 98
15 44 3 35
185 70 13 92
74 45 3 126
36 76 27 249
3 32 4 56
165 63 43 205
179 19 19 152
198 22 28 267
60 30 37 187
138 28 25 146
81 36 34 128
163 42 31 57
67 5 21 262
177 46 15 63
150 48 7 232
157 79 11 111
161 20 37 200
22 80 16 11
90 35 25 87
199 79 40 286
16 18 31 272
139 35 25 4
143 13 1 183
135 58 17 85
48 72 10 13
90 80 15 156
120 43 25 257
190 68 4 254
139 55 19 217
131 59 7 174
143 32 15 6
36 31 1 129
146 76 25 96
140 2 43 230
27 67 5 173
159 51 4 83
114 80 1 156
57 28 28 146
9 76 15 15
155 45 15 30
173 42 25 57
173 10 31 92
153 26 43 293
66 3 1 79
139 50 55 194
13 21 49 104
119 54 27 54
183 39 13 80
98 70 22 49
117 30 13 187
77 57 1 264
45 36 27 14
22 43 13 47
189 2 15 211
194 47 10 70
23 69 10 176
12 76 19 249
193 29 14 221
172 25 1 100
27 2 37 111
168 68 13 188
120 48 28 270
75 54 2 91
116 20 16 43
128 52 52 139
55 51 25 282
154 63 37 18
85 19 49 152
61 34 13 152
137 29 10 196
160 8 2 212
34 18 16 239
16 58 28 106
91 38 29 7
160 3 43 118
175 31 1 49
191 24 13 183
110 45 37 100
104 23 1 41
146 70 11 49
139 37 43 242
168 2 7 42
125 51 10 174
28 16 3 260
48 55 25 101
5 57 15 55
97 53 37 151
161 22 40 277
153 80 25 224
166 43 10 257
189 23 1 25
122 42 13 57
132 42 13 177
55 42 13 281
26 58 7 238
174 3 14 29
135 68 37 165
95 63 31 185
17 26 31 214
127 34 5 29
135 34 40 104
8 20 13 43
130 42 13 12
19 59 22 242
176 40 1 23
99 31 31 234
83 61 13 27
104 42 13 58
98 41 19 247
169 24 49 128
178 38 17 7
18 13 28 163
17 9 1 175
66 63 43 71
196 46 1 18
86 56 17 245
38 56 13 232
113 15 49 275
79 52 40 21
52 78 22 160
170 67 17 90
99 46 27 63
187 65 25 117
108 32 3 90
28 56 23 167
118 42 19 57
83 68 10 188
27 59 16 220
48 63 13 71
156 23 43 297
143 53 7 123
93 72 1 13
100 67 9 74
189 68 4 165
19 54 19 33
25 78 4 127
145 66 25 120
60 20 22 43
109 70 33 49
177 67 13 154
60 67 5 198
108 16 32 229
61 76 37 222
122 9 23 175
186 7 13 26
144 61 10 211
75 14 13 273
167 79 7 286
90 18 33 182
12 80 3 224
148 74 37 212
16 2 7 293
197 79 5 4
173 23 14 41
49 72 11 12
124 22 49 267
183 12 16 143
93 7 13 145
75 36 10 55
53 72 49 171
94 54 9 124
47 2 26 211
171 66 43 188
116 42 31 208
22 65 7 131
40 23 15 25
133 46 35 18
197 32 13 130
101 63 7 46
9 24 9 248
153 2 16 279
35 45 25 30
151 45 33 172
138 66 21 83
134 45 25 126
104 68 43 165
41 70 19 49
142 15 21 96
154 51 31 225
194 4 1 73
141 7 25 145
132 23 25 25
23 25 20 211
72 25 27 151
22 64 1 246
74 35 37 293
131 74 16 84
84 42 39 220
175 7 31 9
174 42 19 220
175 67 17 172
31 32 55 285
195 35 50 223
167 70 19 150
141 17 19 137
120 55 31 261
157 7 38 146
164 16 31 217
26 33 51 169
123 23 16 255
98 56 11 62
96 75 16 297
89 37 37 232
49 15 13 34
83 50 37 282
52 63 7 185
75 44 25 219
197 56 7 125
116 32 7 63
123 58 35 106
114 38 9 23
165 23 31 255
80 40 19 38
142 9 19 84
187 64 7 1
97 16 19 238
138 62 1 158
28 41 25 209
165 25 16 191
51 23 13 255
120 59 16 73
89 4 1 185
34 4 3 147
137 65 25 141
62 29 16 161
55 44 35 222
56 26 49 35
161 15 19 178
126 52 19 68
82 22 46 277
24 55 37 101
196 16 13 121
184 39 32 199
41 9 21 175
27 75 7 299
131 43 31 20
58 31 25 190
6 44 23 142
180 24 25 272
170 63 43 19
16 69 16 283
88 15 37 236
16 75 34 58
62 31 19 67
80 41 25 58
38 20 19 291
129 33 7 139
134 79 11 279
183 78 25 72
104 62 25 252
109 27 37 97
32 69 8 283
176 66 27 50
66 76 25 15
35 70 29 150
36 36 21 14
20 57 33 256
155 76 27 81
80 3 33 263
164 56 22 125
30 23 39 288
88 16 49 166
47 53 19 256
11 12 37 82
200 12 13 109
79 55 19 60
25 23 15 224
144 36 23 14
106 13 1 282
115 55 1 101
54 18 19 210
102 43 31 237
94 45 40 30
156 41 15 235
31 63 19 29
164 28 5 299
37 9 16 115
137 5 14 16
198 2 4 211
187 72 5 12
183 46 3 19
191 15 26 236
22 66 25 77
126 70 33 150
8 15 31 194
24 18 28 196
114 67 25 173
107 33 43 181
63 61 7 240
190 79 13 40
163 7 9 180
44 70 13 49
125 41 19 120
152 10 23 138
156 2 31 288
53 18 27 84
194 49 23 240
148 17 49 64
43 47 16 81
128 3 3 8
117 66 31 210
89 63 13 117
149 11 7 74
121 71 1 299
63 36 13 14
8 34 28 29
166 73 13 88
108 41 14 209
188 3 31 170
188 28 7 5
186 64 17 104
10 55 31 294
28 74 10 67
192 39 1 222
175 20 19 43
63 10 15 247
9 8 1 279
144 73 7 291
14 47 7 105
190 63 7 298
16 70 23 150
77 5 17 243
173 27 33 257
96 69 10 154
190 27 44 4
125 64 31 49
112 80 37 224
143 50 19 146
38 67 11 106
172 59 34 99
23 17 43 247
64 69 1 166
161 68 31 254
122 37 31 271
76 12 26 290
10 46 7 18
117 16 19 216
4 48 7 205
191 43 4 20
163 71 4 284
81 52 37 117
162 67 33 171
66 26 31 292
8 55 7 217
189 31 37 234
199 12 3 138
140 71 25 42
64 44 11 142
118 17 31 252
33 41 19 8
10 35 50 19
114 26 43 109
101 17 1 294
141 44 10 235
146 78 15 288
122 29 9 27
197 18 21 272
115 18 7 210
167 15 1 194
60 72 11 171
111 53 25 192
158 49 15 295
18 44 17 247
119 73 4 273
151 16 26 217
118 58 5 85
129 36 19 14
119 58 23 19
86 76 37 246
7 74 4 161
139 23 31 41
32 56 5 191
190 3 37 118
148 48 7 270
48 46 17 18
126 66 22 48
119 68 13 254
2 12 25 161
99 55 1 84
19 58 17 87
20 16 25 153
100 40 19 174
101 36 19 128
64 6 16 53
99 16 50 216
150 28 9 54
151 18 19 9
57 57 8 192
52 76 15 249
133 40 19 64
197 73 1 88
84 77 13 33
156 34 11 208
39 41 23 8
80 49 16 248
112 53 43 276
38 39 3 80
189 13 27 107
122 79 19 279
96 13 19 114
83 21 33 190
168 65 43 227
78 8 23 181
102 74 7 158
40 77 22 229
170 28 25 200
188 21 13 204
126 71 11 113
188 58 1 87
170 16 13 229
161 34 13 262
111 77 31 265
180 21 19 251
198 20 13 291
94 5 7 243
19 33 3 167
145 59 28 220
39 24 19 248
187 25 28 274
164 18 13 83
106 9 22 102
190 60 34 135
131 49 19 70
35 40 13 38
60 75 19 171
14 42 19 177
88 33 28 247
18 75 13 35
12 20 28 103
51 46 9 18
182 15 33 281
173 2 37 281
108 73 8 273
98 71 29 299
105 50 7 99
111 15 43 34
103 49 5 70
111 64 7 233
30 38 13 161
192 62 37 122
66 68 37 188
74 24 25 183
154 46 23 266
41 73 4 88
31 17 13 167
160 11 32 191
72 65 7 266
24 74 7 140
150 11 11 74
52 8 39 37
118 40 7 143
2 57 19 55
23 10 41 234
192 21 13 23
47 65 1 219
175 39 13 128
70 59 7 242
148 26 19 184
47 10 17 92
141 15 49 80
141 76 43 197
58 56 5 27
108 58 19 19
70 63 25 19
173 71 7 136
65 59 25 269
148 34 47 78
7 29 25 287
20 2 7 193
111 4 21 51
137 11 38 103
126 64 2 233
72 40 10 38
77 71 28 130
66 34 23 104
147 56 17 147
112 26 7 35
21 8 19 166
25 38 19 91
36 7 31 159
60 34 13 175
149 5 31 262
113 48 28 257
153 79 1 227
60 27 43 75
107 40 19 143
50 21 3 104
51 65 28 100
144 10 4 139
142 65 10 22
107 73 25 273
194 77 3 109
152 72 5 13
189 63 31 298
16 4 1 147
58 33 13 61
107 15 13 178
52 23 19 41
151 15 49 178
106 50 32 268
190 6 22 225
160 10 25 206
115 69 37 297
4 4 5 144
184 27 19 204
54 43 16 20
35 41 50 110
186 3 7 236
195 26 25 60
4 68 37 254
169 64 11 194
140 58 17 230
90 55 49 122
130 75 40 93
112 21 22 190
59 58 23 230
119 60 16 189
28 23 34 41
54 45 40 70
138 7 13 9
174 18 31 86
187 3 43 263
146 62 33 148
169 46 3 63
148 19 13 244
31 24 1 269
84 8 4 193
68 53 21 74
131 21 1 190
87 50 25 283
104 63 49 177
18 55 37 60
115 70 13 150
152 58 9 19
121 79 5 269
2 65 13 185
199 56 7 147
9 58 13 87
64 3 32 259
47 26 7 239
142 18 38 182
106 73 16 273
161 32 34 255
40 54 28 198
163 41 1 259
4 17 25 164
189 65 50 22
92 58 1 230
26 29 28 114
6 68 16 254
9 20 39 203
97 27 27 61
80 72 45 13
86 27 1 97
178 3 19 170
198 29 22 257
185 39 49 222
91 65 7 22
39 28 16 65
84 31 25 49
135 77 27 138
185 15 55 96
38 57 22 2
169 31 31 129
143 60 34 189
70 71 17 102
154 48 27 245
85 11 17 166
14 27 15 257
184 77 15 246
115 39 15 296
16 59 37 36
142 57 7 264
119 26 19 104
152 33 1 61
154 43 10 237
190 15 15 236
1 2 37 156
113 20 22 111
82 42 19 208
149 46 15 266
70 64 35 161
124 11 13 295
144 32 16 154
166 11 29 239
163 47 38 275
196 74 25 8
109 80 49 131
199 5 19 124
194 55 19 227
44 43 22 237
103 35 31 22
136 59 13 174
56 13 13 105
31 39 25 83
69 62 37 265
116 63 21 115
148 40 1 38
96 15 1 96
21 75 13 203
94 24 49 121
137 38 29 14
17 62 19 252
182 27 13 18
156 74 1 161
17 35 13 19
89 17 7 113
114 12 19 82
68 44 19 164
104 55 31 101
27 76 43 81
69 40 50 38
184 56 13 290
80 58 3 238
153 70 7 49
32 45 37 164
115 45 28 70
71 5 23 243
146 50 7 17
42 22 7 267
19 22 7 277
14 4 13 78
169 66 26 34
8 24 37 121
151 71 31 130
196 69 28 298
29 78 19 59
190 36 25 55
63 63 1 162
48 12 7 138
82 41 5 209
140 16 9 120
157 75 22 203
102 72 43 13
87 66 16 120
170 59 1 148
75 16 32 273
145 35 49 239
9 41 22 13
4 58 34 85
158 70 35 150
181 53 19 215
49 25 19 282
160 21 5 104
170 54 4 65
102 21 10 204
196 18 31 44
114 4 22 119
105 8 20 102
147 20 13 171
7 48 19 257
46 74 4 156
117 26 49 48
3 46 31 266
88 21 1 104
162 4 31 147
183 4 10 226
200 38 19 23
6 25 1 2
109 65 26 132
74 6 16 16
91 53 1 24
47 69 4 179
37 18 37 172
141 77 1 4
63 26 31 62
91 36 31 55
180 8 4 271
61 47 5 234
11 78 13 216
107 78 3 180
97 36 23 55
24 47 10 6
14 8 35 181
120 16 19 153
56 25 16 260
82 2 28 292
91 52 33 196
75 21 17 253
70 78 4 48
128 8 1 116
41 42 43 57
17 37 7 268
73 35 31 223
9 27 33 250
70 43 13 237
167 50 13 99
181 29 7 163
35 37 1 11
124 49 35 220
171 74 28 161
5 25 25 199
6 8 19 37
103 74 16 194
43 43 34 237
20 79 21 40
55 20 44 171
193 45 46 164
90 41 31 235
101 71 22 136
171 10 7 284
46 39 7 128
151 53 43 215
166 65 7 104
67 20 16 213
29 8 22 37
19 16 43 126
34 34 1 152
7 27 43 99
158 28 29 44
150 26 25 104
50 40 28 38
130 73 4 95
48 76 31 81
31 26 43 62
21 39 43 43
28 58 1 106
155 41 1 181
123 16 7 200
38 80 25 131
195 48 9 190
155 4 25 185
189 58 47 19
94 16 1 78
197 62 25 97
89 43 43 257
15 47 8 263
42 13 43 282
73 71 13 125
96 37 32 144
79 15 3 178
132 51 31 179
186 34 23 89
114 37 13 280
174 35 7 24
38 36 1 55
75 46 23 63
60 26 1 293
198 16 45 120
19 56 41 245
106 57 38 292
76 66 13 210
10 74 1 93
93 27 37 3
113 43 13 20
132 61 1 287
2 51 1 258
32 74 44 193
149 33 33 108
62 79 4 40
99 44 5 145
64 12 25 118
2 77 10 202
53 57 16 192
129 61 31 33
133 2 37 168
9 67 7 154
78 62 19 148
7 45 32 100
66 8 13 279
97 37 7 8
74 58 1 238
50 53 13 215
95 65 25 262
70 56 29 232
51 29 49 146
193 66 1 85
197 28 19 299
30 40 33 174
37 65 49 254
63 50 43 206
95 45 19 265
119 18 1 239
155 69 19 283
37 41 1 8
132 25 34 163
117 10 29 228
160 32 27 149
87 47 1 263
145 48 19 190
49 3 25 74
37 14 3 291
81 14 3 46
69 80 13 11
73 21 11 105
65 76 38 96
8 3 49 123
92 17 4 67
19 35 31 24
195 55 1 26
200 77 7 162
65 74 22 26
79 10 35 199
32 79 17 269
172 41 13 235
36 71 17 125
150 49 5 248
60 35 15 223
154 45 1 164
139 66 34 27
129 69 44 154
11 64 29 246
105 28 23 282
14 12 4 121
73 70 29 49
123 20 13 3
136 23 7 288
39 74 13 199
28 65 13 219
18 3 43 162
115 40 25 64
84 45 31 18
126 14 7 114
181 52 10 167
194 50 37 196
147 44 4 142
4 64 22 246
163 2 13 230
175 4 7 36
18 17 1 67
54 78 31 48
29 46 34 266
105 75 1 58
196 65 22 219
172 7 20 261
20 50 37 194
102 31 37 129
177 4 29 78
183 3 32 218
149 66 25 274
117 24 25 248
180 32 31 200
2 71 43 30
199 14 21 294
106 64 4 233
178 24 25 116
196 3 37 261
56 6 34 300
158 67 13 75
50 31 43 49
108 47 17 263
176 76 43 15
53 28 46 119
148 76 43 42
24 33 16 139
184 25 10 163
192 28 4 44
125 59 4 169
117 2 44 211
135 23 46 255
11 5 11 45
49 47 41 221
88 19 13 98
81 55 7 213
146 21 5 97
162 40 25 38
21 13 37 22
138 24 37 116
33 10 2 44
42 61 3 102
13 32 20 206
152 14 13 110
19 50 37 99
122 18 37 73
174 52 25 21
42 44 16 142
64 45 22 18
71 11 4 52
35 30 37 45
120 38 1 92
93 13 27 208
129 26 37 35
44 79 19 4
30 33 26 177
14 73 25 147
66 77 19 21
101 3 13 218
90 62 45 35
68 26 49 212
163 38 7 292
112 7 1 22
182 35 44 22
110 28 5 172
8 12 22 143
92 21 25 300
188 37 15 271
156 79 5 177
29 4 37 78
40 49 25 119
179 55 43 294
41 34 27 175
155 67 3 173
81 40 13 2
12 8 17 37
69 39 7 296
67 41 5 120
67 36 23 116
120 19 37 244
192 14 19 236
21 40 7 2
171 8 23 166
162 31 1 112
28 59 31 77
137 67 23 75
113 76 55 81
21 47 5 213
13 24 31 269
198 52 31 58
116 11 19 74
10 3 39 252
196 67 4 16
152 38 7 91
30 34 8 29
51 71 25 244
47 23 37 25
44 5 35 124
200 39 4 110
18 8 34 166
13 16 25 260
53 34 5 262
194 38 16 216
128 45 28 30
35 75 16 93
177 29 25 163
186 6 4 123
51 64 11 246
164 44 16 219
121 45 13 172
87 79 11 201
99 3 13 79
81 57 43 155
93 29 7 287
42 20 37 213
26 38 33 111
119 5 11 192
128 67 41 172
137 34 34 175
3 53 13 195
140 54 5 267
48 51 19 34
199 29 31 146
82 14 49 165
22 44 5 171
68 51 4 245
133 12 25 202
73 26 20 35
92 26 37 48
79 36 1 14
62 69 32 154
152 40 31 38
44 2 1 211
14 14 28 59
128 50 19 194
121 28 3 1
32 18 25 44
171 38 25 92
160 79 19 286
15 71 17 42
193 67 5 275
77 79 19 20
17 63 49 117
91 35 13 238
12 18 13 198
45 27 19 22
165 70 38 150
45 14 13 31
160 51 21 180
76 21 11 293
33 49 4 140
18 60 19 189
72 69 33 238
32 61 31 276
60 44 31 25
18 65 10 44
62 80 43 156
28 63 19 113
184 52 28 52
67 76 37 42
120 46 5 63
144 67 32 198
179 40 25 23
89 80 10 156
53 39 37 102
83 47 16 72
155 8 13 166
153 74 3 231
127 74 10 231
186 41 25 235
81 10 11 230
92 9 7 175
13 3 7 79
136 58 22 106
127 29 19 139
161 51 8 245
15 4 41 51
51 47 17 221
96 39 7 145
3 64 2 229
12 10 32 284
73 37 49 144
160 77 40 54
2 13 33 7
71 26 43 93
70 49 31 28
58 53 7 276
122 49 1 249
133 50 43 17
136 72 25 171
121 44 35 247
84 12 21 202
129 29 25 65
56 45 38 126
146 55 1 128
45 20 34 291
69 51 16 179
113 7 37 180
159 12 8 161
59 9 13 136
74 11 31 103
167 31 49 67
153 24 49 189
4 11 3 191
166 76 43 96
92 23 46 25
95 4 22 20
134 41 3 209
5 17 2 247
27 80 10 11
126 32 4 154
57 66 25 210
110 41 8 13
142 48 17 205
181 76 49 96
198 74 25 158
33 64 31 104
2 9 22 84
1 54 1 160
99 59 9 286
118 26 1 62
100 51 39 225
121 57 31 139
63 31 19 129
67 4 7 73
55 41 21 8
191 48 1 245
116 75 28 188
43 61 13 212
103 20 43 213
194 74 26 271
48 34 4 175
58 13 21 112
92 25 20 17
110 71 10 129
155 33 50 181
55 54 5 265
143 69 37 283
172 23 7 255
183 21 41 13
124 29 2 207
180 49 2 83
129 78 10 127
102 41 20 235
164 25 7 260
123 52 31 70
108 31 44 129
87 24 45 195
174 64 1 28
149 49 17 242
200 28 31 260
96 61 25 229
54 20 13 137
96 71 23 129
106 68 7 188
41 46 17 19
88 59 25 230
128 10 14 139
127 73 25 265
39 27 1 250
156 66 7 83
40 38 7 75
124 64 5 10
130 27 31 4
48 6 1 53
103 14 1 31
183 29 28 76
166 2 31 168
190 56 2 60
68 37 25 280
172 26 43 48
115 6 49 300
167 4 9 36
129 56 28 173
180 52 44 21
185 69 31 166
161 54 1 218
55 26 37 14
145 8 1 159
118 53 37 123
137 33 1 108
85 33 28 181
125 61 21 290
114 73 37 291
53 14 9 31
163 25 22 126
157 58 7 85
123 41 21 247
98 27 38 61
71 2 31 193
52 38 1 46
134 70 29 98
91 37 19 280
169 72 35 12
32 32 40 255
179 75 31 297
3 76 9 222
169 55 7 285
17 65 25 212
104 27 55 224
30 13 1 252
156 43 25 237
65 40 43 64
143 18 4 87
184 20 25 111
123 28 3 146
4 31 13 112
11 77 31 162
29 21 27 264
158 58 11 238
158 33 31 183
134 37 13 181
185 38 10 292
108 49 1 121
123 45 46 100
38 69 31 283
150 10 17 222
121 11 23 52
165 77 4 149
191 18 40 272
197 39 45 30
98 42 7 220
178 26 49 266
129 77 21 4
178 7 7 159
35 69 32 176
131 38 29 177
127 43 43 20
78 26 25 71
168 59 16 36
10 7 25 51
66 15 7 275
130 56 17 60
50 58 7 230
199 39 37 30
3 39 22 221
20 5 17 45
163 61 16 164
60 48 28 75
146 58 19 85
12 35 43 179
162 73 28 291
55 61 49 294
177 64 23 10
107 49 7 168
33 30 43 187
116 9 35 102
96 3 37 217
200 34 28 92
84 76 43 249
36 60 10 135
46 24 49 183
80 67 1 169
36 58 25 85
97 13 50 278
90 68 7 165
113 69 1 204
178 28 11 299
151 55 7 294
86 73 22 95
140 11 37 52
59 63 15 270
39 22 43 277
31 16 7 93
131 17 4 113
185 34 35 81
156 7 37 250
134 10 5 199
83 44 22 164
68 15 7 96
89 78 3 72
55 39 31 128
43 13 3 151
155 42 37 177
174 7 3 51
53 47 25 73
179 54 5 190
80 80 40 224
140 64 14 10
140 57 21 130
188 5 29 16
117 25 3 50
71 47 21 105
132 74 28 212
100 44 17 235
62 55 49 285
27 33 26 139
132 55 7 261
63 29 37 76
153 12 28 82
162 71 13 164
91 34 43 114
89 33 32 169
58 2 44 250
102 10 22 139
37 17 13 113
25 4 31 73
196 64 34 233
33 56 29 167
149 24 21 269
23 71 8 111
43 11 1 191
79 67 13 106
44 71 5 216
22 5 31 243
83 23 25 288
58 47 1 72
90 71 1 30
123 56 1 167
54 25 43 82
15 41 5 259
69 48 5 75
182 26 1 59
26 57 43 139
123 7 37 295
86 2 19 281
82 77 15 298
127 70 17 150
94 56 11 268
158 56 2 192
66 43 16 237
85 25 20 71
75 63 19 185
77 28 4 225
71 53 37 24
124 52 10 21
130 80 21 156
191 67 17 5
77 46 31 63
116 48 10 232
138 19 27 244
145 33 21 61
125 77 13 202
7 51 15 258
131 35 37 64
86 75 50 205
139 63 37 205
130 43 43 47
175 23 22 297
151 54 22 124
138 70 33 92
59 16 38 229
163 65 45 159
37 30 31 45
49 50 37 268
84 25 1 17
195 68 40 254
170 6 27 123
101 52 33 164
176 57 37 131
159 25 14 62
176 65 16 141
174 23 43 41
98 37 13 263
126 18 16 182
159 79 11 269
67 21 9 251
199 71 1 42
192 55 49 227
104 18 4 239
187 23 10 288
85 3 1 170
166 59 16 35
108 52 25 93
131 10 13 227
1 12 22 82
76 69 40 166
125 18 7 86
128 13 25 105
62 42 7 208
105 76 15 276
147 80 34 11
103 29 7 221
192 36 10 128
97 42 1 208
105 43 37 237
34 56 5 62
139 7 13 162
174 6 34 254
166 61 19 287
47 61 31 207
182 56 23 250
94 80 34 156
45 40 38 38
106 28 29 282
76 8 23 193
14 24 9 183
90 12 3 202
166 74 25 67
181 71 5 130
152 24 19 30
36 18 43 198
15 32 38 206
143 59 31 286
124 56 38 27
177 75 43 173
144 69 37 166
177 42 1 57
200 46 17 63
141 58 33 106
194 64 13 140
58 72 38 13
76 74 7 289
78 38 4 23
6 76 9 249
46 40 31 143
164 53 39 263
33 60 13 189
151 78 13 48
15 26 31 239
133 55 31 84
161 75 16 47
44 46 11 19
73 38 15 234
41 33 1 240
35 53 43 123
61 4 9 170
178 51 13 76
65 55 13 101
110 51 19 179
101 53 25 215
104 76 37 249
61 40 25 143
13 20 1 137
159 6 27 225
196 41 19 58
123 66 27 89
99 43 37 47
191 44 10 145
10 62 43 265
47 27 43 95
191 66 7 89
89 46 29 19
20 38 11 295
71 3 13 118
120 35 51 293
154 79 7 27
3 41 17 8
25 34 13 114
195 28 5 41
138 3 43 79
48 40 43 2
15 34 1 273
40 15 49 194
5 15 19 275
93 10 19 225
54 64 4 253
195 59 32 36
107 57 28 2
67 47 1 52
39 42 7 12
140 35 1 216
28 49 17 217
142 11 5 103
20 23 46 224
149 41 37 8
150 44 23 11
42 56 13 287
47 52 13 196
121 35 7 216
7 13 22 163
191 27 31 247
5 22 28 277
20 56 14 260
86 65 34 132
200 74 1 271
14 21 1 291
94 50 13 89
11 38 22 7
147 5 22 192
16 6 4 285
136 21 3 251
96 2 13 52
105 7 49 116
3 57 39 106
154 77 19 221
29 43 45 237
154 13 13 107
6 14 43 291
64 21 28 251
111 29 37 192
148 69 25 176
125 11 17 256
2 8 4 212
108 75 21 151
3 77 19 44
68 40 1 174
25 74 1 140
82 65 37 266
175 25 9 50
167 21 5 152
162 61 10 197
103 4 11 58
27 24 31 195
168 58 11 85
43 25 31 232
170 40 22 64
160 4 10 73
154 3 49 252
200 25 10 191
1 19 27 152
136 28 11 200
25 14 38 59
136 16 50 120
187 4 14 226
27 11 3 276
128 62 37 50
159 3 31 123
109 58 23 85
188 79 4 38
88 71 11 42
134 6 22 123
55 74 10 212
187 53 37 74
80 71 31 175
78 71 29 126
79 12 37 175
6 34 26 251
179 2 34 193
144 65 13 104
147 3 43 261
54 17 8 137
118 52 13 67
143 47 11 52
114 74 34 205
111 41 16 209
112 52 19 26
173 13 10 151
126 43 37 257
135 5 7 16
197 53 9 252
149 57 10 2
97 63 31 29
168 42 25 281
147 34 1 5
178 34 38 5
150 5 13 243
93 46 41 18
159 46 37 63
153 51 19 258
189 41 7 247
174 72 29 12
180 15 7 178
133 67 11 173
24 42 1 220
61 14 16 59
158 11 5 256
73 29 37 231
98 59 43 290
5 71 8 102
17 23 43 224
168 4 5 78
100 23 22 255
70 79 11 227
82 59 25 56
132 6 20 1
196 49 7 121
179 37 7 52
140 5 7 124
13 67 11 5
30 65 4 235
103 2 21 141
151 14 37 273
49 20 49 103
169 56 5 11
69 69 31 68
43 65 19 219
104 39 19 222
40 9 35 115
32 63 1 29
107 50 9 206
162 49 20 140
61 10 7 199
54 47 26 6
82 23 1 288
169 29 46 181
95 18 7 44
182 6 28 194
97 64 17 140
157 28 5 276
12 4 1 119
38 14 37 31
57 15 31 178
102 40 16 64
27 13 51 105
11 67 19 5
198 75 7 262
16 45 13 126
137 61 4 287
109 45 10 164
58 66 40 34
23 23 33 224
195 33 19 149
22 58 10 87
157 45 13 70
65 18 19 169
31 31 49 129
62 49 14 242
45 33 1 177
120 53 7 195
193 18 19 87
142 26 43 212
5 53 31 34
181 78 16 135
112 28 5 5
146 57 37 155
51 55 43 84
199 27 25 3
189 53 19 201
73 18 7 196
30 62 15 50
52 20 43 3
51 67 35 154
188 49 23 233
43 7 7 9
33 55 37 84
30 3 19 154
78 31 49 112
100 69 4 159
115 77 20 181
46 29 1 65
149 52 28 26
37 50 7 33
26 61 16 240
107 29 39 161
65 71 5 129
19 79 29 27
137 52 7 68
145 29 9 207
91 64 41 194
168 72 41 12
93 54 4 282
185 25 19 109
164 61 26 33
52 42 31 12
188 36 25 14
160 64 7 28
46 57 19 192
179 62 15 265
74 65 13 132
27 12 13 228
172 4 11 78
72 34 3 152
131 39 22 128
158 15 7 80
126 62 43 252
4 25 31 149
171 37 13 144
26 22 25 277
70 30 37 133
110 6 40 1
88 32 7 112
127 62 37 148
142 63 27 18
154 38 17 295
69 71 11 133
80 16 7 153
172 54 4 64
100 8 11 193
75 37 37 41
50 56 22 27
9 22 4 277
128 40 31 23
173 58 40 87
44 15 37 178
38 37 7 271
41 44 23 145
120 33 43 61
23 3 13 8
171 11 40 191
36 13 7 107
160 25 15 17
162 47 8 72
46 14 13 165
59 41 7 110
92 34 43 159
199 50 14 146
117 74 34 8
50 18 10 26
127 4 7 144
68 64 11 294
57 21 43 253
76 50 1 118
69 3 43 170
118 51 16 44
57 17 14 131
131 5 11 243
142 37 1 242
184 32 7 6
168 79 34 33
42 54 11 25
190 37 27 197
193 20 22 103
105 66 43 85
87 55 7 101
128 69 10 179
84 59 16 56
51 69 22 176
78 55 31 227
182 78 40 186
65 19 7 234
184 12 45 101
110 38 23 23
128 18 7 172
33 8 11 37
59 57 51 55
106 14 13 169
93 51 49 76
45 12 9 274
85 64 5 28
44 58 17 238
72 49 1 214
94 12 37 202
76 64 16 14
176 15 31 275
193 15 7 281
112 69 25 159
88 55 19 101
24 41 23 235
63 24 25 128
64 73 19 95
109 37 13 197
41 35 9 272
135 69 10 108
77 15 13 119
149 20 1 201
143 52 40 239
4 12 9 82
186 59 27 36
75 17 7 64
66 4 5 170
137 57 40 174
185 68 25 188
31 4 11 170
59 61 43 207
29 66 31 35
163 54 29 21
138 79 17 33
86 20 44 103
67 61 25 165
39 21 31 300
115 35 43 53
192 34 22 159
164 14 43 236
125 69 25 68
65 16 31 216
130 59 10 290
49 33 4 240
89 7 25 180
52 35 49 238
106 58 19 230
193 74 25 46
181 79 27 286
34 38 10 229
77 78 25 127
194 16 51 126
139 32 10 255
8 46 19 266
177 5 11 16
93 4 31 226
56 27 8 34
58 9 19 115
159 68 22 132
1 34 7 189
172 27 25 31
136 18 31 26
117 67 1 75
50 38 1 256
7 23 28 288
28 75 28 262
136 67 39 173
1 10 25 89
135 26 31 14
148 77 28 200
7 11 2 295
132 58 43 106
112 12 33 118
181 77 13 21
96 63 50 298
26 3 37 29
74 78 19 7
9 64 37 33
22 41 3 259
102 35 1 34
151 76 1 117
161 55 25 285
17 20 37 171
7 57 9 233
145 75 13 151
125 39 33 30
183 49 22 100
107 74 22 199
26 50 1 283
10 5 35 16
183 23 7 224
92 53 32 151
20 28 19 99
15 24 25 189
120 20 13 213
51 8 4 290
88 20 43 203
148 68 31 188
127 67 1 173
83 18 2 198
95 5 17 124
122 38 21 75
79 3 25 259
191 28 19 172
103 69 46 166
7 38 7 229
167 39 38 128
187 7 19 260
176 54 14 102
62 26 26 214
172 6 37 1
100 6 1 123
179 63 39 115
146 46 13 266
159 57 39 139
90 52 21 54
158 34 17 128
5 6 37 285
16 71 10 102
30 73 10 147
182 39 10 296
43 27 25 182
45 47 16 52
111 79 5 111
77 17 40 164
133 8 7 290
87 17 33 137
50 52 19 239
171 60 4 135
47 19 55 244
178 59 33 89
21 10 29 256
152 25 25 100
13 17 39 114
82 55 7 227
99 54 7 218
74 38 11 56
182 79 7 212
40 39 19 296
26 64 19 10
151 8 11 166
86 54 11 267
81 73 16 88
68 21 37 251
87 18 19 205
29 36 13 116
150 45 34 265
25 3 25 263
14 72 31 13
172 69 31 119
23 8 29 290
194 52 7 58
71 33 1 130
165 20 25 103
24 22 13 277
59 18 3 182
79 66 16 210
11 21 16 251
107 47 1 196
133 54 3 21
187 24 31 285
101 64 17 78
68 17 43 137
58 45 16 126
177 40 19 292
152 43 28 237
98 13 46 114
193 40 28 174
53 53 1 195
176 11 7 166
88 23 4 25
72 35 13 184
78 52 7 117
180 59 37 290
34 50 19 90
145 38 5 84
111 27 1 3
67 25 13 282
173 14 43 59
54 11 23 12
186 71 44 217
125 47 39 6
3 52 34 117
56 10 19 284
23 32 26 154
157 48 20 232
78 42 37 57
79 11 7 191
25 12 21 161
158 35 20 24
1 28 11 119
23 47 23 275
102 7 25 295
154 47 4 237
21 57 10 131
6 9 13 84
157 20 2 120
144 18 25 205
39 26 37 62
106 38 43 92
165 50 7 194
78 18 43 44
82 44 13 142
85 2 13 168
9 14 19 31
24 3 51 156
95 21 5 300
29 75 39 299
8 32 3 200
116 45 44 18
43 34 37 109
200 60 40 189
85 17 25 113
102 79 5 6
193 23 49 297
63 48 5 270
145 9 17 136
87 43 40 237
95 6 10 53
94 75 25 106
59 8 1 290
61 23 28 255
87 65 3 141
157 14 26 115
69 25 19 126
88 78 34 160
176 67 40 90
72 51 37 44
89 75 19 244
103 53 37 195
119 42 31 177
62 48 11 245
144 55 19 213
38 10 16 227
2 56 17 290
91 19 37 152
74 29 8 43
77 49 11 168
76 6 32 16
62 76 37 197
1 17 13 96
192 72 16 171
19 34 1 142
165 48 13 245
152 57 16 106
167 6 27 300
101 25 4 274
49 10 23 284
178 56 31 250
39 60 46 135
21 17 26 167
119 47 8 81
175 63 25 162
50 57 25 155
97 10 5 148
136 79 5 33
179 14 1 110
71 54 49 190
189 48 11 190
86 74 13 46
65 47 1 206
199 10 10 199
87 4 23 78
69 67 1 139
93 8 25 181
52 75 25 297
55 18 1 286
40 66 4 58
96 42 43 12
100 66 43 160
171 12 31 78
70 77 21 33
130 62 25 35
22 16 19 78
40 8 9 116
171 73 10 265
170 74 19 289
5 39 40 67
1 14 33 114
67 8 28 159
159 2 1 193
187 8 17 193
13 26 13 292
3 4 28 170
122 53 25 24
26 12 13 274
150 62 19 97
97 55 13 122
22 28 29 54
93 24 21 285
155 78 43 186
76 34 29 93
110 25 1 71
139 14 1 184
172 20 15 103
41 4 7 51
186 23 1 122
140 15 27 80
11 10 5 19
73 4 1 144
112 54 11 253
59 14 31 115
17 31 55 129
106 47 10 263
178 65 43 185
25 15 33 236
156 40 22 292
61 46 11 63
119 59 40 297
122 21 7 251
197 68 16 165
107 27 31 95
2 32 7 41
180 71 34 42
52 11 13 103
1 70 9 49
110 49 17 233
111 6 13 111
45 42 43 58
114 36 7 55
105 17 34 96
95 15 43 178
8 65 16 262
130 2 7 14
25 73 7 88
10 33 19 240
77 27 7 259
142 55 13 60
134 32 7 90
56 59 25 279
46 80 40 11
176 68 10 165
24 40 44 23
134 27 37 247
61 12 19 228
76 47 38 70
46 21 10 97
84 21 37 253
94 66 20 89
101 65 38 159
183 36 5 55
22 42 43 220
11 27 1 171
141 34 14 5
137 35 19 293
39 44 5 222
34 78 28 125
31 12 16 67
109 73 52 88
138 17 7 164
158 69 25 108
73 55 25 261
149 29 4 114
192 13 7 278
57 18 22 286
164 15 49 236
75 23 4 297
44 20 7 203
146 68 49 132
157 21 9 105
40 21 11 291
156 71 17 113
184 11 5 295
188 7 38 20
162 46 35 19
184 63 37 19
175 28 47 145
135 3 13 253
186 63 31 113
143 44 13 25
46 32 25 256
185 60 4 189
42 33 32 240
85 24 43 269
127 68 22 254
122 3 43 204
61 41 22 110
10 48 4 232
132 71 11 159
51 66 1 27
15 78 10 109
73 77 3 54
60 53 7 66
71 56 11 76
162 68 22 165
150 53 37 66
21 12 21 118
177 27 38 259
182 67 5 74
129 7 14 250
138 5 19 243
111 7 49 9
118 21 34 126
55 45 7 100
195 76 43 52
177 16 7 122
4 6 19 111
30 56 29 192
84 32 55 42
180 4 17 70
198 33 10 149
91 13 10 277
192 27 25 204
50 51 38 162
4 33 28 169
33 20 8 254
182 58 37 85
34 20 37 120
11 37 25 238
175 65 39 262
174 53 37 215
74 17 22 137
124 75 19 203
81 50 25 90
138 32 10 143
21 61 31 153
13 31 43 190
70 18 1 82
134 69 19 176
86 32 7 130
98 63 31 121
198 78 1 262
28 52 7 26
145 70 3 92
69 74 26 227
57 67 17 169
13 38 4 230
45 77 4 143
92 71 9 126
11 73 7 95
135 48 25 75
36 20 13 201
153 78 13 186
32 26 13 214
135 15 1 236
10 9 9 175
105 4 11 185
85 26 37 184
48 41 23 209
188 55 9 84
95 75 13 173
165 29 28 231
141 12 16 109
19 69 14 176
112 79 28 111
34 14 13 115
24 6 31 1
185 16 38 238
134 3 31 290
67 39 34 145
31 29 28 207
144 74 43 140
179 28 13 248
199 7 45 51
80 66 22 183
91 61 26 203
197 20 40 111
180 61 21 212
83 5 5 192
109 74 19 46
8 41 1 209
124 62 31 50
45 34 7 78
167 17 22 114
46 34 17 175
71 62 27 191
14 74 38 75
53 76 20 117
90 47 19 81
166 57 4 166
63 47 11 221
81 23 21 25
113 33 19 53
95 51 37 260
175 47 5 263
124 61 16 203
116 6 13 123
155 35 7 223
5 23 10 224
58 35 31 53
113 35 7 171
122 23 4 122
101 77 43 151
78 37 14 268
13 58 29 238
147 73 7 297
7 49 13 28
195 10 7 265
79 28 9 65
39 72 25 13
193 49 34 142
118 18 25 172
113 44 4 219
196 34 9 92
165 17 1 113
46 13 37 107
65 25 49 135
181 73 33 147
94 52 31 19
3 8 37 271
15 35 13 272
195 18 22 244
100 19 31 152
192 77 31 132
121 78 16 127
139 51 7 258
9 46 25 18
171 43 19 237
180 11 14 239
42 26 49 71
83 57 7 103
25 71 10 284
97 48 25 245
191 39 22 222
117 68 40 188
121 26 19 214
185 17 1 70
83 71 31 164
32 25 34 282
170 37 31 181
33 4 17 170
37 52 43 196
132 12 37 145
43 36 41 116
64 39 4 43
20 65 1 235
87 74 13 220
115 64 10 10
162 74 15 289
77 74 21 231
148 6 9 300
34 71 7 126
44 47 25 275
176 29 21 65
133 73 28 273
6 56 7 30
56 52 4 164
1 25 3 163
53 45 31 8
103 51 13 225
110 55 13 217
195 57 13 233
56 64 29 229
159 34 19 83
57 25 46 80
61 50 31 219
169 42 37 12
181 31 37 190
104 10 11 160
66 53 49 66
72 78 22 59
130 69 37 108
37 48 35 270
34 11 25 191
194 32 31 274
65 65 28 117
30 28 23 288
12 44 23 171
182 57 19 121
17 13 28 88
72 10 25 228
27 37 19 144
150 6 1 225
152 4 11 36
29 20 16 206
141 56 22 120
161 63 3 15
100 14 25 291
118 73 10 88
59 27 9 247
24 62 19 158
18 66 4 246
183 52 19 52
114 66 4 160
78 5 1 45
31 53 31 192
109 24 1 272
133 3 13 259
72 15 43 275
114 2 31 42
2 49 29 233
50 47 17 105
15 60 19 135
33 52 21 93
37 7 19 145
36 39 37 80
190 17 19 167
85 62 55 148
81 34 19 92
118 35 43 33
177 36 33 55
153 55 37 294
44 62 31 97
170 76 7 246
6 55 38 26
141 33 7 167
173 29 20 76
5 51 43 83
Điểm tối ưu: 2386
Thời gian: 26.9882 giây
Trạng thái: PARTIAL
