946
80 28 43 94
75 9 19 72
72 9 55 66
69 9 55 12
68 28 43 111
62 9 37 66
61 28 1 91
54 28 37 94
41 9 43 72
40 9 43 66
36 28 49 111
35 9 13 66
34 9 31 72
33 9 3 66
29 9 55 72
22 9 9 72
18 28 7 94
18 9 19 12
16 9 27 12
14 9 3 12
9 28 13 91
9 9 9 66
6 9 1 72
5 28 25 94
2 9 13 72
1 28 21 91
78 24 7 74
55 24 1 34
54 24 1 118
48 20 1 6
46 24 37 74
44 20 13 37
39 20 37 105
26 24 7 118
24 20 7 47
16 24 1 74
13 24 3 31
10 20 9 6
8 20 1 105
5 24 9 34
1 20 25 105
77 12 19 10
64 12 19 25
26 12 19 17
11 13 25 119
10 13 25 101
7 12 31 23
72 25 13 110
39 25 13 71
6 5 26 52
61 11 13 19
59 11 13 16
49 11 1 53
40 11 1 19
40 3 7 102
10 11 4 53
73 6 10 85
65 6 10 84
64 6 7 85
57 17 1 42
57 16 13 20
56 16 13 18
55 16 19 53
52 27 7 84
28 16 16 18
12 16 27 18
12 6 7 87
11 27 10 76
1 16 13 53
1 6 10 87
58 29 25 12
74 18 21 109
40 18 16 109
20 22 13 103
9 11 4 19
22 20 37 115
12 9 31 12
3 28 13 111
45 20 1 37
38 12 7 17
9 2 19 104
68 12 13 10
5 9 37 12
62 24 1 55
68 9 31 66
21 12 13 67
28 22 13 4
47 29 4 98
57 25 31 59
54 20 13 6
80 2 19 23
47 20 13 47
56 2 19 79
21 24 7 55
3 25 31 110
24 28 31 94
58 2 19 28
23 18 15 30
36 3 25 95
26 28 31 111
14 27 13 84
32 16 4 18
30 20 37 47
59 13 25 63
3 18 17 30
52 25 31 114
8 3 21 102
18 20 13 105
53 13 25 49
37 22 13 2
75 11 7 98
77 28 1 111
47 28 31 91
63 23 1 44
76 24 45 74
70 21 4 85
21 18 11 109
35 20 7 37
65 20 37 6
79 20 19 47
28 11 7 19
37 28 37 91
19 18 4 30
7 18 2 30
40 20 25 47
43 20 7 105
70 18 16 17
26 6 37 84
10 24 13 74
63 6 7 28
17 2 19 117
29 16 31 20
66 18 21 30
60 28 7 111
73 28 1 94
51 29 10 98
25 27 10 28
34 13 13 63
30 18 4 109
52 28 19 94
67 20 1 115
79 3 7 101
39 18 7 109
30 13 7 63
47 24 7 31
12 20 1 47
13 18 7 30
79 18 1 109
24 25 13 114
33 20 25 115
27 16 1 119
64 9 37 72
80 20 7 115
39 16 1 18
74 27 10 73
30 24 43 34
64 24 43 118
63 28 19 111
64 20 25 6
11 3 7 119
32 28 37 111
46 28 7 91
74 24 13 31
36 11 16 19
22 18 5 17
12 11 16 16
79 9 25 66
16 6 32 87
37 16 16 53
52 22 13 78
19 28 25 111
7 16 19 18
65 16 16 20
67 16 19 20
2 3 7 95
77 23 31 29
59 25 1 20
76 12 13 23
74 25 25 110
74 11 7 16
79 11 10 19
73 20 13 115
20 9 25 72
58 28 13 94
71 2 37 79
51 2 21 21
50 17 1 29
19 9 19 66
22 24 13 118
20 24 15 34
4 11 19 19
14 15 21 108
59 20 31 115
57 26 7 22
41 32 25 74
49 24 15 55
6 20 43 105
48 24 37 55
31 24 37 118
11 21 5 113
48 21 5 50
11 24 37 31
27 20 19 6
51 9 13 12
21 20 19 115
53 17 1 88
4 24 43 31
80 13 37 49
49 13 25 5
12 18 25 109
43 16 19 119
29 12 25 25
71 28 25 91
73 23 31 43
46 21 5 106
21 13 25 21
53 21 5 14
63 18 25 30
21 28 43 91
42 5 25 90
72 13 19 49
17 20 37 37
42 2 37 28
58 20 31 6
15 25 27 59
70 25 25 71
42 6 13 87
18 15 3 22
16 3 15 102
15 20 31 47
69 15 3 16
39 24 43 55
4 26 7 9
35 16 25 20
43 23 3 43
19 26 7 92
29 26 7 1
46 12 1 67
77 13 13 119
41 28 49 94
75 27 37 76
33 25 7 110
25 2 3 23
62 2 25 104
51 26 7 120
27 26 7 14
78 11 25 19
56 18 9 109
75 12 49 10
77 27 7 73
41 13 13 21
23 28 49 91
69 10 1 112
71 15 7 76
50 10 5 42
56 29 35 12
74 2 37 104
6 27 39 73
65 5 3 90
71 9 49 66
4 25 25 114
79 6 13 85
71 27 13 28
35 13 31 63
46 25 13 25
23 6 1 87
47 32 25 3
73 25 43 20
1 27 40 76
15 27 13 17
45 12 43 25
25 18 28 17
2 32 25 65
57 4 10 21
69 27 13 73
75 8 4 82
50 32 25 16
16 13 7 5
39 27 22 73
31 13 31 49
52 6 38 85
60 12 25 10
60 25 1 110
63 19 27 26
31 25 1 25
15 10 7 65
46 15 25 7
72 2 7 79
58 30 10 49
58 13 1 101
64 25 3 114
7 17 9 117
39 3 19 95
40 13 31 5
76 32 25 61
56 17 25 29
58 32 27 106
67 13 43 5
19 31 1 104
78 26 13 92
70 30 11 2
26 13 1 5
69 12 25 23
68 32 3 65
6 15 19 76
13 12 43 67
39 7 4 75
69 6 40 84
17 5 25 53
72 12 43 10
30 30 19 105
51 13 1 49
52 13 1 63
30 14 15 75
78 31 11 36
54 25 7 71
3 20 43 6
77 11 10 16
65 13 19 63
55 5 25 116
22 12 25 67
15 30 19 113
62 3 31 101
65 3 31 102
35 6 43 87
80 31 11 104
78 17 1 59
66 2 31 104
46 6 19 85
75 15 1 108
8 17 28 88
44 2 31 79
33 5 13 52
8 18 37 109
20 2 33 117
28 15 4 58
74 5 1 52
49 6 44 85
48 25 7 114
27 2 31 21
30 3 21 101
80 15 4 108
4 12 49 17
70 17 34 88
19 4 10 54
32 20 43 37
36 31 9 104
62 31 10 57
71 20 19 37
33 11 31 16
32 12 49 23
22 13 43 63
68 10 1 65
53 31 13 57
53 32 31 3
77 15 25 108
35 3 28 95
40 32 10 40
53 20 43 47
51 6 31 85
7 14 4 116
20 13 44 119
75 13 13 49
57 12 49 25
47 25 49 20
18 31 11 102
15 31 1 36
8 23 7 29
66 3 43 101
37 3 4 95
78 25 43 71
23 30 4 2
5 25 43 110
10 31 1 11
3 17 4 59
33 2 37 23
12 13 37 21
59 24 19 74
69 2 43 117
61 23 7 44
42 25 43 59
35 12 49 67
77 26 43 1
57 13 43 49
59 4 7 54
43 2 43 21
57 6 19 87
55 23 7 43
54 11 22 19
60 31 5 57
5 15 3 7
65 22 7 78
42 24 19 55
54 21 17 14
25 4 1 71
47 21 17 7
29 31 3 57
48 2 13 79
39 15 28 108
2 24 19 118
72 32 1 3
21 7 32 75
35 14 21 36
64 31 1 57
3 13 37 63
5 16 19 67
75 18 23 17
30 10 13 42
21 3 1 102
4 8 3 32
30 26 1 9
49 22 4 103
23 29 23 12
55 11 31 19
28 21 25 14
44 3 25 102
72 15 28 58
62 17 34 42
25 10 7 11
22 21 7 50
17 3 1 95
60 24 19 31
6 11 33 105
5 14 7 36
25 7 19 34
46 18 31 109
29 5 19 40
47 2 43 23
56 32 1 61
60 2 43 79
33 29 22 98
12 2 43 28
12 10 13 11
1 32 34 3
38 6 1 85
12 8 5 5
13 30 13 24
8 29 19 98
25 6 37 87
9 6 25 37
21 30 17 24
42 27 1 84
40 30 13 107
69 7 21 60
66 32 1 40
46 32 33 40
37 21 7 106
8 21 35 50
34 27 3 76
29 20 43 115
77 16 37 119
29 21 1 106
17 15 13 22
10 10 21 11
4 4 17 21
53 25 37 20
8 31 13 104
61 32 19 61
50 19 19 70
5 32 31 106
7 15 16 22
5 31 13 102
31 14 13 36
75 32 33 61
79 5 43 90
45 17 7 88
55 30 13 8
43 21 1 7
31 29 11 12
76 19 1 77
52 18 29 109
58 7 52 60
44 32 19 106
57 24 25 55
3 24 25 31
73 19 25 107
46 22 22 103
17 17 7 59
41 31 17 11
38 5 13 90
36 10 7 42
52 32 10 61
31 18 19 30
34 22 7 103
20 4 1 21
58 5 43 40
58 23 37 44
70 23 37 43
45 7 19 41
66 5 37 116
23 12 7 10
2 8 4 33
34 24 37 34
16 5 37 40
49 12 7 25
65 4 1 54
61 31 16 57
80 19 25 70
43 27 16 84
42 12 7 23
54 19 25 77
68 30 17 8
68 27 49 73
49 4 31 54
73 8 17 104
34 7 19 75
45 8 38 8
25 17 16 59
61 4 5 21
27 29 13 98
22 22 17 103
29 22 23 37
23 15 19 58
45 15 22 58
46 31 29 104
36 29 28 98
75 30 10 107
73 4 7 112
67 24 31 34
16 11 20 16
20 16 7 20
66 27 25 17
32 4 13 3
27 30 5 49
43 29 41 12
56 24 31 74
57 7 4 41
5 22 1 78
2 15 10 108
32 27 25 76
65 21 28 14
65 15 44 16
34 6 22 87
10 6 40 87
29 29 15 98
11 30 21 24
59 16 44 18
50 6 46 84
17 16 31 119
20 12 37 10
24 5 43 52
36 20 31 37
30 12 55 67
44 4 22 54
38 7 4 60
76 26 4 120
55 17 44 88
64 7 31 30
3 30 7 49
66 15 9 67
19 32 46 61
38 32 37 65
36 12 1 10
22 5 19 52
41 15 31 58
13 17 22 88
64 26 13 14
21 31 23 104
61 24 31 118
69 24 31 55
5 19 15 116
6 19 13 77
76 21 10 7
32 26 19 92
13 13 49 21
43 17 13 117
21 16 37 18
62 19 13 26
45 19 10 26
43 12 37 67
50 22 32 18
37 30 10 24
53 3 16 95
28 12 37 17
47 27 1 17
17 29 17 12
77 32 28 61
13 19 15 70
7 23 37 11
6 6 22 85
70 10 9 36
49 32 19 65
10 4 29 113
66 28 55 111
18 17 43 42
52 29 46 12
50 26 13 120
20 27 22 84
18 32 31 65
25 5 43 65
64 32 16 40
20 19 3 26
2 14 23 22
45 23 31 95
28 27 1 73
26 11 28 16
57 15 37 7
26 10 16 36
61 15 28 7
35 8 5 32
38 28 55 94
77 31 46 102
8 24 31 31
55 21 29 53
45 14 17 119
11 15 13 5
67 4 25 112
11 7 33 60
72 24 49 31
41 17 37 88
73 17 37 29
76 25 19 110
6 7 9 41
74 7 43 75
62 32 7 40
76 29 43 98
14 29 34 98
10 22 19 4
41 2 1 79
72 23 31 11
61 19 40 77
26 14 41 22
34 29 9 12
16 19 43 107
33 22 17 37
10 17 31 88
35 2 1 117
80 17 49 59
1 3 16 101
36 25 37 71
14 4 7 21
52 19 43 76
31 30 5 107
70 15 13 108
43 5 25 40
79 2 3 28
76 31 31 57
70 19 31 77
63 27 16 76
65 17 13 59
10 29 7 12
68 20 55 115
67 27 16 73
16 4 11 71
9 8 7 82
60 3 13 76
28 32 43 106
71 6 16 28
64 3 49 95
14 19 37 107
31 22 25 18
6 21 37 50
52 30 25 8
24 19 21 90
34 21 35 14
60 17 37 42
80 7 1 60
14 22 1 103
69 4 16 3
2 5 49 65
78 4 5 3
44 17 37 59
66 22 5 78
51 14 29 75
19 23 31 44
42 31 29 102
28 23 19 43
76 17 39 117
41 10 10 42
25 26 22 120
42 17 16 117
80 21 13 50
19 22 15 103
68 25 19 71
26 22 11 4
34 19 43 70
10 7 34 41
56 27 4 73
2 16 31 53
2 29 37 98
61 16 22 20
63 15 31 67
9 22 17 78
74 32 34 106
14 26 31 9
47 5 37 90
43 10 11 65
4 7 31 41
50 21 11 106
48 17 22 59
11 23 43 95
63 3 34 102
49 14 22 119
12 21 21 7
21 32 4 61
27 27 46 73
13 8 19 3
29 10 10 112
38 14 11 74
78 14 19 114
67 14 35 75
28 26 10 1
14 17 10 59
77 22 5 4
49 3 40 102
37 27 31 76
41 27 28 73
54 8 28 82
24 30 1 31
6 30 7 24
73 10 19 42
3 26 1 1
1 22 5 37
62 23 19 44
78 32 28 3
35 31 19 36
9 12 31 10
32 14 28 74
67 10 22 42
52 17 15 88
60 30 11 105
42 4 4 54
36 13 19 5
32 30 15 8
11 26 2 14
71 14 10 75
79 12 31 17
15 3 4 119
55 4 5 71
50 30 23 49
72 11 37 16
22 8 1 32
79 15 37 22
25 29 25 98
56 30 7 2
50 27 28 76
70 8 7 66
37 6 28 37
55 26 34 120
18 10 27 11
23 25 31 25
63 11 45 98
30 25 49 110
48 4 32 71
43 15 33 7
51 24 49 55
32 5 7 90
32 8 2 33
7 8 7 3
39 26 10 9
15 18 11 17
41 26 19 22
56 4 16 113
47 26 22 9
66 8 7 104
9 10 23 112
18 3 34 101
9 3 37 95
48 16 34 119
56 26 28 1
45 26 26 92
27 21 15 7
34 10 25 36
27 24 25 118
17 21 34 85
79 7 16 41
24 26 4 92
24 9 49 72
59 19 9 77
44 5 7 116
58 6 49 85
15 4 37 3
50 5 7 52
11 6 16 87
15 22 23 2
24 10 29 36
23 21 13 106
44 27 43 17
71 13 55 119
48 13 49 63
42 19 31 107
74 8 17 32
72 7 25 34
60 15 34 76
59 22 29 78
74 31 19 11
54 14 11 119
32 19 22 26
63 30 11 8
48 27 19 73
44 21 17 50
18 21 23 50
73 26 22 92
13 2 25 79
30 2 25 117
68 6 25 28
38 21 23 106
64 8 10 3
17 26 10 14
70 7 1 58
71 30 3 8
28 10 27 112
20 21 10 53
44 31 3 104
54 27 19 84
58 15 7 7
59 10 16 42
65 7 25 75
35 15 37 5
27 7 37 30
44 15 49 16
3 16 49 119
71 8 1 66
73 29 51 98
66 7 13 41
76 30 7 107
80 11 34 19
15 14 21 114
76 6 28 87
3 22 22 18
19 19 43 77
38 23 25 43
42 21 23 113
2 19 1 107
37 23 43 44
41 7 7 60
37 7 1 41
38 17 19 88
75 6 25 85
19 3 49 76
7 26 13 1
31 26 46 120
67 18 27 109
4 29 1 98
6 14 31 22
1 4 19 112
40 22 19 78
24 32 37 61
47 14 19 116
4 23 13 43
13 29 1 12
27 3 10 95
22 14 23 75
75 14 17 74
4 14 11 22
31 15 43 7
1 14 1 75
18 30 17 49
62 30 29 24
34 8 1 8
1 30 29 49
7 20 49 37
16 31 35 11
24 31 19 102
14 8 19 33
61 6 25 87
62 10 16 112
71 5 31 52
70 4 21 113
26 7 45 41
18 14 1 116
46 11 49 53
16 14 5 101
39 17 25 42
33 15 34 58
54 23 43 11
63 22 38 103
9 17 28 42
3 21 19 50
16 20 49 6
5 8 23 5
51 30 19 2
68 21 9 113
38 16 34 67
40 8 5 8
79 25 49 12
1 21 3 106
55 8 17 66
7 21 22 14
9 14 1 22
53 22 10 18
40 25 37 110
31 21 16 85
67 26 10 120
78 19 40 107
31 19 7 70
17 10 4 112
45 21 13 7
56 25 39 114
33 27 43 73
8 27 25 84
8 22 11 78
69 8 10 82
29 6 34 28
54 31 5 104
13 14 31 36
33 21 1 50
7 31 25 57
33 17 19 29
69 16 7 53
4 19 22 77
38 2 43 104
66 30 19 8
8 26 16 9
57 30 17 2
17 19 45 29
40 26 49 120
12 30 23 31
59 3 40 101
25 32 13 40
26 3 13 101
53 15 7 108
37 26 19 14
19 5 37 52
23 26 27 9
61 10 11 30
51 11 34 16
53 19 19 107
49 21 11 50
53 18 23 30
26 31 5 11
24 8 11 32
48 26 25 1
63 7 13 58
36 8 11 5
51 15 25 22
44 30 5 105
49 10 13 112
14 7 25 58
22 4 3 113
36 18 13 109
20 29 31 98
68 8 7 8
78 16 22 53
2 11 39 19
27 10 29 11
15 29 17 98
13 10 9 30
67 7 37 58
48 15 28 22
60 27 31 28
50 11 40 98
80 23 15 44
51 3 37 102
78 10 31 112
67 32 7 61
Điểm tối ưu: 946
Thời gian: 10.7323 giây
Trạng thái: PARTIAL
