940
79 10 13 74
69 11 25 21
66 11 55 21
65 11 49 21
59 10 7 112
55 11 15 81
50 10 1 112
35 11 3 81
32 11 7 81
29 11 19 21
25 11 31 81
7 11 3 21
65 22 31 46
44 22 43 43
30 22 7 46
26 22 31 32
24 22 37 46
18 22 55 46
7 22 25 43
55 3 19 14
24 3 1 2
75 4 21 42
65 4 19 25
63 4 37 115
59 4 37 31
44 4 19 115
20 4 19 92
11 4 37 92
3 4 1 31
51 15 13 110
67 5 28 37
60 5 3 66
62 7 1 109
39 7 1 56
66 9 33 63
55 9 25 9
37 9 1 63
33 9 31 58
27 9 13 9
11 9 7 63
66 12 31 45
64 12 1 81
42 12 11 81
20 12 7 45
14 12 13 81
4 12 1 45
67 23 13 58
61 23 7 19
58 23 1 58
54 23 13 29
50 23 13 19
12 21 11 89
8 21 1 70
4 23 33 19
74 20 5 34
69 20 5 57
67 20 1 57
46 20 7 34
49 3 7 86
5 20 1 34
60 10 19 74
59 22 31 43
13 23 1 19
19 20 7 105
37 23 22 29
21 22 19 32
48 22 13 46
42 22 25 46
4 11 19 81
77 9 19 63
13 3 43 14
64 25 3 77
32 5 19 66
77 4 1 25
49 22 13 32
61 4 1 92
73 22 7 32
34 25 1 107
5 22 37 32
65 3 7 14
77 11 37 81
28 11 13 21
10 22 43 32
6 3 19 86
29 21 1 89
57 12 13 45
75 22 43 46
40 22 55 32
67 11 7 21
11 22 1 46
6 23 17 29
52 23 17 58
33 21 7 70
80 3 7 116
80 12 3 45
75 11 31 21
41 22 25 32
59 9 1 29
41 21 1 7
49 5 34 2
70 22 13 43
18 9 19 22
45 4 37 25
43 10 7 74
70 7 1 93
48 9 31 9
31 22 19 46
33 4 19 31
38 4 37 42
67 27 3 15
34 12 5 45
12 9 7 58
31 17 1 24
68 21 11 70
61 20 17 34
19 14 22 120
79 4 1 115
50 22 49 32
71 10 1 74
54 11 49 81
10 3 25 2
13 27 31 68
13 31 17 66
63 21 7 7
47 20 17 105
67 10 19 112
9 21 7 89
41 12 9 45
68 3 37 86
78 18 1 52
69 9 7 9
23 21 23 70
34 4 43 31
51 11 55 81
53 22 49 46
56 9 7 22
41 3 43 116
32 20 4 105
73 5 1 37
35 22 7 43
24 12 19 45
39 9 19 29
73 12 23 81
56 31 17 40
19 2 1 116
43 4 43 92
11 20 17 11
57 31 17 57
9 31 1 66
9 12 25 45
53 4 43 25
48 23 7 29
68 22 19 43
72 31 1 40
46 12 11 45
8 3 19 116
62 11 37 21
49 12 23 45
14 18 1 61
36 20 1 105
10 20 1 11
66 18 1 48
14 21 28 89
78 22 37 43
15 23 11 19
76 4 13 92
36 18 3 6
23 22 1 32
47 21 23 89
51 21 29 70
44 5 25 37
78 12 21 45
15 4 25 42
3 20 5 11
42 21 23 7
17 5 43 66
71 12 27 45
45 5 19 37
18 11 43 81
16 9 13 22
36 21 29 7
58 17 3 1
52 5 10 2
25 20 7 57
6 12 41 81
63 17 1 55
67 31 11 66
28 23 11 58
15 29 14 30
30 12 29 45
52 4 43 115
63 12 41 45
33 22 1 43
50 16 15 47
50 11 25 81
56 20 11 11
39 12 37 45
71 3 43 86
39 5 43 2
53 20 11 34
78 28 9 79
9 9 19 9
5 15 15 76
25 4 43 42
23 15 13 23
29 12 29 81
63 25 9 83
68 4 13 31
37 14 4 37
2 7 4 93
2 23 35 19
57 4 25 31
55 12 35 81
10 17 19 55
12 2 1 23
72 32 7 96
15 12 34 45
76 2 1 39
24 5 25 66
46 9 1 22
69 17 19 1
14 32 7 24
21 32 9 18
44 32 7 101
49 17 19 8
78 23 35 29
21 9 1 9
22 4 1 42
71 4 13 115
71 28 7 65
48 3 25 86
54 28 7 11
16 28 7 33
26 4 13 25
60 3 25 116
15 5 31 2
72 2 13 42
41 17 19 11
38 3 13 86
74 5 40 37
3 31 29 40
71 5 40 66
40 3 37 2
5 32 31 18
46 32 31 101
46 4 25 92
80 2 19 82
66 29 11 29
15 17 1 8
59 29 11 7
24 23 41 19
27 25 1 71
78 7 4 109
16 25 1 3
73 7 4 56
23 23 40 29
9 14 23 79
74 25 1 83
19 27 19 108
75 25 1 86
53 8 13 16
44 8 13 69
72 30 31 50
10 15 13 63
65 28 1 65
66 30 7 50
23 5 31 66
75 18 4 61
56 28 1 10
27 23 16 19
35 17 31 11
30 31 16 78
36 26 7 94
42 26 7 60
30 3 37 14
40 28 1 79
20 7 25 93
22 14 23 39
46 18 4 52
11 14 23 112
54 32 4 50
4 14 23 67
28 7 40 109
61 26 9 51
50 26 7 99
64 5 7 2
20 28 9 10
79 23 34 58
6 18 4 48
4 2 3 14
38 28 9 71
58 31 11 57
40 31 11 78
35 23 37 19
16 31 11 40
29 20 23 34
3 26 8 13
51 5 32 37
60 29 1 30
80 9 25 63
5 2 7 82
12 30 31 49
2 9 25 22
14 28 15 65
39 32 4 101
40 19 16 61
32 30 43 49
72 9 37 58
52 15 25 110
70 9 10 22
17 30 31 114
55 20 13 11
54 27 1 108
69 8 1 16
5 31 13 34
75 30 7 69
53 29 22 90
17 27 1 80
30 8 1 18
69 32 37 50
63 20 23 11
20 8 1 69
66 28 19 57
24 30 43 50
45 15 31 95
6 15 7 95
47 8 1 68
52 28 13 70
25 18 40 6
71 7 22 56
37 25 25 107
11 31 19 78
23 6 27 27
27 8 19 16
22 31 13 40
52 19 7 35
13 19 10 61
74 31 14 78
4 21 17 89
44 23 23 19
38 15 19 95
19 23 27 29
73 25 25 3
18 10 31 74
43 21 33 89
19 19 33 76
38 31 7 40
62 24 13 108
57 30 1 49
73 17 31 8
37 17 7 55
1 5 10 37
25 15 13 95
44 9 10 9
51 9 37 63
57 15 19 110
50 9 40 63
20 16 37 104
14 16 37 47
71 9 37 9
43 29 1 90
80 23 28 19
59 13 4 106
25 13 4 30
55 8 1 78
58 6 7 27
36 29 11 35
9 16 31 47
74 18 28 109
45 30 1 20
21 14 7 120
34 32 10 101
19 25 16 107
1 21 13 89
6 2 13 105
26 23 19 19
3 15 19 35
2 32 10 24
7 13 1 15
15 13 5 65
5 27 19 80
46 23 23 58
17 13 4 33
31 25 7 107
49 9 40 58
17 20 19 105
14 27 31 105
65 16 13 48
21 26 25 99
18 5 13 37
10 27 3 96
74 30 31 20
65 29 11 90
55 29 23 30
9 13 10 30
80 26 31 94
2 29 23 63
21 31 13 66
77 17 7 1
36 32 13 57
40 18 13 52
80 8 37 68
27 15 25 14
73 6 37 20
45 14 5 120
40 9 28 9
15 24 16 119
53 27 19 96
58 8 43 68
79 2 19 39
35 25 25 77
57 6 7 103
50 2 19 15
9 6 3 27
78 25 13 107
62 20 28 11
14 8 19 68
24 18 22 61
27 21 31 89
1 29 32 16
54 21 33 7
3 22 55 43
72 21 3 89
75 29 19 90
64 27 22 80
4 29 10 63
65 9 40 9
34 2 19 23
79 20 25 11
43 30 19 50
13 29 15 90
47 17 7 8
70 29 17 16
68 9 46 9
78 21 43 89
72 25 28 107
43 5 37 37
36 9 43 22
34 8 25 16
68 8 25 68
44 21 40 89
64 26 33 13
68 31 3 40
46 6 19 27
78 16 25 47
21 23 37 29
72 27 10 96
24 29 13 7
69 5 49 37
10 2 49 15
15 7 22 109
13 2 25 105
10 30 37 114
1 7 22 93
41 6 3 62
32 21 17 70
72 5 22 37
74 13 11 65
55 16 31 104
7 4 31 42
5 10 25 74
64 20 25 34
54 29 23 35
18 7 16 56
50 29 23 16
47 7 38 56
59 7 13 56
58 30 13 84
43 23 3 19
22 26 19 99
15 9 46 22
41 8 37 16
52 6 1 104
41 7 13 109
28 4 7 31
32 26 13 35
53 18 7 25
5 25 22 107
28 16 49 93
26 9 28 22
79 29 5 16
26 2 1 82
20 13 23 106
24 20 9 57
11 24 31 119
64 13 11 50
49 23 43 19
7 14 19 67
20 6 13 62
56 21 19 7
76 27 10 108
30 27 34 68
64 6 16 38
61 16 43 98
57 28 33 33
67 6 15 98
24 26 16 60
68 2 31 82
46 29 17 7
76 8 25 69
47 31 19 40
8 28 37 65
39 24 22 119
64 21 19 89
16 20 29 105
31 14 5 39
48 13 1 96
25 27 22 9
49 2 27 15
78 31 19 34
21 30 31 84
10 21 41 7
2 14 1 120
43 27 25 108
64 18 27 61
76 13 23 96
51 6 1 103
26 28 49 33
26 27 22 108
59 28 19 70
3 2 25 120
11 27 10 105
79 25 31 79
77 28 49 57
1 24 19 28
37 8 13 20
69 2 31 39
54 4 55 92
8 10 31 112
27 29 4 29
23 14 5 112
55 32 37 101
61 8 13 68
18 2 37 39
24 4 31 92
25 19 28 96
70 31 21 40
6 20 23 105
31 30 25 18
41 26 31 51
80 14 1 67
80 16 43 104
38 25 4 71
18 4 7 92
12 6 16 62
7 25 13 71
20 14 29 112
32 7 31 115
7 19 21 76
57 17 37 11
33 25 28 79
62 30 7 42
33 10 43 112
16 17 25 55
74 23 19 58
35 28 39 83
21 10 49 112
1 19 1 76
4 15 13 114
42 18 34 61
37 16 37 116
18 20 23 57
1 8 43 33
65 19 25 96
53 14 5 79
41 29 29 63
18 26 4 60
8 24 49 103
72 15 43 23
32 10 37 112
34 27 13 14
10 26 31 60
48 18 9 52
22 13 16 37
30 17 44 1
12 8 37 78
1 18 7 6
35 13 11 15
23 29 25 30
70 18 32 52
29 10 25 112
46 13 9 106
29 16 49 58
51 27 7 15
74 8 49 69
18 8 25 78
40 6 19 103
22 7 31 93
17 15 51 11
60 13 23 33
22 6 27 103
51 13 11 33
23 32 19 24
27 28 43 71
75 17 25 8
14 7 34 93
60 7 7 56
36 23 25 29
3 16 37 93
50 31 5 78
77 13 11 106
68 13 1 33
25 7 25 56
53 15 25 76
36 8 37 33
39 31 34 57
25 26 1 60
35 14 29 67
7 21 47 70
54 19 25 6
58 15 49 95
8 29 7 90
36 28 19 33
33 32 34 18
62 28 19 79
65 25 37 107
71 20 29 57
6 26 1 13
56 15 43 95
10 25 7 77
72 7 25 115
17 26 25 13
70 27 43 80
42 20 41 57
5 5 43 37
30 7 31 109
73 13 28 106
40 21 5 70
54 14 35 34
33 26 25 60
8 9 4 22
45 27 7 108
33 27 9 80
11 28 13 33
61 32 19 101
70 16 37 98
8 16 25 104
26 24 37 99
16 7 34 56
45 16 25 98
69 13 29 30
74 24 37 38
13 5 34 66
49 21 25 89
17 29 10 16
44 27 4 80
42 24 31 56
12 13 25 65
75 21 35 89
58 3 31 86
12 24 19 4
77 15 25 95
45 32 13 24
56 13 35 65
34 9 16 9
1 30 37 18
23 26 37 13
14 4 49 92
47 6 28 3
31 32 34 101
65 32 28 101
61 31 5 40
49 14 31 67
60 16 37 48
75 14 17 39
67 2 49 42
35 9 55 22
59 16 43 48
29 30 13 18
52 24 22 13
41 14 7 79
20 19 16 94
15 8 7 68
1 23 5 19
57 7 43 93
38 24 1 119
30 14 5 67
42 28 37 10
13 15 37 35
46 28 13 83
42 17 15 55
48 24 19 56
34 10 55 74
14 14 10 120
24 31 7 78
9 24 27 1
40 25 31 77
28 5 46 37
71 21 5 89
6 32 31 57
53 31 37 66
36 17 31 24
3 28 43 79
56 4 31 31
39 6 10 38
77 24 13 1
13 16 19 47
56 30 25 20
79 19 28 6
60 23 43 58
2 19 7 3
66 6 4 38
7 30 8 84
42 15 1 35
60 17 31 1
63 15 49 114
32 24 1 28
62 14 11 39
56 18 21 48
31 3 55 86
26 17 43 24
51 2 25 23
7 3 49 2
26 18 25 48
43 31 23 66
42 23 21 58
78 26 16 99
9 19 16 3
37 31 35 78
50 17 31 55
28 27 34 9
69 7 55 93
33 8 49 68
43 19 13 96
51 19 4 94
22 23 25 19
60 24 10 119
62 29 17 63
78 14 7 39
47 28 31 71
6 7 28 115
17 21 15 7
37 20 41 105
49 19 37 94
38 27 43 105
53 16 1 47
63 30 13 49
80 25 15 79
73 24 19 38
59 3 49 86
21 19 16 35
67 21 26 7
18 19 1 94
9 26 13 99
47 14 11 67
35 8 43 16
11 19 51 35
63 14 17 120
4 24 7 38
45 24 16 108
7 10 37 74
6 10 43 74
47 18 13 61
69 30 43 109
59 27 27 58
77 32 16 96
46 2 38 15
64 31 37 40
38 6 49 62
3 9 31 22
76 18 31 6
13 20 3 11
80 30 49 50
7 26 43 99
76 25 44 3
17 17 37 70
27 18 37 52
45 8 43 78
60 6 13 104
56 16 13 93
71 25 19 107
66 31 25 40
11 23 5 58
71 19 49 6
12 5 22 2
77 19 22 3
31 10 13 112
16 21 37 89
54 18 15 2
9 10 49 74
25 25 19 3
17 6 7 62
5 21 3 7
19 29 31 63
76 30 19 84
61 27 37 80
34 5 7 66
47 32 25 57
39 27 31 80
62 17 43 70
28 32 25 24
32 14 25 67
2 3 31 116
20 29 5 7
30 24 22 38
16 30 19 18
49 15 1 95
4 22 49 43
29 23 9 19
52 16 49 48
79 15 7 76
31 18 31 61
13 18 7 61
2 8 49 78
41 13 16 106
44 26 1 99
48 17 37 55
22 15 7 114
30 18 25 109
45 7 10 56
1 4 49 25
12 19 13 6
43 3 49 116
55 15 7 23
4 17 37 1
12 31 29 34
33 16 14 10
2 30 19 20
57 23 31 29
62 25 4 3
50 15 43 34
69 23 15 58
12 28 43 65
16 29 4 90
14 19 4 76
27 27 50 108
11 30 25 114
28 30 1 114
37 13 19 106
16 32 40 96
42 13 13 50
61 29 27 30
16 6 31 62
44 20 47 57
52 26 4 99
34 31 29 66
65 17 43 11
39 30 25 50
63 24 32 103
36 27 16 14
39 2 13 116
61 28 31 65
56 2 37 23
20 24 43 4
22 19 34 94
33 2 37 120
8 6 10 27
48 32 22 101
68 27 49 14
70 32 46 18
32 18 22 52
43 18 16 6
75 2 13 39
37 2 49 82
6 14 26 79
28 28 19 71
19 31 37 57
27 31 9 34
51 28 19 65
63 28 25 33
3 12 15 45
73 16 43 10
17 31 21 78
58 28 25 10
21 20 39 34
4 27 28 80
8 2 43 82
26 6 8 98
27 19 34 6
72 18 19 61
58 13 17 30
29 27 31 14
48 25 4 107
77 30 43 20
1 6 25 38
67 15 43 110
59 26 16 13
58 19 37 3
35 19 13 94
22 17 37 8
25 29 9 90
38 18 31 48
66 15 37 95
60 2 49 31
48 30 43 114
32 28 27 83
68 25 43 77
66 2 13 120
38 2 25 39
74 26 25 51
22 10 55 112
54 7 19 93
74 21 9 7
28 18 37 61
79 28 49 10
19 24 13 119
58 21 21 89
73 26 13 51
55 26 28 35
76 7 7 115
79 26 37 51
21 18 28 52
35 30 19 69
10 19 10 3
75 13 29 33
23 16 7 48
8 27 13 15
77 25 31 83
2 31 15 34
44 24 28 28
29 18 37 109
2 11 43 21
30 26 13 13
53 2 31 15
79 14 17 67
34 28 37 79
52 2 31 120
31 19 40 61
29 32 43 101
67 8 31 69
76 15 37 76
5 13 34 106
19 16 9 104
39 13 7 106
40 7 7 109
70 24 4 13
15 2 37 82
68 30 7 20
70 28 25 70
38 19 34 96
63 19 19 6
37 15 31 35
62 31 23 78
3 18 34 109
8 14 35 67
29 14 3 34
28 26 28 51
62 12 47 45
31 27 37 105
19 9 43 63
Điểm tối ưu: 940
Thời gian: 9.6948 giây
Trạng thái: PARTIAL
