171
20 2 19 2
19 2 31 5
18 4 43 3
17 4 7 3
16 4 49 3
15 2 19 5
14 4 37 3
14 2 43 5
13 4 49 9
12 4 37 9
10 2 13 5
6 4 25 9
4 4 31 3
3 4 9 9
3 2 25 2
1 3 25 6
1 2 37 2
20 6 10 22
19 6 7 22
18 8 13 18
15 8 25 18
14 8 19 18
14 6 1 24
14 5 7 1
13 6 13 22
7 6 19 22
7 5 1 1
6 6 4 24
5 6 9 24
5 5 4 1
19 7 13 7
12 7 1 10
11 9 27 10
10 7 21 7
7 7 22 10
6 7 17 10
4 9 10 10
1 10 19 30
5 7 7 7
17 9 11 29
2 2 7 2
8 2 43 2
13 8 7 18
11 6 22 22
2 3 13 28
20 7 7 10
19 5 16 1
13 10 10 30
18 10 21 30
2 7 17 7
11 4 13 3
18 2 25 5
17 3 31 28
12 6 19 24
9 8 16 18
9 4 19 3
20 5 25 1
2 10 3 30
3 6 22 24
10 8 1 18
8 4 55 3
7 4 25 3
10 3 43 28
17 8 4 18
8 9 13 10
9 9 5 29
9 2 55 5
20 3 37 6
1 9 1 29
6 2 7 5
9 3 31 6
16 7 23 7
10 10 5 30
16 9 13 29
5 8 34 18
16 5 19 1
16 3 7 6
15 7 28 7
16 10 1 30
19 9 3 29
12 2 49 2
6 3 19 6
17 7 1 7
1 4 13 9
7 9 4 10
4 2 1 5
5 4 19 9
18 7 19 7
8 3 1 28
19 4 55 9
15 4 1 3
16 2 55 2
5 2 13 2
9 6 1 22
17 2 37 5
1 7 9 7
1 6 4 22
19 8 22 18
10 5 10 1
18 3 1 6
8 8 28 28
4 3 43 6
15 10 31 30
16 6 25 24
12 3 13 6
7 8 10 28
11 7 19 10
12 8 10 18
2 4 43 9
13 2 1 2
14 7 4 7
13 5 22 28
8 7 11 7
20 4 1 9
4 7 25 10
16 8 28 18
11 2 31 2
18 5 37 1
9 7 25 7
10 4 31 9
7 2 49 5
3 10 5 9
12 9 7 29
10 6 25 22
15 6 13 24
12 10 25 30
8 10 7 9
11 10 7 30
3 9 19 29
18 9 9 29
4 6 16 22
8 6 16 24
11 8 37 18
6 10 33 30
10 9 17 29
20 8 43 18
7 10 13 30
2 9 21 29
4 5 7 28
4 8 19 28
14 10 15 30
17 10 17 30
20 10 17 9
1 8 46 18
8 5 22 1
14 9 23 29
4 10 23 9
19 10 37 30
5 10 23 30
20 9 15 29
18 6 31 24
3 8 31 18
2 6 28 24
13 9 26 29
9 10 27 30
13 7 31 7
1 5 34 1
11 5 40 1
17 6 28 22
6 9 29 29
3 7 15 10
6 5 13 1
2 8 25 28
2 5 31 1
5 9 29 10
6 8 40 18
7 3 55 28
15 9 33 29
3 3 49 28
3 5 37 28
17 5 43 1
Điểm tối ưu: 171
Thời gian: 1.0983 giây
Trạng thái: PARTIAL
