3924
1 3 31 169
1 9 13 21
1 10 25 237
1 15 23 369
1 23 43 261
1 29 4 50
1 34 17 234
1 36 35 30
1 58 19 70
1 60 37 255
1 68 11 342
1 75 1 421
1 90 7 346
1 105 28 115
1 109 40 353
2 8 17 9
2 15 34 369
2 16 31 253
2 19 5 103
2 22 37 75
2 29 25 50
2 42 10 358
2 54 1 334
2 90 19 346
2 93 13 448
2 103 28 248
2 105 23 115
2 107 15 39
2 110 7 409
2 114 41 110
3 6 19 140
3 18 1 73
3 19 7 103
3 23 35 261
3 26 25 88
3 27 4 37
3 31 13 298
3 39 11 277
3 40 22 6
3 57 9 45
3 91 43 190
3 94 17 264
3 99 31 206
3 102 37 440
3 109 28 353
4 1 1 1
4 2 29 193
4 5 7 147
4 9 25 21
4 18 10 73
4 25 43 29
4 27 16 37
4 35 34 265
4 42 5 358
4 51 37 444
4 60 40 255
4 77 19 5
4 100 21 114
4 106 13 171
4 115 31 287
5 9 19 21
5 10 31 237
5 21 1 187
5 28 11 197
5 32 37 117
5 48 17 411
5 54 7 334
5 60 43 255
5 61 34 89
5 73 25 188
5 74 13 194
5 94 23 264
5 118 4 139
5 120 28 305
6 4 13 382
6 39 16 277
6 43 33 318
6 45 27 258
6 48 25 411
6 60 46 255
6 73 21 188
6 93 5 448
6 95 29 316
6 96 1 268
6 105 31 115
6 107 19 39
6 111 37 53
6 116 7 225
6 118 11 139
7 8 23 9
7 21 4 187
7 32 46 117
7 44 28 60
7 45 31 258
7 52 1 450
7 55 33 219
7 63 43 2
7 70 10 111
7 75 7 421
7 80 15 223
7 82 19 34
7 84 37 282
7 115 25 287
7 118 13 139
8 2 17 193
8 9 31 21
8 11 37 144
8 41 19 399
8 42 1 358
8 67 41 61
8 69 22 211
8 71 13 439
8 74 3 194
8 80 9 223
8 82 25 34
8 105 35 115
8 113 29 162
8 118 7 139
8 119 55 14
9 11 43 144
9 19 9 103
9 24 5 393
9 35 28 265
9 37 34 44
9 40 25 6
9 42 7 358
9 53 1 18
9 58 13 70
9 71 19 439
9 73 31 188
9 76 11 415
9 95 17 316
9 112 37 308
9 119 49 384
10 2 31 193
10 6 22 140
10 16 19 253
10 18 4 73
10 37 28 44
10 41 25 399
10 43 37 318
10 49 1 182
10 77 10 5
10 82 13 34
10 87 17 186
10 89 7 161
10 91 49 190
10 102 33 440
10 109 43 353
11 7 31 72
11 8 5 9
11 15 16 369
11 18 7 73
11 36 22 30
11 44 10 60
11 50 1 213
11 61 13 89
11 85 29 52
11 86 43 93
11 91 25 190
11 101 34 4
11 104 37 97
11 108 55 443
11 112 19 308
12 2 33 193
12 6 25 140
12 18 13 73
12 30 9 139
12 42 16 358
12 48 11 411
12 56 28 362
12 57 7 45
12 83 37 91
12 85 31 52
12 89 19 161
12 101 43 4
12 106 1 171
12 110 4 409
12 115 22 287
13 3 49 169
13 6 28 140
13 7 55 72
13 33 31 13
13 50 4 213
13 65 13 59
13 66 19 189
13 68 17 342
13 69 25 211
13 81 37 337
13 82 7 34
13 94 11 264
13 99 43 206
13 104 58 97
13 107 1 39
14 3 43 169
14 14 19 401
14 20 1 124
14 21 7 187
14 22 25 75
14 23 41 261
14 48 23 411
14 50 10 213
14 52 4 450
14 62 29 71
14 69 16 211
14 92 31 32
14 99 37 206
14 108 58 443
14 120 13 305
15 14 13 401
15 29 7 50
15 31 19 298
15 32 40 117
15 34 23 234
15 41 10 399
15 47 17 256
15 56 31 362
15 57 1 45
15 61 25 89
15 67 29 61
15 98 37 374
15 100 3 114
15 112 43 308
15 113 34 162
16 17 49 151
16 26 28 88
16 29 19 50
16 41 31 399
16 44 22 60
16 49 13 182
16 50 16 213
16 83 43 91
16 85 11 52
16 86 55 93
16 91 37 190
16 96 7 268
16 107 5 39
16 116 1 225
17 12 10 142
17 15 25 369
17 17 37 151
17 30 1 139
17 39 5 277
17 41 22 399
17 42 3 358
17 48 15 411
17 61 19 89
17 69 27 211
17 77 13 5
17 83 49 91
17 103 7 248
17 107 17 39
17 108 31 55
18 8 11 9
18 10 37 237
18 14 25 401
18 25 49 29
18 28 23 197
18 34 29 234
18 40 19 6
18 42 13 358
18 62 40 71
18 70 1 111
18 71 3 439
18 72 7 141
18 76 35 415
18 81 31 337
18 115 15 287
19 18 16 73
19 35 10 265
19 41 13 399
19 48 29 411
19 57 4 45
19 64 35 33
19 67 47 61
19 80 21 223
19 81 25 337
19 87 37 186
19 97 31 354
19 104 40 97
19 110 1 409
19 115 7 287
19 118 19 139
20 6 15 140
20 11 31 144
20 16 4 253
20 29 1 50
20 32 25 117
20 33 19 13
20 40 28 6
20 67 11 61
20 68 13 342
20 71 7 439
20 85 23 52
20 91 55 190
20 92 37 32
20 98 35 374
20 112 40 308
21 7 40 72
21 17 55 151
21 19 1 103
21 20 4 124
21 33 25 13
21 57 11 45
21 58 7 70
21 60 31 255
21 63 37 2
21 72 19 141
21 85 17 52
21 91 43 380
21 99 49 206
21 108 34 55
21 116 13 225
22 9 37 21
22 16 7 253
22 17 49 226
22 21 10 187
22 22 31 75
22 29 13 50
22 38 16 153
22 45 25 258
22 49 4 182
22 64 23 33
22 77 1 5
22 112 46 308
22 113 27 162
22 115 19 287
23 2 23 193
23 3 39 169
23 4 1 382
23 9 9 21
23 13 43 212
23 22 19 75
23 28 17 197
23 35 13 265
23 61 31 89
23 69 29 211
23 71 25 439
23 75 4 421
23 77 7 5
23 91 49 380
23 113 37 162
24 26 7 88
24 27 1 37
24 35 16 265
24 38 13 153
24 41 28 399
24 42 19 358
24 60 25 255
24 61 37 89
24 71 31 439
24 87 35 186
24 90 3 346
24 91 55 380
24 103 10 248
24 119 43 384
24 120 21 305
25 10 19 237
25 20 7 124
25 21 13 187
25 25 55 29
25 33 3 13
25 39 1 277
25 43 40 318
25 47 25 256
25 48 27 411
25 61 22 89
25 75 10 421
25 87 31 186
25 105 33 115
25 110 16 409
25 117 29 79
26 18 19 73
26 24 1 393
26 32 31 117
26 37 10 44
26 42 22 358
26 44 3 60
26 48 5 411
26 54 13 334
26 81 43 337
26 90 25 346
26 99 55 206
26 102 49 440
26 114 17 110
26 119 37 384
26 120 7 305
27 1 7 1
27 6 37 140
27 14 43 401
27 21 19 187
27 22 49 75
27 24 3 393
27 48 35 411
27 50 22 213
27 53 13 18
27 90 31 346
27 93 1 448
27 100 25 114
27 104 40 278
27 112 55 308
27 113 5 162
28 6 31 140
28 21 16 187
28 28 29 197
28 58 25 70
28 63 13 2
28 66 9 189
28 80 1 223
28 84 43 282
28 87 23 186
28 88 7 137
28 92 34 32
28 106 4 171
28 109 37 353
28 114 19 110
28 118 21 139
29 2 11 193
29 3 55 169
29 4 4 382
29 6 1 140
29 7 34 72
29 17 43 151
29 42 25 358
29 59 19 207
29 65 7 59
29 86 49 93
29 95 23 316
29 100 13 114
29 102 27 440
29 108 37 55
29 109 31 353
30 31 31 298
30 47 22 256
30 50 7 213
30 55 43 219
30 68 5 342
30 72 25 141
30 75 19 421
30 76 17 415
30 78 37 259
30 88 1 137
30 91 49 217
30 93 3 448
30 96 13 268
30 106 10 171
30 108 40 55
31 16 10 253
31 17 43 226
31 27 7 37
31 36 25 30
31 57 16 45
31 59 31 207
31 64 41 33
31 71 37 439
31 75 13 421
31 82 1 34
31 84 19 282
31 94 5 264
31 114 23 110
31 115 28 287
31 119 55 384
32 1 13 1
32 7 45 72
32 14 31 401
32 29 10 50
32 35 1 265
32 47 29 256
32 52 7 450
32 59 25 207
32 62 43 71
32 73 4 188
32 76 19 415
32 86 49 215
32 95 35 316
32 97 37 354
32 99 21 206
33 18 22 73
33 23 29 261
33 27 9 37
33 55 37 219
33 60 4 255
33 63 16 2
33 68 7 342
33 73 13 188
33 79 25 302
33 81 49 337
33 85 33 52
33 87 19 186
33 113 11 162
33 115 1 287
34 8 29 9
34 19 3 103
34 26 10 88
34 41 37 399
34 48 1 411
34 59 43 207
34 65 19 59
34 66 25 189
34 72 31 141
34 75 16 421
34 92 40 32
34 106 7 171
34 108 13 55
34 112 49 308
34 113 23 162
35 5 1 147
35 27 11 37
35 31 25 298
35 37 31 44
35 58 37 70
35 72 13 141
35 74 19 194
35 79 43 302
35 80 4 223
35 87 9 186
35 93 7 448
35 97 49 354
35 104 55 97
35 109 58 353
35 115 34 287
36 9 43 21
36 13 49 212
36 29 31 50
36 30 16 139
36 42 27 358
36 50 13 213
36 62 23 71
36 73 7 188
36 81 55 337
36 89 1 161
36 92 4 32
36 96 19 268
36 97 37 64
36 114 10 110
37 23 33 261
37 28 35 197
37 33 7 13
37 35 19 265
37 41 16 399
37 44 1 60
37 56 22 362
37 69 11 211
37 73 37 188
37 76 13 415
37 87 29 186
37 89 4 161
37 96 25 268
37 105 40 115
37 117 31 79
38 14 1 401
38 21 22 187
38 23 37 261
38 34 5 234
38 47 35 256
38 50 19 213
38 51 40 444
38 57 13 45
38 64 11 33
38 75 25 421
38 78 28 259
38 81 7 337
38 90 15 346
38 96 31 268
38 104 43 97
39 23 17 261
39 33 13 13
39 37 19 44
39 41 7 399
39 50 25 213
39 60 22 255
39 63 40 2
39 64 5 33
39 70 3 111
39 80 28 223
39 84 31 282
39 86 43 215
39 87 1 186
39 110 10 409
40 29 16 50
40 40 13 6
40 61 49 89
40 66 43 189
40 74 25 194
40 82 31 34
40 87 5 186
40 88 3 137
40 93 9 448
40 97 55 354
40 99 19 311
40 100 37 114
41 48 13 411
41 50 28 213
41 51 19 444
41 53 7 18
41 62 31 71
41 64 17 33
41 65 1 59
41 80 25 223
41 85 15 52
41 88 5 137
41 93 11 448
41 96 37 268
41 101 46 4
41 118 23 139
41 119 33 384
42 4 7 382
42 20 10 124
42 21 25 187
42 43 28 318
42 55 13 219
42 69 4 211
42 80 31 223
42 82 37 34
42 90 43 346
42 100 49 114
42 102 55 440
42 112 34 308
42 116 19 225
42 120 1 305
43 5 4 147
43 7 58 72
43 9 49 21
43 22 43 75
43 24 7 393
43 25 31 29
43 60 1 255
43 74 9 194
43 79 19 302
43 84 25 282
43 89 13 161
43 92 55 32
43 106 16 171
43 109 40 38
43 115 37 287
44 5 10 147
44 23 23 261
44 34 1 234
44 44 5 60
44 54 19 334
44 62 25 71
44 69 7 211
44 82 43 34
44 85 35 52
44 90 37 346
44 98 31 374
44 111 13 53
44 117 3 79
44 119 27 384
44 120 16 305
45 3 25 169
45 10 22 237
45 13 43 413
45 20 13 124
45 23 7 261
45 25 37 29
45 40 16 6
45 50 31 213
45 52 9 450
45 64 29 33
45 72 1 141
45 84 55 282
45 90 49 346
45 108 19 55
45 114 5 110
46 1 19 1
46 18 31 73
46 22 13 75
46 23 39 261
46 26 1 88
46 35 4 265
46 42 29 358
46 53 25 18
46 57 23 45
46 73 10 188
46 95 7 316
46 106 34 171
46 109 46 353
46 112 52 308
46 113 17 162
47 20 16 124
47 29 22 50
47 37 25 44
47 38 37 305
47 39 3 277
47 45 5 258
47 47 1 256
47 56 13 362
47 74 31 194
47 82 49 34
47 85 39 52
47 87 11 186
47 93 19 448
47 99 7 206
47 111 28 53
48 5 13 147
48 9 1 21
48 13 21 212
48 17 27 151
48 24 9 393
48 42 31 358
48 57 19 45
48 64 47 33
48 70 5 111
48 71 43 439
48 79 33 302
48 84 49 282
48 101 16 4
48 117 7 79
48 118 25 139
49 19 11 103
49 33 43 13
49 36 19 30
49 37 4 44
49 62 27 71
49 69 13 211
49 72 37 141
49 91 21 190
49 94 9 264
49 95 15 316
49 103 1 248
49 105 17 115
49 107 7 39
49 111 49 53
49 119 31 437
50 7 49 72
50 14 9 401
50 19 13 103
50 20 19 124
50 28 5 197
50 37 1 44
50 60 34 255
50 70 7 111
50 83 55 91
50 95 31 316
50 96 43 268
50 102 15 440
50 112 22 308
50 113 39 162
50 116 25 225
51 10 7 237
51 11 49 144
51 12 1 142
51 21 28 187
51 38 19 305
51 58 3 70
51 75 22 421
51 78 25 259
51 80 34 223
51 81 13 337
51 90 55 346
51 97 43 354
51 114 31 110
51 117 17 79
51 120 10 305
52 8 35 9
52 17 55 226
52 27 13 37
52 49 7 182
52 55 49 219
52 56 19 362
52 61 10 89
52 81 3 337
52 84 37 65
52 86 43 435
52 87 25 186
52 94 1 264
52 97 31 64
52 99 15 206
52 118 27 139
53 2 9 193
53 5 16 147
53 13 55 212
53 16 1 253
53 20 22 124
53 21 37 187
53 33 49 13
53 36 29 30
53 40 4 6
53 44 7 60
53 52 11 450
53 65 25 59
53 67 35 61
53 78 13 259
53 116 31 225
54 18 25 73
54 20 28 124
54 24 11 393
54 37 13 44
54 41 40 399
54 43 16 318
54 55 55 219
54 57 31 45
54 61 7 89
54 69 35 211
54 72 43 141
54 90 1 148
54 106 19 171
54 111 22 53
54 118 33 139
55 1 25 1
55 16 13 253
55 41 1 399
55 50 37 213
55 51 4 444
55 53 19 18
55 54 31 334
55 75 40 421
55 79 49 302
55 81 43 434
55 88 9 137
55 102 55 61
55 104 16 97
56 12 3 142
56 23 1 261
56 24 13 393
56 31 43 298
56 39 7 277
56 40 31 6
56 48 19 411
56 50 34 213
56 64 53 33
56 71 49 439
56 74 37 194
56 78 21 259
56 84 25 65
56 89 10 161
56 93 15 448
57 11 25 144
57 17 37 226
57 22 55 75
57 28 41 197
57 41 49 399
57 49 10 182
57 53 31 18
57 73 1 188
57 74 43 194
57 81 13 434
57 98 17 374
57 103 4 248
57 106 22 171
57 112 19 417
57 113 7 162
58 17 33 151
58 20 25 124
58 23 45 261
58 25 19 29
58 26 16 88
58 28 47 197
58 30 31 139
58 47 7 256
58 69 1 211
58 75 28 421
58 83 9 91
58 85 41 52
58 101 37 4
58 110 13 409
58 115 4 287
59 16 16 253
59 23 11 261
59 36 5 30
59 44 19 60
59 60 49 255
59 61 40 89
59 63 21 2
59 70 13 111
59 71 55 439
59 73 28 188
59 77 3 5
59 87 43 186
59 99 31 311
59 100 7 114
59 113 1 162
60 1 31 1
60 4 10 382
60 13 49 413
60 26 4 88
60 49 16 182
60 52 13 450
60 57 21 45
60 70 19 111
60 90 25 148
60 95 41 316
60 97 43 64
60 99 37 311
60 104 7 97
60 113 47 162
60 117 1 79
61 9 13 292
61 18 28 73
61 29 43 50
61 41 4 399
61 42 33 358
61 47 9 256
61 48 7 411
61 51 49 444
61 61 1 89
61 81 19 337
61 93 17 448
61 100 55 114
61 112 46 417
61 116 37 225
61 120 25 305
62 2 4 193
62 10 1 237
62 21 31 187
62 32 34 117
62 37 16 44
62 48 9 411
62 51 46 444
62 54 25 334
62 60 13 255
62 64 59 33
62 76 7 415
62 92 43 32
62 102 19 440
62 104 49 97
62 105 11 115
63 2 1 193
63 14 37 401
63 47 11 256
63 51 22 444
63 58 43 70
63 64 5 195
63 65 31 59
63 87 41 186
63 92 16 32
63 94 7 264
63 103 13 248
63 106 25 171
63 107 3 39
63 111 19 53
63 119 49 437
64 16 25 253
64 21 34 187
64 24 15 393
64 42 37 358
64 47 5 256
64 59 43 324
64 60 19 255
64 64 1 195
64 72 49 141
64 73 40 188
64 76 3 415
64 82 55 34
64 89 22 161
64 90 7 148
65 29 28 50
65 50 40 213
65 55 7 219
65 62 35 71
65 72 55 141
65 73 16 188
65 76 1 415
65 77 5 5
65 84 19 65
65 95 3 316
65 96 49 268
65 98 11 374
65 100 31 114
65 102 43 440
66 4 16 382
66 9 55 21
66 10 13 237
66 20 31 124
66 21 40 187
66 27 19 37
66 28 53 197
66 36 7 30
66 41 46 399
66 50 43 213
66 65 49 59
66 71 1 3
66 75 34 421
66 84 21 416
66 115 10 287
67 8 41 9
67 9 25 292
67 12 5 142
67 24 17 393
67 28 59 197
67 30 29 139
67 39 9 277
67 49 19 182
67 70 15 111
67 77 22 5
67 79 1 302
67 102 31 61
67 115 49 287
67 116 43 225
67 118 35 139
68 5 19 147
68 14 49 401
68 20 34 124
68 29 39 50
68 30 37 139
68 31 1 298
68 39 13 277
68 55 55 36
68 61 28 89
68 64 7 195
68 66 15 189
68 99 9 311
68 100 43 114
68 105 5 115
69 5 22 147
69 11 1 144
69 13 55 413
69 30 39 139
69 31 7 298
69 37 43 44
69 42 35 358
69 67 5 61
69 75 31 421
69 78 46 259
69 84 49 65
69 101 13 4
69 103 16 248
69 108 25 55
69 118 41 139
70 14 55 401
70 28 1 233
70 37 40 44
70 49 22 182
70 56 25 362
70 70 17 111
70 71 7 3
70 73 34 188
70 75 37 421
70 97 13 354
70 98 43 374
70 99 3 206
70 110 19 409
70 112 28 308
70 117 11 79
71 1 37 1
71 16 22 253
71 19 15 103
71 21 43 187
71 30 53 139
71 43 7 318
71 50 46 213
71 57 25 45
71 62 33 71
71 74 57 194
71 87 13 186
71 89 27 161
71 102 1 440
71 116 49 225
71 118 55 139
72 1 43 1
72 4 19 382
72 10 10 237
72 13 31 212
72 28 3 233
72 33 37 13
72 43 22 318
72 67 17 61
72 73 49 188
72 83 25 91
72 85 5 52
72 86 55 215
72 95 1 316
72 102 13 61
72 112 7 308
73 1 49 1
73 5 25 147
73 6 34 140
73 12 7 142
73 31 55 298
73 48 21 411
73 54 37 334
73 74 1 418
73 85 13 52
73 89 16 161
73 107 9 39
73 115 43 287
74 16 34 253
74 24 19 393
74 32 10 117
74 53 37 18
74 55 21 219
74 56 7 362
74 57 27 45
74 58 49 70
74 73 46 188
74 75 43 421
74 79 13 302
74 81 1 434
74 92 31 348
74 102 55 74
75 10 28 237
75 14 7 33
75 18 34 73
75 31 49 298
75 41 43 399
75 51 25 444
75 52 15 450
75 70 21 111
75 73 55 188
75 80 37 223
75 82 1 197
75 98 5 374
75 101 31 4
75 104 46 97
76 15 1 369
76 17 55 330
76 20 37 124
76 28 5 233
76 48 3 411
76 61 16 89
76 64 11 195
76 80 40 223
76 81 7 434
76 83 43 231
76 97 25 354
76 98 13 374
76 103 19 248
76 111 34 53
76 120 31 305
77 12 13 142
77 25 25 29
77 27 21 37
77 32 1 117
77 33 55 13
77 36 17 30
77 37 37 44
77 47 15 256
77 59 7 207
77 83 31 91
77 85 43 52
77 95 11 316
77 111 40 53
77 113 19 162
77 120 4 305
78 5 28 147
78 26 34 88
78 44 15 60
78 48 37 411
78 60 52 255
78 62 46 71
78 69 9 211
78 76 5 415
78 78 1 259
78 88 11 137
78 89 31 161
78 93 21 448
78 107 13 39
78 108 43 55
78 109 25 353
79 3 31 376
79 13 37 212
79 36 11 30
79 44 13 60
79 50 49 213
79 55 25 219
79 59 15 207
79 94 3 264
79 96 55 268
79 97 7 354
79 105 1 115
79 109 52 353
79 113 21 162
79 117 5 79
80 2 7 193
80 7 21 72
80 21 46 187
80 29 34 50
80 30 43 139
80 34 3 234
80 47 19 256
80 57 29 45
80 62 37 71
80 74 49 194
80 77 15 5
80 78 9 259
80 88 13 137
80 104 25 97
80 116 55 225
81 5 31 147
81 8 47 9
81 25 37 113
81 32 13 117
81 37 7 44
81 52 17 450
81 53 43 18
81 55 21 36
81 68 1 342
81 69 19 211
81 78 4 259
81 80 49 223
81 106 28 171
81 107 11 39
82 7 27 72
82 22 13 116
82 38 5 153
82 70 23 111
82 72 1 149
82 73 52 188
82 76 21 415
82 79 55 302
82 82 7 197
82 84 31 65
82 95 25 316
82 115 40 287
82 117 19 79
82 118 45 139
83 14 1 33
83 22 7 75
83 24 21 393
83 27 23 37
83 32 16 117
83 34 11 234
83 41 52 399
83 42 39 358
83 48 31 411
83 49 25 182
83 59 55 207
83 89 34 161
83 101 28 4
83 111 46 53
83 120 43 305
84 13 55 106
84 30 49 139
84 33 1 16
84 42 41 358
84 50 52 213
84 51 34 444
84 72 7 149
84 75 46 421
84 82 13 197
84 99 25 206
84 102 37 61
84 103 22 248
84 106 31 171
85 27 25 37
85 28 7 233
85 34 9 234
85 35 37 265
85 38 1 153
85 48 40 411
85 51 28 444
85 58 31 70
85 59 3 207
85 73 43 188
85 87 21 186
85 88 15 137
85 93 23 448
85 105 13 115
86 1 55 1
86 14 13 33
86 25 49 113
86 37 46 44
86 38 3 153
86 45 1 258
86 57 33 45
86 76 9 415
86 81 19 434
86 83 37 231
86 88 17 137
86 97 25 64
86 98 7 374
87 10 4 237
87 18 37 73
87 26 19 88
87 27 27 37
87 29 46 50
87 72 13 149
87 73 58 188
87 75 49 421
87 84 31 416
87 97 7 64
87 106 40 171
87 109 1 353
87 113 25 162
88 2 13 193
88 5 34 147
88 11 15 144
88 14 25 33
88 20 40 124
88 30 47 139
88 33 7 16
88 43 43 318
88 53 49 18
88 58 55 70
88 64 3 195
88 72 19 149
88 109 31 38
89 3 25 376
89 4 22 382
89 22 1 75
89 23 5 261
89 25 31 113
89 31 37 298
89 35 7 265
89 53 55 18
89 56 10 362
89 88 19 137
89 91 43 217
89 99 13 311
89 118 51 139
90 3 37 376
90 10 34 237
90 12 17 142
90 16 28 253
90 21 49 187
90 64 9 195
90 66 1 189
90 70 25 111
90 71 13 3
90 86 55 435
90 99 43 311
90 102 19 61
90 112 31 308
91 15 7 369
91 24 23 393
91 26 13 88
91 28 9 233
91 51 31 444
91 54 43 334
91 56 4 362
91 62 49 71
91 65 37 59
91 73 1 320
91 76 25 415
91 77 17 5
91 88 21 137
91 112 27 417
91 118 57 139
92 7 10 72
92 13 19 413
92 23 31 261
92 32 4 117
92 60 7 255
92 62 51 71
92 64 17 195
92 65 43 59
92 81 25 434
92 85 37 52
92 87 33 186
92 90 13 148
92 108 1 55
92 118 59 139
93 8 53 9
93 10 16 237
93 28 11 233
93 37 55 44
93 45 3 258
93 49 28 182
93 54 49 334
93 66 37 189
93 72 31 149
93 78 43 259
93 107 25 39
93 110 22 409
93 111 58 53
93 112 13 308
93 119 7 384
94 2 15 193
94 6 4 140
94 17 19 151
94 36 41 30
94 47 13 256
94 50 55 213
94 55 31 36
94 59 37 207
94 60 58 255
94 76 23 415
94 79 7 302
94 98 45 374
94 103 25 248
94 108 28 55
94 112 1 308
95 21 52 187
95 22 21 116
95 25 31 150
95 31 7 419
95 33 13 16
95 39 19 277
95 41 55 399
95 43 46 318
95 57 35 45
95 77 25 5
95 84 27 416
95 100 1 229
95 101 40 4
95 104 37 278
96 2 35 193
96 3 13 169
96 4 25 382
96 9 19 292
96 23 47 261
96 34 7 234
96 45 9 258
96 48 33 411
96 56 1 362
96 85 45 52
96 89 37 161
96 98 23 374
96 111 4 53
97 2 19 193
97 18 40 73
97 19 17 103
97 26 22 88
97 55 43 36
97 60 55 255
97 73 4 320
97 74 7 418
97 76 15 415
97 77 27 5
97 85 1 52
97 93 25 448
97 97 49 64
97 105 37 115
97 112 58 308
98 2 25 193
98 3 13 376
98 4 28 382
98 33 33 16
98 39 21 277
98 47 37 256
98 48 46 411
98 55 39 36
98 58 1 442
98 60 10 255
98 67 23 61
98 80 43 223
98 93 31 448
98 108 7 55
99 8 59 9
99 15 5 369
99 28 13 233
99 40 34 6
99 41 15 230
99 43 19 318
99 56 37 362
99 68 3 342
99 93 27 448
99 100 7 229
99 101 49 4
99 102 43 61
99 103 31 248
99 108 22 55
100 10 40 237
100 13 27 212
100 22 1 116
100 29 49 50
100 38 11 153
100 39 25 277
100 58 7 442
100 84 13 282
100 88 23 137
100 90 19 148
100 101 52 4
100 103 34 248
100 115 46 287
101 3 7 169
101 13 55 313
101 42 43 358
101 47 41 256
101 59 1 324
101 69 31 211
101 70 27 111
101 72 37 149
101 75 52 421
101 80 46 223
101 83 19 91
101 85 25 52
101 100 13 229
101 120 34 305
102 4 31 382
102 5 37 147
102 15 11 369
102 23 19 261
102 29 55 50
102 32 43 117
102 33 25 16
102 36 46 30
102 56 34 362
102 65 1 433
102 80 52 223
102 81 7 12
102 99 13 120
102 107 21 39
103 2 27 193
103 6 43 140
103 27 29 37
103 33 19 16
103 48 49 411
103 49 31 182
103 59 51 207
103 65 55 59
103 68 9 342
103 85 7 52
103 90 37 148
103 92 1 32
103 117 13 79
104 6 7 140
104 11 19 144
104 21 55 187
104 36 13 30
104 39 23 277
104 41 34 399
104 42 45 358
104 48 43 411
104 56 16 362
104 81 49 434
104 87 47 186
104 102 1 61
104 106 37 171
104 107 27 39
105 6 10 140
105 10 43 237
105 27 31 37
105 34 13 234
105 38 7 153
105 39 27 277
105 44 17 60
105 48 51 411
105 75 55 421
105 84 1 282
105 87 15 186
105 90 33 148
105 112 22 417
106 6 40 140
106 14 31 33
106 34 25 234
106 41 1 230
106 65 7 433
106 68 15 342
106 75 58 421
106 82 19 197
106 87 45 186
106 101 4 4
106 104 28 97
106 105 43 115
107 5 40 147
107 11 55 144
107 38 9 153
107 51 15 444
107 57 37 45
107 68 19 342
107 70 29 111
107 76 27 415
107 92 21 32
107 94 13 264
107 97 1 354
107 98 25 374
107 111 31 53
107 120 46 305
108 5 43 147
108 13 13 212
108 24 25 393
108 26 46 88
108 27 33 37
108 37 22 44
108 39 29 277
108 54 55 334
108 57 39 45
108 70 31 111
108 76 37 415
108 83 1 91
108 86 49 435
108 112 10 308
108 114 7 110
109 3 43 376
109 8 1 202
109 9 31 292
109 26 37 88
109 32 49 117
109 45 11 258
109 52 19 450
109 58 13 442
109 59 21 324
109 73 7 320
109 77 29 5
109 86 55 175
109 108 4 55
109 117 25 79
110 4 34 382
110 11 1 214
110 16 40 253
110 20 43 124
110 21 58 187
110 22 7 116
110 26 31 88
110 45 13 258
110 49 37 182
110 56 46 362
110 99 25 311
110 105 15 115
110 112 49 417
111 4 37 382
111 13 55 273
111 15 3 369
111 24 27 393
111 57 41 45
111 58 43 442
111 65 13 433
111 71 19 3
111 82 31 197
111 98 1 374
111 105 7 115
111 113 9 162
111 115 52 287
112 2 21 193
112 11 7 144
112 13 31 413
112 16 37 253
112 28 15 233
112 55 25 36
112 61 4 89
112 85 47 52
112 90 43 148
112 98 29 374
112 105 19 115
112 115 55 287
112 117 23 79
113 20 46 124
113 26 40 88
113 29 52 50
113 34 15 234
113 44 31 60
113 55 1 219
113 63 7 2
113 70 33 111
113 72 25 149
113 73 10 320
113 76 29 415
113 86 55 20
113 97 19 354
113 103 37 248
114 12 15 142
114 13 1 212
114 16 45 253
114 37 58 44
114 39 31 277
114 44 25 60
114 57 43 45
114 62 53 71
114 65 19 433
114 84 7 282
114 90 49 148
114 92 27 32
114 104 33 97
115 3 37 101
115 23 53 261
115 35 31 265
115 40 7 6
115 49 34 182
115 50 58 213
115 66 49 189
115 68 21 342
115 74 13 418
115 82 25 197
115 84 43 65
115 90 1 403
116 14 37 33
116 22 25 116
116 31 1 419
116 32 7 117
116 35 22 265
116 51 10 444
116 55 49 36
116 73 13 320
116 80 55 223
116 86 31 93
116 93 29 448
116 94 19 264
116 95 5 316
116 112 16 308
117 4 40 382
117 19 19 103
117 31 13 419
117 35 46 265
117 40 1 6
117 51 31 48
117 60 4 157
117 65 25 433
117 72 49 149
117 84 55 65
117 95 9 316
117 101 21 4
117 103 43 248
118 4 43 382
118 6 46 140
118 8 3 202
118 24 29 393
118 25 19 113
118 36 1 30
118 79 7 430
118 83 15 91
118 93 33 448
118 95 13 316
118 103 40 248
119 11 7 214
119 16 49 253
119 18 43 73
119 25 55 113
119 27 35 37
119 48 53 411
119 59 25 324
119 60 1 157
119 62 59 71
119 65 31 433
119 87 39 186
119 94 15 264
119 100 19 229
119 101 4 14
120 3 7 376
120 13 31 106
120 23 17 54
120 25 13 29
120 26 49 88
120 33 43 16
120 35 52 265
120 49 40 182
120 52 21 450
120 58 27 442
120 87 58 186
120 88 25 137
120 99 1 311
120 109 55 353
121 8 5 202
121 27 37 37
121 40 10 6
121 44 33 60
121 64 13 195
121 67 53 61
121 70 35 111
121 78 16 259
121 80 58 223
121 86 19 93
121 99 49 311
121 111 7 53
121 113 3 162
121 120 39 305
122 5 46 147
122 13 31 313
122 15 9 369
122 33 37 16
122 56 43 362
122 79 1 430
122 83 13 231
122 87 7 186
122 102 49 61
122 109 28 38
122 110 25 409
122 114 21 110
122 115 58 287
123 7 3 72
123 13 7 212
123 14 19 33
123 18 46 73
123 34 37 234
123 35 40 265
123 77 31 5
123 81 33 434
123 85 52 52
123 100 25 229
123 103 49 248
123 114 1 110
123 119 13 384
124 17 19 226
124 45 17 258
124 59 7 324
124 61 46 89
124 67 59 61
124 68 23 342
124 76 49 415
124 79 13 430
124 87 3 186
124 89 40 161
124 100 31 229
124 106 43 171
124 110 28 409
125 8 7 202
125 23 13 261
125 33 49 16
125 49 43 182
125 57 46 45
125 72 55 149
125 74 19 418
125 76 31 415
125 78 33 259
125 79 25 430
125 100 37 229
125 112 4 308
125 119 9 437
126 6 49 140
126 27 39 37
126 32 28 117
126 37 52 44
126 47 3 256
126 61 43 89
126 69 33 211
126 84 7 65
126 92 13 32
126 94 21 264
126 98 19 374
126 114 25 110
126 119 55 437
127 13 27 413
127 25 15 113
127 31 19 419
127 39 33 277
127 40 37 6
127 43 4 318
127 48 55 411
127 55 7 251
127 62 57 71
127 69 40 211
127 77 35 5
127 80 1 179
127 104 52 97
127 105 25 115
127 113 13 162
128 5 49 147
128 12 19 142
128 13 7 413
128 14 43 33
128 18 52 73
128 19 21 103
128 60 16 255
128 61 55 89
128 77 33 5
128 79 37 302
128 86 25 93
128 105 3 115
128 111 13 436
129 11 13 214
129 26 43 88
129 28 17 233
129 34 19 234
129 42 47 358
129 63 4 2
129 65 39 433
129 68 25 342
129 70 37 111
129 84 55 416
129 92 49 32
129 103 52 248
129 104 21 97
129 115 1 322
129 117 9 79
130 10 46 237
130 11 19 214
130 25 25 113
130 37 49 44
130 41 58 399
130 43 10 318
130 64 15 195
130 67 5 442
130 70 39 111
130 99 1 120
130 109 7 353
130 111 43 53
130 113 31 162
131 7 16 72
131 9 39 292
131 11 7 120
131 14 55 33
131 20 49 124
131 37 13 96
131 40 43 6
131 58 19 442
131 66 31 189
131 77 37 5
131 88 27 137
131 99 1 329
131 106 46 171
132 24 31 393
132 40 40 6
132 42 49 358
132 51 7 444
132 56 51 362
132 58 33 442
132 66 55 189
132 69 37 211
132 79 1 300
132 86 13 93
132 99 19 120
132 100 43 229
132 101 10 4
133 3 1 169
133 16 55 253
133 18 49 73
133 19 23 103
133 25 7 29
133 28 19 233
133 39 35 277
133 44 37 60
133 49 46 182
133 61 58 89
133 69 43 211
133 77 39 5
133 104 13 97
133 106 52 171
134 3 21 169
134 13 13 413
134 56 40 362
134 64 19 195
134 68 29 342
134 69 49 211
134 74 25 418
134 76 33 415
134 84 1 65
134 93 35 448
134 103 46 248
134 105 9 115
134 119 51 341
135 29 58 50
135 33 13 122
135 36 31 30
135 43 1 318
135 47 27 256
135 56 55 362
135 61 52 89
135 66 7 424
135 78 40 259
135 80 4 179
135 92 46 32
135 95 19 316
135 120 49 305
136 4 46 382
136 6 1 241
136 7 31 317
136 8 9 202
136 9 55 292
136 32 4 371
136 57 52 45
136 58 37 442
136 59 13 324
136 84 25 315
136 101 34 14
136 106 49 171
136 107 23 39
136 108 19 104
136 114 29 110
137 3 1 376
137 24 33 393
137 49 49 182
137 51 43 444
137 56 58 362
137 74 39 418
137 79 19 430
137 93 37 448
137 104 10 97
137 111 52 53
137 117 15 79
137 119 25 437
138 5 52 147
138 6 4 241
138 13 19 106
138 31 25 419
138 52 23 450
138 56 1 390
138 58 55 442
138 62 29 113
138 67 11 442
138 76 39 415
138 79 43 430
138 80 7 179
138 110 31 409
138 112 13 417
139 6 55 140
139 8 11 202
139 17 13 151
139 24 35 393
139 32 58 117
139 36 9 30
139 55 1 251
139 58 49 442
139 81 37 434
139 85 19 52
139 88 29 137
139 99 25 120
139 117 21 79
140 23 49 261
140 29 1 121
140 49 52 182
140 52 25 450
140 59 31 324
140 65 43 433
140 71 27 3
140 82 37 197
140 92 7 32
140 105 21 115
140 106 55 171
140 113 15 162
141 28 21 233
141 33 55 16
141 35 25 265
141 57 49 45
141 63 1 2
141 67 17 442
141 69 45 211
141 79 37 430
141 91 7 190
141 99 31 120
141 104 4 97
141 105 47 115
141 109 13 353
141 111 28 436
142 9 43 292
142 20 52 124
142 23 25 261
142 36 33 30
142 37 10 96
142 45 15 258
142 48 57 411
142 56 7 390
142 59 37 324
142 60 28 255
142 66 1 424
142 91 19 380
143 4 49 382
143 14 13 31
143 33 7 122
143 45 19 258
143 58 1 62
143 59 55 324
143 60 21 157
143 72 43 149
143 85 59 52
143 88 31 137
143 104 33 278
143 117 27 79
143 120 52 305
144 5 55 147
144 9 49 292
144 12 21 142
144 19 25 103
144 31 31 419
144 36 15 30
144 59 1 396
144 62 11 113
144 64 23 195
144 90 7 403
144 106 58 171
144 107 29 39
144 117 35 79
145 3 49 376
145 5 58 147
145 18 55 73
145 34 21 234
145 38 19 153
145 55 25 251
145 56 4 390
145 66 13 424
145 70 41 111
145 77 43 5
145 84 7 416
145 103 1 99
145 110 34 409
146 3 19 376
146 4 52 382
146 6 7 241
146 18 58 73
146 28 23 233
146 34 27 234
146 42 55 358
146 60 10 157
146 61 1 138
146 76 41 415
146 79 13 300
146 82 43 197
146 110 37 409
146 117 33 79
147 12 23 142
147 14 7 31
147 16 58 253
147 20 55 124
147 23 19 54
147 27 41 37
147 28 25 233
147 29 4 121
147 38 21 153
147 64 27 195
147 76 43 415
147 90 13 403
147 100 49 229
148 4 55 382
148 7 37 72
148 15 13 369
148 25 43 113
148 41 7 230
148 42 51 358
148 47 31 256
148 48 59 411
148 63 10 2
148 65 1 288
148 68 27 342
148 91 15 190
148 110 40 409
149 2 37 193
149 7 52 72
149 11 25 214
149 13 39 413
149 20 58 124
149 22 31 116
149 35 49 265
149 41 4 230
149 45 21 258
149 51 1 444
149 58 7 62
149 70 43 111
149 83 13 257
150 3 25 101
150 6 52 140
150 31 37 419
150 33 1 122
150 38 23 153
150 40 46 6
150 41 10 230
150 49 55 182
150 68 31 342
150 69 5 77
150 95 21 316
150 108 16 55
150 120 58 305
151 6 58 140
151 7 7 72
151 15 27 369
151 33 19 122
151 34 31 234
151 35 55 265
151 70 45 111
151 72 1 166
151 76 47 415
151 101 10 14
152 4 58 382
152 16 52 253
152 52 27 450
152 61 7 138
152 68 35 342
152 70 47 111
152 74 31 418
152 104 10 278
152 112 1 417
152 114 13 110
152 115 4 322
152 117 37 79
153 23 59 261
153 38 25 153
153 40 49 6
153 45 23 258
153 58 13 62
153 60 27 157
153 61 4 138
153 72 7 166
153 73 19 320
153 78 52 259
153 90 55 148
153 107 31 39
153 111 1 53
154 14 49 33
154 25 37 150
154 28 27 233
154 36 3 30
154 38 29 153
154 51 58 444
154 62 1 113
154 66 19 424
154 80 10 179
154 105 45 115
154 108 55 55
154 114 15 110
155 8 13 202
155 10 49 237
155 16 1 304
155 32 19 117
155 43 52 318
155 48 4 408
155 57 55 45
155 63 27 2
155 69 47 211
155 85 10 340
155 94 25 264
155 101 7 4
155 103 57 248
155 114 33 110
156 2 41 193
156 19 27 103
156 36 37 30
156 47 33 256
156 51 52 444
156 62 55 71
156 67 23 442
156 78 49 259
156 87 1 239
156 93 39 448
156 112 4 417
156 117 43 79
157 33 25 122
157 43 13 318
157 52 29 450
157 55 19 251
157 56 10 390
157 59 49 324
157 71 31 3
157 73 16 320
157 92 7 348
157 97 1 64
157 99 55 311
157 104 43 278
158 7 4 317
158 8 15 202
158 11 55 214
158 24 37 393
158 31 43 419
158 33 51 122
158 44 39 60
158 60 1 246
158 70 49 111
158 79 7 300
158 83 19 231
158 88 33 137
158 107 35 39
158 114 27 110
159 10 1 252
159 17 31 226
159 26 52 88
159 29 7 121
159 32 10 371
159 37 4 96
159 38 27 153
159 45 29 258
159 65 13 288
159 74 43 418
159 82 55 197
159 89 49 161
159 97 19 64
160 11 33 214
160 13 13 106
160 24 39 393
160 25 1 29
160 43 25 318
160 45 7 258
160 52 31 450
160 61 10 138
160 69 53 211
160 74 49 418
160 78 55 259
160 93 41 448
160 109 19 353
161 14 19 31
161 47 39 256
161 55 7 204
161 56 13 390
161 62 23 113
161 65 49 433
161 68 33 342
161 87 27 186
161 100 55 229
161 110 43 409
161 120 1 26
162 34 33 234
162 39 37 277
162 42 53 358
162 47 46 256
162 63 1 445
162 74 55 418
162 79 49 430
162 84 13 65
162 89 43 161
162 98 21 374
162 104 4 278
162 108 10 55
162 114 35 110
163 15 19 369
163 16 7 304
163 23 55 261
163 39 39 277
163 44 41 60
163 56 16 390
163 63 31 2
163 70 51 111
163 83 25 231
163 85 49 52
163 88 35 137
163 91 21 217
163 103 4 99
164 2 43 193
164 11 49 214
164 13 7 106
164 41 19 230
164 45 33 258
164 71 37 3
164 91 13 380
164 98 53 374
164 108 58 55
164 110 46 409
164 112 25 308
164 114 3 110
164 117 41 79
165 16 4 304
165 27 43 37
165 29 10 121
165 37 7 96
165 43 19 235
165 47 53 256
165 48 1 408
165 72 13 166
165 81 55 434
165 82 49 197
165 94 27 264
165 105 59 115
165 109 22 353
166 3 7 101
166 8 17 202
166 13 25 106
166 14 1 31
166 28 29 233
166 40 52 6
166 91 31 190
166 92 58 32
166 99 37 120
166 113 41 162
166 119 19 384
166 120 55 305
167 14 25 31
167 16 10 304
167 19 29 103
167 25 19 150
167 26 55 88
167 35 58 265
167 38 31 153
167 51 34 48
167 55 13 251
167 71 43 3
167 78 7 80
167 92 52 32
167 109 49 353
167 120 4 26
168 3 19 101
168 10 52 237
168 14 37 31
168 17 25 226
168 26 7 291
168 33 31 122
168 37 16 96
168 38 35 153
168 57 57 45
168 60 13 157
168 74 1 95
168 86 43 175
168 87 49 186
168 92 10 32
169 8 19 202
169 11 37 214
169 24 41 393
169 27 45 37
169 28 31 233
169 38 33 153
169 39 43 277
169 66 25 424
169 90 21 403
169 95 47 316
169 120 7 26
170 35 43 265
170 38 37 153
170 41 22 230
170 56 19 390
170 69 51 211
170 73 25 320
170 76 53 415
170 81 1 12
170 89 46 161
170 95 33 316
170 105 49 115
170 115 7 322
170 117 39 79
171 2 39 193
171 23 21 261
171 25 45 150
171 41 25 230
171 45 35 258
171 67 31 442
171 68 37 342
171 82 1 349
171 83 55 231
171 89 52 161
171 100 7 323
171 113 43 162
171 120 13 26
172 2 45 193
172 3 49 101
172 8 21 202
172 9 1 319
172 10 55 237
172 27 47 37
172 33 39 122
172 59 25 396
172 74 7 95
172 82 13 349
172 88 37 137
172 102 31 74
173 8 23 202
173 9 7 319
173 15 29 369
173 28 33 233
173 32 52 117
173 33 43 122
173 45 37 258
173 74 13 95
173 81 19 12
173 110 49 409
173 112 39 417
173 117 47 79
173 119 1 384
174 8 25 202
174 12 27 142
174 24 43 393
174 51 37 48
174 66 31 424
174 69 55 211
174 71 49 3
174 72 19 166
174 85 3 52
174 93 45 448
174 105 57 115
174 108 7 104
174 112 16 417
174 117 53 79
174 120 10 26
175 13 1 413
175 14 31 31
175 23 22 54
175 34 35 234
175 41 28 230
175 48 7 408
175 63 49 2
175 79 55 430
175 81 13 12
175 88 39 137
175 98 41 374
175 104 19 278
175 108 46 55
175 109 10 353
176 12 29 142
176 16 13 304
176 39 41 277
176 51 55 444
176 56 22 390
176 57 59 45
176 78 16 80
176 84 1 416
176 90 25 403
176 102 7 440
176 112 31 417
176 119 37 437
177 3 55 376
177 16 16 304
177 31 49 419
177 38 39 153
177 47 43 256
177 48 9 408
177 83 1 231
177 88 41 137
177 101 13 14
177 102 25 61
177 109 34 353
177 113 45 162
178 11 43 214
178 37 1 96
178 41 31 230
178 43 4 235
178 44 35 60
178 45 39 258
178 61 19 138
178 63 7 445
178 69 57 211
178 72 25 166
178 80 13 179
178 97 49 77
178 109 10 38
178 120 16 26
179 9 13 319
179 15 21 369
179 36 27 30
179 43 55 318
179 47 49 256
179 62 35 113
179 69 59 211
179 77 41 5
179 91 1 190
179 99 43 120
179 111 7 436
179 115 10 322
179 117 51 79
180 23 15 261
180 36 39 30
180 43 58 318
180 76 45 415
180 82 7 349
180 83 51 231
180 90 31 403
180 95 27 316
180 101 55 4
180 102 1 74
180 114 37 110
180 117 49 79
181 2 47 193
181 15 37 369
181 17 13 226
181 19 31 103
181 22 55 116
181 37 19 96
181 41 49 230
181 51 25 48
181 52 33 450
181 55 1 204
181 60 7 157
181 68 39 342
181 77 45 5
181 110 52 409
182 15 31 369
182 19 33 103
182 28 39 233
182 38 41 153
182 44 43 60
182 45 45 258
182 52 35 450
182 59 7 396
182 60 16 157
182 91 25 380
182 92 1 348
182 107 37 39
182 108 49 55
182 111 55 53
183 14 43 31
183 25 3 113
183 38 47 153
183 51 28 48
183 69 1 77
183 72 31 166
183 79 19 300
183 84 13 416
183 85 17 340
183 109 7 38
183 110 55 409
183 114 39 110
184 12 25 142
184 24 45 393
184 33 55 122
184 38 43 153
184 45 41 258
184 69 3 77
184 78 31 80
184 82 19 349
184 84 7 315
184 90 37 403
184 99 49 120
184 105 53 115
184 120 27 26
185 3 31 101
185 9 19 319
185 13 51 106
185 19 35 103
185 24 47 393
185 33 1 159
185 34 39 234
185 38 45 153
185 61 13 138
185 88 43 137
185 99 55 120
185 114 49 110
186 2 53 193
186 28 35 233
186 52 37 450
186 77 47 5
186 81 25 12
186 83 7 231
186 88 45 137
186 90 49 403
186 101 58 4
186 105 1 71
186 117 55 79
186 120 19 26
187 19 37 103
187 22 45 116
187 26 1 291
187 31 55 419
187 33 7 159
187 41 34 230
187 43 16 235
187 64 25 195
187 66 39 424
187 67 53 442
187 68 43 342
187 76 51 415
187 115 13 322
187 120 22 26
188 6 10 241
188 8 27 202
188 11 1 205
188 17 19 330
188 41 37 230
188 42 57 358
188 47 51 256
188 70 53 111
188 77 49 5
188 119 13 437
189 25 25 150
189 26 58 88
189 27 49 37
189 38 51 153
189 45 43 258
189 80 16 179
189 92 10 348
189 98 39 374
189 100 1 323
189 107 33 39
189 113 53 162
190 31 1 335
190 51 19 48
190 55 31 251
190 56 25 390
190 63 46 2
190 67 41 442
190 72 37 166
190 94 29 264
190 104 7 278
190 109 13 38
190 114 43 110
190 115 16 322
191 8 29 202
191 16 19 304
191 31 7 335
191 36 55 30
191 43 49 318
191 64 31 195
191 69 11 77
191 83 33 231
191 84 37 416
191 87 3 239
191 93 43 448
191 108 52 55
191 114 45 110
192 15 41 369
192 22 31 12
192 27 51 37
192 29 13 121
192 44 45 60
192 52 39 450
192 61 16 138
192 64 29 195
192 65 55 433
192 84 7 328
192 92 25 348
192 100 19 323
192 105 3 71
193 2 49 193
193 16 22 304
193 39 45 277
193 44 47 60
193 45 53 258
193 49 58 182
193 51 40 48
193 73 28 320
193 77 51 5
193 101 1 4
193 113 55 162
194 8 31 202
194 12 33 142
194 35 4 20
194 40 1 35
194 42 59 358
194 70 55 111
194 76 57 415
194 90 43 403
194 100 13 323
194 103 7 99
195 11 9 205
195 15 39 369
195 29 16 121
195 40 55 6
195 58 19 62
195 69 7 77
195 76 59 415
195 82 25 349
195 83 1 257
195 88 47 137
195 102 43 74
196 10 58 237
196 25 13 150
196 26 4 291
196 36 43 30
196 37 22 96
196 55 37 251
196 56 28 390
196 65 7 288
196 79 31 430
196 115 19 322
196 119 45 437
197 3 45 101
197 24 49 393
197 27 53 37
197 31 13 335
197 32 7 371
197 34 43 234
197 35 1 20
197 67 25 442
197 68 41 342
197 74 19 95
197 90 55 403
197 91 31 380
197 109 4 353
197 113 51 162
198 26 10 291
198 45 47 258
198 47 55 256
198 52 41 450
198 60 37 157
198 74 25 95
198 83 43 257
198 88 49 137
198 97 13 64
198 98 51 374
198 100 31 323
198 101 1 14
198 108 22 104
198 113 57 162
199 6 13 241
199 8 33 202
199 13 25 313
199 14 49 31
199 23 29 54
199 25 19 243
199 56 37 390
199 62 41 113
199 63 4 445
199 66 43 424
199 85 55 52
199 102 7 61
199 111 16 53
199 114 47 110
199 117 57 79
200 16 25 304
200 26 13 291
200 27 55 37
200 35 7 20
200 40 4 35
200 52 43 450
200 63 34 2
200 88 51 137
200 91 37 380
200 93 47 448
200 98 49 374
200 108 10 104
200 110 58 409
200 120 31 26
201 35 13 20
201 39 47 277
201 47 59 256
201 48 16 408
201 61 22 138
201 71 55 3
201 81 37 12
201 82 31 349
201 91 1 380
201 100 25 323
201 103 10 99
201 108 43 104
202 2 51 193
202 11 13 205
202 38 53 153
202 39 49 277
202 51 55 48
202 86 7 93
202 92 4 348
202 107 39 39
202 108 25 104
202 117 45 79
203 25 7 113
203 26 16 291
203 28 37 233
203 31 25 335
203 36 1 263
203 59 39 396
203 65 19 288
203 68 45 342
203 76 55 415
203 84 49 416
203 88 53 137
203 92 13 348
203 97 57 64
203 120 34 26
204 9 25 319
204 17 7 151
204 19 39 103
204 22 43 12
204 24 51 393
204 36 53 30
204 38 55 153
204 43 1 235
204 48 11 408
204 92 16 348
204 93 49 448
204 94 31 264
204 108 13 104
204 117 59 79
205 24 53 393
205 34 41 234
205 36 3 263
205 43 7 235
205 62 13 113
205 66 49 424
205 77 55 5
205 78 58 259
205 98 27 374
205 109 16 353
205 119 19 437
206 8 35 202
206 9 31 319
206 13 1 106
206 32 22 117
206 34 45 234
206 40 58 6
206 86 39 93
206 95 37 316
206 104 13 278
206 108 16 104
206 111 25 53
206 119 7 232
207 32 25 371
207 33 13 159
207 44 49 60
207 59 19 396
207 63 55 2
207 71 1 9
207 77 53 5
207 82 37 349
207 83 7 257
207 84 45 416
207 93 51 448
207 95 43 316
208 32 22 371
208 61 25 138
208 66 55 424
208 69 9 77
208 78 19 80
208 84 31 315
208 90 1 443
208 91 49 330
208 95 45 316
208 98 47 374
208 99 13 329
208 101 28 14
208 120 37 26
209 7 7 317
209 11 25 205
209 27 57 37
209 32 13 371
209 35 10 20
209 45 49 258
209 51 43 48
209 73 22 320
209 89 1 431
209 107 41 39
209 117 4 200
210 6 16 241
210 12 31 142
210 25 1 150
210 26 22 291
210 29 19 121
210 34 47 234
210 58 25 62
210 61 33 138
210 62 53 113
210 83 37 257
210 103 13 99
210 107 43 39
211 12 35 142
211 25 49 150
211 40 7 35
211 60 40 157
211 64 33 195
211 65 25 288
211 67 47 442
211 78 22 80
211 80 19 179
211 91 1 217
211 104 16 278
212 10 4 252
212 14 55 31
212 16 28 304
212 23 9 261
212 26 19 291
212 29 22 121
212 32 1 371
212 36 49 30
212 63 52 2
212 65 31 288
212 79 37 300
212 87 7 239
212 104 25 278
213 29 25 121
213 33 55 159
213 39 51 277
213 40 10 35
213 44 53 60
213 55 13 204
213 58 31 62
213 65 37 288
213 72 43 166
213 80 22 179
213 94 35 264
213 105 5 71
213 120 1 332
214 3 55 101
214 35 16 20
214 36 59 30
214 43 10 235
214 45 51 258
214 55 43 251
214 74 31 95
214 79 25 300
214 93 53 448
214 100 37 323
214 111 19 436
214 119 1 437
215 6 19 241
215 10 13 252
215 24 55 393
215 59 43 396
215 61 28 138
215 71 7 9
215 73 31 320
215 80 25 179
215 81 49 12
215 87 53 186
215 95 39 316
215 103 16 99
215 109 1 38
216 23 3 261
216 44 51 60
216 80 28 179
216 87 5 239
216 93 55 448
216 98 15 374
216 99 7 329
216 104 22 278
216 112 34 417
216 117 1 200
217 26 25 291
217 34 55 234
217 36 5 263
217 38 59 153
217 39 53 277
217 64 21 195
217 72 49 166
217 74 37 95
217 77 57 5
217 83 31 257
217 104 1 97
217 112 7 417
218 6 25 241
218 22 37 116
218 26 28 291
218 31 19 335
218 38 1 280
218 43 13 235
218 52 45 450
218 60 31 157
218 73 34 320
218 81 57 12
218 88 55 137
218 100 49 323
218 101 7 14
218 114 53 110
219 7 13 72
219 10 16 252
219 11 19 205
219 17 1 151
219 19 41 103
219 23 51 261
219 45 55 258
219 58 37 62
219 68 47 342
219 70 57 111
219 73 43 320
219 90 7 443
219 93 59 448
219 99 25 329
220 8 37 202
220 13 1 313
220 28 41 233
220 33 19 159
220 36 51 30
220 40 13 35
220 58 43 62
220 69 16 77
220 77 59 5
220 80 31 179
220 98 9 374
220 114 55 110
221 8 39 202
221 9 43 319
221 27 59 37
221 32 19 371
221 39 55 277
221 59 13 396
221 84 1 315
221 92 22 348
221 94 33 264
221 114 51 110
222 3 13 101
222 8 41 202
222 12 37 142
222 23 35 54
222 24 57 393
222 31 31 335
222 63 10 445
222 66 1 276
222 101 25 4
222 104 49 278
222 107 45 39
222 108 28 104
222 112 52 417
223 16 31 304
223 25 55 150
223 31 37 335
223 66 7 276
223 67 59 442
223 83 19 257
223 109 4 38
224 2 55 193
224 17 3 226
224 23 37 54
224 36 7 263
224 45 1 370
224 47 57 256
224 67 11 78
224 68 49 342
224 70 59 111
224 86 19 215
224 90 13 443
224 100 43 323
224 111 25 436
224 119 31 341
225 9 37 319
225 34 49 234
225 45 59 258
225 59 31 396
225 73 46 320
225 85 9 52
225 93 57 448
225 99 19 329
225 105 51 115
225 108 1 227
226 8 43 202
226 12 39 142
226 14 19 11
226 41 52 230
226 45 3 370
226 56 31 390
226 60 34 157
226 62 45 195
226 88 58 137
226 89 55 161
226 102 9 74
226 107 47 39
227 3 1 135
227 26 31 291
227 33 25 159
227 37 34 96
227 48 13 408
227 82 43 349
227 84 15 315
227 90 19 443
227 98 55 374
227 117 7 200
228 9 49 319
228 34 53 234
228 35 19 20
228 52 47 450
228 56 40 390
228 86 1 93
228 91 13 217
228 99 31 329
228 112 10 417
228 113 59 162
228 119 43 341
229 11 31 205
229 15 47 369
229 31 43 335
229 32 55 117
229 59 49 396
229 63 13 445
229 72 1 289
229 89 58 161
229 90 25 443
229 91 7 380
229 101 16 14
229 113 5 64
230 28 43 233
230 39 57 277
230 43 22 235
230 59 7 125
230 60 45 157
230 71 13 9
230 85 27 52
230 92 19 348
230 97 37 77
230 100 1 422
230 113 49 162
231 10 7 252
231 16 34 304
231 23 31 54
231 24 59 393
231 33 37 159
231 40 16 35
231 44 1 80
231 72 55 166
231 76 3 48
231 83 25 257
231 87 51 186
231 114 5 3
232 15 43 369
232 17 45 330
232 32 16 371
232 44 55 60
232 63 58 2
232 79 31 300
232 84 19 315
232 94 37 264
232 105 7 71
232 107 49 39
232 113 11 64
232 120 40 26
233 8 45 202
233 12 41 142
233 31 49 335
233 35 22 20
233 36 9 263
233 63 19 445
233 64 35 195
233 66 13 276
233 67 17 78
233 76 7 48
233 77 1 104
233 81 3 78
233 112 58 417
233 120 55 26
234 28 45 233
234 37 28 96
234 40 25 35
234 45 57 258
234 48 23 408
234 56 34 390
234 66 19 276
234 69 13 77
234 86 1 215
234 98 59 374
234 109 16 38
235 7 10 317
235 19 43 103
235 26 34 291
235 35 25 20
235 37 31 96
235 38 57 153
235 40 19 35
235 55 37 204
235 74 45 95
235 82 49 349
235 86 13 215
235 92 28 348
235 97 1 247
235 113 17 64
236 2 57 193
236 7 16 317
236 11 1 341
236 35 28 20
236 60 13 246
236 61 43 138
236 69 22 77
236 83 31 136
236 85 5 340
236 87 55 186
236 94 39 264
236 95 49 316
236 99 7 27
236 103 19 99
236 107 51 39
237 3 7 135
237 15 45 369
237 25 1 243
237 26 37 291
237 32 52 371
237 35 31 20
237 59 55 396
237 66 25 276
237 78 34 80
237 94 41 264
237 108 49 104
238 7 1 317
238 8 47 202
238 10 19 252
238 11 37 205
238 15 51 369
238 45 5 370
238 52 49 450
238 63 16 445
238 81 7 78
238 87 13 239
238 117 11 200
239 2 59 193
239 12 47 142
239 51 1 172
239 56 49 390
239 60 4 246
239 65 43 288
239 83 7 136
239 95 52 316
239 105 55 115
239 108 31 104
240 6 22 241
240 9 55 319
240 11 45 205
240 12 43 142
240 38 49 153
240 69 19 77
240 80 34 179
240 86 37 215
240 91 25 217
240 97 7 247
240 101 31 14
240 104 1 278
240 113 29 64
240 114 59 110
241 3 13 135
241 9 1 400
241 19 45 103
241 66 31 276
241 73 37 320
241 85 57 52
241 91 7 217
241 92 40 348
241 94 43 264
241 103 22 99
241 104 28 278
241 115 25 322
242 11 49 205
242 12 45 142
242 29 28 121
242 35 34 20
242 40 31 35
242 66 37 276
242 71 19 9
242 95 55 316
242 112 57 23
243 12 49 142
243 29 31 121
243 31 55 335
243 58 51 62
243 95 59 316
243 97 43 77
243 98 3 374
243 112 37 23
243 113 35 64
243 115 22 322
244 13 37 106
244 19 47 103
244 48 19 408
244 59 13 125
244 62 59 113
244 78 25 80
244 85 21 52
244 89 4 431
244 95 57 316
244 114 11 3
245 9 7 400
245 12 51 142
245 17 3 432
245 23 43 54
245 26 40 291
245 33 31 159
245 37 25 96
245 47 1 372
245 61 37 138
245 82 55 349
245 86 13 435
246 7 13 317
246 35 37 20
246 36 11 263
246 37 40 96
246 65 49 288
246 66 43 276
246 72 7 289
246 78 28 80
246 92 1 310
246 94 47 264
246 100 55 323
246 107 53 39
246 108 34 104
247 12 53 142
247 17 13 432
247 19 49 103
247 33 43 159
247 56 55 390
247 87 10 239
247 89 7 431
247 90 31 443
247 108 37 104
247 119 1 232
247 120 58 26
248 11 19 341
248 16 37 304
248 28 47 233
248 44 59 60
248 47 3 372
248 58 55 62
248 72 13 289
248 73 40 320
248 100 7 422
248 102 25 74
248 109 34 38
248 117 17 200
249 11 7 341
249 32 28 371
249 64 37 195
249 65 55 288
249 72 19 289
249 78 43 80
249 99 39 329
249 100 13 422
249 104 46 278
249 117 23 200
250 10 10 252
250 44 57 60
250 47 5 372
250 69 29 77
250 72 25 289
250 74 49 95
250 78 37 80
250 85 7 340
250 102 13 74
250 104 1 279
250 114 17 3
251 10 22 252
251 14 55 35
251 15 49 369
251 26 43 291
251 60 51 157
251 72 31 289
251 81 13 78
251 84 37 315
251 87 17 239
251 103 25 99
252 10 25 252
252 17 37 330
252 23 33 54
252 26 46 291
252 28 49 233
252 34 57 234
252 47 7 372
252 68 51 342
252 88 1 364
252 105 9 71
252 119 13 232
253 2 5 54
253 15 53 369
253 39 59 277
253 43 25 235
253 65 1 131
253 76 9 48
253 83 49 257
253 87 15 239
253 91 31 217
253 94 45 264
253 100 19 422
253 104 55 278
253 108 40 104
254 8 49 202
254 9 13 400
254 19 51 103
254 25 7 150
254 34 59 234
254 37 37 96
254 59 1 125
254 60 55 157
254 92 34 348
254 94 53 264
254 109 19 38
255 10 28 252
255 17 31 432
255 34 5 41
255 52 51 450
255 58 1 68
255 65 7 131
255 90 37 443
255 92 43 348
255 95 11 397
255 101 19 14
255 112 55 417
256 3 27 135
256 7 34 317
256 45 7 370
256 62 47 113
256 63 31 445
256 64 39 195
256 65 13 131
256 69 25 77
256 81 19 78
256 83 55 257
256 89 10 431
256 99 43 329
256 108 52 104
257 19 53 103
257 26 49 291
257 29 34 121
257 41 40 230
257 45 9 370
257 64 43 195
257 83 1 136
257 85 13 340
257 94 57 264
257 107 55 39
258 2 7 54
258 8 51 202
258 10 31 252
258 37 43 96
258 43 28 235
258 59 19 125
258 80 37 179
258 82 1 23
258 85 25 340
258 87 23 239
258 95 5 397
258 102 9 180
258 104 58 278
258 119 13 314
259 3 19 135
259 6 28 241
259 19 55 103
259 26 52 291
259 78 40 80
259 91 1 330
259 97 57 77
259 104 7 279
260 17 7 226
260 28 51 233
260 36 13 263
260 38 3 280
260 55 55 251
260 65 19 131
260 92 37 348
260 105 11 71
260 120 43 26
261 10 34 252
261 17 7 432
261 44 3 80
261 61 40 138
261 68 53 342
261 73 49 320
261 86 19 435
261 95 1 397
261 103 28 99
261 109 25 38
261 113 23 64
262 26 57 291
262 52 53 450
262 55 49 251
262 62 5 243
262 68 55 342
262 71 25 9
262 89 13 431
262 104 16 279
262 114 23 3
262 117 9 200
263 2 1 54
263 25 7 243
263 34 51 234
263 37 55 96
263 43 31 235
263 44 5 80
263 61 46 138
263 62 58 195
263 64 41 195
263 104 13 279
263 113 53 64
264 31 1 427
264 35 40 20
264 37 46 96
264 40 22 35
264 44 11 80
264 47 13 372
264 51 49 48
264 58 7 68
264 59 31 125
264 65 25 131
264 76 5 48
264 87 19 239
264 104 52 278
264 117 15 200
265 10 37 252
265 13 15 313
265 14 25 11
265 23 57 261
265 31 7 427
265 44 13 80
265 52 55 450
265 55 19 204
265 59 43 125
265 67 1 78
265 77 3 104
265 99 49 329
266 6 31 241
266 9 19 400
266 10 40 252
266 22 49 116
266 26 1 36
266 40 28 35
266 45 11 370
266 51 4 172
266 62 53 195
266 78 46 80
266 95 7 397
266 107 57 39
266 112 43 417
267 16 43 304
267 22 1 56
267 37 49 96
267 45 13 370
267 52 57 450
267 60 7 246
267 72 37 289
267 78 52 80
267 91 15 330
267 108 46 104
267 111 10 53
267 114 25 3
268 10 43 252
268 26 13 36
268 36 23 263
268 37 58 96
268 38 5 280
268 40 34 35
268 55 19 158
268 60 25 246
268 79 49 300
268 82 7 23
268 88 3 364
268 105 16 71
268 115 28 322
269 8 53 202
269 23 45 54
269 33 49 159
269 43 37 235
269 58 13 68
269 81 31 78
269 87 29 239
269 94 55 264
269 99 57 329
269 100 25 422
269 101 22 14
269 113 41 64
270 11 55 205
270 29 37 121
270 31 19 427
270 33 1 11
270 36 17 263
270 48 29 408
270 51 52 48
270 58 25 68
270 61 49 138
270 82 13 23
270 84 7 357
270 97 43 247
270 103 31 99
270 113 47 64
271 2 3 54
271 3 55 135
271 14 43 11
271 29 40 121
271 31 13 427
271 40 37 35
271 52 59 450
271 58 19 68
271 78 49 80
271 83 25 136
271 85 1 340
271 100 31 422
271 114 35 3
272 3 37 135
272 10 46 252
272 11 25 341
272 28 53 233
272 33 7 11
272 37 1 173
272 51 58 48
272 71 31 9
272 85 19 340
272 89 16 431
272 101 49 14
272 112 43 23
273 12 55 142
273 26 4 36
273 55 49 204
273 56 46 390
273 65 31 131
273 69 27 77
273 99 13 27
273 100 37 422
273 108 57 104
273 115 43 322
274 9 25 400
274 13 49 313
274 15 55 369
274 19 57 103
274 51 31 172
274 59 37 125
274 78 1 191
274 79 43 300
274 95 9 397
274 97 13 247
274 102 19 74
274 114 41 3
275 10 1 128
275 14 31 11
275 28 55 233
275 31 25 427
275 37 4 173
275 69 35 77
275 72 43 289
275 73 52 320
275 83 13 136
275 101 37 14
275 107 59 39
275 113 11 148
275 120 49 26
276 2 9 54
276 19 59 103
276 37 52 96
276 41 55 230
276 58 31 68
276 62 11 243
276 85 3 340
276 86 25 215
276 89 19 431
276 90 43 443
277 15 58 369
277 16 46 304
277 25 25 243
277 29 43 121
277 31 31 427
277 36 15 263
277 65 37 131
277 69 41 77
277 90 49 443
277 92 4 310
277 115 55 322
278 7 21 317
278 23 47 54
278 37 13 173
278 43 34 235
278 47 9 372
278 81 25 78
278 87 41 239
278 99 1 27
278 102 37 74
278 105 19 71
278 111 16 436
278 112 31 23
279 7 25 317
279 22 7 56
279 56 52 390
279 69 31 77
279 78 55 80
279 81 37 78
279 82 19 23
279 85 15 340
279 100 43 422
279 103 34 99
279 107 1 58
279 108 4 227
279 114 47 3
279 117 13 200
280 8 55 202
280 17 21 432
280 35 43 20
280 45 15 370
280 77 5 104
280 80 40 179
280 86 7 215
280 98 33 374
280 100 49 422
280 102 1 180
280 117 19 200
280 120 46 26
281 6 37 241
281 7 40 317
281 9 31 400
281 10 58 252
281 33 13 11
281 47 11 372
281 56 43 390
281 72 49 289
281 73 55 320
281 84 1 328
281 86 7 435
281 99 19 27
281 102 25 180
282 3 31 135
282 8 57 202
282 10 4 128
282 25 13 243
282 29 46 121
282 34 7 41
282 35 1 297
282 65 49 131
282 87 21 239
282 91 37 217
283 8 59 202
283 16 52 304
283 29 49 121
283 34 1 41
283 37 7 173
283 38 11 280
283 43 43 235
283 56 3 410
283 59 25 125
283 71 37 9
283 85 23 340
283 97 19 247
283 98 57 374
283 109 46 38
283 112 34 23
284 6 34 241
284 8 1 355
284 9 37 400
284 23 27 261
284 26 7 36
284 34 3 41
284 35 46 20
284 38 13 280
284 89 22 431
284 100 55 422
284 104 10 279
284 111 31 436
285 13 37 313
285 26 10 36
285 35 49 20
285 51 7 172
285 55 25 204
285 63 22 445
285 71 43 9
285 81 55 78
285 84 13 328
285 88 5 364
285 119 31 232
286 29 55 121
286 40 43 35
286 41 46 230
286 58 37 68
286 60 16 246
286 68 58 342
286 71 49 9
286 79 9 69
286 85 21 340
286 88 7 364
286 97 25 247
286 98 19 2
286 100 1 404
287 32 37 371
287 60 10 246
287 65 43 131
287 68 5 422
287 78 58 80
287 81 1 101
287 82 25 23
287 92 49 348
287 97 31 247
287 120 52 26
288 16 40 304
288 25 31 243
288 40 46 35
288 60 19 246
288 67 23 78
288 72 55 289
288 76 1 48
288 80 43 179
288 91 7 330
288 92 52 348
288 101 25 14
288 105 13 71
289 13 19 313
289 34 11 41
289 35 4 297
289 47 15 372
289 65 55 131
289 66 49 276
289 91 25 330
289 92 46 348
289 94 59 264
289 100 7 404
289 101 40 14
289 111 1 436
290 43 40 235
290 59 49 125
290 74 55 95
290 76 11 48
290 95 3 397
290 105 21 71
290 108 7 227
290 112 46 23
290 119 25 232
291 7 28 317
291 23 25 54
291 26 16 36
291 31 37 427
291 38 19 280
291 45 21 370
291 60 58 157
291 91 31 330
292 9 43 400
292 17 37 432
292 32 31 371
292 38 15 280
292 48 21 408
292 58 49 68
292 64 47 195
292 76 13 48
292 87 34 239
292 99 25 27
293 12 59 142
293 14 37 11
293 28 5 84
293 60 22 246
293 66 7 280
293 71 55 9
293 73 13 180
293 74 1 199
293 80 46 179
293 84 49 315
293 86 31 215
293 89 25 431
294 9 1 347
294 16 55 304
294 22 19 56
294 36 29 263
294 40 40 35
294 41 43 230
294 74 7 199
294 80 49 179
294 84 25 328
294 85 34 340
294 95 16 397
294 101 46 14
294 104 31 279
294 120 13 332
295 13 43 106
295 15 7 74
295 22 13 56
295 47 17 372
295 72 1 292
295 87 25 239
295 88 9 364
295 89 28 431
295 91 55 217
295 104 19 279
295 107 5 58
295 119 37 341
296 6 40 241
296 10 49 252
296 14 1 170
296 34 13 41
296 41 58 230
296 56 19 410
296 72 7 292
296 76 15 48
296 80 52 179
296 81 43 78
296 84 25 357
296 89 31 431
297 2 13 54
297 13 1 273
297 25 37 243
297 34 9 41
297 47 19 372
297 58 43 68
297 63 25 445
297 64 49 195
297 76 17 48
297 80 55 179
297 88 11 364
297 92 58 348
297 98 5 106
298 6 43 241
298 7 37 317
298 11 13 341
298 14 49 11
298 28 59 233
298 39 1 281
298 43 46 235
298 66 55 276
298 78 4 191
298 92 7 310
298 101 10 269
299 6 46 241
299 10 52 252
299 22 25 56
299 40 49 35
299 58 55 68
299 63 34 445
299 74 13 199
299 84 21 328
299 95 19 397
299 97 37 247
299 111 4 436
300 2 11 54
300 37 16 173
300 40 52 35
300 47 25 372
300 67 29 78
300 74 19 199
300 76 23 48
300 83 37 136
300 86 7 175
300 104 34 279
300 107 3 58
300 108 13 227
Điểm tối ưu/tốt nhất tìm được: 3924
Thời gian: 360.067581 giây
Trạng thái: VALID
