2008
1 3 16 180
1 5 10 121
1 6 39 169
1 18 7 17
1 22 51 161
1 26 56 95
1 28 34 81
1 30 25 149
1 49 31 154
1 52 13 39
1 56 19 121
1 60 1 49
2 1 31 1
2 5 34 181
2 11 13 69
2 20 25 186
2 22 11 161
2 43 37 12
2 48 1 83
2 50 7 199
2 52 4 57
2 57 39 222
2 59 19 162
3 4 25 221
3 5 7 111
3 10 37 18
3 18 28 17
3 21 23 209
3 24 10 74
3 28 43 76
3 30 1 128
3 37 14 208
3 38 55 179
3 40 31 51
3 54 19 141
3 57 34 222
4 8 19 31
4 27 34 137
4 32 31 9
4 35 7 56
4 43 50 156
4 44 23 37
4 46 1 182
4 47 40 45
4 48 27 83
4 49 37 108
4 59 13 202
5 11 35 69
5 16 1 194
5 22 8 211
5 27 31 11
5 33 3 30
5 34 37 148
5 36 27 150
5 37 20 24
5 38 55 27
5 39 50 158
5 41 15 102
5 45 13 120
5 53 43 65
5 57 40 192
6 2 4 115
6 9 1 147
6 11 33 69
6 20 13 186
6 27 55 130
6 32 16 9
6 43 47 12
6 46 43 91
6 51 7 98
6 52 22 39
6 54 37 7
6 55 51 113
6 59 25 162
7 3 28 180
7 5 31 181
7 12 7 23
7 14 49 15
7 17 41 14
7 18 58 17
7 28 34 76
7 30 43 128
7 38 37 19
7 39 19 158
7 40 51 167
7 47 47 45
7 48 1 204
7 54 13 122
7 55 55 113
8 5 10 32
8 7 37 42
8 9 3 147
8 10 34 46
8 11 23 69
8 17 59 59
8 28 25 81
8 31 47 99
8 33 1 30
8 34 31 138
8 37 55 208
8 46 43 182
8 50 50 199
8 54 19 122
8 60 13 78
9 3 37 180
9 4 7 190
9 5 28 181
9 12 19 23
9 17 43 14
9 22 3 211
9 26 25 82
9 29 45 133
9 30 31 128
9 47 35 45
9 48 10 224
9 49 16 108
9 57 57 192
9 58 13 3
10 11 52 69
10 16 55 194
10 17 3 14
10 18 58 84
10 20 44 186
10 21 10 209
10 22 39 211
10 24 33 53
10 27 7 11
10 33 19 30
10 35 13 56
10 45 21 120
10 47 26 33
10 50 16 219
11 8 37 174
11 10 59 18
11 16 35 194
11 23 1 79
11 26 8 65
11 35 19 56
11 36 41 150
11 43 25 156
11 44 56 37
11 46 13 91
11 48 52 224
11 55 22 113
11 57 47 222
12 15 19 172
12 18 55 175
12 22 43 161
12 26 7 95
12 28 37 96
12 37 49 208
12 44 1 37
12 45 3 120
12 46 25 91
12 47 5 33
12 54 9 122
12 60 31 78
13 3 28 203
13 8 13 179
13 17 31 14
13 18 10 17
13 24 22 68
13 31 25 152
13 38 49 220
13 42 38 124
13 48 34 83
13 49 7 154
13 50 17 136
13 52 19 201
13 58 2 3
14 4 46 173
14 6 28 169
14 18 52 84
14 19 49 178
14 31 16 99
14 33 26 30
14 35 33 129
14 36 13 150
14 38 55 187
14 44 31 37
14 50 21 136
14 51 8 97
14 55 43 113
14 56 2 212
14 57 37 192
15 2 55 115
15 4 25 173
15 16 50 194
15 24 4 74
15 28 31 76
15 42 19 124
15 43 52 12
15 44 38 37
15 48 46 83
15 49 1 154
15 50 15 136
15 53 7 38
16 9 55 147
16 10 17 46
16 12 37 90
16 13 25 118
16 20 10 186
16 34 43 148
16 37 31 157
16 40 4 4
16 43 21 156
16 46 49 182
16 49 28 108
16 52 1 39
16 56 13 87
16 59 57 162
17 10 23 46
17 16 21 59
17 20 16 186
17 21 19 89
17 22 14 161
17 26 11 95
17 43 56 12
17 45 5 120
17 46 26 182
17 52 31 201
17 54 1 7
17 57 58 222
17 60 7 49
18 8 1 25
18 10 51 18
18 12 13 90
18 17 10 14
18 22 19 161
18 24 37 74
18 27 7 130
18 30 32 149
18 31 40 99
18 34 25 138
18 41 43 215
18 55 28 113
18 56 21 212
19 2 31 115
19 4 20 173
19 10 5 46
19 11 37 69
19 18 28 175
19 19 34 178
19 30 55 149
19 32 25 16
19 33 43 30
19 41 49 215
19 43 15 12
19 44 47 37
19 51 7 217
19 53 39 77
19 56 1 35
20 7 7 42
20 12 43 184
20 13 31 118
20 15 26 172
20 20 55 134
20 24 19 68
20 26 49 65
20 29 10 133
20 41 51 102
20 42 2 124
20 47 17 33
20 56 13 82
20 58 40 3
21 1 14 1
21 3 56 180
21 11 3 69
21 12 7 90
21 17 29 14
21 18 46 175
21 22 19 211
21 24 43 53
21 31 11 152
21 32 21 16
21 33 39 139
21 38 32 107
21 56 25 121
22 8 55 31
22 18 4 17
22 24 15 74
22 25 9 200
22 33 52 30
22 36 49 150
22 37 25 208
22 43 13 12
22 55 37 113
22 56 33 212
22 57 43 192
23 3 4 203
23 8 15 174
23 10 25 46
23 14 13 15
23 18 52 175
23 28 37 76
23 30 45 149
23 31 27 99
23 38 56 220
23 41 31 216
23 46 8 116
23 49 40 154
23 56 20 35
24 2 16 115
24 3 13 203
24 4 1 173
24 5 20 111
24 9 37 147
24 10 55 18
24 17 34 14
24 21 9 89
24 22 27 161
24 29 23 133
24 32 31 16
24 34 4 148
24 36 7 150
24 42 49 124
25 9 31 147
25 14 22 15
25 16 9 194
25 17 46 59
25 20 13 134
25 28 16 81
25 29 59 133
25 30 25 128
25 38 1 107
25 40 34 51
25 43 29 156
25 46 49 183
25 50 7 219
25 59 11 202
26 2 1 115
26 3 44 180
26 8 7 25
26 13 34 118
26 16 11 194
26 21 29 89
26 28 4 96
26 37 55 157
26 38 21 220
26 39 25 158
26 43 19 12
26 52 16 57
26 56 49 212
26 58 37 3
27 12 38 23
27 18 1 17
27 23 34 27
27 31 22 99
27 32 49 16
27 46 55 116
27 51 25 217
27 52 4 39
27 53 7 28
27 55 19 113
27 57 59 192
27 60 44 168
28 1 55 1
28 3 7 21
28 4 40 151
28 12 1 23
28 18 43 175
28 23 10 27
28 29 21 133
28 33 27 139
28 34 49 138
28 37 31 24
28 45 58 120
28 52 13 73
28 57 35 192
29 5 19 32
29 9 11 147
29 10 25 18
29 14 17 15
29 16 33 194
29 20 1 134
29 25 57 200
29 27 49 130
29 38 7 187
29 42 13 85
29 43 4 12
29 44 35 37
29 52 28 201
30 10 40 18
30 18 25 84
30 20 8 134
30 24 34 68
30 29 31 133
30 33 5 139
30 34 37 138
30 37 19 157
30 38 14 220
30 40 46 51
30 46 55 182
30 47 23 45
30 51 50 98
30 57 3 192
31 5 28 111
31 9 19 147
31 13 43 118
31 14 7 15
31 19 40 178
31 22 46 161
31 31 9 152
31 35 37 56
31 36 35 150
31 38 14 187
31 43 52 156
31 46 2 183
31 60 55 90
32 16 23 194
32 21 27 209
32 25 37 200
32 26 7 82
32 27 4 137
32 30 49 93
32 36 25 150
32 37 9 208
32 41 19 216
32 42 56 85
32 46 13 116
32 52 31 144
33 2 8 115
33 4 16 190
33 12 31 90
33 22 1 161
33 23 13 27
33 24 22 74
33 33 44 139
33 38 37 220
33 40 25 51
33 41 49 216
33 48 19 83
33 52 3 201
33 56 55 121
33 57 53 192
34 5 51 181
34 8 55 25
34 10 1 46
34 12 21 90
34 16 41 194
34 17 49 179
34 18 7 84
34 19 25 178
34 23 34 79
34 29 13 133
34 37 37 24
34 58 10 3
34 59 17 162
35 4 51 190
35 13 58 118
35 24 40 74
35 27 25 130
35 29 28 133
35 32 4 16
35 33 17 139
35 37 19 208
35 38 43 171
35 43 37 156
35 50 35 199
35 54 13 7
35 56 31 121
35 59 9 202
36 8 31 174
36 14 47 15
36 19 13 178
36 26 4 65
36 27 16 11
36 33 21 30
36 37 49 24
36 45 1 120
36 47 25 45
36 49 58 108
36 53 43 38
36 55 7 113
36 56 38 87
36 60 27 78
37 5 7 181
37 9 41 147
37 12 26 168
37 22 43 211
37 23 19 79
37 26 17 82
37 28 22 81
37 31 49 99
37 34 32 148
37 39 13 158
37 40 1 167
37 42 51 85
37 46 37 183
37 48 10 83
37 56 45 63
38 5 4 32
38 6 59 169
38 9 1 31
38 14 20 15
38 18 38 17
38 25 25 200
38 28 52 76
38 30 31 112
38 33 9 139
38 53 27 197
38 56 13 63
38 57 7 192
39 3 25 203
39 4 43 173
39 18 16 84
39 22 53 161
39 23 28 79
39 25 1 200
39 26 13 65
39 35 46 129
39 37 3 208
39 38 19 19
39 41 31 102
39 43 58 12
39 44 7 51
39 50 9 136
39 54 49 7
40 1 7 1
40 3 10 203
40 8 37 179
40 9 35 147
40 13 13 118
40 22 16 161
40 23 4 79
40 27 25 11
40 30 19 112
40 32 1 93
40 41 55 102
40 49 52 154
40 56 31 35
41 1 49 1
41 9 29 38
41 14 45 15
41 17 15 14
41 28 1 96
41 30 37 21
41 32 10 16
41 34 7 148
41 35 4 129
41 43 22 12
41 44 53 37
41 47 31 33
41 54 25 122
41 56 56 87
42 5 7 121
42 15 31 172
42 17 19 14
42 26 28 82
42 27 43 137
42 29 3 133
42 31 23 152
42 35 10 56
42 38 38 107
42 42 15 123
42 43 5 156
42 47 13 33
42 59 21 162
43 12 49 184
43 20 28 134
43 24 19 53
43 27 22 130
43 31 35 99
43 33 58 30
43 41 1 215
43 42 14 124
43 51 8 36
43 55 46 113
43 56 37 125
43 60 31 168
44 4 52 221
44 9 11 38
44 11 43 69
44 16 46 194
44 20 16 134
44 28 49 76
44 32 32 93
44 38 37 171
44 39 2 158
44 41 19 215
44 44 27 37
44 46 7 183
44 52 13 57
44 53 56 38
45 10 23 18
45 11 59 69
45 13 28 118
45 14 15 15
45 21 17 209
45 30 2 112
45 31 43 152
45 32 46 16
45 35 56 129
45 37 7 77
45 48 25 224
45 51 31 36
45 54 49 141
45 56 37 121
46 2 43 115
46 9 23 147
46 22 1 211
46 23 40 79
46 25 27 200
46 26 33 82
46 31 3 99
46 32 16 16
46 40 7 167
46 42 19 85
46 57 55 192
46 59 31 202
47 5 39 32
47 18 4 84
47 23 10 79
47 25 35 200
47 36 37 150
47 38 25 107
47 42 31 171
47 49 19 154
47 52 22 201
47 53 14 38
48 5 34 32
48 7 49 42
48 8 7 179
48 20 22 186
48 22 5 161
48 26 15 65
48 32 19 93
48 35 25 56
48 37 43 24
48 38 55 107
48 43 17 156
48 46 37 116
48 51 1 36
48 52 28 57
49 2 28 115
49 3 55 203
49 8 43 31
49 31 19 152
49 32 52 16
49 35 1 129
49 41 7 216
49 46 31 91
49 47 21 45
49 48 37 83
49 50 5 219
49 56 13 212
50 4 43 151
50 5 14 181
50 8 50 31
50 9 27 147
50 16 19 59
50 22 29 161
50 23 31 27
50 25 41 200
50 26 21 65
50 33 1 139
50 35 34 56
50 51 37 36
50 59 3 202
51 16 27 59
51 17 31 59
51 23 37 27
51 25 3 200
51 26 40 65
51 32 13 16
51 43 7 156
51 45 17 120
51 48 34 224
51 54 43 198
51 57 10 222
51 59 1 162
51 60 55 168
52 3 21 203
52 7 40 42
52 17 51 14
52 21 13 209
52 23 25 27
52 26 19 65
52 28 7 81
52 29 17 133
52 36 43 150
52 37 55 24
52 44 15 51
52 47 3 45
52 50 1 199
52 54 45 7
52 57 28 222
53 3 33 180
53 4 4 173
53 5 13 32
53 17 29 179
53 23 49 79
53 25 16 2
53 27 1 11
53 30 8 112
53 31 52 152
53 41 19 102
53 42 37 123
53 44 43 37
53 52 25 57
54 6 57 169
54 9 17 147
54 14 28 15
54 16 25 194
54 27 19 11
54 31 11 99
54 34 22 138
54 37 2 24
54 41 39 175
54 45 47 120
54 53 13 28
54 60 7 78
55 3 50 180
55 11 15 69
55 15 56 172
55 16 17 59
55 17 21 14
55 35 31 56
55 44 11 37
55 48 43 83
55 50 9 219
55 52 1 144
55 57 4 222
56 6 4 169
56 11 29 69
56 12 31 184
56 13 46 118
56 28 43 96
56 30 13 21
56 31 35 152
56 32 7 93
56 34 22 148
56 36 2 150
56 43 19 156
56 48 52 83
57 5 1 32
57 7 10 42
57 10 13 18
57 13 16 118
57 19 58 178
57 20 19 134
57 22 49 161
57 23 25 79
57 25 4 2
57 34 28 138
57 41 43 102
57 57 47 192
57 60 32 49
58 1 38 1
58 10 33 18
58 16 29 194
58 18 13 84
58 24 7 74
58 26 23 82
58 29 57 133
58 31 21 152
58 43 31 12
58 47 3 33
58 49 46 154
58 50 1 219
58 58 52 3
59 4 16 221
59 8 37 31
59 10 28 18
59 11 45 69
59 21 49 89
59 24 9 68
59 28 22 96
59 29 26 133
59 34 52 148
59 43 7 12
59 44 5 37
59 51 1 98
59 56 55 212
59 59 33 202
60 9 53 147
60 20 28 186
60 24 40 68
60 33 19 139
60 38 21 107
60 43 1 12
60 44 51 37
60 45 33 120
60 47 9 45
60 50 3 199
60 51 56 98
60 57 49 192
60 59 15 202
60 60 44 78
61 5 38 181
61 18 43 84
61 22 7 161
61 24 13 53
61 26 23 65
61 28 4 76
61 32 34 16
61 33 9 30
61 34 16 138
61 41 25 216
61 46 19 91
61 49 56 154
61 50 2 136
61 57 29 192
62 1 1 1
62 3 40 180
62 5 22 32
62 6 49 169
62 12 26 90
62 16 16 194
62 18 13 175
62 27 37 11
62 38 7 220
62 47 47 33
62 51 43 98
62 52 4 73
62 53 55 28
62 54 33 141
62 56 51 87
63 5 3 181
63 7 22 42
63 11 19 69
63 16 1 59
63 22 34 211
63 24 16 53
63 32 55 16
63 33 13 30
63 38 26 19
63 42 37 85
63 45 41 120
63 54 7 107
64 3 22 21
64 7 55 42
64 8 25 31
64 9 9 147
64 15 49 172
64 16 11 59
64 23 46 27
64 25 7 2
64 28 16 76
64 29 41 133
64 46 31 182
64 51 1 97
64 59 5 202
65 2 49 115
65 6 11 169
65 8 31 31
65 13 7 118
65 23 56 79
65 27 4 130
65 30 37 128
65 35 16 129
65 40 43 4
65 42 25 124
65 43 1 156
65 56 19 63
65 57 13 192
66 4 20 151
66 6 34 169
66 7 31 42
66 10 7 18
66 12 55 184
66 16 5 59
66 17 27 14
66 21 17 89
66 22 38 161
66 32 10 93
66 41 13 215
66 54 1 198
67 9 25 147
67 10 32 46
67 17 17 14
67 20 4 186
67 24 27 53
67 25 21 200
67 28 40 76
67 34 1 148
67 41 13 216
67 44 7 37
67 45 49 120
67 46 9 182
67 47 55 45
68 3 13 180
68 12 1 184
68 17 49 14
68 24 16 68
68 41 31 215
68 45 11 120
68 49 25 154
68 51 43 36
68 53 20 38
68 54 7 198
69 5 19 181
69 18 55 17
69 20 25 134
69 25 28 2
69 27 31 137
69 28 1 81
69 32 40 16
69 41 7 102
69 48 22 83
69 51 13 98
69 52 4 144
70 4 37 151
70 8 31 25
70 12 19 184
70 17 5 14
70 25 17 200
70 26 3 95
70 27 13 11
70 29 1 133
70 30 49 128
70 32 7 16
70 40 10 167
70 42 55 124
70 54 25 7
70 60 44 49
71 2 13 115
71 5 16 111
71 9 39 147
71 21 1 89
71 27 22 11
71 33 34 30
71 35 19 129
71 41 27 215
71 42 3 85
71 44 25 37
71 46 56 91
71 49 7 108
71 57 31 222
72 12 37 184
72 18 46 84
72 25 11 2
72 27 16 137
72 30 50 112
72 32 43 16
72 40 4 149
72 44 1 87
72 48 34 204
72 49 13 44
72 51 19 217
72 52 7 57
72 54 26 198
72 56 56 82
73 3 49 203
73 5 7 32
73 6 37 169
73 9 58 147
73 10 19 46
73 12 25 23
73 18 10 180
73 20 39 134
73 22 56 161
73 26 17 65
73 44 29 37
73 50 3 219
73 51 13 217
74 2 52 115
74 8 7 31
74 19 22 178
74 22 11 211
74 28 19 81
74 30 14 149
74 32 55 93
74 38 25 220
74 40 43 167
74 46 1 116
74 48 40 83
74 53 31 197
75 1 43 1
75 3 2 21
75 6 53 169
75 13 49 118
75 26 9 95
75 31 19 99
75 33 25 139
75 38 31 220
75 39 55 158
75 40 40 167
75 45 27 120
75 48 22 224
75 59 35 162
76 4 22 221
76 8 43 179
76 9 5 147
76 18 19 84
76 29 51 133
76 35 40 129
76 38 7 171
76 40 13 167
76 44 33 37
76 45 25 120
76 46 1 153
76 48 58 224
76 49 55 108
77 8 43 25
77 18 10 84
77 23 7 79
77 24 52 53
77 27 28 11
77 34 49 148
77 40 55 167
77 46 19 182
77 48 15 204
77 53 1 197
77 54 38 198
77 56 31 87
78 6 55 169
78 14 5 15
78 20 58 134
78 28 8 76
78 29 53 133
78 34 16 148
78 36 31 150
78 41 1 175
78 46 49 116
78 47 11 45
78 53 19 77
78 59 23 162
78 60 39 49
79 6 17 169
79 7 58 42
79 22 32 211
79 26 5 95
79 31 25 99
79 33 11 30
79 34 7 138
79 38 37 187
79 42 43 85
79 45 23 120
79 46 13 183
79 50 27 219
79 57 1 192
79 60 19 78
80 5 16 121
80 9 7 147
80 10 9 18
80 17 25 14
80 20 49 134
80 22 41 211
80 24 4 68
80 28 1 76
80 29 33 133
80 32 22 93
80 40 28 167
80 45 19 120
80 46 37 91
81 1 19 1
81 2 58 115
81 4 13 221
81 10 53 18
81 14 11 15
81 18 46 17
81 20 31 186
81 25 1 2
81 35 50 129
81 36 22 150
81 41 25 102
81 44 9 37
81 52 16 144
81 53 37 38
81 59 3 162
82 3 46 203
82 6 13 169
82 7 25 42
82 10 21 18
82 18 28 84
82 21 1 209
82 29 49 133
82 31 9 99
82 36 17 150
82 47 19 33
82 54 3 122
82 57 15 222
82 58 55 3
83 4 55 190
83 19 10 178
83 25 23 200
83 33 3 139
83 39 43 158
83 40 58 167
83 45 39 120
83 48 14 224
83 49 7 44
83 51 19 36
83 53 51 65
83 54 25 141
83 57 33 192
84 6 46 169
84 11 40 69
84 12 13 23
84 14 38 15
84 23 2 27
84 24 43 74
84 27 22 137
84 35 49 56
84 41 7 175
84 48 28 224
84 50 11 136
84 54 55 198
84 55 34 113
84 57 25 192
85 5 37 111
85 12 33 23
85 13 40 118
85 14 31 15
85 17 55 14
85 18 22 175
85 24 26 74
85 27 4 11
85 28 19 76
85 34 44 138
85 36 15 150
85 42 57 171
85 49 49 154
85 56 7 63
86 4 16 173
86 5 13 121
86 8 44 174
86 19 7 178
86 22 22 211
86 30 37 93
86 31 41 152
86 33 32 139
86 34 19 148
86 40 10 4
86 54 56 122
86 56 27 212
86 59 25 202
86 60 1 9
87 1 10 1
87 3 52 203
87 5 4 121
87 7 34 42
87 17 13 14
87 21 21 89
87 23 37 79
87 31 29 99
87 37 25 24
87 38 44 107
87 49 31 108
87 52 1 73
87 56 55 63
87 59 15 162
88 4 22 190
88 5 28 32
88 10 15 18
88 17 38 14
88 22 13 211
88 23 52 27
88 24 1 74
88 25 55 200
88 36 9 150
88 42 43 123
88 47 7 45
88 50 4 136
88 54 31 122
88 57 25 222
88 58 19 3
89 10 49 18
89 13 22 118
89 15 37 172
89 16 25 59
89 20 51 186
89 24 46 74
89 43 3 156
89 44 41 37
89 47 17 45
89 48 55 83
89 49 19 108
89 52 7 201
89 57 11 192
89 59 32 162
90 11 11 69
90 18 43 17
90 20 33 134
90 22 29 211
90 26 31 82
90 33 21 139
90 37 13 24
90 38 1 220
90 40 49 51
90 42 55 59
90 43 39 156
90 44 19 37
90 51 25 98
90 54 7 7
91 4 31 221
91 9 11 31
91 14 1 15
91 16 3 59
91 20 40 186
91 22 5 211
91 27 58 130
91 30 19 128
91 42 50 171
91 43 34 12
91 49 43 108
91 53 25 77
91 54 13 141
91 59 9 162
92 1 58 1
92 2 20 115
92 5 25 181
92 16 23 59
92 21 15 89
92 22 35 161
92 29 5 133
92 37 45 208
92 45 43 120
92 46 37 182
92 49 10 154
92 53 1 28
92 54 49 198
92 57 7 222
93 5 1 111
93 10 44 18
93 18 55 84
93 23 19 27
93 31 28 152
93 34 46 148
93 39 8 158
93 41 37 215
93 44 13 37
93 51 15 97
93 52 25 39
93 53 49 197
93 57 22 222
93 58 31 3
94 2 46 115
94 12 49 23
94 16 21 194
94 19 43 178
94 22 9 161
94 23 31 79
94 31 37 152
94 40 39 51
94 43 34 156
94 44 7 87
94 49 1 44
94 50 15 199
94 57 27 192
95 4 4 221
95 8 39 25
95 17 45 14
95 18 31 84
95 25 43 200
95 32 16 93
95 33 37 139
95 35 1 56
95 46 26 116
95 50 13 199
95 53 19 28
95 56 49 82
95 57 9 192
96 3 1 203
96 4 4 190
96 8 25 179
96 14 43 15
96 25 50 200
96 27 19 137
96 35 22 56
96 36 39 150
96 49 13 108
96 51 55 217
96 55 16 113
96 56 7 212
96 58 46 3
97 1 46 1
97 6 25 169
97 10 41 46
97 17 17 90
97 28 27 76
97 34 4 138
97 36 51 150
97 37 31 208
97 42 37 117
97 48 55 224
97 52 19 39
97 55 10 113
97 57 49 222
97 60 13 49
98 5 25 32
98 6 23 169
98 11 47 69
98 15 1 172
98 16 52 194
98 22 58 161
98 26 16 95
98 27 10 11
98 34 28 148
98 35 13 129
98 38 19 171
98 47 5 45
98 51 43 217
98 53 31 77
99 2 25 115
99 3 28 21
99 10 4 18
99 15 14 172
99 17 47 14
99 28 57 81
99 40 43 51
99 45 37 120
99 46 20 116
99 49 34 108
99 54 7 141
99 56 39 212
99 57 31 192
100 3 16 203
100 7 13 42
100 8 25 174
100 14 55 15
100 21 3 89
100 27 46 137
100 31 1 99
100 34 10 138
100 40 37 167
100 46 19 183
100 47 23 33
100 51 50 36
100 53 32 28
100 58 7 3
101 3 7 180
101 7 19 42
101 8 49 25
101 12 1 168
101 22 26 211
101 24 22 53
101 25 13 200
101 30 56 128
101 38 15 19
101 47 37 45
101 49 28 154
101 52 10 201
101 53 31 38
102 1 25 1
102 8 3 31
102 17 1 14
102 20 7 186
102 27 28 137
102 40 22 167
102 46 31 183
102 48 19 224
102 49 43 154
102 52 13 144
102 60 37 168
103 5 44 181
103 8 1 179
103 16 19 194
103 17 23 14
103 23 13 79
103 25 5 200
103 26 21 82
103 30 37 112
103 33 11 139
103 41 55 215
103 42 25 85
103 45 9 120
103 57 16 192
104 8 20 25
104 14 41 15
104 27 34 11
104 28 31 81
104 32 37 16
104 40 55 4
104 41 7 215
104 44 3 87
104 45 15 120
104 46 44 116
104 48 49 224
104 52 52 73
104 56 25 63
104 58 58 3
105 4 9 151
105 16 7 59
105 17 57 14
105 19 37 178
105 27 1 130
105 29 19 133
105 30 43 93
105 38 49 187
105 40 4 167
105 43 27 12
105 44 21 37
105 47 15 45
105 48 31 83
105 49 34 44
105 57 13 222
106 4 10 173
106 9 43 147
106 10 19 18
106 16 50 59
106 17 59 179
106 23 22 79
106 26 25 65
106 28 31 96
106 30 27 112
106 31 39 152
106 36 4 150
106 44 16 37
106 48 7 224
106 55 13 113
107 2 37 115
107 4 10 190
107 6 1 169
107 7 16 42
107 8 20 179
107 14 3 15
107 17 59 14
107 18 34 17
107 20 52 134
107 21 25 89
107 23 43 27
107 24 27 68
107 28 13 76
108 3 2 180
108 5 32 111
108 9 15 147
108 11 27 69
108 13 55 118
108 16 5 194
108 23 46 79
108 28 19 96
108 34 58 138
108 35 37 129
108 37 7 157
108 43 29 12
108 48 43 224
108 60 50 78
109 5 52 111
109 11 21 69
109 15 7 172
109 25 11 200
109 26 37 65
109 27 33 130
109 40 46 167
109 44 5 87
109 47 19 45
109 51 25 36
109 54 13 198
109 56 1 82
109 57 17 222
109 58 43 3
110 18 13 17
110 19 1 178
110 20 4 134
110 23 16 79
110 25 33 200
110 29 39 133
110 40 19 167
110 42 50 123
110 43 10 156
110 47 29 33
110 52 7 39
110 53 55 197
110 56 25 35
111 11 50 69
111 18 52 17
111 21 5 209
111 22 3 161
111 23 16 27
111 30 43 112
111 34 34 138
111 47 1 45
111 48 31 224
111 49 10 108
111 50 23 199
111 53 37 28
111 59 20 202
111 60 55 49
112 13 2 118
112 17 5 179
112 22 47 211
112 23 52 79
112 25 39 200
112 30 25 93
112 31 37 99
112 36 57 150
112 40 32 167
112 46 13 182
112 48 7 83
112 49 49 108
112 52 10 144
112 53 43 28
112 54 20 7
113 8 1 174
113 11 31 69
113 12 43 23
113 16 33 59
113 17 53 14
113 26 9 82
113 31 5 99
113 32 13 9
113 43 23 156
113 47 7 33
113 50 19 136
113 53 37 197
113 58 16 3
113 59 28 202
114 8 25 25
114 12 7 168
114 18 38 84
114 22 22 161
114 24 1 53
114 26 11 65
114 27 13 137
114 29 43 133
114 31 31 152
114 34 19 138
114 40 16 167
114 41 45 216
114 45 51 120
115 5 1 121
115 9 21 147
115 11 9 69
115 15 43 172
115 17 17 179
115 18 49 17
115 19 52 178
115 21 15 209
115 24 4 53
115 29 47 133
115 31 7 99
115 44 11 51
115 58 28 3
116 5 31 32
116 6 41 169
116 8 55 174
116 9 46 147
116 16 44 194
116 18 16 17
116 28 28 81
116 29 35 133
116 30 7 128
116 31 1 152
116 49 4 154
116 56 19 87
116 59 11 162
117 19 4 178
117 23 22 27
117 28 58 76
117 29 55 133
117 32 1 16
117 35 28 56
117 36 53 150
117 41 37 102
117 44 10 87
117 51 13 36
117 53 49 28
117 54 43 141
117 56 31 63
117 57 19 192
118 4 19 221
118 5 22 181
118 8 14 25
118 10 28 46
118 14 58 15
118 17 35 90
118 21 7 89
118 24 31 68
118 26 1 65
118 30 9 149
118 34 25 148
118 41 3 102
118 54 37 141
118 56 50 121
119 17 43 59
119 21 3 209
119 30 15 112
119 31 33 152
119 36 55 150
119 40 22 51
119 41 37 216
119 42 7 85
119 43 50 12
119 44 13 51
119 47 27 45
119 48 57 194
120 4 28 173
120 6 44 169
120 10 57 18
120 17 31 179
120 18 19 17
120 25 7 200
120 27 10 130
120 28 25 96
120 35 4 56
120 45 35 120
120 48 1 224
120 49 22 154
120 51 13 171
120 56 37 82
120 57 51 192
121 8 7 174
121 9 33 147
121 25 31 200
121 28 13 81
121 31 16 152
121 35 52 56
121 40 28 51
121 42 1 123
121 43 25 12
121 46 43 183
121 49 40 108
121 54 19 198
121 56 55 35
122 7 52 42
122 10 35 18
122 11 55 69
122 16 39 194
122 24 19 74
122 27 8 137
122 30 13 128
122 42 31 124
122 43 11 12
122 44 1 51
122 45 45 120
122 53 25 38
122 56 3 63
122 60 57 78
123 5 44 121
123 6 9 169
123 8 13 31
123 12 1 90
123 17 38 59
123 19 19 178
123 21 25 209
123 22 55 211
123 33 23 139
123 41 57 216
123 44 5 51
123 50 35 136
123 51 31 98
123 52 28 144
123 60 50 49
124 4 25 151
124 8 51 179
124 9 49 147
124 13 10 118
124 16 29 59
124 19 31 178
124 21 8 209
124 24 34 74
124 27 1 137
124 29 37 133
124 36 47 150
124 54 55 7
124 59 5 162
125 4 31 151
125 5 55 181
125 6 51 169
125 8 20 174
125 9 29 147
125 11 5 69
125 12 7 184
125 17 47 179
125 27 38 137
125 30 43 21
125 33 16 30
125 34 13 148
125 38 25 187
125 40 1 149
125 49 34 154
126 2 40 115
126 5 10 181
126 6 21 169
126 9 17 31
126 16 3 194
126 22 33 161
126 26 31 65
126 27 13 130
126 33 5 30
126 40 52 51
126 56 43 82
126 57 19 222
126 59 35 202
126 60 26 49
127 5 10 111
127 7 46 42
127 16 7 194
127 22 52 211
127 25 15 200
127 26 59 65
127 28 34 96
127 30 55 112
127 34 40 138
127 38 20 187
127 45 31 120
127 47 1 33
127 49 37 154
127 55 4 113
127 59 13 162
128 7 4 42
128 10 11 18
128 16 9 59
128 20 19 186
128 21 13 89
128 23 43 79
128 27 16 130
128 40 25 167
128 45 7 120
128 46 33 179
128 51 49 217
128 56 39 63
128 57 22 192
129 1 22 1
129 4 40 173
129 11 25 69
129 13 37 118
129 16 14 194
129 29 7 133
129 34 1 138
129 35 27 129
129 43 43 12
129 44 45 37
129 51 49 97
129 53 9 197
129 54 31 7
130 3 34 203
130 6 32 169
130 10 17 18
130 11 7 69
130 12 13 184
130 16 27 194
130 22 40 161
130 27 45 130
130 28 55 76
130 30 49 149
130 33 29 139
130 47 9 33
130 48 4 224
130 52 37 201
130 60 20 168
131 3 25 180
131 24 1 68
131 26 11 82
131 28 46 76
131 33 7 139
131 35 43 129
131 39 31 158
131 43 41 12
131 44 58 37
131 45 29 120
131 48 15 83
131 51 37 217
132 1 28 1
132 3 38 203
132 8 49 174
132 17 41 59
132 18 25 17
132 38 43 220
132 46 31 116
132 51 19 98
132 52 14 201
132 55 58 113
132 56 8 35
132 57 1 222
133 18 22 17
133 22 45 211
133 25 52 200
133 26 13 95
133 30 31 21
133 31 7 152
133 35 10 129
133 40 19 51
133 46 56 183
133 50 5 199
133 51 1 217
133 54 15 107
133 55 25 113
133 58 49 3
134 5 25 111
134 12 57 23
134 16 31 194
134 18 16 175
134 19 28 178
134 21 5 89
134 24 49 68
134 26 19 95
134 31 14 99
134 41 1 216
134 52 9 73
134 57 45 192
134 58 22 3
134 59 7 202
135 3 58 203
135 6 19 169
135 10 37 46
135 12 51 168
135 14 26 15
135 28 43 81
135 31 13 152
135 33 15 139
135 42 9 124
135 43 39 12
135 47 21 33
135 50 7 136
135 57 5 192
135 59 28 162
136 2 34 115
136 4 28 221
136 5 58 181
136 14 9 15
136 21 23 89
136 26 19 82
136 28 49 81
136 32 13 93
136 34 55 148
136 45 53 120
136 49 16 154
136 51 1 171
136 54 37 122
136 56 43 212
137 1 34 1
137 7 43 42
137 13 52 118
137 18 22 84
137 19 46 178
137 25 29 200
137 27 19 130
137 39 38 158
137 40 7 4
137 44 3 51
137 46 25 183
137 48 49 83
137 56 13 35
137 59 1 202
138 3 19 180
138 6 7 169
138 16 53 59
138 18 34 84
138 19 16 178
138 24 31 74
138 25 45 200
138 26 5 82
138 28 9 96
138 34 13 138
138 54 55 141
138 56 25 87
138 60 1 78
139 3 7 203
139 9 13 147
139 18 31 17
139 20 22 134
139 26 1 95
139 27 38 130
139 34 58 148
139 36 11 150
139 43 17 12
139 44 49 37
139 46 51 91
139 48 46 224
139 54 3 141
139 58 34 3
139 59 44 202
140 4 9 221
140 18 1 84
140 22 31 161
140 24 37 68
140 25 19 200
140 27 28 130
140 28 22 76
140 32 58 16
140 33 7 30
140 49 25 108
140 53 33 65
140 55 40 113
140 56 43 87
140 60 13 168
141 4 7 173
141 14 35 15
141 16 37 194
141 20 44 134
141 25 47 200
141 32 28 16
141 34 10 148
141 43 15 156
141 48 4 83
141 51 39 98
141 52 19 144
141 53 49 38
141 54 31 198
141 58 25 3
142 3 43 203
142 4 31 190
142 16 15 59
142 19 55 178
142 20 1 186
142 30 19 149
142 32 4 93
142 35 7 129
142 36 29 150
142 48 58 83
142 50 10 199
142 52 25 201
142 59 17 202
142 60 37 78
143 10 7 46
143 16 13 59
143 22 37 211
143 26 28 65
143 27 25 137
143 28 15 96
143 31 4 152
143 43 31 156
143 49 22 108
143 50 19 219
143 52 10 57
143 54 43 122
143 55 1 113
143 60 49 90
144 4 55 173
144 11 17 69
144 21 27 89
144 30 37 149
144 33 13 139
144 36 19 150
144 37 7 24
144 38 31 19
144 40 58 4
144 46 1 91
144 50 11 219
144 53 43 197
144 54 49 122
144 60 21 49
145 1 52 1
145 4 37 173
145 6 15 169
145 11 1 69
145 17 41 179
145 23 7 27
145 28 10 81
145 32 58 93
145 42 44 124
145 43 13 156
145 49 3 108
145 51 31 217
145 53 25 28
145 59 22 202
146 1 4 1
146 3 31 203
146 10 1 18
146 12 25 184
146 13 19 118
146 14 52 15
146 21 11 89
146 29 15 133
146 33 34 139
146 36 59 150
146 47 13 45
146 51 55 36
146 60 7 9
147 4 15 151
147 9 51 147
147 21 20 209
147 22 25 161
147 23 28 27
147 31 46 152
147 33 41 139
147 35 43 56
147 36 33 150
147 40 22 4
147 44 3 37
147 47 11 33
147 48 38 224
147 50 13 136
147 52 7 144
148 3 22 180
148 5 4 111
148 7 1 42
148 10 31 18
148 14 33 15
148 18 49 84
148 22 16 211
148 27 52 130
148 35 40 56
148 36 45 150
148 40 56 51
148 46 9 91
148 52 19 73
148 59 7 162
149 5 16 32
149 7 28 42
149 10 46 18
149 16 35 59
149 17 7 14
149 35 22 129
149 38 49 107
149 43 9 12
149 45 55 120
149 48 4 204
149 49 13 154
149 55 31 113
149 56 37 35
150 5 13 111
150 11 57 69
150 17 11 179
150 25 59 200
150 28 4 81
150 34 40 148
150 35 16 56
150 42 32 85
150 43 27 156
150 44 9 51
150 52 1 57
150 53 19 197
150 56 49 63
150 60 43 90
Điểm tối ưu/tốt nhất tìm được: 2008
Thời gian: 360.057534 giây
Trạng thái: VALID
