3898
1 3 43 169
1 9 37 400
1 10 31 237
1 15 49 369
1 23 58 261
1 29 52 50
1 34 29 179
1 36 9 375
1 58 25 442
1 60 1 157
1 68 11 422
1 75 16 421
1 90 21 423
1 105 4 247
1 109 34 201
2 8 1 355
2 15 5 369
2 16 28 304
2 19 23 103
2 22 7 116
2 29 15 121
2 90 55 403
2 93 3 448
2 103 25 99
2 105 13 115
2 107 21 39
2 110 52 409
2 114 11 3
3 6 55 241
3 18 58 73
3 23 23 219
3 26 31 88
3 27 41 37
3 31 37 419
3 39 9 277
3 40 19 6
3 57 34 45
3 91 49 190
3 94 45 264
3 99 13 329
3 102 1 180
3 109 26 201
4 2 44 279
4 5 16 147
4 9 27 21
4 18 19 73
4 25 31 150
4 27 25 37
4 35 37 20
4 42 2 358
4 51 7 172
4 60 57 157
4 77 13 5
4 100 49 357
4 106 40 171
4 115 10 287
5 9 20 292
5 10 4 237
5 28 49 233
5 32 1 117
5 46 33 73
5 48 7 411
5 60 37 255
5 61 55 89
5 73 13 320
5 74 43 194
5 94 28 264
5 118 11 139
5 120 40 305
6 4 28 382
6 39 16 366
6 43 9 235
6 45 25 370
6 48 3 411
6 60 37 157
6 73 52 320
6 93 31 448
6 95 7 316
6 105 50 115
6 107 23 39
6 111 13 436
7 8 37 355
7 32 34 117
7 44 41 376
7 45 53 370
7 55 43 36
7 63 49 202
7 70 39 111
7 75 25 421
7 80 22 384
7 82 14 34
7 84 1 65
7 115 7 322
8 2 57 193
8 9 31 21
8 11 25 144
8 41 49 399
8 67 17 442
8 69 43 211
8 71 13 439
8 74 39 418
8 80 52 223
8 82 19 34
8 105 7 71
8 113 3 162
8 119 9 36
9 11 7 120
9 35 26 20
9 37 19 44
9 40 43 431
9 53 33 18
9 58 37 70
9 71 56 439
9 73 46 320
9 76 1 48
9 95 22 397
9 112 52 308
9 119 3 341
10 2 13 193
10 6 34 241
10 16 7 253
10 37 43 44
10 41 10 399
10 43 22 235
10 77 52 5
10 87 26 186
10 89 15 161
10 91 37 380
10 102 55 239
10 109 1 353
11 7 19 317
11 8 47 355
11 15 51 369
11 36 7 293
11 44 17 376
11 61 9 138
11 85 23 340
11 86 31 175
11 91 55 380
11 101 25 269
11 104 39 279
11 108 13 104
11 112 4 308
12 2 31 193
12 6 34 140
12 30 29 139
12 48 46 411
12 56 4 410
12 83 25 91
12 85 55 52
12 89 1 431
12 101 16 4
12 106 13 171
12 110 43 409
12 115 37 287
13 3 7 135
13 6 28 241
13 7 34 317
13 33 37 159
13 65 49 131
13 66 20 424
13 68 53 422
13 69 1 211
13 81 55 101
13 82 43 23
13 94 17 264
13 99 13 311
13 104 25 278
13 107 3 39
14 3 19 169
14 14 9 31
14 20 49 124
14 21 52 187
14 22 1 75
14 23 33 261
14 48 56 411
14 52 37 450
14 62 7 243
14 69 28 211
14 92 25 32
14 99 39 329
14 108 43 104
14 120 46 26
15 14 13 31
15 29 37 50
15 31 1 427
15 32 40 117
15 34 50 234
15 41 52 399
15 47 35 256
15 56 58 410
15 57 47 45
15 61 25 89
15 67 19 61
15 98 5 434
15 100 43 114
15 112 7 417
15 113 22 262
16 17 49 151
16 26 55 291
16 29 22 50
16 41 1 56
16 44 9 80
16 49 40 182
16 83 25 231
16 85 15 52
16 86 43 435
16 91 33 198
16 107 31 39
17 12 37 142
17 15 3 369
17 17 39 226
17 39 34 277
17 41 19 399
17 48 25 411
17 61 31 89
17 69 11 211
17 77 22 407
17 83 13 412
17 103 28 99
17 107 17 39
17 108 7 55
18 8 5 9
18 10 7 237
18 14 37 16
18 25 1 113
18 28 31 233
18 34 10 179
18 40 56 191
18 62 29 71
18 70 34 111
18 71 25 355
18 72 19 149
18 76 53 415
18 81 43 434
18 115 49 287
19 18 1 73
19 35 40 265
19 41 8 23
19 48 35 411
19 64 11 33
19 67 47 442
19 80 13 179
19 81 31 349
19 87 37 186
19 97 26 354
19 104 4 278
19 115 16 287
20 6 7 241
20 11 25 120
20 16 1 253
20 29 10 143
20 32 37 117
20 33 19 122
20 40 55 6
20 67 15 78
20 68 29 422
20 71 44 439
20 85 51 52
20 91 31 328
20 92 58 348
20 98 13 374
20 112 4 417
21 7 1 72
21 17 13 226
21 19 38 103
21 33 25 13
21 57 23 45
21 58 44 62
21 60 34 255
21 63 4 2
21 72 7 183
21 85 17 52
21 91 49 217
21 99 55 311
21 108 19 55
22 9 7 400
22 16 13 304
22 17 55 151
22 22 21 116
22 29 49 50
22 38 35 153
22 45 28 370
22 49 2 182
22 64 5 325
22 77 25 5
22 112 40 308
22 113 19 162
22 115 16 322
23 2 25 193
23 3 49 166
23 9 45 142
23 13 19 212
23 22 33 75
23 28 15 233
23 35 4 20
23 61 1 438
23 69 57 211
23 71 7 3
23 77 53 104
23 91 27 217
23 113 31 162
24 26 28 227
24 27 3 37
24 38 20 153
24 41 45 230
24 60 22 255
24 61 50 89
24 71 55 355
24 87 1 335
24 90 7 227
24 91 31 34
24 103 39 248
24 119 13 384
24 120 25 332
25 10 52 237
25 25 15 243
25 33 7 122
25 39 25 277
25 43 19 281
25 47 37 256
25 48 5 411
25 61 34 89
25 87 3 186
25 105 45 115
25 110 58 409
25 117 27 79
26 32 55 117
26 37 22 173
26 44 5 80
26 48 27 411
26 81 1 349
26 90 49 346
26 99 7 329
26 102 38 440
26 114 31 110
26 119 44 396
26 120 19 332
27 1 31 1
27 6 49 140
27 14 25 401
27 21 1 187
27 22 37 75
27 24 23 393
27 48 29 411
27 50 43 213
27 90 19 346
27 93 47 448
27 100 8 323
27 104 52 97
27 112 55 23
27 113 35 162
28 6 13 140
28 21 49 187
28 28 21 233
28 58 38 68
28 63 52 445
28 66 1 424
28 80 28 223
28 84 31 65
28 87 35 186
28 88 9 358
28 92 43 32
28 109 16 353
28 114 57 110
28 118 26 139
29 2 21 193
29 3 13 376
29 6 58 241
29 7 31 317
29 17 8 151
29 42 25 358
29 59 27 396
29 65 43 433
29 86 49 435
29 95 41 316
29 100 2 114
29 102 37 61
29 108 55 227
29 109 34 353
30 31 25 298
30 47 15 256
30 55 37 219
30 68 29 342
30 72 3 289
30 75 10 421
30 76 44 415
30 78 22 259
30 88 41 137
30 91 32 217
30 93 1 448
30 108 46 55
31 16 52 428
31 17 56 226
31 36 7 263
31 57 39 45
31 59 31 396
31 64 23 337
31 71 15 355
31 82 2 197
31 84 27 328
31 94 25 325
31 114 9 208
31 115 19 287
31 119 43 437
32 7 7 72
32 14 37 33
32 29 28 50
32 35 10 20
32 47 20 256
32 52 3 450
32 59 56 324
32 62 25 113
32 73 22 377
32 76 5 48
32 86 13 93
32 95 1 316
32 97 31 247
32 99 44 120
33 18 16 73
33 23 56 261
33 55 37 251
33 60 50 343
33 63 25 2
33 68 7 342
33 73 58 320
33 79 31 430
33 81 21 78
33 85 19 340
33 87 43 186
33 113 9 162
33 115 4 287
34 8 52 202
34 26 58 291
34 41 4 230
34 48 9 411
34 59 31 398
34 65 14 131
34 66 37 189
34 72 20 141
34 92 28 32
34 108 43 443
34 112 1 417
34 113 41 162
35 5 46 147
35 31 55 298
35 37 1 44
35 58 31 209
35 72 51 149
35 74 25 194
35 79 7 430
35 80 19 384
35 87 5 186
35 93 39 448
35 97 13 247
35 109 22 201
35 115 43 287
36 9 7 21
36 13 19 413
36 29 31 121
36 30 55 139
36 50 58 213
36 62 5 113
36 73 50 188
36 81 38 183
36 89 34 161
36 91 1 380
36 92 28 348
36 96 43 268
36 97 13 354
36 114 25 110
37 23 21 261
37 28 7 197
37 33 1 122
37 35 52 20
37 41 34 230
37 44 25 376
37 56 31 410
37 69 17 211
37 73 28 320
37 76 5 415
37 87 19 239
37 89 13 431
37 105 11 247
37 117 9 79
38 14 9 35
38 21 4 187
38 23 13 261
38 34 32 234
38 47 23 372
38 51 25 444
38 64 7 325
38 75 49 421
38 78 40 259
38 81 19 183
38 90 15 227
38 96 56 268
38 104 28 279
39 23 5 54
39 37 31 301
39 41 16 230
39 50 55 213
39 60 22 343
39 63 13 202
39 64 3 195
39 70 51 111
39 80 25 223
39 84 44 65
39 86 7 435
39 87 1 186
39 110 39 409
40 25 38 113
40 29 43 143
40 40 31 191
40 61 46 138
40 66 26 189
40 82 7 177
40 87 50 239
40 88 34 358
40 91 55 190
40 93 19 448
40 97 1 77
40 99 21 222
40 100 13 229
41 48 3 408
41 51 10 377
41 62 41 243
41 64 7 372
41 65 43 59
41 80 13 223
41 85 33 52
41 88 17 137
41 93 23 448
41 101 28 4
41 119 19 14
42 4 22 382
42 7 4 72
42 21 40 187
42 43 16 318
42 55 49 36
42 69 37 77
42 80 13 262
42 82 7 349
42 90 43 148
42 100 31 114
42 102 25 61
42 112 58 308
42 120 55 332
43 5 52 147
43 7 1 317
43 22 43 116
43 25 25 243
43 60 19 255
43 74 7 194
43 84 56 282
43 89 16 431
43 92 49 348
43 106 37 171
43 109 31 353
43 115 22 322
44 5 31 147
44 23 1 400
44 34 29 41
44 44 3 80
44 62 11 113
44 69 34 211
44 82 49 34
44 85 45 52
44 90 15 423
44 98 38 374
44 111 55 53
44 117 13 200
44 119 19 232
44 120 7 26
45 3 37 376
45 10 43 237
45 13 1 413
45 23 35 219
45 25 13 29
45 40 46 191
45 50 49 213
45 52 33 450
45 64 17 337
45 72 7 141
45 84 19 282
45 90 56 148
45 108 25 55
45 114 11 110
46 22 56 75
46 23 1 261
46 26 16 291
46 35 22 20
46 42 27 358
46 53 7 18
46 73 13 188
46 95 20 397
46 109 37 353
46 112 40 23
46 113 11 262
47 29 1 50
47 37 4 44
47 38 46 305
47 39 21 277
47 45 13 258
47 47 17 256
47 56 31 390
47 74 27 357
47 82 55 197
47 85 10 340
47 87 15 186
47 93 25 448
47 99 37 27
47 111 7 436
48 9 43 21
48 13 21 106
48 17 1 330
48 24 27 393
48 57 19 45
48 64 5 337
48 70 7 111
48 71 33 9
48 79 13 300
48 84 37 416
48 101 55 31
48 117 10 200
49 19 5 103
49 33 31 159
49 36 9 293
49 37 37 301
49 62 59 113
49 69 7 211
49 72 26 289
49 91 19 190
49 94 13 264
49 95 17 316
49 103 1 248
49 105 15 115
49 107 11 58
49 111 43 436
49 119 55 14
50 7 40 317
50 14 21 35
50 20 31 124
50 28 28 197
50 37 43 96
50 60 10 255
50 70 19 111
50 83 1 91
50 95 7 397
50 102 55 61
50 112 16 308
50 113 5 64
51 10 31 252
51 11 7 341
51 12 25 229
51 21 22 187
51 38 59 153
51 58 27 62
51 78 55 259
51 80 49 262
51 81 13 101
51 90 43 346
51 97 1 354
51 114 5 110
51 117 17 79
51 120 40 26
52 8 10 9
52 17 13 173
52 27 29 37
52 55 57 219
52 56 25 362
52 61 7 438
52 81 37 434
52 84 43 282
52 86 19 93
52 87 35 239
52 94 23 264
52 97 49 354
52 99 1 329
52 118 33 139
53 2 34 193
53 13 7 106
53 16 31 253
53 20 14 124
53 33 55 11
53 36 1 30
53 40 43 35
53 44 11 80
53 52 26 450
53 65 3 59
53 67 17 61
53 78 28 259
54 24 15 393
54 37 34 301
54 41 25 230
54 43 2 235
54 55 19 324
54 61 28 138
54 69 39 211
54 72 7 292
54 90 51 227
54 106 31 171
54 111 57 436
54 118 37 139
55 16 13 253
55 41 4 68
55 46 53 73
55 51 1 444
55 54 45 334
55 75 56 421
55 79 37 300
55 81 19 337
55 88 7 364
55 102 25 437
55 104 34 97
55 111 49 436
56 12 43 142
56 23 25 261
56 31 13 419
56 39 27 277
56 40 10 191
56 48 5 408
56 64 17 33
56 71 49 9
56 74 1 418
56 78 37 80
56 84 19 16
56 89 46 161
56 93 33 448
57 11 38 144
57 17 49 226
57 22 13 75
57 28 23 197
57 41 4 23
57 49 25 182
57 53 44 18
57 73 19 188
57 74 55 194
57 81 31 434
57 98 35 374
57 103 1 99
57 106 8 171
57 112 28 175
57 113 53 162
58 17 13 151
58 20 1 124
58 23 11 400
58 25 32 113
58 26 19 291
58 28 17 197
58 47 51 256
58 69 29 77
58 83 7 91
58 85 40 52
58 101 58 381
58 115 4 322
59 16 58 253
59 23 23 150
59 36 2 263
59 44 47 376
59 60 16 157
59 61 10 89
59 63 27 202
59 71 19 9
59 73 40 320
59 77 25 407
59 87 7 239
59 99 49 120
59 100 43 323
59 113 33 162
60 13 55 413
60 26 1 36
60 57 51 45
60 70 45 111
60 90 31 148
60 95 17 397
60 97 13 64
60 99 26 329
60 104 7 432
60 113 39 162
60 117 19 79
61 9 49 142
61 29 31 50
61 41 13 399
61 47 9 256
61 48 39 411
61 51 16 172
61 61 28 89
61 81 55 337
61 93 21 448
61 100 43 5
61 112 1 308
61 120 4 26
62 2 17 54
62 10 46 237
62 21 37 187
62 32 9 117
62 37 28 96
62 48 21 411
62 51 40 48
62 60 31 157
62 64 3 372
62 76 7 415
62 92 25 348
62 102 13 74
62 104 43 97
62 105 23 71
63 2 5 193
63 14 13 401
63 47 11 372
63 51 58 444
63 58 25 209
63 64 9 372
63 65 31 288
63 87 7 186
63 92 55 348
63 94 19 264
63 103 21 99
63 107 17 178
63 111 40 53
63 119 1 14
64 16 22 304
64 24 47 393
64 47 43 256
64 55 49 219
64 59 37 137
64 60 19 342
64 64 34 195
64 72 14 289
64 73 4 320
64 76 7 48
64 82 55 177
64 89 31 161
64 90 25 148
65 29 22 143
65 50 40 213
65 55 1 324
65 62 37 195
65 72 13 149
65 73 7 188
65 76 20 415
65 77 35 104
65 84 55 328
65 95 45 397
65 98 17 374
65 100 25 323
65 102 31 239
65 119 49 384
66 9 43 400
66 10 58 237
66 20 19 124
66 21 7 187
66 27 39 37
66 28 29 233
66 36 33 293
66 41 22 399
66 65 25 59
66 71 1 439
66 84 13 282
66 115 50 322
67 8 23 202
67 9 19 400
67 12 33 142
67 24 29 393
67 28 51 233
67 39 11 366
67 70 55 111
67 77 2 407
67 79 7 300
67 102 43 440
67 115 25 287
67 118 17 139
68 14 13 33
68 29 43 50
68 31 49 335
68 39 46 277
68 55 37 342
68 61 19 138
68 64 1 372
68 66 7 189
68 86 25 435
68 99 3 222
68 100 33 422
68 105 58 115
69 11 49 144
69 13 31 413
69 31 19 419
69 37 37 96
69 67 7 61
69 78 58 259
69 84 43 416
69 101 1 381
69 103 9 99
69 108 26 443
70 14 7 11
70 28 53 233
70 37 34 44
70 49 31 182
70 56 4 362
70 70 43 111
70 71 25 9
70 73 40 188
70 97 45 354
70 98 56 374
70 99 49 329
70 110 13 409
70 112 37 417
70 117 21 200
71 1 49 1
71 16 4 428
71 19 33 103
71 21 25 187
71 43 1 281
71 50 13 213
71 62 16 71
71 74 43 199
71 87 57 186
71 89 40 161
71 102 7 440
71 116 19 225
72 1 55 1
72 10 16 237
72 13 7 212
72 28 45 233
72 33 25 159
72 43 19 235
72 67 29 442
72 73 22 320
72 83 31 257
72 85 1 340
72 86 49 215
72 95 47 397
72 102 37 239
72 112 13 308
73 6 7 140
73 12 17 229
73 31 37 427
73 48 43 408
73 74 55 418
73 83 13 231
73 84 31 315
73 85 10 52
73 89 4 161
73 99 19 120
73 107 1 58
73 115 28 287
74 16 4 304
74 32 33 371
74 55 19 251
74 56 28 362
74 57 31 45
74 58 7 70
74 73 37 188
74 79 43 302
74 81 13 337
74 92 1 348
74 102 50 440
74 112 25 417
75 10 2 252
75 14 26 35
75 31 7 298
75 41 19 230
75 51 16 444
75 52 57 450
75 70 31 111
75 73 33 320
75 80 39 179
75 82 43 197
75 98 59 374
75 101 22 381
75 104 13 97
76 15 31 369
76 17 37 151
76 20 4 124
76 28 53 197
76 48 41 411
76 61 46 89
76 64 16 325
76 80 34 262
76 81 49 434
76 83 25 285
76 97 21 64
76 98 19 374
76 103 13 99
76 111 8 53
76 120 43 305
77 12 7 229
77 25 56 243
77 27 35 37
77 32 50 291
77 33 3 16
77 36 11 293
77 37 40 96
77 47 21 60
77 59 31 324
77 83 13 285
77 85 1 52
77 95 9 397
77 111 37 436
77 113 17 262
77 120 43 332
78 26 1 227
78 44 13 80
78 48 28 408
78 60 43 255
78 62 19 243
78 69 41 211
78 76 57 415
78 78 16 80
78 88 7 137
78 89 22 161
78 107 10 39
78 108 31 104
78 109 25 38
79 3 37 166
79 13 56 212
79 36 50 30
79 44 22 80
79 46 31 73
79 55 26 251
79 59 43 207
79 94 1 264
79 97 33 64
79 105 9 115
79 109 3 201
79 113 16 162
79 117 11 79
80 2 39 193
80 7 43 72
80 21 13 187
80 29 57 50
80 30 21 139
80 34 55 234
80 47 29 256
80 62 23 113
80 74 31 357
80 77 7 5
80 78 51 259
80 88 9 364
80 104 1 97
81 8 10 355
81 25 51 113
81 32 19 117
81 37 7 96
81 52 45 450
81 55 31 342
81 68 13 342
81 69 49 211
81 78 55 80
81 80 22 179
81 107 41 39
82 7 13 72
82 22 7 12
82 38 45 153
82 72 32 141
82 73 16 320
82 76 1 415
82 79 55 430
82 82 3 177
82 84 25 65
82 95 50 397
82 115 37 322
82 117 52 79
83 14 37 31
83 22 19 75
83 27 31 37
83 32 28 117
83 34 1 179
83 41 25 399
83 48 53 411
83 49 34 182
83 59 43 137
83 89 4 431
83 101 7 381
83 111 16 436
83 120 55 26
84 13 9 413
84 17 25 226
84 30 59 139
84 33 55 13
84 42 21 358
84 51 51 377
84 72 43 292
84 82 14 23
84 99 37 222
84 102 1 74
84 103 32 99
85 27 45 37
85 28 35 197
85 34 53 234
85 35 25 265
85 38 13 153
85 48 51 411
85 51 4 172
85 58 19 62
85 59 7 396
85 73 28 371
85 87 11 335
85 88 2 364
85 93 49 448
85 96 38 268
85 105 23 115
86 14 44 16
86 25 55 29
86 37 50 68
86 38 3 305
86 45 21 258
86 76 23 48
86 81 13 183
86 83 8 257
86 88 27 364
86 91 37 330
86 97 31 205
86 98 53 374
87 10 10 252
87 17 1 226
87 26 15 36
87 27 33 37
87 29 7 143
87 72 25 292
87 73 37 320
87 75 46 421
87 83 55 91
87 84 19 315
87 97 49 64
87 109 40 201
87 113 13 162
88 2 17 193
88 5 25 147
88 11 44 144
88 14 3 33
88 20 8 124
88 33 31 13
88 43 28 235
88 58 57 62
88 64 1 33
88 72 49 292
88 91 37 217
88 109 14 201
89 1 8 1
89 3 49 169
89 22 55 136
89 23 23 400
89 25 1 29
89 31 19 427
89 35 31 297
89 53 25 18
89 56 34 362
89 88 17 364
89 91 13 190
89 99 37 311
89 116 43 225
90 3 25 166
90 10 55 237
90 12 35 142
90 16 49 304
90 53 37 18
90 64 23 325
90 66 43 189
90 70 3 111
90 71 7 439
90 86 31 215
90 99 19 206
90 102 13 239
90 112 52 417
91 15 17 369
91 26 1 88
91 28 33 233
91 51 55 444
91 54 13 334
91 56 19 362
91 62 9 243
91 65 49 59
91 73 25 320
91 76 37 415
91 77 4 5
91 88 23 358
91 112 28 417
91 118 7 139
92 7 7 317
92 13 32 313
92 23 23 261
92 32 25 371
92 60 10 246
92 62 47 113
92 64 13 195
92 65 19 433
92 81 37 101
92 85 3 340
92 87 41 186
92 90 43 423
92 108 58 443
92 118 15 139
93 8 31 355
93 10 58 252
93 28 47 233
93 37 22 301
93 45 15 370
93 66 51 424
93 72 25 141
93 78 1 191
93 107 33 39
93 110 55 409
93 111 44 53
93 112 19 308
93 119 37 14
94 2 23 193
94 6 40 140
94 17 19 432
94 36 17 263
94 47 26 372
94 55 13 324
94 59 7 62
94 60 34 157
94 76 29 415
94 79 50 300
94 98 11 2
94 103 4 99
94 108 46 443
94 112 31 417
95 22 25 116
95 25 1 309
95 31 31 298
95 33 13 122
95 39 52 277
95 41 37 399
95 43 49 318
95 46 56 73
95 77 40 104
95 84 7 65
95 100 43 422
95 101 58 31
95 104 19 279
96 2 45 193
96 3 25 246
96 9 15 21
96 23 10 261
96 30 47 139
96 34 31 41
96 45 37 370
96 46 22 73
96 48 49 411
96 56 19 390
96 85 13 52
96 89 58 431
96 98 1 106
96 111 4 436
97 2 7 193
97 19 2 103
97 26 37 191
97 55 33 251
97 60 46 246
97 73 57 188
97 74 13 95
97 76 17 48
97 77 4 407
97 85 31 52
97 97 19 354
97 105 27 115
97 112 10 308
98 2 47 193
98 3 49 376
98 33 1 159
98 39 37 277
98 47 11 256
98 48 15 411
98 55 31 36
98 58 57 70
98 60 7 157
98 67 5 442
98 80 19 262
98 93 53 448
98 108 22 55
99 8 31 9
99 15 23 369
99 28 11 233
99 40 13 6
99 41 40 399
99 43 52 318
99 56 16 410
99 68 7 385
99 93 9 448
99 100 55 229
99 101 1 4
99 102 26 74
99 103 19 248
99 108 4 443
100 10 37 237
100 13 31 106
100 22 26 12
100 29 4 50
100 38 1 153
100 39 11 277
100 58 13 68
100 84 50 65
100 88 19 364
100 90 7 346
100 101 44 269
100 103 40 99
100 115 22 287
101 3 44 101
101 13 8 271
101 47 25 60
101 59 13 62
101 69 31 211
101 70 27 111
101 72 50 183
101 80 37 223
101 83 19 91
101 85 29 340
101 100 1 404
101 119 33 437
101 120 58 305
102 4 31 382
102 5 43 147
102 15 28 369
102 23 37 261
102 29 25 50
102 32 4 371
102 33 21 159
102 36 39 293
102 56 56 390
102 65 8 164
102 80 34 223
102 81 50 349
102 99 14 120
102 107 46 39
103 2 11 54
103 6 16 140
103 27 19 37
103 33 50 122
103 48 1 408
103 59 21 398
103 65 31 59
103 68 47 422
103 85 29 52
103 90 7 403
103 92 13 348
103 117 4 200
104 6 10 140
104 11 1 394
104 36 7 30
104 39 15 277
104 41 45 399
104 42 39 358
104 48 33 411
104 56 49 362
104 81 55 434
104 87 13 335
104 102 25 180
104 106 19 171
104 107 35 39
105 6 13 241
105 10 45 252
105 27 5 37
105 34 9 234
105 38 43 153
105 39 7 277
105 44 11 60
105 48 37 411
105 84 19 65
105 87 29 335
105 90 1 346
105 112 55 417
106 1 1 1
106 6 26 140
106 14 55 401
106 30 50 139
106 34 16 234
106 41 37 230
106 46 7 73
106 65 31 164
106 68 21 422
106 75 52 421
106 82 9 197
106 87 23 335
106 101 13 4
106 104 40 97
106 105 19 115
107 5 22 147
107 11 13 144
107 38 57 153
107 51 1 172
107 68 35 342
107 70 53 111
107 76 31 48
107 92 4 32
107 94 41 264
107 97 9 77
107 98 29 374
107 111 25 436
107 120 49 332
108 13 43 413
108 24 11 393
108 26 58 88
108 27 7 37
108 37 4 96
108 39 13 281
108 57 1 45
108 70 47 111
108 76 9 415
108 83 25 257
108 86 37 93
108 112 34 308
108 114 17 257
109 3 7 166
109 8 25 202
109 9 1 319
109 26 27 291
109 32 43 371
109 45 23 370
109 52 51 450
109 58 19 209
109 59 13 137
109 73 31 188
109 77 11 5
109 86 37 435
109 108 34 227
109 117 5 79
110 11 37 341
110 16 25 304
110 21 58 187
110 22 49 75
110 26 4 36
110 45 31 258
110 49 43 182
110 56 10 390
110 99 19 311
110 105 33 115
110 112 16 417
111 13 51 313
111 15 7 369
111 24 45 393
111 57 49 45
111 58 9 68
111 65 31 131
111 71 37 439
111 82 13 349
111 91 19 217
111 98 29 434
111 105 4 115
111 113 41 148
111 115 1 322
112 2 3 279
112 11 31 214
112 13 55 313
112 16 10 304
112 28 26 197
112 55 43 219
112 61 19 89
112 85 22 52
112 90 13 331
112 98 40 374
112 105 7 115
112 115 52 287
112 117 47 79
113 26 39 291
113 29 22 121
113 34 37 234
113 44 5 60
113 55 56 342
113 63 43 2
113 70 16 111
113 72 31 289
113 73 19 320
113 76 25 415
113 86 49 175
113 97 1 64
113 103 13 248
113 119 7 437
114 12 23 142
114 13 9 273
114 16 16 304
114 30 45 139
114 37 49 44
114 39 39 277
114 44 56 376
114 57 21 45
114 62 7 195
114 65 1 288
114 84 25 16
114 92 31 32
114 104 13 279
115 3 13 169
115 21 10 187
115 23 19 261
115 35 22 265
115 40 7 191
115 49 49 182
115 66 43 276
115 68 53 342
115 74 1 194
115 82 31 177
115 84 25 315
115 90 37 148
116 14 49 401
116 22 39 116
116 31 13 298
116 32 4 117
116 35 1 20
116 51 45 444
116 55 7 324
116 73 34 188
116 80 26 262
116 86 19 435
116 93 37 448
116 94 43 264
116 95 55 397
116 112 31 308
117 19 55 103
117 31 31 427
117 35 16 265
117 40 40 6
117 51 7 444
117 60 28 255
117 65 43 131
117 72 57 292
117 84 19 416
117 95 3 397
117 101 37 269
117 103 52 248
118 1 13 1
118 6 37 241
118 8 1 9
118 25 21 243
118 36 3 375
118 79 31 302
118 83 44 257
118 93 17 448
118 95 27 316
118 103 49 248
119 16 55 253
119 18 40 73
119 25 49 243
119 27 59 37
119 48 31 411
119 59 19 207
119 60 25 157
119 62 3 71
119 65 7 288
119 86 33 435
119 87 28 186
119 94 15 264
119 100 43 229
119 101 37 381
120 3 1 166
120 13 37 212
120 23 7 261
120 25 50 29
120 26 22 291
120 33 9 159
120 35 19 265
120 49 28 182
120 52 47 450
120 58 13 70
120 87 59 335
120 88 25 364
120 99 43 311
120 109 31 38
121 8 19 355
121 27 23 37
121 40 28 6
121 44 35 376
121 46 10 73
121 64 21 195
121 67 1 61
121 78 7 259
121 80 40 223
121 86 3 93
121 99 14 206
121 111 25 53
121 113 47 148
121 120 31 26
122 5 19 147
122 13 43 212
122 15 56 369
122 33 31 11
122 56 37 362
122 79 13 302
122 83 51 231
122 87 7 335
122 102 25 440
122 109 4 38
122 110 22 409
122 114 49 110
122 115 1 287
123 7 25 317
123 13 39 106
123 14 8 401
123 18 13 73
123 34 34 41
123 35 46 265
123 50 31 213
123 77 28 407
123 81 1 337
123 85 59 52
123 100 20 114
123 103 16 248
123 114 37 110
123 119 49 14
124 17 13 432
124 45 1 258
124 59 37 324
124 61 49 138
124 67 5 61
124 68 43 342
124 76 17 415
124 79 25 302
124 87 46 335
124 89 55 431
124 100 7 114
124 110 19 409
125 8 13 9
125 23 29 219
125 33 25 122
125 53 19 18
125 57 15 45
125 72 31 149
125 74 43 418
125 76 41 415
125 78 52 80
125 79 37 430
125 100 55 5
125 112 10 417
125 119 1 437
126 6 1 351
126 27 49 37
126 32 55 371
126 37 46 96
126 47 58 256
126 61 40 89
126 69 9 211
126 84 19 357
126 92 4 348
126 94 35 264
126 98 25 374
126 114 53 110
126 119 13 437
127 13 3 106
127 25 7 150
127 31 19 335
127 39 29 277
127 40 58 35
127 43 40 318
127 48 43 411
127 55 25 219
127 62 47 243
127 69 51 211
127 77 1 5
127 80 16 223
127 104 55 97
127 105 11 115
127 113 53 262
128 5 39 147
128 12 17 142
128 13 44 106
128 14 2 401
128 19 31 103
128 60 10 343
128 61 7 89
128 77 15 407
128 79 49 430
128 86 19 215
128 105 23 247
128 111 28 436
129 11 19 214
129 26 4 291
129 28 17 238
129 34 43 234
129 42 15 358
129 63 1 2
129 65 25 288
129 68 13 422
129 70 29 111
129 84 45 357
129 92 37 348
129 103 7 248
129 104 10 97
129 115 31 322
129 117 34 79
130 10 34 237
130 11 3 205
130 25 7 113
130 37 13 96
130 41 49 230
130 43 58 318
130 64 1 195
130 67 55 442
130 70 41 111
130 75 43 421
130 96 26 268
130 99 37 206
130 109 19 353
130 111 22 53
130 113 46 162
131 7 10 130
131 9 13 400
131 14 20 33
131 20 56 124
131 37 31 44
131 40 7 6
131 58 25 68
131 66 37 276
131 77 2 104
131 84 49 16
131 88 4 358
131 99 43 206
132 40 4 191
132 51 16 377
132 56 1 362
132 58 25 108
132 66 31 189
132 69 13 77
132 79 50 302
132 86 43 215
132 99 19 329
132 100 37 114
132 101 56 4
133 3 31 376
133 16 19 304
133 19 25 103
133 25 37 29
133 28 47 197
133 39 55 277
133 44 1 60
133 49 7 182
133 61 43 89
133 69 17 77
133 77 4 104
133 104 10 278
134 3 33 101
134 13 26 106
134 56 8 362
134 64 23 195
134 68 31 422
134 69 3 211
134 74 19 418
134 76 39 415
134 84 13 65
134 93 11 448
134 103 43 99
134 105 1 326
134 119 49 396
135 29 28 143
135 33 43 159
135 36 52 293
135 43 25 318
135 47 37 60
135 54 19 334
135 56 10 410
135 61 34 138
135 66 14 189
135 78 58 80
135 80 49 223
135 92 39 32
135 95 23 316
135 120 31 332
136 6 43 140
136 7 10 72
136 8 39 9
136 9 25 142
136 32 58 117
136 57 53 45
136 58 20 68
136 59 3 137
136 84 13 416
136 101 46 4
136 107 1 232
136 108 50 443
136 114 33 110
137 3 49 101
137 49 16 182
137 51 10 444
137 56 13 362
137 74 25 199
137 79 31 300
137 104 46 97
137 111 1 53
137 117 29 79
137 118 57 139
137 119 19 437
138 6 1 241
138 13 25 413
138 31 43 298
138 52 55 450
138 54 8 334
138 56 22 390
138 58 57 442
138 62 16 195
138 67 53 442
138 76 29 48
138 79 37 302
138 80 4 223
138 110 49 409
138 112 13 417
139 6 10 241
139 8 29 9
139 17 33 151
139 24 1 393
139 32 46 291
139 36 31 293
139 55 14 219
139 58 37 442
139 81 25 434
139 85 5 340
139 88 59 358
139 96 19 268
139 99 55 329
139 117 23 200
140 17 31 226
140 23 47 219
140 25 1 243
140 29 25 121
140 49 13 182
140 52 5 450
140 59 49 125
140 65 19 59
140 71 39 355
140 82 43 34
140 92 56 32
140 105 35 115
140 106 28 171
140 113 23 148
141 28 26 233
141 33 1 11
141 35 37 265
141 57 7 45
141 63 9 445
141 67 35 61
141 69 5 211
141 79 43 430
141 91 55 217
141 99 49 206
141 104 19 97
141 105 47 115
141 109 22 353
141 111 16 53
142 9 25 400
142 20 40 124
142 23 53 261
142 36 11 375
142 37 58 44
142 45 19 258
142 48 23 411
142 56 16 362
142 59 31 62
142 60 2 255
142 66 49 189
142 91 43 330
142 96 7 268
143 14 31 35
143 21 19 187
143 33 43 13
143 45 23 258
143 58 49 70
143 59 25 125
143 60 1 246
143 72 55 149
143 85 4 52
143 88 11 358
143 96 13 268
143 104 39 278
143 117 37 79
143 120 7 305
144 9 7 319
144 12 55 142
144 19 27 103
144 31 31 335
144 36 23 30
144 59 51 207
144 62 1 71
144 64 11 325
144 90 19 403
144 107 5 39
144 117 14 79
144 118 3 139
145 3 32 135
145 5 49 147
145 34 1 234
145 38 19 305
145 55 25 324
145 56 22 410
145 66 3 276
145 75 37 421
145 77 7 407
145 84 13 357
145 103 58 248
146 3 49 135
146 4 25 382
146 6 1 140
146 28 38 233
146 34 47 234
146 60 4 246
146 61 13 138
146 76 31 415
146 79 55 302
146 82 43 349
146 117 23 79
146 119 33 14
147 12 31 142
147 14 43 401
147 16 33 304
147 23 5 219
147 27 51 37
147 28 1 233
147 29 7 121
147 38 23 153
147 64 10 195
147 76 3 48
147 90 14 148
147 100 56 114
148 4 8 382
148 7 22 72
148 15 33 369
148 25 14 113
148 41 1 230
148 42 57 358
148 47 29 60
148 48 11 408
148 63 19 2
148 65 37 288
148 68 4 342
148 91 25 380
149 2 53 193
149 7 40 72
149 11 20 144
149 13 7 313
149 22 56 116
149 35 13 20
149 41 16 399
149 45 27 258
149 51 31 172
149 58 1 70
149 70 25 111
149 83 49 91
150 3 39 246
150 6 4 140
150 31 43 419
150 33 7 16
150 38 33 153
150 40 22 191
150 41 13 230
150 49 19 182
150 68 16 422
150 69 26 211
150 95 37 397
150 108 28 55
150 120 1 332
151 6 25 241
151 7 16 72
151 15 19 369
151 33 31 16
151 34 57 234
151 35 28 265
151 54 51 334
151 70 11 111
151 72 37 289
151 76 23 415
151 101 43 4
152 4 52 382
152 16 26 253
152 52 11 450
152 61 58 89
152 68 37 422
152 74 13 418
152 104 55 432
152 112 46 417
152 114 3 110
152 115 31 287
152 117 39 79
153 23 41 150
153 38 27 153
153 40 34 431
153 45 10 258
153 58 43 70
153 60 13 157
153 61 22 138
153 72 55 289
153 73 16 188
153 75 7 421
153 78 19 80
153 90 1 148
153 107 39 39
153 111 31 436
154 14 49 31
154 25 27 113
154 28 5 84
154 30 41 139
154 36 9 30
154 38 23 305
154 51 31 444
154 62 21 71
154 66 43 424
154 80 16 179
154 105 25 115
154 108 13 55
154 114 19 110
154 116 1 225
155 8 3 9
155 10 13 237
155 16 40 253
155 32 8 371
155 43 22 281
155 48 11 411
155 57 5 45
155 63 19 445
155 69 35 77
155 85 16 340
155 94 58 264
155 101 28 269
155 103 25 248
155 114 1 110
156 2 1 279
156 19 29 103
156 36 13 293
156 47 27 256
156 51 37 48
156 62 19 71
156 67 11 442
156 78 31 259
156 87 35 335
156 96 49 268
156 112 7 308
156 117 21 79
157 18 25 73
157 33 49 159
157 43 43 318
157 50 34 213
157 52 16 450
157 55 37 36
157 56 46 410
157 59 1 396
157 71 55 9
157 73 13 180
157 92 19 348
157 97 8 64
157 104 28 97
158 7 37 72
158 8 17 9
158 11 21 341
158 24 40 393
158 31 49 298
158 33 13 16
158 44 19 60
158 60 7 255
158 79 25 300
158 83 56 231
158 86 2 435
158 88 31 364
158 107 10 178
158 114 29 3
159 10 1 237
159 17 25 151
159 26 33 244
159 29 4 121
159 32 52 371
159 37 20 96
159 38 31 153
159 45 43 370
159 65 37 59
159 74 7 357
159 82 14 177
159 89 46 431
159 97 55 354
160 11 9 144
160 13 45 313
160 21 34 187
160 25 37 243
160 43 25 235
160 45 41 370
160 50 52 213
160 52 49 450
160 61 4 138
160 69 23 323
160 74 19 194
160 78 13 259
160 93 7 448
160 109 55 201
161 14 25 33
161 17 8 330
161 47 53 256
161 55 43 324
161 56 57 362
161 62 29 243
161 65 37 433
161 68 4 422
161 87 21 186
161 100 13 323
161 110 1 409
161 120 34 332
162 34 27 234
162 39 43 277
162 42 41 358
162 47 14 60
162 63 4 445
162 74 7 95
162 79 19 302
162 84 37 282
162 89 52 161
162 98 23 434
162 104 16 279
162 108 1 55
162 114 29 257
163 15 21 369
163 16 52 304
163 23 29 400
163 39 41 277
163 44 47 80
163 56 49 390
163 63 16 445
163 70 5 111
163 83 37 91
163 85 8 52
163 88 35 137
163 91 31 380
163 103 44 248
164 2 41 193
164 11 1 144
164 13 13 313
164 41 52 230
164 45 25 258
164 71 31 439
164 91 37 190
164 98 27 374
164 108 43 55
164 110 10 409
164 112 7 412
164 114 21 110
164 117 49 79
165 16 46 253
165 27 53 37
165 29 4 143
165 37 1 301
165 43 31 235
165 47 49 256
165 48 20 408
165 72 7 289
165 81 55 349
165 82 37 197
165 94 11 424
165 105 43 115
165 109 27 353
166 3 50 246
166 8 21 202
166 13 1 313
166 14 31 401
166 28 58 233
166 40 46 6
166 91 14 380
166 92 25 310
166 99 8 206
166 113 5 262
166 119 37 437
166 120 28 332
167 14 25 31
167 16 43 253
167 18 37 73
167 19 19 103
167 25 56 150
167 26 7 291
167 35 10 265
167 38 3 153
167 51 13 377
167 55 21 36
167 71 49 3
167 78 16 259
167 92 46 348
167 109 40 38
167 120 34 26
168 3 25 169
168 10 7 128
168 14 49 33
168 17 43 226
168 26 22 88
168 33 55 16
168 37 32 96
168 38 47 153
168 60 10 157
168 74 38 194
168 86 1 215
168 87 16 335
168 92 13 310
169 8 33 355
169 11 7 205
169 24 59 393
169 27 55 37
169 28 41 197
169 38 49 153
169 39 13 277
169 66 1 280
169 90 25 403
169 95 35 397
169 120 46 332
170 5 28 147
170 35 4 265
170 38 7 153
170 41 57 230
170 56 40 362
170 69 55 211
170 73 1 188
170 76 11 48
170 81 33 183
170 89 43 161
170 95 25 397
170 105 9 247
170 115 19 322
170 117 31 200
171 2 55 193
171 23 11 219
171 25 43 113
171 41 34 399
171 45 21 370
171 67 49 61
171 68 17 342
171 82 51 177
171 83 37 257
171 89 25 431
171 100 57 422
171 113 3 262
171 120 13 26
172 2 3 193
172 3 55 169
172 8 59 202
172 10 28 237
172 13 49 413
172 27 1 37
172 33 39 122
172 59 7 125
172 74 43 95
172 82 13 197
172 88 11 364
172 102 19 440
172 119 31 384
173 5 9 147
173 8 7 202
173 9 43 319
173 15 13 369
173 28 3 233
173 32 49 371
173 33 37 11
173 45 56 370
173 74 32 418
173 81 25 337
173 112 20 417
173 117 1 200
173 119 15 396
174 8 46 202
174 12 59 142
174 24 57 393
174 51 25 377
174 66 13 424
174 69 35 159
174 71 19 3
174 72 1 141
174 85 49 52
174 105 31 115
174 108 10 55
174 112 7 441
174 117 17 200
174 120 28 305
175 13 38 313
175 14 19 31
175 23 4 261
175 34 1 41
175 41 28 399
175 48 16 408
175 63 13 2
175 79 43 300
175 81 31 337
175 88 53 358
175 98 10 374
175 104 49 97
175 108 7 443
175 109 55 353
176 12 5 142
176 16 55 304
176 30 35 139
176 39 19 277
176 51 28 444
176 56 15 390
176 57 13 45
176 78 25 80
176 84 7 282
176 90 31 346
176 102 1 440
176 112 44 308
176 116 38 225
176 119 49 437
177 3 13 135
177 16 10 253
177 31 3 298
177 38 21 305
177 47 17 60
177 48 1 411
177 83 37 231
177 88 29 364
177 101 52 4
177 102 32 180
177 109 43 353
177 113 27 162
178 11 27 205
178 37 40 173
178 41 58 399
178 43 55 318
178 44 3 376
178 45 34 258
178 57 25 45
178 61 16 138
178 63 37 2
178 69 5 77
178 72 44 141
178 80 31 262
178 97 20 77
178 109 13 353
178 120 8 332
179 9 1 142
179 15 15 369
179 36 32 375
179 43 7 318
179 47 45 256
179 57 29 45
179 62 26 71
179 69 5 323
179 77 17 407
179 91 37 34
179 99 50 27
179 111 19 53
179 115 10 322
179 117 35 200
180 4 19 382
180 23 27 261
180 36 7 375
180 43 13 318
180 76 9 48
180 82 31 23
180 83 1 257
180 90 43 403
180 95 29 397
180 101 22 4
180 102 56 440
180 114 51 110
180 117 47 200
181 2 51 193
181 15 59 369
181 17 37 432
181 19 13 103
181 22 8 75
181 37 15 44
181 41 2 399
181 51 19 444
181 52 43 450
181 55 31 219
181 60 46 255
181 68 23 422
181 77 29 5
181 110 25 409
182 15 41 369
182 19 59 103
182 28 5 233
182 38 37 305
182 44 3 60
182 45 15 258
182 52 39 450
182 59 9 137
182 60 56 255
182 91 25 330
182 92 46 32
182 106 50 171
182 107 53 39
182 108 33 55
182 111 20 436
183 14 19 401
183 21 16 187
183 25 43 29
183 38 13 305
183 51 4 444
183 69 23 211
183 72 7 149
183 79 25 430
183 84 31 95
183 85 57 52
183 109 1 38
183 114 29 110
184 12 1 27
184 20 37 124
184 24 43 393
184 33 55 159
184 38 11 153
184 45 46 370
184 69 59 211
184 78 4 259
184 82 19 23
184 84 32 282
184 90 50 403
184 99 25 206
184 105 29 115
184 116 7 225
184 120 40 332
185 3 55 166
185 9 19 21
185 13 1 212
185 24 49 393
185 33 7 13
185 34 13 234
185 38 5 305
185 57 11 45
185 61 25 138
185 88 23 137
185 99 43 329
185 114 15 110
186 2 49 193
186 28 43 233
186 30 9 139
186 52 28 450
186 57 45 45
186 75 13 421
186 77 16 5
186 81 19 434
186 83 31 91
186 88 47 358
186 90 37 403
186 101 51 269
186 105 7 247
186 117 2 79
186 120 4 332
187 19 51 103
187 22 26 56
187 26 19 88
187 31 55 335
187 33 33 122
187 41 7 399
187 43 16 281
187 64 53 33
187 66 37 280
187 67 47 61
187 68 41 342
187 75 2 421
187 76 14 48
187 115 43 322
187 120 10 26
188 6 16 241
188 8 9 202
188 11 25 26
188 17 1 432
188 20 43 124
188 41 22 230
188 42 49 358
188 47 31 256
188 77 19 5
188 119 37 396
189 4 43 382
189 25 37 150
189 26 46 227
189 27 57 37
189 38 34 305
189 45 32 370
189 80 19 179
189 92 8 32
189 98 15 374
189 100 1 323
189 107 25 39
189 113 29 162
189 118 5 139
190 30 31 139
190 31 7 419
190 51 49 444
190 55 19 219
190 56 26 390
190 63 1 445
190 67 23 61
190 72 37 292
190 94 55 264
190 104 16 97
190 109 46 353
190 114 35 110
190 115 13 322
191 8 35 202
191 16 58 304
191 31 50 419
191 36 21 293
191 43 15 235
191 64 5 372
191 69 13 211
191 83 1 231
191 84 7 416
191 87 55 186
191 108 25 227
191 114 43 110
192 15 1 369
192 22 43 56
192 27 9 37
192 29 25 143
192 44 7 376
192 52 59 450
192 53 13 18
192 61 4 89
192 64 51 325
192 65 19 288
192 84 55 65
192 92 34 348
192 100 37 229
192 105 17 115
193 2 59 193
193 16 37 253
193 39 31 277
193 44 40 80
193 45 7 258
193 46 4 73
193 51 22 444
193 54 27 334
193 73 10 320
193 77 13 407
193 101 43 31
193 113 1 262
194 8 41 9
194 12 59 229
194 35 31 265
194 40 51 6
194 42 55 358
194 49 22 182
194 70 57 111
194 76 43 48
194 90 25 346
194 100 37 323
194 103 4 248
194 116 13 225
195 1 25 1
195 4 49 382
195 15 20 74
195 18 44 73
195 29 40 50
195 40 16 35
195 58 7 108
195 69 53 211
195 76 11 415
195 82 31 197
195 83 55 257
195 88 1 137
195 102 3 366
195 106 22 171
196 10 37 252
196 25 43 150
196 26 1 291
196 36 25 293
196 37 52 44
196 42 31 358
196 55 13 251
196 56 7 390
196 65 27 131
196 75 22 421
196 79 55 300
196 115 34 322
197 3 27 376
197 24 55 393
197 31 37 298
197 32 32 291
197 34 3 234
197 49 58 182
197 67 41 442
197 68 9 422
197 74 43 171
197 90 21 227
197 91 14 217
197 109 52 353
197 113 50 162
198 26 50 191
198 45 5 370
198 47 13 256
198 57 3 45
198 60 22 246
198 74 25 418
198 83 55 272
198 88 15 364
198 97 38 354
198 98 45 374
198 100 31 229
198 101 9 4
198 108 19 104
198 113 7 162
199 6 43 241
199 8 16 202
199 13 31 212
199 14 1 31
199 23 46 261
199 25 49 150
199 56 37 390
199 62 19 195
199 63 40 445
199 66 25 424
199 85 53 340
199 102 9 61
199 111 58 53
199 114 5 65
199 117 7 79
200 16 4 253
200 26 55 88
200 35 1 297
200 40 58 6
200 63 8 2
200 88 29 137
200 91 43 190
200 98 47 374
200 108 40 443
200 120 52 332
201 35 7 265
201 39 5 277
201 47 2 256
201 48 19 411
201 61 37 138
201 71 45 9
201 81 49 337
201 82 21 177
201 91 14 198
201 100 31 323
201 103 55 99
201 108 40 227
202 2 15 193
202 11 8 214
202 38 37 153
202 39 23 277
202 42 43 358
202 51 52 444
202 86 25 215
202 92 49 32
202 107 55 39
202 108 1 443
202 117 33 200
203 25 13 150
203 26 10 88
203 28 55 233
203 31 25 335
203 36 3 293
203 59 57 396
203 65 43 288
203 68 1 422
203 76 34 415
203 84 50 282
203 88 47 137
203 92 7 348
203 97 19 247
203 120 31 305
204 9 51 319
204 17 19 330
204 19 45 103
204 22 15 116
204 36 5 375
204 38 49 305
204 43 28 318
204 48 23 408
204 92 1 310
204 93 13 448
204 94 11 264
204 108 37 104
204 117 8 200
205 24 33 393
205 34 11 234
205 36 19 263
205 43 4 318
205 49 46 182
205 62 14 71
205 66 7 424
205 77 16 104
205 78 37 259
205 98 31 374
205 109 58 353
205 119 25 14
206 8 11 202
206 9 3 21
206 13 25 212
206 20 52 124
206 32 38 371
206 34 20 234
206 40 22 6
206 57 17 45
206 86 7 93
206 95 1 397
206 96 31 268
206 104 55 279
206 108 58 55
206 111 49 53
206 119 43 384
207 1 19 1
207 5 55 147
207 32 16 117
207 33 1 13
207 44 49 80
207 59 32 207
207 63 37 202
207 77 47 104
207 82 7 34
207 83 43 231
207 84 25 282
207 93 51 448
207 95 41 397
208 32 50 117
208 61 1 138
208 66 55 424
208 69 40 77
208 78 28 80
208 84 31 416
208 90 13 346
208 91 44 380
208 95 9 316
208 98 21 374
208 101 25 4
208 120 37 332
209 7 10 317
209 11 51 26
209 27 14 37
209 32 25 117
209 35 34 265
209 45 4 258
209 51 28 172
209 57 56 45
209 73 1 320
209 89 7 431
209 107 49 39
209 117 37 200
210 6 19 241
210 12 2 229
210 25 27 29
210 26 52 88
210 29 46 50
210 34 25 234
210 58 37 431
210 61 43 138
210 62 41 195
210 83 32 272
210 103 10 248
210 107 15 39
211 5 13 147
211 12 57 142
211 25 1 150
211 40 16 6
211 57 37 45
211 60 31 255
211 64 28 372
211 65 49 288
211 67 43 61
211 78 34 259
211 80 8 223
211 91 20 380
211 104 25 279
212 10 37 235
212 14 56 33
212 16 34 253
212 23 5 150
212 26 46 88
212 29 28 121
212 32 13 371
212 36 16 30
212 50 7 213
212 63 43 202
212 65 1 433
212 75 19 421
212 79 49 253
212 87 10 186
212 104 22 278
213 5 58 147
213 29 10 121
213 33 25 11
213 39 1 277
213 40 34 191
213 44 5 376
213 55 49 265
213 58 13 442
213 65 37 131
213 72 44 149
213 80 31 223
213 94 21 264
213 105 53 115
213 120 55 305
214 3 20 376
214 35 13 265
214 36 16 293
214 43 37 318
214 45 35 370
214 55 43 251
214 74 55 357
214 75 40 421
214 79 7 302
214 100 49 229
214 111 4 53
214 119 25 341
215 4 40 382
215 6 31 140
215 10 20 237
215 24 35 393
215 59 55 137
215 61 37 89
215 71 2 3
215 73 43 188
215 80 46 223
215 81 26 349
215 87 59 186
215 95 52 397
215 103 49 99
215 109 7 353
216 20 28 124
216 23 40 261
216 44 1 80
216 80 3 179
216 87 45 186
216 98 35 2
216 99 31 311
216 104 7 97
216 112 37 308
216 117 43 79
217 4 37 382
217 26 4 88
217 34 40 234
217 36 1 293
217 38 52 305
217 39 17 277
217 64 13 325
217 72 25 149
217 74 7 418
217 77 11 104
217 83 19 257
217 104 46 279
217 112 43 417
217 116 31 225
218 6 58 140
218 22 43 75
218 26 34 88
218 31 19 298
218 38 41 153
218 43 26 281
218 52 31 450
218 60 52 255
218 73 55 320
218 81 37 337
218 88 49 364
218 100 13 404
218 101 4 4
218 114 9 110
219 7 19 72
219 10 55 252
219 11 15 214
219 17 43 432
219 19 47 103
219 23 51 261
219 45 13 370
219 58 31 70
219 68 10 342
219 70 22 111
219 73 26 188
219 90 38 346
219 99 2 120
219 110 7 409
220 8 1 202
220 13 49 106
220 28 9 84
220 33 13 11
220 36 59 30
220 40 31 431
220 58 3 62
220 69 34 42
220 77 7 104
220 80 20 223
220 98 17 434
220 114 45 110
221 8 5 355
221 9 19 319
221 27 47 37
221 32 13 117
221 39 58 277
221 49 52 182
221 54 1 334
221 59 38 207
221 70 9 111
221 84 25 416
221 92 34 32
221 94 50 264
221 114 23 110
222 3 7 169
222 8 29 355
222 12 11 27
222 23 16 261
222 24 19 393
222 31 38 406
222 63 22 2
222 66 25 276
222 93 35 448
222 101 1 269
222 104 4 97
222 107 51 39
222 108 32 443
222 112 58 417
223 16 7 304
223 21 28 187
223 25 55 113
223 31 13 427
223 50 46 213
223 53 1 18
223 66 19 189
223 67 35 442
223 83 31 136
223 109 10 38
223 116 49 225
224 2 5 279
224 17 51 432
224 23 17 400
224 36 19 293
224 45 29 258
224 47 22 256
224 57 9 45
224 67 41 61
224 68 46 342
224 70 49 111
224 86 32 93
224 90 13 403
224 100 25 114
224 111 37 53
224 119 55 384
225 9 49 400
225 20 22 124
225 34 19 41
225 45 17 258
225 50 1 213
225 59 8 207
225 73 4 188
225 85 43 52
225 99 25 311
225 105 31 71
225 108 14 443
226 8 4 202
226 12 23 229
226 14 49 35
226 41 55 399
226 45 17 370
226 56 1 410
226 60 40 255
226 62 35 243
226 88 31 137
226 89 7 161
226 102 13 440
226 107 29 39
227 3 37 169
227 26 43 88
227 37 10 44
227 48 7 408
227 54 56 334
227 82 25 34
227 84 49 416
227 90 19 148
227 98 33 374
227 106 4 171
227 117 15 200
227 118 1 139
228 9 15 292
228 34 7 234
228 35 19 20
228 52 13 450
228 56 46 362
228 86 9 215
228 91 31 190
228 93 59 448
228 99 1 206
228 112 22 308
228 113 25 162
228 119 55 437
229 11 43 214
229 15 26 369
229 31 38 335
229 32 1 371
229 59 13 207
229 63 4 269
229 70 59 111
229 72 49 289
229 89 28 161
229 90 55 346
229 91 33 125
229 101 10 269
229 113 21 162
230 4 4 382
230 28 9 233
230 39 49 277
230 43 1 318
230 59 19 137
230 60 40 157
230 71 25 3
230 85 38 340
230 92 31 348
230 97 45 64
230 100 14 114
230 113 43 162
231 10 49 235
231 16 39 304
231 23 35 261
231 24 37 393
231 33 43 122
231 40 32 6
231 44 10 376
231 72 13 166
231 76 3 415
231 83 19 231
231 87 47 186
231 114 27 110
231 118 53 139
232 15 9 369
232 17 50 330
232 32 22 371
232 44 7 80
232 63 25 445
232 79 2 430
232 84 15 328
232 94 47 264
232 105 37 115
232 107 13 39
232 113 29 148
232 120 19 26
233 8 19 202
233 12 53 142
233 21 31 187
233 31 43 427
233 35 40 20
233 36 11 263
233 63 55 202
233 64 51 372
233 66 1 189
233 67 23 442
233 76 59 415
233 77 9 407
233 81 25 78
233 112 34 412
233 120 16 26
234 20 25 124
234 24 13 393
234 28 41 233
234 37 1 173
234 40 10 6
234 45 7 370
234 48 59 411
234 56 22 362
234 66 31 424
234 69 45 211
234 86 55 435
234 98 50 374
234 109 15 38
235 7 34 72
235 26 13 291
235 35 43 20
235 37 37 44
235 38 1 305
235 40 7 15
235 55 49 342
235 74 3 357
235 82 19 197
235 86 25 93
235 92 16 348
235 97 56 77
235 113 11 162
236 2 11 193
236 7 52 72
236 11 25 214
236 35 58 20
236 60 49 255
236 61 22 89
236 69 47 211
236 83 31 231
236 85 19 52
236 87 13 186
236 94 8 264
236 95 5 397
236 99 1 311
236 103 16 99
236 107 43 39
237 3 19 166
237 4 13 382
237 15 47 369
237 25 26 150
237 26 7 88
237 32 44 117
237 35 55 20
237 59 39 398
237 66 32 276
237 78 1 259
237 94 37 264
237 108 4 227
238 7 45 317
238 8 3 355
238 10 7 252
238 11 37 214
238 15 35 369
238 27 43 37
238 45 1 370
238 52 23 450
238 63 16 2
238 81 25 101
238 87 49 186
238 117 19 200
239 2 43 193
239 12 11 142
239 24 25 393
239 27 37 37
239 51 34 444
239 56 13 410
239 57 27 45
239 60 56 246
239 65 1 131
239 83 7 231
239 95 39 316
239 105 17 247
239 108 19 443
239 110 31 409
240 6 22 241
240 9 37 319
240 11 3 214
240 12 29 142
240 38 9 153
240 69 15 211
240 80 58 262
240 86 43 93
240 91 25 190
240 97 49 77
240 101 34 4
240 104 19 278
240 113 1 162
240 114 55 110
241 3 1 169
241 4 56 382
241 9 13 142
241 19 43 103
241 42 17 358
241 66 19 276
241 73 7 320
241 85 31 340
241 91 33 330
241 92 10 348
241 94 39 264
241 103 28 248
241 104 49 279
241 115 46 322
242 4 34 382
242 5 4 147
242 11 56 214
242 12 41 229
242 29 19 50
242 30 39 139
242 35 16 297
242 40 13 15
242 66 7 276
242 70 1 111
242 71 43 355
242 95 25 316
242 112 49 308
243 12 35 229
243 29 19 121
243 31 49 427
243 58 7 442
243 95 29 316
243 97 31 77
243 98 1 374
243 106 16 171
243 112 40 417
243 113 56 64
243 115 26 322
244 13 25 313
244 24 31 393
244 27 11 37
244 48 9 408
244 59 1 207
244 62 5 195
244 78 33 80
244 85 21 340
244 89 37 161
244 95 14 397
244 110 46 409
244 114 7 110
245 12 5 229
245 17 51 209
245 20 34 124
245 23 49 261
245 26 10 291
245 33 37 13
245 37 26 44
245 47 46 60
245 50 20 213
245 57 41 45
245 61 14 89
245 75 31 421
245 82 1 34
245 86 55 93
246 7 28 317
246 30 43 139
246 35 46 20
246 36 5 293
246 37 10 96
246 65 57 288
246 66 13 276
246 72 1 292
246 78 40 191
246 92 52 348
246 94 31 264
246 100 19 229
246 107 7 39
246 108 25 104
247 4 16 382
247 12 53 229
247 17 1 151
247 19 35 103
247 33 19 13
247 56 40 390
247 87 10 239
247 89 49 431
247 90 31 403
247 108 37 227
247 110 28 409
247 119 43 14
247 120 25 305
248 11 49 341
248 16 1 428
248 28 59 197
248 44 53 376
248 47 7 256
248 50 16 213
248 58 19 70
248 72 37 141
248 73 43 320
248 100 9 229
248 102 32 440
248 109 4 353
248 117 26 200
249 4 1 382
249 11 32 120
249 32 16 371
249 50 4 213
249 64 28 195
249 65 7 59
249 72 20 289
249 78 13 191
249 99 45 222
249 100 39 422
249 104 25 432
249 116 56 225
249 117 43 200
250 1 43 1
250 10 40 252
250 30 13 139
250 44 9 60
250 47 33 256
250 69 15 77
250 72 49 141
250 74 1 95
250 78 58 319
250 85 7 340
250 102 25 366
250 104 22 97
250 106 55 171
250 114 47 110
251 10 52 252
251 14 7 33
251 15 39 369
251 26 16 191
251 60 13 246
251 72 44 289
251 81 1 434
251 84 55 315
251 87 19 186
251 103 22 248
251 116 25 225
252 10 49 237
252 17 43 151
252 23 31 261
252 26 19 191
252 28 7 233
252 34 34 234
252 47 13 372
252 49 37 182
252 68 15 342
252 75 28 421
252 88 5 364
252 105 40 115
252 119 1 384
253 2 37 193
253 15 11 369
253 39 3 277
253 43 19 318
253 65 13 433
253 76 49 415
253 83 43 91
253 87 17 186
253 91 7 380
253 94 33 264
253 100 25 422
253 104 51 278
253 108 57 104
254 8 59 355
254 9 32 319
254 19 57 103
254 20 46 124
254 25 19 150
254 34 44 41
254 37 50 96
254 59 7 398
254 60 25 255
254 92 14 32
254 93 55 448
254 94 4 264
254 109 40 353
255 10 46 235
255 17 56 330
255 34 7 179
255 52 1 450
255 58 33 68
255 65 9 131
255 70 37 111
255 90 3 403
255 92 52 32
255 95 13 316
255 101 49 4
255 110 16 409
255 112 27 308
256 3 37 135
256 7 31 72
256 27 27 37
256 45 59 258
256 62 5 71
256 63 22 445
256 64 25 195
256 65 51 433
256 69 7 77
256 81 9 337
256 83 1 272
256 89 19 161
256 99 55 206
256 108 16 55
257 19 9 103
257 26 49 88
257 29 34 50
257 30 23 139
257 41 40 230
257 45 19 370
257 57 58 45
257 64 29 337
257 83 13 91
257 85 38 52
257 94 52 264
257 107 27 39
258 2 1 193
258 8 7 9
258 10 34 252
258 37 55 96
258 43 31 281
258 59 25 137
258 80 40 262
258 82 19 349
258 85 53 52
258 87 23 186
258 95 11 316
258 102 3 239
258 104 58 432
258 119 13 14
259 3 19 135
259 6 4 241
259 18 49 73
259 19 16 103
259 26 38 88
259 42 13 358
259 78 55 319
259 91 7 217
259 97 31 354
259 104 25 97
260 5 1 147
260 17 19 151
260 28 23 233
260 36 4 30
260 38 29 153
260 55 25 342
260 65 7 433
260 92 43 348
260 93 15 448
260 105 56 115
260 106 34 171
260 120 37 26
261 10 25 237
261 17 31 432
261 18 28 73
261 21 43 187
261 42 7 358
261 44 59 376
261 61 40 138
261 68 2 342
261 73 49 320
261 86 13 215
261 95 19 316
261 103 55 248
261 109 10 353
261 113 37 162
262 26 16 244
262 46 35 73
262 55 1 219
262 62 11 243
262 68 7 422
262 71 25 439
262 89 20 431
262 104 31 97
262 114 13 110
262 117 41 200
263 2 27 193
263 24 21 393
263 25 31 243
263 34 13 41
263 37 55 44
263 42 51 358
263 43 9 281
263 44 45 376
263 61 1 89
263 62 5 243
263 64 7 337
263 93 29 448
263 104 37 97
263 113 58 162
264 31 57 419
264 35 43 265
264 37 16 96
264 40 25 6
264 44 23 60
264 47 35 372
264 51 13 444
264 58 19 442
264 59 37 62
264 65 31 433
264 76 55 415
264 87 53 186
264 104 7 279
264 117 28 200
265 10 19 252
265 13 37 413
265 14 32 33
265 23 44 261
265 31 3 335
265 44 1 376
265 55 56 265
265 59 49 324
265 67 14 61
265 77 22 5
265 99 7 311
266 6 20 140
266 9 31 400
266 10 10 237
266 22 50 116
266 26 25 88
266 40 4 6
266 45 57 258
266 51 1 377
266 62 13 243
266 78 46 259
266 95 15 316
266 107 37 39
266 112 28 23
267 16 16 253
267 22 31 116
267 37 46 44
267 45 41 258
267 52 53 450
267 53 49 18
267 60 19 157
267 72 37 149
267 78 25 259
267 91 1 190
267 108 55 443
267 111 10 436
267 114 59 110
268 10 25 252
268 21 55 187
268 26 15 88
268 36 13 30
268 37 40 44
268 38 11 305
268 40 28 191
268 55 7 219
268 60 4 157
268 79 19 430
268 82 49 23
268 88 23 364
268 105 1 115
268 115 34 287
269 8 7 355
269 23 9 54
269 33 49 13
269 43 22 318
269 58 1 442
269 81 43 337
269 87 33 186
269 93 41 448
269 94 25 264
269 99 37 120
269 100 27 229
269 101 14 269
269 106 58 171
269 113 5 162
270 11 55 144
270 27 21 37
270 29 10 50
270 31 25 419
270 33 13 13
270 36 1 375
270 48 17 411
270 51 7 377
270 58 43 442
270 61 31 138
270 82 49 197
270 84 3 282
270 97 37 247
270 103 34 248
270 113 23 162
271 2 19 193
271 3 31 169
271 14 37 401
271 24 9 393
271 29 46 121
271 31 25 427
271 40 13 35
271 52 41 450
271 58 49 442
271 78 43 259
271 83 21 272
271 85 35 52
271 100 2 107
271 114 11 65
272 3 43 166
272 10 14 252
272 11 31 144
272 28 19 233
272 33 55 122
272 37 4 301
272 42 29 358
272 51 21 172
272 54 37 334
272 71 49 439
272 85 26 52
272 89 10 161
272 101 7 269
272 112 1 23
273 12 40 142
273 21 46 187
273 26 56 36
273 50 37 213
273 55 1 251
273 56 19 410
273 65 13 59
273 69 53 77
273 99 31 206
273 100 49 404
273 108 28 104
273 115 7 287
274 5 34 147
274 9 43 347
274 13 25 273
274 15 37 369
274 51 39 444
274 59 56 207
274 78 19 259
274 79 13 430
274 95 11 397
274 97 7 354
274 102 51 61
274 106 1 171
274 114 17 110
275 10 28 252
275 14 1 35
275 28 35 233
275 31 7 427
275 37 25 96
275 69 37 211
275 72 31 166
275 73 22 188
275 83 49 257
275 101 39 4
275 107 19 39
275 113 55 162
275 120 15 305
276 2 29 193
276 19 41 103
276 24 17 393
276 37 7 44
276 41 31 399
276 58 25 70
276 62 10 71
276 70 13 111
276 85 43 340
276 86 37 215
276 89 1 161
276 90 49 148
277 15 44 369
277 16 21 253
277 25 32 29
277 29 16 50
277 31 1 419
277 36 5 263
277 65 26 433
277 69 19 211
277 90 8 148
277 92 37 310
277 93 57 448
277 115 13 287
278 7 37 317
278 19 7 103
278 23 29 261
278 27 16 37
278 37 58 96
278 43 33 318
278 47 4 256
278 81 9 434
278 87 31 186
278 99 49 311
278 102 25 239
278 105 21 115
278 111 40 436
278 112 55 308
279 7 4 317
279 22 27 136
279 56 7 410
279 57 43 45
279 69 21 211
279 78 10 170
279 81 13 434
279 82 55 34
279 85 34 340
279 100 49 323
279 103 31 248
279 107 1 39
279 108 37 443
279 114 40 110
279 117 25 79
280 8 13 355
280 17 19 226
280 35 49 20
280 45 10 370
280 46 47 73
280 52 8 450
280 54 31 334
280 77 23 104
280 80 43 223
280 86 15 435
280 98 4 374
280 100 26 404
280 102 55 74
280 117 39 200
280 120 1 26
281 6 37 140
281 7 25 72
281 9 19 142
281 10 28 128
281 33 13 159
281 47 40 256
281 56 43 362
281 72 1 149
281 73 46 188
281 86 49 93
281 99 56 120
281 102 31 61
281 119 7 384
282 3 9 101
282 8 35 355
282 10 40 237
282 25 43 243
282 29 1 143
282 34 4 41
282 35 32 20
282 52 19 450
282 65 55 59
282 87 51 186
282 91 13 125
283 8 40 202
283 16 45 304
283 29 7 50
283 34 5 234
283 37 1 96
283 38 16 153
283 43 10 318
283 56 31 362
283 59 19 396
283 71 55 3
283 85 14 340
283 97 25 77
283 98 43 374
283 109 49 353
283 112 34 417
284 6 46 140
284 8 43 9
284 9 7 142
284 23 35 400
284 26 28 88
284 34 23 234
284 35 16 20
284 38 5 153
284 89 25 161
284 100 50 114
284 104 58 97
284 111 13 53
285 13 13 212
285 26 43 291
285 35 1 265
285 51 34 48
285 55 19 204
285 63 31 202
285 71 50 355
285 81 39 12
285 84 55 416
285 88 37 358
285 93 27 448
285 119 7 14
286 29 13 50
286 40 37 6
286 41 28 230
286 58 31 442
286 60 16 343
286 68 50 422
286 71 21 439
286 79 2 302
286 85 25 340
286 88 19 358
286 97 44 77
286 98 8 374
286 100 55 404
287 4 46 382
287 19 49 103
287 32 31 117
287 60 43 246
287 65 55 433
287 68 23 342
287 78 28 319
287 81 7 301
287 82 37 349
287 92 20 32
287 96 1 268
287 97 51 247
287 106 25 171
287 110 34 409
287 120 14 332
288 16 1 304
288 24 4 393
288 25 25 309
288 40 52 431
288 49 10 182
288 60 19 343
288 67 29 61
288 72 56 141
288 76 46 415
288 80 7 262
288 91 13 330
288 92 40 348
288 101 31 4
288 105 17 403
289 13 50 212
289 19 21 103
289 34 29 234
289 35 7 20
289 47 55 256
289 50 10 213
289 65 13 288
289 66 37 424
289 91 25 198
289 92 1 32
289 93 44 448
289 94 5 424
289 100 57 323
289 101 46 31
289 111 31 53
290 19 53 103
290 43 46 318
290 49 55 182
290 59 25 207
290 74 7 199
290 76 15 415
290 95 31 397
290 105 1 247
290 108 22 443
290 110 4 409
290 112 49 417
290 119 37 384
291 1 37 1
291 7 28 72
291 19 11 103
291 23 1 54
291 26 43 191
291 31 31 419
291 38 25 153
291 45 3 370
291 52 21 450
291 60 14 255
291 91 7 190
292 9 3 400
292 17 7 226
292 32 22 117
292 38 39 153
292 48 13 411
292 58 43 68
292 64 1 325
292 76 27 415
292 87 17 239
292 99 31 329
293 12 47 229
293 14 43 33
293 28 17 233
293 52 35 450
293 60 7 343
293 66 55 189
293 71 21 355
293 73 10 188
293 74 13 194
293 80 37 262
293 84 1 416
293 86 49 276
293 89 28 431
294 9 14 319
294 16 7 428
294 22 39 136
294 36 28 293
294 40 1 6
294 41 31 230
294 74 50 194
294 80 58 223
294 85 47 52
294 95 43 397
294 101 4 381
294 104 10 432
294 120 22 332
295 13 19 313
295 15 53 369
295 22 1 116
295 47 7 60
295 53 55 18
295 72 13 141
295 75 34 421
295 87 39 186
295 88 37 364
295 89 10 431
295 91 49 380
295 104 31 279
295 107 59 39
295 119 25 36
296 6 31 241
296 10 22 252
296 13 15 413
296 14 37 35
296 34 45 234
296 41 8 230
296 56 2 390
296 76 13 415
296 80 55 223
296 89 49 161
296 118 19 139
296 119 25 384
297 2 9 193
297 13 55 106
297 25 19 113
297 34 59 234
297 47 47 256
297 58 13 209
297 63 28 2
297 64 31 195
297 76 51 415
297 80 1 223
297 88 45 358
297 92 4 310
297 98 23 374
298 6 55 140
298 7 15 317
298 11 49 214
298 14 31 31
298 24 7 393
298 28 13 233
298 39 1 366
298 43 37 281
298 66 26 280
298 78 10 259
298 92 22 348
298 93 5 448
298 101 19 4
299 6 46 241
299 10 49 252
299 22 26 75
299 24 52 393
299 40 43 6
299 58 7 209
299 63 13 445
299 74 31 194
299 84 37 65
299 95 4 316
299 97 56 247
299 111 1 436
300 2 1 327
300 37 22 44
300 40 46 35
300 47 25 256
300 50 27 213
300 67 3 61
300 74 49 418
300 76 19 48
300 83 13 257
300 86 55 215
300 104 7 278
300 107 5 232
300 108 10 443
Điểm tối ưu/tốt nhất tìm được: 3898
Thời gian: 360.083230 giây
Trạng thái: VALID
