157
1 1 27 1
1 2 55 2
1 3 41 28
1 5 37 9
1 6 20 13
1 7 13 26
1 8 53 1
1 9 49 7
1 10 22 7
2 1 17 1
2 2 1 2
2 3 33 28
2 5 51 9
2 6 22 13
2 8 59 1
2 9 25 16
2 10 45 7
3 1 7 1
3 3 37 28
3 5 49 1
3 6 27 13
3 8 59 13
3 9 1 16
3 10 5 7
4 1 33 1
4 3 9 28
4 6 25 13
4 8 51 28
4 9 55 7
4 10 19 7
5 1 1 1
5 2 25 2
5 3 43 28
5 6 5 13
5 7 19 26
5 8 47 28
5 9 32 7
5 10 3 7
6 1 35 1
6 3 21 28
6 4 25 10
6 5 31 9
6 6 29 13
6 7 7 26
6 8 3 28
6 9 14 16
6 10 11 7
7 1 21 1
7 2 37 2
7 3 31 28
7 4 43 10
7 5 55 1
7 6 17 13
7 8 47 13
7 9 49 16
7 10 53 7
8 1 19 1
8 3 53 28
8 4 14 10
8 5 25 9
8 6 43 13
8 7 56 26
8 8 11 28
8 10 1 7
9 1 11 1
9 2 49 2
9 3 57 28
9 6 45 13
9 8 55 28
9 9 37 16
9 10 26 7
10 1 15 1
10 2 7 2
10 3 25 28
10 4 49 10
10 6 3 13
10 7 37 26
10 8 5 28
10 10 43 7
11 1 5 1
11 3 29 28
11 4 1 10
11 5 43 1
11 6 33 13
11 7 55 13
11 8 31 1
11 9 19 16
11 10 13 7
12 1 3 1
12 3 13 28
12 5 55 9
12 6 37 13
12 7 31 26
12 8 39 13
12 10 15 7
13 1 39 1
13 3 23 28
13 5 19 9
13 6 31 13
13 8 47 1
13 9 7 16
13 10 17 7
14 1 29 1
14 3 49 28
14 4 7 10
14 5 13 9
14 6 11 13
14 8 19 28
15 1 23 1
15 2 43 2
15 3 15 28
15 4 37 10
15 6 13 13
15 7 49 13
15 8 1 28
15 9 55 16
15 10 59 7
16 1 25 1
16 3 39 28
16 4 31 10
16 6 7 13
16 7 49 26
16 8 59 28
16 9 43 16
16 10 9 7
17 1 13 1
17 2 31 2
17 3 27 28
17 4 55 10
17 5 43 9
17 6 15 13
17 8 53 13
17 9 39 7
17 10 37 7
18 1 9 1
18 3 7 28
18 5 3 9
18 6 1 13
18 7 43 26
18 8 41 13
18 10 47 7
19 1 37 1
19 2 13 2
19 3 17 28
19 4 19 10
19 5 7 9
19 6 35 13
19 7 25 26
19 8 45 28
19 9 31 16
19 10 29 7
20 1 41 1
20 2 19 2
20 6 9 13
20 7 1 26
20 8 35 28
20 10 7 7
Điểm tối ưu/tốt nhất tìm được: 157
Thời gian: 19.978611 giây
Trạng thái: VALID
