490
1 3 39 71
1 5 14 17
1 6 19 34
1 7 25 47
1 8 55 15
1 11 46 61
1 13 49 26
1 16 37 67
1 17 1 32
1 18 31 60
1 20 10 60
2 3 43 71
2 5 23 17
2 6 25 19
2 10 7 75
2 11 19 61
2 12 32 35
2 14 1 33
2 18 13 13
2 19 52 50
2 20 37 23
3 2 32 62
3 5 19 17
3 6 49 34
3 12 56 19
3 13 38 26
3 14 43 33
3 16 1 67
3 19 46 50
3 20 4 23
4 3 44 68
4 5 25 56
4 6 49 14
4 7 19 47
4 11 16 58
4 12 55 7
4 13 22 52
4 15 1 66
4 16 7 67
4 18 39 13
4 20 10 26
5 4 21 48
5 7 13 47
5 9 52 70
5 10 25 75
5 16 19 67
5 19 31 50
5 20 1 26
6 6 7 14
6 8 50 15
6 13 28 52
6 15 31 29
6 16 25 67
6 19 19 50
6 20 46 23
7 5 29 56
7 6 7 34
7 7 37 47
7 8 34 15
7 9 55 70
7 11 22 61
7 14 40 33
7 16 51 67
7 18 25 60
7 19 4 50
8 1 25 1
8 3 1 71
8 4 55 48
8 5 10 56
8 7 28 47
8 12 37 7
8 16 41 58
8 17 31 55
8 18 13 5
8 19 7 50
8 20 19 23
9 4 50 48
9 5 1 56
9 6 37 19
9 7 43 47
9 9 25 70
9 11 16 61
9 13 58 52
9 15 31 69
9 16 11 68
9 18 19 13
9 19 4 8
9 20 28 23
10 1 28 1
10 5 16 56
10 7 1 47
10 8 37 15
10 9 9 70
10 11 13 58
10 14 52 33
10 16 5 67
10 18 31 5
10 19 40 50
10 20 25 23
11 5 25 17
11 7 40 47
11 12 50 7
11 13 43 26
11 14 16 33
11 16 58 67
11 17 19 32
11 18 2 13
11 19 10 50
11 20 7 26
12 4 7 48
12 6 25 14
12 9 41 70
12 11 44 55
12 12 49 35
12 13 1 52
12 17 56 32
12 18 33 13
12 19 13 50
12 20 4 26
13 6 19 19
13 7 55 26
13 9 43 70
13 12 14 7
13 14 34 33
13 15 50 66
13 16 5 68
13 18 45 13
13 19 58 50
13 20 37 60
14 1 4 1
14 5 7 17
14 6 13 34
14 9 35 70
14 11 31 58
14 16 29 67
14 17 19 69
14 19 10 8
14 20 56 23
15 3 19 68
15 5 27 56
15 7 58 69
15 8 7 15
15 9 45 70
15 12 13 35
15 16 39 67
15 19 55 50
16 1 16 1
16 6 37 14
16 7 55 47
16 8 46 15
16 9 1 70
16 10 26 5
16 11 49 61
16 13 4 52
16 19 34 8
16 20 13 23
17 3 56 71
17 5 33 17
17 9 14 70
17 12 7 7
17 13 49 52
17 15 43 29
17 17 25 69
17 19 1 8
18 3 1 68
18 5 17 17
18 7 10 47
18 8 40 15
18 10 49 5
18 11 7 61
18 13 34 52
18 16 23 67
18 17 13 32
19 2 55 62
19 4 13 48
19 5 27 17
19 8 31 15
19 9 50 70
19 11 40 61
19 12 8 35
19 13 46 52
19 17 2 55
19 19 52 8
19 20 43 23
20 5 34 56
20 6 37 34
20 9 4 70
20 10 49 75
20 11 31 61
20 15 25 66
20 16 21 67
20 17 43 69
20 19 16 50
20 20 1 23
21 2 43 62
21 3 13 71
21 6 1 14
21 7 7 47
21 13 40 60
21 14 37 33
21 15 19 29
21 16 10 67
21 17 25 32
21 19 34 50
21 20 31 23
22 3 20 71
22 12 55 35
22 13 37 52
22 16 27 67
22 17 8 32
22 18 43 5
22 19 16 8
22 20 40 23
23 2 7 69
23 4 1 48
23 5 46 56
23 6 55 34
23 8 43 15
23 12 25 7
23 15 39 29
23 17 31 32
23 19 49 50
23 20 52 23
24 2 37 58
24 3 55 68
24 9 11 70
24 13 16 52
24 15 31 66
24 16 43 58
24 17 19 55
24 18 26 13
24 19 45 8
24 20 13 26
25 3 31 68
25 5 29 17
25 9 23 70
25 11 52 61
25 12 19 35
25 13 55 52
25 15 43 66
25 16 15 67
25 19 37 50
26 1 46 1
26 5 37 56
26 7 58 47
26 8 1 15
26 11 4 61
26 12 31 7
26 16 56 67
26 17 49 69
26 20 16 23
27 2 1 62
27 5 41 56
27 6 31 34
27 7 55 69
27 8 10 15
27 9 47 70
27 11 7 58
27 13 43 52
27 15 13 29
27 18 49 60
27 20 22 23
28 1 1 1
28 5 43 56
28 6 49 19
28 7 58 26
28 13 40 52
28 14 46 33
28 16 35 68
28 20 7 60
29 2 19 58
29 3 25 71
29 6 55 14
29 7 46 26
29 11 4 58
29 13 13 52
29 15 8 29
29 16 41 68
29 19 49 8
30 1 34 1
30 2 25 62
30 3 14 68
30 7 52 26
30 11 1 58
30 12 43 7
30 13 7 52
30 14 10 33
30 15 55 66
30 17 37 32
31 2 45 58
31 5 49 56
31 9 29 70
31 11 58 61
31 12 37 35
31 13 31 52
31 14 19 33
31 16 43 67
32 5 46 17
32 8 58 15
32 9 27 70
32 13 10 52
32 16 53 67
32 17 37 55
32 18 49 13
32 19 31 8
32 20 22 60
33 6 13 19
33 9 17 70
33 10 57 5
33 11 37 61
33 13 25 52
33 14 28 33
33 16 49 67
33 17 43 32
33 19 20 8
33 20 34 58
34 3 7 71
34 4 37 48
34 10 31 75
34 11 13 61
34 13 28 26
34 14 4 33
34 16 23 58
34 18 19 5
34 19 25 50
34 20 16 26
35 1 10 1
35 5 22 56
35 9 33 70
35 10 38 5
35 12 1 35
35 13 19 60
35 15 13 66
35 16 59 68
35 19 43 50
35 20 7 23
36 2 7 62
36 3 37 68
36 4 25 48
36 5 21 17
36 6 1 19
36 9 19 70
36 10 13 75
36 11 55 55
36 12 43 19
36 13 34 26
36 16 17 67
36 17 49 32
37 1 55 1
37 4 33 48
37 5 31 56
37 11 25 58
37 12 20 7
37 13 16 60
37 15 49 29
37 17 7 55
37 18 2 5
37 19 13 8
38 1 31 1
38 2 37 62
38 5 5 17
38 6 19 14
38 7 50 47
38 9 58 70
38 10 43 75
38 11 55 61
38 12 27 35
38 13 13 60
38 15 1 29
38 16 34 67
38 18 8 5
39 1 40 1
39 2 15 62
39 3 49 68
39 4 43 48
39 6 7 19
39 7 31 47
39 8 28 15
39 9 21 70
39 13 25 26
39 16 13 67
39 17 1 69
40 1 49 1
40 3 7 68
40 5 53 56
40 7 46 47
40 8 20 15
40 10 38 75
40 11 26 61
40 13 2 60
40 15 13 69
40 16 23 68
40 18 56 13
41 1 43 1
41 3 50 71
41 5 20 56
41 6 31 19
41 7 22 26
41 8 25 15
41 9 7 70
41 15 37 66
41 16 41 67
41 18 55 60
41 19 28 8
41 20 10 23
42 1 52 1
42 5 31 17
42 6 14 14
42 10 1 75
42 14 57 33
42 15 19 66
42 16 29 68
42 17 37 69
42 18 44 60
42 19 25 8
42 20 34 23
43 1 19 1
43 3 25 68
43 5 51 56
43 7 16 47
43 9 31 70
43 14 22 33
43 16 3 67
43 19 38 8
43 20 10 58
44 1 58 1
44 5 3 17
44 6 31 14
44 7 22 47
44 14 25 33
44 15 7 66
44 17 49 55
44 19 55 8
44 20 28 58
45 2 55 58
45 5 1 17
45 6 43 14
45 7 34 47
45 8 4 15
45 10 19 75
45 13 52 52
45 14 49 33
45 17 14 55
45 19 7 8
46 1 13 1
46 5 39 56
46 6 43 34
46 7 19 26
46 11 58 55
46 12 1 7
46 16 31 67
46 19 22 50
47 1 7 1
47 2 49 58
47 5 13 56
47 6 1 34
47 9 37 70
47 11 34 61
47 12 43 35
47 14 31 33
47 15 25 29
47 19 58 8
48 1 37 1
48 5 10 17
48 7 4 47
48 11 43 61
48 13 31 26
48 14 7 33
48 16 46 67
48 19 28 50
49 1 22 1
49 2 49 62
49 3 31 71
49 5 4 56
49 6 25 34
49 8 14 15
49 10 56 75
49 11 1 61
49 13 19 52
49 16 53 68
49 18 7 13
50 2 19 62
50 5 7 56
50 9 39 70
50 11 10 61
50 14 13 33
50 15 56 29
50 17 25 55
50 19 1 50
50 20 49 23
Điểm tối ưu/tốt nhất tìm được: 490
Thời gian: 90.024140 giây
Trạng thái: VALID
