4008
1 2 28 78
1 14 49 352
1 24 22 350
1 30 9 82
1 32 7 391
1 34 37 258
1 36 43 400
1 50 13 272
1 53 39 133
1 58 47 280
1 85 25 278
1 86 31 185
1 105 1 267
2 13 37 292
2 15 13 340
2 24 15 350
2 34 19 258
2 50 7 300
2 53 22 133
2 59 28 214
2 61 52 126
2 74 1 402
2 80 55 412
2 107 4 342
2 115 11 315
2 116 31 198
2 117 25 223
3 1 25 253
3 15 19 340
3 74 31 218
3 75 1 235
3 77 7 283
3 83 13 389
3 84 29 244
3 88 11 293
3 93 4 77
3 95 22 187
3 100 46 395
3 110 38 439
3 118 16 285
4 2 16 13
4 15 47 340
4 17 1 174
4 29 19 4
4 38 22 399
4 45 10 14
4 51 25 58
4 59 4 214
4 70 13 251
4 74 7 218
4 94 55 336
4 116 49 406
5 30 1 172
5 37 28 304
5 47 50 277
5 54 22 299
5 58 59 280
5 59 19 282
5 63 13 132
5 82 37 361
5 88 26 226
5 96 17 373
5 99 31 127
5 101 11 66
5 108 56 237
5 116 7 370
6 4 55 35
6 10 34 125
6 23 7 89
6 35 37 343
6 38 25 359
6 55 10 447
6 56 49 426
6 67 13 345
6 80 22 37
6 87 40 17
6 88 17 293
6 89 28 149
6 90 44 117
6 104 31 51
6 116 1 406
7 1 4 253
7 31 46 46
7 38 52 175
7 40 16 180
7 41 37 6
7 52 22 134
7 61 50 126
7 63 7 94
7 79 57 72
7 103 19 1
7 104 13 9
7 105 32 421
7 110 1 439
7 119 26 116
8 20 13 398
8 39 28 181
8 54 25 299
8 66 46 43
8 69 43 339
8 73 3 7
8 78 56 307
8 84 1 39
8 85 16 92
8 90 7 107
8 99 19 97
8 106 31 74
8 117 34 375
9 3 51 260
9 8 28 286
9 15 57 340
9 16 7 201
9 18 37 414
9 28 25 79
9 51 32 58
9 65 44 250
9 70 3 242
9 75 19 225
9 84 1 244
9 85 14 52
9 108 22 237
9 113 34 16
10 9 23 424
10 35 55 343
10 36 49 81
10 37 11 304
10 45 25 14
10 46 43 163
10 47 13 277
10 63 7 151
10 76 1 422
10 93 46 139
10 109 37 115
10 114 35 308
10 116 19 406
10 120 31 431
11 14 34 352
11 23 43 220
11 26 25 441
11 30 55 82
11 56 13 448
11 73 37 311
11 75 22 235
11 83 1 347
11 90 49 401
11 93 7 139
11 96 3 112
11 100 40 393
11 104 46 51
11 106 10 247
11 108 19 237
12 8 13 314
12 10 40 33
12 15 21 340
12 17 46 174
12 31 49 46
12 35 1 245
12 37 16 304
12 57 53 215
12 67 31 204
12 78 7 31
12 93 56 139
12 117 4 223
13 1 51 253
13 12 1 104
13 17 34 351
13 18 13 108
13 37 5 304
13 45 25 426
13 62 7 275
13 73 31 311
13 79 19 410
13 87 28 85
13 88 3 226
13 103 10 1
14 29 10 388
14 74 58 402
14 76 1 179
14 78 37 162
14 81 19 106
14 83 55 87
14 84 51 244
14 91 45 87
14 99 13 209
14 102 47 255
14 104 7 271
14 112 25 64
15 30 31 224
15 33 25 95
15 37 53 7
15 39 1 181
15 43 13 291
15 45 46 426
15 62 40 275
15 67 55 99
15 83 11 389
15 84 4 244
15 99 49 209
15 116 7 406
15 117 37 95
16 8 1 314
16 23 4 265
16 34 49 258
16 36 38 202
16 44 7 100
16 48 51 210
16 52 34 134
16 54 25 326
16 72 43 295
16 73 19 156
16 76 45 359
16 82 13 166
16 91 11 374
16 96 17 3
16 101 58 66
17 2 31 450
17 6 38 411
17 11 4 188
17 12 7 104
17 20 19 263
17 30 55 52
17 48 1 210
17 52 43 134
17 79 15 358
17 84 47 244
17 85 10 92
17 86 49 185
17 100 34 393
17 106 22 167
18 11 55 188
18 23 13 265
18 24 4 350
18 28 19 79
18 34 39 258
18 51 23 58
18 53 1 423
18 63 31 94
18 64 25 148
18 83 35 389
18 97 7 205
18 106 28 167
18 109 49 436
19 12 11 381
19 14 28 316
19 24 20 38
19 30 37 30
19 42 3 373
19 53 15 423
19 55 34 331
19 58 13 280
19 86 46 19
19 91 1 374
19 96 55 112
19 99 7 438
19 111 57 420
20 14 22 396
20 23 1 265
20 38 19 399
20 43 31 291
20 52 16 134
20 53 46 423
20 59 52 282
20 60 7 29
20 62 40 190
20 74 28 402
20 79 11 358
20 107 43 342
20 110 13 103
20 113 4 16
21 14 52 352
21 21 55 118
21 27 25 324
21 34 28 236
21 35 22 125
21 57 15 215
21 59 46 282
21 61 13 246
21 63 3 281
21 64 49 148
21 114 1 308
22 16 37 5
22 34 51 258
22 50 25 300
22 56 55 435
22 61 1 246
22 67 3 243
22 69 10 178
22 70 7 433
22 87 31 17
22 113 19 270
22 114 17 308
22 116 13 198
23 2 7 333
23 12 17 381
23 27 10 324
23 36 25 111
23 38 57 359
23 52 19 134
23 57 43 215
23 67 1 121
23 76 37 165
23 90 31 117
23 107 14 342
23 112 50 320
23 120 22 431
24 1 43 253
24 9 1 27
24 19 13 353
24 20 37 263
24 44 31 100
24 45 7 426
24 48 35 210
24 58 15 280
24 67 19 345
24 69 52 178
24 76 25 422
24 96 5 112
24 101 3 66
25 8 28 314
25 17 49 351
25 26 3 122
25 34 33 258
25 40 16 138
25 67 7 243
25 72 1 295
25 73 22 7
25 76 55 165
25 86 43 19
25 89 19 442
25 103 25 1
25 104 39 271
26 1 33 253
26 18 13 386
26 32 45 191
26 33 49 91
26 36 1 81
26 52 7 134
26 72 31 295
26 73 10 7
26 79 17 358
26 83 58 347
26 97 19 289
26 100 28 395
26 119 37 116
27 6 7 411
27 10 11 33
27 26 55 109
27 29 15 68
27 32 13 191
27 46 1 163
27 58 5 280
27 60 43 350
27 62 25 190
27 75 31 367
27 86 28 19
27 94 19 336
27 96 53 112
27 97 49 276
28 5 10 119
28 30 37 224
28 33 43 95
28 39 28 264
28 50 13 300
28 53 25 133
28 56 31 272
28 61 47 246
28 69 56 178
28 90 49 296
28 100 4 407
28 110 1 103
28 113 22 270
28 118 7 285
29 1 4 375
29 5 25 26
29 8 16 286
29 20 1 263
29 28 52 79
29 56 7 272
29 63 32 132
29 67 19 99
29 69 37 239
29 73 13 311
29 93 58 77
29 96 27 112
29 117 55 223
30 10 14 33
30 18 49 39
30 30 43 172
30 43 7 169
30 61 31 246
30 62 37 275
30 79 47 72
30 84 4 39
30 94 25 336
30 111 19 441
30 115 2 56
30 118 33 285
30 119 17 383
31 1 7 253
31 18 9 39
31 35 43 125
31 41 25 6
31 48 46 210
31 51 37 58
31 57 3 215
31 70 57 433
31 76 49 326
31 86 34 185
31 91 1 87
31 102 29 255
31 107 22 342
31 113 31 16
32 12 13 104
32 17 52 174
32 34 15 236
32 49 19 233
32 62 10 275
32 64 37 148
32 66 25 196
32 93 46 77
32 95 7 143
32 96 33 112
32 116 1 370
32 119 5 383
32 120 40 431
33 24 40 380
33 36 2 400
33 41 7 252
33 53 19 423
33 58 11 337
33 75 37 367
33 81 55 248
33 82 13 361
33 83 17 169
33 89 46 149
33 93 25 77
33 104 43 271
33 114 21 308
33 117 31 95
34 25 5 207
34 29 40 131
34 46 25 12
34 61 35 126
34 78 31 307
34 79 29 358
34 80 43 412
34 82 1 361
34 86 22 185
34 88 53 226
34 96 49 3
34 100 10 393
34 106 46 186
34 114 13 308
35 12 7 301
35 24 34 350
35 35 4 343
35 39 1 264
35 41 13 252
35 49 37 233
35 79 43 72
35 89 49 149
35 95 55 143
35 101 53 66
35 108 45 237
36 6 38 445
36 8 16 314
36 10 1 309
36 30 43 82
36 32 35 391
36 34 10 22
36 37 47 242
36 43 19 72
36 47 49 290
36 49 25 153
36 59 58 214
36 99 31 209
36 104 7 9
36 106 55 247
36 115 3 315
37 5 31 26
37 8 25 286
37 11 16 188
37 14 7 396
37 21 4 371
37 40 43 138
37 47 55 277
37 50 19 158
37 59 13 214
37 76 49 70
37 88 41 226
37 100 10 407
37 102 1 255
37 112 37 64
37 113 28 16
38 11 1 188
38 12 31 381
38 17 22 174
38 19 17 353
38 32 7 191
38 34 47 258
38 45 4 120
38 75 9 235
38 89 28 442
38 97 13 219
38 100 25 395
38 106 37 186
38 108 19 259
38 111 33 420
39 5 7 26
39 21 10 371
39 22 55 415
39 36 37 321
39 44 25 273
39 46 46 163
39 50 49 158
39 53 43 423
39 67 1 99
39 72 29 429
39 75 34 235
39 85 31 52
39 101 19 66
39 113 16 270
39 119 5 116
40 2 44 333
40 16 33 408
40 20 7 398
40 23 49 265
40 27 55 355
40 35 10 125
40 46 52 163
40 76 20 70
40 78 1 162
40 93 28 77
40 94 37 336
40 95 16 143
40 115 31 56
41 10 29 33
41 29 1 4
41 35 16 343
41 40 13 138
41 48 4 44
41 49 56 233
41 70 9 242
41 86 34 19
41 94 37 170
41 101 7 66
41 104 22 9
41 116 25 406
42 12 11 301
42 13 52 292
42 19 5 249
42 26 56 122
42 30 1 379
42 44 13 137
42 75 19 367
42 99 7 349
42 103 34 1
42 105 25 421
42 108 44 259
43 5 45 26
43 19 47 249
43 28 40 79
43 32 9 191
43 36 20 111
43 54 4 152
43 66 15 43
43 75 25 367
43 76 32 422
43 83 56 389
43 84 7 244
43 92 13 228
43 100 49 395
44 2 4 13
44 4 25 20
44 6 56 445
44 17 31 351
44 29 10 4
44 38 34 399
44 45 1 120
44 53 47 133
44 58 37 280
44 67 39 243
44 69 14 339
44 75 22 225
44 88 7 226
44 116 50 198
45 4 49 35
45 5 47 26
45 16 13 201
45 24 40 350
45 33 43 425
45 35 1 125
45 40 37 138
45 50 7 366
45 62 4 42
45 67 31 243
45 71 55 284
45 75 28 8
45 82 19 449
45 120 25 428
46 1 37 253
46 2 46 78
46 3 1 75
46 10 57 33
46 12 17 104
46 32 39 391
46 36 13 111
46 51 51 58
46 61 4 246
46 72 31 429
46 93 34 139
46 94 25 144
46 95 19 187
46 101 55 66
46 120 8 431
47 10 1 33
47 20 28 263
47 33 39 425
47 34 57 258
47 61 7 246
47 69 19 339
47 75 34 367
47 79 13 410
47 96 15 3
47 104 25 271
47 107 10 342
47 110 31 439
47 114 3 308
47 118 46 427
48 5 5 26
48 11 7 188
48 24 10 350
48 27 55 324
48 32 3 391
48 43 19 169
48 51 29 58
48 56 31 448
48 61 46 126
48 70 26 251
48 77 49 2
48 90 13 395
48 107 58 342
48 117 38 223
48 119 43 116
49 7 19 93
49 9 41 27
49 17 37 174
49 23 28 89
49 24 10 380
49 29 7 388
49 32 49 391
49 43 44 169
49 63 14 94
49 72 23 295
49 82 2 166
49 106 51 74
49 107 25 342
49 109 32 115
50 6 14 411
50 10 37 33
50 21 49 118
50 33 19 425
50 36 7 81
50 40 43 180
50 61 41 246
50 80 28 37
50 84 1 243
50 85 4 278
50 92 39 276
50 106 25 74
50 107 34 342
50 119 46 383
51 1 28 253
51 26 31 122
51 50 7 288
51 54 51 299
51 58 19 280
51 59 25 282
51 63 43 281
51 66 4 43
51 71 13 297
51 87 1 85
51 93 22 139
51 99 37 349
51 114 49 308
51 119 56 383
52 5 11 26
52 9 58 27
52 12 1 381
52 17 16 174
52 25 23 372
52 47 7 277
52 68 43 440
52 75 49 367
52 76 31 70
52 82 19 166
52 85 25 92
52 90 37 107
52 103 4 1
52 118 52 285
53 1 1 49
53 5 3 26
53 8 10 314
53 17 40 174
53 24 55 380
53 28 7 79
53 35 45 343
53 55 37 418
53 77 49 283
53 81 31 248
53 90 19 401
53 95 58 143
53 97 25 289
53 99 13 127
54 1 3 49
54 20 10 263
54 35 52 343
54 46 19 12
54 61 55 246
54 75 46 235
54 79 33 358
54 80 58 412
54 96 7 3
54 98 39 348
54 110 43 439
54 117 13 128
55 1 35 253
55 4 43 20
55 15 5 340
55 38 13 399
55 54 1 326
55 60 31 29
55 80 25 37
55 82 38 449
55 90 50 107
55 108 28 237
55 111 7 441
55 113 16 16
55 116 19 370
55 120 55 431
56 9 39 27
56 27 1 324
56 34 31 258
56 51 27 58
56 56 57 182
56 61 51 246
56 73 16 7
56 79 49 358
56 88 55 226
56 102 13 255
56 112 19 320
56 116 43 406
57 1 45 253
57 2 22 78
57 17 52 351
57 23 13 220
57 32 11 191
57 43 7 291
57 52 25 134
57 56 31 426
57 75 19 235
57 80 4 96
57 85 58 278
57 91 16 374
57 96 37 3
58 19 17 249
58 25 23 108
58 40 10 180
58 51 4 58
58 61 13 126
58 65 19 98
58 72 15 429
58 76 44 311
58 83 1 389
58 95 25 187
58 100 7 395
59 8 7 286
59 27 31 324
59 29 4 131
59 35 34 343
59 38 1 420
59 44 13 354
59 58 39 280
59 59 22 214
59 63 25 94
59 72 19 429
59 89 46 442
59 93 43 139
59 108 10 259
59 114 37 308
60 3 1 260
60 9 17 424
60 27 8 355
60 33 13 425
60 38 37 359
60 45 20 14
60 55 25 331
60 89 4 442
60 104 28 51
60 110 40 103
60 114 11 152
61 9 23 27
61 12 28 301
61 23 10 89
61 27 40 355
61 35 4 245
61 40 34 180
61 69 1 339
61 77 55 2
61 80 20 412
61 92 13 276
61 98 26 348
61 106 31 167
61 111 15 40
61 113 7 16
62 3 37 75
62 5 19 26
62 17 4 351
62 18 9 108
62 24 16 38
62 58 21 337
62 76 49 165
62 79 2 410
62 90 43 401
62 102 7 255
62 107 28 342
62 111 56 34
62 113 13 16
63 18 55 386
63 21 32 118
63 29 19 68
63 43 37 72
63 45 22 426
63 54 43 152
63 67 49 121
63 86 1 185
63 87 7 17
63 98 15 348
63 105 26 267
63 114 4 316
64 5 33 26
64 18 50 414
64 45 57 14
64 50 1 288
64 70 10 47
64 87 43 17
64 91 40 87
64 97 19 219
64 99 25 76
64 100 37 395
64 103 16 1
65 2 22 13
65 10 46 125
65 13 25 292
65 16 56 408
65 31 13 46
65 39 16 264
65 43 27 291
65 47 7 290
65 75 4 367
65 78 31 162
65 86 19 19
65 109 50 115
65 117 1 223
66 15 27 340
66 23 40 265
66 25 1 372
66 36 51 202
66 45 3 426
66 61 49 246
66 76 9 165
66 83 23 169
66 87 43 85
66 88 15 226
66 93 31 77
66 114 7 308
66 117 37 17
67 5 57 26
67 25 47 108
67 51 34 58
67 55 1 447
67 64 7 148
67 76 43 70
67 79 17 410
67 81 13 248
67 83 31 389
67 89 25 442
67 100 20 393
67 108 10 237
68 2 19 78
68 7 49 93
68 47 13 290
68 48 53 411
68 67 37 121
68 80 4 37
68 81 44 106
68 82 7 449
68 87 22 85
68 96 11 112
68 104 28 9
68 108 1 237
68 110 32 103
68 118 55 427
69 20 4 398
69 21 22 69
69 22 43 415
69 29 19 388
69 41 37 147
69 58 51 280
69 69 1 239
69 74 55 402
69 78 13 394
69 91 27 374
69 101 9 66
69 107 31 342
69 115 17 56
70 8 37 286
70 15 51 340
70 16 1 408
70 21 13 69
70 37 59 304
70 46 40 163
70 65 8 63
70 69 28 178
70 70 16 242
70 72 33 295
70 73 25 156
70 74 22 218
70 111 55 119
70 119 19 383
71 2 8 450
71 9 49 27
71 25 41 372
71 33 56 91
71 43 19 291
71 53 11 423
71 71 37 297
71 94 13 336
71 101 5 66
71 109 1 115
71 114 52 308
71 117 31 128
71 118 26 427
71 119 17 116
72 1 49 253
72 10 21 33
72 15 23 340
72 16 43 262
72 17 28 351
72 27 7 324
72 34 5 258
72 43 13 230
72 80 39 96
72 88 37 226
72 89 32 442
72 99 1 97
72 106 51 247
72 115 59 56
73 2 28 450
73 8 39 314
73 10 23 33
73 20 25 398
73 25 37 372
73 31 7 46
73 44 49 100
73 46 19 163
73 61 10 126
73 77 13 283
73 91 43 87
73 100 4 395
73 106 1 247
73 116 32 406
74 18 19 414
74 26 49 109
74 29 25 131
74 40 13 180
74 74 28 177
74 75 43 235
74 81 7 248
74 83 33 389
74 90 2 117
74 96 31 112
74 119 57 116
75 3 46 75
75 14 43 223
75 25 11 372
75 26 31 109
75 43 25 230
75 44 37 354
75 51 53 58
75 54 16 326
75 59 7 282
75 67 1 345
75 90 21 107
75 93 13 77
75 105 49 192
75 118 56 285
76 5 39 70
76 6 57 123
76 17 10 174
76 27 46 355
76 33 31 256
76 58 17 280
76 65 50 98
76 69 20 178
76 75 4 235
76 80 1 225
76 90 13 117
76 94 26 170
76 96 44 112
76 104 7 385
77 8 4 413
77 13 45 292
77 18 19 227
77 34 23 236
77 45 1 14
77 49 7 233
77 61 53 246
77 76 31 179
77 93 16 139
77 98 55 348
77 100 13 393
77 111 25 40
78 5 35 26
78 6 25 30
78 10 43 33
78 29 4 388
78 31 52 46
78 44 13 273
78 62 58 190
78 69 46 178
78 71 19 297
78 85 1 278
78 106 31 186
79 2 4 203
79 12 17 301
79 23 52 220
79 27 43 324
79 37 25 424
79 54 1 152
79 58 27 280
79 59 55 282
79 69 7 239
79 74 10 396
79 76 19 422
79 80 31 412
79 83 37 87
79 116 13 406
80 12 27 146
80 23 58 265
80 27 13 355
80 29 7 4
80 36 31 202
80 45 43 426
80 48 29 411
80 50 1 158
80 65 19 159
80 69 38 178
80 93 10 77
80 104 16 51
80 114 5 308
81 17 46 351
81 34 11 433
81 37 34 242
81 39 16 181
81 47 37 290
81 70 49 251
81 73 55 156
81 76 25 70
81 77 7 2
81 83 23 389
81 88 43 226
81 91 21 87
81 93 1 77
81 113 13 270
82 3 52 75
82 17 22 351
82 24 34 380
82 28 1 79
82 30 14 82
82 34 41 258
82 36 8 202
82 42 43 373
82 46 49 12
82 49 25 233
82 51 47 58
82 52 37 134
82 59 31 214
83 18 37 227
83 28 34 79
83 29 13 388
83 35 22 343
83 41 55 6
83 69 7 178
83 83 19 389
83 84 41 244
83 91 29 374
83 92 26 276
83 100 10 395
83 101 43 66
83 108 4 259
84 8 7 314
84 9 21 27
84 14 57 316
84 16 26 5
84 19 31 249
84 23 52 265
84 29 1 68
84 46 13 163
84 48 40 210
84 62 4 190
84 74 10 218
84 104 16 9
84 110 37 103
84 115 50 56
84 116 33 370
85 17 57 351
85 24 10 38
85 29 52 388
85 33 25 425
85 50 31 366
85 51 4 10
85 76 37 422
85 78 21 394
85 97 13 289
85 98 8 348
85 100 1 393
85 105 43 267
85 113 49 16
86 2 19 13
86 23 56 220
86 38 1 399
86 61 23 126
86 67 49 345
86 69 4 239
86 72 9 295
86 79 13 358
86 100 43 393
86 103 40 1
86 106 34 247
86 111 15 119
86 117 46 128
87 6 3 411
87 18 13 227
87 38 46 399
87 39 52 181
87 41 55 147
87 48 59 210
87 49 31 153
87 53 35 423
87 55 43 418
87 61 19 126
87 63 21 94
87 80 28 96
87 91 9 374
87 105 37 267
87 108 25 259
88 2 16 366
88 20 13 263
88 23 31 220
88 40 10 138
88 59 19 214
88 76 55 311
88 86 25 185
88 92 23 276
88 97 1 205
88 99 43 209
88 104 34 9
88 111 49 40
89 1 1 236
89 13 23 292
89 22 7 415
89 26 49 441
89 48 57 210
89 55 43 331
89 80 34 412
89 88 3 293
89 94 14 405
89 97 19 205
89 102 59 255
89 109 25 115
89 114 39 308
89 118 31 427
90 9 29 27
90 12 27 104
90 15 25 340
90 20 1 398
90 35 58 343
90 46 10 12
90 51 13 58
90 61 20 246
90 66 22 43
90 67 43 99
90 84 49 244
90 92 7 228
90 106 15 247
90 113 4 270
90 119 31 383
91 3 28 75
91 9 19 424
91 38 13 61
91 41 1 6
91 53 26 423
91 62 16 275
91 64 40 148
91 73 34 7
91 88 5 293
91 89 31 149
91 90 43 194
91 93 22 77
91 94 8 405
92 8 34 314
92 11 37 188
92 12 5 301
92 15 40 340
92 16 7 5
92 40 46 138
92 41 19 147
92 61 3 126
92 65 25 250
92 73 31 7
92 86 13 19
92 92 16 276
92 96 1 112
92 99 49 349
93 4 25 35
93 13 29 292
93 14 13 316
93 22 1 415
93 25 5 372
93 34 10 258
93 37 19 304
93 38 16 420
93 60 56 29
93 89 7 442
93 93 49 77
93 105 43 192
93 108 22 259
93 115 52 56
94 17 49 174
94 49 55 195
94 50 3 272
94 53 7 133
94 68 32 440
94 73 22 311
94 74 25 218
94 85 52 52
94 87 16 17
94 101 1 83
94 102 39 255
94 104 10 51
94 105 43 421
95 4 31 20
95 6 7 123
95 9 25 27
95 10 13 309
95 20 46 263
95 27 27 355
95 33 2 256
95 46 22 12
95 61 15 246
95 99 37 209
95 104 19 271
95 114 57 308
96 6 7 30
96 8 43 413
96 23 4 220
96 40 1 138
96 46 58 12
96 49 31 195
96 65 19 250
96 72 27 295
96 79 17 72
96 89 13 149
96 93 37 139
96 96 47 3
96 106 40 74
96 117 49 223
97 13 17 292
97 17 19 351
97 33 13 256
97 38 43 61
97 49 37 153
97 50 32 300
97 72 25 295
97 74 50 402
97 75 22 367
97 96 10 3
97 98 2 348
97 106 46 167
97 111 27 420
97 117 4 128
97 120 7 428
98 6 25 411
98 11 46 188
98 22 31 415
98 23 43 89
98 38 7 61
98 51 5 173
98 62 52 275
98 63 37 281
98 80 58 96
98 90 19 194
98 99 1 349
98 108 13 259
99 3 25 75
99 6 31 411
99 8 1 413
99 21 58 118
99 34 21 258
99 36 13 202
99 63 37 94
99 85 10 278
99 95 28 143
99 100 46 393
99 101 51 66
99 104 43 9
99 118 4 427
100 2 1 21
100 14 43 316
100 18 31 108
100 25 5 108
100 39 9 181
100 48 23 210
100 61 35 246
100 62 16 190
100 70 25 242
100 73 28 7
100 92 21 276
100 102 53 255
100 117 37 128
100 118 13 427
101 2 19 450
101 7 37 93
101 16 57 262
101 23 27 265
101 30 31 172
101 33 1 425
101 45 14 14
101 48 55 210
101 56 7 88
101 61 25 246
101 72 11 429
101 109 43 115
101 117 22 223
101 118 52 427
102 14 8 338
102 18 43 227
102 30 19 224
102 39 4 78
102 44 55 100
102 45 37 14
102 48 33 210
102 65 13 98
102 71 49 284
102 89 1 442
102 101 31 66
102 102 41 255
102 114 27 308
103 10 33 33
103 20 16 263
103 40 46 180
103 56 49 435
103 59 25 214
103 83 43 389
103 84 22 244
103 85 4 52
103 87 40 85
103 94 56 405
103 118 10 285
104 1 59 253
104 30 37 172
104 41 8 6
104 46 31 12
104 54 4 299
104 63 43 94
104 65 55 98
104 82 25 449
104 87 16 85
104 108 52 259
104 110 19 103
104 113 1 16
104 114 29 308
105 3 55 75
105 17 7 174
105 39 4 181
105 48 35 411
105 53 33 423
105 58 49 280
105 84 10 244
105 91 25 374
105 103 52 1
105 106 1 74
106 5 37 26
106 20 16 398
106 37 39 304
106 43 51 230
106 45 19 120
106 51 5 306
106 82 31 449
106 83 9 389
106 88 7 293
106 97 1 362
106 102 35 255
106 110 28 439
107 2 25 21
107 7 43 93
107 20 51 263
107 33 19 91
107 37 1 7
107 45 28 14
107 46 4 12
107 81 31 106
107 82 7 166
107 93 55 77
107 97 13 362
107 98 49 348
107 100 58 393
107 106 37 167
108 4 13 20
108 14 43 352
108 24 28 380
108 28 10 79
108 35 1 343
108 57 31 215
108 63 51 281
108 74 4 402
108 82 55 449
108 83 49 389
108 85 34 52
108 87 37 85
108 118 19 427
109 13 32 292
109 18 43 414
109 19 41 249
109 32 13 391
109 44 27 312
109 58 3 280
109 73 7 311
109 83 53 389
109 92 25 135
109 104 19 51
110 8 34 413
110 34 17 168
110 47 25 277
110 51 44 58
110 53 31 423
110 61 21 126
110 65 39 250
110 66 13 212
110 86 10 19
110 92 37 276
110 104 49 9
110 107 1 342
110 110 4 439
110 114 7 316
111 5 15 26
111 30 32 82
111 36 43 202
111 37 17 41
111 38 10 359
111 44 2 273
111 56 37 272
111 62 7 190
111 63 55 281
111 75 52 235
111 113 19 16
111 119 13 116
112 19 5 353
112 37 37 304
112 38 52 359
112 53 7 423
112 57 45 215
112 58 56 280
112 59 1 214
112 62 49 275
112 63 13 151
112 65 25 98
112 69 22 339
112 90 9 296
112 95 31 143
112 96 41 112
112 120 34 431
113 5 5 365
113 9 51 27
113 44 37 100
113 45 32 14
113 52 58 134
113 57 49 215
113 69 7 339
113 83 47 60
113 85 10 52
113 86 43 185
113 96 13 112
113 108 16 259
113 115 22 56
113 120 2 428
114 27 16 355
114 36 44 81
114 38 13 359
114 44 1 100
114 45 10 426
114 51 21 58
114 57 40 215
114 74 7 40
114 85 37 92
114 93 28 139
114 94 49 405
114 109 31 436
114 111 55 101
115 6 31 30
115 14 19 352
115 20 22 398
115 27 49 355
115 29 38 388
115 42 8 373
115 50 43 366
115 59 13 282
115 71 1 284
115 75 55 235
115 77 25 2
115 104 52 9
115 110 16 439
116 19 7 353
116 26 51 122
116 45 16 426
116 48 49 210
116 56 26 182
116 59 34 282
116 70 10 251
116 74 40 218
116 79 1 72
116 83 3 389
116 85 37 278
116 92 57 276
116 103 43 1
116 104 22 51
117 12 31 146
117 13 41 292
117 24 7 380
117 25 25 372
117 32 27 391
117 34 44 258
117 43 37 230
117 48 23 411
117 53 29 423
117 67 1 204
117 69 15 239
117 79 5 72
117 82 19 361
117 88 13 226
117 89 10 442
118 13 43 292
118 44 1 312
118 45 40 14
118 61 37 126
118 64 10 148
118 65 45 273
118 72 5 429
118 74 13 218
118 79 49 72
118 80 7 37
118 87 31 85
118 114 16 316
118 117 19 223
118 119 22 383
119 24 13 380
119 33 1 91
119 44 8 273
119 45 28 426
119 50 49 366
119 54 22 326
119 57 59 215
119 69 34 178
119 74 37 218
119 100 43 395
119 104 31 9
119 107 40 342
119 110 16 103
120 17 25 174
120 21 13 118
120 25 33 372
120 30 7 379
120 37 31 424
120 41 49 147
120 57 55 215
120 65 57 36
120 69 28 339
120 70 37 251
120 94 1 405
120 109 20 436
120 116 44 370
120 119 11 383
121 10 17 125
121 11 49 188
121 14 10 352
121 30 19 379
121 31 43 46
121 35 7 245
121 41 31 252
121 59 40 282
121 81 25 106
121 96 2 3
121 98 4 348
121 100 58 395
121 103 13 1
121 120 46 431
122 9 55 27
122 15 31 340
122 17 1 351
122 21 22 371
122 30 13 379
122 47 43 277
122 54 25 152
122 58 34 280
122 69 4 178
122 79 7 358
122 82 57 361
122 90 9 401
122 92 20 135
122 113 49 270
123 3 16 75
123 10 3 309
123 20 7 263
123 27 13 324
123 49 44 195
123 51 5 132
123 52 40 134
123 53 1 133
123 56 19 448
123 74 28 218
123 87 10 85
123 92 31 276
123 96 25 3
123 115 33 56
124 2 37 21
124 5 47 70
124 6 19 411
124 19 11 353
124 44 31 312
124 46 1 12
124 68 7 440
124 72 23 429
124 87 49 85
124 106 16 186
124 108 13 237
124 110 25 103
124 115 4 56
125 17 10 351
125 62 19 190
125 63 13 281
125 66 7 212
125 67 38 204
125 75 22 269
125 80 50 96
125 83 5 389
125 90 25 107
125 97 43 276
125 99 55 127
125 118 1 285
125 119 29 383
126 3 19 75
126 7 14 93
126 12 11 104
126 14 27 352
126 48 25 210
126 56 43 322
126 70 1 433
126 87 55 85
126 90 31 107
126 95 37 143
126 100 52 393
126 105 7 192
126 118 22 285
126 120 4 431
127 4 14 35
127 5 1 70
127 8 4 314
127 18 45 386
127 19 25 249
127 33 7 425
127 35 49 343
127 56 37 448
127 73 19 7
127 80 55 96
127 82 27 438
128 21 25 118
128 29 10 68
128 51 49 58
128 52 31 134
128 59 1 282
128 69 13 178
128 72 16 295
128 76 43 179
128 84 53 244
128 96 23 3
128 105 19 267
128 107 7 342
128 109 37 436
129 16 49 408
129 17 13 351
129 18 1 386
129 35 10 245
129 44 31 273
129 46 22 163
129 51 39 58
129 58 25 280
129 63 43 109
129 66 7 43
129 67 55 204
129 70 19 242
129 79 27 410
130 17 43 174
130 18 49 386
130 20 22 263
130 25 1 207
130 30 31 160
130 33 7 256
130 38 25 61
130 39 37 264
130 40 40 138
130 48 47 411
130 54 14 299
130 56 3 182
130 66 19 447
130 79 35 410
130 118 28 285
131 9 37 27
131 10 51 33
131 32 11 391
131 34 59 236
131 39 13 181
131 41 43 14
131 47 25 290
131 55 16 447
131 71 31 297
131 91 35 374
131 94 55 170
131 111 1 101
131 115 29 56
131 119 8 383
132 3 25 260
132 28 28 79
132 46 55 12
132 51 19 10
132 60 1 29
132 69 52 339
132 72 13 429
132 74 15 177
132 75 9 269
132 79 7 410
132 82 37 438
132 100 49 393
132 102 21 255
132 112 43 320
133 2 7 13
133 29 4 68
133 32 29 391
133 46 52 12
133 60 37 29
133 61 27 126
133 69 49 339
133 81 55 106
133 96 59 112
133 106 1 167
133 113 34 270
134 1 13 49
134 2 43 13
134 6 26 123
134 15 1 340
134 21 16 118
134 23 32 265
134 26 3 109
134 40 7 138
134 50 19 288
134 66 52 43
134 71 39 284
134 74 10 402
134 97 56 219
134 107 46 342
135 14 46 352
135 15 35 340
135 22 25 415
135 25 16 207
135 28 4 79
135 36 49 111
135 41 31 6
135 48 1 327
135 58 8 280
135 70 43 251
135 77 37 283
135 78 19 307
135 96 29 112
135 110 58 439
135 120 13 431
136 1 1 253
136 9 3 424
136 17 34 174
136 20 37 398
136 24 31 350
136 44 45 354
136 62 16 42
136 64 56 148
136 67 19 121
136 75 28 367
136 84 43 244
136 85 13 278
136 97 7 219
136 114 25 308
137 6 43 411
137 9 13 27
137 12 25 104
137 16 15 262
137 17 19 174
137 39 7 264
137 44 49 354
137 47 1 290
137 65 31 250
137 78 56 394
137 80 10 412
137 89 22 442
137 116 37 370
137 120 28 428
138 4 7 20
138 5 17 26
138 6 1 30
138 9 53 27
138 36 25 81
138 53 37 133
138 56 13 182
138 66 19 43
138 82 49 449
138 84 33 244
138 91 31 374
138 104 22 271
138 108 40 237
138 117 58 128
139 6 19 445
139 12 23 104
139 33 13 409
139 47 1 277
139 55 31 41
139 67 43 243
139 80 34 96
139 82 25 361
139 84 57 244
139 88 17 226
139 89 37 442
139 90 7 117
139 106 40 247
139 112 49 64
140 5 43 26
140 18 25 386
140 37 1 304
140 38 37 61
140 46 40 12
140 50 55 158
140 51 17 58
140 76 31 165
140 85 13 92
140 87 10 17
140 92 3 228
140 94 19 405
140 98 47 348
140 110 52 439
141 4 56 20
141 10 7 33
141 24 37 380
141 30 19 82
141 36 9 400
141 49 1 233
141 57 33 215
141 72 5 295
141 74 46 402
141 76 49 422
141 80 28 412
141 83 17 45
141 99 13 438
141 106 25 247
142 21 31 371
142 24 25 38
142 29 19 131
142 33 37 91
142 36 56 400
142 39 43 264
142 76 49 397
142 78 7 394
142 86 1 19
142 108 34 259
142 119 41 116
142 120 16 431
143 2 10 13
143 12 19 104
143 41 25 252
143 44 37 273
143 54 7 299
143 56 2 448
143 61 57 246
143 64 34 148
143 67 43 345
143 75 16 225
143 115 55 56
144 7 1 93
144 34 5 22
144 39 10 264
144 46 37 163
144 54 7 152
144 74 31 40
144 79 25 72
144 92 20 228
144 106 13 186
144 108 16 237
144 110 22 103
144 113 28 270
144 117 40 128
145 1 23 253
145 23 10 265
145 37 7 304
145 48 37 210
145 49 14 195
145 51 41 58
145 62 20 275
145 63 49 132
145 67 25 99
145 70 46 251
145 83 39 389
145 85 31 278
145 95 34 143
145 97 1 219
145 114 5 49
146 17 16 351
146 18 56 108
146 20 43 263
146 39 34 181
146 44 1 137
146 54 13 152
146 71 25 284
146 72 21 295
146 82 7 65
146 86 31 19
146 97 37 205
146 102 51 255
147 46 10 163
147 56 32 435
147 57 7 215
147 70 55 251
147 78 49 307
147 79 19 358
147 80 25 412
147 87 21 17
147 92 13 135
147 99 43 127
147 101 16 66
147 106 28 247
147 113 37 270
147 119 1 116
148 3 4 75
148 16 7 262
148 23 28 220
148 29 22 68
148 32 31 391
148 56 55 448
148 64 46 148
148 70 1 251
148 85 40 92
148 86 19 185
148 96 25 112
148 113 52 16
148 114 33 308
149 5 59 26
149 12 10 146
149 26 31 441
149 28 16 79
149 35 25 125
149 47 19 277
149 48 14 210
149 55 7 331
149 65 55 250
149 77 1 283
149 89 40 442
149 103 49 1
150 1 19 253
150 2 31 78
150 5 27 26
150 23 40 220
150 30 49 82
150 44 13 312
150 56 7 435
150 58 2 337
150 62 34 190
150 66 37 43
150 70 22 251
150 76 43 422
150 92 11 135
150 119 53 116
151 11 22 188
151 24 16 380
151 26 43 122
151 35 19 125
151 40 40 180
151 61 33 246
151 66 1 43
151 67 25 121
151 80 13 225
151 82 50 65
151 114 9 308
151 120 58 431
152 13 13 292
152 30 25 172
152 35 31 125
152 36 43 111
152 44 55 273
152 52 1 134
152 59 38 214
152 66 22 212
152 69 19 239
152 73 4 311
152 82 7 131
152 88 51 226
152 94 15 144
152 101 49 66
153 1 34 49
153 18 43 108
153 24 2 380
153 29 22 388
153 32 9 391
153 35 14 125
153 38 25 399
153 82 50 361
153 87 28 17
153 93 37 77
153 98 59 348
154 11 40 188
154 12 1 146
154 20 4 263
154 34 14 22
154 46 43 12
154 53 11 133
154 70 16 251
154 77 31 2
154 99 7 209
154 100 19 395
154 113 22 16
154 115 26 56
154 116 49 370
155 5 29 26
155 9 10 424
155 10 25 33
155 21 4 118
155 49 43 233
155 59 7 214
155 78 13 307
155 89 52 442
155 92 1 228
155 105 55 421
155 113 38 16
155 117 49 128
156 1 52 185
156 8 22 286
156 10 7 309
156 11 19 188
156 29 55 131
156 50 31 158
156 61 27 246
156 66 49 43
156 72 9 429
156 74 1 177
156 78 13 162
156 81 43 248
156 112 37 320
156 113 58 270
157 4 1 20
157 15 45 340
157 16 38 408
157 17 25 351
157 23 34 220
157 34 23 258
157 35 28 343
157 42 13 373
157 45 31 120
157 57 47 215
157 62 55 190
157 71 19 284
157 80 7 96
157 95 52 143
158 6 44 445
158 16 37 262
158 21 19 118
158 36 7 111
158 43 31 230
158 50 49 88
158 62 22 190
158 67 55 121
158 68 13 440
158 82 2 449
158 96 29 3
158 99 25 209
159 18 50 227
159 27 10 122
159 35 19 343
159 36 2 321
159 61 22 246
159 75 31 235
159 76 37 229
159 80 7 225
159 83 17 60
159 84 59 244
159 90 13 107
159 112 55 320
159 116 43 198
159 120 25 431
160 5 31 119
160 15 8 340
160 21 19 371
160 25 35 108
160 39 37 181
160 43 1 230
160 48 16 210
160 59 13 400
160 60 55 350
160 89 49 442
160 91 23 374
160 104 25 9
160 111 43 40
160 113 10 16
160 118 40 427
161 20 19 398
161 30 55 172
161 44 51 312
161 50 43 300
161 67 25 243
161 80 7 412
161 86 37 185
161 88 32 226
161 89 16 149
161 90 1 194
161 113 40 270
161 119 49 383
162 17 37 351
162 20 40 263
162 32 1 391
162 39 22 181
162 44 25 100
162 49 49 153
162 54 19 326
162 56 32 88
162 61 15 126
162 90 56 28
162 92 5 135
162 96 43 3
162 97 7 289
162 117 46 223
163 11 31 188
163 34 16 258
163 47 44 290
163 52 55 134
163 62 13 190
163 78 2 307
163 85 49 52
163 87 58 17
163 93 19 77
163 98 28 348
163 108 7 237
163 110 34 439
163 115 39 56
163 118 10 427
164 10 19 309
164 24 58 380
164 26 43 52
164 27 34 324
164 36 1 202
164 44 13 100
164 49 7 153
164 53 28 133
164 57 23 215
164 59 49 282
164 89 25 149
164 92 11 276
164 94 37 144
165 1 40 253
165 18 25 227
165 28 43 79
165 50 19 366
165 61 37 246
165 67 13 204
165 74 4 218
165 79 35 358
165 80 31 96
165 81 7 106
165 97 50 289
165 104 46 9
165 117 1 128
166 5 4 70
166 10 40 125
166 16 19 201
166 26 8 109
166 37 53 304
166 42 49 373
166 76 55 179
166 87 46 17
166 91 13 374
166 93 31 139
166 98 35 348
166 99 25 349
166 100 16 393
166 107 37 342
166 118 43 285
167 14 13 338
167 18 1 108
167 21 16 371
167 23 55 265
167 25 29 108
167 27 43 355
167 34 26 258
167 36 19 321
167 39 40 181
167 44 32 354
167 49 49 233
167 72 37 295
167 92 9 135
167 96 7 112
168 6 13 445
168 7 7 93
168 10 4 33
168 15 43 340
168 27 22 355
168 36 31 400
168 62 45 275
168 65 37 98
168 85 19 92
168 94 49 170
168 104 1 51
168 111 55 40
168 116 25 370
169 1 7 236
169 12 14 381
169 14 40 352
169 15 53 340
169 31 16 46
169 57 35 215
169 66 28 43
169 67 19 243
169 73 25 7
169 82 56 166
169 91 23 87
169 102 9 255
169 104 49 51
169 118 1 427
170 9 27 27
170 23 22 265
170 28 46 79
170 30 37 82
170 32 15 391
170 37 55 304
170 62 1 190
170 65 31 98
170 70 50 242
170 74 43 402
170 87 19 85
170 88 5 226
170 119 25 383
171 24 19 380
171 26 1 441
171 35 28 125
171 40 49 180
171 58 31 280
171 66 40 43
171 80 25 96
171 93 52 77
171 95 22 143
171 105 14 192
172 1 31 253
172 10 16 33
172 12 7 146
172 13 11 292
172 27 4 324
172 37 9 304
172 43 37 169
172 50 21 300
172 55 52 331
172 79 26 358
172 89 43 442
172 91 19 87
172 99 55 349
172 110 13 439
172 120 34 428
173 1 17 196
173 3 43 75
173 17 13 174
173 48 11 210
173 49 50 195
173 53 5 423
173 65 7 98
173 68 31 46
173 79 41 72
173 81 1 248
173 106 26 186
173 113 56 16
174 23 46 220
174 26 37 441
174 34 5 236
174 38 19 359
174 55 49 331
174 56 13 88
174 61 43 246
174 66 10 196
174 68 25 440
174 72 56 429
174 94 1 336
174 98 33 348
174 103 7 1
175 14 16 338
175 17 58 174
175 18 19 108
175 19 55 249
175 20 31 263
175 35 7 343
175 36 49 321
175 48 5 210
175 55 13 331
175 59 34 214
175 65 1 98
175 73 25 311
175 108 37 259
175 111 43 119
175 120 28 431
176 2 34 203
176 5 1 26
176 6 3 445
176 8 55 314
176 12 23 146
176 13 27 292
176 32 17 391
176 36 19 202
176 37 25 304
176 41 43 252
176 46 37 12
176 56 8 182
176 62 31 275
176 63 51 94
176 105 13 421
177 6 25 445
177 10 9 309
177 27 46 324
177 32 15 191
177 40 22 180
177 51 19 58
177 53 3 423
177 67 49 99
177 71 55 297
177 75 43 367
177 90 37 401
177 96 33 3
178 6 49 123
178 18 37 386
178 21 44 118
178 24 1 38
178 35 31 343
178 66 14 196
178 80 20 96
178 86 4 19
178 96 9 112
178 101 7 83
178 102 27 255
178 104 34 51
179 2 1 450
179 8 10 413
179 24 49 380
179 32 5 191
179 33 19 95
179 37 23 397
179 43 13 169
179 61 45 246
179 73 7 7
179 80 52 412
179 84 35 244
179 91 27 87
179 96 17 112
180 1 17 375
180 19 11 249
180 38 19 420
180 39 46 264
180 41 25 147
180 50 49 300
180 54 13 326
180 59 43 214
180 62 31 190
180 67 55 345
180 69 4 339
180 73 1 156
180 101 39 66
180 110 8 103
180 119 22 116
181 1 13 253
181 8 25 413
181 11 34 188
181 13 39 292
181 14 1 316
181 16 43 5
181 37 37 7
181 40 4 138
181 50 15 158
181 56 19 435
181 57 57 215
181 75 28 225
181 79 59 72
181 99 49 127
181 119 7 116
182 8 22 314
182 9 7 27
182 14 37 352
182 19 27 353
182 24 52 380
182 33 55 409
182 41 9 175
182 45 19 426
182 65 1 63
182 70 40 251
182 71 13 284
182 110 49 439
182 111 33 119
182 115 45 56
183 7 26 93
183 11 13 188
183 33 49 256
183 47 55 290
183 51 2 58
183 63 37 109
183 69 31 339
183 70 4 47
183 80 44 96
183 83 11 60
183 92 17 228
183 93 34 77
183 94 19 144
183 112 7 320
184 2 25 450
184 5 1 365
184 23 10 220
184 25 17 108
184 38 28 401
184 65 13 159
184 67 49 204
184 70 4 433
184 72 7 295
184 78 43 394
184 85 19 278
184 96 22 112
184 112 31 320
185 5 9 26
185 10 35 33
185 16 43 408
185 17 55 174
185 21 52 118
185 27 22 324
185 36 1 111
185 61 17 246
185 74 19 218
185 75 40 235
185 87 25 85
185 89 14 442
186 2 4 450
186 5 41 26
186 6 21 123
186 13 34 292
186 27 16 122
186 28 13 79
186 33 49 95
186 48 43 210
186 56 45 448
186 63 55 94
186 68 37 46
186 78 26 394
186 91 31 87
186 102 19 255
186 112 7 64
187 16 31 201
187 24 4 38
187 25 7 108
187 35 13 245
187 50 25 158
187 53 41 133
187 56 19 88
187 63 37 132
187 71 51 297
187 78 9 162
187 80 1 37
187 82 57 438
187 96 46 112
188 25 21 372
188 30 13 172
188 35 4 125
188 36 31 111
188 39 25 264
188 41 37 175
188 43 49 169
188 96 45 3
188 108 1 259
188 109 7 436
189 21 34 371
189 26 13 385
189 39 40 264
189 41 1 252
189 50 25 288
189 57 21 215
189 66 10 43
189 83 45 389
189 85 7 52
189 88 23 226
189 90 49 28
189 96 19 112
189 114 43 308
190 3 40 75
190 9 9 27
190 15 33 340
190 24 44 380
190 25 3 372
190 40 57 180
190 46 28 12
190 64 20 148
190 106 25 167
190 108 37 237
190 111 49 420
190 115 1 315
190 116 14 370
191 1 13 236
191 22 49 415
191 33 31 425
191 41 55 175
191 47 38 277
191 54 46 152
191 64 1 148
191 80 19 37
191 83 28 389
191 85 22 92
191 86 25 19
191 91 4 374
191 92 15 135
191 109 8 115
192 4 19 35
192 9 43 27
192 18 25 108
192 26 45 385
192 29 16 131
192 30 37 160
192 39 55 181
192 54 58 152
192 55 4 331
192 64 52 148
192 65 7 36
192 75 13 367
192 92 34 276
192 101 23 66
192 103 31 1
193 14 31 352
193 33 43 256
193 40 34 138
193 59 4 282
193 67 13 243
193 70 1 47
193 74 22 402
193 79 10 72
193 89 19 149
193 90 25 117
193 95 49 143
193 101 37 66
193 111 39 420
194 1 17 49
194 9 35 27
194 12 19 381
194 23 37 265
194 43 44 270
194 55 40 41
194 76 31 229
194 80 13 412
194 90 2 401
194 101 28 66
194 110 58 103
194 111 8 34
194 117 21 128
195 40 19 180
195 46 7 163
195 57 51 215
195 66 25 43
195 76 44 229
195 80 39 412
195 89 58 442
195 91 15 87
195 106 4 247
196 2 25 78
196 19 1 249
196 36 55 81
196 61 17 126
196 62 28 190
196 65 49 273
196 69 40 339
196 89 43 149
196 94 13 170
196 98 19 348
196 99 7 127
196 105 21 192
196 108 34 237
197 2 10 203
197 19 19 353
197 21 7 118
197 37 47 7
197 38 38 399
197 40 4 180
197 43 13 72
197 58 44 280
197 59 58 282
197 67 31 345
197 80 1 96
197 82 27 166
197 83 21 389
197 84 25 244
198 2 19 203
198 4 45 35
198 5 51 26
198 19 7 249
198 27 58 355
198 48 11 411
198 55 22 447
198 62 37 190
198 77 31 283
198 87 4 85
198 88 28 226
198 93 25 139
198 111 13 34
198 113 1 270
199 1 7 196
199 10 59 33
199 11 43 188
199 12 5 381
199 19 25 353
199 27 13 122
199 29 27 4
199 37 35 304
199 43 51 72
199 65 1 159
199 70 19 251
199 71 31 284
199 85 22 52
199 98 37 348
199 117 10 95
200 4 50 20
200 15 15 340
200 33 56 425
200 72 29 295
200 78 25 307
200 81 2 106
200 83 10 347
200 89 40 149
200 93 19 139
200 94 32 405
200 100 7 407
200 102 37 255
201 2 1 13
201 8 4 286
201 21 49 371
201 73 7 156
201 76 13 165
201 81 37 106
201 89 56 149
201 90 31 194
201 97 43 289
201 107 52 342
201 108 28 259
201 112 19 64
202 1 21 253
202 12 5 104
202 25 41 108
202 50 37 158
202 63 31 281
202 75 28 235
202 80 15 37
202 84 45 244
202 91 13 87
202 94 55 144
202 97 1 289
202 101 26 66
202 114 19 308
202 116 7 198
202 118 49 427
203 7 56 93
203 26 31 53
203 45 16 120
203 48 3 210
203 58 23 280
203 60 25 29
203 62 49 190
203 74 19 402
203 81 38 248
203 83 5 169
203 95 13 143
203 101 45 66
203 105 7 267
203 117 52 128
204 29 25 68
204 34 3 236
204 35 40 343
204 40 20 138
204 41 31 147
204 45 8 120
204 46 14 12
204 55 37 331
204 58 1 280
204 79 45 72
204 83 5 60
204 90 55 401
204 104 49 271
204 117 28 375
205 1 11 49
205 14 22 352
205 23 19 265
205 25 9 372
205 30 49 379
205 33 55 95
205 34 13 258
205 47 31 277
205 69 37 339
205 71 25 297
205 77 43 2
205 83 7 60
205 92 2 276
205 98 17 348
205 108 4 237
206 15 59 340
206 16 31 262
206 44 25 354
206 48 29 210
206 50 55 288
206 59 22 282
206 67 43 204
206 72 19 295
206 73 16 156
206 87 13 85
206 93 40 77
206 94 49 144
206 109 1 436
206 113 8 270
207 2 1 333
207 18 7 414
207 27 19 324
207 36 45 321
207 38 25 401
207 39 34 78
207 72 13 295
207 79 53 358
207 85 22 278
207 86 56 19
207 92 4 276
207 106 16 167
207 118 49 285
208 15 10 340
208 18 55 227
208 21 37 118
208 32 22 391
208 33 3 95
208 37 47 304
208 48 1 411
208 53 33 133
208 71 43 297
208 75 25 269
208 83 17 389
208 108 7 259
208 110 19 439
208 111 50 194
208 120 13 428
209 2 25 333
209 9 19 27
209 21 13 371
209 24 37 350
209 42 31 373
209 48 7 210
209 55 28 447
209 56 21 272
209 64 4 148
209 67 55 243
209 75 1 367
209 85 16 278
209 92 10 228
209 106 40 167
210 21 28 371
210 24 22 380
210 31 25 46
210 32 45 391
210 48 31 210
210 49 1 153
210 54 19 152
210 55 40 331
210 70 7 251
210 79 34 72
210 83 37 389
210 109 55 115
210 111 49 305
210 114 15 308
211 2 32 21
211 25 3 207
211 35 25 343
211 37 13 304
211 53 38 423
211 57 1 215
211 69 16 178
211 73 44 7
211 76 49 179
211 83 41 389
211 94 7 336
211 96 53 3
211 97 55 289
211 109 19 115
212 16 21 408
212 23 25 220
212 30 7 172
212 32 19 391
212 34 53 258
212 45 28 120
212 50 1 300
212 61 5 126
212 74 33 402
212 77 43 283
212 93 16 77
212 96 39 112
212 97 55 205
212 111 49 119
213 8 40 286
213 12 13 146
213 15 3 340
213 16 49 5
213 17 28 174
213 38 58 399
213 41 43 147
213 46 16 163
213 47 19 290
213 67 7 99
213 85 37 52
213 87 25 17
213 89 55 442
213 97 31 205
213 114 23 308
214 4 37 20
214 12 1 301
214 13 47 292
214 17 7 351
214 35 10 343
214 44 25 137
214 76 33 359
214 96 31 3
214 99 19 127
214 105 49 267
214 110 4 103
214 113 55 270
214 118 16 427
215 28 31 79
215 43 1 291
215 44 21 273
215 46 56 163
215 52 10 134
215 55 34 41
215 56 37 435
215 57 13 215
215 80 15 96
215 90 27 296
215 91 25 87
215 115 7 56
215 119 19 116
216 5 58 70
216 16 19 262
216 25 31 372
216 29 4 4
216 40 49 138
216 48 55 411
216 59 46 214
216 62 34 275
216 64 43 148
216 65 13 63
216 89 7 149
216 95 1 143
216 98 41 348
216 105 25 192
216 115 10 56
217 9 5 27
217 18 33 386
217 22 37 415
217 38 1 359
217 39 19 264
217 41 44 6
217 59 49 214
217 72 17 429
217 91 52 87
217 98 31 348
217 99 26 127
217 101 15 83
217 109 55 436
218 18 55 414
218 36 25 400
218 37 5 67
218 46 7 12
218 57 19 215
218 64 31 148
218 69 49 178
218 70 37 242
218 78 1 394
218 82 13 449
218 91 29 87
218 96 40 3
218 99 21 349
218 100 34 395
219 2 28 21
219 12 15 104
219 13 4 292
219 24 19 350
219 31 1 46
219 53 13 423
219 72 35 295
219 74 40 402
219 87 51 17
219 92 7 276
219 95 10 143
219 102 33 255
219 104 37 9
219 118 22 427
220 10 17 309
220 18 1 227
220 39 46 181
220 70 7 250
220 75 37 235
220 90 31 28
220 91 21 374
220 100 28 393
220 104 10 271
220 112 13 320
220 115 43 56
220 118 58 427
221 5 13 26
221 19 23 249
221 25 10 207
221 31 28 46
221 36 55 111
221 37 31 304
221 41 19 6
221 45 7 14
221 56 37 426
221 60 49 29
221 63 15 109
221 77 2 2
221 88 34 226
221 114 47 308
222 5 55 26
222 13 1 292
222 23 7 220
222 25 13 207
222 33 15 95
222 53 20 133
222 59 43 282
222 72 3 429
222 83 47 389
222 98 57 348
222 100 31 395
222 101 34 66
222 107 49 342
223 4 1 35
223 6 15 123
223 9 5 424
223 13 21 292
223 26 37 122
223 38 49 359
223 39 52 264
223 41 25 175
223 44 43 100
223 74 34 218
223 94 7 144
223 102 31 255
223 115 13 56
224 20 28 398
224 23 4 89
224 32 37 391
224 41 21 175
224 53 49 423
224 59 16 400
224 67 7 121
224 73 51 311
224 91 19 374
224 93 13 139
224 100 1 395
224 112 31 64
224 115 57 56
225 6 37 123
225 8 31 286
225 23 1 89
225 32 17 191
225 37 45 304
225 49 19 153
225 51 15 58
225 62 58 275
225 69 34 339
225 80 4 225
225 90 7 28
225 93 52 139
225 107 55 342
225 113 25 270
226 9 31 27
226 10 5 309
226 14 55 352
226 21 37 371
226 34 17 6
226 36 25 321
226 60 20 29
226 66 43 43
226 67 7 204
226 70 13 250
226 73 40 7
226 87 52 85
226 112 1 64
227 2 4 21
227 6 31 123
227 25 7 372
227 53 23 423
227 56 55 426
227 57 11 215
227 63 19 132
227 70 16 47
227 79 9 358
227 84 27 244
227 88 49 226
227 90 45 107
227 104 13 271
227 105 37 421
227 120 1 431
228 5 22 26
228 23 19 220
228 27 37 355
228 32 25 391
228 34 35 258
228 39 49 181
228 56 31 182
228 60 14 29
228 62 27 275
228 79 10 410
228 88 59 226
228 90 55 107
228 93 7 77
228 94 43 336
228 105 1 421
229 1 55 253
229 16 25 262
229 18 19 386
229 29 37 131
229 36 13 321
229 82 31 361
229 86 50 19
229 94 44 170
229 95 40 143
229 96 35 112
229 100 7 393
229 102 57 255
229 103 1 1
230 3 49 75
230 26 55 385
230 27 52 355
230 37 22 304
230 41 43 175
230 50 7 158
230 72 3 295
230 75 15 235
230 96 13 3
230 102 25 255
230 106 19 186
231 16 49 262
231 32 1 191
231 43 19 230
231 56 7 448
231 59 16 214
231 68 55 440
231 70 32 251
231 73 28 311
231 75 25 235
231 80 3 412
231 88 39 226
231 109 43 436
232 23 16 220
232 39 32 264
232 74 25 402
232 80 10 96
232 89 22 149
232 95 19 143
232 96 35 3
232 99 37 127
232 102 45 255
232 111 49 34
232 112 55 64
232 117 7 95
232 118 4 285
233 25 29 372
233 30 37 379
233 35 13 343
233 51 58 58
233 55 16 331
233 62 10 190
233 78 25 162
233 83 5 45
233 87 7 85
233 90 1 107
233 94 32 336
233 97 50 205
233 99 44 349
233 100 55 393
233 107 19 342
234 8 1 286
234 13 7 292
234 33 43 91
234 50 55 366
234 57 28 215
234 58 10 280
234 67 31 99
234 70 13 433
234 72 21 429
234 91 38 374
234 93 49 139
234 102 5 255
235 8 19 286
235 16 25 408
235 29 45 4
235 34 7 258
235 35 51 125
235 37 41 304
235 39 1 78
235 44 55 354
235 53 13 133
235 57 17 215
235 67 37 99
235 80 10 225
235 104 4 51
235 113 31 270
236 10 49 33
236 19 15 353
236 33 25 256
236 34 59 258
236 36 37 81
236 43 1 169
236 44 8 137
236 47 31 290
236 54 43 299
236 63 21 281
236 69 46 339
236 78 55 162
236 88 19 226
236 97 51 219
236 115 35 56
237 2 7 78
237 8 16 413
237 10 53 33
237 19 13 249
237 36 49 400
237 53 21 423
237 54 31 299
237 59 10 214
237 63 1 94
237 68 37 440
237 75 58 367
237 82 44 166
237 109 25 436
237 110 55 439
238 12 17 146
238 14 49 316
238 18 7 227
238 29 1 131
238 30 57 379
238 41 37 252
238 46 4 163
238 50 32 288
238 65 43 98
238 77 13 2
238 80 25 225
238 84 11 243
238 103 28 1
238 105 19 421
239 12 25 146
239 34 16 433
239 39 58 181
239 45 4 14
239 48 27 210
239 55 21 331
239 58 41 280
239 65 31 63
239 79 1 358
239 80 10 37
239 87 13 17
239 100 55 395
239 105 49 421
239 118 43 427
240 9 17 27
240 24 7 350
240 27 49 324
240 29 25 388
240 38 1 61
240 39 4 264
240 40 28 180
240 55 56 331
240 56 45 435
240 65 37 63
240 89 34 149
240 100 22 395
240 102 43 255
240 112 13 64
241 25 7 207
241 36 19 81
241 46 49 163
241 59 16 282
241 61 10 246
241 66 55 43
241 70 52 251
241 79 4 358
241 82 43 449
241 93 1 139
241 94 37 405
241 100 25 393
241 103 58 1
241 105 31 192
242 2 43 78
242 24 1 350
242 29 40 68
242 32 53 191
242 38 4 399
242 45 13 426
242 59 37 282
242 74 7 402
242 76 55 422
242 82 31 166
242 86 10 185
242 97 25 205
242 98 22 348
243 3 22 75
243 23 7 265
243 25 13 372
243 29 1 388
243 51 17 173
243 53 31 133
243 59 52 214
243 74 37 402
243 76 33 397
243 83 15 389
243 86 28 185
243 89 4 149
243 94 43 144
244 3 8 75
244 23 44 265
244 26 31 385
244 32 3 191
244 66 52 447
244 88 57 226
244 92 28 276
244 96 15 112
244 97 19 362
244 105 39 192
244 106 49 167
244 115 37 56
244 117 25 128
245 8 13 413
245 11 52 188
245 21 40 118
245 37 50 304
245 41 1 175
245 48 7 44
245 80 16 412
245 83 11 169
245 91 9 87
245 104 56 51
245 110 28 103
245 115 19 56
245 118 46 285
246 4 8 35
246 18 43 39
246 20 25 263
246 43 55 169
246 56 49 322
246 66 22 196
246 70 19 47
246 74 13 402
246 76 1 165
246 86 16 19
246 97 31 289
246 104 28 271
246 116 37 406
247 1 16 253
247 6 57 411
247 10 19 33
247 12 3 146
247 24 31 380
247 43 7 230
247 50 43 288
247 62 13 275
247 66 34 43
247 75 49 235
247 91 11 87
247 97 25 219
247 101 1 66
247 102 23 255
247 104 38 51
248 15 55 340
248 20 58 263
248 24 7 38
248 31 4 46
248 36 19 400
248 53 17 133
248 60 49 350
248 69 31 178
248 78 37 307
248 84 13 244
248 96 27 3
248 98 45 348
248 119 15 116
249 14 7 352
249 18 51 108
249 20 31 398
249 44 19 137
249 49 13 233
249 51 11 58
249 76 25 165
249 82 37 166
249 91 17 87
249 98 43 348
249 102 55 255
249 106 2 186
249 114 45 308
250 2 13 21
250 10 46 33
250 11 58 188
250 33 37 256
250 34 29 258
250 44 19 100
250 50 49 272
250 63 25 281
250 66 7 447
250 68 1 440
250 69 10 339
250 70 16 250
250 73 34 311
251 20 10 398
251 30 1 82
251 45 22 120
251 49 43 153
251 51 55 58
251 61 40 126
251 64 28 148
251 89 37 149
251 91 47 87
251 94 49 336
251 120 31 428
252 2 1 366
252 3 34 75
252 17 4 174
252 28 57 79
252 34 11 236
252 35 37 125
252 37 43 304
252 44 7 312
252 49 26 195
252 70 31 242
252 74 40 40
252 76 14 229
252 99 19 209
252 100 52 395
252 114 49 152
253 9 11 27
253 46 34 12
253 54 55 299
253 55 31 331
253 67 25 345
253 71 7 284
253 78 43 307
253 79 37 358
253 82 49 166
253 84 39 244
253 102 3 255
253 105 13 267
253 114 59 308
253 120 20 428
254 28 49 79
254 29 13 4
254 30 19 172
254 50 26 366
254 59 10 282
254 72 33 429
254 84 31 244
254 91 59 87
254 98 52 348
254 103 37 1
254 104 1 9
254 105 55 192
254 117 7 128
255 1 11 253
255 5 53 26
255 19 34 353
255 41 15 147
255 43 55 230
255 56 1 435
255 71 7 297
255 77 19 2
255 79 28 72
255 106 31 247
255 110 25 439
255 120 37 431
256 9 3 27
256 46 31 163
256 67 43 121
256 76 55 326
256 77 25 283
256 78 38 394
256 88 1 293
256 90 7 194
256 109 13 115
256 111 49 101
256 116 19 198
256 118 34 427
257 6 43 123
257 14 13 352
257 19 23 353
257 30 25 379
257 57 38 215
257 63 55 132
257 67 7 345
257 86 4 185
257 91 34 87
257 96 21 3
257 102 11 255
257 108 31 237
257 111 49 224
258 27 52 324
258 39 16 78
258 40 31 138
258 54 38 326
258 64 13 148
258 71 1 297
258 77 20 283
258 83 25 389
258 85 28 52
258 88 11 226
258 102 49 255
258 111 44 101
258 116 55 370
258 118 7 427
259 14 28 338
259 23 19 89
259 27 58 324
259 36 37 111
259 41 1 147
259 43 43 230
259 62 52 190
259 67 13 99
259 72 11 295
259 88 9 226
259 104 25 51
259 106 22 186
259 115 41 56
259 117 55 128
260 2 43 21
260 6 1 123
260 10 11 309
260 19 51 249
260 41 13 175
260 56 27 272
260 57 25 215
260 77 38 2
260 91 7 374
260 92 19 276
260 95 46 143
260 96 5 3
260 115 23 315
260 117 34 128
261 8 7 413
261 10 27 33
261 22 13 415
261 30 2 305
261 36 33 81
261 58 53 280
261 65 49 36
261 79 31 358
261 93 40 139
261 94 43 405
261 102 17 255
261 108 58 259
261 110 22 439
262 1 47 253
262 18 2 414
262 20 55 263
262 26 49 385
262 27 28 324
262 35 58 125
262 38 10 399
262 39 25 181
262 44 20 354
262 60 43 29
262 81 13 106
262 86 7 19
262 94 31 144
263 2 13 13
263 3 58 75
263 10 9 33
263 17 40 351
263 21 4 69
263 27 16 324
263 41 49 6
263 79 25 410
263 85 1 52
263 90 31 401
263 91 7 87
263 97 43 205
263 118 19 285
264 13 49 292
264 15 17 340
264 18 31 414
264 40 1 180
264 42 19 373
264 52 28 134
264 56 51 448
264 62 55 275
264 67 37 345
264 76 13 422
264 95 4 187
264 104 43 51
264 106 8 186
264 117 25 375
265 13 55 292
265 24 25 380
265 30 43 379
265 31 10 46
265 33 50 425
265 39 22 264
265 66 58 43
265 73 19 311
265 86 7 185
265 97 14 205
265 99 31 434
265 112 2 320
265 118 37 427
265 119 35 383
266 16 3 262
266 23 22 220
266 25 49 108
266 29 13 131
266 42 55 373
266 46 46 12
266 49 37 195
266 59 28 282
266 61 1 126
266 69 43 178
266 75 52 367
266 105 31 267
266 117 7 375
266 120 10 428
267 1 9 253
267 38 49 175
267 50 43 272
267 51 7 58
267 55 1 331
267 63 19 109
267 69 25 339
267 75 40 367
267 79 55 72
267 86 37 19
267 87 4 17
267 89 52 149
267 117 16 128
268 13 19 292
268 39 31 181
268 43 38 291
268 48 9 210
268 52 51 134
268 61 29 126
268 73 1 311
268 76 56 397
268 79 15 410
268 80 34 37
268 86 22 19
268 95 4 143
268 108 25 237
268 117 43 375
268 119 13 383
269 54 33 326
269 62 2 275
269 67 19 204
269 76 43 165
269 78 7 307
269 94 25 405
269 97 38 219
269 106 49 186
269 109 14 436
269 114 31 308
269 116 55 406
269 119 47 116
270 15 29 340
270 17 31 174
270 24 13 38
270 26 55 441
270 42 25 373
270 46 34 163
270 49 7 195
270 54 16 152
270 81 51 248
270 90 37 117
270 94 19 170
270 99 1 209
270 103 46 1
270 117 43 128
271 7 31 93
271 18 13 414
271 19 3 353
271 35 7 125
271 50 37 366
271 65 19 63
271 72 1 429
271 84 17 244
271 88 47 226
271 93 43 77
271 96 51 3
271 101 41 66
272 19 29 353
272 21 1 118
272 29 16 4
272 36 25 202
272 42 37 373
272 48 21 210
272 49 56 153
272 51 10 132
272 70 4 251
272 94 31 170
272 96 51 112
272 104 7 51
272 111 43 420
272 118 13 285
273 1 46 236
273 10 31 33
273 34 1 168
273 39 49 264
273 44 19 312
273 61 7 126
273 70 28 242
273 79 4 410
273 92 17 135
273 95 25 143
273 101 13 66
273 110 10 439
273 111 33 34
273 115 15 56
273 116 55 198
274 5 9 183
274 21 22 118
274 57 5 215
274 62 44 190
274 64 16 148
274 82 31 131
274 83 7 389
274 84 19 244
274 90 55 117
274 97 37 289
274 104 13 51
274 105 1 192
274 117 52 371
275 11 26 188
275 14 2 352
275 27 37 324
275 44 7 354
275 50 43 158
275 53 17 423
275 61 29 246
275 68 55 46
275 86 40 185
275 91 5 87
275 96 19 3
275 99 13 349
275 101 21 66
275 119 49 116
276 11 10 188
276 12 3 381
276 24 28 350
276 25 45 372
276 43 31 169
276 49 13 153
276 61 43 126
276 69 25 178
276 83 58 389
276 96 37 112
276 108 55 259
276 119 35 116
277 1 57 253
277 8 31 413
277 21 40 371
277 30 25 82
277 32 5 391
277 55 13 41
277 58 21 280
277 72 7 429
277 74 16 402
277 75 9 367
277 81 50 106
277 92 23 135
277 116 1 198
278 1 31 196
278 16 14 408
278 27 34 355
278 40 7 180
278 46 28 163
278 56 44 182
278 58 23 337
278 68 19 440
278 88 1 226
278 93 4 139
278 98 10 348
278 108 49 259
278 113 25 16
278 118 40 285
279 33 57 256
279 36 37 400
279 44 1 354
279 48 53 210
279 50 49 288
279 51 9 58
279 53 5 133
279 56 43 88
279 81 19 248
279 84 15 244
279 100 31 393
279 112 25 320
279 114 55 308
280 6 13 30
280 8 58 314
280 18 7 386
280 22 19 415
280 27 1 355
280 56 37 182
280 65 49 63
280 82 43 361
280 99 31 349
280 103 55 1
280 104 4 271
280 117 28 128
280 118 25 285
281 18 32 39
281 21 7 371
281 23 1 220
281 50 37 288
281 54 22 152
281 55 28 331
281 84 55 244
281 85 25 52
281 87 46 85
281 91 49 87
281 100 4 393
281 102 15 255
281 111 57 224
281 120 19 431
282 9 7 424
282 28 37 79
282 43 25 169
282 59 55 214
282 65 1 250
282 73 10 311
282 78 19 162
282 79 23 410
282 82 49 131
282 104 16 271
282 108 31 259
282 112 43 64
282 115 47 56
282 117 13 223
283 1 29 49
283 10 55 33
283 19 1 353
283 23 49 220
283 30 31 379
283 35 25 245
283 36 57 202
283 37 5 397
283 53 41 423
283 80 46 412
283 82 7 361
283 88 21 226
283 90 15 401
283 91 3 87
284 10 49 125
284 17 43 351
284 20 34 263
284 26 19 122
284 30 39 312
284 34 2 258
284 52 46 134
284 55 10 331
284 73 13 7
284 83 51 389
284 84 37 244
284 85 7 92
284 95 16 187
285 1 53 253
285 21 25 371
285 33 32 91
285 39 13 264
285 40 55 138
285 48 19 210
285 53 43 133
285 58 29 280
285 67 49 243
285 70 22 242
285 79 3 72
285 85 40 52
285 92 1 135
285 94 7 170
285 119 38 383
286 25 19 372
286 26 7 147
286 28 22 79
286 53 53 133
286 54 28 299
286 56 55 272
286 66 31 43
286 73 16 311
286 78 49 162
286 86 40 19
286 92 3 135
286 110 46 439
286 114 11 308
286 120 43 431
287 5 49 26
287 9 15 27
287 12 5 146
287 21 44 371
287 30 55 312
287 41 19 252
287 49 1 195
287 51 10 173
287 56 25 435
287 61 39 246
287 79 8 72
287 87 34 17
288 9 33 27
288 16 2 201
288 34 55 258
288 39 19 181
288 54 51 152
288 55 46 331
288 57 9 215
288 61 25 126
288 63 27 132
288 70 58 251
288 79 22 358
288 90 37 194
288 119 11 116
288 120 16 428
289 14 16 352
289 15 49 340
289 18 25 414
289 27 4 355
289 40 31 180
289 52 13 134
289 63 8 281
289 69 56 339
289 74 1 40
289 79 23 72
289 88 45 226
289 90 19 117
289 104 34 271
289 118 37 285
289 119 29 116
290 1 47 185
290 13 9 292
290 16 25 201
290 21 1 371
290 29 22 131
290 35 55 125
290 36 13 81
290 41 31 175
290 56 49 182
290 66 38 447
290 71 43 284
290 75 58 235
290 92 5 228
290 104 19 9
291 3 13 75
291 24 25 350
291 37 57 304
291 43 43 291
291 48 23 44
291 73 4 156
291 76 19 165
291 83 16 347
291 87 1 17
291 97 31 219
291 100 37 393
291 105 8 421
291 117 40 95
292 6 31 445
292 21 56 371
292 40 37 180
292 55 25 41
292 56 19 182
292 70 13 242
292 75 16 367
292 89 10 149
292 94 2 170
292 108 40 259
292 110 7 439
292 111 43 34
292 120 51 431
293 13 15 292
293 18 37 108
293 21 10 118
293 25 35 372
293 26 43 441
293 27 31 355
293 33 51 68
293 49 20 195
293 67 25 204
293 77 55 283
293 96 49 112
293 100 1 407
293 114 41 308
294 4 37 35
294 8 55 413
294 16 1 5
294 25 16 372
294 26 19 385
294 30 49 172
294 45 13 120
294 54 44 326
294 56 25 448
294 78 31 394
294 93 10 139
295 1 23 49
295 33 13 91
295 37 33 304
295 40 27 138
295 61 59 246
295 68 49 440
295 72 25 429
295 79 31 72
295 85 7 278
295 94 1 144
295 97 44 219
295 105 55 267
295 111 19 119
295 115 17 315
295 117 10 128
296 4 31 35
296 5 39 26
296 16 9 408
296 26 25 122
296 52 4 134
296 53 35 133
296 54 19 299
296 56 13 435
296 69 1 178
296 92 7 135
296 103 22 1
296 117 55 17
297 5 7 183
297 13 58 292
297 21 28 118
297 23 16 265
297 46 25 163
297 59 31 282
297 68 20 46
297 75 55 367
297 80 49 412
297 89 1 149
297 106 9 167
297 113 45 16
297 115 5 315
297 116 38 198
298 6 7 445
298 14 40 316
298 15 38 340
298 26 25 385
298 49 31 233
298 50 13 288
298 55 43 447
298 65 1 36
298 72 53 429
298 75 46 367
298 90 49 117
298 99 55 209
298 111 19 101
299 3 31 75
299 6 49 411
299 9 46 27
299 12 7 381
299 14 58 352
299 26 37 385
299 27 19 355
299 39 43 181
299 40 22 419
299 81 27 248
299 86 15 185
299 87 34 85
299 92 9 276
299 98 13 348
299 99 1 127
300 4 20 20
300 9 29 424
300 18 32 227
300 23 37 220
300 41 13 6
300 65 49 250
300 85 2 92
300 95 43 143
300 100 40 395
300 101 47 66
300 111 7 420
300 116 25 198
Điểm tối ưu/tốt nhất tìm được: 4008
Thời gian: 360.084487 giây
Trạng thái: VALID
