746
1 3 23 56
1 6 3 52
1 9 50 116
1 12 19 95
1 14 37 85
1 15 25 106
1 21 43 91
1 26 55 13
1 29 7 83
2 9 27 116
2 11 7 45
2 12 46 80
2 14 34 85
2 15 21 106
2 17 31 62
2 18 43 47
2 25 40 103
2 26 53 13
2 31 37 67
3 4 7 49
3 9 19 64
3 14 40 85
3 27 55 28
4 1 13 15
4 9 15 64
4 15 27 106
4 16 10 25
4 26 43 13
4 27 19 28
4 30 34 94
5 5 37 75
5 6 59 28
5 13 3 51
5 15 47 106
5 21 7 53
5 23 55 7
5 26 27 13
5 30 44 94
6 1 13 63
6 2 25 23
6 9 5 64
6 12 11 95
6 24 7 59
6 27 32 98
6 29 1 69
7 1 39 15
7 5 55 75
7 11 4 45
7 13 11 108
7 18 49 47
7 20 7 77
7 29 26 5
7 30 13 79
7 31 45 67
8 1 25 15
8 6 23 28
8 9 20 116
8 10 16 24
8 13 7 108
8 14 10 8
8 15 29 106
8 16 56 25
8 21 4 91
8 25 1 103
8 29 31 69
8 30 37 79
9 4 55 49
9 5 31 75
9 6 45 52
9 9 5 116
9 12 21 95
9 13 39 108
9 20 49 77
9 23 7 7
10 1 56 63
10 9 40 116
10 12 11 80
10 15 23 106
10 17 46 73
10 18 1 47
10 21 8 91
11 7 11 23
11 11 31 45
11 14 37 8
11 18 34 47
11 19 43 111
11 22 20 76
11 28 52 117
11 30 4 79
11 31 55 67
11 32 25 43
12 3 31 56
12 5 7 54
12 9 11 64
12 18 14 47
12 20 1 77
12 21 34 53
12 25 22 103
12 27 26 98
12 29 57 102
12 30 52 79
13 1 20 15
13 8 43 6
13 9 25 116
13 17 16 62
13 26 57 13
13 29 32 102
13 30 37 94
13 31 27 67
14 1 44 63
14 3 17 56
14 5 31 54
14 9 21 64
14 11 55 45
14 14 52 8
14 23 19 7
14 24 25 59
15 1 52 15
15 3 49 56
15 5 19 54
15 7 41 23
15 9 3 116
15 12 43 80
15 17 45 64
15 20 37 77
15 31 31 67
16 5 13 54
16 9 23 64
16 13 1 96
16 14 58 85
16 16 19 25
16 17 31 73
16 30 43 79
17 1 40 63
17 2 44 23
17 3 29 56
17 6 9 52
17 8 25 6
17 13 4 96
17 30 22 94
17 31 49 67
18 3 57 56
18 6 39 52
18 7 17 23
18 10 43 24
18 12 23 80
18 15 7 106
18 16 25 25
18 17 19 62
18 21 28 53
18 22 2 76
18 27 49 98
18 31 9 67
19 3 11 56
19 9 15 116
19 10 56 24
19 13 13 51
19 17 34 62
19 23 5 7
19 25 7 103
19 26 47 13
19 27 1 28
20 1 25 63
20 4 2 49
20 12 23 95
20 14 7 85
20 23 59 7
20 25 19 103
20 28 16 117
20 29 27 81
21 1 28 63
21 5 13 75
21 6 17 52
21 10 19 24
21 22 7 76
21 26 49 13
21 29 31 5
21 30 55 79
21 31 51 67
22 1 35 15
22 2 55 23
22 4 13 49
22 6 47 52
22 12 5 95
22 17 10 73
22 28 22 117
22 32 31 43
23 4 49 49
23 6 29 52
23 13 9 108
23 17 22 62
23 29 1 83
23 30 34 79
23 31 59 67
24 1 19 63
24 6 7 52
24 9 38 116
24 12 49 80
24 14 13 8
24 25 31 103
24 29 9 81
24 31 1 67
25 2 19 23
25 6 11 28
25 9 29 116
25 13 23 96
25 17 2 73
25 20 25 77
25 21 58 91
25 22 13 76
25 26 17 13
25 28 34 117
26 1 7 15
26 6 1 52
26 9 32 116
26 10 10 24
26 11 52 45
26 12 58 80
26 13 17 108
26 17 43 73
26 21 13 53
26 26 21 13
26 29 3 102
26 30 49 79
27 1 29 15
27 3 27 56
27 6 49 52
27 9 22 116
27 10 34 24
27 12 9 95
27 13 5 51
27 14 31 85
27 17 13 73
28 5 43 75
28 13 2 37
28 14 4 85
28 17 7 62
28 21 40 91
28 23 49 7
28 26 25 13
28 27 13 98
28 29 19 69
28 31 11 67
29 1 11 15
29 3 13 56
29 6 22 52
29 7 29 23
29 9 9 116
29 10 4 24
29 14 43 8
29 15 19 106
29 26 7 13
29 32 37 43
30 1 32 63
30 3 21 56
30 9 47 116
30 12 27 80
30 15 45 106
30 16 16 25
30 17 58 62
30 23 23 7
30 27 49 28
30 28 40 117
30 29 8 102
31 1 1 63
31 6 5 28
31 9 59 116
31 10 13 24
31 12 17 95
31 14 27 8
31 15 55 106
31 18 52 47
31 21 43 53
31 22 31 76
31 26 9 13
31 29 38 5
31 30 20 79
31 31 25 67
32 4 37 49
32 5 55 54
32 6 41 52
32 10 52 24
32 11 43 45
32 15 31 106
32 16 49 25
32 18 46 47
32 21 19 91
32 25 13 103
32 28 1 117
32 31 16 67
32 32 8 43
33 1 46 63
33 6 43 52
33 10 28 24
33 12 17 80
33 21 31 91
33 26 5 13
33 32 13 43
34 2 1 23
34 3 15 56
34 6 13 52
34 9 17 116
34 14 7 8
34 16 40 25
34 17 19 73
34 18 10 47
34 22 25 76
34 23 52 7
34 31 43 67
35 5 3 75
35 6 20 52
35 8 56 6
35 12 35 80
35 13 10 37
35 18 25 47
35 21 37 91
35 23 32 7
35 26 1 13
35 29 50 69
35 30 7 94
36 5 1 54
36 12 31 80
36 20 43 77
36 21 50 91
36 23 13 7
36 25 10 103
36 26 37 13
36 28 7 117
36 29 19 118
36 30 15 94
37 1 9 63
37 3 44 56
37 8 38 6
37 9 53 116
37 10 25 24
37 11 46 45
37 12 55 95
37 13 3 108
37 14 20 8
37 15 33 106
37 23 57 7
37 25 50 103
37 26 31 13
37 29 13 118
38 1 1 15
38 3 3 56
38 11 49 45
38 14 34 8
38 18 58 47
38 21 25 53
38 28 19 117
38 29 37 118
38 30 28 79
39 1 37 15
39 3 55 56
39 12 29 95
39 13 7 96
39 15 57 106
39 19 25 111
39 22 50 76
39 28 31 117
39 31 39 67
40 6 11 52
40 12 9 80
40 13 23 51
40 14 14 85
40 23 37 7
40 26 33 13
40 29 19 83
40 30 1 94
41 3 34 56
41 6 58 52
41 14 16 8
41 16 13 25
41 17 7 73
41 25 55 103
41 27 37 28
41 28 10 117
41 31 20 67
42 1 59 63
42 3 7 56
42 6 51 52
42 13 28 108
42 14 40 8
42 15 37 106
42 16 22 25
42 17 25 62
42 21 16 53
42 24 55 59
43 9 13 116
43 11 34 45
43 17 55 73
43 21 37 53
43 28 43 117
43 29 19 81
43 30 46 79
43 31 3 67
44 8 1 6
44 17 45 62
44 18 31 47
44 28 55 117
44 30 10 79
45 2 49 23
45 10 46 24
45 12 33 80
45 13 10 51
45 14 1 85
45 15 39 106
45 21 4 53
45 26 35 13
45 30 7 79
45 31 53 67
46 6 29 28
46 10 22 24
46 12 7 95
46 23 17 7
46 24 13 59
46 25 46 103
46 26 19 13
46 29 9 5
47 1 7 63
47 5 19 75
47 14 10 85
47 15 17 106
47 17 58 73
47 19 13 111
47 21 26 91
47 29 1 81
47 30 31 94
47 32 45 43
48 1 49 63
48 11 10 45
48 12 43 95
48 16 37 25
48 20 13 77
48 23 27 7
48 24 1 59
48 30 40 79
49 5 38 54
49 9 1 116
49 14 49 8
49 15 11 106
49 16 4 25
49 17 55 62
49 23 9 7
49 27 43 28
49 29 13 81
49 30 25 79
50 1 31 15
50 11 13 45
50 12 21 80
50 14 26 85
50 25 37 103
50 26 3 13
50 29 7 118
50 30 49 94
51 4 19 49
51 6 15 52
51 10 1 24
51 11 58 45
51 12 38 80
51 16 34 25
51 21 10 53
51 23 41 7
51 29 25 83
51 31 23 67
52 1 11 63
52 5 25 54
52 16 1 25
52 22 55 76
52 27 7 28
52 30 4 94
52 31 13 67
53 1 22 15
53 5 7 75
53 6 34 52
53 9 43 116
53 11 40 45
53 12 29 80
53 14 1 8
53 16 31 25
53 17 50 62
53 27 55 98
54 3 41 56
54 5 49 54
54 7 5 23
54 12 13 95
54 13 15 108
54 14 44 85
54 15 1 106
54 18 7 47
54 22 37 76
54 23 21 7
54 29 31 118
54 31 57 67
55 1 21 63
55 6 56 52
55 9 34 116
55 12 37 95
55 17 25 73
55 23 46 7
55 25 28 103
55 27 1 98
55 28 58 117
55 29 7 69
55 30 31 79
55 31 5 67
56 1 3 15
56 6 53 52
56 9 17 64
56 12 55 80
56 13 13 108
56 15 50 106
56 17 10 62
56 20 31 77
56 21 19 53
56 23 15 7
56 28 37 117
57 1 23 63
57 2 7 23
57 9 1 64
57 10 40 24
57 11 37 45
57 12 51 80
57 13 5 108
57 15 3 106
57 17 28 62
57 18 20 47
57 19 31 111
57 26 13 13
57 30 25 94
58 6 25 52
58 7 53 23
58 8 13 6
58 11 20 45
58 12 34 95
58 13 9 96
58 14 4 8
58 17 38 62
58 19 49 111
58 21 1 91
58 23 29 7
59 3 5 56
59 8 8 6
59 12 19 80
59 21 55 91
59 25 16 103
59 26 45 13
59 28 13 117
59 31 47 67
59 32 1 43
60 1 35 63
60 9 13 64
60 12 53 80
60 17 38 64
60 18 55 47
60 21 15 91
60 23 1 7
60 24 31 59
60 30 58 79
61 1 5 15
61 2 13 23
61 8 19 6
61 9 3 64
61 13 17 37
61 19 7 111
61 24 37 59
61 26 59 13
61 28 46 117
61 29 31 81
61 30 55 94
61 31 29 67
62 4 31 49
62 6 47 28
62 13 7 51
62 16 52 25
62 17 4 62
62 18 28 47
62 23 35 7
62 27 19 98
62 30 16 79
63 1 53 63
63 3 1 56
63 6 5 52
63 9 57 116
63 12 3 95
63 15 43 106
63 17 22 73
63 28 49 117
63 29 25 118
63 30 19 94
63 31 35 67
64 1 15 15
64 3 59 56
64 9 7 64
64 13 17 51
64 14 22 85
64 17 28 73
64 24 43 59
64 25 34 103
65 1 4 63
65 5 51 75
65 6 31 52
65 9 7 116
65 17 33 64
65 18 37 47
65 21 46 53
65 23 25 7
65 30 1 79
66 11 26 45
66 12 31 95
66 13 1 108
66 17 50 73
66 23 39 7
66 27 13 28
66 31 41 67
67 1 51 63
67 3 53 56
67 5 25 75
67 6 17 28
67 7 59 23
67 13 19 108
67 25 4 103
68 1 37 63
68 3 25 56
68 6 53 28
68 8 49 6
68 9 27 64
68 10 7 24
68 14 46 8
68 19 55 111
68 20 19 77
68 21 31 53
68 26 23 13
69 3 37 56
69 6 27 52
69 12 14 80
69 14 50 85
69 26 39 13
69 27 31 28
70 2 32 23
70 12 1 95
70 13 7 37
70 15 9 106
70 18 4 47
70 24 19 59
70 27 25 28
70 29 13 69
70 32 49 43
71 11 1 45
71 12 4 80
71 15 14 106
71 17 16 73
71 19 19 111
71 20 55 77
71 25 43 103
71 26 51 13
71 30 10 94
71 31 7 67
72 1 16 63
72 5 43 54
72 17 1 62
72 18 40 47
72 21 49 53
72 23 11 7
72 26 29 13
72 27 7 98
72 28 4 117
72 29 25 69
72 30 58 94
73 3 19 56
73 4 25 49
73 9 9 64
73 11 16 45
73 12 7 80
73 14 31 8
73 16 46 25
73 21 34 91
73 23 3 7
74 1 17 15
74 3 39 56
74 6 37 52
74 9 55 116
74 12 15 95
74 14 19 85
74 15 5 106
74 21 22 91
74 23 43 7
74 26 11 13
75 2 37 23
75 9 45 116
75 14 55 85
75 16 28 25
75 25 25 103
75 26 41 13
75 29 1 5
75 30 52 94
76 3 9 56
76 4 44 49
76 7 23 23
76 12 26 95
76 13 1 51
76 15 52 106
76 17 39 73
76 25 58 103
76 26 15 13
76 31 33 67
77 9 29 64
77 10 49 24
77 12 25 80
77 15 41 106
77 17 57 10
77 19 37 111
77 21 1 53
77 22 43 76
78 1 9 15
78 3 46 56
78 8 31 6
78 10 37 24
78 12 40 80
78 15 35 106
78 16 43 25
78 17 13 62
78 24 50 59
78 29 19 5
78 32 55 43
79 6 35 28
79 9 11 116
79 12 1 80
79 15 59 106
79 17 4 10
79 21 22 53
79 27 43 98
79 28 28 117
79 30 40 94
80 3 51 56
80 6 41 28
80 10 31 24
80 16 7 25
80 17 34 73
80 19 1 111
80 21 46 91
80 27 37 98
80 28 25 117
80 30 28 94
80 32 19 43
Điểm tối ưu/tốt nhất tìm được: 746
Thời gian: 180.019388 giây
Trạng thái: VALID
