186
1 1 15 5
1 3 25 4
1 4 17 29
1 5 13 24
1 6 31 1
1 7 10 11
1 8 23 27
1 9 39 6
1 10 19 16
2 1 25 5
2 3 33 4
2 4 47 29
2 5 16 24
2 6 1 1
2 7 43 11
2 8 58 27
2 9 13 6
2 10 8 16
3 1 17 5
3 2 55 29
3 3 10 4
3 4 35 29
3 5 31 24
3 6 43 21
3 7 1 11
3 8 37 27
3 9 15 6
3 10 26 16
4 1 27 5
4 2 3 29
4 3 7 4
4 4 53 6
4 5 23 24
4 6 37 13
4 7 58 11
4 8 19 27
4 9 25 6
4 10 49 28
5 1 38 5
5 4 7 6
5 5 5 24
5 6 55 21
5 7 16 11
5 8 28 27
5 9 41 6
5 10 20 28
6 1 4 5
6 3 49 4
6 4 59 6
6 5 35 24
6 6 31 21
6 7 40 11
6 8 2 27
6 9 37 6
6 10 44 28
7 1 21 5
7 3 55 4
7 4 11 29
7 5 43 24
7 6 49 21
7 8 39 27
7 9 33 6
7 10 13 28
8 1 29 5
8 2 25 29
8 3 38 4
8 4 9 6
8 5 41 24
8 6 32 13
8 7 50 11
8 8 7 27
8 9 5 6
8 10 13 16
9 1 31 5
9 3 13 4
9 4 29 29
9 5 9 24
9 6 25 1
9 7 22 11
9 8 4 27
9 10 33 28
10 1 1 5
10 3 52 4
10 4 3 6
10 5 11 24
10 6 19 21
10 7 28 11
10 8 26 27
10 9 55 6
10 10 31 16
11 1 11 5
11 2 19 29
11 3 1 4
11 4 23 6
11 5 27 24
11 6 7 21
11 7 4 11
11 8 31 27
11 9 17 6
11 10 43 16
12 1 23 5
12 2 7 29
12 3 58 4
12 4 11 6
12 5 19 24
12 6 13 1
12 7 46 11
12 8 50 27
12 9 31 6
12 10 1 16
13 1 13 5
13 2 31 29
13 3 43 4
13 4 59 29
13 5 37 24
13 6 1 13
13 7 7 11
13 8 35 27
13 9 19 6
13 10 49 16
14 1 9 5
14 3 28 4
14 4 47 6
14 5 21 24
14 6 15 13
14 7 37 11
14 8 13 27
14 9 57 6
14 10 1 28
15 1 19 5
15 2 50 29
15 4 41 29
15 5 55 24
15 6 1 21
15 7 34 11
15 8 21 27
15 9 29 6
15 10 7 28
16 1 33 5
16 2 43 29
16 3 19 4
16 4 23 29
16 5 1 24
16 6 25 21
16 7 55 11
16 8 11 27
16 9 49 6
16 10 37 16
17 1 44 5
17 2 13 29
17 3 46 4
17 4 1 29
17 5 3 24
17 6 37 21
17 7 31 11
17 8 17 27
17 9 21 6
17 10 55 28
18 1 35 5
18 3 22 4
18 4 1 6
18 5 25 24
18 6 13 21
18 7 19 11
18 8 33 27
18 9 27 6
18 10 37 28
19 1 40 5
19 3 16 4
19 4 45 6
19 5 7 24
19 6 19 13
19 7 13 11
19 8 9 27
19 9 51 6
19 10 25 28
20 1 7 5
20 2 37 29
20 3 4 4
20 4 43 6
20 5 29 24
20 6 9 1
20 7 25 11
20 8 15 27
20 9 35 6
20 10 55 16
Điểm tối ưu/tốt nhất tìm được: 186
Thời gian: 19.957935 giây
Trạng thái: VALID
