1923
1 11 51 32
1 17 5 18
1 22 1 48
1 36 10 99
1 38 37 53
1 45 7 92
1 49 55 218
1 52 13 223
1 54 43 202
1 55 39 77
1 59 25 62
2 1 8 44
2 6 2 119
2 17 13 151
2 19 37 122
2 24 51 141
2 29 25 59
2 39 11 154
2 51 5 176
2 56 22 89
2 58 16 182
2 59 31 62
3 7 41 136
3 10 44 54
3 11 21 32
3 15 14 65
3 23 31 129
3 29 33 66
3 32 3 39
3 39 39 120
3 46 27 215
3 49 49 218
3 52 56 209
3 55 9 77
4 1 43 44
4 3 37 37
4 5 49 14
4 6 17 40
4 13 4 8
4 15 31 74
4 19 22 122
4 22 13 48
4 32 27 39
4 34 7 69
4 46 19 215
4 52 1 125
4 57 25 20
5 5 27 185
5 9 37 21
5 10 49 198
5 15 56 33
5 19 7 122
5 20 46 159
5 22 31 184
5 24 1 141
5 33 13 118
5 40 4 96
5 42 21 16
5 43 11 30
5 54 17 202
6 2 19 205
6 3 1 37
6 35 5 82
6 36 34 155
6 37 46 175
6 38 43 100
6 40 7 96
6 48 15 46
6 50 53 19
6 51 49 153
6 56 40 31
6 57 22 20
6 58 37 182
7 1 13 44
7 5 37 176
7 6 7 40
7 12 5 51
7 19 25 122
7 32 17 39
7 35 1 82
7 38 29 53
7 40 23 163
7 43 19 30
7 45 31 92
7 46 9 191
7 51 27 176
7 56 52 89
8 5 43 185
8 9 13 21
8 10 55 193
8 14 51 61
8 15 7 65
8 16 1 107
8 28 4 43
8 32 33 145
8 36 22 155
8 38 26 53
8 40 49 96
8 56 38 89
8 59 19 62
9 1 27 109
9 2 10 205
9 8 40 28
9 9 4 185
9 13 16 8
9 16 49 45
9 22 19 143
9 23 25 129
9 24 38 141
9 25 7 95
9 35 23 82
9 36 44 99
9 44 31 102
9 59 1 62
10 1 52 145
10 2 4 205
10 10 31 158
10 14 39 148
10 26 37 208
10 28 55 43
10 32 15 145
10 38 22 53
10 40 13 163
10 41 25 222
10 42 17 16
10 51 9 153
10 53 46 224
10 56 19 31
11 2 31 22
11 3 37 179
11 8 16 28
11 16 43 45
11 25 49 95
11 37 27 175
11 39 21 120
11 41 1 160
11 42 34 16
11 53 13 219
11 60 8 15
12 16 34 45
12 19 40 122
12 21 58 11
12 26 45 208
12 28 37 43
12 31 13 126
12 32 5 39
12 35 53 82
12 38 7 100
12 45 9 149
12 49 1 179
12 51 43 153
12 55 51 77
12 56 25 31
12 57 47 20
13 3 57 179
13 10 31 198
13 13 46 8
13 17 7 213
13 23 19 129
13 24 55 141
13 27 21 106
13 29 25 1
13 41 49 222
13 48 9 46
13 49 2 218
13 59 37 62
13 60 13 134
14 1 16 44
14 4 45 192
14 7 1 124
14 12 41 51
14 18 13 80
14 37 39 175
14 40 20 96
14 42 7 16
14 48 43 46
14 55 35 77
14 56 49 31
15 14 13 148
15 15 1 113
15 23 27 216
15 24 5 141
15 27 43 106
15 40 21 163
15 46 19 110
15 51 34 153
15 53 37 219
15 57 17 20
15 58 52 182
15 59 10 62
16 2 34 157
16 11 49 32
16 23 21 216
16 24 1 123
16 25 44 95
16 33 38 118
16 37 3 183
16 39 47 120
16 42 27 16
16 44 55 133
16 51 53 153
16 57 11 20
17 15 7 113
17 19 11 122
17 24 17 141
17 26 27 208
17 27 55 106
17 28 1 43
17 37 4 70
17 42 32 16
17 45 43 149
17 49 19 35
17 56 34 89
17 60 13 15
18 1 46 44
18 4 21 63
18 7 5 115
18 10 1 193
18 18 7 80
18 24 11 141
18 43 19 197
18 44 49 133
18 48 29 46
18 49 14 41
18 55 57 77
19 4 15 60
19 9 19 21
19 10 49 193
19 29 7 1
19 32 22 39
19 34 37 69
19 36 55 155
19 37 33 175
19 47 25 180
19 51 13 176
19 52 44 125
19 55 47 77
19 60 1 15
20 3 55 37
20 4 31 192
20 7 21 177
20 8 43 28
20 10 15 158
20 26 7 144
20 32 35 145
20 37 13 12
20 44 9 102
20 46 25 215
20 52 37 209
20 53 27 103
20 54 51 202
20 56 1 31
21 1 46 145
21 4 1 60
21 10 37 193
21 16 43 107
21 20 27 159
21 22 31 128
21 30 57 55
21 35 11 189
21 36 49 155
21 38 15 100
21 41 20 222
21 42 53 16
21 44 7 210
22 12 15 51
22 14 32 135
22 17 7 18
22 20 41 159
22 24 11 123
22 28 25 43
22 30 45 55
22 32 43 145
22 35 13 189
22 36 4 155
22 42 51 16
22 46 21 110
22 51 9 174
22 53 1 224
22 54 39 202
23 2 40 157
23 4 3 192
23 7 1 136
23 9 10 21
23 10 43 198
23 11 58 32
23 20 21 159
23 23 37 129
23 28 34 43
23 32 56 145
23 36 31 155
23 38 47 53
23 52 13 207
23 60 25 15
24 2 31 205
24 4 49 10
24 9 43 117
24 10 25 158
24 15 37 33
24 31 19 171
24 33 7 118
24 38 3 100
24 41 13 222
24 42 29 16
24 46 5 191
24 54 53 202
24 58 22 182
25 1 7 142
25 14 31 61
25 15 25 74
25 18 40 80
25 21 16 11
25 25 4 95
25 26 52 157
25 32 21 145
25 41 55 160
25 42 43 16
25 45 37 149
25 56 10 31
26 3 15 179
26 6 7 7
26 10 21 198
26 11 19 32
26 14 9 148
26 18 1 80
26 23 29 129
26 35 25 23
26 40 31 96
26 47 4 180
26 48 13 46
27 13 52 8
27 15 21 33
27 16 49 107
27 21 37 11
27 22 13 128
27 29 1 66
27 30 7 55
27 41 44 222
27 42 19 16
27 45 40 149
27 49 31 218
27 54 27 202
27 59 58 202
28 11 15 32
28 16 19 107
28 26 52 208
28 31 17 171
28 35 22 189
28 37 1 12
28 39 3 120
28 47 34 180
28 50 11 19
28 54 13 202
28 57 58 20
28 58 7 182
28 60 37 15
29 3 32 179
29 10 7 158
29 22 19 128
29 30 1 173
29 32 39 145
29 36 15 155
29 42 55 16
29 44 49 102
29 45 25 92
29 50 59 19
29 54 37 202
29 57 13 20
30 5 25 147
30 7 5 94
30 8 2 28
30 10 31 2
30 26 17 208
30 28 37 196
30 30 19 55
30 38 43 53
30 44 56 210
30 48 45 46
30 49 7 13
30 50 15 19
30 52 40 140
30 56 49 89
31 2 40 205
31 8 22 28
31 12 46 51
31 13 25 8
31 14 31 148
31 15 7 33
31 25 1 95
31 31 28 171
31 34 13 69
31 37 44 175
31 43 4 197
31 50 51 19
31 56 56 31
31 58 19 182
32 6 25 7
32 7 11 124
32 15 13 33
32 17 9 67
32 19 49 122
32 22 38 128
32 33 1 118
32 39 7 120
32 40 5 163
32 44 27 4
32 47 19 180
32 49 31 139
32 51 58 153
33 5 7 132
33 9 55 117
33 10 19 193
33 14 13 166
33 15 49 33
33 16 25 121
33 32 58 39
33 38 3 53
33 42 41 16
33 46 23 110
33 59 34 62
34 3 55 4
34 4 19 10
34 15 31 65
34 16 40 107
34 17 4 67
34 18 25 80
34 22 49 48
34 24 35 141
34 29 9 194
34 35 37 82
34 44 13 210
34 48 7 46
34 56 28 22
34 58 1 182
35 1 13 109
35 6 23 40
35 12 55 51
35 14 19 79
35 17 1 67
35 21 28 11
35 31 47 171
35 42 45 16
35 45 34 149
35 46 3 215
35 48 11 46
35 51 7 153
35 52 16 209
36 14 43 164
36 19 1 122
36 20 15 159
36 23 58 129
36 26 9 208
36 32 11 39
36 34 49 69
36 39 33 120
36 42 37 16
36 46 21 191
36 48 3 46
36 52 27 207
37 2 10 157
37 17 5 213
37 19 16 122
37 23 27 129
37 26 3 208
37 30 49 55
37 31 31 171
37 37 7 175
37 43 37 197
37 53 22 103
37 55 33 77
37 57 43 20
38 9 14 117
38 10 7 54
38 12 21 51
38 16 2 121
38 20 44 159
38 29 37 66
38 31 52 171
38 32 17 145
38 47 28 180
38 53 49 224
38 56 46 89
38 58 58 182
38 60 31 134
39 3 13 183
39 5 57 14
39 9 4 117
39 10 25 193
39 11 53 32
39 16 10 45
39 17 8 105
39 20 55 159
39 24 40 141
39 26 21 208
39 29 43 194
39 30 33 173
39 32 1 39
39 51 31 153
39 54 29 202
40 2 37 205
40 4 31 84
40 9 25 21
40 15 19 74
40 21 13 11
40 23 11 129
40 26 5 208
40 39 51 120
40 40 57 96
40 41 7 222
40 43 17 30
40 49 1 13
40 52 40 207
40 56 28 31
41 1 19 44
41 5 49 147
41 6 15 7
41 19 9 122
41 26 3 144
41 29 55 194
41 44 33 210
41 45 46 92
41 46 5 110
41 50 13 19
41 51 17 176
41 55 31 77
42 7 19 177
42 8 37 28
42 17 13 18
42 22 1 143
42 36 10 155
42 44 25 133
42 51 56 153
42 53 7 219
42 57 51 20
42 59 16 62
43 4 55 10
43 9 39 117
43 11 27 32
43 13 22 8
43 18 43 80
43 19 13 122
43 22 1 128
43 26 47 208
43 29 50 66
43 30 32 55
43 39 37 120
43 44 15 102
43 52 7 125
43 55 59 77
44 20 51 159
44 26 5 144
44 31 2 171
44 32 31 145
44 35 15 189
44 38 11 53
44 41 43 160
44 44 55 102
44 46 25 110
44 49 7 214
44 51 47 153
44 56 22 31
44 57 27 20
45 1 19 109
45 2 7 205
45 3 31 4
45 6 53 40
45 10 37 158
45 11 11 32
45 18 46 80
45 37 41 175
45 44 25 170
45 48 57 46
45 51 4 153
45 52 1 207
45 53 22 224
45 57 15 20
46 3 50 179
46 5 25 156
46 9 58 117
46 14 20 148
46 15 7 74
46 17 11 18
46 21 43 11
46 22 13 184
46 30 38 55
46 32 32 39
46 49 3 41
46 50 46 19
46 55 1 77
46 56 34 31
47 1 31 142
47 4 19 84
47 12 29 51
47 23 23 129
47 28 58 43
47 31 9 126
47 32 52 39
47 36 49 99
47 38 27 100
47 41 13 162
47 56 4 89
48 14 9 164
48 16 15 121
48 17 7 67
48 22 1 184
48 23 37 216
48 24 13 141
48 35 19 172
48 38 5 100
48 39 23 120
48 43 27 30
48 44 43 133
48 51 39 153
49 4 3 10
49 16 58 45
49 17 1 18
49 22 19 184
49 29 31 1
49 30 13 55
49 40 29 96
49 44 7 170
49 45 43 92
49 55 25 77
49 56 55 89
50 3 49 26
50 11 7 32
50 12 9 51
50 22 55 48
50 23 13 129
50 24 23 141
50 36 34 99
50 40 11 163
50 46 16 110
50 49 19 218
50 52 1 223
50 53 25 219
50 56 43 89
50 59 40 62
51 2 22 205
51 3 31 183
51 16 1 45
51 20 9 159
51 23 25 216
51 29 13 66
51 34 49 86
51 36 27 99
51 45 19 149
51 47 37 180
51 54 7 202
51 59 55 62
52 1 40 142
52 2 19 157
52 3 43 4
52 4 25 192
52 10 1 112
52 11 17 32
52 13 34 8
52 30 55 173
52 32 13 39
52 46 10 215
52 49 49 41
53 9 34 117
53 16 46 45
53 19 53 122
53 22 25 48
53 31 37 171
53 34 55 86
53 35 1 23
53 38 22 100
53 40 15 96
53 41 49 162
53 45 19 92
53 49 39 85
53 50 9 19
54 9 49 21
54 25 37 95
54 28 28 43
54 29 8 59
54 34 43 69
54 35 3 172
54 40 22 96
54 45 13 92
54 46 25 191
54 51 1 174
54 53 33 219
54 57 40 20
55 4 45 10
55 6 20 7
55 13 31 8
55 16 52 121
55 23 15 129
55 26 7 208
55 31 17 126
55 33 25 118
55 44 37 102
55 45 34 92
55 52 49 223
55 53 10 224
55 54 3 202
55 55 22 77
56 6 13 119
56 15 43 33
56 21 55 11
56 24 37 123
56 30 19 42
56 34 3 86
56 37 15 12
56 38 35 53
56 40 7 163
56 42 47 16
56 44 9 133
56 54 1 202
57 2 44 157
57 4 15 192
57 5 56 156
57 7 3 124
57 9 34 21
57 12 13 51
57 17 1 213
57 34 37 86
57 37 9 175
57 38 41 53
57 40 52 96
57 41 26 162
57 49 19 13
57 59 49 62
58 7 13 124
58 17 17 67
58 22 19 48
58 27 7 106
58 28 50 196
58 39 11 120
58 40 35 96
58 41 37 162
58 53 43 219
58 60 25 134
59 1 13 142
59 2 7 157
59 9 10 117
59 11 5 111
59 18 58 80
59 26 43 208
59 29 37 59
59 30 31 42
59 31 25 126
59 32 20 39
59 34 1 69
59 37 29 175
59 38 16 53
59 45 46 149
60 3 21 26
60 5 55 147
60 16 25 45
60 18 28 80
60 21 10 11
60 25 13 95
60 28 34 196
60 31 41 74
60 38 17 100
60 39 7 154
60 40 2 163
60 46 19 191
61 5 45 176
61 9 4 21
61 12 7 51
61 23 33 129
61 24 58 141
61 29 27 66
61 30 49 42
61 36 1 155
61 37 37 175
61 38 13 100
61 40 25 96
61 46 17 191
61 48 35 46
61 51 22 153
61 53 10 103
62 1 28 44
62 9 45 21
62 11 35 32
62 19 43 122
62 20 5 159
62 23 2 216
62 24 25 141
62 34 19 69
62 38 9 53
62 39 31 120
62 44 13 170
62 45 49 92
62 51 7 174
63 1 31 44
63 5 7 176
63 7 16 124
63 9 22 21
63 23 39 129
63 24 43 141
63 31 45 171
63 35 25 172
63 36 1 99
63 37 11 85
63 53 13 224
63 54 5 202
64 2 28 157
64 3 19 36
64 5 37 14
64 6 1 40
64 8 32 28
64 14 49 135
64 16 25 107
64 20 57 159
64 23 53 129
64 36 7 99
64 39 41 120
64 40 45 96
64 49 14 13
64 51 3 174
64 52 10 223
65 3 37 183
65 6 21 119
65 13 28 8
65 16 44 121
65 22 7 48
65 24 13 70
65 26 57 208
65 38 11 100
65 44 1 170
65 48 17 46
65 49 31 85
65 51 19 153
65 55 15 77
65 59 52 62
66 4 7 192
66 5 13 147
66 11 55 32
66 12 44 51
66 16 34 121
66 19 59 122
66 20 23 159
66 22 50 128
66 26 11 144
66 37 31 175
66 40 27 96
66 44 1 4
66 45 38 98
66 50 57 19
66 57 5 20
67 4 43 63
67 6 27 7
67 7 17 94
67 9 7 21
67 15 1 33
67 16 31 107
67 17 10 151
67 29 56 66
67 30 13 173
67 37 20 175
67 39 5 154
67 41 49 160
67 45 22 149
68 6 31 7
68 12 19 51
68 21 46 11
68 22 38 184
68 32 23 145
68 43 16 197
68 45 28 92
68 50 7 19
68 51 51 153
68 53 10 219
68 57 49 20
68 58 4 182
69 5 49 176
69 10 2 54
69 16 56 107
69 18 22 80
69 24 34 91
69 25 19 95
69 32 8 145
69 35 27 189
69 39 25 120
69 44 37 210
69 52 10 125
69 53 43 224
69 54 15 202
69 55 17 77
69 57 31 20
70 5 25 14
70 9 49 117
70 14 38 166
70 15 3 74
70 18 55 80
70 20 59 159
70 25 10 95
70 26 15 208
70 29 31 194
70 31 23 74
70 39 44 120
70 46 1 191
70 51 17 174
70 52 19 223
71 3 31 26
71 4 15 10
71 6 10 119
71 11 8 111
71 15 1 65
71 16 22 107
71 24 5 91
71 36 19 99
71 43 13 197
71 49 43 41
71 53 28 219
71 54 49 202
71 56 25 89
71 60 37 134
72 2 49 157
72 4 13 63
72 11 9 32
72 20 31 159
72 24 29 141
72 26 47 157
72 29 3 59
72 31 33 171
72 37 7 85
72 42 1 16
72 43 25 30
72 46 11 110
72 50 27 19
72 53 22 219
72 56 37 22
73 3 43 36
73 11 40 32
73 12 1 51
73 16 37 107
73 26 17 157
73 35 5 172
73 36 7 155
73 41 31 222
73 43 3 30
73 46 13 110
73 47 58 180
73 53 19 219
74 1 52 44
74 2 28 205
74 3 7 26
74 9 31 21
74 11 43 32
74 21 34 11
74 26 1 208
74 36 14 99
74 40 47 96
74 45 55 92
74 51 45 153
74 55 37 77
74 56 4 31
75 5 31 176
75 8 28 28
75 10 1 198
75 29 13 194
75 35 9 189
75 40 55 96
75 47 43 180
75 48 37 46
75 49 39 218
75 53 57 224
75 54 21 202
76 7 7 124
76 9 1 21
76 12 38 51
76 14 9 61
76 23 45 129
76 31 59 171
76 33 20 118
76 40 43 96
76 45 4 149
76 46 17 215
77 1 10 109
77 9 7 117
77 14 25 61
77 23 43 129
77 31 49 171
77 35 58 82
77 39 55 120
77 40 33 96
77 44 15 4
77 45 19 14
77 46 13 191
77 49 38 214
77 60 2 134
78 4 37 60
78 8 52 28
78 9 22 117
78 10 1 2
78 11 45 32
78 21 25 11
78 24 5 75
78 29 13 59
78 32 50 145
78 42 9 16
78 47 55 180
78 48 20 46
78 52 28 125
79 4 38 192
79 6 15 119
79 11 33 32
79 12 23 51
79 19 31 122
79 20 17 159
79 23 4 129
79 26 11 208
79 32 25 39
79 42 49 16
79 43 9 30
79 46 7 191
79 48 1 46
79 56 43 22
80 3 49 4
80 5 7 14
80 6 17 7
80 11 23 32
80 19 27 122
80 21 40 11
80 22 31 143
80 29 43 66
80 37 1 70
80 40 13 96
80 42 25 16
80 53 19 224
81 2 49 22
81 4 7 60
81 6 3 40
81 11 1 111
81 25 22 95
81 26 59 157
81 37 35 175
81 40 17 96
81 41 37 160
81 47 31 180
81 51 41 153
81 54 47 202
82 1 22 142
82 2 44 205
82 12 11 51
82 14 51 164
82 15 57 65
82 23 31 216
82 24 47 141
82 28 8 196
82 32 35 39
82 39 49 120
82 45 26 149
82 50 33 19
82 51 15 153
82 53 19 103
82 57 3 20
83 2 46 22
83 5 7 147
83 7 27 177
83 14 37 135
83 29 33 59
83 39 25 154
83 40 16 163
83 43 23 197
83 44 1 210
83 48 51 46
83 55 11 77
83 56 19 89
83 59 13 62
84 4 49 192
84 5 31 147
84 12 59 51
84 15 25 113
84 16 46 107
84 20 3 159
84 26 23 208
84 27 37 106
84 28 43 43
84 37 1 183
84 39 14 120
84 46 7 110
84 54 55 202
85 5 37 147
85 16 10 107
85 20 35 159
85 22 56 143
85 36 45 155
85 37 7 183
85 47 16 180
85 50 1 19
85 53 4 219
85 54 41 202
86 7 1 177
86 8 13 28
86 26 19 144
86 32 41 39
86 35 16 23
86 37 56 175
86 38 51 100
86 40 37 96
86 43 31 197
86 48 49 46
86 50 39 19
86 53 7 224
86 54 34 202
87 5 19 185
87 13 58 8
87 18 49 80
87 20 1 159
87 22 7 128
87 30 3 55
87 31 15 171
87 33 31 118
87 34 44 86
87 38 25 100
87 44 37 133
87 46 27 110
87 52 52 207
88 1 4 109
88 9 1 185
88 12 32 51
88 14 44 135
88 21 19 11
88 23 55 129
88 24 7 141
88 26 34 208
88 28 16 196
88 29 25 194
88 30 49 173
88 36 39 99
88 39 9 154
88 58 13 182
89 1 4 142
89 6 35 7
89 19 19 122
89 26 29 208
89 28 13 43
89 31 41 171
89 34 25 69
89 41 31 162
89 44 21 210
89 47 7 180
89 50 43 19
89 52 10 207
89 53 38 224
90 2 37 157
90 15 55 74
90 20 53 159
90 23 40 216
90 26 50 208
90 30 13 42
90 31 35 74
90 32 29 39
90 43 1 30
90 44 19 4
90 45 31 149
90 46 9 110
91 5 33 156
91 7 1 115
91 8 25 28
91 9 46 117
91 18 37 80
91 24 3 141
91 26 31 208
91 28 40 43
91 37 8 12
91 43 21 30
91 47 52 180
91 55 28 77
92 3 57 36
92 4 43 60
92 5 1 147
92 7 5 177
92 9 31 117
92 12 17 51
92 15 49 74
92 17 11 67
92 31 23 126
92 34 13 86
92 35 7 189
92 40 9 163
92 41 19 160
92 53 25 224
92 58 28 182
93 1 3 44
93 2 52 205
93 3 7 37
93 8 46 28
93 22 25 143
93 37 15 175
93 38 35 100
93 45 39 92
93 48 33 46
93 50 37 19
93 51 1 153
94 1 16 142
94 2 1 205
94 5 50 132
94 8 7 28
94 9 28 117
94 11 37 32
94 14 39 61
94 28 46 43
94 29 19 194
94 37 23 12
94 43 10 197
94 50 35 19
94 53 13 103
95 2 25 157
95 3 31 36
95 6 5 7
95 9 40 21
95 16 28 45
95 26 59 208
95 28 20 196
95 31 1 126
95 32 45 39
95 37 17 12
95 38 13 53
95 49 7 218
96 1 25 142
96 10 21 112
96 11 29 32
96 24 7 70
96 27 2 106
96 29 13 1
96 30 57 42
96 36 31 99
96 38 40 100
96 40 19 163
96 44 43 170
96 50 55 19
96 57 9 20
96 58 34 182
97 5 31 14
97 6 9 7
97 17 23 67
97 26 41 208
97 28 44 196
97 30 37 173
97 34 19 86
97 38 52 53
97 46 5 215
97 49 1 139
97 52 25 125
97 59 28 62
98 2 1 157
98 10 31 54
98 15 21 65
98 25 25 95
98 26 13 208
98 35 10 23
98 37 17 175
98 49 37 139
98 51 15 176
98 52 4 223
98 54 19 202
98 56 7 89
98 57 53 20
99 1 34 44
99 3 3 36
99 6 13 7
99 7 9 124
99 16 15 45
99 18 19 80
99 25 31 95
99 29 43 1
99 30 25 42
99 31 39 171
99 36 22 99
99 37 1 175
99 42 57 16
99 48 41 46
100 4 9 10
100 13 55 8
100 15 26 65
100 17 19 67
100 31 7 126
100 32 2 145
100 39 47 62
100 52 16 207
100 53 4 103
100 54 45 202
100 56 13 31
101 21 4 11
101 23 21 129
101 26 55 208
101 31 23 171
101 32 39 39
101 38 33 53
101 39 1 154
101 40 11 96
101 41 43 162
101 44 25 210
101 56 16 31
101 59 7 62
102 4 19 192
102 11 3 111
102 16 58 121
102 18 34 80
102 23 51 129
102 36 55 99
102 43 15 30
102 44 37 4
102 45 10 92
102 48 31 46
102 49 43 85
102 50 41 19
102 52 25 140
102 53 28 224
102 55 53 77
103 1 1 142
103 9 56 21
103 12 34 51
103 14 44 148
103 16 22 45
103 17 13 67
103 20 37 159
103 24 19 141
103 28 49 43
103 32 28 145
103 37 4 12
103 41 9 160
103 46 7 215
103 53 16 103
104 2 34 205
104 10 7 198
104 12 52 51
104 13 19 8
104 16 4 45
104 17 11 105
104 22 43 128
104 28 25 196
104 40 28 163
104 45 1 149
104 46 15 215
104 53 31 224
104 55 49 77
104 59 22 62
105 2 49 205
105 6 11 7
105 9 52 21
105 26 13 144
105 34 31 86
105 35 3 82
105 39 19 120
105 41 7 162
105 43 1 197
105 52 22 209
105 55 45 77
105 56 28 89
106 2 14 157
106 6 26 119
106 7 3 177
106 8 10 28
106 20 39 159
106 23 17 129
106 24 49 141
106 26 57 157
106 31 1 74
106 32 43 39
106 38 33 100
106 48 5 46
106 57 29 20
107 5 15 185
107 11 3 32
107 13 40 8
107 15 25 33
107 16 22 121
107 23 13 216
107 24 9 141
107 28 52 43
107 31 5 126
107 32 37 39
107 38 1 53
107 41 55 162
107 60 43 134
108 5 20 147
108 15 43 65
108 23 4 216
108 24 15 141
108 37 2 85
108 41 25 160
108 43 39 197
108 48 53 46
108 49 49 139
108 56 10 89
108 57 37 20
108 58 31 182
108 60 56 134
109 1 19 142
109 5 31 185
109 6 56 7
109 15 14 74
109 19 4 122
109 23 41 129
109 24 11 75
109 26 25 208
109 31 49 126
109 35 35 189
109 44 27 102
109 45 22 14
109 46 1 110
109 48 39 46
109 60 7 134
110 1 49 44
110 2 31 157
110 4 25 63
110 6 1 7
110 14 37 79
110 15 43 74
110 16 52 45
110 26 17 144
110 30 20 173
110 31 9 171
110 35 7 82
110 41 13 160
110 45 3 92
110 49 55 41
111 1 58 145
111 5 43 147
111 10 8 193
111 22 25 128
111 28 31 43
111 31 56 171
111 44 14 133
111 45 52 92
111 46 29 191
111 52 1 209
111 59 4 62
112 3 44 183
112 4 31 10
112 14 27 79
112 16 19 12
112 17 4 105
112 20 7 159
112 22 49 143
112 23 17 216
112 30 37 42
112 47 22 180
112 51 13 153
112 58 10 182
112 60 55 15
113 7 59 115
113 10 13 112
113 11 1 32
113 16 28 121
113 24 33 141
113 28 56 196
113 32 7 39
113 35 25 82
113 36 19 155
113 39 9 120
113 42 39 16
113 60 49 15
114 7 5 124
114 16 10 121
114 20 19 159
114 22 37 48
114 28 13 196
114 29 21 59
114 30 25 55
114 38 29 100
114 39 1 120
114 42 3 16
114 43 41 197
114 53 7 103
115 7 11 177
115 14 25 166
115 20 29 159
115 21 1 11
115 22 7 143
115 43 49 197
115 44 33 133
115 45 22 98
115 47 46 180
115 49 15 214
115 50 4 19
115 54 31 202
115 55 13 77
115 56 19 22
116 2 4 157
116 4 32 63
116 7 21 136
116 17 7 151
116 19 57 122
116 20 11 159
116 21 52 11
116 28 1 196
116 37 59 175
116 47 13 180
116 50 19 19
116 53 16 224
116 54 9 202
117 1 38 44
117 14 15 79
117 15 31 33
117 17 23 151
117 24 7 123
117 29 1 194
117 39 5 120
117 45 43 14
117 46 21 215
117 47 10 180
117 49 25 218
117 51 13 174
117 55 19 77
117 58 46 182
118 1 22 44
118 6 11 40
118 9 19 117
118 14 51 148
118 15 37 74
118 22 7 184
118 23 15 216
118 30 44 42
118 35 17 189
118 39 28 120
118 48 25 46
118 50 49 19
118 52 31 209
118 53 1 219
119 2 40 22
119 3 43 37
119 5 55 132
119 6 9 40
119 14 51 166
119 17 5 151
119 23 49 129
119 27 31 106
119 28 20 43
119 29 1 1
119 36 28 155
119 40 38 163
119 42 15 16
119 51 26 153
120 1 16 109
120 2 1 22
120 4 37 84
120 10 31 193
120 23 9 129
120 29 49 59
120 30 25 173
120 31 43 171
120 43 23 30
120 50 21 19
120 52 4 209
120 56 46 31
121 13 49 8
121 14 37 164
121 16 19 45
121 20 25 159
121 22 31 48
121 23 47 129
121 32 5 145
121 37 52 175
121 41 1 222
121 45 7 98
121 48 27 46
121 51 11 174
121 59 44 62
122 1 57 44
122 2 13 205
122 4 39 63
122 12 25 51
122 18 10 80
122 21 22 11
122 22 44 143
122 23 7 216
122 24 27 141
122 35 1 189
122 44 49 210
122 45 16 14
122 46 3 110
123 8 57 28
123 9 25 117
123 10 14 193
123 14 32 164
123 22 19 88
123 25 28 95
123 27 50 106
123 35 11 82
123 37 4 175
123 44 44 210
123 45 1 14
123 52 7 223
124 13 8 8
124 23 29 216
124 30 1 42
124 31 25 171
124 33 45 118
124 42 11 16
124 45 16 92
124 52 13 125
124 53 31 103
124 54 23 202
124 55 55 77
124 58 49 182
125 16 28 107
125 18 16 80
125 23 19 216
125 38 1 100
125 43 21 197
125 45 58 92
125 49 3 214
125 57 45 20
126 17 55 105
126 19 33 122
126 23 10 216
126 24 3 75
126 31 13 171
126 32 37 145
126 43 5 30
126 48 22 46
126 52 19 209
126 56 7 31
126 57 1 20
127 7 1 94
127 16 7 121
127 19 29 122
127 23 34 216
127 27 25 106
127 29 49 1
127 36 4 99
127 38 46 100
127 43 13 30
127 48 55 46
127 49 37 13
127 56 31 31
127 59 58 62
128 3 25 179
128 5 31 132
128 6 29 119
128 10 56 54
128 12 49 51
128 14 19 135
128 16 7 107
128 31 4 171
128 32 10 145
128 38 39 53
128 46 23 215
128 49 14 218
129 5 43 132
129 24 53 141
129 25 58 95
129 28 31 196
129 29 19 66
129 32 13 145
129 35 4 189
129 36 25 155
129 39 16 120
129 41 37 222
129 43 8 197
129 50 29 19
129 52 50 209
129 53 1 103
129 57 55 20
130 3 19 37
130 7 46 124
130 13 1 8
130 15 13 113
130 17 17 18
130 26 39 208
130 32 9 39
130 34 55 69
130 45 4 34
130 48 59 46
130 55 41 77
130 56 43 31
130 57 34 20
131 10 43 193
131 13 37 8
131 16 40 45
131 20 13 159
131 34 27 86
131 38 31 53
131 39 56 154
131 40 9 96
131 41 1 162
131 45 16 98
131 54 25 202
131 55 5 77
131 57 7 20
132 2 22 157
132 11 25 32
132 12 27 51
132 16 19 121
132 17 15 67
132 20 49 159
132 21 31 11
132 24 1 131
132 25 55 95
132 29 45 59
132 31 7 171
132 37 10 12
132 39 3 154
132 53 34 224
132 55 43 77
133 2 25 205
133 4 7 84
133 6 5 40
133 9 1 117
133 15 37 65
133 35 13 82
133 39 35 120
133 41 31 160
133 46 15 191
133 51 28 153
133 57 19 20
134 10 13 198
134 24 1 167
134 26 55 157
134 29 19 1
134 31 3 126
134 35 25 189
134 45 57 149
134 52 7 140
134 56 37 31
135 6 43 119
135 10 7 112
135 21 49 11
135 28 16 43
135 35 29 189
135 37 13 175
135 41 19 162
135 42 5 16
135 43 27 197
135 50 25 19
135 51 11 176
135 52 31 125
136 5 37 185
136 6 14 40
136 8 49 28
136 10 56 158
136 11 5 32
136 16 31 45
136 22 25 3
136 26 9 144
136 31 21 171
136 37 11 175
136 38 7 53
136 44 1 102
136 58 43 182
137 1 25 44
137 3 32 37
137 6 3 7
137 15 21 113
137 25 16 95
137 26 19 208
137 29 49 194
137 38 9 100
137 39 53 120
137 41 55 222
137 54 11 202
137 56 13 89
138 3 43 179
138 11 13 32
138 12 3 51
138 24 11 91
138 28 28 196
138 29 7 66
138 34 31 69
138 44 19 133
138 46 1 215
138 49 50 85
138 53 16 219
139 4 32 60
139 7 3 136
139 11 47 32
139 14 9 79
139 16 13 107
139 22 43 48
139 23 7 129
139 43 50 30
139 50 17 19
139 51 5 174
140 6 4 119
140 9 52 117
140 13 13 8
140 16 40 121
140 17 49 151
140 25 34 95
140 30 7 173
140 31 11 171
140 37 16 85
140 38 19 53
140 46 38 191
140 52 21 140
140 56 1 89
140 60 43 15
141 3 25 36
141 4 7 63
141 5 55 176
141 9 16 21
141 13 43 8
141 14 1 135
141 18 31 80
141 29 37 194
141 35 19 189
141 42 59 16
141 45 22 92
141 56 52 31
142 7 11 94
142 28 40 196
142 30 43 173
142 33 55 118
142 34 7 86
142 38 5 53
142 39 14 154
142 42 23 16
142 45 50 149
142 49 19 85
142 51 37 153
142 55 3 77
142 56 16 89
142 60 31 15
143 8 19 28
143 11 31 32
143 19 35 122
143 20 33 159
143 25 52 95
143 31 11 74
143 39 58 120
143 43 25 197
143 46 3 191
143 47 40 180
143 52 16 125
143 55 7 77
143 58 55 182
144 16 16 107
144 17 1 105
144 19 46 122
144 23 35 129
144 31 51 126
144 32 26 145
144 35 7 23
144 38 31 100
144 43 43 197
144 44 3 133
144 50 23 19
144 58 40 182
144 60 19 15
145 6 29 7
145 12 57 51
145 14 8 166
145 16 31 121
145 19 55 122
145 23 23 216
145 24 21 141
145 29 37 1
145 33 50 118
145 35 4 23
145 40 59 96
145 45 16 149
145 47 1 180
145 48 47 46
146 2 55 205
146 14 31 79
146 21 7 11
146 22 25 184
146 26 1 144
146 28 4 196
146 32 15 39
146 35 17 82
146 37 23 175
146 38 20 100
146 42 13 16
146 43 29 197
146 51 11 153
146 60 49 134
147 2 16 205
147 14 27 135
147 22 38 143
147 24 45 141
147 26 23 144
147 28 8 43
147 29 55 1
147 31 11 126
147 37 25 175
147 40 2 96
147 43 34 197
147 47 49 180
147 51 20 176
147 53 4 224
147 56 31 89
148 1 10 142
148 2 58 205
148 5 1 176
148 9 28 21
148 15 31 113
148 16 37 45
148 18 52 80
148 27 13 106
148 40 40 96
148 44 45 102
148 51 17 153
148 52 7 207
148 60 19 134
149 10 25 198
149 16 52 107
149 18 4 80
149 24 31 141
149 29 57 59
149 35 1 172
149 43 7 30
149 44 19 102
149 45 13 149
149 46 11 191
149 49 43 218
149 52 34 209
150 5 43 156
150 6 22 7
150 17 56 67
150 19 51 122
150 22 15 143
150 23 2 129
150 25 40 95
150 30 7 42
150 31 35 171
150 32 19 145
150 37 49 175
150 46 13 215
150 50 31 19
150 56 58 89
150 58 25 182
Điểm tối ưu/tốt nhất tìm được: 1923
Thời gian: 360.002771 giây
Trạng thái: VALID
