1122
1 6 59 139
1 9 7 136
1 11 31 135
1 25 3 117
1 26 20 75
1 28 16 137
1 29 55 119
1 35 40 107
1 37 28 83
1 38 44 9
2 3 22 13
2 6 13 22
2 7 7 143
2 9 1 91
2 11 19 135
2 14 58 100
2 18 55 133
2 25 5 117
2 29 43 44
2 33 49 29
2 34 31 111
2 36 25 36
3 9 55 45
3 13 7 82
3 14 22 100
3 17 43 37
3 19 1 3
3 20 17 77
3 23 49 131
3 29 13 44
3 33 32 29
3 34 25 78
3 36 37 36
3 39 4 33
4 7 40 69
4 10 4 23
4 11 37 32
4 14 7 100
4 15 13 38
4 16 17 31
4 19 27 3
4 23 31 47
4 27 47 113
4 28 19 137
4 31 11 80
4 35 1 107
5 3 9 13
5 6 15 22
5 15 55 7
5 20 7 77
5 25 41 117
5 27 11 76
5 34 25 111
5 36 1 135
5 37 49 83
6 1 7 25
6 3 4 13
6 9 19 24
6 14 16 100
6 18 31 55
6 20 51 51
6 22 11 118
6 31 1 94
6 34 25 26
6 37 46 83
7 1 25 25
7 6 35 139
7 7 50 143
7 9 13 6
7 19 17 3
7 21 7 49
7 24 31 12
7 27 29 113
7 29 37 119
7 31 3 94
7 33 19 29
7 34 43 134
8 1 31 25
8 2 23 9
8 5 46 1
8 9 1 6
8 19 13 3
8 21 43 124
8 22 49 118
8 25 21 117
8 27 17 113
8 33 51 61
8 34 26 134
8 36 8 135
8 38 37 71
9 3 19 13
9 6 21 139
9 7 15 69
9 13 25 82
9 16 13 11
9 18 46 133
9 19 7 3
9 20 28 52
9 23 1 60
9 26 55 125
9 36 31 36
9 38 49 9
10 2 3 121
10 3 39 95
10 7 56 143
10 8 33 16
10 11 25 32
10 16 7 67
10 18 49 55
10 19 47 138
10 23 13 35
10 25 17 109
10 29 9 44
10 30 1 123
10 37 19 83
11 5 37 1
11 8 26 73
11 12 50 96
11 18 43 133
11 20 10 77
11 23 13 131
11 24 20 12
11 25 59 117
11 26 31 125
11 35 1 43
11 37 7 83
12 6 7 139
12 13 43 82
12 16 5 11
12 18 34 133
12 25 19 117
12 30 25 123
12 31 21 102
12 32 55 97
12 35 10 107
13 2 59 121
13 3 16 13
13 8 19 73
13 9 1 45
13 17 49 37
13 18 13 133
13 19 11 128
13 22 40 118
13 23 7 47
13 30 47 123
13 38 32 71
13 40 43 100
14 1 37 25
14 2 28 121
14 4 44 118
14 16 16 67
14 24 8 12
14 26 55 75
14 28 25 103
14 32 19 97
14 33 50 14
14 35 4 43
14 37 13 83
15 2 56 121
15 5 25 1
15 6 5 139
15 7 58 69
15 10 9 23
15 15 44 38
15 20 13 52
15 24 49 12
15 25 7 117
15 27 15 113
15 30 21 123
15 31 17 80
15 38 37 9
16 8 19 22
16 16 23 31
16 18 31 133
16 20 3 51
16 21 14 59
16 23 43 47
16 25 37 117
16 27 57 113
16 28 26 41
16 34 7 78
16 38 50 71
16 39 40 33
17 3 3 132
17 9 37 6
17 10 45 23
17 11 34 32
17 12 19 96
17 16 10 11
17 18 16 133
17 20 1 77
17 21 28 124
17 27 5 76
17 28 31 103
17 35 25 107
18 6 43 139
18 7 1 143
18 9 50 91
18 11 19 32
18 15 38 7
18 18 4 55
18 21 16 124
18 26 7 125
18 27 59 113
18 35 45 107
18 36 31 34
19 4 51 118
19 5 7 1
19 8 31 22
19 14 28 100
19 19 35 3
19 23 37 47
19 26 43 75
19 34 13 26
19 35 22 107
19 37 10 83
19 40 1 64
20 2 1 35
20 5 52 1
20 7 19 69
20 9 25 45
20 16 23 11
20 20 55 51
20 23 37 28
20 26 13 51
20 30 41 123
20 31 29 102
20 35 10 89
21 4 21 118
21 6 40 139
21 16 8 11
21 18 1 55
21 21 27 49
21 22 25 118
21 25 37 109
21 27 55 113
21 31 13 102
21 37 31 83
21 38 15 9
21 39 34 33
22 3 1 95
22 8 7 73
22 10 31 23
22 13 40 82
22 14 4 100
22 20 19 52
22 23 33 104
22 28 28 137
22 31 21 94
22 34 13 111
22 36 55 34
22 39 25 33
23 1 14 25
23 6 27 139
23 7 34 147
23 8 43 73
23 9 38 91
23 11 4 32
23 20 1 52
23 23 9 35
23 31 7 80
23 34 56 111
23 35 22 21
24 2 31 121
24 3 10 95
24 6 17 22
24 8 25 140
24 11 50 123
24 13 1 12
24 15 13 7
24 16 8 31
24 24 55 12
24 27 19 76
24 31 5 94
25 6 45 139
25 9 51 6
25 11 28 135
25 16 13 67
25 19 1 138
25 20 49 51
25 21 10 46
25 23 56 104
25 27 31 113
25 33 37 14
25 35 25 43
25 38 3 9
26 3 25 132
26 8 3 22
26 9 7 6
26 13 19 82
26 21 22 59
26 22 1 118
26 29 43 119
26 31 17 102
26 35 37 107
26 36 55 135
26 38 13 71
27 1 1 25
27 2 49 121
27 5 55 1
27 13 46 12
27 16 21 11
27 18 40 133
27 20 53 51
27 23 13 28
27 25 44 117
27 29 7 115
28 2 41 9
28 5 43 1
28 6 14 139
28 9 33 24
28 10 23 23
28 11 49 32
28 15 19 7
28 16 16 11
28 19 29 3
28 21 7 144
28 25 25 109
28 30 31 123
28 36 1 36
28 39 37 33
29 2 41 121
29 6 11 139
29 9 49 24
29 13 2 82
29 17 14 37
29 23 7 131
29 31 19 102
29 33 25 29
29 34 43 111
29 35 21 43
29 39 58 33
30 3 10 132
30 6 49 139
30 8 1 140
30 10 55 23
30 12 43 96
30 19 25 3
30 21 7 124
30 26 13 75
30 27 41 135
30 35 37 21
30 39 31 33
31 2 21 121
31 7 4 147
31 9 26 24
31 10 19 23
31 13 52 82
31 21 10 49
31 23 45 28
31 33 55 14
31 34 31 134
31 37 16 112
32 3 17 95
32 7 31 143
32 8 43 22
32 9 55 24
32 16 11 67
32 18 49 133
32 21 34 49
32 23 19 35
32 27 5 135
32 29 38 115
32 35 13 21
32 37 1 83
32 40 7 64
33 2 37 121
33 6 53 139
33 7 39 147
33 15 31 7
33 19 1 128
33 20 7 52
33 21 22 49
33 28 4 103
33 31 13 94
33 35 10 21
33 37 15 16
34 6 29 139
34 9 43 24
34 10 35 23
34 11 22 32
34 29 1 119
34 30 37 123
34 31 19 94
34 33 25 14
34 34 31 78
34 37 40 112
35 2 46 121
35 4 31 118
35 7 16 143
35 16 9 67
35 21 13 46
35 23 2 131
35 31 35 80
35 32 37 97
35 33 26 61
35 39 22 33
36 3 5 132
36 7 19 147
36 9 37 45
36 10 17 23
36 12 13 96
36 13 31 82
36 16 3 31
36 23 25 104
36 35 22 89
36 37 8 112
37 3 23 101
37 10 15 23
37 11 7 32
37 16 28 67
37 19 13 128
37 22 5 118
37 23 1 28
37 28 20 103
37 33 31 61
37 37 25 83
37 39 10 33
38 1 49 25
38 12 25 96
38 14 1 100
38 23 55 28
38 27 44 113
38 31 9 94
38 33 31 14
38 34 19 78
38 35 16 107
38 40 37 64
39 9 21 45
39 10 51 23
39 16 11 17
39 19 17 138
39 20 57 51
39 21 4 144
39 27 19 113
39 29 13 119
39 31 1 80
39 36 7 34
39 38 25 71
40 11 22 135
40 13 10 82
40 16 5 31
40 18 37 55
40 19 17 128
40 20 25 77
40 27 33 113
40 28 7 137
40 30 3 123
40 31 19 80
40 36 13 36
40 37 49 112
41 2 19 121
41 7 52 147
41 20 29 51
41 21 21 46
41 22 13 118
41 23 8 28
41 25 39 117
41 30 16 123
41 33 55 29
41 35 44 89
41 36 1 34
41 37 34 83
41 39 49 33
42 1 55 25
42 2 7 121
42 7 20 143
42 8 31 140
42 11 25 135
42 20 35 51
42 25 9 117
42 30 39 123
42 33 13 14
42 34 1 134
42 39 28 33
43 5 40 1
43 7 28 69
43 8 49 22
43 13 43 12
43 22 37 118
43 33 7 61
43 35 4 21
43 37 55 83
44 7 3 69
44 16 15 17
44 20 43 52
44 21 57 124
44 23 45 35
44 25 1 117
44 28 25 137
44 33 7 29
44 34 19 134
44 37 52 112
45 5 16 1
45 6 51 139
45 10 47 23
45 11 28 32
45 20 22 52
45 23 1 104
45 29 31 44
45 33 37 61
45 35 55 107
45 38 7 71
45 39 19 33
46 5 13 1
46 7 25 69
46 8 19 140
46 10 29 23
46 15 49 38
46 25 11 117
46 27 59 135
46 28 1 84
46 31 5 102
46 33 7 14
46 40 55 64
47 2 5 121
47 9 13 45
47 16 31 11
47 20 59 51
47 21 19 59
47 23 26 47
47 25 7 109
47 31 39 94
47 32 49 97
47 38 43 71
48 5 31 1
48 8 13 73
48 9 43 45
48 14 10 100
48 21 26 59
48 23 20 28
48 26 37 75
48 36 49 36
48 37 58 83
48 38 1 71
49 10 33 23
49 11 52 32
49 14 25 100
49 18 58 133
49 19 15 128
49 21 10 124
49 23 43 131
49 27 39 113
49 28 2 137
49 33 19 14
49 39 7 33
50 2 1 121
50 3 19 101
50 7 31 69
50 18 43 55
50 22 35 118
50 26 3 125
50 29 25 119
50 30 9 123
50 31 11 94
50 36 13 34
51 2 1 9
51 3 17 101
51 5 49 1
51 9 13 91
51 10 11 23
51 18 28 133
51 20 25 52
51 21 19 144
51 26 7 75
51 27 5 113
51 28 34 103
51 40 43 64
52 3 9 101
52 6 31 139
52 15 25 38
52 16 29 11
52 21 1 144
52 23 37 104
52 25 57 117
52 35 19 21
52 36 51 34
52 37 43 112
52 39 16 33
53 6 38 139
53 9 57 91
53 18 52 133
53 19 20 3
53 22 3 118
53 25 55 117
53 29 13 115
53 30 23 123
53 32 43 97
53 34 7 111
53 35 28 107
54 7 25 143
54 16 37 11
54 20 11 52
54 21 28 46
54 25 4 109
54 28 1 103
54 31 7 94
54 35 31 107
54 37 34 112
55 7 25 147
55 8 39 140
55 10 37 23
55 13 34 82
55 15 19 38
55 19 9 138
55 20 5 52
55 21 52 59
55 31 3 102
55 33 55 61
56 3 11 13
56 7 13 147
56 18 16 55
56 23 49 35
56 25 19 109
56 28 4 41
56 29 7 119
56 31 21 80
56 35 28 43
57 3 35 101
57 6 25 139
57 7 43 147
57 15 37 38
57 18 19 133
57 23 31 131
57 27 1 113
57 28 10 137
57 29 27 115
57 33 3 29
57 34 13 78
57 37 22 83
57 40 49 64
58 8 1 73
58 9 25 91
58 17 55 37
58 18 40 55
58 19 5 128
58 20 17 51
58 21 37 49
58 24 13 12
58 29 43 115
58 34 49 26
58 37 7 68
58 38 32 9
59 2 43 121
59 3 5 95
59 8 33 73
59 19 11 138
59 20 1 51
59 23 19 131
59 25 23 109
59 27 13 113
59 28 28 103
59 29 51 115
59 31 3 80
59 35 15 43
60 3 25 13
60 6 57 139
60 7 31 147
60 9 20 6
60 14 34 100
60 16 13 17
60 21 16 49
60 23 7 104
60 27 27 113
60 32 2 97
60 33 37 29
60 35 49 107
61 3 17 132
61 9 31 45
61 11 55 32
61 16 11 31
61 17 7 37
61 20 35 52
61 27 25 113
61 28 1 41
61 29 49 119
61 32 13 97
61 34 39 111
61 35 19 107
61 37 58 112
61 39 43 33
62 2 3 35
62 4 55 118
62 6 1 139
62 7 34 143
62 18 8 133
62 21 13 49
62 23 27 131
62 25 25 117
62 26 19 51
62 28 16 41
62 29 50 44
62 31 5 80
62 37 39 83
63 6 3 139
63 7 37 69
63 16 1 11
63 18 55 55
63 19 11 3
63 20 41 51
63 21 8 59
63 23 19 104
63 25 33 117
63 30 5 123
63 36 44 36
64 3 13 101
64 5 34 1
64 6 55 139
64 7 10 147
64 13 37 82
64 18 22 55
64 19 7 138
64 21 31 46
64 31 1 102
64 37 4 83
64 40 25 64
65 2 15 121
65 6 29 22
65 7 40 143
65 28 22 41
65 29 1 44
65 33 43 61
65 35 19 89
66 3 13 13
66 7 37 143
66 19 19 128
66 21 1 59
66 23 26 28
66 25 15 117
66 26 31 51
66 27 22 113
66 28 51 84
66 30 11 123
66 32 7 97
66 35 4 89
67 3 1 13
67 20 4 77
67 21 7 46
67 25 28 117
67 27 22 76
67 28 10 84
67 34 37 78
67 36 43 34
67 38 57 9
67 40 49 100
68 7 10 69
68 10 53 23
68 11 58 32
68 15 25 7
68 16 3 11
68 18 7 55
68 20 56 77
68 21 13 124
68 25 46 117
68 28 22 137
68 30 19 123
68 35 16 21
68 37 33 68
69 2 23 121
69 3 7 95
69 6 16 139
69 10 43 23
69 15 49 7
69 16 33 67
69 20 31 52
69 25 13 117
69 30 45 123
69 31 25 102
69 34 1 78
69 35 27 21
69 38 19 9
70 7 34 69
70 9 7 91
70 15 55 38
70 18 37 133
70 20 3 52
70 26 49 125
70 28 16 84
70 35 13 107
70 36 26 34
71 2 25 121
71 3 51 132
71 4 15 118
71 10 21 23
71 21 45 49
71 25 13 109
71 30 43 123
71 32 31 97
71 33 7 76
71 35 1 89
72 1 19 25
72 2 29 9
72 5 1 1
72 8 13 140
72 13 4 12
72 14 31 100
72 15 8 38
72 17 37 37
72 25 49 117
72 27 51 113
72 28 34 41
72 36 55 36
72 39 46 33
73 2 10 121
73 3 3 101
73 6 19 139
73 9 51 45
73 21 31 49
73 26 37 125
73 30 13 123
73 35 7 107
74 2 33 121
74 3 44 132
74 10 7 23
74 16 49 11
74 18 22 133
74 19 19 138
74 21 46 124
74 23 13 47
74 25 9 109
74 35 4 107
74 38 25 9
75 7 10 143
75 8 57 73
75 9 32 91
75 13 16 82
75 16 1 31
75 18 25 55
75 20 23 77
75 21 3 46
75 23 49 28
75 24 37 12
75 25 28 109
75 28 13 41
75 33 43 29
75 35 7 21
75 37 20 112
76 3 7 132
76 6 23 22
76 7 16 147
76 14 13 100
76 20 47 51
76 21 19 49
76 23 37 131
76 26 25 75
76 27 2 76
76 28 9 103
77 7 7 69
77 8 37 73
77 17 25 37
77 18 34 55
77 27 10 113
77 29 19 119
77 33 1 14
77 34 13 134
77 35 31 21
78 2 51 121
78 3 3 95
78 6 1 22
78 8 37 22
78 12 32 96
78 18 19 55
78 19 15 3
78 25 11 109
78 26 7 51
78 28 46 41
78 37 55 112
79 3 1 101
79 6 23 139
79 7 43 69
79 9 55 6
79 11 46 135
79 12 37 96
79 15 31 38
79 16 25 11
79 20 20 77
79 24 27 12
79 26 13 125
79 27 35 113
79 34 3 111
80 11 1 32
80 18 28 55
80 19 4 3
80 21 31 59
80 23 43 104
80 26 19 125
80 27 53 113
80 28 14 103
80 36 9 36
80 37 25 112
80 38 56 71
80 40 37 100
81 8 50 73
81 9 37 24
81 11 14 32
81 13 55 82
81 16 4 67
81 19 58 128
81 27 41 113
81 29 32 119
81 31 9 80
81 34 43 78
81 36 19 34
81 39 1 33
82 8 43 16
82 9 7 24
82 11 40 32
82 14 55 100
82 19 15 138
82 20 33 52
82 23 25 35
82 34 49 78
82 35 1 21
82 36 19 36
83 7 4 143
83 16 20 31
83 18 10 55
83 19 22 3
83 23 13 104
83 25 1 109
83 27 17 76
83 29 31 115
83 30 27 123
83 35 7 89
84 8 55 22
84 10 39 23
84 13 28 82
84 15 2 7
84 21 25 46
84 23 49 104
84 25 31 117
84 28 43 41
84 29 19 115
84 31 23 94
84 35 33 89
84 36 13 135
84 38 8 9
85 3 19 95
85 5 10 1
85 7 28 143
85 8 44 140
85 10 25 23
85 11 31 32
85 21 16 46
85 26 49 75
85 28 7 84
85 29 37 44
85 33 21 61
85 37 2 112
85 39 13 33
86 3 7 101
86 5 28 1
86 6 9 139
86 9 37 136
86 13 13 82
86 17 21 37
86 19 5 138
86 21 1 124
86 33 43 14
86 34 32 26
86 39 55 33
87 2 17 121
87 3 5 101
87 4 27 118
87 11 44 32
87 12 1 96
87 15 7 7
87 18 52 55
87 19 25 128
87 20 11 51
87 27 37 113
87 29 20 44
87 30 33 123
87 31 15 102
88 5 19 1
88 7 13 143
88 8 9 140
88 16 27 11
88 20 16 52
88 25 23 117
88 26 1 75
88 30 7 123
88 31 25 94
89 2 39 121
89 7 28 147
89 8 7 22
89 16 1 67
89 18 3 133
89 20 23 51
89 31 33 102
89 33 13 76
89 35 46 21
89 39 52 33
89 40 19 64
90 3 1 132
90 12 7 96
90 17 3 37
90 23 55 131
90 27 49 113
90 28 31 137
90 30 29 123
90 31 11 102
90 32 25 97
90 35 34 21
90 36 37 135
90 37 46 112
90 38 19 71
90 40 13 64
91 1 43 25
91 9 9 45
91 11 49 135
91 13 22 82
91 20 13 77
91 22 59 118
91 23 31 35
91 26 25 51
91 29 55 44
91 31 7 102
91 37 16 83
92 5 22 1
92 8 1 47
92 9 31 6
92 10 49 23
92 11 52 135
92 18 25 133
92 20 15 77
92 21 40 49
92 25 35 117
92 26 43 125
92 27 17 135
92 35 7 43
92 37 37 112
93 2 35 121
93 6 47 139
93 8 25 22
93 9 20 91
93 10 1 23
93 16 53 11
93 17 31 37
93 21 4 124
93 23 55 47
93 26 43 51
93 27 7 113
93 31 9 102
93 36 37 34
93 37 13 112
94 2 53 121
94 5 4 1
94 7 44 143
94 8 21 47
94 10 41 23
94 13 58 82
94 16 19 11
94 20 9 52
94 25 51 117
94 29 25 44
94 33 13 29
94 40 31 64
95 3 56 95
95 9 25 6
95 10 58 23
95 11 34 135
95 13 49 82
95 14 19 100
95 15 45 7
95 19 13 138
95 25 53 117
95 26 37 51
95 29 2 115
95 34 7 26
96 2 13 121
96 6 11 22
96 7 1 147
96 8 49 47
96 18 46 55
96 23 31 28
96 26 25 125
96 28 7 41
96 29 55 115
96 30 35 123
96 33 15 61
96 34 19 111
97 6 33 139
97 7 22 147
97 9 13 24
97 10 27 23
97 11 43 135
97 12 55 96
97 19 3 138
97 23 37 35
97 28 10 41
97 34 50 111
98 5 58 1
98 11 10 32
98 19 7 128
98 20 5 51
98 21 2 49
98 28 13 137
98 31 16 94
98 34 37 26
98 35 34 107
98 37 43 83
99 4 7 118
99 7 22 69
99 10 13 23
99 11 56 123
99 13 46 82
99 15 3 38
99 22 19 118
99 25 17 117
99 31 59 80
99 35 25 89
99 37 31 112
100 7 7 147
100 8 49 140
100 18 13 55
100 21 10 144
100 26 32 75
100 27 3 113
100 30 59 123
100 34 55 78
100 37 28 112
Điểm tối ưu/tốt nhất tìm được: 1122
Thời gian: 180.025018 giây
Trạng thái: VALID
