163
1 1 1 9
1 3 4 23
1 4 31 6
1 5 15 30
1 6 10 11
1 8 28 27
1 9 7 1
1 10 40 13
2 3 1 23
2 4 5 6
2 5 40 30
2 6 57 11
2 7 43 29
2 8 37 27
2 9 16 1
2 10 49 13
3 1 7 9
3 3 58 23
3 4 13 6
3 5 19 30
3 6 4 11
3 7 49 29
3 8 55 27
3 9 31 1
3 10 34 13
4 3 55 23
4 4 11 6
4 5 53 30
4 6 33 11
4 7 7 29
4 8 4 27
4 10 43 13
5 1 16 9
5 3 25 23
5 4 1 6
5 5 37 30
5 6 35 11
5 7 31 29
5 8 43 27
5 9 40 1
5 10 46 13
6 2 32 9
6 3 43 23
6 4 27 6
6 5 25 30
6 6 46 11
6 7 38 29
6 8 16 27
6 9 19 1
6 10 22 13
7 1 10 9
7 4 17 6
7 5 13 30
7 6 15 11
7 8 19 27
7 9 22 1
7 10 52 13
8 1 28 9
8 3 31 23
8 4 3 6
8 5 34 30
8 6 37 11
8 8 7 27
8 9 43 1
8 10 58 13
9 1 37 9
9 3 40 23
9 4 33 6
9 5 10 30
9 6 13 11
9 8 49 27
9 9 28 1
9 10 7 13
10 3 46 23
10 4 29 6
10 5 49 30
10 6 25 11
10 7 55 29
10 8 1 27
10 9 13 1
10 10 37 13
11 2 49 9
11 3 13 23
11 4 7 6
11 5 43 30
11 6 22 11
11 8 58 27
11 9 25 1
11 10 55 13
12 1 25 9
12 3 7 23
12 4 53 6
12 5 28 30
12 6 1 11
12 7 19 29
12 8 10 27
12 9 46 1
12 10 13 13
13 3 37 23
13 4 35 6
13 5 17 30
13 6 53 11
13 8 46 27
13 9 1 1
13 10 31 13
14 1 40 9
14 3 16 23
14 4 20 6
14 5 2 30
14 6 28 11
14 8 22 27
14 9 52 1
14 10 25 13
15 1 13 9
15 3 10 23
15 4 25 6
15 5 5 30
15 6 19 11
15 7 1 29
15 8 52 27
15 9 37 1
15 10 28 13
16 1 57 9
16 3 19 23
16 4 45 6
16 5 31 30
16 6 39 11
16 7 25 29
16 8 13 27
16 9 34 1
16 10 16 13
17 1 4 9
17 3 28 23
17 4 15 6
17 5 21 30
17 6 17 11
17 8 31 27
17 9 49 1
17 10 1 13
18 1 20 9
18 2 43 9
18 3 34 23
18 4 23 6
18 5 7 30
18 6 31 11
18 7 13 29
18 8 25 27
18 9 4 1
18 10 10 13
19 3 22 23
19 4 9 6
19 5 45 30
19 6 50 11
19 8 40 27
19 9 56 1
19 10 4 13
20 3 50 23
20 4 38 6
20 5 23 30
20 6 7 11
20 8 34 27
20 9 10 1
20 10 19 13
Điểm tối ưu/tốt nhất tìm được: 163
Thời gian: 20.003196 giây
Trạng thái: VALID
