2939
1 1 43 72
1 5 1 54
1 10 17 206
1 13 3 184
1 29 19 250
1 35 49 287
1 38 7 128
1 43 52 24
1 57 25 119
1 62 33 117
1 67 56 178
1 68 28 32
1 72 13 140
1 74 38 88
1 79 21 143
2 1 19 99
2 10 43 18
2 12 33 8
2 14 55 23
2 19 41 89
2 22 5 256
2 33 37 292
2 37 7 45
2 40 25 171
2 45 46 27
2 50 53 225
2 51 58 231
2 57 13 119
2 77 16 77
2 78 1 240
3 10 37 18
3 14 46 23
3 17 1 69
3 25 7 294
3 32 3 137
3 36 31 295
3 38 16 128
3 47 39 137
3 57 28 119
3 60 9 206
3 67 23 129
3 68 25 32
3 70 55 292
3 72 49 97
3 77 33 77
4 14 39 23
4 15 35 217
4 19 10 287
4 22 13 107
4 24 46 253
4 27 31 86
4 41 7 80
4 42 15 288
4 43 59 27
4 51 22 294
4 59 19 7
4 60 49 81
4 66 1 97
4 78 26 25
4 80 43 193
5 2 23 80
5 5 5 157
5 14 20 23
5 21 31 1
5 28 8 234
5 32 26 87
5 38 40 37
5 39 37 115
5 42 49 243
5 51 44 231
5 61 1 16
5 64 51 142
5 69 55 160
5 74 15 88
6 4 27 168
6 6 4 205
6 10 7 206
6 18 49 36
6 24 40 101
6 27 9 15
6 37 19 226
6 43 37 132
6 54 25 192
6 55 32 207
6 63 23 275
6 64 55 35
6 69 43 276
6 76 14 105
6 79 59 160
7 2 52 76
7 5 7 54
7 15 43 57
7 19 58 287
7 20 9 202
7 46 2 274
7 52 55 197
7 60 25 206
7 61 13 16
7 62 40 117
7 64 19 35
7 67 45 178
7 69 31 248
7 70 37 123
8 7 43 254
8 9 35 99
8 15 29 16
8 21 13 96
8 22 3 107
8 24 7 258
8 33 49 28
8 39 26 145
8 41 5 143
8 64 55 142
8 65 10 231
8 67 33 178
8 72 19 248
8 73 37 248
9 1 13 72
9 11 35 109
9 18 56 36
9 19 39 287
9 24 50 101
9 26 19 167
9 28 43 234
9 31 31 208
9 36 37 293
9 43 25 132
9 55 27 257
9 63 23 195
9 67 41 178
9 69 7 235
9 79 4 287
10 4 27 265
10 8 40 119
10 17 34 66
10 41 25 120
10 42 47 243
10 49 43 190
10 50 20 3
10 54 5 226
10 56 49 44
10 57 13 270
10 61 8 298
10 62 22 6
10 65 16 176
10 72 1 263
10 80 57 18
11 3 37 13
11 11 7 288
11 12 21 52
11 21 1 22
11 24 28 101
11 30 43 277
11 33 9 48
11 43 25 24
11 52 16 46
11 58 33 62
11 69 50 195
11 71 41 12
11 75 56 77
11 79 13 242
11 80 31 88
12 4 7 174
12 8 49 230
12 13 26 167
12 19 16 287
12 32 57 9
12 33 31 26
12 36 11 254
12 39 13 141
12 40 52 171
12 42 5 276
12 52 46 197
12 53 1 256
12 55 19 263
12 72 37 140
12 77 43 71
13 3 13 106
13 7 51 189
13 8 55 119
13 20 7 64
13 22 49 107
13 33 19 26
13 34 59 124
13 42 45 243
13 44 39 44
13 46 47 62
13 50 1 225
13 51 4 231
13 52 25 239
13 59 28 125
13 79 11 160
14 9 53 203
14 10 47 206
14 18 31 220
14 26 28 293
14 27 39 86
14 32 13 9
14 41 55 80
14 50 7 225
14 54 35 225
14 58 50 213
14 66 37 180
14 70 2 123
14 74 20 227
14 77 9 106
14 79 44 160
15 3 25 51
15 7 43 239
15 14 31 23
15 19 1 287
15 22 35 107
15 34 53 265
15 42 11 243
15 43 3 132
15 45 19 289
15 49 13 190
15 55 7 207
15 74 49 177
15 75 37 244
15 77 57 106
15 78 22 25
16 1 39 103
16 4 49 168
16 6 7 89
16 15 59 57
16 20 13 50
16 27 3 34
16 30 26 196
16 37 55 45
16 48 10 19
16 56 31 7
16 58 22 93
16 68 34 214
16 73 43 248
16 78 19 5
17 3 25 162
17 4 37 259
17 5 34 45
17 10 23 35
17 18 55 19
17 23 49 8
17 33 43 48
17 40 31 171
17 41 41 80
17 49 1 60
17 55 7 170
17 59 16 108
17 62 13 291
17 74 19 11
18 6 33 205
18 9 3 245
18 10 29 206
18 27 43 15
18 28 37 85
18 31 55 208
18 34 31 265
18 35 10 297
18 45 25 27
18 56 19 44
18 63 16 37
18 70 7 153
18 76 52 120
18 77 22 71
18 80 59 142
19 2 32 76
19 3 19 13
19 13 55 107
19 23 34 101
19 24 1 203
19 28 25 85
19 41 50 120
19 51 4 294
19 57 43 271
19 58 7 62
19 59 10 108
19 66 15 267
19 75 40 78
19 78 37 25
20 9 19 203
20 12 37 160
20 13 44 218
20 23 27 120
20 24 31 203
20 26 4 125
20 27 13 86
20 38 50 225
20 42 23 288
20 51 7 13
20 66 21 180
20 75 58 76
21 9 47 99
21 22 59 107
21 30 2 196
21 38 31 128
21 43 40 24
21 45 52 289
21 48 16 19
21 52 7 78
21 57 34 266
21 59 27 108
21 62 13 117
21 69 21 235
21 74 55 82
21 76 10 56
21 77 43 77
22 4 25 205
22 7 37 254
22 10 17 35
22 13 43 148
22 19 32 89
22 25 11 252
22 36 56 295
22 38 1 37
22 39 8 60
22 45 4 289
22 48 19 125
22 49 13 163
22 50 29 3
22 56 58 177
22 69 49 160
23 3 20 264
23 4 13 174
23 14 17 23
23 15 55 204
23 18 32 19
23 19 41 96
23 27 57 34
23 30 7 9
23 37 37 226
23 45 52 27
23 52 49 197
23 63 25 15
23 72 43 283
23 77 4 229
23 78 1 25
24 2 47 100
24 4 56 259
24 13 31 107
24 14 23 149
24 24 10 117
24 53 43 256
24 54 53 192
24 57 7 97
24 58 37 213
24 61 27 298
24 62 1 133
24 69 19 195
24 73 13 236
24 76 40 105
24 78 49 25
25 13 55 235
25 17 1 66
25 20 19 50
25 30 25 115
25 32 49 222
25 38 7 37
25 44 3 44
25 45 10 27
25 53 13 263
25 58 34 213
25 62 43 291
25 63 29 113
25 66 5 267
25 69 37 195
25 80 59 88
26 7 19 189
26 10 49 35
26 15 17 204
26 21 37 22
26 35 55 287
26 36 23 86
26 40 58 171
26 41 10 80
26 42 4 243
26 46 7 172
26 50 47 225
26 54 2 235
26 64 31 275
26 73 43 236
26 76 13 56
27 6 34 89
27 8 58 242
27 12 7 256
27 14 49 23
27 24 55 203
27 26 39 293
27 38 13 128
27 45 46 102
27 49 26 60
27 51 43 294
27 52 52 197
27 55 19 207
27 67 37 178
27 68 31 218
27 70 1 153
28 7 19 47
28 14 25 23
28 15 29 204
28 19 16 232
28 31 7 193
28 32 37 252
28 40 49 171
28 42 23 276
28 49 31 285
28 59 13 108
28 63 3 275
28 66 11 97
28 70 52 151
28 75 58 154
28 80 1 142
29 7 49 198
29 14 8 23
29 15 5 204
29 24 10 124
29 27 19 280
29 28 1 145
29 33 31 28
29 42 28 288
29 46 23 274
29 56 37 7
29 61 43 227
29 64 55 152
29 74 14 227
29 78 25 5
30 1 31 72
30 5 11 54
30 15 7 204
30 21 13 146
30 28 56 234
30 30 1 266
30 32 25 100
30 37 43 226
30 43 17 24
30 53 37 181
30 62 22 208
30 66 52 180
30 71 49 12
30 77 19 71
31 1 1 99
31 9 5 99
31 16 43 268
31 19 26 287
31 20 31 239
31 25 47 270
31 45 28 27
31 54 11 235
31 55 55 230
31 57 7 266
31 59 52 108
31 71 39 12
31 73 21 250
31 78 13 240
32 13 25 118
32 26 16 175
32 27 7 86
32 29 29 64
32 34 37 265
32 38 4 128
32 39 22 145
32 40 55 171
32 49 31 163
32 51 1 231
32 60 43 175
32 74 49 88
32 77 40 77
32 78 13 5
32 79 11 31
33 8 33 11
33 10 28 18
33 14 1 23
33 20 3 202
33 21 43 96
33 22 15 107
33 41 31 80
33 43 13 24
33 44 17 44
33 49 7 190
33 51 58 13
33 58 50 205
33 68 40 218
33 73 19 236
33 76 25 105
34 3 19 162
34 8 31 242
34 12 13 256
34 17 46 66
34 25 17 294
34 29 5 64
34 33 27 48
34 41 25 80
34 49 37 60
34 53 55 183
34 62 50 291
34 69 1 276
34 70 43 151
34 74 7 82
34 79 23 287
35 1 43 103
35 7 26 189
35 15 37 57
35 17 33 197
35 19 39 89
35 20 9 50
35 28 14 109
35 29 31 170
35 36 5 293
35 39 21 115
35 41 19 80
35 44 7 232
35 60 1 175
35 73 55 93
35 75 49 76
36 6 43 43
36 20 31 202
36 26 57 293
36 31 7 21
36 33 38 26
36 41 16 253
36 42 23 243
36 45 19 102
36 46 55 62
36 48 1 149
36 63 11 195
36 66 27 180
36 72 49 283
36 77 4 45
36 78 13 25
37 8 49 11
37 15 47 16
37 27 13 280
37 40 34 25
37 44 23 44
37 45 2 27
37 46 31 62
37 51 19 172
37 58 43 213
37 60 56 206
37 64 8 152
37 72 39 66
37 73 25 248
37 80 5 193
38 6 37 205
38 18 13 36
38 21 7 208
38 24 31 124
38 32 25 252
38 35 40 113
38 36 34 295
38 39 19 145
38 41 59 120
38 42 17 243
38 52 22 78
38 63 11 275
38 66 4 180
38 75 49 77
38 80 29 297
39 1 2 103
39 7 31 47
39 13 7 118
39 28 57 109
39 33 27 28
39 36 35 293
39 39 13 233
39 40 22 156
39 44 11 11
39 49 37 163
39 57 16 270
39 58 52 62
39 64 43 35
39 65 49 176
39 76 19 56
40 1 20 103
40 2 37 76
40 8 25 230
40 12 45 204
40 27 7 280
40 28 39 145
40 41 11 143
40 44 13 232
40 58 1 205
40 66 57 267
40 67 28 178
40 68 15 32
40 72 49 133
40 74 31 167
40 76 4 6
41 9 21 245
41 15 40 204
41 21 3 32
41 24 46 101
41 25 1 270
41 26 55 167
41 36 49 295
41 37 7 135
41 40 43 171
41 46 33 172
41 52 37 46
41 58 25 213
41 66 16 97
41 77 28 77
41 80 51 18
42 4 45 214
42 8 7 242
42 12 19 183
42 16 55 164
42 29 28 170
42 35 37 297
42 37 31 102
42 44 59 71
42 45 49 289
42 52 25 46
42 66 14 180
42 67 43 178
42 70 10 123
42 75 1 154
43 8 46 242
43 17 13 66
43 18 37 19
43 21 49 208
43 29 34 250
43 36 22 295
43 44 53 57
43 46 17 200
43 49 57 190
43 56 9 7
43 58 4 213
43 63 55 180
43 66 7 267
43 68 1 57
43 69 25 235
44 2 29 214
44 11 57 288
44 12 19 204
44 15 33 204
44 28 49 241
44 32 43 252
44 33 25 31
44 34 1 245
44 35 7 297
44 44 55 44
44 45 13 289
44 48 10 103
44 49 37 190
44 50 16 3
44 75 4 76
45 3 31 96
45 10 46 18
45 12 1 8
45 16 38 164
45 18 26 19
45 20 15 136
45 24 7 101
45 26 43 177
45 31 55 118
45 34 11 245
45 42 13 288
45 46 5 172
45 49 20 269
45 68 52 113
46 2 10 128
46 7 43 189
46 8 58 11
46 9 47 245
46 11 53 288
46 13 49 218
46 27 13 34
46 33 1 31
46 48 7 103
46 57 38 97
46 58 55 213
46 66 17 180
46 68 19 214
46 72 25 66
46 75 34 78
47 2 11 214
47 5 52 54
47 12 1 52
47 25 9 54
47 29 43 250
47 38 13 52
47 41 5 120
47 49 25 163
47 56 16 291
47 58 34 71
47 63 41 226
47 65 20 188
47 66 49 267
47 73 57 250
47 78 31 5
48 2 29 25
48 5 11 157
48 9 57 196
48 12 13 204
48 13 43 107
48 14 22 23
48 30 7 196
48 34 55 245
48 41 3 120
48 45 37 289
48 50 35 3
48 58 19 213
48 63 25 197
48 72 51 66
48 79 1 242
49 5 37 54
49 8 10 242
49 18 31 200
49 20 25 202
49 28 15 100
49 38 43 128
49 39 56 145
49 40 20 171
49 44 49 71
49 57 40 266
49 59 46 108
49 66 2 180
49 69 51 143
49 71 13 12
49 78 4 240
50 4 2 259
50 5 17 54
50 15 45 57
50 31 19 30
50 39 7 145
50 52 31 176
50 54 37 225
50 55 55 220
50 56 40 291
50 58 10 16
50 63 27 37
50 68 13 218
50 76 52 84
50 78 34 5
50 79 23 160
51 1 1 72
51 8 31 230
51 20 13 150
51 21 25 96
51 29 11 250
51 40 34 171
51 41 57 80
51 42 37 243
51 47 19 140
51 61 49 16
51 63 17 275
51 64 39 35
51 66 7 180
51 73 44 217
52 11 17 288
52 33 55 31
52 38 49 37
52 41 31 120
52 49 43 60
52 51 25 231
52 55 3 230
52 56 34 7
52 57 19 119
52 60 13 206
52 65 37 188
52 66 11 180
52 73 7 98
52 78 22 240
52 80 1 193
53 4 50 259
53 7 37 198
53 8 46 11
53 9 23 245
53 10 2 18
53 15 28 57
53 42 34 243
53 55 19 257
53 56 25 44
53 62 16 133
53 66 31 97
53 68 13 214
53 69 7 248
53 75 55 24
53 76 58 46
54 7 15 239
54 8 52 11
54 9 47 196
54 20 55 64
54 22 19 256
54 23 37 237
54 46 59 200
54 50 10 225
54 52 4 78
54 54 13 235
54 65 25 188
54 66 40 180
54 67 21 178
54 68 34 113
54 77 28 71
55 2 39 76
55 5 22 45
55 6 46 205
55 10 41 275
55 12 49 183
55 21 25 208
55 26 19 293
55 27 1 86
55 44 5 44
55 52 43 46
55 54 10 192
55 55 13 207
55 73 31 217
55 76 55 105
55 79 7 287
56 1 25 72
56 3 37 32
56 8 43 242
56 9 59 99
56 15 1 217
56 22 29 256
56 26 10 293
56 32 50 100
56 46 3 172
56 53 14 183
56 54 19 235
56 55 31 27
56 65 46 28
56 73 55 124
56 74 21 82
57 4 33 104
57 12 43 8
57 13 7 167
57 28 13 241
57 33 49 31
57 36 17 86
57 37 20 58
57 38 4 129
57 41 53 80
57 47 25 91
57 50 11 3
57 52 1 78
57 57 37 266
57 67 31 178
57 72 55 140
58 2 55 25
58 3 49 106
58 5 28 251
58 19 37 89
58 28 31 100
58 30 1 87
58 31 43 86
58 34 5 265
58 35 16 297
58 37 8 141
58 44 35 44
58 62 25 291
58 64 19 142
58 66 23 180
58 67 39 132
59 9 49 203
59 29 55 250
59 31 38 193
59 36 17 295
59 41 1 80
59 53 57 43
59 56 26 7
59 60 31 206
59 61 3 237
59 63 29 275
59 66 43 180
59 68 8 214
59 69 13 276
59 72 45 65
59 74 20 88
60 4 31 174
60 5 17 45
60 6 40 43
60 13 49 3
60 22 1 107
60 27 26 274
60 28 3 241
60 42 58 243
60 51 7 1
60 59 46 7
60 62 22 133
60 65 43 188
60 67 35 178
60 70 19 153
60 73 13 248
61 3 31 32
61 14 37 23
61 15 5 16
61 18 8 251
61 29 3 250
61 30 50 266
61 35 55 297
61 41 35 80
61 42 21 243
61 52 40 46
61 63 45 195
61 64 13 275
61 66 19 267
61 73 27 98
61 78 58 240
62 2 28 128
62 10 19 206
62 23 58 237
62 29 31 66
62 31 7 30
62 33 44 31
62 37 33 58
62 40 15 156
62 43 13 132
62 44 1 44
62 52 55 46
62 57 25 266
62 62 4 133
62 64 37 152
62 69 50 276
63 14 29 23
63 20 56 222
63 32 2 9
63 38 52 37
63 42 49 288
63 46 17 274
63 47 13 285
63 52 25 176
63 55 8 220
63 56 34 277
63 57 31 266
63 63 43 37
63 72 19 283
63 74 37 82
63 76 46 105
64 4 56 168
64 9 23 203
64 17 8 197
64 22 17 256
64 29 4 170
64 41 33 80
64 46 31 172
64 53 19 181
64 54 25 244
64 59 1 108
64 64 43 152
64 65 37 176
64 69 13 143
64 70 10 33
64 76 28 105
65 5 47 45
65 11 11 109
65 13 43 167
65 18 3 36
65 21 7 22
65 23 25 101
65 26 49 293
65 32 13 137
65 34 28 245
65 35 31 113
65 42 19 243
65 43 34 24
65 71 1 12
65 77 38 150
65 80 23 193
66 7 19 239
66 12 43 52
66 35 58 297
66 42 5 46
66 48 32 103
66 54 47 192
66 57 27 270
66 60 1 207
66 61 49 298
66 65 16 231
66 67 23 178
66 69 7 195
66 70 55 151
66 71 53 263
66 72 38 283
67 10 49 18
67 16 44 164
67 17 17 197
67 18 13 251
67 23 1 101
67 32 31 137
67 38 58 37
67 39 40 141
67 48 7 19
67 51 55 13
67 53 25 181
67 59 10 154
67 62 19 133
67 77 4 77
67 78 52 25
68 9 34 245
68 18 39 220
68 19 5 96
68 22 53 34
68 32 1 100
68 33 19 48
68 35 13 297
68 41 16 80
68 44 28 44
68 45 43 102
68 47 49 6
68 58 31 213
68 63 47 195
68 64 9 35
68 69 55 143
69 5 39 54
69 6 13 205
69 12 25 160
69 17 3 50
69 23 31 101
69 36 52 295
69 46 23 62
69 48 34 149
69 52 7 176
69 54 59 192
69 61 19 16
69 62 10 133
69 63 29 226
69 67 5 178
69 75 49 24
70 7 3 189
70 12 7 52
70 15 1 204
70 28 19 109
70 32 50 137
70 33 13 26
70 34 46 265
70 39 31 60
70 47 37 6
70 59 58 108
70 67 11 178
70 75 25 77
70 76 43 120
70 78 28 172
71 1 13 103
71 4 25 174
71 6 52 43
71 10 2 35
71 13 55 78
71 15 11 204
71 21 19 32
71 27 7 34
71 36 45 295
71 39 32 141
71 41 17 120
71 54 29 235
71 59 49 108
71 73 37 124
72 3 1 106
72 9 9 245
72 11 43 288
72 19 35 188
72 37 27 58
72 39 51 145
72 41 13 80
72 42 55 243
72 48 38 149
72 53 19 122
72 54 25 225
72 65 15 188
72 67 47 178
72 71 11 12
72 80 5 142
73 1 31 99
73 5 25 45
73 7 37 189
73 10 53 18
73 14 5 149
73 23 10 101
73 24 45 203
73 26 1 167
73 36 20 295
73 37 49 45
73 51 13 172
73 54 17 192
73 58 55 205
73 79 23 242
73 80 59 193
74 3 43 13
74 6 1 89
74 10 19 18
74 15 7 57
74 17 13 197
74 24 15 258
74 30 9 147
74 32 21 9
74 33 31 31
74 46 28 62
74 47 37 75
74 50 4 3
74 63 53 275
74 71 51 12
74 74 55 88
75 5 15 54
75 8 25 11
75 17 35 200
75 21 43 208
75 22 17 107
75 27 1 280
75 28 8 85
75 32 21 137
75 38 40 128
75 50 19 225
75 54 13 192
75 58 28 104
75 59 31 154
75 75 37 78
75 80 49 142
76 1 43 99
76 32 49 252
76 38 25 128
76 45 16 289
76 50 14 3
76 52 2 176
76 58 37 16
76 63 23 113
76 65 40 231
76 66 10 267
76 71 21 12
76 75 28 154
76 76 58 105
76 78 7 5
76 79 34 242
77 7 31 254
77 25 57 54
77 26 22 125
77 27 25 280
77 31 13 30
77 33 37 31
77 34 29 124
77 41 11 120
77 45 19 27
77 60 43 206
77 68 49 57
77 72 1 283
77 74 7 88
77 77 52 71
77 80 35 18
78 3 13 13
78 17 40 197
78 24 7 124
78 35 34 297
78 41 3 80
78 42 43 243
78 43 5 132
78 46 1 172
78 48 10 125
78 49 25 285
78 63 29 37
78 65 20 231
78 72 56 283
78 78 37 5
78 80 32 18
79 7 37 47
79 10 29 35
79 15 16 57
79 26 19 191
79 29 11 170
79 32 31 87
79 33 49 48
79 41 1 120
79 44 23 11
79 45 7 102
79 55 55 257
79 73 3 217
79 75 25 76
79 77 46 71
80 2 22 76
80 14 57 23
80 38 19 37
80 39 28 233
80 49 45 285
80 51 52 231
80 52 3 147
80 63 31 180
80 66 1 267
80 69 37 235
80 70 7 123
80 71 26 12
80 74 13 177
80 76 34 105
80 78 10 240
81 2 25 214
81 3 1 96
81 8 37 119
81 10 23 18
81 15 9 57
81 18 19 19
81 23 40 237
81 25 47 294
81 40 28 171
81 47 49 75
81 54 15 192
81 60 43 266
81 71 11 258
81 76 56 120
81 77 31 71
82 13 1 148
82 14 11 23
82 18 19 84
82 19 53 96
82 21 32 22
82 24 37 91
82 31 44 30
82 33 26 292
82 37 15 66
82 55 49 170
82 64 56 275
82 72 7 66
82 76 40 120
83 1 13 244
83 6 50 89
83 16 7 268
83 18 43 220
83 27 21 267
83 35 28 151
83 36 39 295
83 39 31 145
83 40 25 156
83 47 57 75
83 61 1 173
83 62 34 146
83 71 55 12
84 4 49 174
84 12 55 256
84 13 37 107
84 14 44 23
84 26 25 293
84 28 1 109
84 30 13 277
84 38 28 225
84 52 22 176
84 63 10 37
84 66 47 180
84 68 34 218
84 75 7 154
84 77 19 77
85 4 25 259
85 7 44 47
85 15 23 217
85 19 17 96
85 20 19 64
85 23 37 8
85 24 7 91
85 34 53 124
85 45 58 102
85 49 2 285
85 55 49 263
85 57 10 271
85 62 31 291
85 66 55 267
85 74 13 11
86 2 16 76
86 24 13 203
86 29 23 170
86 35 10 113
86 37 51 181
86 40 40 171
86 45 1 289
86 49 56 163
86 53 25 256
86 57 31 271
86 58 4 104
86 65 7 231
86 66 19 110
86 70 34 33
86 77 37 229
87 10 47 35
87 15 55 57
87 21 19 164
87 27 25 34
87 31 49 82
87 33 37 28
87 49 57 60
87 57 44 97
87 58 16 104
87 64 31 35
87 66 9 180
87 70 13 153
87 73 1 236
88 5 31 45
88 6 4 43
88 9 9 203
88 21 43 22
88 24 49 124
88 27 37 191
88 29 47 170
88 35 19 297
88 41 7 120
88 48 14 149
88 52 28 46
88 57 25 97
88 63 35 195
88 71 1 258
88 80 11 142
89 2 10 76
89 5 17 157
89 16 44 281
89 19 23 188
89 23 40 8
89 25 31 54
89 33 13 48
89 38 49 52
89 39 34 145
89 43 5 27
89 57 58 266
89 69 25 143
89 70 19 123
89 73 1 248
89 75 7 24
90 34 32 245
90 36 28 295
90 38 37 37
90 43 11 132
90 44 43 44
90 49 7 163
90 53 45 56
90 56 40 177
90 58 13 213
90 63 26 275
90 71 23 12
90 73 55 98
90 77 50 184
90 78 16 25
90 80 3 142
91 4 7 259
91 9 52 245
91 11 31 288
91 13 19 148
91 22 55 34
91 35 46 287
91 40 16 171
91 44 41 44
91 49 2 269
91 52 33 46
91 55 37 27
91 56 13 7
91 60 26 234
91 73 57 236
92 3 43 162
92 8 13 99
92 9 49 245
92 17 47 200
92 20 56 202
92 22 11 34
92 24 40 203
92 27 19 86
92 33 27 26
92 56 34 132
92 63 5 275
92 69 1 160
92 70 16 153
92 75 37 77
92 78 7 240
93 5 53 45
93 9 11 196
93 10 1 206
93 16 3 268
93 17 23 69
93 21 56 22
93 32 7 100
93 37 19 66
93 48 43 125
93 50 41 3
93 52 46 46
93 63 13 113
93 69 31 235
93 72 25 153
93 76 37 105
94 2 25 250
94 3 45 106
94 4 55 174
94 11 23 109
94 14 33 23
94 17 27 197
94 26 16 293
94 44 37 44
94 52 52 176
94 53 19 43
94 62 13 133
94 67 59 178
94 68 10 218
94 72 39 58
94 74 1 88
95 2 1 214
95 11 41 109
95 13 21 107
95 30 49 277
95 43 17 132
95 45 7 27
95 48 31 149
95 52 46 78
95 53 55 122
95 55 37 170
95 56 28 132
95 60 3 206
95 61 13 298
95 62 34 291
95 70 25 33
96 9 23 99
96 17 17 69
96 23 7 47
96 25 35 294
96 26 19 175
96 30 49 196
96 31 31 118
96 34 25 265
96 40 10 156
96 45 28 289
96 58 57 62
96 65 43 28
96 67 13 178
96 69 3 195
96 70 46 151
97 4 55 252
97 6 4 89
97 11 47 109
97 18 19 36
97 48 37 125
97 50 40 225
97 53 31 183
97 57 28 266
97 59 52 125
97 60 43 207
97 62 1 6
97 66 49 180
97 73 13 124
97 75 10 77
97 79 35 287
98 4 19 259
98 5 25 54
98 6 10 89
98 7 27 47
98 20 31 64
98 27 49 34
98 37 14 226
98 53 38 256
98 61 55 227
98 63 1 195
98 64 43 280
98 66 59 267
98 69 3 111
98 70 7 33
99 3 37 162
99 22 47 107
99 26 4 98
99 27 15 191
99 29 35 170
99 30 43 196
99 42 13 243
99 43 49 132
99 51 19 294
99 52 7 46
99 70 32 151
99 75 58 24
99 76 22 56
99 78 51 172
99 80 41 142
100 1 37 72
100 2 35 128
100 7 1 198
100 19 33 287
100 42 41 276
100 54 27 192
100 55 56 170
100 56 10 177
100 57 19 271
100 58 7 16
100 60 49 234
100 61 13 237
100 65 46 188
100 66 17 292
100 78 43 25
101 16 49 164
101 20 45 50
101 27 25 86
101 29 17 250
101 31 55 193
101 38 13 129
101 39 19 278
101 50 23 143
101 54 43 192
101 60 32 236
101 64 7 275
101 65 37 231
101 77 1 77
101 78 4 25
101 80 53 193
102 5 1 251
102 6 40 205
102 8 16 99
102 15 23 57
102 16 7 164
102 17 29 200
102 24 34 91
102 27 49 191
102 28 43 85
102 36 37 295
102 38 19 128
102 42 47 288
102 50 32 225
102 65 3 61
102 80 55 18
103 5 28 54
103 10 41 206
103 18 55 200
103 28 37 241
103 31 19 193
103 38 16 52
103 41 23 120
103 42 51 243
103 45 25 102
103 48 13 19
103 53 1 183
103 56 10 291
103 59 7 108
103 72 32 283
103 79 46 160
104 10 53 196
104 11 23 168
104 22 11 72
104 27 19 34
104 29 5 250
104 30 25 277
104 47 7 75
104 48 31 91
104 51 1 294
104 53 43 181
104 57 34 271
104 59 58 7
104 66 13 267
104 68 55 113
104 80 15 18
105 2 27 214
105 12 9 286
105 13 37 154
105 21 55 96
105 22 7 81
105 23 46 80
105 25 1 233
105 38 31 52
105 45 22 102
105 48 16 125
105 51 49 231
105 52 13 78
105 58 43 62
105 77 4 71
105 80 35 13
106 2 57 128
106 12 7 160
106 18 25 36
106 20 49 64
106 23 43 101
106 29 1 170
106 31 37 30
106 36 55 293
106 43 19 132
106 45 22 289
106 47 13 91
106 65 34 176
106 76 46 135
106 78 3 5
106 79 41 160
107 6 13 89
107 8 52 230
107 25 23 233
107 28 37 109
107 29 7 250
107 35 43 297
107 40 2 171
107 49 31 190
107 51 9 294
107 55 19 230
107 59 49 105
107 65 16 61
107 68 28 218
107 71 47 12
107 74 56 3
108 2 14 76
108 3 21 96
108 20 7 222
108 21 1 208
108 22 19 107
108 31 57 56
108 34 55 265
108 53 49 256
108 54 5 117
108 57 28 271
108 58 16 213
108 59 46 125
108 60 37 236
108 69 31 143
108 79 53 242
109 6 16 205
109 7 31 198
109 16 55 185
109 25 5 270
109 26 2 293
109 31 45 193
109 46 40 62
109 52 37 197
109 53 7 43
109 60 19 118
109 61 25 173
109 63 43 195
109 68 13 57
109 73 49 236
110 8 50 242
110 16 45 185
110 24 34 203
110 33 8 26
110 35 15 113
110 43 43 24
110 46 41 172
110 55 19 220
110 60 25 81
110 61 56 173
110 62 31 6
110 63 13 195
110 71 4 12
110 77 1 229
110 80 23 142
111 1 27 244
111 8 43 11
111 15 23 204
111 17 3 197
111 18 50 19
111 19 1 232
111 25 59 270
111 28 31 85
111 42 40 288
111 46 38 62
111 49 19 163
111 55 55 27
111 56 7 283
111 78 10 25
111 80 16 142
112 4 43 259
112 5 7 157
112 15 50 204
112 26 13 293
112 32 55 87
112 43 21 24
112 52 10 46
112 57 16 271
112 58 40 213
112 61 25 16
112 65 1 188
112 68 4 57
112 75 34 76
113 3 13 162
113 5 4 54
113 11 45 288
113 21 49 22
113 23 10 47
113 28 31 241
113 39 39 233
113 43 7 132
113 47 19 285
113 51 58 294
113 54 53 235
113 55 25 263
113 59 55 108
113 63 1 275
113 71 37 12
114 8 7 11
114 11 1 288
114 27 25 267
114 28 55 85
114 45 32 289
114 49 43 163
114 50 3 225
114 51 37 294
114 59 10 185
114 61 51 237
114 70 40 153
114 73 13 250
114 79 21 242
115 1 9 232
115 18 2 220
115 35 25 297
115 39 19 233
115 42 7 276
115 45 58 289
115 46 47 172
115 55 32 263
115 57 16 119
115 62 22 291
115 63 45 275
115 64 37 142
115 75 50 154
115 80 29 142
116 22 11 107
116 28 7 241
116 30 37 298
116 36 59 295
116 40 13 171
116 42 34 288
116 44 41 57
116 48 1 91
116 50 22 3
116 51 25 172
116 57 31 119
116 59 19 108
116 60 50 175
116 70 4 33
116 79 29 160
117 6 7 205
117 23 13 8
117 28 19 100
117 29 41 250
117 38 43 129
117 40 10 171
117 47 55 91
117 49 49 60
117 53 37 183
117 54 35 192
117 62 46 133
117 69 25 276
117 72 1 140
117 73 31 98
117 80 59 203
118 12 31 256
118 25 23 270
118 33 55 28
118 37 1 102
118 47 45 6
118 54 5 235
118 59 38 108
118 63 35 275
118 64 49 138
118 68 28 5
118 69 19 160
118 70 14 292
118 71 43 12
118 77 7 71
118 78 10 5
119 19 19 287
119 23 55 237
119 24 4 203
119 25 11 233
119 28 50 109
119 31 14 193
119 33 43 292
119 35 1 113
119 37 38 45
119 50 21 225
119 61 31 298
119 72 7 140
119 76 25 6
120 3 26 13
120 5 1 157
120 25 3 270
120 28 37 100
120 33 31 48
120 41 59 80
120 49 49 163
120 56 55 7
120 60 19 81
120 65 13 176
120 70 10 151
120 72 43 263
120 75 7 233
120 78 16 5
121 3 49 162
121 11 1 168
121 13 31 3
121 16 37 268
121 17 17 50
121 29 11 64
121 36 15 295
121 38 22 128
121 55 7 257
121 57 19 270
121 65 4 188
121 68 58 218
121 71 53 12
121 73 44 93
121 75 25 154
122 1 19 72
122 3 7 162
122 11 5 288
122 15 35 16
122 17 11 66
122 22 13 191
122 31 1 118
122 34 17 124
122 43 15 24
122 57 40 270
122 65 55 231
122 71 31 12
122 72 43 153
122 76 28 6
122 80 47 142
123 5 28 45
123 11 51 288
123 18 31 251
123 26 16 98
123 27 7 191
123 29 53 170
123 30 1 277
123 32 38 87
123 33 20 28
123 43 35 27
123 46 5 274
123 48 43 19
123 57 25 271
123 62 46 291
123 72 55 133
124 2 7 76
124 3 15 51
124 11 13 168
124 20 37 64
124 21 19 22
124 34 33 265
124 39 46 141
124 42 53 243
124 45 55 102
124 54 23 192
124 55 26 207
124 64 49 152
124 69 9 276
124 74 1 177
124 79 31 287
125 6 49 43
125 11 3 288
125 15 31 204
125 17 29 197
125 21 25 269
125 23 58 101
125 26 40 98
125 29 37 66
125 31 13 148
125 40 55 156
125 51 10 13
125 59 33 108
125 60 21 206
125 66 19 180
125 69 43 235
126 4 45 174
126 5 14 45
126 15 57 57
126 16 49 268
126 20 25 150
126 26 21 177
126 34 40 265
126 41 4 253
126 48 10 91
126 54 55 225
126 56 31 132
126 57 7 270
126 70 1 33
126 76 16 56
126 79 19 242
127 4 14 259
127 8 3 119
127 25 44 270
127 33 49 292
127 35 7 113
127 45 55 289
127 47 32 75
127 48 40 91
127 49 19 60
127 52 10 176
127 54 38 192
127 57 46 119
127 62 58 117
127 64 26 152
127 67 1 178
128 3 31 162
128 6 1 43
128 10 5 18
128 19 28 287
128 24 50 91
128 32 20 222
128 36 41 295
128 43 38 24
128 44 35 232
128 45 13 27
128 50 9 3
128 56 25 177
128 61 43 16
128 64 55 280
128 77 16 71
129 2 28 76
129 3 31 13
129 10 35 35
129 11 3 168
129 14 13 23
129 18 37 200
129 32 43 100
129 35 19 113
129 42 41 243
129 46 10 172
129 47 56 286
129 66 17 267
129 67 15 178
129 68 7 218
129 73 49 250
130 2 47 76
130 14 27 23
130 15 52 217
130 19 13 287
130 29 33 170
130 34 9 265
130 36 25 295
130 42 35 276
130 45 40 289
130 47 43 75
130 54 23 50
130 63 29 195
130 68 37 113
130 69 56 276
130 73 19 98
131 7 50 254
131 11 5 109
131 18 31 36
131 19 16 89
131 22 23 72
131 23 13 101
131 24 7 253
131 26 37 167
131 37 25 226
131 45 10 102
131 47 19 91
131 56 57 44
131 59 40 7
131 60 43 118
131 64 1 138
132 16 1 164
132 17 5 69
132 18 50 220
132 21 13 22
132 36 35 85
132 40 46 171
132 41 20 120
132 42 17 276
132 51 58 172
132 58 22 205
132 61 31 237
132 64 37 275
132 75 27 24
132 76 7 105
133 1 26 103
133 2 31 25
133 14 52 23
133 28 20 85
133 30 1 298
133 34 41 124
133 35 49 297
133 40 7 171
133 43 5 24
133 48 10 149
133 49 13 60
133 55 37 207
133 72 43 198
133 74 33 88
133 77 55 71
134 8 10 119
134 18 1 19
134 26 13 98
134 27 32 280
134 30 19 87
134 34 16 265
134 39 37 141
134 46 41 200
134 49 25 190
134 54 50 192
134 65 55 176
134 76 46 224
134 77 43 45
134 78 7 25
135 3 7 96
135 6 46 89
135 8 39 242
135 18 20 200
135 26 43 293
135 37 55 226
135 51 3 13
135 54 50 235
135 56 52 7
135 61 32 173
135 62 28 291
135 65 25 151
135 68 16 15
135 77 13 71
136 5 21 54
136 15 52 204
136 16 26 268
136 26 7 177
136 35 46 297
136 39 34 60
136 42 39 243
136 58 1 62
136 59 43 108
136 60 15 81
136 63 59 226
136 69 55 270
136 70 10 153
136 76 4 105
136 79 41 287
137 2 32 250
137 9 14 245
137 14 41 23
137 17 7 50
137 19 37 287
137 24 28 203
137 35 4 297
137 40 1 156
137 46 16 62
137 53 49 135
137 56 10 283
137 61 19 173
137 69 57 195
137 75 43 78
138 13 7 107
138 16 13 164
138 22 29 107
138 25 19 54
138 33 55 26
138 34 2 265
138 35 22 297
138 38 31 37
138 39 46 115
138 45 43 27
138 55 49 207
138 66 34 180
138 70 38 151
138 74 25 3
139 7 56 47
139 13 51 107
139 29 23 66
139 36 13 295
139 46 21 62
139 49 1 163
139 54 35 235
139 55 15 257
139 65 31 188
139 70 45 33
139 71 7 12
139 77 27 106
139 78 38 172
139 79 25 242
139 80 11 88
140 1 7 244
140 2 41 76
140 5 46 54
140 17 5 197
140 20 1 222
140 30 19 277
140 38 52 52
140 43 23 132
140 46 14 62
140 68 55 218
140 72 26 283
140 74 37 227
140 77 33 150
141 7 25 198
141 13 55 148
141 23 20 8
141 26 46 293
141 31 49 193
141 34 13 265
141 37 38 102
141 38 1 129
141 46 53 200
141 53 15 43
141 54 29 192
141 57 43 119
141 58 4 93
141 69 31 276
141 80 35 142
142 5 41 54
142 10 21 18
142 17 9 200
142 23 43 80
142 28 25 109
142 36 7 295
142 37 50 141
142 38 34 52
142 42 29 243
142 43 32 24
142 44 3 11
142 61 37 173
142 65 46 176
142 68 55 15
142 80 14 142
143 6 27 43
143 9 19 245
143 19 53 89
143 21 49 269
143 23 21 101
143 25 25 270
143 34 16 245
143 38 13 225
143 57 55 266
143 58 40 16
143 59 43 7
143 60 31 81
143 62 7 117
143 77 37 71
143 79 3 242
144 9 7 245
144 24 25 258
144 26 37 98
144 37 49 226
144 44 10 44
144 46 31 274
144 54 23 226
144 57 34 119
144 61 56 16
144 64 19 152
144 66 40 267
144 67 53 178
144 69 1 143
144 71 15 12
144 79 44 287
145 16 31 268
145 21 7 32
145 23 28 80
145 28 44 145
145 37 1 226
145 46 26 62
145 48 57 103
145 49 37 269
145 50 5 225
145 56 49 7
145 63 53 226
145 65 22 61
145 69 15 195
145 75 19 76
145 80 41 18
146 5 55 54
146 7 13 198
146 11 5 168
146 20 31 222
146 38 19 129
146 53 43 296
146 54 8 192
146 59 40 125
146 61 49 173
146 62 57 291
146 63 47 275
146 68 22 5
146 69 25 195
146 75 1 76
146 80 11 193
147 16 31 164
147 20 13 202
147 23 38 80
147 24 25 203
147 28 49 85
147 29 41 170
147 33 7 31
147 34 45 245
147 35 1 297
147 39 4 278
147 49 56 269
147 50 23 225
147 55 19 170
147 80 53 88
148 3 56 162
148 15 37 204
148 20 49 202
148 33 1 48
148 34 43 265
148 38 22 37
148 41 14 120
148 45 46 289
148 52 19 176
148 63 41 195
148 65 25 65
148 67 8 178
148 71 34 12
148 79 5 160
149 4 31 168
149 14 17 149
149 17 5 50
149 22 23 34
149 25 40 294
149 27 27 191
149 28 50 33
149 29 25 170
149 34 38 245
149 52 10 78
149 54 3 192
149 64 19 275
149 71 44 258
149 72 13 65
149 78 57 25
150 2 40 214
150 9 43 245
150 20 56 50
150 25 5 252
150 34 17 230
150 37 31 226
150 44 25 57
150 46 35 172
150 53 13 122
150 54 21 192
150 59 52 105
150 60 7 175
150 62 1 117
150 63 45 180
150 64 27 217
151 1 55 99
151 17 1 197
151 23 33 120
151 28 25 241
151 34 11 265
151 39 40 115
151 41 21 80
151 45 14 102
151 51 52 294
151 54 45 192
151 61 7 237
151 65 49 61
151 68 37 218
151 70 4 292
152 3 21 106
152 24 55 101
152 27 44 34
152 37 32 181
152 43 19 24
152 46 49 172
152 47 1 75
152 50 7 3
152 56 16 7
152 57 10 270
152 60 25 175
152 64 37 280
152 71 58 12
152 72 51 140
153 6 34 43
153 8 46 230
153 9 11 203
153 20 1 150
153 31 55 30
153 32 21 252
153 34 19 265
153 39 43 141
153 49 37 285
153 51 31 231
153 53 7 183
153 64 49 275
153 68 16 214
153 73 27 250
153 77 13 77
154 1 49 103
154 6 43 89
154 7 7 198
154 19 11 188
154 32 13 87
154 40 4 156
154 42 25 288
154 47 20 75
154 53 31 56
154 54 47 235
154 70 28 33
154 72 56 248
154 76 1 105
154 78 40 5
155 3 56 32
155 6 28 89
155 10 8 18
155 15 25 233
155 19 19 232
155 30 43 298
155 32 31 252
155 34 41 245
155 35 49 113
155 39 16 141
155 56 52 44
155 60 37 206
155 63 47 113
155 76 10 6
155 77 1 71
156 10 25 18
156 11 55 109
156 18 3 251
156 23 38 130
156 31 49 148
156 39 57 141
156 43 41 27
156 46 7 200
156 56 46 43
156 57 9 121
156 61 31 16
156 62 19 291
156 65 28 176
156 74 14 167
156 75 22 244
157 7 7 254
157 9 11 99
157 10 59 18
157 12 25 204
157 21 13 208
157 22 1 34
157 26 31 177
157 41 47 120
157 53 55 181
157 54 35 226
157 56 22 7
157 57 19 266
157 73 3 124
157 75 52 77
157 77 44 150
158 15 17 16
158 18 8 36
158 19 25 89
158 21 44 32
158 26 13 175
158 33 19 292
158 41 1 253
158 48 55 149
158 51 28 231
158 60 49 206
158 71 5 263
158 72 37 133
158 76 34 6
158 80 3 193
159 2 49 214
159 19 11 96
159 26 1 98
159 27 31 267
159 31 37 118
159 32 25 222
159 34 7 265
159 37 19 141
159 46 9 274
159 52 58 176
159 57 4 271
159 61 13 173
159 68 55 214
159 72 51 153
159 79 29 143
160 3 8 51
160 11 19 288
160 12 32 160
160 13 1 218
160 17 5 66
160 24 37 101
160 26 40 167
160 29 49 66
160 53 25 183
160 54 47 226
160 55 55 207
160 57 51 119
160 61 21 68
160 64 43 142
160 70 13 33
161 1 55 217
161 21 37 96
161 24 34 124
161 30 13 266
161 39 1 141
161 42 27 243
161 46 10 62
161 49 43 269
161 53 21 256
161 54 32 192
161 56 7 44
161 59 4 108
161 60 49 118
161 71 19 12
162 14 35 23
162 15 58 204
162 18 25 220
162 27 31 191
162 28 43 109
162 30 19 298
162 36 5 295
162 46 50 62
162 48 7 125
162 51 55 294
162 52 13 46
162 64 1 152
162 73 37 93
162 76 10 105
162 80 17 18
163 3 26 264
163 5 35 251
163 7 1 239
163 13 39 148
163 16 19 268
163 31 57 86
163 42 15 243
163 56 31 277
163 59 43 154
163 63 55 195
163 66 46 267
163 68 52 15
163 71 9 12
163 76 49 46
163 79 37 242
164 3 50 13
164 7 13 47
164 15 35 204
164 16 25 164
164 35 40 297
164 36 10 295
164 44 17 11
164 53 31 135
164 58 1 93
164 59 22 108
164 61 43 61
164 62 7 291
164 67 5 72
164 70 19 151
164 77 58 213
165 8 10 230
165 9 16 203
165 11 29 109
165 15 35 57
165 21 49 96
165 31 25 30
165 35 7 104
165 38 46 37
165 51 43 172
165 57 22 119
165 64 31 142
165 65 13 151
165 67 39 178
165 72 55 198
165 76 2 56
166 1 49 72
166 6 31 43
166 7 20 198
166 9 7 203
166 12 9 8
166 18 43 36
166 19 59 89
166 20 55 150
166 27 1 191
166 57 13 97
166 65 40 176
166 68 37 214
166 70 16 151
166 73 26 93
167 4 37 168
167 7 3 47
167 11 11 168
167 16 57 268
167 28 7 109
167 31 13 118
167 35 44 113
167 42 31 243
167 46 17 172
167 54 55 192
167 57 19 97
167 58 28 213
167 61 50 227
167 69 33 270
167 77 22 150
168 8 55 242
168 26 7 293
168 33 43 26
168 39 10 115
168 44 29 232
168 47 50 5
168 51 22 172
168 53 13 181
168 57 58 97
168 60 1 234
168 64 25 142
168 69 37 276
168 76 31 105
168 77 19 150
169 6 19 205
169 13 15 235
169 14 5 23
169 16 37 185
169 17 31 197
169 20 1 64
169 26 52 293
169 37 7 226
169 47 56 5
169 59 49 125
169 60 43 81
169 64 25 35
169 65 34 231
169 77 22 77
170 4 19 174
170 9 58 245
170 10 35 206
170 18 25 200
170 20 37 202
170 27 31 34
170 29 17 64
170 30 13 196
170 33 50 26
170 42 1 243
170 45 10 289
170 57 7 119
170 62 3 291
170 65 43 176
170 75 46 154
171 3 31 51
171 4 49 265
171 11 7 168
171 13 25 78
171 18 21 251
171 29 59 66
171 32 55 112
171 33 38 48
171 44 5 11
171 46 13 274
171 54 43 225
171 57 10 266
171 66 3 267
171 75 16 78
171 77 46 213
172 3 3 162
172 5 23 54
172 8 49 54
172 9 37 196
172 17 10 69
172 48 57 180
172 53 27 56
172 58 52 93
172 61 32 227
172 64 13 152
172 66 25 180
172 73 19 124
172 75 7 77
172 76 43 105
172 80 39 18
173 5 34 54
173 16 13 268
173 17 11 197
173 22 5 107
173 24 37 203
173 30 7 277
173 32 55 58
173 37 1 181
173 47 43 137
173 53 49 296
173 65 40 188
173 66 23 292
173 68 25 218
173 77 19 45
173 80 29 193
174 1 25 99
174 3 55 51
174 7 1 254
174 10 5 35
174 13 37 3
174 22 17 34
174 35 31 297
174 53 51 56
174 56 45 44
174 67 49 178
174 68 20 218
174 71 29 12
174 72 13 283
174 74 8 227
174 75 34 154
175 2 43 76
175 12 15 160
175 13 19 154
175 35 4 113
175 38 1 128
175 43 23 24
175 48 7 149
175 65 28 188
175 67 26 178
175 69 50 270
175 73 45 250
175 75 10 24
175 76 37 56
175 78 31 240
175 80 13 18
176 5 11 45
176 7 49 47
176 8 55 11
176 15 53 16
176 17 4 200
176 18 38 36
176 19 13 188
176 23 21 237
176 26 32 293
176 29 29 66
176 34 1 124
176 47 43 91
176 50 58 225
176 57 7 271
176 59 15 154
177 1 7 72
177 17 27 69
177 18 13 200
177 29 38 250
177 31 1 30
177 33 20 31
177 42 25 243
177 55 55 263
177 57 40 271
177 63 5 37
177 70 31 292
177 71 17 12
177 73 49 98
177 75 46 77
178 1 38 99
178 4 43 168
178 19 19 89
178 24 31 258
178 27 49 280
178 34 47 124
178 36 13 85
178 38 34 37
178 45 16 27
178 49 57 285
178 57 4 97
178 58 1 213
178 68 26 113
178 76 21 105
178 79 53 287
179 8 34 230
179 10 59 35
179 14 15 23
179 20 21 202
179 32 1 252
179 43 45 24
179 47 49 114
179 54 5 192
179 61 55 298
179 67 19 178
179 70 7 292
179 72 25 140
179 73 37 217
179 75 31 78
179 77 10 184
180 2 45 76
180 5 19 251
180 12 25 52
180 25 31 270
180 27 37 34
180 33 2 26
180 36 47 295
180 38 55 37
180 42 8 243
180 47 13 75
180 49 51 285
180 50 17 225
180 66 43 267
180 70 22 151
180 80 10 18
181 7 57 254
181 20 13 64
181 22 29 34
181 25 17 233
181 28 31 109
181 41 5 80
181 52 51 78
181 61 43 173
181 64 7 142
181 67 3 178
181 73 25 124
181 74 38 11
181 75 19 78
181 80 35 193
182 8 15 242
182 18 43 251
182 25 13 54
182 31 55 188
182 38 40 129
182 40 37 156
182 44 31 11
182 45 22 27
182 50 1 3
182 54 19 192
182 56 3 7
182 62 7 133
182 66 35 267
182 73 49 248
182 74 27 88
183 5 38 157
183 10 7 35
183 12 55 52
183 14 3 23
183 15 31 57
183 16 20 185
183 27 51 267
183 47 25 75
183 54 1 192
183 55 9 263
183 57 13 271
183 71 29 263
183 72 33 97
183 74 44 88
183 78 16 240
184 12 43 183
184 13 25 107
184 29 53 250
184 30 19 196
184 31 31 148
184 33 13 31
184 40 37 171
184 43 2 24
184 44 47 57
184 45 49 27
184 58 10 205
184 59 55 154
184 63 59 113
184 68 4 214
184 70 7 151
185 1 49 99
185 3 38 106
185 7 19 254
185 12 25 8
185 15 43 204
185 17 11 200
185 19 5 232
185 23 16 8
185 28 56 241
185 46 47 274
185 50 45 225
185 65 13 231
185 66 29 180
185 73 7 236
185 74 1 227
186 12 43 87
186 20 49 150
186 27 3 15
186 28 15 85
186 29 9 250
186 32 55 100
186 36 29 85
186 38 38 52
186 44 1 11
186 54 41 235
186 57 22 266
186 61 31 257
186 63 11 226
186 72 25 133
186 80 13 88
187 1 9 217
187 8 27 242
187 9 17 196
187 17 7 69
187 22 13 81
187 43 47 24
187 44 31 44
187 54 57 192
187 56 37 177
187 58 22 213
187 60 2 81
187 65 51 188
187 73 43 124
187 77 33 106
187 80 25 88
188 26 34 177
188 28 1 85
188 32 7 87
188 33 55 48
188 34 22 265
188 44 11 71
188 45 28 102
188 52 19 197
188 57 37 270
188 64 13 35
188 70 49 151
188 73 43 98
188 76 52 46
189 1 7 99
189 6 37 43
189 15 23 16
189 17 52 50
189 23 16 101
189 31 31 193
189 34 5 245
189 36 2 295
189 39 46 233
189 45 43 289
189 47 55 6
189 51 49 294
189 74 25 227
189 76 40 56
189 79 21 287
190 2 55 76
190 7 25 254
190 15 35 233
190 17 2 200
190 18 37 251
190 24 4 91
190 31 49 86
190 39 13 115
190 42 29 276
190 52 58 197
190 53 7 181
190 64 19 217
190 68 16 218
190 69 31 195
190 72 44 140
191 8 58 119
191 13 25 148
191 23 37 120
191 31 31 30
191 32 43 222
191 34 23 124
191 37 49 102
191 40 19 156
191 48 1 125
191 54 40 192
191 55 13 220
191 58 8 213
191 70 4 151
191 78 55 172
192 7 49 239
192 8 28 11
192 10 37 35
192 17 23 197
192 20 7 150
192 22 35 34
192 23 4 101
192 40 40 25
192 45 25 289
192 47 55 137
192 55 13 170
192 69 19 276
192 70 1 292
192 71 45 12
192 72 31 133
193 4 39 174
193 8 43 54
193 9 23 196
193 19 56 89
193 20 25 64
193 25 5 233
193 28 14 145
193 31 7 28
193 32 49 87
193 44 33 44
193 49 19 190
193 52 2 46
193 59 46 58
193 70 58 151
193 79 53 160
194 5 3 157
194 10 52 35
194 11 11 288
194 15 9 204
194 17 1 50
194 20 27 50
194 23 49 80
194 32 37 9
194 34 25 245
194 39 31 233
194 46 19 62
194 47 15 6
194 61 44 237
194 63 13 37
194 79 5 242
195 4 31 259
195 5 1 45
195 13 45 3
195 19 23 232
195 22 41 34
195 34 58 265
195 36 43 295
195 39 4 141
195 52 20 46
195 56 55 277
195 60 25 236
195 62 37 291
195 64 14 217
195 73 8 93
195 78 49 240
196 3 49 32
196 5 59 54
196 7 13 254
196 10 35 196
196 21 25 22
196 24 3 258
196 26 22 293
196 32 37 222
196 35 7 115
196 39 10 145
196 43 1 132
196 48 46 19
196 62 43 133
196 64 31 152
196 72 55 66
197 4 51 214
197 12 55 8
197 15 3 204
197 22 41 107
197 30 31 196
197 32 13 252
197 34 35 265
197 37 27 141
197 49 7 285
197 55 43 170
197 62 19 208
197 63 25 37
197 66 37 267
197 76 22 135
198 4 1 174
198 7 55 239
198 17 34 50
198 30 39 196
198 31 49 30
198 40 46 25
198 42 37 288
198 51 13 294
198 61 25 237
198 65 7 188
198 66 29 267
198 67 17 178
198 68 43 5
198 78 19 25
198 80 5 88
199 6 21 89
199 11 17 168
199 13 7 148
199 20 43 202
199 29 1 250
199 31 25 193
199 32 13 222
199 38 37 129
199 39 3 115
199 43 47 132
199 55 49 257
199 58 40 71
199 68 58 214
199 72 31 140
200 1 55 72
200 7 31 189
200 10 53 206
200 15 11 57
200 27 43 191
200 29 17 170
200 35 1 151
200 44 20 57
200 48 25 125
200 55 37 263
200 56 14 44
200 57 22 97
200 58 4 62
200 61 7 173
200 64 49 281
Điểm tối ưu/tốt nhất tìm được: 2939
Thời gian: 360.075941 giây
Trạng thái: VALID
