1158
1 1 49 94
1 3 55 69
1 5 28 84
1 9 25 83
1 10 31 111
1 15 37 53
1 16 39 29
1 17 9 6
1 19 7 16
1 20 3 41
1 21 17 36
1 26 13 100
1 28 19 20
1 30 43 42
1 32 22 93
2 2 2 22
2 5 13 84
2 7 7 86
2 8 49 117
2 11 46 64
2 12 28 80
2 14 55 75
2 15 39 53
2 17 9 59
2 20 31 35
2 24 25 19
2 27 20 110
2 29 43 11
3 1 16 94
3 5 1 43
3 9 46 99
3 11 10 64
3 14 31 112
3 18 26 90
3 19 58 33
3 20 21 41
3 21 5 36
3 23 7 61
3 25 23 18
3 28 39 20
3 29 19 107
3 32 13 93
4 3 31 77
4 7 17 86
4 9 40 83
4 11 37 50
4 13 7 57
4 14 1 112
4 17 19 59
4 18 21 114
4 19 5 16
4 21 47 3
4 23 28 61
4 24 25 39
4 26 43 50
4 27 13 110
4 29 11 32
5 1 46 32
5 3 25 77
5 4 1 106
5 6 32 13
5 9 37 83
5 12 7 80
5 13 13 51
5 14 21 112
5 15 5 39
5 17 19 38
5 23 58 103
5 24 17 109
5 29 3 11
5 31 50 5
5 32 10 93
6 1 55 15
6 2 37 15
6 7 41 86
6 8 2 30
6 10 25 111
6 11 22 64
6 12 46 80
6 17 17 59
6 19 43 16
6 20 15 41
6 24 13 39
6 25 9 18
6 28 19 79
6 29 11 77
6 32 34 63
7 1 25 94
7 3 19 69
7 5 43 78
7 6 31 86
7 7 35 86
7 10 37 111
7 11 1 50
7 12 55 80
7 20 9 35
7 21 5 3
7 23 28 113
7 27 49 4
7 29 53 11
7 31 13 25
7 32 46 93
8 1 46 94
8 3 50 69
8 5 16 43
8 6 1 2
8 7 22 44
8 8 55 30
8 11 32 64
8 12 10 80
8 15 59 53
8 16 27 29
8 21 43 3
8 25 35 1
8 27 38 82
8 28 7 79
8 29 25 32
9 1 4 94
9 3 43 77
9 4 59 106
9 6 49 102
9 8 25 30
9 12 34 67
9 15 1 53
9 17 7 59
9 18 41 74
9 20 9 41
9 23 31 103
9 27 37 107
9 28 14 20
9 29 23 77
9 31 19 5
10 1 10 94
10 4 37 106
10 5 40 43
10 6 13 102
10 7 59 86
10 15 35 53
10 16 45 29
10 17 23 38
10 18 7 74
10 20 43 41
10 24 3 19
10 26 55 101
10 27 19 65
10 30 25 42
10 31 31 5
11 1 25 15
11 3 7 47
11 4 57 106
11 5 19 43
11 7 43 86
11 10 50 111
11 13 33 51
11 18 15 74
11 19 38 61
11 20 1 41
11 23 4 61
11 24 13 19
11 27 45 4
11 29 28 107
11 30 22 9
12 1 34 94
12 3 26 47
12 5 49 78
12 8 37 72
12 9 7 83
12 12 19 80
12 17 13 6
12 18 10 114
12 19 31 33
12 21 41 3
12 24 23 39
12 25 2 1
12 31 55 5
12 32 16 93
13 1 31 94
13 2 13 22
13 3 1 47
13 5 10 78
13 11 7 64
13 12 58 80
13 16 17 29
13 20 19 35
13 24 56 19
13 25 25 1
13 26 37 101
13 27 43 31
13 29 23 11
13 32 28 93
14 3 37 47
14 4 4 106
14 5 31 84
14 11 13 50
14 15 8 53
14 20 29 41
14 22 34 56
14 23 49 103
14 25 23 1
14 26 19 60
14 28 26 20
14 29 1 11
14 30 10 9
14 32 16 63
15 2 7 105
15 5 49 43
15 6 31 102
15 7 17 13
15 9 25 99
15 11 4 50
15 14 44 112
15 16 2 29
15 19 28 33
15 20 37 41
15 21 35 3
15 23 55 61
15 24 21 19
15 31 13 31
15 32 39 63
16 1 13 94
16 2 31 105
16 7 43 13
16 8 49 73
16 9 19 78
16 11 8 50
16 13 3 66
16 18 5 90
16 20 56 41
16 21 45 36
16 22 37 96
16 25 35 18
16 26 26 100
16 30 16 9
17 2 25 105
17 5 4 78
17 7 13 62
17 9 21 83
17 14 7 75
17 15 49 53
17 17 11 38
17 18 59 114
17 20 32 41
17 21 19 3
17 24 16 19
17 28 46 44
17 30 40 9
17 32 52 93
18 2 55 105
18 4 41 91
18 5 37 43
18 6 15 97
18 8 49 30
18 11 19 39
18 12 22 67
18 14 27 112
18 16 25 29
18 18 9 90
18 20 47 41
18 23 43 103
18 29 13 11
18 31 1 31
19 4 8 106
19 5 26 78
19 8 19 117
19 9 4 99
19 11 55 50
19 12 51 67
19 14 13 75
19 17 17 6
19 18 39 74
19 20 29 35
19 23 45 61
19 25 1 18
19 28 10 20
19 29 49 11
19 30 34 42
20 6 27 2
20 8 45 97
20 9 16 99
20 12 19 17
20 14 7 118
20 18 51 114
20 19 40 61
20 20 43 35
20 22 13 56
20 25 4 1
20 26 31 100
20 27 55 110
20 29 35 77
20 32 1 93
21 1 28 94
21 2 19 89
21 5 40 78
21 8 2 117
21 12 10 67
21 13 23 66
21 14 13 118
21 18 17 114
21 19 50 33
21 23 55 109
21 24 46 39
21 27 31 82
21 28 52 44
21 30 58 9
21 32 7 93
22 4 34 106
22 5 31 43
22 8 43 30
22 11 37 39
22 13 5 57
22 15 19 115
22 16 53 29
22 17 21 38
22 18 3 114
22 19 1 16
22 20 49 41
22 21 29 3
22 25 57 18
22 27 13 65
22 31 7 5
23 4 25 106
23 7 58 44
23 8 27 117
23 11 19 64
23 18 3 74
23 19 43 61
23 20 7 35
23 21 9 3
23 23 52 103
23 24 37 19
23 26 32 101
23 27 14 82
23 29 46 11
23 30 49 106
23 31 39 25
24 1 43 32
24 2 3 109
24 3 33 47
24 5 22 43
24 7 1 13
24 9 13 99
24 11 25 50
24 13 16 51
24 18 7 114
24 21 9 36
24 22 19 56
24 24 29 19
24 25 11 18
24 29 37 77
24 30 39 42
25 1 43 94
25 3 50 47
25 4 23 106
25 5 4 84
25 7 25 13
25 13 28 57
25 19 19 33
25 20 13 35
25 21 21 3
25 22 1 96
25 23 8 103
25 24 11 19
25 25 15 1
25 27 33 107
25 32 58 93
26 1 20 32
26 2 44 89
26 5 25 84
26 6 7 2
26 9 52 99
26 11 58 50
26 12 55 67
26 17 23 59
26 19 17 61
26 20 13 41
26 21 15 3
26 27 2 110
26 30 49 9
26 31 38 34
27 3 26 69
27 5 7 43
27 7 10 86
27 11 52 50
27 12 44 67
27 15 19 53
27 17 21 6
27 19 38 33
27 20 47 35
27 22 1 76
27 23 4 103
27 24 49 19
27 29 41 11
27 32 13 63
28 2 49 89
28 4 32 106
28 5 7 84
28 6 55 2
28 12 40 67
28 13 1 57
28 16 5 5
28 18 29 74
28 19 35 33
28 20 37 35
28 21 19 36
28 23 16 103
28 27 25 110
28 29 21 11
28 30 46 20
29 1 57 94
29 2 44 22
29 5 34 78
29 6 49 86
29 7 23 13
29 14 27 118
29 19 53 33
29 21 7 3
29 22 19 96
29 23 1 61
29 27 37 65
29 29 32 11
29 31 13 34
29 32 4 93
30 1 19 94
30 2 26 89
30 3 32 69
30 4 11 15
30 8 43 117
30 11 16 50
30 12 7 67
30 15 3 53
30 16 14 29
30 17 1 6
30 20 58 41
30 21 47 36
30 27 38 110
30 28 55 63
30 30 52 9
31 1 31 15
31 6 43 2
31 7 4 62
31 8 13 117
31 9 49 99
31 11 8 65
31 14 55 118
31 18 11 74
31 19 17 33
31 26 25 60
31 27 19 82
31 28 1 44
31 29 34 11
31 31 37 5
32 2 49 105
32 4 53 106
32 6 37 86
32 7 15 13
32 14 31 118
32 15 9 39
32 16 22 29
32 18 1 74
32 19 25 33
32 25 20 18
32 26 55 100
32 28 44 63
32 29 47 77
32 31 27 25
33 1 43 15
33 6 37 102
33 7 23 86
33 8 13 72
33 9 33 99
33 10 7 111
33 11 4 64
33 15 17 53
33 17 59 38
33 19 11 16
33 20 49 35
33 21 31 3
33 24 41 19
33 30 28 42
33 32 25 93
34 4 17 15
34 5 25 43
34 6 13 2
34 9 28 99
34 13 4 51
34 15 45 53
34 16 33 29
34 17 31 38
34 20 40 35
34 22 22 56
34 25 11 1
34 28 1 20
34 29 55 11
34 30 58 20
34 31 7 31
35 1 8 32
35 4 17 119
35 5 22 84
35 6 51 2
35 7 25 86
35 9 1 99
35 13 11 51
35 17 31 59
35 18 43 74
35 19 49 61
35 22 58 96
35 24 45 19
35 25 20 1
35 26 13 101
35 32 4 63
36 2 37 22
36 3 2 69
36 4 47 106
36 5 50 84
36 6 19 102
36 7 35 44
36 8 8 30
36 13 13 66
36 15 15 53
36 17 23 6
36 20 45 41
36 21 25 3
36 29 27 11
36 32 31 93
37 5 10 84
37 10 19 111
37 11 1 64
37 16 31 29
37 17 4 38
37 18 15 90
37 19 40 33
37 24 38 109
37 25 47 18
37 26 33 115
37 27 56 65
37 28 43 79
37 29 8 11
37 31 49 31
37 32 28 63
38 1 40 94
38 2 32 89
38 5 58 43
38 6 25 102
38 9 55 83
38 13 9 66
38 15 47 53
38 17 5 6
38 19 1 33
38 21 3 36
38 22 44 56
38 24 7 19
38 28 37 44
38 29 51 11
38 31 13 5
39 3 51 77
39 4 28 106
39 6 39 13
39 12 1 67
39 15 57 53
39 16 47 29
39 17 11 59
39 18 37 74
39 21 15 36
39 23 25 109
39 25 13 1
39 26 7 60
39 28 19 44
39 30 34 9
40 2 31 22
40 4 41 106
40 6 27 13
40 7 17 44
40 8 7 73
40 9 2 83
40 14 37 118
40 16 35 29
40 18 23 114
40 19 43 33
40 20 21 35
40 21 13 3
40 22 45 76
40 26 55 22
40 29 15 11
41 1 7 94
41 4 1 91
41 8 13 30
41 10 43 111
41 13 17 57
41 15 25 53
41 16 20 29
41 18 3 90
41 22 10 96
41 23 28 109
41 24 5 19
41 26 37 100
41 27 31 110
41 28 22 20
41 30 55 9
42 2 20 105
42 5 37 78
42 11 49 50
42 12 43 80
42 13 29 51
42 16 41 29
42 18 17 74
42 20 27 41
42 22 4 76
42 23 10 61
42 26 13 60
42 28 32 44
42 30 52 42
42 31 55 25
43 3 2 77
43 4 29 15
43 5 13 78
43 6 21 119
43 7 10 13
43 8 25 73
43 9 16 83
43 10 55 111
43 19 8 33
43 20 19 41
43 21 53 3
43 23 31 113
43 27 49 110
43 29 39 11
43 31 44 34
44 3 55 77
44 4 14 106
44 5 46 78
44 6 27 86
44 7 5 86
44 12 9 49
44 14 37 112
44 15 25 115
44 18 19 114
44 20 16 35
44 21 7 36
44 25 31 18
44 26 1 100
44 27 50 65
45 3 38 69
45 6 19 2
45 8 57 72
45 9 31 83
45 15 13 53
45 16 51 29
45 19 55 16
45 20 11 41
45 23 25 103
45 24 23 109
45 25 9 1
45 28 43 44
45 29 46 107
45 30 4 9
45 32 1 63
46 2 1 105
46 3 39 77
46 6 13 86
46 7 7 44
46 9 10 83
46 11 43 64
46 12 31 49
46 16 29 29
46 20 5 41
46 22 46 96
46 23 25 61
46 24 34 19
46 25 58 1
46 26 19 100
47 5 52 78
47 8 19 72
47 9 31 78
47 12 16 80
47 13 25 51
47 15 23 53
47 17 7 38
47 18 1 90
47 19 13 33
47 20 34 35
47 21 3 3
47 25 27 1
47 26 43 60
47 30 9 42
47 32 49 93
48 2 13 109
48 7 7 62
48 8 9 97
48 12 40 80
48 14 20 118
48 15 5 53
48 17 3 6
48 21 1 3
48 23 46 103
48 24 52 19
48 25 29 18
48 27 31 65
48 28 49 44
48 31 25 31
49 2 2 15
49 3 20 47
49 4 39 106
49 6 45 13
49 7 59 13
49 9 49 83
49 14 25 75
49 15 43 53
49 19 13 16
49 21 31 36
49 23 52 109
49 24 56 39
49 25 29 1
49 28 7 20
49 29 37 11
50 4 19 106
50 5 1 84
50 8 55 73
50 9 43 99
50 11 40 50
50 13 7 66
50 16 10 29
50 17 25 6
50 19 23 61
50 21 27 36
50 22 16 96
50 23 34 103
50 24 32 19
50 30 4 42
51 1 1 94
51 2 13 89
51 5 56 84
51 11 28 64
51 12 22 80
51 13 8 51
51 16 37 29
51 18 40 114
51 24 35 39
51 25 17 1
51 26 31 60
51 28 25 63
51 29 5 11
51 30 19 9
51 32 10 63
52 3 7 69
52 5 55 43
52 6 31 2
52 7 5 13
52 8 1 72
52 9 13 83
52 12 16 67
52 14 49 112
52 17 11 6
52 18 20 90
52 21 22 36
52 27 43 110
52 28 25 79
52 29 58 11
53 1 37 94
53 3 14 69
53 4 10 106
53 9 19 99
53 11 40 64
53 13 31 51
53 14 56 112
53 17 4 59
53 18 27 74
53 19 25 16
53 24 47 19
53 25 7 1
53 27 50 107
53 32 22 63
54 1 52 94
54 2 55 89
54 5 7 78
54 6 1 102
54 8 20 30
54 14 37 75
54 15 5 115
54 19 33 33
54 23 13 113
54 24 27 19
54 28 10 79
54 31 43 5
54 32 49 63
55 3 7 77
55 4 16 106
55 6 55 86
55 7 47 86
55 9 1 78
55 12 37 67
55 15 33 53
55 18 22 74
55 20 4 35
55 22 13 96
55 26 43 101
55 27 25 82
55 30 19 42
55 32 52 63
56 2 19 22
56 5 34 43
56 7 40 44
56 9 52 83
56 12 25 80
56 15 55 53
56 18 7 90
56 19 17 16
56 21 1 36
56 22 37 56
56 23 14 61
56 26 3 60
56 27 44 65
56 29 10 11
56 32 31 63
57 2 7 109
57 11 57 64
57 12 50 80
57 14 14 112
57 16 55 29
57 20 23 35
57 21 34 36
57 23 28 103
57 25 26 18
57 27 44 82
57 28 38 79
57 30 31 9
57 31 1 25
57 32 19 93
58 1 22 94
58 2 7 89
58 6 37 2
58 7 3 13
58 10 14 111
58 11 31 50
58 13 1 66
58 14 43 118
58 20 41 41
58 23 58 109
58 25 5 18
58 26 49 60
58 29 19 11
58 31 25 34
58 32 34 93
59 2 38 105
59 3 13 77
59 6 7 119
59 7 1 62
59 11 19 50
59 12 3 49
59 14 33 79
59 15 28 53
59 18 11 90
59 19 45 33
59 23 51 61
59 25 31 1
59 28 25 44
59 30 22 42
59 31 55 31
60 2 25 22
60 4 21 106
60 7 56 62
60 8 31 30
60 9 40 99
60 12 37 80
60 15 51 53
60 17 19 6
60 18 5 74
60 19 15 33
60 20 7 41
60 22 1 56
60 25 13 18
60 28 9 44
61 4 45 106
61 7 2 86
61 8 49 72
61 9 22 78
61 12 13 80
61 14 7 112
61 17 28 59
61 18 19 74
61 19 31 16
61 20 25 35
61 21 11 36
61 25 33 1
61 29 4 32
61 30 16 42
62 2 19 109
62 3 43 69
62 4 55 106
62 5 16 84
62 7 53 86
62 11 40 39
62 14 32 75
62 16 57 29
62 17 9 38
62 21 27 3
62 23 37 103
62 24 1 39
62 25 3 18
62 29 59 77
62 31 49 34
63 4 23 91
63 6 56 102
63 8 25 97
63 9 4 82
63 11 13 64
63 15 53 53
63 17 1 38
63 20 11 35
63 22 7 56
63 23 20 61
63 27 31 4
63 29 17 11
63 30 43 20
63 32 37 93
64 7 11 62
64 8 25 72
64 11 16 64
64 12 19 67
64 13 31 66
64 16 35 5
64 18 29 90
64 19 33 16
64 20 23 41
64 22 4 56
64 23 1 103
64 26 7 100
64 27 55 82
64 30 13 42
65 1 28 32
65 7 23 62
65 8 9 117
65 9 44 83
65 11 34 50
65 16 17 5
65 17 7 6
65 18 13 74
65 19 15 16
65 21 40 36
65 27 19 31
65 28 4 20
65 29 2 32
65 30 37 9
66 1 34 15
66 2 8 22
66 4 43 106
66 5 16 78
66 6 49 13
66 10 1 111
66 14 45 75
66 17 25 59
66 18 5 114
66 19 58 61
66 20 27 35
66 23 21 103
66 24 39 19
66 28 31 20
66 30 13 9
67 1 13 32
67 3 19 77
67 5 52 43
67 8 55 117
67 15 41 53
67 18 31 74
67 21 23 3
67 24 43 19
67 26 45 115
67 27 37 31
67 28 34 20
67 29 17 77
67 30 26 9
67 31 1 34
67 32 7 63
68 2 1 89
68 5 39 84
68 8 33 73
68 9 28 83
68 12 13 67
68 13 50 57
68 14 19 75
68 18 23 90
68 19 31 61
68 21 11 3
68 22 16 76
68 24 9 19
68 26 43 100
68 29 7 107
68 31 56 34
69 3 43 47
69 4 41 15
69 7 25 62
69 11 22 50
69 16 7 29
69 21 17 3
69 22 13 76
69 23 34 61
69 24 19 19
69 26 49 100
69 27 9 82
69 29 29 11
69 30 31 42
69 31 1 5
70 1 46 15
70 5 28 43
70 6 19 86
70 7 15 62
70 8 32 117
70 12 55 4
70 15 3 39
70 17 13 38
70 21 25 36
70 24 44 39
70 25 37 1
70 26 49 101
70 27 7 110
70 32 40 93
71 4 22 15
71 5 10 43
71 7 47 62
71 8 43 73
71 11 37 64
71 12 13 49
71 13 20 51
71 14 1 118
71 17 34 38
71 20 17 41
71 22 25 96
71 24 7 39
71 28 55 44
71 29 49 77
71 30 51 20
72 3 14 47
72 5 19 84
72 6 7 102
72 7 37 62
72 8 27 54
72 9 34 83
72 11 1 65
72 12 31 67
72 13 5 66
72 17 41 6
72 18 25 74
72 23 55 103
72 27 49 82
72 30 46 42
73 1 13 15
73 2 38 89
73 6 19 13
73 8 31 72
73 11 25 64
73 16 59 29
73 18 9 74
73 19 56 33
73 21 50 3
73 24 23 19
73 25 7 18
73 29 4 107
73 30 1 42
73 32 43 93
74 1 16 32
74 5 13 43
74 9 22 99
74 13 1 51
74 15 31 53
74 18 33 74
74 19 4 33
74 20 25 41
74 21 37 3
74 22 40 56
74 24 59 19
74 29 9 107
74 30 49 42
74 31 27 5
75 1 49 15
75 4 52 15
75 7 28 62
75 9 58 83
75 12 32 80
75 14 2 75
75 16 43 29
75 17 16 38
75 19 10 33
75 20 35 41
75 21 13 36
75 22 25 56
75 23 40 103
75 31 20 34
75 32 7 4
76 3 56 47
76 6 43 102
76 7 13 13
76 8 8 72
76 12 4 67
76 14 51 75
76 15 21 53
76 16 49 29
76 17 15 6
76 18 35 74
76 19 47 33
76 24 17 39
76 28 28 44
76 30 1 9
77 2 50 22
77 7 37 13
77 8 44 72
77 9 7 99
77 12 58 67
77 18 13 90
77 19 22 33
77 20 39 41
77 22 10 56
77 26 25 101
77 28 4 44
77 29 1 107
77 30 55 20
77 31 31 31
78 2 44 105
78 4 19 15
78 7 7 13
78 9 56 99
78 12 26 67
78 16 4 29
78 17 35 6
78 20 1 35
78 22 9 76
78 23 13 103
78 25 16 18
78 26 37 60
78 28 49 79
78 29 29 77
78 31 31 34
79 1 8 15
79 2 31 109
79 5 4 43
79 7 35 62
79 8 37 30
79 11 28 50
79 17 2 59
79 20 51 41
79 22 22 96
79 24 11 109
79 27 56 107
79 28 14 44
79 30 44 9
79 32 19 63
80 2 13 105
80 4 58 15
80 5 44 43
80 7 17 62
80 9 37 99
80 11 27 65
80 12 3 80
80 13 22 51
80 14 49 118
80 15 10 53
80 24 1 19
80 29 25 11
80 30 7 9
80 32 55 93
Điểm tối ưu/tốt nhất tìm được: 1158
Thời gian: 180.023285 giây
Trạng thái: VALID
