284
1 42 8 24
1 52 55 13
2 12 3 12
2 37 1 34
2 42 44 24
3 1 38 30
3 16 22 16
3 49 13 40
3 59 57 36
4 8 22 18
4 16 8 16
4 23 34 37
4 43 31 16
4 52 26 13
5 16 19 16
5 26 10 36
5 34 17 27
5 48 13 7
5 57 3 33
6 8 19 18
6 9 14 9
6 19 38 1
6 55 52 23
7 49 3 40
8 35 25 34
8 41 23 2
8 49 50 40
9 10 15 22
9 23 10 37
9 38 57 11
10 6 57 9
10 29 43 9
11 21 7 25
11 55 4 23
12 38 44 26
12 44 1 32
12 50 16 5
13 4 2 8
13 14 19 7
13 38 8 26
14 20 43 16
15 15 33 22
15 43 28 16
15 54 16 35
16 6 31 9
16 46 9 6
16 57 46 33
17 12 19 12
17 34 10 27
17 53 8 30
17 59 2 36
18 11 21 33
18 21 13 25
18 46 2 20
19 4 8 8
19 55 22 23
19 57 16 33
20 5 15 21
20 34 5 27
20 42 29 24
21 27 20 3
21 47 2 29
21 49 7 40
21 52 14 13
22 5 21 21
23 17 4 35
23 32 14 1
24 10 27 22
24 18 2 4
24 38 7 11
25 39 19 23
25 40 15 24
25 42 17 24
25 48 55 7
26 9 40 9
26 18 31 4
26 32 8 1
27 33 20 10
27 48 16 7
27 59 33 36
28 11 39 33
28 13 13 39
28 30 22 37
28 47 49 29
29 32 14 12
29 35 4 34
29 54 8 35
30 14 25 7
30 41 1 2
30 46 56 6
30 58 7 13
31 42 32 13
31 47 38 29
31 53 1 30
31 55 10 23
31 56 15 6
32 12 33 12
32 27 25 3
32 29 8 9
32 59 13 36
32 60 19 20
33 7 20 4
34 21 3 25
34 30 1 37
34 32 19 1
34 50 13 5
34 56 7 6
35 9 23 9
35 42 19 24
35 57 32 33
36 3 8 28
36 27 38 3
36 30 31 37
36 32 26 1
36 38 2 11
37 6 25 9
37 9 5 9
37 48 46 7
37 59 51 36
38 38 2 26
38 58 41 13
39 6 49 9
39 10 2 22
39 24 13 38
39 49 45 40
40 8 40 18
40 41 7 2
40 52 43 13
40 53 50 30
41 6 49 5
41 8 31 10
41 13 4 39
41 19 1 1
41 22 47 18
42 20 32 3
42 57 13 33
43 3 4 21
43 24 50 38
43 47 10 29
44 23 13 37
44 33 28 10
45 3 43 28
45 48 2 7
45 52 21 13
46 3 22 28
46 14 31 7
46 57 43 33
46 59 38 36
47 4 3 30
47 33 14 10
47 46 7 20
47 47 57 29
47 58 53 13
48 5 32 21
48 27 45 3
48 50 39 5
49 39 38 23
49 44 8 32
49 59 43 36
50 7 33 4
50 16 2 16
50 49 55 39
50 54 39 35
50 59 25 36
51 18 10 22
51 55 58 23
52 12 8 12
52 38 4 11
52 60 1 28
53 12 15 28
53 52 1 13
54 31 8 34
54 43 13 29
54 49 26 40
54 58 5 13
55 4 1 27
55 42 5 24
55 43 31 29
56 33 25 10
56 44 20 32
57 4 27 30
57 24 7 38
58 18 11 4
58 57 7 33
59 7 7 4
59 20 13 3
59 34 47 27
59 46 22 20
60 16 49 16
60 25 22 12
61 35 14 34
61 57 10 33
62 17 13 35
62 23 7 37
62 25 1 12
62 34 15 27
62 56 3 6
63 30 19 37
63 57 26 33
64 34 7 27
64 43 25 16
64 60 10 20
65 4 56 8
65 18 4 4
65 23 25 37
65 39 7 23
66 7 14 4
66 42 3 24
67 26 7 36
67 43 16 29
68 33 9 10
68 43 34 16
68 55 1 23
69 17 21 35
69 25 29 12
70 12 25 12
70 20 7 3
70 44 14 32
70 49 21 40
71 25 11 12
71 27 1 3
72 18 43 22
72 49 55 40
73 6 19 5
73 12 34 28
73 20 49 3
73 25 46 12
73 52 9 13
74 3 4 28
74 4 15 8
74 17 11 35
74 19 32 1
74 42 13 24
75 1 14 18
75 5 26 21
75 10 38 22
75 13 8 39
75 50 2 5
76 1 26 29
76 19 4 1
76 24 19 38
76 43 14 16
77 23 16 37
77 24 1 38
77 48 43 7
77 52 37 13
78 33 34 10
78 55 26 23
79 8 2 10
79 14 7 7
80 6 19 9
80 10 56 22
80 23 3 37
80 39 15 23
80 43 7 29
81 7 45 4
81 16 40 16
82 35 19 34
82 42 10 24
82 43 22 29
82 50 7 5
82 56 39 6
83 1 8 18
83 7 26 4
83 49 31 40
84 5 9 21
84 59 20 36
85 5 38 21
85 13 1 39
85 39 34 23
85 42 57 24
86 8 44 10
86 41 4 2
86 42 1 24
87 13 21 39
87 50 10 5
88 9 16 9
88 15 7 22
88 22 3 18
88 43 37 16
89 9 2 9
89 43 19 29
90 17 2 35
90 53 58 30
Điểm tối ưu/tốt nhất tìm được: 284
Thời gian: 45.002903 giây
Trạng thái: VALID
