300 200 80
64 38 11 12 45 50 52 54 22 24 59 30 0
66 67 2 38 8 44 77 78 53 55 59 63 0
33 2 69 5 40 10 80 17 53 25 62 31 0
67 5 69 8 73 10 11 48 18 51 20 61 0
65 5 41 47 48 80 20 22 55 25 61 62 0
2 69 37 71 73 9 13 47 15 17 19 24 0
4 6 39 8 41 15 50 51 20 55 24 60 0
64 66 3 68 40 12 48 53 24 61 62 63 0
67 4 69 9 47 79 16 54 23 56 61 62 0
40 43 45 77 48 21 53 22 57 60 25 31 0
66 34 67 70 7 6 71 39 75 54 23 62 0
64 65 3 38 41 46 54 23 56 25 27 62 0
4 37 42 13 79 80 23 57 58 61 25 63 0
35 39 71 9 74 43 44 12 53 28 63 31 0
34 70 39 74 75 43 76 50 20 23 24 29 0
64 2 69 74 11 75 44 15 19 54 26 61 0
64 66 3 4 74 75 79 52 20 54 58 29 0
32 64 10 11 44 45 14 77 80 46 58 30 0
67 68 70 7 40 42 43 75 14 79 78 49 0
3 6 72 74 43 77 14 47 79 54 56 59 0
32 2 67 4 36 9 10 48 51 24 25 56 0
69 41 10 46 19 25 55 24 57 27 28 62 0
64 65 67 69 70 10 15 48 49 24 25 62 0
2 4 40 77 15 79 16 19 53 23 24 59 0
37 27 9 77 18 53 56 57 59 60 29 62 0
65 68 72 74 76 15 19 21 58 60 63 31 0
65 67 36 9 74 14 80 48 52 22 63 31 0
4 36 72 42 43 76 49 19 20 21 25 27 0
67 36 37 70 71 73 13 78 17 53 59 62 0
64 34 4 5 10 42 47 17 18 52 53 30 0
35 71 73 10 43 13 23 57 26 61 30 31 0
2 5 69 72 10 11 79 18 24 57 59 63 0
67 43 45 14 78 79 18 25 26 28 30 57 0
65 66 36 10 75 13 52 21 54 57 58 30 0
65 68 9 74 43 44 13 78 79 16 19 63 0
66 26 37 72 42 48 16 18 54 25 58 31 0
67 38 39 8 74 15 24 57 26 63 62 31 0
33 34 67 9 11 78 15 49 55 56 58 60 0
67 5 71 77 15 47 52 53 23 56 28 29 0
72 40 10 75 43 12 46 54 25 59 60 62 0
4 5 7 43 75 78 47 51 53 24 25 29 0
3 37 5 73 44 14 18 50 52 53 22 23 0
35 6 38 42 12 77 78 52 53 22 26 28 0
32 33 64 69 8 74 43 49 29 20 22 61 0
33 3 4 39 12 45 78 52 21 22 54 59 0
65 33 71 43 47 16 19 23 56 26 59 61 0
64 70 71 41 42 76 28 14 53 54 31 63 0
64 67 37 73 43 14 50 51 20 18 54 56 0
35 4 73 11 76 78 18 20 57 26 60 30 0
32 65 67 69 6 39 72 42 13 47 18 56 0
32 33 65 67 3 39 78 18 21 25 58 30 0
35 36 3 38 72 41 42 13 50 54 28 29 0
64 35 67 69 39 71 10 12 46 25 59 30 0
32 34 37 6 38 8 41 43 76 49 21 27 0
36 69 40 72 46 79 48 17 21 22 23 61 0
68 6 39 73 44 79 15 80 49 51 57 29 0
64 37 70 73 80 16 30 56 25 26 29 62 0
69 39 9 74 46 15 47 53 54 56 26 62 0
34 35 37 5 71 77 80 50 55 25 29 62 0
2 39 73 42 11 12 41 49 21 23 59 30 0
36 41 74 75 11 77 78 53 30 61 62 63 0
38 9 16 17 51 53 23 56 24 63 62 31 0
65 69 7 39 11 43 19 20 55 57 29 30 0
64 5 72 40 42 47 51 22 57 58 60 30 0
32 64 34 35 37 70 76 46 53 58 27 60 0
64 34 68 4 38 7 9 80 20 56 26 59 0
35 36 4 71 72 40 77 78 17 20 22 56 0
33 68 6 7 40 12 17 52 22 27 28 29 0
65 33 67 70 6 9 12 46 48 21 25 58 0
5 70 9 11 15 79 49 17 56 25 60 31 0
65 34 35 4 40 41 74 11 15 80 22 62 0
33 68 37 41 42 12 48 19 52 55 58 60 0
64 66 9 10 43 78 80 48 21 53 59 31 0
64 68 36 59 74 11 14 20 53 54 58 27 0
64 65 58 70 77 14 51 21 54 25 26 29 0
4 70 8 44 80 50 19 54 30 26 27 62 0
34 35 69 72 11 12 77 79 80 49 61 31 0
32 67 58 37 6 43 44 80 19 23 26 27 0
2 36 37 69 39 71 73 12 76 78 48 24 0
5 38 39 73 10 11 44 13 14 15 25 31 0
5 71 76 77 78 52 23 25 58 27 61 30 0
68 8 9 41 77 78 49 20 21 52 60 62 0
32 70 39 72 12 16 17 19 24 27 62 31 0
35 36 67 70 74 75 46 15 80 17 18 51 0
33 2 65 37 71 40 44 18 51 20 55 24 0
33 5 71 10 12 45 13 15 48 25 59 31 0
66 2 69 5 71 10 79 15 52 23 57 28 0
64 32 34 38 8 73 46 20 22 56 62 63 0
4 5 39 42 76 45 56 24 26 31 30 63 0
66 36 78 14 17 50 20 23 57 58 27 30 0
32 4 40 8 43 12 49 53 55 59 28 29 0
66 68 75 13 47 80 17 15 18 19 29 30 0
67 37 38 16 18 51 20 21 22 53 59 28 0
33 35 40 41 10 17 18 19 21 27 28 62 0
33 7 74 15 16 17 80 48 22 55 27 31 0
32 66 67 2 70 7 9 41 12 48 60 31 0
67 72 45 16 48 49 80 18 21 54 29 62 0
4 37 68 73 10 12 50 18 20 54 23 27 0
38 73 9 45 79 48 50 18 27 28 29 63 0
36 37 5 7 41 43 76 13 79 53 54 27 0
4 8 42 43 77 80 18 19 57 26 61 31 0
6 39 79 16 19 53 22 55 24 54 56 29 0
6 75 43 12 14 46 79 45 50 19 51 59 0
32 67 4 37 6 8 46 17 27 63 62 31 0
32 66 69 71 72 10 46 19 52 21 56 60 0
32 67 68 6 39 7 75 44 12 16 49 22 0
64 5 70 42 75 76 45 78 17 53 54 28 0
2 67 71 73 15 61 52 22 58 28 29 30 0
64 39 73 42 75 76 44 59 48 49 54 27 0
64 35 4 72 13 78 77 48 17 47 20 63 0
65 66 67 37 40 9 41 50 19 18 57 60 0
37 73 43 12 13 46 54 56 24 26 27 63 0
3 4 5 41 12 14 48 80 25 59 31 63 0
4 5 9 46 47 15 19 52 53 58 28 29 0
3 58 37 71 39 46 17 50 51 23 26 28 0
65 34 6 71 38 39 43 46 80 24 28 61 0
66 35 7 71 42 43 76 10 74 47 16 58 0
32 39 7 8 10 75 43 77 79 15 59 28 0
35 71 72 12 76 14 79 19 58 28 29 30 0
64 5 7 71 41 42 11 17 51 24 57 62 0
33 37 5 40 8 12 45 14 13 80 20 29 0
65 34 67 70 8 9 72 14 47 55 24 63 0
65 34 67 4 70 8 40 14 79 15 22 30 0
64 34 4 5 68 72 42 77 14 21 22 28 0
34 36 70 41 42 73 47 53 26 59 62 31 0
2 66 34 70 38 7 42 80 19 25 26 30 0
32 66 68 40 10 12 24 57 56 59 28 30 0
64 33 34 36 7 9 42 21 56 24 28 63 0
66 3 38 8 73 18 19 50 56 61 30 31 0
3 68 5 37 6 72 45 14 47 49 24 62 0
64 68 41 74 76 17 61 52 20 23 29 31 0
3 4 7 10 44 78 80 52 22 55 56 60 0
65 37 43 76 77 78 15 16 50 24 25 31 0
4 68 37 40 73 10 46 20 23 58 27 61 0
65 67 35 9 74 78 16 20 24 57 29 25 0
65 67 38 10 75 12 43 44 47 48 55 31 0
32 2 67 69 38 40 11 44 46 49 30 62 0
34 70 11 75 77 17 18 51 54 23 58 62 0
64 35 72 14 19 56 24 27 57 61 30 63 0
64 33 9 16 62 25 26 59 57 29 30 31 0
32 35 5 71 44 80 18 22 23 57 27 61 0
64 66 8 42 12 77 49 50 17 24 25 61 0
32 37 70 41 74 45 78 14 80 54 28 31 0
37 40 12 44 78 79 16 18 20 22 56 57 0
36 68 39 42 77 14 46 50 29 20 57 61 0
3 36 38 41 15 80 51 53 56 25 27 31 0
64 4 5 27 41 13 46 57 26 59 28 61 0
4 8 76 45 18 19 22 56 58 28 61 62 0
33 69 5 70 46 14 78 79 16 24 59 61 0
32 33 36 5 39 41 47 16 53 22 28 31 0
32 33 66 36 42 11 13 14 53 57 58 27 0
4 38 72 14 46 16 48 22 27 28 63 31 0
2 36 38 73 12 77 80 48 50 51 26 61 0
36 6 72 41 42 45 78 47 46 21 23 61 0
70 71 73 10 74 76 46 47 80 49 14 56 0
66 70 8 9 10 43 19 54 23 56 22 29 0
2 36 69 40 8 42 11 76 51 21 57 59 0
66 36 73 75 14 47 80 18 25 58 60 29 0
68 37 6 40 27 9 44 13 51 19 21 59 0
65 33 36 7 74 10 17 21 55 23 60 31 0
64 33 36 10 77 13 47 49 50 54 57 59 0
33 65 36 37 38 7 72 73 74 40 78 51 0
34 6 7 40 41 77 46 49 21 56 26 62 0
2 69 37 40 74 60 47 19 22 25 28 30 0
38 72 40 44 13 12 15 47 17 19 53 54 0
33 39 9 73 15 80 17 48 22 56 60 30 0
32 68 9 45 46 13 48 49 15 19 47 25 0
7 40 11 45 78 15 18 55 56 28 29 62 0
34 67 5 72 8 46 50 53 22 23 56 62 0
65 71 72 73 75 43 45 77 15 55 23 27 0
64 3 4 40 10 48 49 51 53 26 60 29 0
65 66 2 67 5 39 44 13 50 51 19 57 0
33 3 38 73 74 10 60 16 21 28 29 31 0
33 66 35 2 37 38 68 8 77 21 23 28 0
33 67 8 40 10 75 49 17 51 55 57 30 0
65 34 35 72 73 74 43 79 48 51 21 23 0
69 39 43 76 45 79 18 53 54 22 56 62 0
64 34 4 70 41 42 12 77 48 54 60 63 0
37 72 59 10 43 12 80 52 21 22 54 27 0
66 2 8 9 10 42 12 13 50 25 60 31 0
64 66 34 8 10 42 13 79 20 57 58 61 0
2 34 4 41 10 42 44 47 49 21 56 60 0
2 26 4 69 6 5 78 17 20 53 25 58 0
37 73 41 47 80 15 19 51 58 60 62 63 0
67 36 3 8 75 77 15 79 18 51 22 61 0
64 2 70 9 11 44 13 46 50 24 57 28 0
64 35 4 36 11 75 78 80 23 26 59 30 0
32 36 37 10 42 76 74 43 15 49 22 25 0
38 39 7 41 6 74 13 77 61 22 56 29 0
33 36 5 71 40 41 10 73 53 21 25 62 0
34 4 8 60 15 48 17 16 21 24 56 28 0
65 33 35 5 71 9 74 13 15 55 61 30 0
68 70 39 9 10 13 47 80 49 60 62 31 0
64 34 2 68 4 73 44 77 17 27 28 29 0
65 67 3 11 43 16 21 22 53 57 59 31 0
65 70 8 73 11 46 80 54 55 58 28 30 0
33 5 70 8 59 46 54 23 27 28 29 30 0
35 36 68 72 42 11 15 16 21 25 26 57 0
2 34 41 74 42 77 78 48 50 29 21 61 0
35 68 3 59 11 18 51 19 27 60 29 30 0
8 72 0
19 77 0
57 27 4 0
29 6 39 0
64 30 0
10 50 62 23 0
61 0
10 29 54 0
35 0
6 0
17 36 6 0
26 51 23 0
37 15 0
48 11 12 0
2 67 39 0
59 0
36 0
57 78 0
7 0
24 1 0
59 77 0
4 61 0
4 13 20 54 55 28 62 0
0
44 69 6 39 0
24 39 0
41 26 77 13 0
3 70 79 48 18 0
12 0
24 9 0
52 69 0
34 27 5 0
9 66 35 0
32 58 14 52 26 0
39 19 55 58 63 0
57 43 0
56 9 30 0
34 0
58 43 0
16 28 0
28 13 54 0
65 39 0
4 21 55 0
78 34 11 14 0
72 10 77 71 0
1 71 76 16 63 0
25 61 0
2 70 0
48 73 0
1 29 62 0
2 45 0
24 27 20 0
17 45 0
16 66 0
59 0
34 39 7 12 13 76 0
24 10 0
8 72 14 50 56 0
66 52 6 0
9 4 36 0
16 1 70 0
16 2 40 29 0
4 48 51 54 59 0
73 12 31 0
45 4 12 0
4 45 79 25 30 0
27 61 0
25 63 33 0
0
46 51 54 60 62 0
18 21 0
49 74 76 69 0
49 34 69 57 0
36 6 40 79 24 61 0
0
63 23 0
9 0
75 71 39 0
64 3 70 11 23 29 0
24 59 45 0
24 25 40 45 0
65 18 68 0
24 72 79 23 0
64 2 0
11 0
64 1 80 65 0
49 30 0
0
75 27 20 0
51 77 38 0
24 75 28 37 0
77 6 0
9 52 22 25 62 0
35 60 0
10 78 0
61 14 22 0
19 78 0
79 54 23 0
76 53 14 0
67 5 23 25 58 59 0
79 0
41 15 28 7 0
18 0
0
4 39 10 77 56 0
71 0
31 0
58 28 0
48 42 64 23 0
65 74 37 0
32 54 23 0
40 18 61 0
37 21 0
67 39 9 76 13 79 0
74 48 53 23 60 0
18 0
49 34 13 54 0
77 14 0
39 0
65 42 13 50 56 60 0
56 17 80 36 0
40 9 4 0
50 39 15 0
42 44 45 19 20 61 0
0
66 68 69 71 45 0
1 3 68 73 28 0
80 49 0
44 70 0
32 37 0
33 59 60 46 0
56 0
71 0
72 65 0
55 0
15 0
15 0
0
19 53 0
32 9 80 31 0
62 0
67 60 39 23 0
12 29 0
80 0
52 61 22 76 0
9 52 79 0
64 9 71 7 0
32 0
73 0
73 4 37 0
57 42 70 23 0
50 22 0
11 45 39 0
68 73 16 21 58 0
16 25 45 0
65 29 30 0
72 14 0
19 0
16 17 23 0
28 47 0
29 5 0
65 5 39 0
4 78 0
8 40 0
75 5 71 0
1 5 69 13 56 27 60 0
74 29 30 0
44 0
42 51 21 15 0
51 30 0
25 35 51 0
35 12 15 80 53 56 0
67 6 8 60 31 0
32 64 28 53 0
55 23 0
80 41 45 38 0
1 2 18 41 0
18 0
56 49 72 0
69 37 6 25 59 0
73 66 0
34 62 79 0
32 34 51 63 0
32 35 8 42 58 61 0
78 30 0
58 37 22 0
41 75 45 49 0
26 12 44 7 0
34 67 14 22 24 0
63 55 0
0
2 0
44 69 38 0
73 9 7 0
15 0
21 0
77 37 54 0
73 33 26 0
20 63 0
48 0
44 77 78 0
35 52 54 58 30 0
0
48 26 0
8 37 0
0
53 47 0
10 45 30 39 0
56 55 15 0
43 50 27 45 0
26 61 70 0
64 8 77 78 48 17 0
33 38 73 19 24 0
66 73 45 26 30 0
20 0
64 1 72 7 0
20 52 0
56 0
26 77 74 0
69 15 80 21 26 0
44 7 0
51 21 0
8 19 52 24 56 0
0
26 68 0
33 2 0
64 77 61 0
40 74 5 0
65 1 19 45 0
17 18 39 0
48 30 71 0
32 64 20 0
25 77 22 78 0
64 66 0
50 4 15 0
56 35 70 0
64 20 0
64 77 0
56 43 0
54 10 53 22 0
72 51 19 0
65 9 79 23 0
34 0
58 60 62 0
50 0
72 49 53 46 0
71 0
60 0
69 75 77 26 63 0
32 66 70 9 43 45 30 0
0
40 25 0
64 6 0
65 38 48 50 53 0
70 11 12 80 62 0
18 75 28 0
65 50 68 0
9 71 70 23 0
24 0
1 34 33 50 20 22 0
13 54 15 0
72 57 0
27 37 3 21 0
25 0
21 20 13 76 0
70 23 24 58 62 0
33 21 49 0
3 46 55 0
26 35 0
1 27 0
0
24 11 0
69 45 78 63 0
80 0
25 29 41 0
50 68 47 0
68 69 70 51 28 0
64 3 36 47 0
66 77 70 23 0
65 17 42 76 0
4 63 0
55 0
32 56 61 13 0
3 8 51 28 62 0
49 0
22 0
72 0
16 27 63 7 0
24 10 28 71 0
20 0
73 22 0
16 34 43 68 0
67 38 0
16 35 27 78 0
52 0
57 20 14 78 0
57 66 53 0
42 12 46 51 59 0
24 71 0
65 9 71 0
3 3 3 3 4 2 4 2 2 3 2 4 3 3 3 2 3 3 3 2 2 2 3 4 2 3 4 4 4 2 2 2 4 2 3 3 3 3 3 2 4 4 2 2 3 4 4 2 4 4 3 4 4 3 4 4 3 3 3 4 3 3 2 2 4 3 3 3 3 4 3 4 3 2 3 3 2 3 2 4
