750 500 200
193 36 5 6 103 9 10 139 75 143 15 91 0
96 160 134 107 45 177 113 82 21 23 28 158 0
65 2 75 77 13 124 61 55 60 93 126 95 0
160 129 98 67 169 41 75 172 12 147 53 185 0
161 104 170 44 141 60 82 19 85 152 58 28 0
32 98 36 37 170 43 77 175 50 147 153 155 0
128 65 162 195 197 71 168 172 15 80 150 58 0
193 195 36 69 166 101 200 54 57 91 188 157 0
97 69 168 8 79 112 144 145 118 87 25 90 0
66 164 134 170 11 180 85 21 152 89 60 30 0
160 64 164 102 71 176 19 52 182 23 184 95 0
194 67 36 138 75 109 144 16 147 53 54 55 0
69 91 17 180 149 52 53 85 89 27 60 94 0
161 135 170 42 12 78 175 178 186 155 93 62 0
64 67 164 70 104 8 10 107 44 15 85 191 0
34 195 134 135 6 172 46 49 83 147 23 59 0
1 131 136 74 14 15 16 48 83 92 61 158 0
33 162 130 105 74 76 141 52 54 88 89 123 0
33 166 167 127 143 48 82 22 27 188 62 159 0
161 4 197 102 5 8 45 19 115 26 155 156 0
191 161 196 132 107 172 109 53 86 23 150 159 0
135 72 71 12 173 22 119 86 94 188 157 158 0
129 194 99 132 199 200 106 82 182 55 58 157 0
34 197 70 199 137 45 144 179 180 152 92 127 0
64 132 43 111 112 48 176 51 147 85 118 187 0
162 35 133 102 138 11 81 83 53 151 155 94 0
192 164 133 6 101 72 40 83 19 85 183 157 0
1 132 69 39 137 141 175 49 180 61 30 63 0
2 38 9 42 170 44 147 85 152 59 28 158 0
96 100 5 74 11 141 115 182 54 122 60 62 0
96 67 70 135 168 9 74 112 117 91 126 159 0
162 67 195 133 136 9 149 119 152 26 120 190 0
133 134 167 40 44 175 143 22 57 90 93 31 0
96 160 3 168 11 12 16 51 55 153 186 189 0
34 100 4 164 166 41 12 141 172 114 123 92 0
1 36 5 37 41 12 77 45 118 119 22 183 0
97 90 73 174 17 82 181 119 121 122 62 159 0
129 162 195 72 41 109 175 85 182 88 152 158 0
130 3 132 72 74 106 174 143 112 23 24 63 0
35 198 10 12 44 14 49 82 181 55 124 190 0
128 35 26 133 101 74 149 151 185 58 92 190 0
161 163 36 131 73 76 112 82 150 184 26 191 0
129 194 193 36 101 69 40 42 15 17 180 63 0
66 4 134 8 137 75 141 45 79 93 190 191 0
196 4 141 144 17 178 177 118 155 29 190 31 0
192 64 67 68 41 48 177 181 150 56 90 30 0
192 193 99 196 137 140 81 117 54 90 59 62 0
1 195 166 103 73 74 78 143 112 176 119 92 0
160 98 3 6 105 138 109 145 82 119 121 123 0
4 7 13 109 146 50 117 24 156 157 94 63 0
34 36 6 135 72 137 11 13 119 155 156 29 0
103 104 41 136 137 173 156 147 85 152 89 124 0
192 163 196 4 134 42 140 44 111 48 155 93 0
1 131 71 11 172 47 178 19 25 124 93 190 0
193 195 99 165 102 8 169 10 172 113 25 93 0
2 132 71 154 186 42 11 41 79 88 90 93 0
130 99 196 100 6 197 169 16 146 21 54 183 0
96 64 70 167 40 106 23 181 86 55 24 57 0
97 71 135 9 107 110 176 17 149 154 125 126 0
32 74 11 14 92 113 147 20 118 28 94 95 0
162 106 11 47 81 178 119 184 153 28 125 190 0
33 126 186 200 106 107 174 175 181 184 26 94 0
129 153 35 132 106 171 74 45 110 145 184 185 0
130 38 166 168 136 43 76 139 116 20 25 61 0
101 71 104 74 11 110 115 116 21 54 119 25 0
96 3 67 5 45 173 110 142 77 48 19 150 0
160 64 71 9 137 108 144 145 177 182 58 190 0
101 70 8 42 75 172 139 175 48 17 180 25 0
3 101 7 105 41 43 111 176 80 150 25 26 0
135 43 140 111 80 83 20 30 88 91 29 94 0
101 168 9 138 106 173 46 47 115 148 149 24 0
64 97 162 133 9 10 50 147 115 148 54 56 0
161 164 101 132 165 70 10 43 139 179 124 157 0
193 130 69 103 104 109 77 46 182 56 24 30 0
129 98 153 99 102 71 43 116 57 27 125 31 0
196 40 137 107 45 174 15 79 177 84 86 89 0
98 122 104 11 46 112 51 116 90 27 28 189 0
128 35 166 135 40 104 172 110 146 82 61 62 0
192 166 6 168 136 38 104 174 14 56 187 158 0
101 104 108 111 16 49 51 115 180 185 190 159 0
193 34 195 101 102 41 13 50 115 183 153 91 0
193 66 68 165 134 70 102 123 11 185 27 94 0
32 194 39 72 105 10 40 172 119 94 188 126 0
121 37 41 106 77 145 146 148 152 185 158 127 0
132 37 70 169 41 9 174 144 112 185 122 63 0
194 165 45 141 47 80 178 22 55 88 25 57 0
160 162 4 196 132 78 110 80 81 178 15 20 0
3 70 104 72 40 172 77 143 111 153 58 60 0
130 135 140 78 144 177 116 117 183 120 157 190 0
3 68 58 70 102 103 74 14 147 56 186 184 0
193 130 33 38 12 109 174 172 119 153 90 62 0
36 5 39 168 73 108 17 51 149 21 85 63 0
160 5 134 71 8 73 9 136 13 48 89 26 0
96 164 134 11 44 146 149 86 182 26 91 60 0
64 98 163 196 164 165 167 197 106 53 182 24 0
66 132 198 136 41 46 16 81 179 23 87 58 0
64 131 102 168 42 46 17 19 52 57 157 127 0
64 35 36 7 104 136 73 139 178 84 21 57 0
195 38 39 43 177 146 18 61 149 55 151 189 0
33 71 8 42 11 140 108 13 110 80 150 31 0
194 3 163 102 107 78 175 113 88 59 158 63 0
96 134 39 40 44 77 140 15 18 118 151 158 0
66 35 99 169 11 44 15 47 148 152 25 31 0
193 5 12 140 14 15 146 19 20 22 183 91 0
166 198 73 75 16 81 178 114 116 53 94 63 0
98 2 162 107 45 173 115 52 85 181 19 124 0
194 66 99 36 103 9 12 77 146 91 63 95 0
131 134 106 172 110 111 16 53 22 123 93 94 0
192 99 36 102 134 45 16 176 80 179 184 94 0
200 104 172 57 12 178 19 116 153 154 28 191 0
34 4 197 68 71 41 44 142 15 113 120 125 0
161 162 196 101 38 44 14 113 82 89 155 188 0
89 2 98 36 166 111 47 19 148 183 25 125 0
65 67 101 200 106 108 142 17 85 26 125 94 0
197 72 76 174 143 49 181 118 56 57 59 60 0
65 4 40 172 12 114 179 56 25 154 155 156 0
192 161 194 167 169 139 171 78 21 23 155 31 0
1 72 172 16 178 179 149 185 156 63 30 31 0
100 199 40 169 57 181 182 153 90 188 126 63 0
34 3 132 69 101 106 174 21 182 185 186 30 0
194 165 72 138 107 143 112 83 84 186 91 63 0
161 163 200 9 42 51 181 118 152 153 27 157 0
96 67 102 138 12 113 21 152 57 92 189 31 0
131 164 69 137 10 45 77 177 184 87 152 126 0
3 102 105 137 107 14 178 52 155 92 61 159 0
130 35 101 39 8 137 173 153 122 156 157 95 0
33 99 37 167 199 105 10 172 49 84 21 93 0
96 129 6 7 75 143 113 114 147 52 149 123 0
98 2 4 100 6 136 172 173 18 24 123 62 0
32 162 134 75 173 174 47 80 145 50 26 62 0
160 2 39 9 79 176 116 149 54 156 93 63 0
34 6 141 174 78 112 145 47 81 118 123 127 0
97 130 67 73 78 18 179 52 118 120 24 156 0
195 4 197 102 103 165 137 139 172 16 53 89 0
97 26 102 137 172 14 80 20 87 56 121 186 0
96 131 199 72 170 111 151 152 25 188 94 57 0
134 7 40 6 166 140 49 84 181 150 28 159 0
160 130 197 167 103 11 172 46 118 153 59 125 0
101 6 38 74 77 145 178 115 125 150 61 31 0
129 164 37 43 141 177 179 53 183 91 156 95 0
161 66 100 39 72 104 75 144 50 85 120 93 0
192 129 66 162 69 39 27 73 45 112 86 187 0
193 153 39 171 28 18 148 150 183 121 155 60 0
105 138 15 112 81 147 118 151 24 25 123 31 0
2 101 102 72 40 107 108 77 11 79 51 149 0
32 129 199 72 41 136 14 50 18 116 29 127 0
64 159 131 71 139 109 110 14 114 150 126 191 0
101 168 72 109 142 45 178 61 148 27 157 159 0
65 98 2 6 9 44 76 48 145 87 58 156 0
192 33 161 35 196 76 13 17 114 152 92 127 0
128 161 164 133 42 12 13 179 148 152 89 61 0
3 198 167 40 74 106 173 46 148 149 21 61 0
65 1 36 133 134 168 114 118 121 124 95 191 0
33 99 67 197 200 74 10 109 80 148 53 150 0
42 76 46 111 52 53 22 56 89 187 31 127 0
121 39 168 91 171 155 123 79 25 186 27 125 0
3 37 70 134 9 140 16 49 50 122 61 126 0
131 4 134 135 6 41 12 187 14 15 84 123 0
131 133 69 74 18 116 84 150 119 53 190 62 0
192 35 108 175 81 179 53 23 120 187 92 159 0
100 199 39 106 44 144 51 84 25 124 189 30 0
7 104 9 42 172 14 177 17 19 184 152 94 0
164 36 70 59 112 49 19 148 51 88 155 92 0
160 100 137 173 143 111 85 182 149 57 59 29 0
100 166 9 41 137 77 15 49 146 179 91 29 0
32 129 196 165 138 44 13 52 157 87 122 189 0
130 101 40 136 139 45 141 16 19 83 151 27 0
98 163 66 69 36 166 13 78 178 51 54 63 0
96 128 194 37 73 59 116 54 183 91 124 63 0
193 130 67 196 197 102 75 142 84 85 89 158 0
2 100 166 199 168 137 111 176 50 89 93 191 0
160 198 138 107 77 78 79 16 53 54 185 90 0
33 198 76 47 48 115 149 22 152 27 188 63 0
100 165 70 38 76 146 51 148 56 58 124 31 0
128 195 36 99 167 79 146 114 182 150 152 187 0
99 163 165 72 141 111 112 29 157 121 26 61 0
89 97 130 163 129 68 10 144 149 53 153 157 0
33 66 132 40 73 75 12 145 178 151 58 127 0
96 97 193 128 132 199 143 188 116 186 28 93 0
128 162 194 166 13 45 175 81 53 27 190 63 0
131 67 69 9 170 80 81 188 84 60 61 94 0
200 41 138 78 143 50 21 86 120 90 125 62 0
65 164 197 37 166 198 137 12 179 84 57 63 0
66 194 4 8 9 47 146 183 120 58 125 158 0
69 165 200 73 40 171 77 146 20 22 86 152 0
71 9 74 172 108 48 17 177 87 153 93 57 0
64 96 101 9 173 21 157 25 124 93 190 63 0
160 129 34 99 164 3 143 48 116 180 121 26 0
35 170 106 46 113 115 181 22 120 25 156 30 0
193 65 3 70 102 138 77 141 47 19 24 91 0
161 102 71 43 112 177 144 21 150 120 157 30 0
164 133 197 167 136 69 109 143 176 148 156 191 0
192 194 165 133 77 175 16 177 86 184 121 120 0
36 37 39 8 136 40 109 141 118 119 89 90 0
130 35 165 102 142 110 81 178 147 150 152 155 0
1 200 137 42 177 83 53 183 26 190 94 31 0
192 160 34 32 68 2 172 86 119 120 185 90 0
194 26 70 40 9 105 13 16 114 147 122 156 0
34 132 134 168 13 175 49 19 53 155 156 189 0
192 193 99 68 129 70 1 11 60 49 178 156 0
97 166 75 109 78 143 145 19 87 25 154 158 0
128 133 171 139 112 22 55 152 153 155 158 63 0
137 74 47 179 20 55 116 183 24 56 60 93 0
65 35 135 106 10 47 84 87 120 90 60 31 0
89 4 5 165 134 39 76 146 119 153 26 59 0
64 99 164 166 7 43 173 17 118 24 186 92 0
130 162 198 41 45 114 19 180 154 27 125 127 0
161 101 90 14 142 112 19 180 154 63 30 31 0
162 5 74 43 44 174 175 112 144 82 52 158 0
101 170 75 45 46 79 80 112 114 23 119 29 0
67 134 39 200 103 108 80 81 146 177 24 59 0
129 132 101 198 74 175 114 152 28 61 94 31 0
66 163 8 42 176 17 148 149 85 183 180 57 0
96 3 196 167 103 200 11 107 49 179 91 93 0
64 193 32 33 166 71 40 168 9 75 15 18 0
160 192 34 196 71 135 75 77 84 118 58 187 0
192 65 34 163 58 160 114 115 180 85 186 93 0
33 197 167 137 106 107 144 88 89 91 188 127 0
68 5 102 8 105 171 140 48 178 149 89 59 0
33 129 37 102 137 106 15 50 51 184 26 91 0
196 4 39 107 76 45 60 113 179 148 156 159 0
134 39 198 107 78 47 50 19 114 182 119 125 0
68 70 137 105 76 17 146 49 30 93 190 63 0
192 133 135 154 11 109 175 21 86 57 26 92 0
46 176 81 146 82 116 183 152 24 59 156 125 0
194 131 36 195 102 74 13 112 53 120 186 28 0
164 5 166 200 108 17 181 149 119 58 61 191 0
194 3 196 102 109 81 149 87 183 25 29 94 0
64 99 133 5 199 41 74 138 44 116 59 92 0
165 40 42 107 44 77 143 179 116 55 90 61 0
64 198 200 171 174 112 48 176 120 58 61 191 0
194 35 69 38 10 11 74 171 14 17 146 93 0
128 33 101 198 170 13 111 19 115 189 60 61 0
64 101 169 171 110 180 55 181 151 122 190 159 0
96 193 7 8 74 140 80 116 152 157 126 127 0
96 170 48 176 82 148 54 87 118 26 124 157 0
3 136 59 123 75 14 50 51 180 154 155 93 0
163 70 198 76 15 144 49 113 147 83 181 118 0
192 195 196 9 139 76 81 151 88 57 26 159 0
129 198 104 59 108 14 15 80 119 155 94 95 0
1 3 35 58 74 77 174 20 148 183 122 28 0
32 193 33 35 37 73 10 143 82 84 21 87 0
128 66 99 68 197 48 145 51 182 153 94 127 0
193 65 69 38 172 46 15 145 117 150 185 123 0
96 192 65 99 103 200 169 140 113 147 117 93 0
128 34 195 100 104 75 78 53 121 122 187 156 0
58 4 75 14 179 149 22 117 153 26 124 159 0
34 153 198 72 9 137 87 55 151 89 189 95 0
192 164 90 37 169 75 13 116 118 122 29 127 0
67 198 7 169 43 139 61 148 54 187 93 63 0
133 167 11 44 142 144 50 146 182 119 57 159 0
134 6 71 42 138 80 55 184 190 29 126 127 0
2 140 60 49 146 114 55 182 119 184 24 188 0
65 193 98 132 7 137 11 46 86 87 120 88 0
4 167 104 169 137 46 79 176 78 83 51 29 0
4 133 134 7 104 19 83 117 87 153 26 190 0
131 68 165 136 105 168 12 173 119 57 58 31 0
66 100 175 15 17 50 52 157 87 155 61 30 0
160 135 137 10 139 172 108 20 85 120 26 157 0
129 193 161 102 166 140 44 116 85 58 156 63 0
130 131 36 90 166 68 110 179 83 26 157 126 0
128 34 134 40 170 43 75 172 14 143 24 186 0
64 65 66 192 4 108 78 113 116 85 155 93 0
96 6 167 199 14 124 48 116 24 154 60 157 0
96 64 35 171 139 123 77 141 76 172 184 187 0
65 66 165 138 142 47 16 80 176 120 153 189 0
129 2 163 101 7 12 109 81 184 88 60 125 0
97 67 8 41 171 177 178 116 53 155 157 126 0
1 33 103 199 9 141 49 81 23 57 58 191 0
34 167 136 106 44 174 17 82 115 86 88 93 0
159 36 101 164 140 180 118 150 56 58 156 95 0
163 37 102 167 106 173 113 21 117 119 186 127 0
134 39 105 10 76 47 177 18 55 25 158 159 0
194 11 81 114 83 148 181 61 82 120 25 125 0
192 65 9 91 17 113 118 119 86 27 29 184 0
133 38 103 102 74 110 16 49 18 183 58 190 0
128 3 134 168 8 42 173 175 18 53 86 28 0
98 35 166 80 177 115 119 62 91 92 61 30 0
100 197 5 167 136 77 14 179 181 183 57 186 0
161 38 106 42 108 79 17 50 55 24 155 95 0
72 109 175 177 145 18 20 183 91 124 61 191 0
195 37 134 72 9 10 11 43 44 105 147 148 0
160 130 100 197 134 8 107 77 49 20 184 124 0
160 101 168 8 123 77 50 146 114 149 23 155 0
185 170 15 111 48 114 143 94 154 60 158 95 0
2 69 135 8 136 137 72 104 13 84 87 191 0
164 36 104 10 21 118 149 89 58 60 94 95 0
1 3 132 133 137 106 108 143 49 146 50 125 0
66 99 134 167 70 9 170 138 51 53 22 121 0
37 165 167 91 75 108 45 123 143 86 59 189 0
1 70 199 136 9 108 110 175 16 48 46 187 0
128 70 167 134 108 14 176 113 16 148 25 158 0
128 32 132 134 168 9 73 48 148 21 54 153 0
96 192 128 38 39 171 15 16 144 18 82 23 0
1 136 138 13 14 112 18 115 84 148 151 92 0
32 65 130 99 6 74 78 147 54 183 154 91 0
35 68 195 82 179 20 52 83 56 26 158 30 0
32 65 96 129 197 198 176 183 153 154 91 57 0
33 166 10 76 47 17 81 19 52 21 154 126 0
164 70 74 138 106 15 156 87 151 57 187 28 0
96 102 15 145 114 178 180 81 93 189 121 157 0
33 70 12 44 46 113 81 29 25 122 157 191 0
99 4 75 172 187 110 143 176 116 118 91 29 0
193 34 35 100 198 8 142 82 25 27 28 125 0
96 33 160 35 133 139 52 20 121 60 29 63 0
33 131 68 101 38 166 70 168 43 17 146 23 0
166 38 40 168 7 46 147 19 122 187 126 159 0
161 99 68 35 136 144 51 180 22 119 120 126 0
192 99 36 101 135 104 42 75 140 15 146 27 0
192 100 133 71 136 9 106 48 49 125 22 189 0
162 141 14 144 17 177 19 52 56 121 90 189 0
34 185 8 73 74 136 12 143 89 90 27 93 0
32 35 46 176 124 112 179 120 153 187 28 61 0
1 36 132 167 71 105 170 177 54 55 88 122 0
97 36 68 198 70 73 115 150 184 25 59 60 0
3 4 101 8 73 108 47 145 121 188 62 159 0
97 193 99 131 167 168 92 82 125 119 28 93 0
191 34 100 104 40 44 142 112 146 123 189 159 0
2 69 38 71 104 137 198 84 118 55 25 93 0
32 68 101 166 5 15 178 23 149 86 87 153 0
97 195 163 135 175 48 115 84 149 120 186 60 0
34 195 166 9 47 83 116 20 181 121 93 30 0
129 3 38 135 169 74 44 141 51 88 57 56 0
192 33 131 197 72 168 74 43 112 145 25 63 0
163 164 134 199 9 107 78 48 144 89 90 123 0
99 165 104 9 11 44 29 117 55 120 155 93 0
97 162 44 13 78 77 16 148 55 158 61 30 0
3 69 90 134 47 148 52 119 57 122 189 63 0
98 134 72 137 13 142 48 176 148 22 58 60 0
33 132 90 133 42 76 141 117 89 154 187 63 0
165 200 141 144 176 18 147 24 121 156 184 95 0
194 199 81 178 114 17 87 183 24 92 125 30 0
96 68 199 9 142 143 110 81 114 120 91 127 0
160 66 131 36 41 106 173 109 16 49 50 115 0
58 69 38 41 179 53 22 30 184 122 126 95 0
128 192 2 130 44 12 13 78 146 51 89 92 0
1 6 73 109 47 80 145 179 116 85 150 121 0
163 4 39 11 112 20 53 181 152 121 91 60 0
192 3 198 38 43 140 48 180 21 119 120 60 0
96 200 72 140 175 82 50 22 151 56 57 157 0
131 35 198 9 140 77 111 80 84 57 62 127 0
161 196 37 102 167 101 140 77 141 54 26 93 0
1 100 197 145 51 20 85 182 55 54 94 95 0
2 164 101 70 166 104 172 81 180 87 151 154 0
96 69 134 8 13 77 176 62 154 93 158 31 0
160 65 40 13 60 145 51 119 62 122 92 190 0
132 6 104 46 16 113 178 85 88 186 156 190 0
33 35 37 139 108 12 14 176 182 94 122 126 0
64 96 128 66 163 173 109 175 81 17 184 63 0
131 101 70 138 171 108 13 14 10 18 187 93 0
66 134 103 8 200 42 174 48 83 118 86 184 0
65 70 8 138 77 46 16 115 52 21 53 179 0
64 66 196 166 40 170 176 19 181 56 185 190 0
66 35 163 36 3 6 168 200 47 143 121 189 0
96 2 3 163 6 38 169 43 12 174 46 85 0
65 35 145 81 17 148 119 88 57 56 124 190 0
4 9 172 141 18 180 53 20 181 118 154 63 0
130 165 105 110 111 180 153 58 124 157 190 159 0
65 101 171 12 141 173 49 113 83 82 182 158 0
32 192 41 107 11 144 49 51 117 58 27 158 0
96 2 68 69 6 59 75 176 51 180 183 187 0
160 7 107 172 12 141 44 80 148 23 188 94 0
129 195 69 138 13 51 117 151 184 57 59 156 0
160 35 104 41 170 172 108 15 176 145 117 120 0
64 192 2 196 165 71 140 142 81 51 20 85 0
65 99 37 43 11 173 44 176 18 83 189 62 0
98 163 200 168 14 175 112 18 179 51 182 62 0
163 36 40 41 105 73 172 109 14 87 57 61 0
96 97 194 35 136 106 110 142 21 182 53 188 0
37 133 8 104 107 172 14 15 152 59 62 31 0
192 129 162 166 12 140 144 81 125 117 154 93 0
128 3 100 171 77 79 23 90 123 124 93 62 0
165 166 169 171 140 28 46 45 21 58 156 157 0
64 97 159 100 5 170 74 29 157 89 61 191 0
128 96 164 101 37 59 138 106 81 19 123 127 0
195 198 134 13 79 80 54 23 25 122 187 159 0
128 194 195 169 75 76 147 84 85 58 158 63 0
98 3 137 177 178 51 179 117 53 185 27 159 0
32 33 96 36 101 102 76 179 180 22 152 31 0
165 8 169 12 173 76 150 151 24 185 92 157 0
1 101 166 41 127 177 17 19 178 28 125 63 0
163 99 69 70 7 104 109 110 179 86 55 58 0
168 172 14 175 124 113 87 120 89 156 61 62 0
68 5 41 170 45 79 144 80 22 182 28 29 0
65 33 99 197 165 101 170 107 110 17 83 127 0
64 67 69 168 10 140 49 148 87 184 57 190 0
131 196 101 135 71 10 46 82 51 22 185 31 0
160 98 36 40 106 80 179 184 25 186 125 62 0
69 45 110 79 145 114 149 54 119 56 123 28 0
128 101 107 77 173 45 82 188 84 183 124 159 0
128 3 195 100 7 42 77 78 79 176 188 63 0
129 67 38 71 168 122 107 77 112 23 154 190 0
65 129 195 68 170 175 47 114 53 123 158 127 0
160 129 3 67 136 42 171 174 19 85 22 26 0
193 161 168 40 42 14 47 50 52 56 153 93 0
6 104 172 12 77 112 81 84 57 124 157 63 0
132 133 167 141 46 17 81 52 153 154 155 127 0
160 193 162 99 97 38 77 79 144 181 149 25 0
32 96 4 59 170 12 77 177 122 187 63 159 0
160 129 3 167 40 14 49 51 151 57 156 158 0
69 38 7 40 107 14 176 149 94 58 124 190 0
166 167 8 169 137 76 45 111 113 114 181 124 0
165 11 77 46 78 142 145 45 115 18 188 127 0
34 37 167 139 48 81 18 50 19 114 185 60 0
1 195 4 35 68 135 73 76 109 49 183 91 0
167 40 41 10 45 79 80 177 18 179 186 30 0
160 67 168 140 175 81 84 55 156 157 158 95 0
38 104 138 107 77 174 143 49 146 152 89 123 0
97 98 164 196 134 106 108 175 143 82 91 159 0
128 68 133 71 39 137 82 50 116 84 83 127 0
89 153 106 141 112 179 52 116 57 91 92 62 0
4 5 167 170 140 44 175 112 15 21 26 61 0
65 197 198 38 139 75 111 113 54 120 186 28 0
192 167 8 45 142 112 80 82 30 152 92 190 0
193 97 185 40 9 48 116 181 53 153 28 31 0
33 131 70 169 137 146 84 119 89 154 155 30 0
34 99 26 167 104 105 114 149 182 150 57 154 0
191 1 196 102 39 104 43 44 79 85 125 63 0
192 66 133 186 170 78 61 20 56 26 155 189 0
133 103 40 137 106 42 44 173 177 149 182 31 0
65 98 34 9 77 46 144 17 177 151 93 62 0
162 131 132 135 28 187 143 174 20 154 59 156 0
192 34 35 68 40 9 75 180 54 27 188 61 0
129 194 99 133 200 169 46 50 51 24 26 120 0
32 129 162 103 138 75 110 180 149 185 90 60 0
65 2 3 131 170 74 172 109 140 181 86 30 0
2 70 72 75 77 78 143 141 55 23 183 190 0
34 126 35 37 39 145 148 20 94 90 188 190 0
161 165 171 11 139 140 49 147 180 181 26 31 0
163 36 195 91 108 52 181 185 155 61 30 159 0
2 67 195 132 71 104 137 45 178 114 24 126 0
5 197 73 172 47 80 50 53 54 23 24 62 0
64 96 69 71 106 139 46 111 175 81 24 26 0
128 34 131 198 168 29 20 183 58 125 94 31 0
64 32 96 36 168 107 113 115 185 27 156 95 0
96 33 200 92 145 188 19 183 184 156 189 158 0
161 66 130 164 136 10 173 48 145 114 120 155 0
66 198 71 134 38 106 170 73 13 146 22 151 0
128 2 58 27 9 142 84 181 185 154 155 127 0
192 102 168 170 44 174 15 147 52 117 60 29 0
65 130 104 42 11 108 155 49 21 152 59 93 0
43 76 48 18 115 82 125 157 51 58 59 61 0
194 70 136 9 77 48 18 19 50 91 60 95 0
100 69 101 199 200 105 167 139 43 181 59 190 0
160 33 162 137 172 109 13 15 80 108 54 28 0
1 35 164 34 70 134 46 143 51 90 123 188 0
131 196 163 175 176 113 147 87 24 126 92 94 0
160 34 100 197 102 39 80 49 179 55 25 93 0
96 160 69 167 8 50 179 147 18 82 89 188 0
65 100 74 43 110 48 176 83 147 120 89 29 0
34 100 5 104 186 139 119 88 26 187 62 191 0
130 199 106 141 49 82 115 84 182 120 123 94 0
64 103 73 107 110 81 20 53 84 92 61 63 0
160 65 133 102 78 176 179 61 53 59 93 94 0
131 88 156 147 20 21 151 24 58 155 124 190 0
3 134 103 168 135 138 78 83 180 184 63 159 0
64 35 36 166 103 43 85 118 26 189 62 127 0
161 102 77 78 111 48 46 81 54 121 158 31 0
154 135 10 144 119 180 86 151 88 182 20 125 0
185 168 169 74 46 79 80 147 86 25 155 61 0
32 3 163 198 104 8 175 50 115 84 19 117 0
33 130 68 101 102 73 45 81 56 153 154 94 0
134 174 144 113 51 148 54 151 182 155 92 158 0
35 68 36 175 112 52 125 150 55 180 188 189 0
97 129 165 167 73 44 79 115 23 60 93 31 0
65 36 37 6 199 106 171 78 112 16 52 88 0
100 132 7 73 171 112 81 177 84 184 94 63 0
34 99 133 42 45 47 83 20 30 57 186 190 0
65 194 99 133 77 142 115 150 58 123 93 191 0
32 196 165 103 141 145 81 147 23 24 25 122 0
65 2 132 165 198 6 109 78 17 83 56 90 0
58 167 106 173 142 77 17 115 181 21 153 26 0
194 133 102 138 44 13 174 16 113 19 123 31 0
128 166 200 75 144 51 52 117 90 123 92 158 0
1 35 36 7 168 171 75 141 50 18 93 157 0
96 194 195 71 105 91 176 146 150 25 27 158 0
98 34 36 137 74 155 49 20 184 123 157 190 0
9 137 75 12 107 77 11 50 179 116 23 153 0
3 195 165 72 74 18 150 120 59 156 125 158 0
160 193 194 131 130 101 102 9 106 117 149 29 0
162 67 197 101 169 43 108 80 17 179 54 87 0
195 196 5 70 41 11 175 111 178 87 124 159 0
168 137 108 45 141 155 114 85 23 59 156 189 0
160 64 96 131 103 105 10 171 13 149 53 57 0
194 68 41 9 139 170 13 117 185 155 188 158 0
193 130 194 4 99 134 50 147 53 185 126 30 0
162 163 103 45 111 48 146 181 87 57 155 188 0
5 166 102 139 141 47 79 149 119 155 61 127 0
96 185 165 40 175 176 180 55 184 121 154 57 0
193 99 68 5 165 39 70 144 113 186 59 126 0
160 131 75 76 187 174 113 86 58 123 188 158 0
33 193 67 2 101 73 79 18 51 94 25 158 0
32 34 38 103 10 48 86 30 184 59 28 190 0
160 130 3 100 101 176 114 51 179 82 57 95 0
96 97 36 7 104 41 175 17 51 147 125 95 0
161 131 39 105 76 108 144 63 22 121 61 57 0
128 67 8 48 180 21 54 151 88 58 29 95 0
32 160 36 167 107 142 175 83 179 55 58 187 0
97 194 58 70 7 170 116 52 53 24 56 61 0
69 168 74 44 80 49 18 116 180 121 90 30 0
1 0
161 60 68 15 0
64 4 22 189 26 157 0
161 193 135 168 79 115 185 157 0
195 197 38 51 180 181 191 0
69 159 0
192 9 3 17 0
114 146 149 57 187 126 0
129 4 134 7 137 146 26 158 31 33 166 167 43 171 175 181 59 187 188 190 68 69 70 196 79 86 89 94 100 101 106 108 110 112 116 118 120 121 122 0
34 134 19 180 27 190 0
194 197 73 45 142 46 48 0
163 197 167 12 142 52 189 190 0
128 129 3 4 6 8 138 139 142 145 146 22 160 41 172 177 50 52 54 56 186 60 188 62 189 191 192 193 67 197 70 199 76 78 82 83 86 88 89 96 100 101 106 109 112 114 116 119 124 125 0
3 37 6 169 18 185 122 95 0
32 167 168 152 122 184 0
129 167 135 112 60 0
33 101 48 25 95 0
39 171 143 114 27 0
120 126 0
164 76 45 175 148 120 0
128 131 102 168 180 30 0
8 108 77 48 54 0
50 76 157 0
160 161 131 198 17 0
96 17 57 47 0
39 40 168 139 16 26 123 0
96 129 124 150 0
7 9 137 12 141 20 155 157 30 32 160 164 37 166 167 40 168 169 171 173 47 48 175 57 191 64 198 72 74 76 82 95 97 102 106 109 112 114 116 118 0
6 139 12 141 143 22 23 152 26 27 159 166 39 167 168 43 173 174 47 176 178 182 55 57 186 64 192 193 68 196 86 89 91 96 98 111 112 119 122 0
25 186 57 0
130 131 4 134 7 13 14 142 144 18 148 22 154 157 30 159 160 33 161 163 166 41 47 48 176 177 51 178 181 184 57 188 69 75 84 93 95 97 100 106 109 110 115 116 121 122 123 124 0
48 129 62 0
194 190 151 0
100 116 89 122 124 93 0
64 96 90 51 186 0
172 109 15 189 0
106 138 179 148 184 62 0
75 108 16 146 115 25 58 59 0
129 3 132 6 137 138 13 14 17 18 21 22 152 25 27 157 30 163 165 39 169 172 173 178 52 180 184 185 187 60 61 192 193 69 70 197 198 199 75 88 89 91 98 114 120 125 126 0
168 50 93 37 0
128 3 132 134 138 139 15 16 18 21 150 23 151 25 152 27 30 168 169 43 171 172 174 175 177 51 180 184 57 187 189 62 192 194 67 196 197 198 71 72 74 78 93 96 98 100 106 109 111 113 115 116 124 0
98 139 196 141 0
100 8 13 80 17 145 0
121 131 31 0
115 108 141 191 0
167 150 120 125 126 159 0
163 8 139 141 46 20 121 0
101 6 178 82 58 0
33 161 135 142 112 0
100 132 109 84 25 158 191 0
106 14 135 0
132 106 115 90 60 191 0
128 135 9 137 141 15 145 146 148 149 151 27 155 31 161 165 167 169 45 46 173 174 179 180 55 58 187 61 189 191 67 69 198 199 74 81 82 84 92 98 102 106 109 110 113 115 121 124 0
100 76 173 0
194 132 41 23 126 0
129 3 4 132 137 138 15 152 163 37 165 167 40 172 173 176 51 54 182 184 187 61 193 195 70 73 75 81 82 86 88 93 100 102 106 116 126 0
5 7 8 9 139 141 17 20 22 26 155 33 41 47 176 54 186 61 62 194 67 68 69 198 84 94 97 120 0
4 68 168 41 169 81 146 149 182 30 0
15 0
64 3 6 43 55 0
167 8 10 172 109 31 0
130 9 13 14 15 144 145 146 20 21 150 25 155 31 34 165 166 41 171 175 176 51 52 53 55 59 188 61 189 64 195 68 198 199 81 82 86 90 93 113 118 125 0
184 102 31 0
89 49 185 0
97 3 194 144 182 0
195 38 102 40 169 45 14 46 79 61 30 0
109 16 144 150 153 155 157 0
149 0
64 171 82 149 181 26 0
96 3 101 74 142 176 18 154 91 190 0
97 3 166 72 25 0
73 137 111 51 52 0
128 137 191 0
108 12 76 0
131 70 138 150 62 0
8 178 38 0
128 33 192 10 118 126 0
4 138 119 89 154 0
9 137 88 60 126 0
109 46 0
90 191 0
4 94 125 126 31 0
198 9 78 27 94 0
96 128 118 135 0
40 106 175 0
64 12 142 53 120 0
191 151 0
10 17 49 53 185 26 157 0
8 163 167 0
37 139 175 49 149 124 189 0
128 3 4 132 6 135 8 9 142 145 18 22 152 30 163 40 171 175 176 177 185 186 60 191 193 68 196 197 198 75 82 90 95 110 111 0
48 50 55 0
195 4 146 19 53 61 31 0
128 102 0
131 102 74 180 121 123 158 159 0
154 51 143 0
193 135 10 75 119 190 0
132 6 7 137 141 15 16 20 148 22 150 154 27 30 159 33 34 161 38 166 41 173 176 50 179 52 180 56 186 187 61 62 191 194 67 199 78 84 98 112 118 125 0
4 6 134 10 12 141 144 145 146 21 150 152 154 159 38 166 167 45 175 176 49 177 53 54 55 181 185 58 186 188 189 64 68 197 70 199 72 74 78 82 90 109 116 122 126 0
128 129 3 4 130 7 137 138 139 15 20 22 150 157 158 163 164 165 39 40 168 174 175 48 177 178 55 184 187 191 194 68 70 198 199 73 75 81 95 100 106 110 115 119 122 126 0
89 59 61 0
67 195 165 17 179 182 189 0
7 135 9 137 138 141 15 144 17 19 21 22 149 151 157 160 161 163 36 38 171 172 45 46 47 48 49 174 178 55 184 186 61 62 190 64 67 68 70 199 74 86 91 95 112 120 122 125 126 0
122 20 0
137 79 113 151 186 0
128 168 141 110 175 117 89 27 0
129 3 8 137 13 141 15 20 149 150 159 32 34 163 164 166 167 168 41 169 43 171 47 175 178 53 182 55 184 59 60 187 191 65 67 195 196 70 74 79 81 84 89 91 94 95 109 116 118 121 125 126 0
128 193 110 174 48 112 125 0
97 51 44 131 0
69 14 176 54 125 62 0
130 13 142 19 149 23 26 154 158 34 167 168 49 178 51 52 57 186 59 188 61 190 64 192 193 194 197 78 82 86 90 91 95 96 99 118 119 124 126 0
4 132 135 9 13 141 144 17 148 21 151 154 157 160 37 166 39 40 169 173 46 175 49 179 180 181 184 57 186 61 189 64 192 195 198 78 90 91 96 101 106 109 110 111 116 118 119 125 0
6 8 142 17 19 151 152 32 33 164 41 169 43 171 45 175 176 177 51 55 184 188 189 62 190 191 193 198 199 74 75 88 90 98 112 115 126 0
160 0
160 3 37 76 113 82 116 22 185 0
129 3 132 7 14 15 16 145 146 19 148 25 26 27 157 163 164 165 167 168 45 174 49 182 184 187 61 62 189 64 190 68 69 79 81 82 85 90 94 101 110 113 116 118 121 122 0
102 12 49 146 150 121 0
128 131 106 45 22 0
58 108 175 0
163 171 45 50 122 91 0
9 199 187 49 0
197 169 178 50 30 0
41 186 97 194 0
3 4 132 6 134 135 13 142 15 143 18 149 151 25 27 158 33 165 45 173 174 48 176 178 191 192 194 67 196 70 198 73 79 81 101 102 112 113 115 122 125 0
129 4 9 142 16 144 146 19 148 27 31 160 38 167 169 172 45 51 179 181 57 189 190 72 73 74 86 90 93 94 102 112 115 126 0
14 0
4 167 41 14 15 150 154 91 60 0
187 52 53 47 0
130 4 6 134 141 142 15 16 144 147 150 25 154 160 37 38 39 41 45 173 177 51 187 188 61 63 192 68 197 73 74 79 89 91 94 98 106 118 124 0
130 4 141 119 120 0
98 164 199 150 94 0
95 0
82 180 55 0
195 141 15 21 22 59 125 0
161 68 168 179 181 0
194 163 138 45 55 157 0
88 195 14 0
48 177 51 15 0
134 7 139 12 13 141 20 21 149 25 30 158 167 169 43 51 55 184 187 191 192 193 67 74 75 78 79 82 93 94 96 98 100 102 109 115 118 0
132 137 74 79 49 181 59 0
73 139 126 23 0
37 12 22 55 186 191 0
128 69 79 123 124 0
129 3 130 134 138 15 20 21 149 30 31 158 164 165 40 41 173 176 177 178 51 179 180 54 181 57 186 60 64 193 68 69 198 75 84 90 91 98 101 106 109 116 120 126 0
48 97 69 175 0
73 145 20 53 0
195 165 199 43 0
130 4 8 15 144 148 21 149 152 154 157 164 165 166 40 168 172 178 53 182 55 184 58 186 192 194 81 82 89 90 91 96 102 113 118 119 120 126 0
98 6 81 186 191 0
64 101 70 45 149 191 0
96 98 69 73 139 53 0
3 78 114 180 155 0
114 141 0
19 38 0
167 163 23 0
32 73 123 52 0
152 49 43 190 0
50 199 0
34 67 69 199 91 158 0
26 131 148 0
128 2 129 4 130 6 15 18 146 155 157 159 34 166 173 174 175 176 177 178 51 180 53 181 186 187 60 189 62 193 194 70 84 91 98 101 111 115 119 126 0
75 78 159 0
186 193 122 115 0
199 19 150 59 30 0
7 199 41 13 15 112 89 126 30 0
67 37 17 90 123 94 0
171 0
194 163 165 176 149 0
32 67 196 155 51 91 0
76 14 17 118 26 0
6 8 138 139 12 18 19 146 155 31 33 168 41 171 173 48 178 51 179 181 54 55 182 57 185 59 64 193 194 195 70 199 73 82 90 100 109 111 112 113 118 125 126 0
164 196 134 6 142 86 0
100 20 69 0
134 135 8 10 139 143 144 18 22 157 30 161 37 165 46 178 52 180 181 55 182 60 61 193 194 67 199 72 78 82 84 90 91 94 114 118 124 126 0
129 130 134 8 10 138 14 143 146 150 31 160 161 163 167 40 41 168 43 169 45 174 48 176 179 53 181 189 190 191 69 70 197 81 87 90 93 102 106 108 118 119 122 126 0
129 3 6 134 137 139 12 15 145 149 23 30 32 33 163 164 172 45 173 178 51 52 179 181 59 191 68 197 70 198 78 82 88 89 90 91 95 116 118 119 120 123 0
181 109 79 0
128 4 137 138 13 14 141 16 17 19 150 154 157 158 34 37 168 42 43 171 45 174 175 48 49 176 57 185 186 187 61 189 194 195 69 70 197 72 74 76 79 81 95 108 113 118 123 126 0
196 171 172 54 26 187 0
160 193 163 69 197 167 141 48 23 88 60 0
89 102 116 38 0
125 189 0
130 0
93 69 0
27 171 0
128 161 4 196 70 41 138 169 187 48 177 59 125 0
192 129 131 70 15 18 60 93 0
16 89 144 0
165 49 152 57 187 0
96 160 15 181 189 0
67 174 116 182 184 125 0
51 3 116 55 0
40 13 46 47 121 0
8 41 0
161 137 74 43 79 15 0
45 16 82 115 150 0
57 0
72 196 189 78 0
164 109 0
128 165 166 167 137 10 0
96 137 26 0
10 13 15 16 126 188 125 94 191 0
128 129 198 86 93 0
197 200 149 189 0
100 139 171 22 58 0
0
139 0
128 129 132 148 149 150 154 155 158 161 34 163 37 166 41 43 172 176 50 53 57 58 187 61 62 194 195 196 197 86 90 91 94 98 106 109 115 120 126 0
112 185 165 31 0
199 73 49 116 118 23 125 0
32 129 74 90 0
129 3 4 131 6 12 14 142 19 22 30 31 163 37 39 174 177 178 55 60 189 190 191 64 196 197 75 78 89 90 97 110 111 113 124 125 126 0
16 163 96 195 0
97 195 196 155 49 115 20 91 0
49 195 52 150 0
67 38 166 73 75 59 188 0
139 119 95 0
82 0
64 165 118 0
98 198 70 109 47 0
132 134 59 108 16 91 0
184 132 157 0
33 193 6 18 118 87 59 0
12 0
132 68 40 138 143 53 118 149 0
121 177 175 0
128 130 131 4 7 135 13 18 22 151 26 154 158 33 161 163 165 38 166 172 185 58 186 187 61 62 189 67 195 196 199 98 100 110 115 116 118 119 0
68 154 113 122 123 0
0
164 14 177 114 51 19 88 158 0
64 193 100 141 143 0
137 148 13 174 0
145 18 0
113 178 67 0
3 4 132 7 9 10 13 143 149 22 150 26 159 160 163 37 43 171 175 176 49 50 51 180 181 57 58 185 60 186 189 193 195 69 197 73 74 91 95 102 106 116 122 126 0
76 53 0
192 163 164 69 6 197 10 108 155 0
25 157 78 0
102 82 118 121 186 0
115 0
128 130 131 132 8 13 151 26 31 161 164 165 40 41 172 173 47 54 58 186 62 190 64 192 193 67 194 195 70 198 72 73 76 79 91 100 113 114 119 121 122 125 0
102 0
197 39 8 79 60 0
96 129 198 40 168 53 186 0
142 17 18 19 20 146 149 151 24 26 30 161 163 165 166 40 47 48 50 179 181 54 57 59 60 62 191 193 195 196 82 86 94 96 98 101 110 126 0
184 37 22 165 0
185 67 135 0
42 74 109 141 186 0
74 139 0
185 165 14 81 22 89 60 0
70 9 175 18 116 23 31 0
192 97 181 46 0
164 68 108 148 90 0
3 134 12 141 14 144 17 18 146 22 152 26 30 31 159 160 34 37 40 171 174 47 50 178 180 53 54 181 182 59 62 190 64 191 192 194 198 199 76 91 97 98 100 101 108 119 122 123 124 0
161 34 194 184 25 0
132 9 14 143 19 22 23 150 151 154 157 161 34 167 40 168 169 43 172 51 53 184 185 58 60 189 63 64 195 198 72 74 82 101 108 116 119 0
129 109 175 16 178 0
180 0
82 158 70 111 0
161 171 13 141 150 25 158 0
135 199 116 79 0
130 134 198 82 120 0
17 114 61 23 0
128 129 3 4 135 10 13 14 15 16 17 18 142 151 31 163 167 40 173 54 55 57 186 193 67 69 198 74 79 81 86 95 97 106 115 120 121 126 0
126 191 0
64 100 76 154 157 0
122 19 141 189 0
34 163 195 6 135 7 198 175 0
32 163 101 104 47 51 53 0
39 186 45 57 58 61 0
70 39 74 177 0
4 139 13 14 142 144 18 23 26 159 163 165 166 41 43 173 49 51 57 58 185 68 88 89 90 91 93 94 109 112 115 116 118 120 123 124 125 0
49 179 142 57 0
72 33 129 157 0
131 8 137 139 142 15 144 21 22 23 155 30 32 160 41 169 47 177 179 181 185 58 59 61 67 195 196 197 79 93 97 109 113 118 119 122 125 0
165 137 45 78 113 82 0
131 6 134 8 138 139 14 15 144 17 146 22 23 151 25 26 152 154 30 163 43 172 45 46 173 177 61 189 64 195 197 198 79 89 90 91 93 96 100 106 119 123 0
18 158 199 0
198 7 169 178 26 0
17 154 110 199 0
100 68 144 178 179 118 57 125 0
193 163 4 168 81 146 190 94 0
128 129 3 130 7 139 13 17 150 152 29 32 37 165 166 174 177 50 178 179 186 60 191 67 70 74 76 81 88 94 100 110 113 120 126 0
174 0
128 193 66 167 170 176 21 90 0
33 4 45 112 123 190 0
135 146 150 39 0
48 144 62 7 0
128 130 3 4 10 13 143 18 22 150 151 154 27 31 159 160 34 164 38 167 175 48 176 177 51 182 57 188 62 190 64 191 68 73 74 84 91 93 94 97 100 109 115 124 0
86 149 6 167 0
25 91 0
8 78 169 14 0
46 146 148 124 191 0
182 86 0
6 166 74 90 125 0
125 113 135 0
129 6 139 12 141 154 155 159 161 34 171 45 47 49 50 52 53 181 186 62 190 193 194 67 68 81 86 90 101 111 114 116 119 0
32 67 59 96 0
193 167 0
118 181 70 0
64 67 40 73 81 119 22 55 0
138 139 176 145 55 120 57 159 0
164 9 23 151 183 188 0
91 0
93 149 39 0
131 8 10 139 141 146 19 21 22 23 150 151 154 157 30 32 161 39 167 169 43 172 173 48 50 51 179 60 191 192 194 195 69 197 198 199 79 81 84 91 94 97 106 109 110 112 115 119 121 0
113 21 110 175 0
131 6 137 139 144 17 20 22 152 25 28 158 159 32 43 48 49 50 176 178 179 55 184 57 185 186 60 190 64 193 197 82 91 94 97 101 108 113 118 119 124 125 126 0
4 138 139 12 144 19 149 22 26 154 155 157 163 36 164 169 173 174 47 176 49 50 186 187 62 68 198 86 89 93 94 110 112 114 115 116 120 122 123 0
132 6 8 136 10 137 13 142 15 146 26 30 160 38 39 169 171 48 176 50 179 180 57 188 189 191 192 193 67 198 91 93 95 101 111 115 119 124 126 0
64 163 140 144 126 0
78 0
193 8 139 113 19 0
89 90 158 0
84 38 0
129 7 9 11 139 14 143 16 17 146 20 149 150 152 26 154 30 31 32 37 168 46 47 48 49 176 54 58 59 60 61 62 193 67 72 75 76 81 90 91 94 95 98 100 108 112 113 119 121 123 0
7 9 16 17 20 154 157 161 163 164 165 40 41 46 48 176 52 53 185 60 62 191 194 72 75 82 86 112 114 116 122 124 0
32 33 125 89 0
7 41 139 184 185 60 158 0
181 110 79 0
82 91 0
70 112 180 90 61 0
88 119 0
128 131 134 8 138 13 142 21 150 23 25 155 160 166 41 171 46 48 177 179 53 181 57 186 188 189 191 64 192 67 69 74 79 82 84 91 93 94 106 111 115 119 124 126 0
132 18 188 119 123 60 0
195 137 58 93 30 0
129 50 149 54 23 0
34 38 45 173 50 0
3 163 195 49 91 62 159 0
168 10 149 189 0
186 2 118 130 0
196 8 178 54 152 186 0
19 0
73 179 86 199 0
50 93 30 0
130 131 100 37 78 114 125 126 0
135 41 111 57 0
160 121 30 0
142 54 0
132 76 55 0
69 146 51 182 25 186 190 0
96 19 30 0
129 130 3 132 6 137 138 139 143 144 18 149 22 150 26 158 33 161 41 47 48 176 50 51 178 180 57 61 62 192 193 68 199 76 81 91 100 106 113 116 125 126 127 0
128 129 130 131 4 135 139 12 13 17 18 20 21 22 149 151 26 27 30 32 160 161 164 169 171 46 51 54 184 57 59 188 61 62 190 192 68 197 70 198 199 84 113 119 125 0
199 173 174 48 145 144 21 91 0
72 177 51 159 0
132 109 13 116 151 0
160 41 115 79 0
89 95 0
129 132 134 137 139 13 143 18 19 146 23 25 157 32 34 164 38 166 167 172 174 51 179 53 59 60 61 187 64 69 70 75 78 93 96 109 110 114 116 123 125 127 0
73 41 146 164 0
128 4 6 134 8 137 12 142 18 22 151 163 38 40 168 46 176 178 52 53 55 184 188 198 78 81 88 91 105 109 123 125 0
195 125 0
26 150 22 0
193 189 174 0
32 118 0
128 129 3 4 132 6 135 14 145 20 21 22 152 25 26 154 31 32 160 34 37 41 169 171 48 177 55 187 60 191 193 194 67 68 69 70 195 196 75 76 79 82 108 110 111 115 119 125 0
98 67 131 195 145 84 0
101 12 112 184 123 0
128 130 4 134 9 12 18 149 25 155 31 32 33 37 167 45 178 55 57 186 188 62 190 196 72 74 75 111 120 123 0
128 131 134 8 137 142 145 146 149 151 33 161 43 46 50 179 181 54 57 61 192 193 195 68 198 72 73 78 79 81 88 89 91 97 100 106 108 110 114 115 116 119 125 0
194 67 141 49 26 59 0
49 109 47 39 0
129 131 4 132 6 139 17 145 149 150 26 32 160 165 167 41 43 171 173 174 47 175 49 177 51 178 57 189 191 192 194 69 70 197 75 79 82 84 94 112 0
198 174 16 88 26 187 0
57 58 118 191 0
32 3 166 0
40 50 171 189 0
32 173 168 143 0
3 131 134 9 13 15 146 26 31 33 161 39 43 172 45 48 49 177 182 187 60 61 190 193 67 68 69 197 198 199 74 81 86 90 93 107 114 115 126 0
128 132 6 8 139 14 142 16 144 145 148 149 150 25 154 155 37 171 173 174 175 183 185 58 59 187 193 195 69 72 76 89 90 96 97 101 108 109 112 115 116 119 121 124 125 0
161 74 157 194 0
96 128 196 41 181 124 191 0
41 90 0
130 131 4 9 138 13 142 143 16 144 22 23 155 158 160 161 163 167 41 169 172 173 46 47 48 51 52 53 54 184 185 58 186 188 193 194 198 199 73 79 81 84 90 96 105 106 120 125 0
49 116 0
134 106 139 13 173 118 119 95 0
91 126 0
21 141 0
187 164 46 0
164 100 0
130 3 6 137 14 15 22 23 27 157 158 31 161 165 169 43 176 52 53 54 186 187 60 62 65 193 196 69 199 75 81 91 95 96 109 113 120 0
74 124 0
128 34 39 72 41 174 119 189 0
64 161 69 142 14 0
130 134 7 8 9 141 14 143 18 19 20 146 22 150 157 31 159 164 40 172 45 47 54 58 59 62 191 193 69 199 75 81 88 95 101 109 110 111 119 120 0
129 131 69 41 48 51 25 91 94 0
69 138 173 185 122 30 0
166 139 173 48 81 119 59 0
97 197 167 74 175 184 57 0
32 4 196 73 78 142 125 0
128 6 134 138 12 15 18 21 22 151 154 32 169 171 172 45 49 178 182 187 64 192 67 195 72 75 82 89 90 94 112 117 120 121 125 0
3 163 195 10 177 62 0
3 164 46 0
50 132 74 134 0
4 134 7 13 144 18 23 154 32 33 161 167 41 45 173 178 51 181 182 55 184 59 188 189 191 67 68 199 75 88 89 95 96 108 110 112 113 122 123 125 0
187 111 0
15 178 114 93 62 0
199 174 178 146 149 0
184 9 100 94 0
45 46 114 151 121 0
160 177 125 0
152 0
106 13 79 112 17 146 21 0
129 131 132 6 7 136 20 21 25 161 35 164 167 169 173 48 49 54 182 57 190 191 64 192 79 88 90 94 100 101 115 116 118 119 123 124 0
17 18 101 0
143 123 135 0
193 10 102 15 0
33 161 14 49 178 22 155 31 0
128 97 192 193 141 173 113 121 0
167 8 41 111 177 178 86 120 185 0
64 132 142 79 52 120 188 0
72 145 114 28 190 0
167 132 182 15 0
165 72 12 112 180 89 0
134 40 81 57 126 0
177 182 0
178 123 191 0
51 52 30 31 0
50 150 172 14 0
161 139 13 111 17 146 184 0
193 194 199 73 74 43 20 0
163 69 157 122 61 0
128 129 3 130 134 7 9 138 139 141 16 17 20 21 22 150 152 26 157 30 159 34 171 47 176 51 54 184 188 191 193 194 70 198 75 76 79 82 84 94 106 110 118 126 0
131 135 137 139 15 143 19 155 158 160 161 163 38 39 172 45 176 49 50 51 52 178 182 55 184 57 185 60 61 190 67 68 69 198 199 81 82 94 96 100 107 112 115 119 121 122 0
128 129 130 131 132 6 7 134 135 137 142 15 16 144 146 148 21 22 151 26 160 164 165 38 167 169 172 45 175 177 178 51 52 53 54 181 184 57 58 59 190 191 195 69 197 199 72 73 82 84 93 95 97 106 109 114 122 126 0
34 158 0
106 50 146 119 122 0
64 199 19 23 62 0
188 165 173 0
98 164 37 48 112 144 182 154 124 0
82 124 0
130 3 131 132 7 135 15 16 17 18 143 144 149 22 154 155 30 31 160 161 163 164 165 166 45 173 174 177 50 51 178 53 180 55 182 57 59 60 61 188 191 70 84 86 96 100 106 116 118 120 122 123 0
12 84 79 0
115 37 165 0
128 129 132 134 7 135 9 142 15 22 154 155 157 30 167 169 172 175 48 50 187 189 64 196 197 75 76 77 84 89 97 100 111 0
129 130 3 131 132 134 139 12 13 14 15 145 20 149 26 27 154 31 160 37 168 169 43 46 174 175 176 50 180 182 55 184 185 58 59 60 187 64 193 197 72 74 75 79 81 82 91 100 106 115 118 121 0
14 177 50 146 186 0
69 39 18 118 57 26 0
129 134 43 175 17 50 25 91 190 0
3 134 135 8 10 13 15 18 21 149 151 26 41 171 45 175 49 177 51 178 180 182 55 57 187 193 67 199 82 90 93 94 101 106 108 112 121 0
129 30 0
98 164 13 0
192 8 174 16 49 17 22 86 118 0
3 58 167 8 74 111 26 0
48 20 182 22 0
9 14 178 119 91 29 0
160 193 131 115 57 154 94 0
130 131 132 6 7 135 9 142 146 20 148 22 150 151 30 158 159 160 164 166 169 43 171 173 47 175 176 182 184 189 62 194 68 70 198 199 73 88 89 94 96 97 111 113 114 116 120 122 126 0
179 0
132 69 179 180 118 0
6 13 14 141 17 147 20 148 23 152 26 156 157 30 158 163 38 166 169 171 173 175 48 177 51 180 181 184 57 186 190 193 195 68 197 72 73 74 84 114 115 121 125 0
128 129 6 139 12 14 15 142 21 150 25 26 157 32 160 34 163 164 37 168 169 174 49 50 52 53 54 55 182 57 184 191 196 199 74 88 94 100 110 119 121 124 126 0
98 38 48 119 125 0
75 45 7 0
35 175 0
128 129 130 3 131 10 139 13 14 15 16 17 141 19 21 22 149 27 161 163 166 40 171 173 180 187 60 191 197 198 84 90 111 112 113 115 126 0
16 72 110 0
128 8 139 145 146 20 161 164 40 41 43 45 173 175 177 50 185 189 190 64 197 198 73 76 84 100 106 114 118 120 121 122 124 126 0
67 167 143 144 115 90 0
96 17 161 189 0
128 10 13 14 19 22 23 26 157 159 32 167 168 169 43 45 46 47 48 173 54 189 190 67 68 70 74 75 76 82 89 90 91 93 100 108 110 115 119 120 121 0
109 18 150 120 186 0
6 55 91 189 30 159 0
10 13 142 143 144 146 19 149 151 31 163 164 165 39 167 168 170 172 173 175 48 49 51 185 188 62 191 192 73 74 82 90 91 93 97 109 112 115 126 0
39 41 46 50 179 91 0
67 132 137 106 169 143 86 186 0
32 149 159 0
166 178 150 93 191 0
128 131 6 135 145 146 19 149 32 165 166 40 45 46 47 173 49 177 51 52 53 181 189 194 68 70 73 78 96 100 102 109 122 123 0
41 67 124 22 0
64 139 112 146 157 0
64 46 0
100 50 179 53 120 125 0
16 94 191 0
7 168 169 122 93 126 0
131 6 137 146 22 26 157 31 37 38 39 165 171 173 46 50 52 53 185 186 187 60 61 190 194 67 195 69 70 72 82 89 90 91 93 97 100 110 111 112 113 118 119 122 126 0
64 122 19 182 26 93 0
3 4 131 6 135 139 141 15 16 17 18 143 146 149 154 155 30 32 160 165 40 171 46 175 48 51 52 54 182 184 58 60 188 191 64 195 70 199 74 76 91 96 101 106 109 112 113 123 125 0
52 174 0
197 69 39 12 122 0
167 0
33 4 8 142 88 188 0
148 0
75 175 180 151 26 0
3 8 139 13 146 19 21 149 151 152 26 27 155 32 160 161 164 166 169 43 46 175 179 53 54 181 59 60 61 64 79 84 86 90 93 97 109 116 122 125 0
186 142 0
89 49 137 113 0
101 95 0
67 46 14 122 158 0
194 14 15 176 150 0
160 131 195 174 88 94 0
131 6 7 8 9 134 137 138 139 14 15 18 148 22 23 150 152 38 43 45 174 175 50 51 178 182 55 184 57 58 59 186 61 187 189 192 193 67 68 197 70 198 76 79 82 90 96 97 100 106 108 110 119 122 125 0
64 193 100 166 7 8 25 0
128 168 12 49 125 126 0
168 142 62 7 0
3 6 137 10 21 22 149 150 25 26 30 31 163 166 171 176 182 57 58 62 191 68 69 76 81 82 101 111 112 113 121 122 0
129 130 135 12 16 17 144 20 26 27 30 160 164 165 39 167 45 46 47 48 173 176 178 184 57 186 187 60 64 192 194 69 70 197 198 73 74 76 82 88 90 101 102 106 108 111 113 115 116 121 126 0
100 166 17 51 190 0
131 4 132 135 141 16 20 158 31 159 38 168 174 48 178 51 53 182 55 58 61 189 67 195 69 72 73 86 91 94 95 96 109 112 115 122 0
97 131 4 198 11 60 126 0
176 192 0
34 165 70 135 141 149 120 89 0
196 0
48 93 0
3 4 131 6 138 142 149 22 150 155 32 163 41 46 175 50 51 184 186 60 188 62 189 195 69 197 198 78 84 93 108 109 113 116 119 120 0
3 138 144 149 150 154 159 33 165 166 39 173 47 48 51 52 54 55 57 58 186 187 191 192 194 67 198 199 75 82 84 90 102 109 113 121 0
193 149 94 191 0
161 41 81 19 53 86 0
64 121 195 166 10 108 181 88 62 124 125 94 0
128 129 130 131 8 137 10 13 141 18 146 148 26 157 158 32 161 163 37 165 46 175 49 51 52 180 186 187 60 61 188 193 198 75 78 88 94 95 100 108 111 112 114 120 124 0
157 39 0
90 165 94 189 0
98 135 18 119 124 0
130 91 150 0
160 161 67 40 43 46 119 186 0
161 193 69 6 15 114 22 0
128 130 134 9 138 14 19 20 22 23 24 25 26 156 157 30 32 164 165 41 171 49 50 51 177 178 180 59 61 64 67 74 81 83 84 86 89 97 113 122 124 0
122 132 0
160 137 106 89 155 0
128 131 9 10 139 12 23 27 32 161 39 169 182 57 185 186 190 64 193 68 199 81 84 93 95 102 108 113 119 121 125 0
64 0
96 112 113 53 21 190 0
128 130 132 6 7 135 9 138 16 146 149 154 157 33 165 166 39 173 174 49 178 53 181 55 182 186 187 60 196 69 73 74 78 79 81 98 101 106 113 118 120 121 123 0
160 68 16 17 114 124 189 0
129 4 6 9 137 138 14 17 18 145 148 26 159 166 40 46 174 176 49 178 54 55 182 58 59 60 188 62 189 64 190 192 194 68 69 73 79 90 91 100 111 121 122 0
9 78 79 176 86 27 0
131 132 9 10 14 20 148 157 32 33 160 167 41 169 171 45 173 48 176 51 181 55 58 188 61 189 192 193 68 198 199 76 79 86 89 91 95 101 120 124 0
3 131 8 138 13 15 145 151 27 157 30 160 37 165 166 168 41 43 45 178 51 52 180 57 61 64 192 193 67 68 70 198 76 81 89 96 106 108 113 115 118 119 125 0
166 26 157 158 191 0
128 3 131 6 7 134 135 10 139 13 14 141 142 146 22 157 30 31 159 160 34 161 165 167 169 43 173 176 49 177 179 52 53 181 182 58 186 188 61 197 73 82 84 98 102 116 123 126 0
149 157 143 0
130 132 134 7 13 14 142 17 145 19 154 30 32 168 41 171 173 174 47 178 54 57 58 59 60 191 64 193 195 70 90 93 95 97 98 100 101 102 106 108 110 113 121 0
194 16 146 115 52 181 26 0
39 41 172 173 55 0
160 137 142 175 17 27 30 0
101 135 167 13 46 50 27 0
128 129 3 131 132 134 8 137 141 14 15 17 21 149 151 152 33 34 165 168 41 169 43 173 178 180 182 58 59 186 187 62 194 67 69 197 199 73 74 78 79 81 89 95 97 106 119 123 0
120 49 0
39 41 137 169 143 148 58 0
96 185 46 0
131 8 10 145 148 152 157 32 160 38 169 43 171 176 178 51 179 55 184 57 185 60 62 192 193 195 68 70 199 72 73 74 82 90 97 100 120 121 0
102 135 108 12 86 158 0
130 131 4 7 8 9 138 13 14 18 20 149 30 160 166 168 41 175 48 178 51 53 184 186 189 67 68 197 199 79 89 93 96 98 100 109 112 115 116 120 121 125 0
194 74 106 79 49 18 20 190 189 126 191 0
34 140 13 17 49 0
101 67 124 61 0
69 39 179 157 189 93 0
132 45 15 50 60 157 30 0
194 173 145 180 21 124 159 0
129 3 4 6 9 12 13 143 150 155 30 31 32 160 161 164 165 166 45 46 174 49 177 51 53 181 58 187 60 62 196 76 79 82 88 109 116 121 124 0
129 175 20 181 57 191 0
4 168 12 146 57 191 0
115 188 199 0
193 122 199 10 90 91 0
69 79 23 0
100 101 164 86 22 157 0
128 3 4 131 6 7 134 144 17 145 146 152 25 154 27 155 32 164 37 40 41 175 178 52 53 54 181 57 58 187 189 64 67 74 78 91 93 101 111 115 125 0
9 169 14 47 179 25 191 0
128 130 132 135 9 142 143 16 148 149 22 26 155 30 31 158 159 161 164 165 166 41 43 171 45 173 48 49 177 180 53 57 58 59 60 186 62 193 67 195 198 72 76 81 96 100 106 113 115 116 124 125 126 0
3 131 8 10 13 15 143 148 149 23 151 25 27 157 30 40 169 43 45 46 48 176 50 178 53 54 181 57 187 60 193 70 82 89 90 96 97 118 122 124 125 0
160 122 84 166 0
32 3 131 40 72 44 27 93 0
129 132 139 12 14 15 16 142 18 19 146 21 148 149 150 152 155 163 164 38 39 40 169 172 173 174 48 177 178 53 181 55 184 57 187 60 62 193 69 75 82 89 91 93 94 98 102 106 114 121 0
138 15 52 53 180 95 0
129 0
17 138 100 0
68 72 108 180 182 186 157 0
129 45 110 50 61 0
97 193 46 20 120 58 59 0
8 72 178 86 182 90 0
185 139 69 7 0
112 50 121 27 61 0
164 39 12 19 94 0
131 37 6 137 82 0
112 118 0
192 100 197 112 59 30 0
89 163 119 0
137 59 68 0
8 128 109 191 0
164 17 53 86 121 0
16 53 198 111 0
88 49 176 0
160 115 84 181 182 62 0
130 131 132 8 139 12 13 141 142 20 22 150 152 159 32 164 38 171 49 178 51 180 53 181 55 184 59 62 64 198 75 86 89 90 91 98 109 124 0
18 58 154 0
100 9 41 175 176 0
129 13 14 20 149 22 154 31 32 33 173 178 180 53 197 199 72 74 79 96 97 102 108 113 114 118 120 123 0
101 38 165 8 40 114 91 61 0
131 132 6 137 13 142 144 146 148 21 150 23 25 26 31 160 34 163 37 166 168 171 46 48 49 52 186 59 188 192 69 197 198 72 199 75 76 79 81 90 91 92 113 0
96 125 0
34 157 0
129 195 37 16 178 115 118 62 0
128 7 12 141 15 145 18 146 151 25 26 158 33 161 37 167 168 41 171 175 48 49 51 53 181 55 182 187 61 189 191 64 193 67 196 70 82 91 94 95 96 100 111 115 118 119 124 125 0
130 3 132 137 14 142 16 144 20 21 150 158 31 160 161 34 37 38 40 41 169 47 49 51 52 179 54 193 195 198 199 72 75 86 95 98 100 120 125 0
16 75 109 0
130 134 12 47 48 112 57 61 0
197 38 12 145 120 89 190 191 0
129 10 141 145 18 149 26 30 160 164 41 43 171 174 175 50 51 60 62 193 194 67 68 69 76 82 86 90 95 96 97 101 110 112 113 114 121 122 125 0
3 4 131 132 7 134 139 14 145 152 25 26 157 32 33 163 169 171 173 177 178 179 57 59 187 62 64 69 199 73 79 86 88 90 93 95 96 98 101 111 114 115 121 125 126 0
166 74 119 188 191 0
10 74 119 0
129 131 7 8 9 139 12 141 14 15 16 150 26 30 32 34 162 163 39 40 41 167 43 169 51 52 181 182 59 188 192 67 195 70 198 72 199 74 78 79 88 101 112 113 116 119 120 123 125 0
128 15 16 144 21 27 32 34 163 165 166 41 173 178 55 185 58 187 190 194 195 68 69 196 197 198 86 102 106 109 112 115 119 125 0
128 4 8 144 145 21 149 150 151 160 39 167 41 46 50 179 181 182 55 187 188 61 191 67 195 70 73 79 81 94 96 97 100 102 111 113 120 0
41 139 122 155 94 0
135 39 9 88 121 157 0
106 59 198 47 0
128 100 111 114 155 60 61 0
37 198 0
160 3 7 184 122 0
169 138 142 185 125 0
122 0
64 75 176 119 125 0
76 145 18 119 190 0
0
8 139 143 18 148 21 22 23 149 151 26 152 157 30 165 41 169 45 173 174 49 178 51 53 59 187 61 189 192 194 78 82 86 88 89 94 96 98 114 115 0
194 74 109 78 14 0
69 61 189 0
129 133 134 135 8 139 12 13 15 18 146 151 152 155 30 31 32 161 34 164 167 40 41 47 176 51 52 179 55 186 64 192 66 194 70 79 86 95 111 112 115 123 124 0
6 40 48 18 50 82 0
4 7 8 135 138 12 13 14 15 142 145 20 149 23 25 155 157 158 159 163 164 37 165 39 166 168 171 172 173 48 49 182 184 62 190 192 67 68 69 196 197 81 82 84 90 93 97 100 106 111 112 118 122 124 0
59 93 121 0
134 9 139 13 144 149 154 155 31 163 41 172 173 177 52 54 55 57 187 194 196 70 198 72 84 88 90 99 102 115 0
67 100 198 135 167 10 173 78 118 154 30 0
97 166 172 79 20 52 0
131 4 197 168 48 150 25 0
135 171 51 125 189 190 0
101 142 177 116 151 90 125 0
128 130 131 134 135 8 9 137 138 12 13 14 15 16 17 18 139 20 143 148 152 33 37 165 39 45 46 173 175 176 50 177 52 184 188 189 64 195 90 95 97 98 115 118 122 123 124 126 0
163 100 113 57 26 123 0
129 134 199 168 12 141 15 21 190 191 0
130 3 39 167 173 55 62 159 0
53 0
113 19 13 0
176 177 146 119 31 0
161 131 55 150 54 0
129 100 47 112 175 86 118 184 94 0
128 141 91 157 126 0
128 129 7 8 135 137 138 14 142 148 149 22 152 25 27 159 33 165 38 39 40 166 167 169 45 53 182 55 186 189 64 196 70 71 72 81 98 101 118 124 0
131 132 134 7 8 9 12 149 154 31 33 163 168 171 172 45 174 52 54 58 188 61 62 68 69 197 198 79 82 90 98 102 106 109 113 115 118 121 123 0
101 110 79 113 150 57 62 0
186 194 58 141 0
129 131 4 6 8 9 10 139 13 145 146 19 22 153 27 33 161 164 165 39 41 169 175 176 53 182 58 186 189 62 191 64 192 67 68 76 81 86 88 90 95 96 98 113 119 126 0
40 185 115 0
128 129 3 131 6 7 14 15 142 146 19 149 23 27 157 37 38 165 167 174 176 177 51 52 53 181 186 61 190 191 197 198 199 76 86 89 95 96 100 108 115 119 123 124 0
165 15 88 185 187 93 0
38 7 40 168 45 180 186 157 0
106 59 124 15 0
129 82 53 55 0
120 139 68 171 0
161 173 181 151 125 0
4 198 167 186 143 121 90 126 0
3 7 135 10 138 12 14 15 144 17 151 160 33 161 165 39 41 43 45 49 50 51 177 178 179 184 61 190 194 195 68 69 197 198 73 81 84 88 93 102 106 108 111 114 115 116 119 121 0
166 8 200 46 49 93 191 0
128 129 131 4 5 132 10 14 142 143 17 146 148 151 154 34 164 37 165 166 41 48 61 191 64 67 68 198 72 78 81 90 96 112 113 124 126 0
69 173 0
142 163 14 0
14 80 115 182 157 62 0
106 148 173 181 0
128 130 134 135 9 137 139 13 14 142 148 154 27 32 33 163 165 166 168 43 172 173 49 50 51 52 177 181 59 189 191 199 72 81 82 90 93 97 98 115 120 122 0
106 69 0
0
171 157 46 0
132 198 10 179 54 30 0
163 27 78 180 91 0
131 173 55 0
34 195 100 41 15 21 119 122 0
90 149 0
128 3 7 8 10 13 15 18 146 21 22 25 155 157 30 31 158 159 160 40 173 175 48 176 182 189 190 195 198 73 81 82 86 113 114 119 0
113 50 146 0
132 73 110 150 93 0
130 3 6 134 10 141 15 20 22 23 154 157 33 37 38 166 40 41 169 171 173 174 50 181 186 59 194 199 73 79 82 85 86 91 96 97 101 102 108 109 112 113 121 0
70 46 48 186 191 0
130 190 94 0
18 122 0
161 34 98 0
176 187 0
54 154 6 0
168 199 13 192 0
6 135 143 48 182 23 0
3 131 135 8 137 138 12 13 14 15 16 146 19 149 23 154 27 157 159 32 161 164 40 168 175 49 178 53 184 188 64 193 194 69 70 199 73 81 82 84 86 93 106 108 112 113 120 0
134 46 111 22 57 0
138 116 23 0
126 195 39 113 90 190 0
128 130 4 6 134 135 9 10 137 13 17 18 148 21 22 152 30 31 165 168 41 43 171 47 175 51 180 53 181 182 184 188 64 193 67 68 196 70 198 72 79 81 84 101 102 106 110 111 113 118 119 124 0
121 19 37 7 0
73 46 48 18 94 0
129 132 6 9 139 16 146 21 22 150 151 159 161 163 166 167 168 43 46 174 177 51 52 54 55 60 61 189 64 195 68 69 196 76 78 82 95 96 98 101 102 106 0
148 122 124 150 0
130 134 169 47 145 0
185 59 124 6 0
145 149 150 119 121 123 190 62 0
164 108 175 121 125 0
67 169 81 123 30 0
3 131 8 9 10 141 16 144 148 150 152 30 32 160 165 166 169 43 45 46 48 50 178 179 180 57 185 60 189 62 193 194 67 195 198 72 75 76 81 90 91 94 101 109 111 112 114 118 119 120 0
121 163 48 22 119 57 186 0
194 3 103 9 137 79 118 0
3 4 131 135 8 9 139 14 15 18 149 152 159 160 161 164 167 40 168 43 46 48 178 51 184 57 186 60 193 67 69 70 199 72 90 91 94 96 98 109 118 119 120 125 0
3 9 137 139 13 149 151 154 155 159 161 163 169 46 175 49 50 52 180 185 187 190 68 197 70 198 90 91 93 94 100 108 109 110 121 125 126 0
131 139 13 16 17 18 146 154 157 160 41 43 45 173 48 54 186 187 62 193 195 68 196 70 197 199 75 84 89 90 91 94 106 113 115 122 123 0
97 135 82 22 55 0
122 55 0
129 130 6 134 8 137 139 13 14 18 146 21 149 150 152 154 161 37 165 168 45 174 48 177 179 181 186 59 187 192 193 197 70 198 199 76 79 86 90 91 94 100 106 109 112 114 115 118 126 0
48 70 84 30 0
48 34 45 0
131 13 14 15 19 20 22 150 151 159 33 37 38 166 41 45 46 173 174 49 50 54 55 57 186 187 191 194 70 73 78 82 89 94 96 108 109 112 116 120 124 0
161 195 4 79 182 157 0
57 106 75 60 0
4 141 14 143 16 186 0
130 52 109 189 0
8 165 159 0
64 70 0
177 194 0
88 143 39 0
129 131 4 133 7 137 149 26 27 154 31 33 163 166 39 167 43 172 173 49 178 185 194 69 70 197 199 73 81 82 86 89 94 106 111 118 119 120 125 0
128 4 6 139 141 142 144 17 149 26 30 158 159 160 162 39 168 45 48 50 51 180 53 184 57 59 188 61 190 194 195 70 73 79 89 122 124 125 0
198 169 139 60 189 95 0
106 45 134 141 0
192 116 14 0
198 0
59 0
192 185 100 12 57 0
34 58 31 0
192 23 55 60 0
4 7 10 13 141 17 22 23 27 157 32 33 161 37 167 169 43 172 178 53 184 187 189 191 64 192 68 69 74 75 76 79 82 111 113 118 119 0
132 38 171 141 126 0
72 173 0
161 10 108 111 94 0
128 129 102 135 150 0
130 132 7 135 139 13 15 143 18 19 148 26 27 157 30 160 161 34 165 168 171 172 48 54 59 60 67 69 70 199 76 86 91 94 95 100 103 104 106 108 116 119 125 126 0
59 139 189 7 0
111 0
130 4 7 135 138 139 12 13 146 19 20 22 25 32 160 39 40 167 43 46 175 52 184 57 188 61 191 64 192 193 69 199 73 75 79 90 91 95 96 102 108 112 119 0
8 9 149 150 0
108 12 13 46 178 57 0
100 165 198 109 179 182 23 0
132 101 41 111 177 118 55 184 60 93 0
131 37 141 0
101 0
160 3 13 82 186 0
161 68 37 168 189 0
67 135 40 176 26 0
164 37 110 49 52 118 189 88 93 0
101 6 198 173 144 81 18 181 26 0
128 12 14 0
131 68 199 168 118 95 0
197 7 168 73 75 43 45 171 116 91 159 0
172 116 126 0
74 175 178 115 118 23 26 0
2 4 3 2 4 4 4 2 4 2 4 2 4 3 2 4 4 3 2 4 3 4 2 2 3 3 4 2 2 3 3 3 4 3 4 2 4 4 3 2 4 4 3 4 2 2 4 3 4 2 2 2 2 4 3 4 4 2 2 2 2 4 3 2 2 2 2 2 4 4 4 2 2 3 3 2 2 2 2 3 4 2 3 3 4 4 2 4 3 2 3 4 3 3 2 3 3 2 2 3 4 4 2 3 3 2 3 3 3 3 3 3 2 2 2 2 4 4 2 3 3 3 2 3 3 4 2 4 2 3 3 3 2 2 2 2 4 3 4 3 3 3 4 2 3 4 3 4 3 4 3 2 4 3 4 2 2 3 2 2 4 4 4 2 2 2 3 4 2 3 3 3 2 4 3 3 4 3 4 3 3 4 2 2 4 3 4 3 3 2 3 2 4 3 2 4 4 2 3 3
