300 200 80
32 5 71 59 42 76 46 48 16 24 27 29 0
8 42 11 75 43 78 10 16 48 20 54 29 0
65 68 36 71 12 78 48 19 52 23 56 28 0
35 37 38 71 44 16 17 80 54 59 62 31 0
3 69 72 41 76 79 49 19 20 22 23 27 0
5 38 39 72 10 11 76 13 45 16 22 62 0
32 65 34 67 37 39 12 50 55 56 59 63 0
36 5 38 39 76 13 79 18 51 30 23 62 0
36 70 7 71 76 44 77 48 49 19 57 60 0
64 69 8 12 13 78 76 15 23 24 28 30 0
65 3 70 41 42 46 17 19 52 51 28 29 0
64 5 72 42 43 12 77 14 49 18 51 56 0
4 69 5 42 11 77 15 18 19 20 30 31 0
33 67 3 8 42 75 78 50 61 25 59 29 0
66 39 71 12 79 80 47 55 26 59 60 31 0
2 35 69 8 73 42 41 45 13 46 77 21 0
64 34 66 36 72 44 50 20 22 24 57 28 0
65 37 7 72 74 12 45 47 23 56 57 62 0
67 4 37 70 6 14 47 18 53 23 28 29 0
35 70 72 74 11 13 28 48 20 26 27 60 0
32 33 68 37 5 70 9 44 46 48 53 25 0
35 37 6 7 16 18 22 55 24 60 29 30 0
35 37 71 7 74 46 50 51 56 59 61 62 0
36 69 9 11 44 78 18 50 21 56 29 30 0
34 67 5 39 15 52 21 24 58 60 62 31 0
2 66 37 7 8 10 46 25 56 24 59 62 0
34 67 3 69 70 42 14 48 53 59 60 29 0
38 7 27 41 11 78 53 56 59 31 30 63 0
32 37 38 9 42 41 16 53 54 24 26 27 0
32 35 70 73 45 79 15 50 52 53 54 21 0
39 72 10 43 45 46 51 20 22 55 24 25 0
65 3 36 37 70 43 13 78 47 52 55 63 0
2 67 75 47 30 22 23 56 57 26 61 62 0
33 2 69 73 41 42 12 44 23 24 56 28 0
65 66 72 74 10 12 80 18 19 53 62 31 0
65 35 71 41 75 11 12 46 47 21 57 63 0
64 34 68 69 9 45 14 77 80 16 52 28 0
2 4 69 10 13 28 18 20 58 27 60 31 0
65 35 5 6 38 10 11 76 44 51 24 25 0
64 4 6 38 8 73 10 16 53 22 25 30 0
64 68 9 75 43 13 78 80 50 21 55 61 0
65 2 67 34 3 44 78 47 50 19 61 31 0
65 3 4 5 6 76 78 47 29 23 56 61 0
33 5 73 10 43 75 52 53 56 57 59 28 0
65 67 68 6 39 73 9 76 45 78 27 62 0
34 67 8 49 20 52 53 21 24 25 60 63 0
32 34 69 71 11 45 18 51 21 22 23 31 0
32 67 4 37 70 6 7 50 51 20 54 30 0
66 69 38 40 41 10 44 12 46 48 59 30 0
66 3 2 69 12 17 19 52 51 22 57 63 0
64 2 36 40 73 10 50 52 57 60 30 63 0
32 2 3 5 38 41 10 74 12 16 54 27 0
2 38 42 44 45 78 47 49 50 53 22 31 0
68 58 8 40 42 11 12 74 56 26 30 31 0
65 33 67 36 72 9 43 49 21 22 25 28 0
68 36 4 8 75 43 79 80 15 19 26 30 0
33 68 70 11 78 46 16 17 14 53 59 60 0
65 34 37 38 71 73 79 80 18 57 28 31 0
34 4 6 10 43 12 46 79 19 56 58 28 0
64 4 6 8 13 14 15 48 53 56 59 61 0
68 37 42 45 77 47 14 48 53 23 60 30 0
65 3 72 74 14 79 48 19 53 26 29 31 0
33 37 40 73 9 46 79 15 78 60 62 63 0
65 68 72 8 42 75 74 45 46 47 48 17 0
70 40 72 46 79 47 17 80 48 22 56 61 0
65 2 35 4 38 6 45 47 79 19 53 27 0
2 3 66 4 39 75 77 78 46 80 27 31 0
32 65 69 39 78 46 16 47 56 59 60 61 0
2 3 5 7 73 45 78 15 14 53 55 29 0
32 33 66 4 38 72 43 48 21 24 58 61 0
65 68 6 10 43 78 80 19 20 21 55 31 0
64 2 3 38 77 80 18 61 24 26 29 30 0
34 35 4 37 40 9 78 79 16 50 55 60 0
2 67 36 27 9 15 16 26 59 61 62 63 0
32 39 9 10 43 74 15 16 54 59 29 63 0
36 69 6 39 40 74 47 80 15 51 61 30 0
32 66 35 36 67 38 71 73 12 13 55 61 0
67 5 6 37 7 45 14 46 52 55 25 28 0
37 7 42 46 60 80 61 21 23 25 28 29 0
2 34 38 8 78 18 51 23 25 26 30 63 0
66 6 7 70 46 78 16 14 57 31 30 63 0
2 35 68 6 38 44 79 20 57 59 25 31 0
66 35 68 6 73 77 16 80 54 55 29 63 0
35 67 5 37 6 9 10 11 76 46 19 31 0
68 38 39 40 43 76 13 23 56 58 30 63 0
64 70 72 46 79 18 22 30 24 28 61 62 0
37 39 8 42 11 45 78 21 24 57 27 28 0
2 66 40 11 43 77 79 19 54 55 26 28 0
64 33 32 38 6 8 41 75 15 52 55 63 0
64 35 5 73 77 79 48 51 55 56 26 30 0
65 66 67 68 69 38 35 72 15 16 52 27 0
64 65 68 39 73 42 45 80 50 54 55 60 0
65 67 4 7 40 41 72 44 76 25 27 29 0
32 4 8 74 11 75 15 50 51 54 27 30 0
34 68 5 6 75 76 12 48 19 21 55 62 0
67 4 7 9 42 10 76 47 23 52 55 62 0
35 37 38 6 7 72 76 51 22 56 59 28 0
32 65 3 39 73 43 19 54 59 28 29 31 0
32 66 3 4 5 14 78 17 21 56 61 30 0
66 4 5 8 77 15 18 19 54 24 56 28 0
67 4 37 38 8 40 44 45 13 18 54 31 0
64 65 69 70 39 71 10 46 47 15 17 59 0
36 39 9 73 44 79 49 18 52 56 25 24 0
32 34 67 68 42 75 78 46 20 22 56 62 0
34 36 38 10 11 17 53 54 55 57 31 63 0
67 38 71 13 78 46 15 17 28 25 60 61 0
34 67 37 70 7 72 8 43 49 54 27 31 0
35 38 70 73 42 47 17 19 51 53 26 61 0
64 38 27 41 11 76 12 51 52 55 59 31 0
26 5 71 73 76 45 13 51 55 25 58 62 0
32 34 37 39 59 42 16 19 20 55 27 28 0
68 36 39 73 9 14 78 52 53 21 55 24 0
34 35 68 38 6 73 42 46 48 19 20 55 0
66 37 71 7 48 49 20 52 54 56 26 59 0
26 6 39 9 11 44 79 80 54 25 58 61 0
67 4 39 43 46 79 17 53 55 57 29 62 0
65 2 37 6 43 76 79 23 53 22 55 24 0
33 68 37 70 9 45 77 79 49 22 26 30 0
66 37 69 6 40 43 44 15 50 53 54 58 0
32 67 71 7 72 42 43 48 22 27 28 62 0
2 66 38 6 71 74 43 44 14 16 54 61 0
64 3 37 73 13 79 16 80 18 15 24 29 0
3 35 69 37 38 74 12 17 18 20 55 26 0
34 2 36 5 66 71 8 75 45 48 22 25 0
32 35 69 38 8 9 10 43 47 53 58 62 0
32 37 38 72 8 44 77 14 16 50 57 27 0
32 2 3 43 44 48 17 50 19 26 29 30 0
33 35 42 76 14 46 78 19 54 58 28 62 0
65 35 36 3 71 74 45 14 17 18 54 58 0
35 37 8 9 77 79 80 18 56 60 29 63 0
64 34 40 74 43 44 79 16 17 51 20 60 0
33 66 72 75 43 45 80 16 23 56 30 31 0
33 68 69 39 8 13 14 55 56 27 60 29 0
65 33 5 75 47 79 54 30 24 25 61 62 0
32 65 35 5 7 8 39 13 14 46 19 54 0
34 36 78 79 16 48 49 20 55 24 27 60 0
35 36 71 8 7 43 46 78 80 53 21 63 0
64 34 70 71 72 40 11 76 15 80 53 55 0
64 8 41 43 44 11 78 15 48 14 24 26 0
34 4 36 70 10 43 77 78 48 21 60 61 0
64 37 71 72 47 18 55 23 26 61 31 0
5 71 40 46 79 14 49 50 25 26 57 63 0
36 5 70 6 75 12 78 19 52 28 61 63 0
33 35 36 7 8 73 39 45 60 57 28 29 0
33 4 69 70 36 73 12 76 14 16 19 61 0
32 66 4 5 40 76 47 20 25 58 62 63 0
32 26 39 41 13 47 79 48 54 24 56 59 0
2 3 35 39 40 8 43 47 22 59 60 30 0
34 3 35 8 75 13 80 22 25 26 61 62 0
32 2 35 36 68 34 42 76 77 16 27 30 0
32 33 34 58 69 40 10 12 79 53 26 30 0
2 69 8 73 44 47 49 50 22 58 60 61 0
64 65 68 71 41 42 77 14 45 28 29 62 0
64 35 37 38 7 74 43 42 45 50 29 31 0
37 70 76 14 15 16 48 79 50 20 24 60 0
3 36 40 75 14 80 51 21 55 57 28 25 0
2 67 68 38 8 44 13 16 48 19 54 63 0
34 67 4 2 73 10 77 13 15 80 51 58 0
65 66 35 4 5 6 70 76 13 20 24 57 0
33 4 12 77 46 79 80 49 48 19 21 29 0
32 67 36 27 78 48 80 22 25 59 60 31 0
64 66 4 39 72 42 12 80 48 19 59 62 0
32 66 58 76 80 19 21 22 23 24 56 63 0
37 69 72 42 43 10 13 19 20 51 55 57 0
33 69 72 10 13 16 17 51 21 22 58 31 0
66 70 41 44 77 12 80 50 51 26 29 31 0
65 38 40 15 17 49 19 20 53 54 26 31 0
66 5 70 38 8 43 77 14 61 23 29 31 0
64 67 71 40 10 42 46 47 80 14 60 62 0
65 34 39 45 16 80 54 56 24 58 29 63 0
66 6 72 27 10 49 50 22 59 60 29 63 0
64 65 33 5 44 52 53 21 57 58 29 63 0
64 32 34 38 7 75 78 16 23 55 58 31 0
70 38 7 9 41 11 6 45 60 74 71 28 0
6 39 72 41 42 16 18 23 21 55 26 31 0
68 8 75 12 52 21 20 53 57 26 62 31 0
34 3 67 66 4 71 44 47 18 55 60 30 0
65 7 8 73 44 77 78 47 79 49 15 23 0
66 2 71 41 10 12 76 16 49 25 27 60 0
67 68 6 72 10 43 44 45 14 80 24 29 0
2 68 69 5 12 44 79 80 51 24 58 27 0
2 4 69 73 14 79 17 52 21 53 30 63 0
35 4 41 74 76 77 13 47 21 56 28 31 0
3 37 39 9 76 19 23 56 57 58 60 31 0
36 70 40 72 42 45 15 20 53 54 60 63 0
32 66 35 7 71 9 42 47 15 80 59 28 0
32 65 34 38 70 45 80 50 52 21 53 24 0
33 35 68 39 8 80 54 55 56 58 60 62 0
36 5 4 8 41 42 40 12 45 80 56 61 0
64 5 6 71 72 42 75 14 18 54 56 59 0
2 68 69 38 9 77 49 50 51 21 24 26 0
33 66 37 6 7 74 76 77 16 54 22 62 0
64 3 72 40 41 43 9 11 16 49 21 58 0
64 32 34 4 37 45 46 15 80 49 20 55 0
5 39 78 16 49 18 20 54 22 26 59 61 0
69 39 40 72 7 42 16 17 18 62 59 30 0
32 37 6 39 43 45 18 51 50 61 62 31 0
3 8 73 43 15 18 19 51 55 57 29 31 0
32 34 70 74 11 12 13 46 21 22 24 30 0
33 34 4 68 39 9 41 77 79 22 30 63 0
17 0
17 0
21 0
52 0
14 63 0
53 21 0
79 0
65 44 0
49 79 0
7 0
0
0
32 21 62 0
2 12 20 31 0
0
2 58 0
17 34 52 53 0
56 34 46 0
0
26 11 20 34 0
8 72 0
56 20 76 0
15 0
78 49 51 26 28 0
21 23 0
20 29 52 0
20 15 0
2 0
20 5 0
34 20 66 76 0
56 42 66 0
3 54 23 0
49 10 21 0
26 6 0
20 44 23 0
67 62 39 0
59 23 0
28 78 0
56 78 0
49 28 61 0
65 68 0
17 26 59 0
17 27 78 23 0
49 44 23 0
0
65 36 23 59 31 0
78 15 0
17 19 61 49 0
0
2 78 15 23 27 0
28 6 0
72 27 23 0
43 21 0
56 21 0
27 28 0
65 62 70 0
0
56 26 0
49 0
17 23 0
39 44 21 27 61 30 0
49 67 60 0
52 56 57 26 31 0
26 0
0
60 14 23 0
34 30 0
65 78 52 27 60 0
26 11 0
14 15 0
23 7 0
62 0
56 0
57 34 23 7 0
75 76 14 80 62 0
0
64 73 0
0
28 47 0
71 27 23 26 59 0
74 50 27 61 62 0
18 0
51 12 38 23 0
56 10 28 0
17 74 52 0
44 53 0
45 14 0
25 37 0
3 0
70 14 0
32 7 73 26 28 62 0
65 59 6 0
34 52 14 0
11 30 15 0
0
2 41 14 56 26 59 0
0
20 52 0
0
56 49 53 0
80 61 6 23 0
0
2 3 20 0
65 14 0
0
67 55 0
27 20 39 31 0
62 15 6 7 0
0
65 67 38 15 0
27 0
56 55 0
61 0
9 34 52 57 0
33 0
57 3 44 0
52 0
50 67 52 23 0
51 52 63 0
73 49 4 78 0
49 26 0
20 6 52 0
42 76 0
14 0
32 65 34 44 14 26 0
70 14 49 19 56 29 0
27 44 0
72 14 71 0
16 24 23 0
73 25 14 0
42 77 61 0
49 20 54 0
26 61 62 0
0
48 49 56 72 0
56 39 31 0
64 57 59 0
1 28 6 0
20 0
64 21 55 0
64 49 6 0
75 44 52 0
34 67 44 77 60 0
49 0
26 37 0
14 0
32 49 26 65 0
61 0
73 49 21 23 0
0
78 0
44 21 14 0
59 78 0
0
27 28 0
59 78 0
62 17 6 65 0
64 10 0
20 68 14 23 0
49 52 57 27 61 0
52 0
46 61 6 7 0
49 2 21 0
0
78 7 0
56 62 0
59 0
57 61 30 0
32 14 0
28 0
56 65 35 44 0
27 26 3 52 0
49 15 0
78 10 14 55 0
53 0
20 0
68 76 23 0
56 52 0
45 0
67 0
67 0
18 61 78 0
72 6 0
52 23 0
1 0
14 0
6 14 0
27 21 0
40 25 0
25 27 68 0
49 75 28 0
75 20 52 0
20 22 0
56 10 30 0
61 30 0
54 26 38 15 0
3 76 14 7 0
76 53 56 57 60 0
42 76 13 0
36 0
26 23 0
49 59 28 23 0
53 0
65 71 0
26 5 62 23 0
49 0
57 20 0
72 9 13 0
17 3 39 0
67 35 69 73 21 0
67 44 0
2 6 44 48 28 0
0
52 55 0
49 0
64 0
64 78 0
14 30 0
52 76 23 0
65 20 21 0
33 7 10 53 60 0
2 0
0
64 67 5 70 78 17 55 0
3 23 0
53 0
72 57 52 0
40 20 30 0
0
26 76 0
65 52 7 0
73 41 27 14 0
72 44 61 0
32 64 71 73 15 56 0
67 61 0
0
34 0
59 23 0
0
61 5 0
24 67 0
27 0
34 52 0
57 7 0
34 3 0
73 0
56 21 15 0
20 0
26 0
48 44 0
23 0
65 0
56 0
56 34 0
2 14 78 49 20 0
27 0
49 14 39 0
34 52 23 0
58 14 0
67 7 11 52 26 0
43 55 0
10 0
16 20 6 0
21 0
49 0
32 67 14 0
0
67 69 44 17 26 62 0
73 20 71 0
57 70 0
28 0
34 67 0
59 0
8 65 14 0
17 27 39 0
0
18 14 0
31 0
52 0
54 0
0
0
2 79 49 20 52 0
32 20 0
61 4 20 0
34 60 53 0
59 78 0
27 0
34 27 20 39 0
42 75 0
67 7 0
67 6 47 17 53 27 0
65 20 0
64 6 46 49 28 0
0
3 21 0
64 78 15 79 22 27 0
61 0
32 2 64 45 0
73 27 79 0
2 3 2 2 4 4 4 4 3 2 2 3 4 2 4 2 4 4 2 2 4 3 4 3 2 4 2 4 4 4 3 2 2 2 3 3 4 2 3 4 2 2 4 2 3 2 4 4 3 4 4 4 3 4 4 4 4 4 2 2 4 4 4 4 2 4 3 3 3 3 4 4 3 3 4 2 3 3 2 3
