30 20 10
2 3 4 5 6 7 8 9 10 0
2 3 4 5 6 7 8 9 10 0
2 3 4 5 6 7 8 9 10 0
2 3 4 5 6 7 8 9 10 0
2 3 4 5 6 7 8 9 10 0
2 3 4 5 6 7 8 9 10 0
2 3 4 5 6 7 8 9 10 0
2 3 4 5 6 7 8 9 10 0
2 3 4 5 6 7 8 9 10 0
2 3 4 5 6 7 8 9 10 0
2 3 4 5 6 7 8 9 10 0
2 3 4 5 6 7 8 9 10 0
2 3 4 5 6 7 8 9 10 0
2 3 4 5 6 7 8 9 10 0
2 3 4 5 6 7 8 9 10 0
2 3 4 5 6 7 8 9 10 0
2 3 4 5 6 7 8 9 10 0
2 3 4 5 6 7 8 9 10 0
2 3 4 5 6 7 8 9 10 0
2 3 4 5 6 7 8 9 10 0
5 0
2 0
4 0
0
2 0
3 0
7 0
0
10 4 0
9 7 0
0
0
0
0
0
0
0
8 1 0
0
0
0
1 6 0
0
6 0
0
0
0
8 3 5 0
9 0
10 0
2 4 4 4 3 3 2 3 2 2
