300 200 80
2 34 68 70 10 12 14 17 19 54 25 28 0
32 65 71 8 9 12 13 77 49 51 56 57 0
32 64 4 39 8 41 76 77 46 52 53 57 0
64 33 68 4 6 11 12 48 17 25 58 31 0
6 39 71 46 15 17 51 53 22 23 57 25 0
34 68 36 72 9 8 76 44 14 55 56 25 0
38 74 11 13 45 48 49 51 23 57 27 29 0
32 65 34 3 40 41 12 46 15 20 55 24 0
64 67 8 41 76 46 14 20 22 24 58 27 0
33 35 3 5 7 9 74 46 48 19 55 62 0
64 67 5 38 37 73 10 12 77 78 21 27 0
35 4 8 9 10 43 44 76 80 18 20 23 0
32 67 58 3 38 16 17 20 21 24 26 31 0
4 8 72 74 73 12 42 14 47 21 24 27 0
32 34 35 4 71 41 44 78 47 24 26 60 0
2 4 69 6 71 72 70 75 45 18 58 59 0
65 35 68 37 9 13 20 23 26 31 62 63 0
65 66 3 8 75 43 13 46 44 17 55 60 0
33 34 35 69 79 16 50 22 54 56 58 59 0
65 2 36 5 38 79 16 50 23 56 57 28 0
39 8 40 42 10 12 75 13 47 17 57 61 0
64 65 66 5 41 42 43 44 80 16 58 28 0
32 3 68 69 71 8 10 47 80 17 23 25 0
33 3 6 40 41 74 42 47 18 22 55 62 0
34 3 4 38 71 73 74 12 14 15 78 23 0
64 33 3 38 70 12 29 50 22 57 58 61 0
33 2 67 37 11 12 76 13 75 80 24 59 0
65 41 74 75 16 49 52 23 56 58 59 63 0
66 4 36 8 43 75 78 46 19 20 21 27 0
65 33 34 3 38 40 73 13 23 56 28 62 0
32 4 39 12 16 17 53 24 26 31 29 63 0
32 69 73 74 45 79 18 56 25 26 61 63 0
64 4 8 41 10 49 52 20 55 56 60 30 0
34 4 38 71 11 14 78 18 19 20 50 56 0
36 37 69 70 40 41 43 75 45 53 22 30 0
36 7 71 72 39 76 13 18 20 58 60 31 0
65 7 9 41 14 48 17 50 19 52 18 30 0
67 36 37 69 39 10 14 80 19 20 56 57 0
72 41 74 42 44 28 21 22 24 26 27 60 0
66 38 39 8 9 43 77 15 49 21 54 23 0
33 34 35 3 4 70 73 9 42 44 46 19 0
33 7 44 13 46 19 20 22 54 56 26 61 0
65 34 36 70 7 11 43 13 47 25 27 61 0
2 5 70 71 43 46 15 47 79 20 58 62 0
33 34 36 40 42 12 77 14 47 20 27 60 0
32 34 39 40 74 13 14 80 21 24 57 29 0
65 2 69 10 19 52 53 23 26 27 61 30 0
34 6 72 40 41 12 76 46 15 51 55 63 0
33 3 72 10 43 47 15 50 20 25 60 30 0
38 40 47 18 51 52 53 21 56 57 58 31 0
64 65 66 67 69 71 8 46 47 23 55 29 0
35 38 8 42 11 75 76 78 20 23 30 63 0
34 39 72 76 45 14 47 18 53 22 57 28 0
64 68 72 43 11 45 78 47 17 18 20 25 0
39 41 74 42 44 45 18 51 20 54 26 61 0
64 6 59 10 43 13 45 80 52 25 26 27 0
66 67 9 43 15 17 18 21 57 28 25 31 0
33 2 35 66 72 9 13 45 47 53 56 31 0
8 9 41 14 16 18 19 57 58 27 61 63 0
34 67 35 72 75 44 48 20 53 26 27 30 0
34 4 40 41 10 76 12 46 47 14 50 23 0
69 42 76 79 80 48 49 22 55 26 29 31 0
36 70 10 47 48 50 61 63 24 26 29 31 0
3 68 69 6 39 73 12 44 45 19 21 23 0
65 71 40 74 76 47 16 18 19 55 25 59 0
34 3 4 68 8 43 76 77 15 53 26 63 0
4 36 5 39 8 41 76 47 20 21 25 61 0
64 37 40 42 44 15 17 51 53 21 26 30 0
3 67 69 71 40 39 74 80 48 51 25 62 0
64 71 43 77 78 79 49 18 56 59 30 63 0
33 2 3 5 11 47 19 53 54 56 26 62 0
65 34 35 69 70 40 10 78 15 49 51 25 0
35 4 37 70 38 71 77 18 21 55 26 29 0
65 35 38 6 11 45 78 17 24 58 60 29 0
36 37 44 14 46 16 17 21 54 23 30 63 0
64 66 34 69 6 8 74 12 47 50 21 30 0
5 71 74 78 46 15 17 49 79 57 27 28 0
5 38 71 8 37 42 18 52 55 26 62 31 0
66 67 3 36 10 11 12 15 80 52 55 28 0
66 67 3 70 71 40 72 41 16 49 80 58 0
34 36 40 73 10 11 14 50 52 23 55 57 0
65 2 41 42 44 77 14 55 22 23 59 30 0
68 5 71 44 47 80 50 18 21 23 57 61 0
32 8 42 12 45 77 15 76 21 25 59 31 0
64 33 2 3 11 17 19 30 24 25 26 62 0
32 65 2 73 74 75 76 20 54 56 27 30 0
65 66 4 74 43 47 79 17 18 50 55 24 0
32 33 71 78 15 16 19 20 21 55 23 59 0
33 4 37 7 43 75 46 78 80 17 22 63 0
35 68 71 72 41 12 47 80 18 52 55 62 0
64 65 34 35 36 37 38 13 19 52 53 61 0
34 68 58 71 9 17 53 21 23 25 26 62 0
4 7 8 72 10 13 46 51 54 24 27 29 0
66 5 75 12 45 16 80 50 52 54 56 24 0
65 4 5 6 42 75 45 15 18 51 21 63 0
2 3 37 69 39 71 42 75 13 15 61 63 0
64 36 37 10 42 13 16 48 53 55 27 63 0
37 70 71 27 41 42 13 80 56 59 30 63 0
3 68 43 44 46 16 22 55 54 59 60 31 0
66 67 69 6 8 40 44 14 51 19 23 60 0
64 65 3 36 71 77 17 52 53 25 30 63 0
35 7 40 41 74 43 10 72 79 21 22 31 0
2 35 4 69 74 14 80 49 51 20 53 29 0
68 39 42 10 76 18 30 55 23 27 62 63 0
66 4 7 8 43 76 75 28 17 50 49 60 0
64 68 38 9 73 13 14 47 50 57 58 28 0
33 40 73 74 78 15 47 49 50 57 27 29 0
32 73 41 75 47 16 49 52 58 60 30 31 0
65 37 70 73 74 45 80 24 58 27 60 30 0
6 71 38 41 45 28 49 51 22 55 25 60 0
64 4 6 7 41 77 79 15 53 27 60 29 0
69 7 12 79 80 52 21 54 53 26 28 30 0
33 35 69 7 43 44 76 15 48 20 22 60 0
2 67 4 37 38 66 36 73 74 12 80 26 0
64 35 69 70 6 39 40 77 45 18 22 55 0
32 6 9 42 75 11 45 46 43 48 20 63 0
2 66 68 67 10 74 16 19 24 25 26 30 0
35 58 40 73 42 17 18 51 52 53 21 26 0
68 5 58 73 42 47 18 54 26 59 60 30 0
33 35 38 43 46 48 16 19 20 53 55 59 0
35 71 11 44 45 78 79 19 57 26 28 30 0
3 37 38 9 42 79 49 18 21 53 23 29 0
66 7 41 45 16 52 20 22 23 56 58 28 0
64 75 11 49 61 52 22 56 58 29 62 31 0
64 69 39 9 41 11 77 47 18 51 59 61 0
64 32 66 70 71 43 14 18 52 22 62 30 0
34 67 68 36 70 4 73 74 43 30 29 62 0
67 3 69 40 8 10 45 13 18 50 52 62 0
33 68 69 36 7 77 78 61 23 56 26 29 0
2 69 73 59 43 75 42 80 23 56 27 62 0
35 5 38 39 10 43 74 49 17 21 59 30 0
6 71 42 74 12 46 51 55 23 25 58 61 0
2 3 67 8 73 9 40 12 46 50 54 55 0
32 3 69 6 37 70 41 10 45 46 79 27 0
34 3 68 69 5 58 77 15 48 23 26 30 0
67 72 43 79 16 80 18 21 23 58 59 28 0
65 34 67 33 35 38 5 11 29 52 57 61 0
32 66 3 5 70 7 79 17 19 24 28 62 0
32 66 35 37 7 14 50 18 51 55 23 63 0
64 2 35 5 71 11 15 16 80 54 57 58 0
33 34 70 7 76 77 12 44 15 17 56 58 0
65 37 9 11 15 48 18 22 55 57 26 63 0
32 69 44 13 47 50 18 52 53 59 60 30 0
32 65 67 36 69 73 74 10 13 18 55 61 0
33 66 35 38 70 8 9 75 80 48 59 29 0
68 70 76 78 46 50 21 55 56 57 58 62 0
34 3 5 73 44 78 80 20 21 22 56 62 0
34 68 69 6 40 74 76 77 48 17 19 26 0
33 66 5 41 11 46 49 52 20 24 57 29 0
5 6 10 11 44 45 48 49 53 26 28 62 0
71 8 76 45 78 15 16 14 18 53 54 55 0
33 4 38 40 72 10 43 14 24 25 58 57 0
2 70 74 43 12 78 79 80 51 55 24 26 0
3 38 43 45 77 79 47 13 46 51 48 63 0
33 35 36 4 67 69 8 41 42 76 45 78 0
2 34 66 71 40 41 74 7 43 79 22 23 0
7 75 45 14 79 48 19 20 21 22 58 28 0
33 34 67 35 69 70 11 15 49 56 58 28 0
34 3 2 68 6 12 46 79 51 19 25 57 0
64 32 3 4 8 10 11 77 79 51 21 25 0
32 34 68 73 75 15 51 20 55 54 22 63 0
67 68 4 71 40 73 74 46 47 49 61 31 0
65 2 38 7 71 41 42 47 54 25 61 31 0
44 13 14 15 16 45 18 53 56 25 28 61 0
70 77 48 17 50 20 22 23 25 29 30 63 0
65 2 68 73 74 11 43 76 57 59 61 30 0
4 70 39 6 79 15 17 50 21 22 30 31 0
65 2 4 68 72 42 79 19 22 58 59 60 0
64 66 72 42 10 46 22 55 24 56 29 31 0
67 37 6 70 40 74 76 16 54 59 28 63 0
66 37 38 40 8 10 43 11 12 74 73 60 0
4 69 6 7 27 41 20 54 23 25 26 59 0
2 71 42 10 13 14 22 23 58 27 29 30 0
64 3 35 6 7 72 42 18 52 53 23 60 0
65 67 4 39 7 31 47 20 23 25 28 63 0
65 66 67 68 70 40 11 76 15 54 57 29 0
64 67 36 4 5 40 42 75 46 16 27 29 0
65 34 26 3 38 7 51 19 24 56 59 28 0
2 37 40 75 28 14 19 54 55 60 62 63 0
32 4 71 8 11 15 49 52 21 24 59 61 0
6 71 73 76 77 78 79 19 52 53 29 31 0
26 67 35 6 39 78 15 79 56 57 58 27 0
3 4 36 39 12 46 78 49 52 21 23 29 0
32 39 11 12 77 52 20 22 56 25 27 63 0
34 68 69 70 39 38 43 15 16 17 25 60 0
64 34 3 6 7 71 41 22 23 59 60 63 0
64 65 3 4 7 8 72 53 23 24 25 60 0
3 36 37 5 7 68 79 49 21 55 58 28 0
65 2 68 41 13 48 53 22 23 58 31 63 0
3 36 37 6 68 79 15 17 56 27 60 63 0
66 67 39 43 44 15 48 18 24 27 28 30 0
34 36 39 72 77 14 13 21 55 27 28 62 0
66 67 40 74 45 15 49 18 20 23 60 29 0
32 64 4 38 74 77 47 16 49 50 52 55 0
33 35 68 10 76 48 18 55 57 26 59 28 0
64 65 34 3 67 69 41 74 46 16 49 18 0
32 68 39 73 79 18 19 20 53 56 28 62 0
33 2 68 74 75 78 16 52 20 22 60 29 0
5 7 71 39 10 12 14 79 50 56 27 29 0
34 38 39 74 12 77 60 46 19 22 25 28 0
64 28 6 0
40 25 57 0
34 27 20 0
35 77 79 26 27 0
34 67 79 28 29 0
32 28 79 47 0
78 13 38 0
3 37 41 74 76 45 0
18 7 0
64 0
37 44 14 80 56 0
72 42 11 20 0
72 41 75 21 0
64 2 66 36 38 26 0
24 76 63 0
34 67 5 6 77 0
25 50 51 0
45 46 27 28 63 0
35 10 12 46 16 52 58 63 0
66 4 37 7 43 79 0
33 52 77 54 0
65 35 7 13 49 57 27 0
40 21 38 0
35 53 0
56 44 54 23 0
7 74 18 52 55 0
66 79 29 56 61 0
64 49 0
34 3 63 0
39 71 45 50 24 56 0
27 14 0
0
64 35 77 79 50 54 61 0
66 35 13 78 15 18 51 53 27 0
66 35 75 44 56 26 59 62 0
59 4 78 0
8 0
40 17 54 79 0
61 0
79 0
32 28 37 23 0
32 2 76 71 0
57 20 29 39 0
65 71 10 77 18 51 28 0
5 45 49 52 53 25 26 30 63 0
38 74 14 63 0
56 51 75 43 0
26 66 78 0
64 37 70 44 20 31 0
25 66 62 0
4 7 0
2 37 11 76 47 51 52 0
33 34 35 6 49 0
54 28 77 52 0
57 36 0
32 59 52 38 0
42 75 7 0
66 4 41 42 75 52 63 0
78 26 14 0
56 26 69 55 0
33 27 0
56 25 26 59 0
32 18 46 0
40 17 35 54 0
28 29 54 0
53 0
39 74 12 17 52 31 0
35 52 69 0
0
4 75 45 47 17 49 52 21 0
74 25 26 59 63 0
61 78 47 0
18 59 4 47 0
67 3 11 78 53 29 0
66 3 67 38 74 13 48 27 0
56 51 29 0
66 59 0
64 34 4 12 16 59 29 0
10 3 0
39 78 15 18 25 28 0
34 76 47 0
25 18 12 0
34 3 66 39 49 18 51 0
38 9 74 14 16 18 55 0
58 66 37 0
18 28 0
35 78 48 18 25 58 0
73 13 0
34 66 10 50 51 59 0
32 67 38 74 50 21 0
54 38 0
32 64 34 66 38 70 71 73 10 12 79 0
34 74 75 44 16 52 26 0
7 0
73 66 27 0
17 76 15 0
75 27 21 62 0
35 19 70 7 0
59 10 50 54 27 28 0
65 37 45 49 25 0
66 12 6 55 0
35 39 8 9 71 12 54 61 0
57 11 20 0
64 65 34 21 26 0
21 52 13 47 0
67 75 50 57 58 59 0
13 0
33 27 69 0
32 34 12 77 78 18 25 26 0
39 41 14 17 52 59 0
2 38 6 71 78 79 20 0
32 29 13 31 0
17 34 71 63 0
34 13 14 17 29 0
9 14 63 0
36 7 8 71 75 24 63 0
65 76 78 52 63 0
50 3 12 14 0
65 4 69 6 39 12 15 49 28 0
66 3 41 16 20 54 56 0
12 16 49 24 57 63 0
78 16 23 55 56 62 0
53 3 37 6 0
78 5 54 0
56 78 71 0
35 71 45 16 21 25 0
78 0
34 36 39 55 24 0
79 71 31 0
32 33 71 57 0
65 80 17 53 57 0
65 68 12 77 18 0
2 71 76 77 61 30 0
0
25 60 13 78 0
9 3 71 0
17 20 0
10 35 12 77 0
33 35 67 10 61 52 54 57 29 0
64 49 74 0
65 2 54 0
49 34 44 0
32 40 12 77 54 0
4 37 0
39 7 12 44 79 28 61 0
50 28 29 7 0
56 73 59 4 0
33 66 10 51 59 62 0
32 25 77 33 0
70 0
75 77 13 53 25 0
34 37 74 19 21 0
16 65 77 61 0
32 67 3 69 0
57 0
2 3 4 74 80 31 0
0
74 62 47 0
65 34 69 7 8 71 74 17 56 0
78 10 66 54 0
64 38 10 74 12 79 29 0
3 7 77 51 63 0
25 29 13 0
7 71 44 45 17 52 61 0
61 68 53 14 0
69 8 11 16 57 0
56 17 52 33 0
49 2 0
33 67 10 14 78 18 55 59 0
1 3 4 0
35 67 69 72 75 44 20 54 27 0
67 7 45 16 18 28 0
56 1 75 67 0
40 59 18 51 54 57 27 0
32 34 4 71 9 75 12 0
69 0
32 33 38 42 13 79 63 0
15 0
51 35 69 13 0
51 78 7 0
33 66 37 8 41 77 29 0
18 27 61 0
24 33 66 13 0
35 37 14 26 29 0
65 4 63 0
78 0
57 26 30 39 0
66 68 10 75 77 18 50 54 57 0
34 3 71 20 24 59 60 0
7 14 48 21 54 31 0
56 25 11 62 0
5 14 53 56 57 29 0
8 2 74 0
64 6 74 15 50 57 27 0
24 77 53 78 0
38 14 47 18 50 52 59 29 0
61 76 37 0
1 67 71 18 52 54 0
34 7 39 10 74 13 14 79 17 25 0
32 77 16 20 28 0
33 20 53 79 0
56 12 77 0
66 75 20 21 61 0
27 3 69 21 0
74 75 48 18 59 29 63 0
32 10 47 50 20 0
61 29 0
29 42 34 13 0
41 35 14 0
18 66 0
25 2 61 0
64 65 37 8 74 79 17 26 61 0
3 12 47 20 55 27 61 0
49 26 0
53 0
35 38 71 78 16 0
65 3 71 16 49 55 0
3 54 0
65 44 18 51 50 61 0
2 42 74 44 49 59 0
39 71 77 47 29 25 61 0
39 10 74 44 75 76 52 59 0
35 0
32 13 80 23 27 0
6 7 10 51 28 0
4 0
65 10 74 79 51 55 0
10 12 0
64 38 77 16 49 18 61 0
1 2 38 71 10 56 58 59 0
74 29 0
48 25 56 37 0
64 49 57 0
65 2 35 37 38 10 75 47 79 19 52 31 0
65 41 44 0
3 75 12 14 15 0
32 43 47 0
35 37 69 11 14 16 18 53 57 58 0
35 11 18 52 26 0
33 61 71 49 0
0
37 78 49 25 59 0
51 28 5 0
33 71 75 13 18 19 0
48 56 51 0
64 66 76 77 49 54 0
33 41 10 44 17 21 53 27 0
24 49 28 61 0
49 76 0
2 7 77 54 56 27 0
49 34 53 21 0
3 12 13 78 17 53 26 61 62 0
64 3 21 54 26 0
65 35 68 6 20 0
32 56 23 0
32 38 10 11 53 25 57 0
48 43 27 29 0
51 0
27 41 3 0
7 16 51 56 25 28 0
66 3 7 21 55 0
65 34 5 75 78 79 0
3 37 77 47 53 0
57 21 47 0
73 10 45 77 54 62 0
65 10 46 78 26 0
71 75 76 54 22 0
37 50 54 56 61 0
24 59 79 0
48 64 78 63 0
8 74 37 0
24 18 35 0
16 73 34 14 0
32 25 66 12 0
67 47 15 50 20 28 0
11 76 14 16 53 25 28 61 0
57 13 22 0
13 0
64 2 8 79 59 0
67 37 79 0
2 74 42 15 29 0
13 50 51 54 25 28 0
50 35 69 0
49 10 71 0
24 32 6 55 0
66 79 18 56 59 0
56 74 61 29 0
2 78 21 23 28 0
74 0
66 3 8 12 56 59 61 0
4 73 12 14 20 21 0
2 37 38 40 57 26 27 29 0
2 35 21 56 26 0
64 14 16 17 55 61 0
38 7 11 79 49 0
39 0
69 73 75 23 59 61 0
77 69 63 0
75 28 78 71 0
12 21 6 0
2 3 4 2 2 3 4 2 2 2 2 3 3 3 4 4 3 3 4 3 2 3 3 4 3 4 4 2 3 4 4 3 3 2 4 2 4 2 3 3 2 4 3 2 3 2 2 2 2 4 3 3 4 2 4 2 3 2 3 3 3 4 4 2 3 3 2 3 3 2 2 2 3 3 3 4 3 3 2 3
