120 80 32
4 5 6 7 8 18 19 21 23 24 29 30 0
32 3 7 8 9 11 14 19 23 29 30 31 0
2 4 9 12 15 16 18 20 22 26 28 31 0
2 11 12 14 15 17 21 22 23 24 27 29 0
32 2 5 10 13 15 20 21 22 25 27 31 0
32 2 3 7 10 12 14 15 18 20 23 26 0
3 4 10 11 13 14 19 21 22 25 26 30 0
2 3 6 9 10 14 16 21 24 27 28 29 0
6 9 10 12 13 14 16 19 21 24 26 31 0
2 3 15 17 19 20 21 22 25 26 27 30 0
4 9 14 19 20 22 23 24 27 28 30 31 0
2 5 6 8 9 13 19 21 24 28 30 31 0
2 3 5 15 16 18 19 20 23 27 29 31 0
32 4 7 8 12 14 16 18 19 21 27 28 0
2 4 5 7 8 9 12 13 17 23 24 29 0
32 6 7 9 17 20 21 25 28 29 30 31 0
5 6 13 15 17 20 21 26 27 29 30 31 0
2 4 5 7 8 9 10 11 19 20 22 26 0
2 9 14 16 19 20 23 24 25 27 29 31 0
4 6 7 8 12 13 14 16 19 24 28 29 0
32 9 10 14 18 19 20 22 23 26 30 31 0
4 6 7 10 13 14 15 17 19 23 26 31 0
32 5 6 11 14 15 16 21 22 23 26 29 0
3 4 5 12 18 20 22 23 26 29 30 31 0
4 7 11 13 15 18 19 20 25 26 27 29 0
2 4 5 6 9 17 18 22 23 24 27 28 0
8 9 15 18 19 21 23 25 27 28 29 31 0
32 4 5 7 11 16 18 23 26 27 28 30 0
32 10 11 12 14 16 18 20 21 23 27 30 0
3 7 8 12 14 17 18 22 24 26 27 31 0
32 3 5 10 14 17 18 19 22 25 27 30 0
5 7 10 11 14 18 20 21 24 26 28 30 0
32 2 4 8 9 10 16 21 22 25 26 27 0
32 2 4 5 8 9 10 12 25 27 28 31 0
8 9 11 13 14 17 19 22 23 25 28 30 0
32 8 9 17 18 20 21 23 26 27 28 29 0
2 8 9 13 14 15 16 17 20 23 25 31 0
2 3 4 6 15 18 19 24 25 27 28 31 0
32 2 5 6 7 9 12 13 24 27 30 31 0
3 6 7 9 10 18 19 21 22 25 28 31 0
3 6 7 8 12 13 14 17 21 22 26 29 0
12 13 15 17 18 20 21 22 23 24 26 28 0
3 4 5 10 18 19 21 23 27 29 30 31 0
32 4 5 8 9 20 21 22 23 24 26 27 0
32 4 5 7 8 10 14 15 16 24 27 30 0
32 2 4 6 9 12 13 18 20 23 28 29 0
32 6 7 8 10 14 17 18 20 21 28 31 0
32 3 9 10 13 17 18 22 23 24 25 30 0
2 3 5 9 12 14 15 17 19 21 22 23 0
2 9 10 11 15 16 17 22 23 26 29 31 0
2 5 6 9 11 13 15 19 21 22 27 28 0
2 4 5 6 10 15 16 19 23 24 26 28 0
2 4 8 14 15 16 18 20 22 27 29 31 0
32 4 7 11 14 18 19 21 23 27 28 29 0
32 3 8 9 10 11 12 15 16 20 26 29 0
2 4 9 13 15 16 18 20 21 28 30 31 0
4 5 6 7 10 12 15 17 23 28 30 31 0
3 6 8 13 15 17 19 21 23 28 30 31 0
3 4 7 9 10 13 16 22 26 27 28 29 0
2 3 5 6 7 10 13 16 17 23 24 29 0
32 4 8 16 20 22 23 26 27 28 29 31 0
7 11 12 14 17 20 24 25 28 29 30 31 0
4 12 14 15 17 19 20 21 24 25 28 30 0
5 6 10 12 13 18 20 21 25 26 27 31 0
32 3 4 9 11 16 17 19 22 25 28 29 0
2 6 9 10 11 12 15 18 28 29 30 31 0
2 5 6 8 10 11 15 20 21 23 27 31 0
2 3 4 8 9 13 21 22 25 27 30 31 0
32 2 5 7 8 9 11 13 17 20 23 30 0
32 7 9 10 16 18 22 24 27 28 29 31 0
3 4 5 7 9 10 12 19 20 21 25 28 0
32 2 5 7 9 15 18 21 25 27 30 31 0
5 6 7 10 12 13 16 17 22 24 25 26 0
5 8 13 18 20 21 23 24 25 26 30 31 0
2 4 11 13 14 17 18 21 22 25 29 30 0
2 3 4 7 8 10 13 15 18 25 27 30 0
32 4 9 11 13 15 17 19 24 25 28 30 0
7 12 14 16 18 21 22 23 25 26 28 31 0
2 4 10 14 15 19 20 23 25 26 28 29 0
2 3 8 9 10 12 14 16 23 25 26 30 0
24 17 0
18 2 3 5 0
25 19 6 0
24 0
0
18 19 0
29 21 0
17 0
9 27 0
16 28 0
15 17 18 20 28 0
0
24 26 0
2 3 8 15 27 0
2 27 13 0
8 29 0
0
8 32 30 0
23 0
8 6 30 0
8 11 18 25 27 28 0
9 2 0
2 15 0
32 17 0
18 4 0
0
6 0
24 0
16 9 29 23 0
29 13 0
2 4 0
22 0
8 28 13 0
20 31 14 15 0
26 19 29 15 0
0
13 19 5 14 0
24 6 0
2 14 0
31 0
0
17 2 4 30 0
22 0
0
12 0
32 1 22 25 26 0
16 0
16 18 0
30 0
32 13 30 0
26 0
1 18 0
0
0
17 0
24 7 0
32 20 28 31 0
1 9 13 16 19 23 27 0
0
1 26 0
1 18 19 0
6 0
9 29 15 0
0
28 13 0
16 5 31 0
14 0
8 27 0
8 18 30 0
17 28 21 0
25 28 0
0
0
8 10 0
0
19 6 15 0
25 0
8 31 0
24 25 28 14 0
27 6 0
11 12 0
1 2 26 0
25 28 0
30 0
0
25 3 0
0
0
21 0
29 0
0
4 0
16 7 0
26 19 0
15 0
32 6 13 19 27 0
0
16 6 0
24 1 26 0
0
32 0
0
24 6 0
16 1 6 0
1 2 27 20 0
13 0
25 0
24 27 0
18 30 7 0
15 0
0
10 28 14 0
0
19 30 15 0
4 7 0
16 2 3 0
0
0
24 0
2 6 14 0
4 4 4 4 3 3 3 4 3 4 4 2 2 2 4 4 4 3 3 2 2 4 2 3 3 3 3 4 2 4 2 3
