450 300 120
64 98 3 38 39 104 73 79 49 20 120 26 0
89 99 3 74 77 15 48 49 85 86 57 60 0
66 35 99 37 70 45 46 16 49 82 21 31 0
32 96 102 40 73 104 43 82 115 118 87 58 0
100 8 107 46 14 16 19 20 53 117 88 91 0
65 66 101 39 40 14 47 46 19 85 23 120 0
32 66 98 46 16 113 50 84 94 90 95 31 0
33 67 102 103 104 7 78 14 46 52 53 56 0
65 66 38 12 76 14 111 46 113 48 16 63 0
68 69 71 39 74 11 111 80 49 48 19 119 0
34 106 42 46 49 82 51 117 56 91 28 29 0
97 34 67 35 70 110 111 46 51 117 56 61 0
2 36 38 9 10 107 46 51 83 23 24 27 0
75 44 77 110 76 80 85 22 23 55 91 30 0
7 9 115 19 53 21 84 52 119 20 83 95 0
33 2 39 106 43 46 47 111 16 116 20 30 0
96 34 36 6 10 44 13 14 48 17 84 26 0
4 37 75 110 14 16 46 50 51 19 116 92 0
98 2 103 104 75 11 109 110 15 77 114 26 0
65 73 107 43 45 77 16 114 85 118 25 30 0
35 67 101 14 80 49 17 19 83 86 91 31 0
32 69 38 9 42 75 12 106 114 52 20 84 0
70 39 72 103 11 108 109 12 47 113 19 25 0
35 99 73 74 108 15 18 53 88 60 29 30 0
65 100 104 8 10 45 111 47 51 118 25 61 0
32 2 99 98 101 6 100 35 107 12 118 91 0
2 99 6 109 46 111 80 113 16 84 27 94 0
102 106 46 79 18 83 20 52 117 54 23 58 0
65 34 3 36 37 39 106 78 111 83 53 22 0
32 96 99 39 73 106 75 109 79 20 24 60 0
34 6 103 39 81 115 84 85 54 24 90 91 0
34 99 4 103 9 76 44 14 110 16 49 29 0
33 34 98 71 104 10 49 19 84 54 26 92 0
64 34 69 38 71 50 114 55 86 87 28 95 0
64 97 98 99 7 43 13 14 79 49 87 31 0
2 69 6 9 42 43 15 48 82 50 62 63 0
66 99 100 37 90 68 76 14 111 55 58 94 0
98 3 67 75 107 109 117 22 24 89 91 62 0
65 100 10 11 109 78 16 115 52 88 25 95 0
7 39 105 74 106 14 80 116 56 25 92 31 0
35 6 73 45 47 49 17 18 118 86 26 29 0
68 70 39 40 75 28 113 85 86 87 24 92 0
34 35 4 38 9 10 12 19 20 21 117 23 0
65 98 103 10 110 79 15 49 18 113 54 120 0
65 100 5 38 102 70 73 36 109 79 20 25 0
64 36 39 105 11 13 110 79 45 18 52 29 0
97 98 99 6 71 45 13 15 112 85 27 31 0
66 56 36 69 6 107 75 79 16 84 24 26 0
96 65 68 38 39 43 109 79 48 118 23 25 0
96 98 99 70 73 107 78 20 26 29 30 31 0
71 10 108 16 113 18 53 86 88 60 61 62 0
68 102 59 10 43 45 113 87 89 91 29 94 0
96 99 4 74 76 45 110 52 21 53 24 88 0
65 66 8 28 78 15 116 53 24 25 26 60 0
96 33 32 6 104 46 92 48 81 28 94 63 0
3 67 101 8 81 18 117 119 88 57 92 63 0
33 99 71 43 13 15 111 83 118 119 28 29 0
68 36 103 106 11 108 16 52 117 56 90 59 0
36 101 70 103 76 12 13 79 81 115 27 60 0
3 40 41 11 46 79 50 116 117 89 91 31 0
33 98 69 38 40 91 81 88 26 27 29 62 0
64 69 39 72 40 110 15 112 79 118 92 62 0
32 2 41 12 49 83 119 85 55 27 29 62 0
64 32 101 40 79 54 22 56 57 26 91 93 0
96 100 103 106 43 44 16 56 57 58 29 95 0
98 34 100 4 70 103 72 78 53 88 25 60 0
66 98 102 75 46 50 18 54 87 88 93 31 0
4 7 104 42 48 117 54 27 92 61 62 31 0
32 97 37 106 108 79 18 53 21 55 25 60 0
66 35 38 7 40 10 111 50 22 90 60 95 0
32 66 2 5 44 13 53 118 89 90 29 57 0
8 41 78 92 17 114 82 116 26 60 63 95 0
97 100 46 111 16 17 80 117 55 92 61 95 0
96 65 72 73 77 21 56 57 90 59 62 63 0
96 3 68 101 102 35 39 120 17 56 89 28 0
64 97 4 105 106 45 80 112 18 114 52 29 0
96 35 4 67 45 111 16 113 18 54 90 93 0
32 103 71 104 74 108 12 78 79 113 82 56 0
38 39 72 75 45 15 80 82 84 87 120 90 0
96 99 4 70 78 47 81 50 115 91 61 30 0
96 34 35 99 37 6 39 47 21 90 31 63 0
65 68 37 7 72 13 110 50 115 119 24 120 0
35 68 14 48 112 18 115 51 53 23 92 62 0
97 4 104 9 42 43 44 108 81 83 120 24 0
65 66 39 74 60 80 48 49 50 55 58 92 0
98 99 100 69 66 39 75 79 80 113 90 28 0
97 5 6 39 14 48 113 55 24 89 58 63 0
67 102 7 40 105 46 78 50 83 25 91 94 0
32 66 100 40 59 9 107 43 109 46 25 91 0
32 100 5 37 40 75 18 54 55 91 92 95 0
97 100 70 39 105 10 46 48 21 118 90 28 0
58 100 6 39 104 72 38 110 15 116 25 90 0
35 36 101 44 45 80 113 114 84 119 24 89 0
32 66 68 41 79 49 19 52 21 83 92 63 0
64 97 11 49 84 117 85 54 56 89 26 63 0
4 37 70 6 42 107 116 52 86 58 94 31 0
96 65 4 100 71 42 109 13 115 117 86 95 0
70 71 105 41 11 18 55 85 119 86 26 61 0
34 7 76 77 78 80 20 21 54 22 93 62 0
36 71 106 75 47 111 17 113 16 116 54 120 0
96 2 68 37 38 7 104 9 75 76 109 28 0
64 2 67 101 69 10 11 13 48 55 90 61 0
65 66 99 69 102 39 105 42 50 83 53 59 0
33 2 102 103 44 14 16 49 21 88 25 29 0
66 6 7 8 105 12 112 81 114 53 24 58 0
96 64 97 100 6 76 46 79 52 21 54 92 0
2 68 41 106 10 77 14 51 93 54 92 29 0
101 103 75 14 48 115 85 54 120 26 93 94 0
2 98 35 36 3 103 108 111 48 115 25 26 0
100 6 74 43 44 80 112 51 116 115 83 89 0
90 38 39 44 80 81 83 84 85 26 30 63 0
33 69 10 11 76 109 14 47 87 120 26 92 0
35 100 105 10 76 81 17 113 83 87 24 95 0
67 75 15 80 113 116 54 119 120 90 92 93 0
36 5 6 4 8 105 81 54 89 90 61 62 0
98 5 103 78 111 46 53 22 87 57 59 28 0
66 69 39 41 43 92 16 112 50 25 27 28 0
97 2 3 35 41 106 48 113 84 31 29 63 0
101 102 75 46 15 17 50 22 57 91 92 63 0
2 35 100 72 74 12 13 112 16 118 25 92 0
104 106 12 45 46 80 17 117 54 23 89 92 0
100 5 6 45 52 84 23 56 57 88 60 95 0
2 4 101 104 74 108 110 114 18 23 60 31 0
2 35 72 9 73 79 51 116 85 22 55 89 0
66 100 10 107 43 79 17 82 49 55 57 91 0
97 66 70 40 42 47 19 20 120 24 95 63 0
98 39 27 107 14 81 56 89 90 88 92 63 0
34 100 5 7 75 13 17 114 23 22 55 57 0
97 66 101 70 104 105 75 16 80 20 117 62 0
96 67 38 70 8 109 14 78 115 55 90 62 0
66 70 7 9 106 75 110 47 116 27 60 63 0
33 97 3 68 5 36 111 81 62 92 30 31 0
96 98 12 79 111 16 85 22 23 87 118 58 0
32 41 44 14 80 53 86 119 54 25 90 91 0
96 4 36 100 101 41 106 42 44 114 62 94 0
65 97 3 33 100 102 41 76 109 46 79 52 0
68 108 50 18 116 53 52 118 56 26 59 93 0
64 97 66 71 45 14 47 116 117 85 55 28 0
96 99 68 5 47 29 84 85 23 88 26 93 0
2 99 36 103 108 45 77 44 15 114 54 88 0
96 64 2 37 39 107 48 84 58 59 61 94 0
96 2 68 5 104 42 20 56 94 91 92 62 0
109 14 111 80 79 18 82 85 22 119 93 62 0
2 36 69 6 44 45 48 17 49 53 86 63 0
100 103 41 11 13 49 113 17 117 23 58 59 0
64 33 98 5 7 73 42 107 108 81 55 56 0
67 101 69 71 105 47 81 50 51 116 22 56 0
68 37 71 74 43 77 52 84 54 21 57 58 0
99 36 4 6 11 83 20 54 87 86 28 93 0
65 2 67 68 70 39 40 42 115 53 92 63 0
96 64 2 66 36 3 103 44 15 115 117 92 0
98 35 103 11 80 112 50 83 51 88 25 90 0
67 37 105 10 49 17 51 84 19 87 60 93 0
64 66 100 101 6 39 103 11 44 112 85 56 0
33 68 103 74 107 109 110 118 89 90 93 31 0
103 73 42 108 44 12 78 21 28 93 95 63 0
32 100 101 39 8 9 59 107 20 118 89 27 0
66 99 100 6 106 112 113 114 49 20 88 28 0
64 97 65 98 100 102 112 18 20 56 88 31 0
32 98 35 58 101 41 76 17 86 90 60 62 0
38 41 106 11 76 46 79 114 86 88 57 59 0
65 68 6 9 106 13 92 16 51 20 28 95 0
6 40 107 76 75 109 16 18 117 27 60 94 0
34 102 103 104 6 9 11 109 78 16 25 26 0
64 34 99 35 8 105 73 106 50 88 59 31 0
98 68 102 103 11 13 79 114 22 55 89 61 0
99 100 105 11 107 112 80 84 119 88 60 29 0
26 68 37 38 101 69 17 83 90 61 94 95 0
96 65 4 69 7 105 43 76 15 19 53 119 0
96 66 5 70 7 40 42 76 77 45 17 31 0
36 37 73 107 75 110 111 81 23 89 91 31 0
65 100 101 105 75 114 61 52 118 119 91 29 0
96 4 69 102 74 110 14 18 115 120 91 60 0
2 26 98 5 71 91 25 58 27 28 29 63 0
32 3 101 73 42 17 49 83 87 88 27 92 0
32 2 36 37 42 78 19 22 54 58 29 62 0
96 99 4 102 103 39 45 17 82 23 88 30 0
2 99 37 75 110 111 48 83 20 86 91 31 0
35 68 70 40 42 44 109 79 84 22 88 92 0
99 100 5 101 103 107 13 17 20 24 58 27 0
64 101 38 113 82 85 118 119 24 25 117 59 0
97 69 7 12 28 110 79 114 20 21 92 62 0
27 105 44 14 84 85 20 25 26 59 60 94 0
67 6 43 75 109 84 85 118 24 58 93 63 0
32 2 36 38 71 6 42 76 60 61 94 31 0
2 70 43 12 17 49 115 83 85 23 89 94 0
101 38 7 74 11 12 50 114 21 26 59 30 0
64 34 5 69 39 76 113 83 21 88 57 63 0
6 103 104 13 47 16 113 115 84 119 29 62 0
65 98 36 39 107 44 13 16 113 19 115 87 0
34 66 100 37 7 72 51 118 120 26 30 95 0
35 72 73 106 104 44 47 15 113 59 60 63 0
64 65 34 97 4 73 13 110 78 59 92 94 0
96 3 102 104 105 9 73 48 16 119 62 31 0
69 102 11 109 47 49 115 24 89 58 59 92 0
32 99 69 8 105 111 51 83 118 90 63 31 0
97 106 107 113 114 51 17 50 22 58 93 95 0
64 67 37 105 43 76 11 80 114 21 55 93 0
96 40 105 76 110 15 48 17 16 54 22 61 0
2 104 10 111 80 48 18 114 20 22 29 94 0
33 101 104 11 107 79 52 93 54 21 25 29 0
64 5 37 75 77 13 115 21 119 120 59 93 0
97 34 38 103 105 10 77 78 80 20 85 89 0
96 33 67 35 69 71 109 81 83 21 87 90 0
96 70 6 104 40 10 42 44 109 50 54 56 0
4 70 103 41 107 13 110 111 77 83 119 31 0
2 67 6 7 38 13 112 17 50 114 53 30 0
101 7 105 107 12 77 108 87 26 91 28 62 0
98 70 8 75 76 111 49 114 83 50 87 24 0
64 68 4 72 73 10 75 46 83 25 27 30 0
68 101 102 76 28 78 116 85 119 89 92 30 0
71 72 40 41 44 110 79 113 83 119 120 26 0
6 72 74 16 48 114 80 117 86 90 28 63 0
2 36 41 42 14 79 112 47 18 115 59 61 0
35 68 69 39 42 45 17 83 24 57 92 62 0
97 102 70 104 105 46 18 51 55 58 94 95 0
32 100 69 43 75 13 111 49 119 90 60 31 0
34 9 107 12 111 16 81 83 120 26 27 62 0
98 66 90 38 103 15 80 114 53 120 26 63 0
64 96 66 101 6 103 104 41 77 21 53 91 0
98 35 7 8 40 42 10 109 49 114 25 94 0
97 67 5 104 110 14 17 82 120 92 94 95 0
98 37 6 5 12 48 52 53 55 24 89 31 0
64 97 34 3 71 14 17 18 50 55 26 94 0
65 3 4 5 6 45 54 120 26 59 60 29 0
40 9 105 77 14 46 29 118 23 89 91 61 0
96 101 69 7 40 48 114 19 83 56 60 29 0
66 35 38 103 104 105 7 112 50 118 23 30 0
32 101 38 14 16 82 115 52 61 57 63 31 0
96 2 69 71 107 50 20 53 119 25 58 60 0
64 35 8 75 77 84 21 118 87 23 25 59 0
64 8 104 45 46 109 79 112 56 62 94 95 0
100 5 8 9 76 12 14 17 52 117 87 24 0
33 98 2 99 39 44 13 110 17 88 26 120 0
2 99 36 74 42 75 10 112 50 118 54 88 0
96 99 69 71 75 109 48 84 21 24 25 59 0
36 69 38 104 80 49 16 61 52 53 85 93 0
103 7 8 10 107 110 80 48 49 51 52 62 0
98 6 70 8 9 12 15 51 21 89 28 31 0
96 4 7 71 9 74 106 47 112 20 88 59 0
33 66 35 36 37 6 68 8 41 76 118 27 0
4 7 76 79 50 83 116 53 20 89 25 95 0
97 101 69 40 43 45 13 19 57 28 61 31 0
32 64 67 70 43 15 16 114 23 25 29 30 0
64 98 7 72 105 46 79 17 81 82 22 93 0
96 101 6 106 108 78 118 22 88 59 31 63 0
37 8 42 75 14 15 47 114 19 115 57 91 0
104 105 9 107 111 80 54 55 89 59 94 57 0
96 64 34 42 11 12 112 80 18 114 21 94 0
32 33 2 4 5 38 72 106 76 52 27 95 0
68 69 70 9 10 105 42 46 88 25 59 29 0
35 103 72 41 106 71 77 82 118 88 89 29 0
97 33 3 100 73 106 44 109 78 18 62 63 0
5 71 8 9 108 76 49 55 118 86 24 31 0
64 37 27 44 14 15 113 114 52 59 60 30 0
97 67 4 76 45 108 111 13 51 55 91 60 0
69 5 8 43 111 113 82 115 53 23 120 59 0
32 36 78 14 17 18 51 52 117 22 56 57 0
32 2 101 103 104 73 8 44 15 81 19 120 0
97 67 37 38 90 14 113 17 115 83 26 27 0
66 4 38 71 72 106 109 52 21 20 94 31 0
98 101 7 103 9 46 82 20 116 54 25 26 0
33 67 9 74 106 14 111 16 47 84 53 89 0
96 2 103 104 42 109 79 50 52 57 91 63 0
96 102 7 105 75 76 14 53 54 23 95 63 0
98 99 68 37 71 40 16 55 88 58 59 28 0
13 110 111 48 15 45 109 51 54 86 26 62 0
2 67 71 8 110 46 47 80 19 85 89 90 0
2 100 102 7 103 71 108 15 84 120 61 94 0
96 66 68 37 102 110 82 51 20 21 52 87 0
101 7 11 107 44 77 43 112 115 20 90 28 0
99 102 45 16 17 18 113 116 117 57 29 25 0
2 99 4 36 71 91 114 116 23 26 27 30 0
32 98 34 7 40 73 8 45 83 24 92 29 0
2 38 71 40 107 48 82 117 86 23 92 94 0
33 3 38 40 73 91 75 109 49 22 26 27 0
64 101 104 11 46 113 114 115 52 86 92 31 0
64 98 39 103 13 111 85 23 26 28 63 95 0
66 67 100 105 74 75 45 109 15 115 52 21 0
36 5 68 42 107 108 15 17 19 120 24 58 0
97 5 8 9 92 47 114 53 21 120 89 60 0
65 99 8 14 92 113 17 86 55 54 26 60 0
33 99 39 72 41 40 13 46 115 21 25 27 0
3 26 37 5 100 106 42 80 52 54 56 90 0
32 101 70 42 106 46 16 17 82 23 55 24 0
2 35 4 5 37 40 75 46 85 55 88 93 0
97 69 73 9 107 111 47 21 54 55 91 95 0
65 70 72 10 44 77 83 86 24 28 29 94 0
4 37 38 103 71 43 112 82 54 27 93 94 0
99 70 106 44 48 18 116 85 23 87 118 91 0
36 102 71 104 78 112 16 52 58 27 28 93 0
68 41 78 16 80 49 51 20 19 22 25 95 0
98 70 6 40 9 102 75 110 49 20 116 27 0
33 34 6 70 103 102 16 50 115 82 25 91 0
96 65 66 71 46 79 113 29 54 57 91 93 0
65 66 72 73 107 116 117 54 89 27 28 63 0
103 9 12 45 46 111 76 15 52 86 23 29 0
32 97 67 5 102 40 75 114 53 22 87 30 0
70 75 109 14 60 16 47 89 58 92 93 31 0
2 67 3 70 104 73 51 116 85 54 21 26 0
113 52 119 88 25 29 95 0
33 98 49 88 89 28 0
4 101 41 12 82 28 94 95 0
32 58 72 59 54 87 26 27 62 0
62 49 4 14 0
18 28 68 0
67 7 73 15 115 30 62 0
96 37 70 106 107 0
82 54 15 0
6 103 105 108 78 81 117 27 28 61 0
96 100 102 7 8 105 74 48 17 57 0
12 23 24 26 62 95 0
33 34 4 73 115 0
9 78 119 59 60 0
74 85 54 0
34 98 103 14 81 52 23 24 0
100 10 74 108 61 0
102 74 75 46 17 81 54 62 0
72 11 20 57 26 61 0
17 18 63 0
48 65 59 45 0
34 67 101 70 103 60 0
72 10 114 0
3 104 88 26 93 0
102 71 72 59 61 94 0
81 25 75 0
64 65 104 73 76 111 52 87 56 26 0
67 106 113 23 26 95 0
103 109 51 89 61 0
99 5 6 8 77 52 0
65 68 92 81 115 116 25 59 28 0
36 12 49 50 51 118 0
38 105 74 51 54 0
97 4 73 109 111 112 82 83 63 0
96 73 108 84 21 60 63 0
98 39 73 15 81 83 89 93 0
1 97 3 17 119 88 94 0
66 4 101 6 7 46 115 84 54 25 28 94 63 0
96 66 52 63 0
70 12 30 60 94 0
1 33 70 15 28 31 0
98 106 110 47 113 118 61 0
32 68 100 72 73 109 119 58 28 62 0
33 99 70 105 89 25 0
8 2 82 98 0
12 92 94 63 0
104 101 78 0
12 70 23 0
3 37 6 7 75 47 55 56 0
98 3 100 70 104 83 87 120 0
97 79 119 88 30 0
78 112 83 54 56 61 0
36 37 69 11 13 78 111 112 52 27 63 0
120 73 87 0
96 106 77 17 54 0
4 105 78 27 28 30 0
67 45 14 83 62 0
33 72 12 84 88 26 0
33 73 78 16 17 81 21 85 0
8 89 54 103 0
3 10 108 119 57 59 0
1 36 72 9 25 0
69 8 73 44 52 54 89 0
100 103 41 106 81 87 95 0
96 103 21 87 89 0
32 38 6 106 11 47 83 115 85 55 120 26 93 94 0
34 101 6 115 52 120 58 0
51 95 0
32 88 116 77 0
2 3 72 49 113 87 56 61 30 95 0
66 35 100 86 55 61 0
3 14 47 21 117 93 94 0
89 6 0
1 4 36 8 105 110 86 119 90 60 30 0
4 70 12 110 47 25 28 29 0
108 78 28 30 0
68 8 78 47 110 117 28 0
1 4 37 71 8 108 21 26 0
38 39 40 102 45 78 88 26 28 0
33 74 83 97 0
107 79 48 114 54 119 0
34 47 23 0
62 0
34 69 101 7 8 83 88 27 62 95 0
6 7 40 75 117 92 0
33 90 102 46 113 22 23 26 0
102 7 105 15 85 90 59 30 0
3 101 10 49 113 116 0
34 100 74 78 17 85 92 61 0
32 1 3 4 105 78 16 26 0
32 96 66 98 102 73 47 48 93 94 0
101 105 47 84 88 25 27 0
72 108 17 82 87 60 0
64 1 96 3 12 108 47 51 117 92 62 0
64 102 78 110 111 113 86 57 0
96 34 7 41 106 46 47 81 113 61 0
38 70 18 19 119 85 87 28 30 0
34 103 73 80 89 26 28 94 0
33 73 105 106 51 56 0
119 21 87 7 0
72 10 111 20 87 61 0
100 8 107 47 15 119 26 62 0
105 34 60 0
16 49 12 94 0
4 38 106 82 52 118 0
4 38 72 117 88 28 0
97 100 4 21 31 0
96 89 27 25 57 0
8 25 0
102 104 119 25 62 0
43 36 47 0
32 103 77 87 57 91 31 0
37 103 43 12 84 0
108 76 31 0
73 105 84 24 90 59 0
101 70 7 104 117 28 30 0
98 41 87 89 60 95 0
32 71 73 112 55 0
36 12 76 23 119 0
3 99 104 51 24 25 31 0
34 67 3 8 111 86 118 88 90 61 0
104 25 44 87 0
89 111 86 88 25 95 0
33 68 46 16 84 25 29 0
71 105 77 113 84 117 88 25 31 0
89 11 28 0
74 78 51 119 117 55 0
68 71 72 47 52 118 63 0
47 0
64 33 96 105 44 84 61 0
67 3 21 86 118 61 0
78 4 62 39 0
67 113 50 54 28 0
105 82 0
98 90 74 81 49 18 58 0
34 103 79 0
9 73 11 106 111 84 54 86 56 0
96 36 69 72 74 112 0
96 100 38 102 104 105 106 46 81 84 59 28 0
32 4 37 70 15 81 120 58 0
6 77 26 61 31 0
33 41 73 119 57 59 60 0
98 5 103 12 86 61 0
83 70 0
38 104 105 75 111 18 114 95 0
1 33 49 53 54 90 91 63 0
33 3 68 100 6 7 77 50 61 0
8 72 16 88 95 0
4 72 73 105 47 81 82 113 52 114 116 0
8 74 47 113 86 23 56 0
99 68 110 48 53 120 58 27 94 0
49 0
67 36 8 42 111 87 0
3 6 40 105 78 15 84 89 59 0
98 101 70 7 103 49 114 55 88 25 93 0
34 102 104 106 75 77 109 0
71 73 74 75 15 111 92 0
98 99 69 7 72 108 45 46 84 21 88 26 0
65 37 69 12 17 52 88 0
6 15 30 25 62 0
4 68 10 81 21 88 93 62 0
103 44 111 81 17 83 52 89 59 0
101 106 113 52 120 25 59 95 0
33 34 4 101 110 79 86 28 0
56 89 103 0
90 38 110 15 16 25 26 59 61 0
96 69 37 38 10 75 54 0
33 66 98 36 37 59 44 113 115 86 27 0
33 34 6 111 0
81 91 63 0
3 4 38 73 23 60 0
17 7 0
99 103 75 108 22 120 89 91 0
32 96 3 4 36 38 71 102 92 28 95 0
33 77 51 115 25 59 0
98 67 42 74 108 15 86 31 0
67 38 6 75 49 22 91 28 62 0
65 6 72 88 26 27 28 61 0
32 98 7 8 42 74 77 86 27 28 0
28 38 31 0
33 97 70 102 9 94 26 30 0
104 9 54 87 88 30 0
67 69 14 59 61 0
102 72 105 81 61 0
104 44 81 113 27 0
65 67 15 81 51 94 63 0
64 14 0
67 74 113 51 115 23 24 25 88 0
61 0
3 39 88 12 84 21 56 89 26 27 0
71 8 7 78 79 113 115 26 0
32 70 103 105 11 14 51 52 85 57 59 0
5 71 109 78 49 88 92 0
3 11 44 108 81 54 119 0
68 37 69 7 75 45 109 17 50 21 55 0
69 73 107 19 115 54 87 0
32 108 78 60 62 0
1 2 68 101 6 73 74 75 109 16 85 30 0
103 74 17 18 113 55 26 0
34 4 73 10 105 110 17 117 0
65 68 101 6 44 114 30 0
66 69 6 101 106 77 15 0
7 8 105 81 20 26 59 28 0
42 15 80 56 26 62 0
96 25 78 41 0
98 38 6 75 77 49 57 0
75 119 102 47 0
49 59 94 103 0
66 7 110 51 30 95 0
34 98 104 10 14 112 19 95 0
106 12 79 82 85 0
97 35 100 15 17 118 24 88 28 61 0
99 108 78 51 85 87 63 0
101 102 39 105 26 29 62 31 0
32 105 11 79 0
66 3 70 8 107 108 46 0
8 40 108 60 30 0
2 67 70 105 92 0
64 67 69 108 49 115 91 63 0
115 10 91 55 0
32 64 102 8 41 111 113 51 119 0
65 17 74 69 0
1 4 11 113 84 86 119 30 0
4 5 36 101 72 106 79 21 57 28 31 0
2 67 38 74 54 0
1 18 38 119 0
34 69 14 78 17 49 84 0
1 2 98 69 72 78 114 86 94 0
37 38 103 71 113 95 0
67 100 71 73 115 24 89 0
1 39 49 81 113 84 56 59 0
96 66 68 69 42 77 93 0
98 91 77 0
71 104 107 47 81 88 0
32 65 66 3 36 96 106 45 49 52 59 28 95 0
89 102 74 106 115 55 88 57 0
113 61 63 0
32 72 70 111 0
68 90 104 49 118 26 0
2 47 16 50 92 29 62 0
1 41 105 120 49 51 88 92 0
68 103 78 111 25 0
4 101 75 78 113 89 0
10 27 119 0
68 70 0
4 60 95 0
34 17 54 119 57 0
33 2 36 100 77 47 84 55 0
67 3 4 69 73 74 11 81 27 0
6 17 85 58 95 0
100 101 105 81 51 0
64 96 3 75 23 58 28 63 0
96 44 54 111 0
96 2 34 8 73 72 105 107 113 0
65 100 106 49 52 23 94 27 61 30 0
32 4 103 17 24 0
96 65 36 11 15 49 26 0
33 69 7 110 17 82 89 0
71 55 56 25 58 59 0
98 37 72 77 78 109 21 22 23 25 27 62 0
48 84 104 94 0
33 2 67 101 103 72 104 113 87 62 31 0
36 14 47 78 51 84 54 25 59 0
96 67 6 115 91 0
72 67 78 0
36 103 8 12 83 0
54 0
33 73 48 112 54 119 0
41 44 14 47 117 0
8 58 55 47 0
33 4 70 41 78 55 91 30 0
33 67 68 7 72 109 119 55 88 0
26 115 54 7 0
33 66 7 74 106 111 58 60 61 95 0
106 16 119 26 61 0
96 37 72 75 77 47 0
8 11 62 103 0
6 39 42 106 78 110 54 87 25 92 0
34 103 10 49 117 27 0
65 4 105 109 110 57 30 63 0
65 10 51 95 0
64 33 3 100 6 17 88 0
7 17 81 82 87 55 58 27 61 0
67 70 12 55 25 0
96 34 39 103 78 49 51 88 95 0
38 74 13 78 47 15 86 23 0
34 39 9 43 82 83 118 24 59 29 31 0
32 98 36 70 113 115 88 62 0
4 70 102 72 14 90 0
33 65 4 45 77 81 55 120 27 63 0
103 40 12 14 17 120 25 58 61 0
73 66 46 111 0
64 34 67 37 38 10 78 54 63 0
91 66 67 78 0
96 101 43 109 14 49 114 60 0
96 105 42 84 89 91 0
69 8 91 77 59 62 0
32 34 98 36 68 75 51 52 54 25 0
97 100 7 72 9 73 113 84 21 85 59 0
100 40 14 16 83 118 62 27 30 95 0
107 108 118 61 31 0
1 5 41 113 117 119 0
67 101 6 103 105 74 77 15 49 0
78 111 15 87 61 0
69 16 82 19 84 86 26 0
69 105 15 113 83 27 28 0
33 16 48 82 27 95 0
95 0
66 101 103 82 116 86 26 60 0
57 74 36 7 0
67 72 78 17 51 53 22 30 0
66 67 38 106 49 54 90 0
65 6 107 115 56 95 0
96 34 70 104 106 77 45 15 120 0
3 68 71 73 10 11 12 74 0
33 67 6 104 105 74 47 113 90 93 0
36 37 6 26 63 0
89 49 0
33 36 104 74 109 0
72 81 103 0
4 103 74 78 91 0
40 105 75 43 54 61 95 0
4 11 14 111 85 86 0
96 4 70 75 90 61 0
32 96 101 102 103 73 15 0
8 75 107 78 51 21 28 93 94 0
33 54 23 88 27 0
96 74 81 19 55 26 61 0
32 108 6 22 0
65 3 101 102 106 113 59 0
65 101 7 113 83 19 54 94 95 0
32 65 54 24 61 0
106 51 52 7 0
33 99 73 106 81 86 59 95 0
54 101 14 47 0
100 14 112 17 86 57 95 0
70 63 0
100 70 40 104 105 106 109 17 52 88 89 95 0
100 70 7 106 51 87 23 89 59 60 0
3 8 73 107 17 114 25 0
64 108 78 81 52 88 0
32 67 45 113 56 93 0
2 68 70 49 19 28 63 0
73 74 75 47 49 21 55 93 0
68 6 102 42 75 109 14 26 63 0
1 69 102 104 41 82 87 89 28 0
34 35 69 17 21 54 86 120 28 62 0
105 27 110 113 0
98 67 36 101 49 24 0
67 38 104 74 18 87 55 24 26 0
97 10 106 108 85 90 0
42 115 0
40 105 104 106 46 110 59 0
66 36 102 12 77 21 0
116 71 0
101 69 103 10 14 120 26 0
68 47 17 113 85 0
35 4 101 102 7 47 49 119 57 27 0
33 69 15 113 89 59 62 0
65 67 9 12 49 89 0
18 83 60 111 0
107 58 59 103 0
101 6 102 106 15 115 84 86 92 0
73 105 44 92 93 0
96 33 58 100 105 15 119 26 0
111 92 113 86 59 28 0
107 27 117 118 0
89 70 102 8 75 47 18 115 84 118 25 59 0
47 81 23 87 120 89 58 92 0
74 108 76 111 115 89 0
4 103 8 109 78 49 19 83 54 26 27 0
34 67 98 70 44 17 52 54 56 30 0
17 34 109 7 0
36 119 85 86 55 89 0
6 108 15 52 56 61 0
96 65 2 98 4 100 7 71 22 89 90 0
4 101 36 115 26 31 0
66 100 106 45 47 119 0
46 14 16 28 94 0
34 66 68 74 30 0
1 2 9 87 56 88 0
1 33 71 110 118 88 0
3 36 78 48 58 0
32 65 36 74 17 23 0
51 3 4 59 0
4 11 76 45 78 17 0
101 103 42 74 14 59 0
96 67 36 38 82 86 55 61 0
65 67 69 101 8 105 51 85 117 27 0
4 103 72 11 84 56 25 30 95 0
4 17 113 83 51 0
100 103 85 91 93 0
34 101 9 45 14 15 111 82 120 89 59 0
100 38 106 12 111 89 61 63 0
115 107 87 0
65 34 98 9 88 95 0
3 101 6 41 44 47 61 94 0
37 38 102 8 107 63 58 59 61 30 31 0
65 67 45 77 109 60 61 0
65 59 118 119 0
32 96 67 100 71 44 63 0
71 104 80 17 82 83 84 61 0
33 74 108 51 85 87 28 0
98 71 74 45 81 119 87 55 0
88 10 11 85 0
32 3 108 88 92 0
58 3 85 114 0
37 6 103 81 28 0
98 3 36 9 73 106 44 114 21 88 92 31 0
33 98 70 7 106 59 62 0
4 68 74 46 15 17 113 27 0
32 3 11 75 107 85 0
64 1 33 101 88 26 27 0
34 38 44 50 94 0
72 89 0
100 78 14 111 114 28 0
4 13 47 113 84 54 0
102 72 9 14 16 84 21 22 0
117 78 0
66 79 49 22 88 0
1 101 105 27 63 0
98 72 104 11 17 28 0
26 68 95 92 0
65 72 21 90 59 0
34 107 109 17 49 84 28 0
101 47 117 118 88 0
38 106 13 52 84 0
100 4 111 49 117 0
92 54 71 0
8 74 82 71 0
27 118 0
35 72 106 45 55 30 62 0
1 98 38 72 11 44 113 50 24 59 92 0
32 100 84 23 94 0
65 11 78 16 81 84 63 0
97 102 47 58 63 0
65 38 6 7 102 108 51 25 0
37 69 70 41 108 17 49 22 86 57 0
113 91 52 15 0
32 36 49 86 25 0
41 12 14 111 30 95 0
98 94 87 0
96 98 8 106 114 85 57 94 0
32 96 70 40 9 56 0
98 6 7 104 108 113 19 88 58 0
32 93 30 103 0
66 101 103 14 17 118 55 0
37 6 83 20 120 0
6 102 104 73 110 47 79 17 81 82 86 118 89 92 61 0
33 101 102 114 116 55 0
2 2 2 4 4 3 4 4 4 2 3 4 2 3 3 3 2 4 2 3 3 4 4 4 2 4 4 3 4 4 2 2 4 3 2 3 3 3 4 4 3 3 2 4 2 4 2 2 3 2 4 2 2 4 4 3 2 2 4 2 3 2 3 3 2 2 3 2 3 4 3 2 3 2 3 4 4 2 4 2 2 2 2 4 2 4 2 3 2 2 3 3 4 4 4 4 3 4 3 3 3 3 3 3 2 2 4 2 2 2 3 4 3 4 4 3 3 3 3 4
