1158
5 22 1 12
7 22 7 12
8 22 13 12
10 22 19 12
11 22 25 12
12 22 31 12
14 22 37 12
16 22 43 12
17 22 49 12
18 22 55 12
19 22 1 81
23 22 7 81
24 22 13 81
26 22 19 81
28 22 25 81
37 22 31 81
39 22 37 81
40 22 43 81
41 22 49 81
42 22 55 81
4 28 1 40
6 28 4 40
7 37 1 118
8 37 4 118
8 28 7 40
9 28 10 40
10 28 13 40
14 28 16 40
15 28 19 40
18 28 22 40
20 37 7 118
21 37 10 118
21 28 25 40
22 37 13 118
24 37 19 118
25 28 28 40
26 28 31 40
30 28 34 40
32 28 37 40
33 28 40 40
37 37 16 118
38 28 43 40
40 28 49 40
41 37 22 118
42 28 46 40
43 37 25 118
45 28 52 40
48 28 55 40
49 37 28 118
51 28 58 40
52 28 1 91
56 28 4 91
59 37 31 118
60 37 34 118
61 37 37 118
62 37 40 118
64 28 7 91
65 37 43 118
66 28 10 91
67 37 46 118
70 28 13 91
77 37 49 118
79 37 52 118
81 28 16 91
84 37 55 118
85 28 19 91
87 37 58 118
89 37 1 103
89 28 22 91
91 37 4 103
92 28 25 91
95 28 28 91
96 28 31 91
98 28 34 91
99 28 37 91
2 6 1 52
5 6 5 52
7 6 11 52
8 6 17 52
9 6 3 52
10 6 7 52
13 6 9 52
15 6 13 52
17 6 15 52
18 6 19 52
20 6 21 52
26 6 23 52
27 6 25 52
30 6 27 52
31 6 29 52
36 6 31 52
38 6 33 52
42 6 35 52
49 6 37 52
50 6 39 52
51 6 41 52
54 6 43 52
59 6 45 52
61 6 47 52
62 6 49 52
63 6 51 52
66 6 53 52
68 6 55 52
73 6 57 52
85 6 59 52
96 6 1 78
97 6 3 78
1 35 1 121
1 8 7 125
1 20 13 64
2 20 3 64
4 35 7 121
4 12 13 130
5 8 13 125
9 20 19 64
10 35 25 121
10 8 1 125
11 12 1 130
12 35 13 121
12 8 19 125
12 20 7 64
13 35 19 121
13 8 25 125
14 12 7 130
16 12 19 130
17 35 31 121
18 8 31 125
19 35 37 121
19 12 25 130
20 12 31 130
21 35 43 121
23 35 49 121
23 12 37 130
23 20 25 64
25 35 55 121
26 12 43 130
27 8 37 125
28 35 1 44
28 8 43 125
29 12 49 130
31 8 49 125
31 12 55 130
32 8 55 125
32 12 1 11
32 20 31 64
33 8 1 132
33 12 7 11
34 8 7 132
34 20 37 64
35 8 13 132
35 20 43 64
36 12 13 11
37 35 7 44
38 35 13 44
38 8 19 132
39 35 19 44
39 20 49 64
40 35 25 44
41 8 25 132
43 8 31 132
43 20 55 64
44 8 37 132
45 20 1 17
47 8 43 132
47 12 19 11
48 35 31 44
48 8 49 132
49 8 55 132
49 20 7 17
51 35 37 44
51 12 25 11
53 12 31 11
53 20 13 17
54 20 19 17
55 8 1 72
57 35 43 44
58 35 49 44
59 35 55 44
60 35 1 14
60 8 7 72
62 8 13 72
63 8 19 72
64 12 37 11
65 35 7 14
65 12 49 11
66 12 43 11
67 35 13 14
67 20 25 17
68 8 25 72
68 12 57 11
68 20 31 17
69 12 1 128
70 35 19 14
70 20 37 17
71 8 31 72
71 20 43 17
73 35 25 14
73 12 7 128
74 12 13 128
75 35 31 14
76 35 37 14
77 35 43 14
78 35 49 14
78 12 19 128
78 20 55 17
79 20 1 22
80 12 25 128
81 8 37 72
82 8 43 72
83 35 55 14
86 8 49 72
86 12 31 128
88 8 55 72
89 20 49 17
91 12 37 128
94 12 43 128
97 20 7 22
98 20 13 22
99 12 49 128
6 5 1 68
7 9 4 54
8 9 1 54
9 5 5 68
9 9 7 54
10 9 9 54
11 5 7 68
12 5 3 68
16 5 9 68
16 9 11 54
17 9 13 54
22 5 11 68
24 5 17 68
25 9 15 54
28 5 13 68
28 9 17 54
29 5 15 68
32 9 19 54
34 5 19 68
34 9 21 54
39 5 23 68
40 9 23 54
41 9 29 54
42 5 21 68
48 5 25 68
49 5 31 68
49 9 25 54
53 9 27 54
55 9 31 54
56 9 33 54
57 9 35 54
59 5 27 68
59 9 37 54
60 5 29 68
61 9 40 54
67 5 33 68
67 9 43 54
69 5 35 68
71 5 37 68
72 5 39 68
73 5 41 68
74 5 43 68
77 5 47 68
79 5 45 68
80 9 45 54
82 5 49 68
83 5 51 68
83 9 47 54
87 5 53 68
88 9 49 54
89 9 53 54
90 5 55 68
90 9 51 54
92 9 55 54
93 5 57 68
94 5 59 68
94 9 57 54
98 5 1 82
99 9 59 54
100 5 3 82
100 9 5 72
2 29 7 71
15 29 1 71
19 29 13 71
25 29 19 71
29 29 25 71
34 29 31 71
35 29 37 71
36 29 43 71
39 29 55 71
42 29 49 71
44 29 1 95
47 29 7 95
54 29 13 95
55 29 19 95
63 29 25 95
66 29 31 95
73 29 37 95
77 29 55 95
81 29 43 95
82 29 51 95
1 26 19 55
2 26 13 55
3 15 1 23
3 18 4 73
4 15 4 23
4 18 19 73
5 15 7 23
5 26 10 55
6 26 7 55
7 18 13 73
9 18 16 73
11 18 9 73
12 15 25 23
12 26 28 55
14 26 1 55
15 15 10 23
16 15 13 23
18 15 16 23
20 26 4 55
21 18 1 73
22 18 22 73
23 18 31 73
24 15 22 23
24 26 25 55
26 18 25 73
27 15 19 23
32 18 28 73
33 18 34 73
37 26 22 55
38 15 28 23
40 15 31 23
41 18 37 73
43 15 37 23
43 26 16 55
44 26 31 55
46 26 34 55
47 15 34 23
48 26 37 55
50 18 43 73
52 15 40 23
52 26 43 55
53 18 40 73
53 26 46 55
54 15 45 23
55 15 49 23
56 15 52 23
56 26 40 55
57 26 49 55
58 15 55 23
59 18 49 73
60 26 52 55
62 15 58 23
62 18 46 73
62 26 55 55
64 26 58 55
65 15 1 87
66 15 4 87
68 26 1 131
69 18 52 73
70 15 7 87
70 26 55 128
72 15 10 87
72 26 58 128
73 26 4 131
74 15 19 87
74 18 55 73
76 15 13 87
76 26 7 131
80 15 16 87
80 26 10 131
82 15 22 87
82 18 58 73
83 26 13 131
84 26 16 131
86 18 1 38
88 18 4 38
91 15 25 87
91 18 7 38
96 18 10 38
96 26 19 131
97 18 13 38
99 15 28 87
99 18 16 38
100 18 19 38
3 7 7 127
4 34 11 71
5 34 17 71
6 10 10 110
7 10 16 110
8 34 23 71
9 10 1 110
10 7 5 127
11 10 5 110
12 7 1 127
12 10 23 110
13 10 3 110
14 34 5 71
15 7 15 127
15 10 7 110
16 34 29 71
18 7 3 127
19 34 35 71
19 7 9 127
20 7 11 127
21 7 13 127
21 10 19 110
24 34 41 71
24 7 28 127
30 10 13 110
31 34 47 71
31 7 17 127
33 34 53 71
33 7 19 127
34 34 59 71
35 10 21 110
36 10 25 110
40 10 29 110
41 7 31 127
46 34 1 148
50 34 3 148
51 34 5 148
52 34 7 148
52 7 21 127
53 34 9 148
55 34 11 148
55 7 23 127
58 34 13 148
61 10 27 110
66 10 35 110
67 7 35 127
67 10 31 110
68 7 37 127
69 10 33 110
72 7 25 127
73 34 15 148
74 34 17 148
74 10 37 110
75 34 19 148
75 7 39 127
75 10 41 110
76 34 21 148
76 10 43 110
77 7 33 127
77 10 39 110
78 34 23 148
81 7 41 127
81 10 47 110
82 7 47 127
83 34 25 148
85 10 45 110
86 7 43 127
87 10 49 110
88 7 45 127
89 7 55 127
89 10 57 110
90 10 53 110
91 7 49 127
92 7 51 127
93 7 53 127
94 34 27 148
95 7 57 127
97 34 29 148
98 34 31 148
98 10 51 110
99 7 1 112
3 27 9 2
4 27 25 2
5 13 19 141
7 13 25 141
7 27 19 2
9 27 31 2
10 27 37 2
14 27 43 2
15 13 31 141
16 13 1 141
16 27 49 2
17 13 7 141
20 27 13 2
21 27 55 2
22 13 37 141
22 27 1 2
25 27 1 10
27 27 7 10
30 13 15 141
33 13 43 141
34 27 13 10
37 13 49 141
38 13 55 141
41 13 1 13
42 13 7 13
43 13 19 13
46 27 19 10
47 27 25 10
50 27 31 10
51 27 43 10
52 13 13 13
52 27 49 10
55 27 37 10
57 13 25 13
58 27 1 136
61 27 55 10
62 27 7 136
63 13 31 13
65 27 13 136
66 27 19 136
67 13 37 13
68 27 39 136
70 27 25 136
71 27 49 136
72 13 43 13
80 13 49 13
81 27 31 136
82 13 1 21
84 13 7 21
86 13 55 13
86 27 45 136
87 13 13 21
87 27 1 19
88 13 19 21
94 13 31 21
95 13 37 21
95 27 7 19
97 27 55 136
99 13 43 21
99 27 19 19
100 27 13 19
2 36 16 107
6 36 13 107
7 21 49 21
8 36 10 107
8 21 25 21
9 36 25 107
10 21 52 21
12 36 37 107
13 36 31 107
17 21 28 21
18 36 7 107
22 36 19 107
22 21 55 21
23 36 1 107
23 21 58 21
24 36 4 107
26 21 1 84
27 36 22 107
29 36 34 107
31 21 4 84
34 21 25 84
36 21 7 84
38 21 10 84
40 36 40 107
40 21 13 84
43 21 28 84
44 36 28 107
45 36 43 107
46 36 46 107
46 21 16 84
47 21 31 84
48 21 19 84
49 21 22 84
56 36 49 107
56 21 37 84
57 21 40 84
58 21 34 84
60 36 55 107
61 21 43 84
63 21 46 84
65 21 55 84
70 21 49 84
74 36 52 107
75 21 52 84
76 36 58 107
77 21 1 51
78 36 1 1
79 21 58 84
80 36 4 1
83 36 7 1
84 36 13 1
84 21 4 51
85 21 7 51
91 21 10 51
93 21 13 51
94 21 16 51
95 21 19 51
99 36 10 1
100 36 22 1
3 33 13 65
4 3 17 25
5 3 23 25
6 3 19 25
8 3 21 25
9 33 23 65
9 3 13 25
10 33 11 65
11 3 15 25
14 33 19 65
14 3 11 25
16 33 5 65
17 33 1 65
17 3 3 25
20 33 17 65
20 3 1 25
22 33 7 65
23 33 15 65
24 3 7 25
26 33 9 65
29 33 3 65
30 3 5 25
31 33 21 65
32 3 9 25
33 33 25 65
35 3 25 25
40 3 34 25
41 33 33 65
42 33 27 65
43 3 40 25
44 3 43 25
45 3 27 25
46 33 29 65
46 3 31 25
47 33 37 65
49 33 35 65
50 33 41 65
52 3 29 25
54 3 37 25
55 33 43 65
56 33 31 65
56 3 45 25
57 33 47 65
57 3 52 25
60 33 39 65
60 3 47 25
64 33 45 65
65 33 53 65
65 3 58 25
66 3 49 25
67 3 55 25
69 33 49 65
71 33 55 65
72 33 51 65
72 3 1 94
73 3 11 94
77 33 59 65
79 33 5 101
79 3 7 94
84 33 1 101
85 33 57 65
85 3 3 94
86 3 5 94
88 33 7 101
90 33 3 101
91 3 13 94
92 33 9 101
93 3 9 94
96 3 15 94
97 3 17 94
100 33 11 101
1 32 25 105
1 17 31 115
2 32 19 105
3 32 15 105
3 17 19 115
4 38 31 79
6 17 25 115
7 38 37 79
8 38 43 79
11 17 37 115
15 32 37 105
17 32 43 105
17 38 19 79
18 32 49 105
18 38 25 79
19 32 31 105
19 17 43 115
22 17 49 115
23 32 19 3
23 17 43 66
25 32 7 105
26 32 55 105
26 17 13 115
29 17 7 115
30 32 1 105
31 32 7 3
32 38 13 79
33 17 55 115
34 38 1 79
35 17 1 115
36 17 1 66
37 38 55 79
39 38 7 79
41 38 7 142
42 32 1 3
42 17 13 66
43 38 49 79
44 32 13 3
45 38 13 142
48 17 7 66
49 38 1 142
50 32 25 3
52 17 25 66
54 32 31 3
54 38 25 142
55 17 33 66
56 32 55 3
58 32 37 3
59 17 19 66
60 32 43 3
62 38 19 142
63 32 1 57
63 17 37 66
64 32 49 3
66 17 55 66
67 32 7 57
68 38 43 142
69 32 13 57
71 32 19 57
71 38 39 142
72 32 27 57
72 38 31 142
74 32 31 57
75 32 43 57
76 32 49 57
78 32 37 57
79 32 9 103
79 17 13 143
81 32 55 57
81 38 49 142
82 38 7 123
83 38 1 123
85 38 13 123
86 38 19 123
87 38 25 123
87 17 7 143
88 17 51 66
89 17 25 143
91 17 19 143
92 17 1 143
93 32 19 103
93 38 31 123
94 32 37 103
97 32 25 103
97 17 31 143
1 40 22 62
1 30 37 78
2 40 25 62
3 39 25 56
3 30 28 78
5 30 25 78
7 30 31 78
8 30 34 78
9 40 28 62
12 40 40 62
13 40 13 62
13 30 16 78
14 30 13 78
16 40 16 62
17 40 37 62
17 30 40 78
18 40 10 62
20 40 43 62
20 30 46 78
21 39 4 56
21 40 7 62
22 39 16 56
24 40 1 62
24 30 9 78
25 40 31 62
26 39 28 56
27 30 43 78
29 40 19 62
30 39 7 56
30 40 46 62
31 40 34 62
34 40 49 62
35 39 10 56
35 40 52 62
35 30 49 78
37 39 1 56
38 39 37 56
39 39 13 56
39 40 4 62
39 30 33 148
40 39 19 56
41 39 40 56
43 39 43 56
43 30 46 148
44 40 55 62
44 30 19 78
45 39 22 56
45 40 58 62
46 39 49 56
46 30 52 78
47 39 52 56
47 30 55 78
49 30 39 148
50 30 22 78
51 30 49 148
54 40 1 77
57 39 31 56
58 40 7 77
58 30 58 78
59 40 4 77
60 30 58 148
62 40 25 77
64 30 55 148
66 40 13 77
68 30 52 148
69 40 10 77
69 30 43 148
70 39 34 56
71 40 16 77
72 30 3 126
75 30 7 126
77 39 4 58
78 40 28 77
78 30 10 126
79 40 19 77
81 30 13 126
83 40 22 77
84 40 31 77
85 40 34 77
86 40 37 77
88 39 1 58
89 40 40 77
89 30 16 126
90 39 46 56
90 30 19 126
93 39 16 58
93 30 25 126
95 40 43 77
96 40 46 77
97 40 49 77
98 40 55 77
98 30 22 126
1 4 5 7
2 2 11 67
3 2 23 67
3 4 31 7
6 4 16 7
8 4 19 7
11 2 13 67
11 4 21 7
13 4 1 7
15 4 23 7
16 4 7 7
19 4 11 7
25 2 5 67
28 2 7 67
29 2 1 67
30 4 25 7
31 4 13 7
35 4 27 7
36 2 17 67
37 2 19 67
38 2 3 67
42 2 25 67
45 2 9 67
48 2 15 67
53 4 3 7
55 2 27 67
57 2 21 67
58 2 29 67
58 4 41 7
59 2 34 67
59 4 9 7
60 2 31 67
61 2 49 67
61 4 29 7
63 2 41 67
64 4 33 7
66 4 37 7
68 2 47 67
68 4 35 7
69 4 39 7
70 4 43 7
73 4 45 7
74 2 39 67
74 4 47 7
75 2 37 67
75 4 49 7
76 4 53 7
81 2 53 67
81 4 59 7
82 2 55 67
83 4 5 18
85 2 43 67
90 4 57 7
91 2 45 67
92 4 7 18
93 4 51 7
94 4 55 7
95 4 1 18
96 2 51 67
97 2 59 67
100 2 57 67
1 14 43 36
4 14 37 36
4 31 43 35
5 31 31 35
6 31 21 35
11 14 31 36
13 14 49 36
13 31 37 35
15 14 25 36
15 31 49 35
18 31 37 53
19 14 19 36
21 14 15 36
25 31 43 53
27 14 1 36
27 31 13 35
29 31 55 35
30 31 19 53
31 31 25 35
32 14 21 122
32 31 49 53
34 14 55 36
36 14 27 122
36 31 33 53
37 14 37 122
37 31 25 53
38 14 49 122
39 31 25 60
40 14 7 36
40 31 1 35
44 31 7 35
45 31 31 60
46 14 3 122
47 14 13 122
48 31 1 53
49 14 43 122
51 31 7 53
53 31 55 53
55 14 7 122
56 14 25 38
59 14 39 143
61 31 13 53
62 14 31 122
63 14 55 122
63 31 7 60
64 14 25 51
65 14 31 38
66 31 39 60
67 31 1 60
72 31 13 60
75 14 55 143
76 14 45 143
76 31 1 119
78 31 43 60
79 14 37 38
80 14 55 38
82 31 13 119
83 14 43 38
83 31 27 119
84 31 19 60
85 31 49 60
87 14 31 51
88 31 9 119
89 14 43 51
90 14 37 51
92 14 57 51
94 14 49 143
94 31 19 119
95 14 49 38
95 31 31 119
96 31 55 60
97 31 37 119
98 31 43 119
100 14 49 51
1 16 11 34
2 16 23 34
11 16 17 34
14 16 21 34
15 16 5 34
16 16 25 34
21 16 28 34
25 16 13 34
27 16 31 34
28 16 9 34
30 16 37 34
32 16 7 34
33 16 15 34
45 16 19 34
50 16 1 34
51 16 3 34
54 16 35 34
56 16 43 34
61 16 33 34
70 16 41 34
76 16 55 34
78 16 47 34
79 16 49 34
80 16 39 34
81 16 1 144
86 16 53 34
87 16 45 34
90 16 59 34
95 16 3 144
96 16 5 144
2 24 28 37
4 11 22 59
6 11 29 59
6 24 31 37
10 11 16 59
12 11 5 59
13 24 5 37
14 11 25 59
20 11 19 59
21 11 31 59
22 11 9 59
22 24 25 37
23 24 11 37
25 24 17 37
26 11 7 59
26 24 34 37
27 24 41 37
28 11 11 59
28 24 15 37
30 11 39 59
31 24 1 37
33 11 13 59
35 11 33 59
35 24 7 37
36 11 37 59
37 11 35 59
41 24 13 37
44 11 41 59
45 11 46 59
46 24 9 37
49 24 19 37
50 24 37 37
51 24 21 37
52 11 53 59
53 11 1 59
54 11 49 59
57 11 3 59
57 24 23 37
58 11 27 59
59 24 43 37
64 11 43 59
65 11 4 138
68 11 7 138
70 24 3 37
71 11 57 59
71 24 47 37
72 11 55 59
73 24 49 37
80 11 59 59
80 24 53 37
82 24 39 37
85 24 55 37
87 24 51 37
88 24 59 37
91 11 51 59
91 24 57 37
92 24 45 37
93 11 1 138
96 11 13 138
98 24 3 93
99 24 5 93
2 25 31 48
5 25 28 48
7 25 34 48
10 25 43 48
19 25 49 48
24 25 37 48
27 25 46 48
28 25 19 48
29 25 22 48
32 25 25 48
34 25 52 48
39 25 1 48
42 25 40 48
43 25 4 48
47 25 58 48
48 25 22 97
51 25 13 48
52 25 9 48
53 25 19 97
61 25 1 97
62 25 4 97
64 25 16 48
65 25 25 97
69 25 55 48
74 25 7 97
77 25 10 97
80 25 13 97
86 25 16 97
92 25 28 97
98 25 37 97
100 25 31 97
2 23 34 41
5 23 37 41
11 23 19 41
13 23 7 41
18 23 1 41
25 23 11 41
28 23 5 41
29 23 13 41
33 23 17 41
36 23 21 41
37 23 29 41
39 23 31 41
47 23 3 41
48 23 27 41
50 23 9 41
53 23 23 41
55 23 15 41
57 23 55 41
61 23 25 41
64 23 41 41
65 23 39 41
67 23 49 41
73 23 43 41
75 23 47 41
77 23 52 41
78 23 59 41
82 23 5 47
83 23 10 47
84 23 45 41
87 23 17 47
90 23 1 47
99 23 57 41
1 19 40 20
3 19 33 20
6 19 37 20
14 19 27 20
19 19 52 20
20 19 49 20
23 19 4 20
27 19 55 20
28 19 22 20
29 19 43 20
36 19 10 20
38 19 7 20
41 19 15 20
42 19 31 28
44 19 46 20
45 19 37 28
48 19 58 20
50 19 19 20
51 19 16 28
53 19 43 28
54 19 4 28
58 19 10 28
62 19 1 20
63 19 13 28
69 19 7 28
71 19 1 28
73 19 19 28
77 19 22 28
86 19 25 28
89 19 34 28
92 19 40 28
93 19 28 28
94 19 1 50
97 19 46 28
99 19 7 50
100 19 25 50
Điểm tối ưu: 1158
Thời gian: 0.121701 giây
Trạng thái: GREEDY_DONE
