579
2 11 1 56
3 11 7 56
4 11 13 56
5 11 19 56
9 11 25 56
11 11 31 56
12 11 37 56
14 11 43 56
17 11 49 56
19 11 55 56
23 11 1 66
25 11 7 66
26 11 13 66
28 11 19 66
29 11 25 66
30 11 31 66
31 11 37 66
32 11 43 66
36 11 49 66
37 11 55 66
1 18 1 11
2 18 7 11
3 18 4 11
4 18 10 11
5 18 13 11
7 18 16 11
8 18 19 11
15 18 22 11
16 18 25 11
18 18 28 11
19 18 31 11
20 18 34 11
21 18 37 11
23 18 40 11
25 18 43 11
26 18 46 11
30 18 49 11
31 18 52 11
32 18 55 11
33 18 58 11
1 6 4 13
4 20 1 63
5 20 3 63
6 6 1 13
6 20 5 63
8 20 7 63
9 6 7 13
10 6 9 13
10 20 11 63
11 6 11 13
11 20 9 63
12 6 13 13
13 6 15 13
14 6 17 13
15 6 19 13
15 20 13 63
16 6 21 13
16 20 15 63
18 6 23 13
19 6 25 13
19 20 17 63
21 6 27 13
21 20 19 63
22 6 29 13
22 20 21 63
23 6 31 13
24 6 33 13
24 20 23 63
25 6 35 13
26 6 37 13
26 20 25 63
27 6 39 13
27 20 27 63
28 20 29 63
29 20 31 63
30 6 41 13
31 20 33 63
32 6 47 13
32 20 35 63
33 6 43 13
33 20 37 63
34 20 39 63
35 20 41 63
36 6 45 13
36 20 43 63
37 20 45 63
38 6 49 13
39 20 47 63
40 6 51 13
41 6 53 13
41 20 49 63
43 6 55 13
43 20 51 63
44 6 57 13
45 20 53 63
46 6 59 13
46 20 55 63
47 6 1 40
47 20 57 63
48 6 3 40
48 20 59 63
49 6 5 40
49 20 1 5
50 6 7 40
1 10 7 19
2 8 10 70
2 10 13 19
3 8 1 70
5 8 7 70
5 10 10 19
6 10 16 19
7 10 1 19
8 10 4 19
9 8 4 70
10 8 13 70
10 10 19 19
11 10 22 19
12 8 16 70
12 10 25 19
13 8 19 70
13 10 28 19
14 8 22 70
15 8 25 70
15 10 31 19
16 10 34 19
17 8 28 70
18 8 31 70
19 10 37 19
20 10 40 19
21 10 43 19
22 8 34 70
22 10 46 19
24 10 49 19
25 8 37 70
26 8 40 70
27 8 43 70
28 8 46 70
28 10 52 19
29 8 49 70
29 10 55 19
30 10 58 19
31 8 55 70
33 10 9 40
34 10 13 40
35 8 52 70
35 10 16 40
37 8 1 33
38 8 58 70
40 8 4 33
40 10 19 40
41 8 7 33
42 8 10 33
44 8 13 33
45 8 16 33
46 10 22 40
47 8 19 33
47 10 25 40
48 8 22 33
48 10 28 40
49 8 25 33
1 5 10 16
3 5 13 16
3 15 11 61
4 5 3 16
5 5 1 16
6 5 7 16
6 15 3 61
7 5 5 16
7 15 7 61
8 15 1 61
10 5 16 16
11 5 19 16
11 15 5 61
12 5 21 16
12 15 9 61
13 5 23 16
13 15 13 61
14 5 25 16
14 15 15 61
15 15 17 61
16 5 28 16
17 5 31 16
17 15 19 61
18 5 34 16
19 5 40 16
19 15 21 61
20 15 23 61
21 5 46 16
21 15 25 61
22 5 37 16
22 15 27 61
23 15 29 61
24 5 43 16
24 15 31 61
25 5 49 16
26 15 33 61
27 5 51 16
28 5 55 16
29 5 53 16
30 5 1 59
30 15 35 61
31 5 58 16
31 15 41 61
32 5 3 59
33 5 5 59
34 5 7 59
35 15 37 61
36 5 9 59
36 15 39 61
37 5 11 59
37 15 43 61
38 5 13 59
39 15 45 61
40 5 15 59
41 15 47 61
42 5 17 59
42 15 49 61
43 5 19 59
43 15 53 61
44 5 21 59
45 5 23 59
46 5 25 59
46 15 51 61
47 5 28 59
48 5 31 59
48 15 55 61
49 15 57 61
50 5 33 59
50 15 59 61
2 9 5 30
3 9 15 30
5 9 17 30
6 9 9 30
7 9 11 30
11 9 1 30
12 9 3 30
13 9 7 30
14 9 13 30
15 9 28 30
16 9 19 30
17 9 21 30
18 9 25 30
20 9 31 30
21 9 23 30
22 9 39 30
24 9 35 30
25 9 33 30
27 9 37 30
30 9 43 30
31 9 45 30
34 9 41 30
35 9 47 30
37 9 49 30
38 9 51 30
39 9 53 30
40 9 55 30
41 9 57 30
42 9 59 30
43 9 1 35
44 9 3 35
45 9 5 35
47 9 7 35
1 12 13 62
4 12 19 62
5 12 25 62
6 12 31 62
7 12 37 62
8 12 9 62
9 12 43 62
10 12 1 62
11 12 49 62
12 12 55 62
14 12 1 64
16 12 7 64
17 12 13 64
18 12 19 64
19 12 27 64
20 12 43 64
21 12 31 64
22 12 49 64
23 12 55 64
25 12 3 5
27 12 7 5
30 12 37 64
32 12 13 5
33 12 19 5
34 12 25 5
35 12 31 5
36 12 55 5
37 12 37 5
38 12 43 5
39 12 49 5
40 12 7 32
41 12 1 32
44 12 25 32
46 12 13 32
47 12 31 32
48 12 37 32
49 12 19 32
2 14 16 6
3 14 19 6
4 14 7 6
5 14 31 6
6 14 13 6
8 14 22 6
9 14 1 6
10 14 25 6
13 14 4 6
17 14 10 6
18 14 37 6
22 14 43 6
23 14 34 6
25 14 28 6
27 14 46 6
28 14 40 6
29 14 58 6
32 14 49 6
33 14 52 6
34 14 55 6
35 14 1 25
36 14 4 25
37 14 7 25
38 14 10 25
41 14 13 25
43 14 16 25
45 14 19 25
46 14 27 25
48 14 33 25
49 14 37 25
50 14 22 25
1 3 19 38
1 4 25 20
2 3 25 38
2 4 19 20
3 3 31 38
3 4 37 20
4 4 31 20
5 3 37 38
7 3 43 38
7 4 49 20
8 3 13 38
8 4 43 20
9 3 9 38
9 4 13 20
10 3 49 38
11 3 55 38
12 4 31 37
13 3 9 53
13 4 55 20
14 3 27 53
15 3 1 38
15 4 7 20
16 3 1 53
16 4 37 37
17 4 1 20
18 3 13 53
19 3 43 53
20 3 19 53
20 4 1 37
21 3 49 53
23 4 7 37
24 3 37 53
24 4 13 37
25 4 19 37
26 4 27 37
28 4 57 37
29 3 33 53
29 4 43 37
32 4 7 39
33 4 1 39
35 3 55 53
35 4 19 39
36 3 13 65
38 3 1 65
39 3 7 65
39 4 13 39
41 3 19 65
41 4 25 39
42 3 25 65
42 4 51 37
43 3 31 65
43 4 37 39
44 4 31 39
45 3 37 65
45 4 43 39
46 3 43 65
48 3 49 65
49 3 31 33
50 3 55 65
50 4 49 39
1 7 17 2
1 13 23 15
1 16 29 8
2 2 23 17
2 16 31 8
3 7 22 2
3 16 17 8
4 7 5 2
4 13 17 15
4 16 23 8
5 16 5 8
6 7 11 2
6 13 19 15
7 2 9 17
7 7 13 2
8 7 25 2
8 13 27 15
9 7 19 2
9 13 21 15
9 16 33 8
10 7 7 2
10 13 5 15
10 16 35 8
11 2 3 17
11 13 7 15
12 13 1 15
13 2 1 17
13 16 25 8
14 2 5 17
14 7 9 2
14 13 11 15
15 2 11 17
15 16 15 8
16 7 31 2
16 13 13 15
17 13 25 15
17 16 7 8
18 2 7 17
18 7 1 2
18 16 3 8
19 2 13 17
19 16 1 8
20 2 15 17
20 13 9 15
20 16 11 8
21 7 3 2
21 13 15 15
21 16 9 8
22 13 3 15
22 16 13 8
23 2 17 17
23 7 15 2
23 13 37 15
23 16 19 8
24 7 27 2
24 13 29 15
25 13 31 15
25 16 40 8
26 2 19 17
26 7 35 2
26 13 43 15
26 16 21 8
27 2 21 17
27 7 29 2
27 13 33 15
28 2 25 17
28 7 33 2
28 16 27 8
29 2 29 17
29 13 39 15
29 16 37 8
30 7 45 2
30 13 47 15
30 16 52 8
31 2 27 17
31 7 43 2
31 13 35 15
31 16 47 8
32 2 31 17
32 13 41 15
33 2 33 17
33 13 45 15
33 16 49 8
34 2 35 17
34 7 37 2
34 13 49 15
35 7 39 2
35 13 59 15
35 16 43 8
36 7 41 2
36 16 59 8
37 7 47 2
37 13 51 15
38 2 37 17
38 7 53 2
38 13 55 15
38 16 5 9
39 2 39 17
39 7 55 2
39 13 57 15
40 2 41 17
40 16 45 8
41 2 43 17
41 13 5 51
42 2 45 17
42 7 57 2
42 16 55 8
43 2 47 17
43 7 49 2
44 2 49 17
44 7 51 2
44 16 1 9
45 7 59 2
45 13 1 51
46 7 1 73
46 16 57 8
47 2 51 17
47 13 53 15
47 16 3 9
48 2 53 17
49 7 3 73
49 13 7 51
50 2 1 44
50 7 5 73
50 16 9 9
1 17 31 24
1 19 33 42
2 17 29 24
2 19 35 42
3 19 25 42
4 17 25 24
4 19 27 42
5 17 23 24
6 17 21 24
6 19 23 42
7 17 19 24
7 19 21 42
8 17 17 24
8 19 29 42
9 17 35 24
9 19 17 42
10 19 31 42
11 19 13 42
12 17 5 24
12 19 7 42
13 19 37 42
14 17 7 24
15 19 5 42
16 19 11 42
17 17 33 24
17 19 39 42
18 17 9 24
19 17 3 24
20 17 13 24
20 19 47 42
22 17 1 24
23 17 11 24
24 17 41 24
24 19 1 42
25 19 15 42
26 19 3 42
27 17 15 24
27 19 19 42
28 17 37 24
28 19 9 42
29 17 47 24
30 19 55 42
31 17 49 24
32 17 27 24
32 19 52 42
33 17 39 24
34 17 43 24
34 19 45 42
36 17 53 24
36 19 1 1
37 19 41 42
39 19 43 42
40 17 57 24
40 19 49 42
41 17 45 24
42 17 1 28
43 19 57 42
44 19 59 42
45 17 51 24
46 19 3 1
47 17 55 24
49 17 59 24
49 19 9 1
50 19 11 1
Điểm tối ưu: 579
Thời gian: 0.050223 giây
Trạng thái: GREEDY_DONE
