2397
5 22 1 277
9 22 4 277
15 60 1 135
18 60 4 135
19 22 7 277
24 22 10 277
26 22 13 277
33 60 7 135
35 22 16 277
36 60 10 135
39 22 19 277
39 60 13 135
42 22 22 277
45 60 16 135
49 60 19 135
53 22 25 277
62 22 28 277
74 60 22 135
82 22 31 277
89 22 34 277
99 22 37 277
99 60 25 135
100 60 28 135
102 22 40 277
105 60 31 135
108 60 34 135
109 60 37 135
110 22 43 277
110 60 40 135
111 60 43 135
113 22 46 277
113 60 49 135
115 22 49 277
119 60 46 135
123 22 52 277
124 22 55 277
126 22 58 277
142 22 1 267
143 60 52 135
147 22 4 267
156 22 7 267
157 22 10 267
161 22 13 267
165 22 16 267
167 22 19 267
168 22 22 267
168 60 55 135
169 22 25 267
171 60 58 135
173 22 28 267
174 60 1 189
179 60 4 189
184 22 31 267
185 60 7 189
186 22 34 267
186 60 10 189
187 60 13 189
189 22 37 267
190 60 16 189
193 60 19 189
198 22 40 267
198 60 22 189
200 60 25 189
200 22 43 267
33 30 1 187
35 30 7 187
37 30 13 187
47 30 19 187
49 30 25 187
52 30 31 187
60 30 37 187
68 30 43 187
70 30 49 187
75 30 55 187
76 30 1 133
82 30 7 133
85 30 13 133
86 30 19 133
98 30 25 133
101 30 31 133
104 30 37 133
108 30 43 133
109 30 49 133
112 30 55 133
117 30 1 45
119 30 7 45
121 30 13 45
126 30 19 45
127 30 25 45
131 30 31 45
135 30 37 45
143 30 43 45
165 30 49 45
166 30 55 45
6 72 1 12
14 72 3 12
16 72 5 12
36 72 7 12
39 72 9 12
48 72 11 12
49 72 13 12
53 72 15 12
54 72 17 12
58 72 19 12
60 72 21 12
80 72 23 12
90 72 25 12
93 72 27 12
102 72 29 12
136 72 31 12
152 72 33 12
168 72 35 12
169 72 37 12
174 72 39 12
187 72 41 12
192 72 43 12
1 19 1 98
10 19 7 98
29 19 13 98
34 19 19 98
37 19 25 98
38 19 31 98
41 19 37 98
42 19 43 98
47 19 49 98
59 19 55 98
64 19 1 152
65 19 7 152
71 19 13 152
85 19 19 152
88 19 25 152
91 19 31 152
100 19 37 152
117 19 43 152
120 19 49 152
121 19 55 152
138 19 1 244
148 19 7 244
157 19 13 244
159 19 19 244
168 19 25 244
178 19 31 244
179 19 37 244
181 19 43 244
197 19 49 244
200 19 55 244
1 68 7 165
4 68 1 165
6 68 4 165
12 43 1 237
12 80 4 11
17 68 10 165
18 43 7 237
22 43 4 237
22 80 1 11
23 68 13 165
23 80 7 11
27 80 10 11
29 43 10 237
35 43 13 237
38 80 13 11
40 43 16 237
43 43 19 237
44 43 22 237
46 80 16 11
49 43 31 237
54 68 19 165
54 43 25 237
56 43 28 237
56 80 19 11
57 43 34 237
62 80 22 11
64 68 16 165
66 68 22 165
66 43 37 237
69 80 25 11
70 43 40 237
79 80 28 11
80 80 31 11
83 68 25 165
83 80 34 11
87 43 43 237
89 43 46 237
89 80 37 11
90 68 28 165
90 80 40 11
92 68 31 165
94 80 43 11
98 80 46 11
99 68 34 165
99 43 49 237
102 43 52 237
103 80 49 11
104 68 43 165
105 43 55 237
106 68 37 165
109 80 55 11
112 80 52 11
113 43 58 237
114 80 58 11
116 43 1 47
117 68 40 165
119 68 49 165
120 43 4 47
126 43 7 47
127 68 46 165
127 43 10 47
129 68 52 165
130 43 13 47
130 80 1 131
131 43 16 47
135 68 55 165
136 43 19 47
136 80 4 131
140 80 7 131
145 80 10 131
146 68 58 165
147 80 13 131
148 68 1 132
152 43 22 47
153 43 25 47
153 80 16 131
154 43 28 47
156 43 31 47
159 68 4 132
161 68 7 132
162 68 10 132
166 68 13 132
166 43 34 47
168 68 16 132
171 43 37 47
176 68 19 132
185 68 22 132
185 43 40 47
188 68 25 132
189 68 28 132
190 68 31 132
191 43 43 47
195 68 34 132
197 68 37 132
198 68 43 132
1 70 5 150
3 46 1 63
5 46 4 63
6 36 7 55
8 46 7 63
9 46 9 63
10 46 11 63
16 70 1 150
18 46 13 63
20 36 1 55
26 70 3 150
29 36 3 55
29 46 17 63
35 36 5 55
35 70 11 150
36 36 13 55
38 36 9 55
41 70 7 150
41 46 15 63
42 46 19 63
43 36 11 55
43 70 9 150
44 70 13 150
44 46 25 63
45 36 19 55
48 46 21 63
51 46 23 63
61 46 27 63
63 36 15 55
63 70 17 150
67 36 17 55
72 70 15 150
73 70 19 150
75 36 21 55
75 46 29 63
77 46 31 63
79 36 23 55
80 70 21 150
81 36 25 55
89 46 40 63
91 36 27 55
93 46 33 63
97 36 29 55
98 70 23 150
99 46 43 63
101 36 35 55
109 70 25 150
114 36 31 55
115 70 27 150
116 46 35 63
120 46 37 63
126 70 29 150
127 36 33 55
127 70 31 150
129 36 37 55
132 46 45 63
133 46 47 63
134 70 33 150
134 46 49 63
138 70 35 150
141 70 37 150
144 36 39 55
145 70 39 150
146 70 41 150
146 46 51 63
149 46 53 63
153 70 43 150
154 46 55 63
155 36 41 55
158 70 45 150
159 46 57 63
162 46 59 63
165 70 47 150
167 70 49 150
169 46 1 18
170 70 51 150
176 70 53 150
177 36 43 55
177 46 3 18
183 36 45 55
183 46 5 18
185 70 55 150
188 36 47 55
190 36 49 55
192 36 51 55
196 46 7 18
200 46 9 18
2 9 1 115
6 9 9 115
10 9 3 115
12 9 7 115
17 9 5 115
37 9 11 115
40 9 13 115
41 9 17 115
57 9 15 115
58 9 21 115
59 9 19 115
92 9 23 115
106 9 25 115
116 9 27 115
122 9 29 115
125 9 31 115
133 9 33 115
142 9 35 115
145 9 37 115
4 58 4 85
9 58 1 85
10 5 1 124
11 5 3 124
13 58 7 85
16 58 9 85
19 58 11 85
20 5 5 124
22 5 7 124
22 58 13 85
26 58 16 85
28 58 19 85
36 58 21 85
44 5 9 124
44 58 27 85
50 58 23 85
59 58 25 85
67 5 11 124
71 5 17 124
74 58 29 85
77 5 13 124
78 5 15 124
80 58 34 85
83 5 19 124
92 58 37 85
94 5 21 124
95 5 23 124
106 58 31 85
108 58 39 85
109 58 41 85
118 58 43 85
119 5 25 124
119 58 52 85
123 58 45 85
124 58 47 85
131 5 27 124
132 58 49 85
135 5 29 124
135 58 58 85
136 58 55 85
137 5 31 124
138 5 33 124
140 5 35 124
140 58 1 87
141 58 3 87
146 58 5 87
147 5 37 124
149 5 39 124
150 5 41 124
152 58 7 87
157 58 17 87
158 58 9 87
168 58 11 87
173 58 13 87
177 5 45 124
182 58 15 87
188 5 43 124
188 58 19 87
189 58 21 87
199 5 47 124
4 31 7 129
13 31 1 129
14 42 7 57
17 31 13 129
21 42 1 57
22 42 15 57
24 42 19 57
31 31 19 129
36 31 25 129
39 42 25 57
41 42 31 57
45 42 37 57
50 31 31 129
52 42 43 57
55 42 49 57
57 31 37 129
58 31 43 129
62 42 55 57
62 31 49 129
63 31 55 129
68 42 49 12
78 42 45 12
78 31 1 112
82 42 55 12
84 42 1 208
84 31 7 112
95 42 7 208
96 42 13 208
97 42 19 208
98 42 31 208
99 31 13 112
102 31 19 112
104 42 25 208
108 31 25 112
116 42 37 208
118 42 45 208
119 42 55 208
122 42 49 208
124 31 31 112
130 42 7 281
132 42 1 281
155 42 13 281
162 31 37 112
163 42 19 281
163 31 43 112
167 31 51 112
168 42 31 281
169 42 39 281
169 31 55 112
173 42 43 281
174 42 25 281
175 31 1 49
177 42 49 281
181 31 7 49
189 31 13 49
5 23 7 255
7 23 1 255
8 40 1 2
12 23 10 255
17 23 19 255
20 23 13 255
21 40 7 2
23 23 4 255
24 40 4 2
25 23 16 255
28 23 22 255
30 40 10 2
30 23 25 255
35 40 19 2
40 23 28 255
45 40 13 2
46 40 22 2
47 23 31 255
48 40 16 2
50 40 25 2
51 23 34 255
52 23 37 255
61 40 31 2
61 23 40 255
64 23 43 255
65 40 28 2
68 40 34 2
69 40 37 2
72 40 40 2
75 23 46 255
80 40 43 2
81 40 46 2
81 23 49 255
82 23 52 255
83 23 55 255
88 23 58 255
92 23 1 25
100 40 49 2
100 23 4 25
102 40 55 2
104 23 7 25
107 40 52 2
115 40 58 2
118 40 1 23
122 23 10 25
123 23 13 25
128 40 4 23
129 23 16 25
130 23 19 25
132 23 22 25
133 40 7 23
135 23 25 25
136 23 28 25
139 23 31 25
148 40 13 23
152 40 10 23
156 40 16 23
156 23 34 25
162 40 19 23
165 23 37 25
170 40 22 23
171 40 25 23
172 23 40 25
173 23 49 25
174 23 43 25
175 23 46 25
176 40 28 23
177 40 31 23
179 40 34 23
183 23 52 25
186 23 55 25
187 23 58 25
189 23 1 41
193 40 37 23
193 23 4 41
11 73 7 88
14 73 13 88
25 73 1 88
30 73 4 88
32 73 10 88
41 73 19 88
64 73 22 88
81 73 16 88
86 73 25 88
106 73 28 88
107 73 31 88
108 73 49 88
109 73 34 88
114 73 37 88
118 73 40 88
119 73 43 88
127 73 52 88
130 73 46 88
133 73 55 88
144 73 58 88
147 73 1 95
161 73 4 95
162 73 7 95
166 73 10 95
171 73 13 95
181 73 16 95
197 73 19 95
4 48 11 245
7 48 4 245
10 48 13 245
37 48 1 245
60 48 7 245
62 48 9 245
63 48 19 245
69 48 15 245
97 48 17 245
113 48 21 245
116 48 23 245
120 48 25 245
135 48 31 245
142 48 27 245
145 48 29 245
148 48 33 245
150 48 35 245
154 48 37 245
157 48 39 245
165 48 41 245
189 48 43 245
191 48 46 245
195 48 49 245
5 15 13 178
8 15 9 178
10 62 15 50
17 62 1 50
24 62 25 50
25 15 19 178
30 62 19 50
40 15 1 178
44 15 31 178
44 62 37 50
48 15 25 178
49 15 37 178
57 15 43 178
66 15 49 178
68 15 55 178
69 62 7 50
71 62 31 50
72 15 1 96
77 15 7 96
78 62 49 50
79 15 13 96
84 15 19 96
85 62 43 50
88 15 31 96
90 62 55 50
92 62 7 158
95 15 25 96
96 15 37 96
104 62 1 158
107 15 43 96
111 15 49 96
113 15 1 236
124 62 13 158
126 62 25 158
127 62 19 158
128 62 31 158
130 62 37 158
135 15 7 236
138 62 43 158
140 15 55 96
141 15 13 236
142 15 19 236
146 62 1 97
147 62 49 158
150 62 55 158
151 15 25 236
158 15 31 236
161 15 37 236
164 15 43 236
167 15 55 236
176 15 49 236
179 62 7 97
180 15 55 281
182 15 1 80
185 15 13 80
190 15 7 80
191 15 19 80
192 62 13 97
193 15 25 80
197 62 25 97
7 45 13 18
16 45 16 18
32 45 19 18
35 45 22 18
53 45 28 18
54 45 31 18
55 45 25 18
56 45 34 18
58 45 37 18
64 45 40 18
74 45 43 18
84 45 46 18
94 45 49 18
95 45 52 18
109 45 58 18
110 45 55 18
115 45 1 100
116 45 4 100
121 45 7 100
123 45 10 100
128 45 13 100
134 45 16 100
150 45 19 100
151 45 22 100
154 45 25 100
155 45 28 100
157 45 31 100
164 45 34 100
193 45 40 100
3 41 3 209
8 41 5 209
9 41 7 209
15 41 9 209
22 41 11 209
24 41 1 209
28 41 13 209
33 41 15 209
35 41 25 209
37 41 17 209
39 41 22 209
48 41 19 209
55 41 28 209
59 41 31 209
61 41 34 209
67 41 37 209
80 41 39 209
82 41 41 209
90 41 43 209
98 41 49 209
102 41 45 209
108 41 47 209
110 41 51 209
111 41 53 209
123 41 55 209
125 41 57 209
134 41 59 209
149 41 1 235
155 41 3 235
156 41 5 235
163 41 7 235
172 41 9 235
186 41 13 235
189 41 11 235
196 41 15 235
2 8 3 37
3 8 5 37
4 11 13 103
6 8 11 37
7 11 7 103
9 8 13 37
12 8 15 37
14 8 1 37
18 8 17 37
21 8 19 37
23 8 21 37
27 11 1 103
29 8 7 37
33 8 23 37
34 11 3 103
40 8 9 37
43 11 5 103
51 8 25 37
52 8 27 37
52 11 9 103
54 11 11 103
59 8 29 37
66 8 31 37
67 8 33 37
71 11 19 103
74 11 15 103
76 8 35 37
78 8 37 37
79 11 17 103
81 11 21 103
84 8 39 37
85 11 23 103
93 8 41 37
100 8 43 37
105 8 45 37
116 11 25 103
121 11 27 103
124 11 29 103
125 11 33 103
128 8 47 37
133 8 49 37
137 11 35 103
140 11 31 103
142 11 37 103
145 8 51 37
149 11 41 103
150 11 39 103
151 8 53 37
155 8 55 37
158 11 43 103
160 8 57 37
160 11 45 103
166 11 47 103
171 8 1 193
171 11 49 103
176 11 55 103
180 8 59 37
180 11 51 103
184 11 53 103
187 8 3 193
8 24 13 15
9 24 19 15
13 24 9 15
14 24 25 15
15 24 31 15
27 24 3 15
31 24 37 15
39 24 43 15
46 24 49 15
63 24 1 269
74 24 55 15
85 24 7 269
87 24 13 269
93 24 19 269
94 24 25 269
109 24 43 269
117 24 31 269
138 24 37 269
149 24 49 269
152 24 55 269
153 24 1 272
169 24 7 272
178 24 13 272
180 24 19 272
187 24 25 272
191 24 31 272
4 6 15 1
5 6 10 1
16 6 19 1
24 6 7 1
48 6 1 1
56 6 4 1
64 6 25 1
74 6 31 1
76 6 22 1
95 6 34 1
100 6 45 1
110 6 28 1
111 6 37 1
115 6 40 1
116 6 49 1
132 6 52 1
134 6 55 1
148 6 58 1
150 6 1 300
159 6 7 300
167 6 4 300
170 6 10 300
172 6 13 300
174 6 16 300
181 6 19 300
182 6 22 300
186 6 25 300
190 6 28 300
6 55 13 60
8 55 19 60
10 55 25 60
18 55 31 60
24 55 37 60
33 55 43 60
48 55 7 60
51 55 1 60
62 55 1 101
65 55 49 60
73 55 55 60
78 55 7 101
79 55 19 101
81 55 27 101
82 55 13 101
87 55 31 101
88 55 37 101
90 55 45 101
97 55 49 101
99 55 55 101
104 55 13 285
110 55 1 285
115 55 7 285
120 55 19 285
132 55 25 285
133 55 37 285
139 55 43 285
142 55 31 285
144 55 49 285
146 55 7 26
151 55 55 285
153 55 19 26
161 55 25 26
169 55 3 26
179 55 13 26
188 55 31 26
192 55 37 26
194 55 43 26
195 55 51 26
3 76 7 249
6 76 19 249
9 76 15 249
12 76 25 249
27 76 31 249
36 76 1 249
48 76 37 249
52 76 49 249
53 76 43 249
61 76 55 249
62 76 13 81
65 76 1 81
66 76 7 81
67 76 19 81
84 76 25 81
86 76 31 81
104 76 49 81
105 76 37 81
113 76 7 197
141 76 43 81
146 76 13 197
148 76 19 197
151 76 1 197
155 76 57 81
166 76 25 197
170 76 31 197
176 76 37 197
181 76 49 197
195 76 43 197
6 44 17 142
12 44 13 142
15 44 4 142
18 44 1 142
22 44 9 142
39 44 7 142
41 44 11 142
42 44 15 142
55 44 19 142
60 44 23 142
64 44 28 142
68 44 21 142
75 44 25 142
82 44 34 142
83 44 31 142
99 44 40 142
100 44 52 142
113 44 37 142
121 44 43 142
141 44 47 142
143 44 49 142
147 44 45 142
150 44 59 142
164 44 55 142
191 44 57 142
3 39 13 296
5 39 19 296
16 69 13 176
19 69 1 176
21 39 10 296
23 69 10 176
31 39 1 296
32 69 4 176
35 69 27 176
36 39 16 296
38 69 16 176
38 39 4 296
40 39 22 296
46 39 7 296
47 69 7 176
51 69 19 176
53 39 31 296
55 39 34 296
62 69 31 176
64 69 34 176
64 39 37 296
67 39 25 296
69 69 22 176
69 39 28 296
72 69 37 176
76 69 40 176
96 69 43 176
96 39 46 296
100 69 55 176
103 69 46 176
104 39 55 296
112 69 49 176
113 69 52 176
115 69 4 68
115 39 43 296
125 69 1 68
125 39 40 296
128 69 58 176
129 69 7 68
130 69 16 68
131 39 49 296
134 69 10 68
135 69 13 68
143 69 19 68
144 69 22 68
148 69 25 68
155 69 31 68
158 69 28 68
167 39 1 43
172 69 34 68
175 39 52 296
182 39 58 296
183 39 7 43
184 39 4 43
185 69 37 68
185 39 10 43
191 39 13 43
192 39 19 43
196 69 40 68
197 39 16 43
199 39 22 43
200 39 28 43
9 67 11 280
11 67 1 280
13 67 5 280
27 67 7 280
38 67 19 280
51 67 9 280
57 67 3 280
60 67 13 280
69 67 17 280
79 67 25 280
80 67 15 280
100 67 21 280
114 67 23 280
117 67 27 280
127 67 29 280
128 67 35 280
133 67 31 280
136 67 33 280
137 67 37 280
144 67 41 280
155 67 39 280
158 67 47 280
162 67 43 280
170 67 45 280
175 67 49 280
176 67 57 280
177 67 53 280
182 67 51 280
191 67 55 280
193 67 59 280
196 67 1 154
3 4 11 226
4 4 19 226
12 4 17 226
14 4 5 226
15 4 7 226
16 4 3 226
25 4 9 226
29 4 1 226
31 4 13 226
33 4 21 226
34 4 15 226
41 4 23 226
61 4 25 226
66 4 27 226
67 4 29 226
73 4 31 226
87 4 35 226
89 4 43 226
93 4 37 226
95 4 39 226
103 4 33 226
105 4 41 226
111 4 46 226
114 4 49 226
127 4 55 226
152 4 51 226
155 4 53 226
160 4 59 226
162 4 57 226
167 4 7 51
168 4 1 51
172 4 3 51
175 4 5 51
177 4 9 51
180 4 11 51
183 4 13 51
187 4 16 51
194 4 19 51
4 33 21 61
10 33 31 61
19 33 4 61
24 33 13 61
26 33 7 61
27 33 16 61
30 33 1 61
41 33 25 61
42 33 10 61
45 33 28 61
49 33 34 61
58 33 40 61
71 33 37 61
85 33 49 61
88 33 43 61
89 33 52 61
107 33 55 61
113 33 13 108
120 33 46 61
129 33 58 61
137 33 1 108
141 33 7 108
145 33 4 108
149 33 10 108
152 33 16 108
155 33 19 108
158 33 22 108
195 33 25 108
198 33 28 108
14 47 11 72
15 47 13 72
21 47 5 72
23 47 1 72
24 47 16 72
43 47 3 72
44 47 7 72
45 47 9 72
49 47 22 72
50 47 19 72
51 47 27 72
53 47 34 72
54 47 29 72
58 47 25 72
61 47 37 72
63 47 31 72
65 47 39 72
67 47 41 72
71 47 43 72
76 47 45 72
83 47 47 72
87 47 49 72
90 47 51 72
106 47 53 72
107 47 58 72
108 47 55 72
119 47 5 81
125 47 11 81
143 47 17 81
154 47 23 81
162 47 29 81
163 47 35 81
175 47 41 81
194 47 47 81
19 50 13 17
20 50 7 17
26 50 19 17
34 50 25 17
37 50 3 17
49 50 43 17
61 50 49 17
63 50 33 17
76 50 55 17
81 50 37 17
83 50 1 283
87 50 7 283
94 50 13 283
105 50 19 283
106 50 33 283
107 50 25 283
128 50 37 283
133 50 43 283
139 50 49 283
143 50 55 283
146 50 19 118
165 50 1 118
167 50 9 118
194 50 13 118
199 50 25 118
1 17 10 137
4 17 25 137
5 17 22 137
8 20 28 137
9 20 31 137
12 20 19 137
13 17 13 137
13 20 16 137
17 20 7 137
18 17 37 137
21 17 34 137
23 17 40 137
29 20 43 137
31 17 4 137
33 20 49 137
34 20 46 137
36 20 52 137
37 17 55 137
38 20 1 137
42 20 58 137
44 20 1 3
45 20 4 3
49 20 7 3
52 20 13 3
54 17 1 38
54 20 22 3
55 20 10 3
57 17 7 38
60 20 16 3
67 20 43 3
68 17 4 38
74 17 10 38
75 17 13 38
77 17 16 38
85 17 25 38
86 20 28 3
87 17 19 38
88 20 19 3
89 17 22 38
92 17 28 38
101 17 37 38
103 20 25 3
105 17 34 38
113 20 31 3
116 20 46 3
118 17 31 38
120 20 34 3
123 20 37 3
131 17 40 38
138 17 49 38
141 17 52 38
147 20 40 3
148 17 43 38
149 20 55 3
157 20 49 3
161 20 52 3
165 17 55 38
165 20 58 3
167 17 46 38
172 20 57 103
175 20 25 43
184 20 34 43
185 17 58 38
190 17 1 64
193 20 31 43
197 20 40 43
198 20 37 43
17 63 25 29
28 63 1 29
31 63 7 29
32 63 13 29
48 63 31 29
52 63 19 29
59 63 37 29
63 63 43 29
66 63 55 29
70 63 43 115
75 63 49 29
89 63 55 115
95 63 1 185
96 63 49 115
97 63 39 115
98 63 7 185
101 63 13 185
104 63 19 185
116 63 31 185
139 63 25 185
142 63 39 185
154 63 43 185
161 63 55 185
165 63 7 298
170 63 1 298
175 63 13 298
179 63 49 185
184 63 19 298
186 63 37 298
189 63 31 298
190 63 43 298
1 2 13 168
16 2 22 168
20 2 16 168
27 2 19 168
44 2 4 168
47 2 1 168
58 2 7 168
71 2 10 168
82 2 25 168
85 2 28 168
86 2 37 168
96 2 31 168
103 2 40 168
114 2 34 168
117 2 49 168
130 2 43 168
133 2 52 168
140 2 46 168
153 2 55 168
156 2 58 168
159 2 1 141
163 2 4 141
166 2 7 141
168 2 13 141
173 2 10 141
179 2 19 141
189 2 25 141
198 2 16 141
3 53 19 66
5 53 25 66
13 16 19 153
19 16 25 153
20 16 31 153
22 16 37 153
28 16 7 153
31 16 15 153
31 53 31 66
35 53 1 66
47 53 13 66
50 53 7 66
53 53 37 66
58 53 49 66
59 16 1 153
60 53 43 66
65 16 43 153
66 53 1 215
68 53 7 215
71 53 55 66
75 16 1 273
80 16 49 153
88 16 7 273
91 53 13 215
92 53 19 215
94 16 55 153
97 16 13 273
97 53 25 215
99 16 19 273
101 53 43 215
103 53 55 215
108 16 57 273
111 53 31 215
112 53 37 215
117 16 7 166
118 53 49 215
120 16 27 273
120 53 7 24
122 53 1 24
123 16 31 273
136 16 37 273
140 16 49 273
143 53 13 24
150 53 25 24
151 16 43 273
151 53 31 24
164 16 1 166
164 53 19 24
170 16 13 166
174 53 49 24
177 16 19 166
181 53 37 24
185 16 25 166
187 53 43 24
189 53 55 24
194 16 31 166
196 16 43 166
197 53 1 123
198 16 49 166
3 64 16 10
4 64 28 10
9 64 23 10
11 64 5 10
22 64 19 10
26 64 1 10
33 64 10 10
51 64 7 10
54 64 13 10
56 64 25 10
68 64 31 10
70 64 3 10
76 64 33 10
85 64 35 10
91 64 21 10
97 64 37 10
101 64 40 10
106 64 43 10
111 64 55 10
115 64 46 10
124 64 49 10
125 64 51 10
126 64 53 10
140 64 59 10
160 64 1 28
169 64 11 28
174 64 57 10
177 64 5 28
186 64 3 28
187 64 7 28
194 64 9 28
196 64 13 28
2 65 22 141
2 51 7 258
5 51 31 258
7 51 10 258
8 65 31 141
17 65 34 141
18 65 28 141
20 65 37 141
22 65 43 141
28 65 40 141
30 65 46 141
37 65 49 141
43 65 52 141
47 65 55 141
48 51 4 258
50 51 1 258
51 65 58 141
55 51 13 258
65 65 19 235
68 51 16 258
69 51 19 258
72 65 22 235
72 51 25 258
74 65 25 235
82 65 28 235
86 65 40 235
87 65 37 235
91 65 43 235
93 51 43 258
95 65 31 235
95 51 46 258
100 51 34 258
101 65 49 235
103 51 22 258
109 65 1 104
110 51 37 258
118 51 28 258
125 51 4 76
132 51 40 258
137 65 46 235
139 51 55 258
142 65 52 235
144 65 34 235
153 51 49 258
154 51 52 258
159 51 10 76
160 51 7 76
161 51 1 76
163 65 55 235
166 65 37 100
168 65 58 235
175 65 43 100
176 65 46 100
178 65 49 100
178 51 58 258
187 65 52 100
189 65 4 104
196 65 55 100
7 38 16 91
11 38 10 91
11 21 40 23
13 38 23 91
13 21 43 23
14 21 45 23
20 38 3 91
25 38 5 91
26 38 25 91
29 21 47 23
30 38 7 91
34 38 1 91
39 21 49 23
40 38 19 91
40 21 51 23
46 21 53 23
50 38 13 91
50 21 55 23
52 38 29 91
57 21 57 23
64 21 59 23
67 21 1 264
68 21 11 264
73 38 21 91
73 21 3 264
74 38 34 91
75 21 5 264
76 21 7 264
78 38 27 91
83 21 9 264
84 21 13 264
88 21 15 264
91 38 37 91
92 21 17 264
95 21 19 264
102 21 23 264
106 38 40 91
110 38 31 91
112 21 21 264
114 38 43 91
118 21 25 264
120 38 53 91
122 38 45 91
122 21 27 264
131 38 47 91
131 21 29 264
136 21 35 264
137 38 49 91
145 38 55 91
146 21 31 264
147 21 33 264
152 38 59 91
154 38 57 91
157 21 37 264
160 21 39 264
163 38 51 91
167 21 41 264
171 38 3 7
178 38 1 7
180 21 43 264
183 21 47 264
185 38 5 7
188 21 45 264
192 21 49 264
194 38 7 7
200 38 11 7
13 26 25 214
15 26 15 214
17 26 37 214
31 26 43 214
32 26 31 214
39 26 1 214
42 26 49 214
47 26 25 48
55 26 21 214
56 26 7 214
60 26 55 214
62 26 37 48
63 26 7 48
66 26 13 48
68 26 25 59
71 26 1 48
73 26 33 48
78 26 19 48
85 26 55 48
92 26 43 48
112 26 1 59
114 26 51 48
117 26 13 59
118 26 7 59
119 26 19 59
121 26 31 59
129 26 39 59
135 26 43 59
142 26 55 59
148 26 49 59
150 26 7 62
153 26 31 62
172 26 19 62
178 26 3 62
182 26 25 62
195 26 13 62
10 7 19 94
36 7 31 94
37 7 7 94
42 7 1 94
43 7 13 94
89 7 25 94
93 7 49 94
102 7 1 9
105 7 7 9
111 7 57 94
112 7 43 94
113 7 39 94
123 7 19 9
129 7 25 9
138 7 13 9
139 7 37 9
141 7 31 9
156 7 43 9
157 7 55 9
163 7 25 51
172 7 49 9
174 7 21 51
175 7 31 51
178 7 37 51
186 7 43 51
187 7 9 180
188 7 49 51
199 7 55 51
1 14 16 31
2 32 10 6
2 13 13 107
2 57 16 155
3 32 25 6
3 52 43 68
3 57 28 155
5 57 34 155
6 14 25 31
7 13 19 107
7 57 22 155
8 32 34 6
9 14 28 31
13 32 31 6
14 14 19 31
15 32 19 6
17 13 22 107
18 13 10 107
20 57 19 155
21 13 16 107
21 57 13 155
23 32 16 6
25 14 13 31
26 57 10 155
27 13 25 107
28 52 46 68
30 13 28 107
31 32 28 6
32 32 1 6
33 52 52 68
34 14 7 31
36 13 37 107
37 14 22 31
37 52 58 68
38 14 37 31
38 57 25 155
42 13 7 107
43 13 31 107
45 14 1 31
46 32 4 6
46 13 1 107
46 14 10 31
46 57 31 155
47 52 4 21
50 52 49 68
50 57 4 155
53 14 4 31
53 57 1 155
56 13 40 107
56 52 55 68
57 57 49 155
58 13 4 107
59 14 33 31
59 57 7 155
61 14 43 31
75 14 40 31
77 57 37 155
78 52 31 21
79 52 1 21
81 14 52 31
81 52 7 21
81 57 43 155
82 14 46 31
83 57 40 155
84 32 43 6
86 32 7 6
88 32 22 6
90 52 10 21
91 13 46 107
91 52 39 21
93 13 55 107
94 52 34 21
96 13 34 107
97 13 43 107
98 13 51 107
100 14 58 31
101 52 19 21
103 14 1 46
106 13 58 107
106 14 49 31
106 57 46 155
107 57 1 233
108 32 13 6
108 52 16 21
112 52 13 21
116 32 52 6
118 52 22 21
121 57 52 155
123 52 25 21
124 52 43 21
126 32 37 6
126 14 55 31
126 52 46 21
128 13 1 278
128 52 28 21
134 32 40 6
137 52 51 21
137 57 55 155
138 32 55 6
139 32 58 6
139 14 4 46
140 57 4 233
142 57 7 233
143 32 7 41
143 13 4 278
143 52 1 54
144 32 46 6
144 13 7 278
146 57 55 55
149 52 58 21
149 57 13 233
151 14 7 46
152 14 13 46
152 57 19 233
154 13 10 278
157 14 19 46
159 57 16 233
160 32 49 6
161 32 10 41
164 13 13 278
164 14 10 46
166 57 22 233
173 13 16 278
173 14 22 46
174 52 4 54
176 57 10 233
179 14 25 46
180 32 13 41
180 52 7 54
181 52 55 21
182 57 31 233
183 52 10 54
184 32 16 41
184 52 13 54
189 13 40 278
192 14 28 46
192 13 22 278
194 32 21 41
194 52 25 54
195 57 58 155
197 32 31 41
198 52 19 54
199 14 16 46
7 27 25 95
9 27 37 95
11 37 13 144
11 27 31 95
14 27 49 95
17 37 43 144
27 37 37 144
29 27 55 95
35 37 31 144
38 37 21 144
39 27 31 108
43 27 43 95
45 27 43 108
47 27 37 108
56 27 49 108
59 27 13 182
60 27 1 182
68 37 37 271
73 37 7 144
75 37 7 271
77 27 55 108
78 37 55 144
86 27 43 182
89 37 1 144
91 37 49 144
93 27 7 182
96 37 25 144
97 37 55 197
97 27 31 182
98 37 1 271
98 27 19 182
104 27 31 259
107 27 37 182
109 37 13 271
109 27 27 182
111 27 1 259
114 37 19 271
122 37 31 271
130 27 49 182
134 37 25 271
134 27 19 259
139 37 7 123
142 37 43 271
170 37 55 271
171 37 51 271
172 27 25 259
173 27 55 182
177 27 13 259
179 37 43 41
182 27 7 259
184 27 37 259
188 37 37 41
190 37 51 41
190 27 55 259
191 27 49 259
192 27 45 259
199 27 31 97
16 75 25 13
18 75 19 13
21 75 22 13
27 75 13 13
28 75 16 13
29 75 28 13
35 75 37 13
52 75 1 13
60 75 9 13
86 75 4 13
89 75 31 13
94 75 40 13
95 75 43 13
96 75 55 13
105 75 49 13
108 75 52 13
116 75 58 13
124 75 51 47
130 75 34 13
145 75 46 13
157 75 46 47
161 75 19 97
177 75 55 47
179 75 58 47
198 75 46 97
1 28 19 86
2 49 19 28
7 49 29 28
19 79 17 40
20 79 11 40
20 28 22 86
22 28 25 86
28 49 25 28
30 28 13 86
32 79 7 40
33 49 17 28
39 28 5 86
40 49 31 28
44 79 15 40
53 28 7 86
57 28 1 86
62 79 5 40
62 49 34 28
70 79 1 40
70 49 15 28
72 49 43 28
77 49 21 28
77 79 3 40
77 28 11 86
79 28 9 86
80 49 27 28
87 79 22 40
102 79 9 40
103 49 37 28
105 28 3 86
105 49 23 28
106 28 15 86
107 49 41 28
108 49 5 214
110 28 17 86
110 49 46 28
111 79 13 40
112 79 19 40
112 28 27 86
121 79 25 40
121 28 29 86
122 79 35 40
122 49 39 28
123 28 35 86
124 49 58 28
131 49 52 28
134 79 29 40
136 79 41 40
136 28 43 86
138 79 27 40
138 28 31 86
149 49 19 214
150 49 49 28
150 28 33 86
153 79 37 40
154 79 31 40
156 79 39 40
157 79 43 40
157 28 41 86
158 49 55 28
158 28 37 86
159 79 33 40
160 79 47 40
162 49 13 214
164 28 39 86
167 79 59 40
168 79 45 40
170 28 47 86
175 28 55 86
178 28 45 86
179 28 53 86
180 49 29 214
181 79 53 40
182 79 49 40
183 49 35 214
188 79 55 40
188 49 11 214
188 28 57 86
190 79 5 129
191 28 59 86
192 28 1 65
193 49 47 214
194 49 41 214
195 28 3 65
196 49 53 214
197 79 57 40
197 28 13 1
199 79 51 40
200 28 49 86
8 3 37 79
10 3 43 79
13 3 49 79
18 3 55 79
23 3 25 79
24 3 31 79
25 3 25 218
26 3 31 218
30 3 15 79
41 3 1 79
49 3 1 218
64 3 7 79
66 3 43 218
69 3 49 218
71 3 21 79
79 3 37 218
80 3 7 218
85 3 1 136
96 3 19 218
99 3 7 136
101 3 55 218
122 3 13 218
128 3 19 136
133 3 13 136
134 3 43 136
135 3 33 136
138 3 7 170
147 3 25 136
154 3 39 136
159 3 49 136
160 3 3 170
174 3 31 170
178 3 19 170
183 3 55 136
186 3 15 170
187 3 37 170
188 3 13 123
190 3 37 118
196 3 25 170
1 12 21 228
2 12 25 228
4 12 31 228
7 29 31 207
8 12 43 228
11 12 28 228
14 12 16 228
21 12 37 228
25 12 34 228
26 12 40 228
26 29 27 207
27 12 46 228
31 12 49 228
31 29 52 207
45 12 52 228
46 29 13 207
48 12 13 228
51 29 16 207
61 12 1 228
62 29 19 207
63 29 22 207
64 12 55 228
73 29 37 207
74 29 1 207
76 12 9 228
79 12 4 228
84 12 58 228
90 12 1 82
93 29 4 207
94 12 4 82
103 29 7 207
107 29 10 207
111 29 40 207
112 12 7 82
114 12 10 82
122 29 55 207
124 29 1 231
127 29 43 207
129 29 34 207
132 12 13 82
133 12 19 82
137 29 58 207
141 12 22 82
145 29 7 231
149 29 46 207
153 12 28 82
159 12 25 82
165 29 13 231
169 29 49 207
171 12 16 82
173 29 4 231
176 29 16 231
177 29 25 231
181 29 22 231
183 12 31 82
183 29 19 231
184 12 43 82
193 29 10 231
198 29 31 231
199 12 37 82
199 29 40 231
200 12 34 82
1 34 29 29
1 10 35 79
6 34 23 29
8 34 17 29
11 10 19 79
12 10 29 79
15 34 11 29
19 34 35 29
21 10 41 79
23 10 47 79
25 34 41 29
30 34 53 29
33 10 5 79
34 34 5 29
38 10 11 79
41 34 47 29
43 34 59 29
45 34 55 81
46 34 19 113
47 10 53 79
48 34 53 81
49 10 59 79
53 34 9 113
56 10 13 79
60 34 5 113
61 34 7 113
61 10 19 228
63 10 5 284
66 34 11 113
72 34 13 113
72 10 7 228
76 34 15 113
79 10 7 284
81 34 1 113
81 10 3 284
91 34 3 113
92 34 25 113
93 10 1 284
97 10 9 284
102 10 11 284
104 10 17 284
117 10 19 284
127 34 17 113
128 10 23 284
131 10 13 284
134 10 31 284
135 34 21 113
137 34 23 113
141 34 27 113
144 10 15 284
147 34 29 113
148 34 31 113
150 10 29 284
152 10 25 284
156 34 37 113
158 34 35 113
159 34 39 113
160 10 21 284
161 34 33 113
169 10 33 284
171 10 35 284
173 10 37 284
178 34 41 113
185 34 43 113
186 34 47 113
192 34 53 113
195 10 39 284
196 34 49 113
199 10 43 284
200 34 51 113
1 25 40 82
2 77 28 202
3 77 31 202
4 25 46 82
5 25 49 82
6 25 52 82
11 77 21 202
23 25 55 82
32 25 58 82
40 77 25 202
43 25 22 163
45 77 34 202
49 25 10 163
54 25 4 163
56 25 1 163
57 25 19 163
65 25 13 163
66 77 40 202
67 25 7 163
69 25 31 163
70 77 7 202
72 25 28 163
73 77 13 202
82 77 1 202
84 77 16 202
84 25 34 163
85 25 37 163
92 25 40 163
101 77 4 202
101 25 25 163
110 25 58 163
111 77 10 202
115 77 37 202
117 25 52 163
125 77 43 202
129 77 46 202
132 25 16 163
135 77 49 202
141 77 55 202
148 77 28 298
152 25 43 163
154 77 49 298
159 25 46 163
160 77 52 202
160 25 10 211
163 25 1 211
164 25 49 163
165 77 25 298
165 25 19 211
172 25 16 211
175 25 7 211
181 77 58 202
184 77 55 298
184 25 25 211
185 25 31 211
187 25 55 163
192 77 58 298
194 77 52 298
200 77 16 54
200 25 4 211
7 74 34 289
10 74 37 289
14 74 22 289
16 59 28 77
19 59 19 77
24 74 43 289
25 74 31 289
27 59 22 77
28 74 27 289
28 59 31 77
32 74 40 289
39 74 16 289
46 74 46 289
55 74 1 289
56 59 15 77
65 74 55 289
65 59 25 77
69 74 4 289
70 59 10 77
76 74 19 289
77 74 49 289
82 59 4 77
84 59 49 77
86 74 10 289
87 74 52 289
88 59 1 77
98 59 37 77
99 59 45 77
102 74 13 289
103 74 28 231
107 74 7 289
109 74 4 140
114 74 45 231
117 74 58 289
119 59 34 77
120 59 40 77
125 59 7 77
127 74 37 231
130 59 55 77
131 74 55 231
131 59 58 77
132 74 34 231
136 59 52 77
143 59 10 36
144 74 1 140
145 59 1 36
148 74 16 140
153 74 52 231
156 74 49 231
162 74 22 140
166 74 19 140
166 59 4 36
168 59 7 36
170 74 7 140
170 59 19 36
171 74 10 140
172 59 31 36
178 59 25 36
180 59 16 36
186 59 22 36
193 74 13 140
194 74 58 231
195 59 28 36
196 74 31 140
198 74 25 140
200 74 37 140
2 71 5 125
5 71 17 125
15 71 22 125
16 71 7 125
23 71 19 125
25 71 11 125
34 71 13 125
36 71 29 125
44 71 35 125
51 71 31 125
65 71 33 125
69 71 1 125
70 71 25 125
73 71 27 125
77 71 40 125
78 71 43 125
80 71 3 125
83 71 15 125
88 71 46 125
90 71 37 125
92 71 49 125
96 71 9 125
98 71 55 125
101 71 52 125
110 71 11 129
121 71 59 125
126 71 17 129
132 71 57 125
140 71 23 129
151 71 29 129
156 71 41 129
162 71 35 129
163 71 47 129
173 71 53 129
180 71 5 136
181 71 11 136
186 71 59 129
199 71 29 136
10 35 49 223
12 35 31 223
15 35 25 223
17 35 55 223
19 35 37 223
41 35 43 223
52 35 55 272
58 35 13 223
60 35 49 272
72 35 9 223
73 35 43 272
74 35 37 272
90 35 19 223
91 35 7 64
102 35 25 64
103 35 13 64
113 35 25 138
115 35 19 64
118 35 55 64
120 35 13 138
121 35 1 223
131 35 43 64
137 35 39 64
139 35 19 138
140 35 37 138
145 35 31 64
155 35 49 64
158 35 1 138
174 35 7 138
182 35 43 138
195 35 7 179
18 66 22 210
22 66 27 210
29 66 19 210
40 66 33 210
51 66 13 210
57 66 10 210
58 66 1 210
76 66 37 210
79 66 43 210
80 66 46 210
87 66 4 210
94 66 7 210
100 66 16 210
105 66 52 210
114 66 40 210
117 66 55 210
123 66 49 210
126 66 1 160
138 66 58 210
139 66 13 160
145 66 22 95
149 66 4 160
156 66 10 160
169 66 16 160
171 66 7 160
176 66 22 160
191 66 25 160
193 66 34 160
1 54 47 218
19 54 23 218
40 54 5 218
42 54 17 218
55 54 41 218
71 54 29 218
75 54 11 218
86 54 35 218
93 54 53 218
94 54 59 218
99 54 5 65
112 54 10 65
119 54 13 65
133 54 17 65
140 54 15 65
151 54 19 65
161 54 22 65
163 54 29 65
170 54 25 65
172 54 7 65
176 54 31 65
179 54 41 65
11 78 25 127
12 18 22 73
15 78 37 127
16 18 31 73
21 61 25 39
24 18 46 73
25 78 43 127
26 61 37 39
29 78 22 127
32 18 25 73
32 61 22 39
34 78 10 127
34 18 34 73
36 18 40 73
37 18 19 73
42 61 28 39
43 61 34 39
47 61 10 39
50 18 15 73
52 78 4 127
53 18 49 73
54 78 7 127
54 18 37 73
55 18 4 73
55 61 7 39
57 18 28 73
59 18 10 73
59 61 43 39
63 61 40 39
65 18 58 73
67 61 3 39
70 78 19 127
70 18 55 73
72 78 31 127
73 18 52 73
74 78 46 127
77 78 28 127
78 18 40 132
83 18 43 73
83 61 49 39
87 18 1 73
88 78 49 127
89 78 13 127
90 18 7 73
91 61 55 39
95 18 55 26
96 61 58 39
104 18 58 26
107 78 16 127
115 18 52 132
118 18 4 239
119 18 1 239
121 78 40 127
122 18 58 132
124 61 19 39
125 18 46 132
125 61 13 39
126 18 49 132
128 18 55 132
129 78 1 127
129 61 31 39
132 61 37 211
136 18 7 239
137 61 16 39
139 18 16 239
142 18 10 239
143 18 22 239
144 18 19 239
144 61 28 211
146 78 34 127
147 78 55 127
151 78 10 186
151 18 13 239
153 78 58 127
155 78 7 186
162 61 46 39
163 61 13 211
164 18 25 239
164 61 52 39
166 61 40 211
174 18 46 239
180 61 34 211
181 78 1 186
182 78 19 186
183 78 15 186
191 18 28 239
193 18 43 239
195 18 31 239
196 18 34 239
197 18 7 286
198 78 4 186
2 56 31 76
6 56 28 76
19 56 33 76
20 56 25 76
28 56 35 76
30 56 23 76
32 56 17 76
33 56 13 76
34 56 37 76
38 56 40 76
42 56 47 76
50 56 21 76
58 56 53 76
70 56 58 76
71 56 45 76
86 56 15 76
94 56 19 76
98 56 43 76
123 56 57 245
124 56 5 60
129 56 49 76
130 56 53 245
141 56 19 202
146 56 49 47
147 56 59 245
158 56 51 76
164 56 17 60
169 56 23 60
178 56 55 76
182 56 55 245
184 56 51 245
190 56 11 60
197 56 29 60
199 56 35 60
Điểm tối ưu: 2397
Thời gian: 0.308477 giây
Trạng thái: GREEDY_DONE
