553
1 12 1 55
1 17 7 11
2 17 1 11
3 8 1 26
3 12 7 55
4 12 13 55
4 17 19 11
5 8 7 26
6 8 13 26
6 12 19 55
7 8 19 26
7 12 25 55
7 17 13 11
8 8 25 26
8 12 31 55
8 17 37 11
9 8 31 26
9 12 37 55
10 8 37 26
10 12 43 55
11 8 43 26
11 17 25 11
12 8 49 26
12 12 55 55
12 17 31 11
13 8 55 26
13 12 49 55
13 17 43 11
14 8 1 21
14 12 7 69
15 8 7 21
15 17 49 11
16 8 13 21
16 12 1 69
16 17 55 11
17 12 13 69
18 8 19 21
18 17 1 27
19 12 19 69
19 17 7 27
20 8 25 21
20 12 31 69
21 8 31 21
21 12 25 69
21 17 13 27
22 8 37 21
23 8 43 21
23 12 37 69
23 17 19 27
24 8 49 21
24 12 43 69
24 17 25 27
25 8 55 21
25 12 49 69
25 17 31 27
26 12 55 69
26 17 37 27
27 17 43 27
29 17 49 27
31 17 55 27
1 9 13 70
2 3 7 61
2 9 10 70
3 3 13 61
3 9 16 70
4 9 1 70
5 3 1 61
5 9 4 70
6 3 4 61
6 9 7 70
7 9 31 70
8 3 10 61
9 3 16 61
9 9 19 70
11 9 22 70
13 9 25 70
14 9 28 70
15 3 19 61
15 9 34 70
16 9 37 70
17 3 22 61
17 9 40 70
18 3 25 61
18 9 43 70
19 3 28 61
20 9 46 70
22 3 31 61
22 9 49 70
24 3 34 61
25 3 37 61
28 3 40 61
28 9 52 70
29 3 43 61
29 9 55 70
31 9 1 51
32 3 46 61
33 3 49 61
33 9 58 70
35 9 4 51
36 3 52 61
36 9 7 51
39 3 55 61
39 9 10 51
40 3 58 61
40 9 13 51
41 9 16 51
42 3 1 54
42 9 19 51
45 3 4 54
46 3 7 54
47 3 10 54
47 9 22 51
48 3 13 54
48 9 25 51
49 3 16 54
50 9 28 51
3 5 5 34
6 5 1 34
8 5 3 34
10 5 7 34
11 5 9 34
12 5 11 34
13 5 13 34
15 5 15 34
16 5 17 34
18 5 23 34
20 5 19 34
21 5 21 34
22 5 25 34
23 5 27 34
29 5 29 34
30 5 31 34
31 5 33 34
32 5 35 34
33 5 37 34
35 5 39 34
37 5 41 34
38 5 43 34
40 5 45 34
41 5 47 34
42 5 49 34
43 5 51 34
44 5 53 34
46 5 55 34
47 5 57 34
48 5 59 34
49 5 19 54
50 5 21 54
2 10 13 20
3 10 19 20
5 10 25 20
7 10 1 20
10 10 9 20
11 10 31 20
12 10 37 20
13 10 1 73
14 10 43 20
16 10 49 20
19 10 55 20
21 10 7 73
22 10 13 73
23 10 31 73
26 10 19 73
27 10 25 73
29 10 37 73
30 10 43 73
31 10 49 73
33 10 1 49
37 10 55 73
38 10 7 49
39 10 13 49
40 10 19 49
42 10 25 49
43 10 31 49
44 10 37 49
46 10 43 49
47 10 49 49
50 10 55 49
1 6 16 74
3 2 25 19
3 6 28 74
4 2 4 19
4 6 7 74
5 2 13 19
5 6 19 74
6 6 10 74
8 2 7 19
9 2 1 19
9 6 4 74
10 6 1 74
11 2 16 19
11 6 13 74
12 2 19 19
13 2 10 19
14 2 22 19
14 6 25 74
15 6 22 74
17 2 28 19
17 6 31 74
18 6 34 74
20 2 37 19
20 6 40 74
21 2 40 19
23 2 49 19
24 2 31 19
24 6 37 74
25 2 43 19
25 6 46 74
26 6 43 74
27 2 34 19
28 6 49 74
29 6 58 74
30 2 52 19
30 6 55 74
31 6 4 43
32 6 52 74
33 2 46 19
33 6 7 43
34 2 55 19
34 6 1 43
35 2 58 19
35 6 10 43
36 2 1 33
36 6 13 43
37 2 4 33
37 6 16 43
38 2 13 33
38 6 19 43
40 6 25 43
42 2 7 33
42 6 22 43
43 2 10 33
43 6 28 43
44 2 16 33
44 6 31 43
45 2 19 33
46 2 22 33
46 6 34 43
47 2 25 33
48 2 28 33
48 6 37 43
49 2 31 33
50 2 34 33
50 6 40 43
1 4 5 30
1 13 11 23
1 15 19 67
2 4 17 30
2 13 5 23
2 15 21 67
3 4 11 30
4 4 23 30
4 13 17 23
5 4 29 30
5 13 22 23
6 4 25 30
6 13 27 23
6 15 17 67
7 4 7 30
7 13 9 23
8 4 1 30
9 4 9 30
10 4 13 30
10 13 15 23
11 13 1 23
11 15 3 67
12 4 3 30
12 13 7 23
12 15 1 67
13 4 15 30
13 13 19 23
14 4 19 30
14 13 13 23
15 15 5 67
17 13 3 23
17 15 7 67
18 13 29 23
18 15 9 67
19 4 31 30
19 13 25 23
19 15 11 67
20 13 35 23
20 15 13 67
21 4 35 30
21 13 37 23
21 15 23 67
22 4 21 30
22 15 27 67
24 4 40 30
25 4 27 30
25 13 40 23
26 4 33 30
26 13 31 23
26 15 15 67
27 4 37 30
28 4 43 30
28 13 33 23
28 15 25 67
29 4 46 30
29 13 53 23
30 4 49 30
30 15 29 67
31 13 43 23
31 15 31 67
32 4 55 30
32 15 33 67
33 4 52 30
33 13 55 23
34 4 58 30
34 13 45 23
34 15 35 67
35 13 47 23
36 13 49 23
36 15 37 67
37 13 51 23
37 15 39 67
38 4 1 39
38 15 41 67
39 4 3 39
39 15 43 67
40 4 5 39
40 13 1 3
40 15 47 67
41 4 7 39
41 15 45 67
42 4 10 39
42 13 57 23
43 4 13 39
43 15 49 67
44 4 19 39
44 13 59 23
45 4 15 39
45 13 7 3
45 15 51 67
46 4 17 39
46 15 53 67
47 13 3 3
47 15 55 67
48 15 57 67
49 4 21 39
49 15 59 67
50 13 5 3
50 15 1 15
1 11 21 36
1 14 25 18
2 14 31 18
3 11 31 36
3 14 37 18
4 11 25 36
4 14 43 18
6 11 37 36
7 11 43 36
7 14 49 18
8 14 13 18
9 11 49 36
9 14 55 18
10 11 55 36
10 14 19 18
13 14 21 15
15 14 1 18
16 11 7 36
16 14 25 15
17 11 9 46
17 14 43 15
18 11 13 36
18 14 37 15
19 11 1 36
19 14 13 15
21 11 1 46
22 14 7 18
23 11 13 46
24 11 19 46
24 14 3 15
26 11 25 46
27 11 39 46
29 11 31 46
29 14 7 15
30 11 1 2
30 14 33 15
31 11 45 46
32 14 57 15
33 14 13 56
34 11 49 46
34 14 7 56
35 11 13 2
35 14 49 15
36 11 55 46
36 14 19 56
37 11 7 2
37 14 25 56
38 11 25 2
38 14 3 56
39 11 19 2
39 14 31 56
41 11 31 2
41 14 37 56
42 11 37 2
43 11 43 2
44 11 49 2
45 11 55 2
45 14 43 56
46 11 1 66
46 14 49 56
48 11 7 66
49 11 25 66
49 14 55 56
1 16 29 2
2 7 23 21
2 16 35 2
4 16 11 2
5 7 11 21
5 16 17 2
6 7 29 21
7 7 5 21
7 16 23 2
8 16 5 2
9 7 35 21
10 7 17 21
10 16 41 2
11 7 41 21
12 16 47 2
14 7 47 21
14 16 53 2
15 16 59 2
16 7 53 21
16 16 11 3
18 16 17 3
19 7 59 21
20 7 1 50
21 16 19 3
22 7 3 50
23 7 5 50
23 16 9 3
25 7 7 50
25 16 13 3
26 7 9 50
26 16 23 3
27 7 11 50
27 16 15 3
28 16 21 3
30 7 13 50
30 16 25 3
32 7 15 50
32 16 27 3
34 7 17 50
35 7 19 50
37 7 21 50
39 7 23 50
40 7 28 50
41 16 29 3
42 16 31 3
43 16 35 3
44 7 25 50
45 7 31 50
45 16 33 3
47 16 37 3
48 7 33 50
48 16 40 3
49 7 35 50
50 16 43 3
1 19 31 1
4 19 34 1
5 19 37 1
6 19 43 1
8 19 19 1
9 19 13 1
13 19 7 1
14 19 16 1
15 19 25 1
16 19 22 1
17 19 49 1
19 19 40 1
20 19 3 1
22 19 46 1
23 19 52 1
24 19 10 1
25 19 1 7
27 19 55 1
28 19 28 1
34 19 4 7
35 19 7 7
36 19 10 7
37 19 13 7
39 19 58 1
43 19 16 7
44 19 21 7
45 19 25 7
47 19 28 7
49 19 37 7
2 18 19 42
3 18 23 42
4 18 29 42
5 18 31 42
8 18 17 42
10 18 4 42
11 18 7 42
12 18 9 42
15 18 11 42
16 18 33 42
17 18 1 42
18 18 41 42
19 18 35 42
20 18 15 42
21 18 43 42
22 18 52 42
23 18 25 42
24 18 13 42
25 18 21 42
26 18 46 42
27 18 49 42
28 18 37 42
30 18 27 42
31 18 39 42
32 18 1 71
34 18 11 71
35 18 55 42
36 18 59 42
37 18 19 71
41 18 57 42
42 18 4 71
43 18 7 71
45 18 9 71
47 18 13 71
50 18 15 71
1 20 34 14
2 20 25 14
7 20 11 14
8 20 22 14
9 20 7 14
11 20 5 14
12 20 13 14
13 20 17 14
14 20 31 14
15 20 28 14
17 20 19 14
20 20 9 14
22 20 1 14
23 20 3 14
24 20 15 14
27 20 47 14
28 20 45 14
31 20 37 14
32 20 39 14
33 20 41 14
35 20 43 14
36 20 4 16
38 20 49 14
40 20 51 14
41 20 53 14
43 20 55 14
46 20 57 14
49 20 1 16
50 20 59 14
Điểm tối ưu: 553
Thời gian: 0.030368 giây
Trạng thái: GREEDY_DONE
