2396
2 24 1 20
12 24 3 20
19 24 5 20
23 24 7 20
46 24 9 20
49 24 11 20
59 24 13 20
64 24 15 20
72 24 17 20
73 24 19 20
93 24 21 20
95 24 23 20
97 24 25 20
112 24 27 20
115 24 29 20
117 24 31 20
119 24 33 20
123 24 35 20
128 24 37 20
135 24 39 20
136 24 41 20
141 24 43 20
142 24 45 20
145 24 47 20
149 24 49 20
155 24 51 20
157 24 53 20
159 24 55 20
169 24 57 20
174 24 59 20
183 24 1 83
185 24 3 83
188 24 5 83
194 24 7 83
197 24 9 83
3 33 1 42
9 33 7 42
11 33 13 42
31 33 19 42
43 33 25 42
57 33 31 42
61 33 37 42
65 33 43 42
70 33 49 42
93 33 55 42
103 33 1 30
115 33 7 30
120 33 13 30
123 33 19 30
125 33 25 30
128 33 31 30
132 33 37 30
133 33 43 30
146 33 49 30
166 33 55 30
174 33 1 251
182 33 7 251
191 33 13 251
192 33 19 251
195 33 25 251
199 33 31 251
200 33 37 251
3 73 7 186
10 73 1 186
27 73 13 186
36 73 19 186
41 73 25 186
44 73 31 186
49 73 37 186
58 73 43 186
63 73 49 186
74 73 55 186
97 73 1 195
109 73 7 195
116 73 13 195
125 73 19 195
128 73 25 195
129 73 31 195
133 73 37 195
135 73 43 195
139 73 49 195
140 73 55 195
148 73 1 261
149 73 7 261
157 73 13 261
162 73 19 261
165 73 25 261
173 73 31 261
175 73 37 261
185 73 43 261
187 73 49 261
194 73 55 261
1 51 1 140
4 51 7 140
6 51 13 140
9 51 19 140
14 51 25 140
17 51 31 140
20 51 37 140
31 51 43 140
49 51 49 140
56 51 55 140
70 51 1 276
72 51 7 276
81 51 13 276
110 51 19 276
116 51 25 276
120 51 31 276
129 51 37 276
137 51 43 276
143 51 49 276
148 51 55 276
149 51 1 133
155 51 7 133
164 51 13 133
167 51 19 133
173 51 25 133
185 51 31 133
190 51 37 133
192 51 43 133
1 79 7 78
22 79 1 78
25 79 4 78
28 79 10 78
33 79 13 78
36 79 16 78
42 79 19 78
45 79 22 78
63 79 25 78
74 79 28 78
75 79 31 78
91 79 34 78
111 79 37 78
113 79 40 78
115 79 43 78
119 79 46 78
127 79 49 78
130 79 52 78
137 79 55 78
141 79 58 78
151 79 1 275
153 79 4 275
162 79 7 275
165 79 10 275
175 79 13 275
181 79 16 275
182 79 19 275
17 54 1 91
19 54 7 91
36 54 4 91
37 54 10 91
38 54 13 91
44 54 16 91
54 54 19 91
56 54 22 91
58 54 25 91
59 54 28 91
60 54 31 91
65 54 34 91
71 54 37 91
77 54 40 91
79 54 43 91
86 54 46 91
99 54 49 91
103 54 52 91
104 54 55 91
105 54 58 91
110 54 1 224
118 54 4 224
130 54 7 224
132 54 10 224
150 54 13 224
152 54 16 224
155 54 19 224
169 54 22 224
170 54 25 224
173 54 37 224
178 54 28 224
184 54 31 224
188 54 34 224
189 54 40 224
13 9 1 47
16 9 3 47
21 9 5 47
24 9 7 47
27 9 9 47
33 9 11 47
57 9 13 47
76 9 15 47
81 9 17 47
84 9 19 47
87 9 21 47
100 9 23 47
109 9 25 47
111 9 27 47
115 9 31 47
116 9 29 47
118 9 33 47
136 9 35 47
138 9 37 47
142 9 39 47
147 9 41 47
148 9 43 47
152 9 45 47
155 9 47 47
163 9 49 47
171 9 51 47
174 9 53 47
181 9 55 47
190 9 57 47
191 9 59 47
193 9 1 255
2 47 3 131
7 47 7 131
12 56 7 16
13 56 3 16
13 63 7 297
15 63 1 297
21 63 13 297
23 56 13 16
25 63 19 297
27 47 19 131
28 56 19 16
30 56 25 16
33 56 31 16
34 47 13 131
38 56 37 16
40 47 25 131
41 56 43 16
43 63 31 297
52 63 25 297
53 56 49 16
54 47 31 131
54 56 55 16
63 56 1 177
64 63 37 297
66 63 43 297
67 47 37 131
71 63 49 297
76 47 43 131
82 56 7 177
84 56 13 177
85 56 19 177
88 56 25 177
90 63 55 297
92 56 31 177
94 47 49 131
99 56 37 177
101 47 55 131
101 63 1 145
105 47 1 46
106 56 43 177
107 56 49 177
109 56 55 177
112 47 7 46
114 63 7 145
115 56 1 88
116 47 19 46
117 56 7 88
119 63 13 145
121 47 13 46
121 63 19 145
124 47 25 46
124 56 13 88
124 63 31 145
127 63 25 145
130 56 19 88
131 63 37 145
134 63 43 145
136 47 31 46
138 47 39 46
140 63 49 145
141 47 45 46
145 47 49 46
146 56 25 88
147 47 55 46
154 47 1 33
156 56 31 88
158 47 7 33
160 47 13 33
161 63 55 145
162 47 25 33
163 47 19 33
166 56 37 88
168 47 31 33
175 47 43 33
176 63 1 154
177 63 7 154
179 47 37 33
179 56 43 88
182 47 49 33
184 63 13 154
186 56 49 88
188 47 55 33
189 47 1 230
189 56 55 88
190 63 19 154
191 56 1 121
192 63 25 154
193 47 7 230
194 47 13 230
200 56 7 121
1 67 10 71
9 67 1 71
13 67 13 71
14 67 4 71
24 67 16 71
29 67 7 71
31 67 25 71
34 67 19 71
46 67 22 71
47 67 28 71
48 67 31 71
50 67 34 71
53 67 37 71
80 67 40 71
83 67 43 71
93 67 46 71
94 67 55 71
103 67 49 71
106 67 52 71
108 67 58 71
120 67 1 211
144 67 4 211
145 67 7 211
150 67 10 211
152 67 13 211
161 67 16 211
162 67 31 211
164 67 19 211
167 67 25 211
178 67 22 211
180 67 28 211
183 67 34 211
187 67 37 211
17 16 4 194
18 37 1 254
19 16 1 194
24 37 3 254
28 37 5 254
32 37 7 254
35 37 9 254
47 16 7 194
52 16 9 194
56 37 11 254
56 16 13 194
59 37 15 254
64 37 13 254
64 16 11 194
65 37 17 254
69 16 15 194
74 37 19 254
76 16 17 194
79 16 19 194
82 16 21 194
85 16 23 194
87 16 25 194
88 37 21 254
93 37 23 254
101 16 27 194
103 37 25 254
103 16 29 194
105 16 31 194
108 16 33 194
111 16 35 194
114 16 37 194
117 37 27 254
128 16 39 194
140 37 29 254
143 37 31 254
152 16 41 194
155 37 33 254
157 16 43 194
169 37 35 254
174 16 45 194
175 37 41 254
175 16 47 194
181 37 37 254
185 37 39 254
187 16 53 194
195 16 49 194
197 37 43 254
197 16 51 194
198 16 55 194
199 37 45 254
10 10 7 107
12 10 13 107
13 10 19 107
22 10 25 107
23 10 1 107
26 10 31 107
36 10 37 107
40 10 43 107
49 10 55 107
52 10 49 107
53 10 1 146
55 10 7 146
58 10 13 146
62 10 19 146
75 10 25 146
76 10 31 146
83 10 37 146
94 10 43 146
95 10 49 146
97 10 55 146
98 10 1 53
126 10 7 53
131 10 13 53
142 10 19 53
144 10 25 53
148 10 31 53
150 10 37 53
158 10 43 53
162 10 49 53
172 10 55 53
176 10 7 189
181 10 1 189
185 10 13 189
186 10 19 189
187 10 25 189
189 10 31 189
195 10 37 189
198 10 43 189
200 10 49 189
3 75 5 5
6 75 1 5
7 75 3 5
9 75 11 5
22 75 7 5
23 75 9 5
25 75 13 5
30 75 15 5
33 75 17 5
38 75 19 5
40 75 21 5
41 75 23 5
44 75 25 5
47 75 31 5
48 75 27 5
59 75 33 5
60 75 29 5
61 75 35 5
68 75 37 5
70 75 39 5
71 75 41 5
75 75 43 5
78 75 45 5
79 75 47 5
91 75 49 5
96 75 51 5
97 75 53 5
103 75 55 5
107 75 57 5
111 75 59 5
115 75 5 43
121 75 1 43
126 75 3 43
130 75 10 43
145 75 13 43
162 75 15 43
167 75 7 43
173 75 17 43
185 75 19 43
188 75 21 43
200 75 23 43
5 21 1 96
6 14 3 14
7 14 13 14
7 21 16 96
16 14 7 14
16 21 10 96
17 14 10 14
22 21 4 96
34 14 22 14
37 14 16 14
37 21 7 96
39 21 13 96
45 14 19 14
50 21 19 96
51 21 22 96
53 14 25 14
53 21 28 96
64 21 25 96
67 14 28 14
71 21 31 96
72 21 34 96
73 14 31 14
78 14 34 14
80 14 37 14
81 14 40 14
82 14 43 14
83 14 46 14
88 21 37 96
98 14 49 14
98 21 40 96
102 14 52 14
106 21 49 96
110 21 43 96
119 21 52 96
127 21 46 96
135 21 55 96
137 14 58 14
139 21 58 96
143 14 55 14
143 21 1 68
145 21 4 68
147 21 7 68
151 14 4 90
156 14 1 90
157 21 10 68
160 14 7 90
167 14 10 90
167 21 13 68
170 14 13 90
170 21 16 68
172 21 19 68
173 14 19 90
180 21 22 68
181 14 22 90
184 14 25 90
189 21 25 68
192 14 16 90
193 21 28 68
194 14 28 90
196 21 31 68
3 55 11 153
4 55 1 153
5 50 4 242
5 55 7 153
8 50 1 242
9 55 4 153
9 26 13 126
10 55 13 153
13 60 11 196
14 50 7 242
14 60 1 196
15 26 5 126
20 55 9 153
20 60 3 196
22 55 15 153
28 50 13 242
29 55 17 153
31 55 23 153
31 26 1 126
34 60 5 196
35 55 19 153
36 55 25 153
38 26 3 126
39 55 21 153
39 26 7 126
42 26 9 126
43 55 29 153
47 60 9 196
49 55 27 153
50 55 31 153
51 26 11 126
51 60 7 196
53 26 15 126
58 55 33 153
64 50 9 242
65 50 11 242
69 55 35 153
69 26 17 126
73 60 13 196
76 50 19 242
80 26 19 126
82 55 37 153
83 55 41 153
84 26 21 126
87 50 15 242
89 50 17 242
90 60 15 196
95 60 17 196
98 50 21 242
98 60 19 196
99 50 23 242
99 60 21 196
102 55 39 153
104 55 43 153
105 60 23 196
107 60 25 196
108 60 27 196
109 55 45 153
110 50 25 242
112 26 23 126
112 60 29 196
113 50 27 242
114 60 31 196
116 50 31 242
118 60 35 196
119 60 37 196
120 50 29 242
120 60 39 196
121 55 47 153
124 55 49 153
125 50 33 242
127 55 52 153
128 50 35 242
131 50 41 242
131 55 55 153
133 55 57 153
134 26 25 126
136 26 27 126
137 60 33 196
139 55 1 1
139 60 41 196
140 26 31 126
145 26 29 126
146 55 59 153
146 26 33 126
149 50 37 242
150 60 43 196
151 55 7 1
152 50 39 242
153 26 35 126
153 60 45 196
154 55 5 1
156 50 43 242
157 60 47 196
160 60 49 196
163 26 37 126
165 60 51 196
173 26 40 126
174 60 55 196
175 50 49 242
176 60 53 196
178 60 57 196
179 55 3 1
180 50 45 242
181 26 43 126
186 26 45 126
186 55 9 1
186 60 59 196
190 50 47 242
192 60 1 137
195 26 47 126
198 50 51 242
199 50 53 242
199 60 3 137
200 55 11 1
1 58 13 103
2 78 7 155
4 58 3 103
5 58 9 103
6 58 19 103
8 78 3 155
18 78 13 155
20 58 25 103
21 78 19 155
21 58 31 103
26 78 25 155
27 58 37 103
30 78 31 155
32 58 43 103
34 78 37 155
41 58 49 103
46 78 43 155
62 58 55 103
70 78 55 155
71 58 1 223
75 78 49 155
82 78 1 134
84 58 7 223
86 78 7 134
87 58 27 223
89 78 13 134
90 78 19 134
100 58 13 223
104 58 19 223
106 58 31 223
107 58 37 223
118 58 43 223
120 58 49 223
121 58 55 223
122 78 25 134
128 58 1 97
129 78 43 134
130 78 31 134
135 58 7 97
136 58 13 97
144 78 37 134
148 78 49 134
154 58 19 97
166 58 25 97
168 58 37 97
172 78 7 137
174 78 13 137
175 58 31 97
177 78 55 134
178 78 31 137
178 58 43 97
179 78 19 137
181 58 49 97
183 78 25 137
184 58 55 97
186 58 1 268
187 78 43 137
188 78 37 137
191 78 49 137
192 58 7 268
193 78 55 137
193 58 13 268
197 78 1 86
199 78 7 86
200 78 13 86
200 58 19 268
2 38 19 86
7 38 22 86
28 38 25 86
35 38 28 86
49 38 31 86
62 38 34 86
70 38 43 86
76 38 37 86
81 38 46 86
82 38 40 86
85 38 49 86
90 38 52 86
97 38 7 147
100 38 55 86
106 38 58 86
113 38 1 147
114 38 4 147
117 38 13 147
119 38 10 147
122 38 16 147
123 38 25 147
126 38 19 147
146 38 22 147
147 38 28 147
160 38 31 147
161 38 34 147
191 38 37 147
8 61 7 59
15 61 9 59
16 28 1 170
16 61 5 59
22 28 9 170
32 61 1 59
42 28 3 170
42 61 11 59
45 61 3 59
48 28 5 170
48 61 13 59
52 28 7 170
52 61 15 59
59 28 11 170
62 28 13 170
63 28 15 170
65 28 19 170
66 28 17 170
68 28 21 170
72 28 23 170
74 61 17 59
77 28 25 170
79 28 27 170
80 28 29 170
81 28 31 170
88 61 19 59
88 28 33 170
89 61 21 59
96 28 35 170
97 61 23 59
104 28 37 170
109 61 27 59
112 61 25 59
116 28 39 170
117 28 41 170
123 61 29 59
124 28 43 170
125 61 31 59
126 28 45 170
132 28 47 170
137 61 35 59
138 28 49 170
143 28 53 170
146 61 37 59
148 28 59 170
148 61 39 59
151 28 51 170
152 61 33 59
155 61 41 59
156 61 45 59
158 61 47 59
161 61 43 59
164 28 55 170
178 61 49 59
179 28 57 170
194 28 1 265
196 28 3 265
196 61 51 59
3 65 13 181
8 69 9 85
10 65 19 181
10 69 15 85
11 69 1 85
12 65 25 181
14 65 9 181
17 65 37 181
18 65 3 181
26 65 43 181
38 69 21 85
40 69 31 85
45 69 25 85
46 65 31 181
49 69 43 85
54 69 37 85
57 69 49 85
61 65 49 181
64 65 55 181
66 69 55 85
69 69 1 63
72 65 1 57
72 69 13 63
73 65 7 57
84 69 25 63
87 69 7 63
92 69 19 63
94 69 31 63
96 65 13 57
97 69 37 63
100 69 43 63
102 65 19 57
110 65 27 57
114 69 49 63
122 69 55 63
138 69 1 114
139 69 7 114
142 69 13 114
143 65 33 57
144 69 19 114
146 69 39 114
149 65 39 57
151 69 25 114
155 69 43 114
156 69 49 114
157 65 49 57
158 69 31 114
166 69 1 201
168 65 43 57
170 69 55 114
184 69 7 201
185 69 21 201
186 69 13 201
194 69 31 201
197 65 55 57
32 34 13 1
34 34 25 1
45 34 16 1
56 34 19 1
61 34 22 1
65 34 28 1
67 34 31 1
69 34 37 1
70 34 34 1
74 34 40 1
85 34 43 1
90 34 46 1
91 34 51 1
93 34 1 143
102 34 55 1
107 34 4 143
108 34 7 143
109 34 13 143
114 34 58 1
125 34 10 143
126 34 16 143
130 34 25 143
134 34 19 143
153 34 22 143
154 34 28 143
159 34 31 143
174 34 34 143
176 34 37 143
177 34 40 143
179 34 49 143
180 34 52 143
190 34 43 143
200 34 46 143
2 27 11 9
2 30 13 52
11 30 5 52
20 27 1 9
23 27 5 9
24 27 9 9
24 30 1 52
26 27 3 9
26 30 7 52
28 27 7 9
33 27 19 9
50 27 13 9
51 27 15 9
52 27 17 9
52 30 3 52
55 27 21 9
57 27 23 9
62 27 25 9
66 27 27 9
67 30 9 52
68 27 29 9
69 27 31 9
76 27 35 9
77 27 33 9
80 27 43 9
81 30 11 52
85 30 15 52
85 27 37 9
86 27 39 9
87 27 41 9
87 30 17 52
88 30 23 52
90 30 25 52
92 27 45 9
105 30 19 52
110 27 47 9
111 30 21 52
113 27 49 9
123 30 31 52
129 27 51 9
138 30 27 52
139 30 29 52
153 27 53 9
154 30 33 52
159 27 57 9
164 27 59 9
168 27 55 9
172 27 1 22
174 27 5 22
175 30 35 52
176 30 40 52
179 30 47 52
180 30 37 52
187 27 3 22
192 27 11 22
195 27 7 22
195 30 43 52
199 30 49 52
1 3 19 225
3 71 19 99
4 41 13 50
6 41 7 50
12 41 19 50
16 41 16 50
21 3 1 225
21 41 10 50
24 41 22 50
25 71 1 99
26 41 37 50
27 71 4 99
31 71 7 99
34 3 7 225
34 71 10 99
40 41 1 50
44 3 4 225
44 71 13 99
48 3 10 225
50 71 16 99
50 41 4 50
51 41 25 50
54 71 22 99
55 71 25 99
63 71 28 99
66 3 13 225
68 41 31 50
71 3 16 225
72 71 31 99
74 71 34 99
76 71 40 99
77 71 37 99
78 3 22 225
79 71 49 99
83 41 28 50
84 3 31 225
88 3 40 225
89 3 25 225
89 41 34 50
91 71 43 99
93 41 40 50
100 41 49 50
103 3 34 225
104 3 28 225
104 41 45 50
105 71 46 99
105 41 52 50
106 71 55 99
108 71 52 99
110 71 58 99
112 41 55 50
114 71 1 100
118 71 7 100
119 71 4 100
123 3 37 225
123 41 58 50
126 3 49 225
127 71 10 100
131 3 43 225
140 3 46 225
140 41 1 70
146 71 13 100
147 3 52 225
152 3 55 225
153 3 58 225
155 71 16 100
161 3 1 240
164 3 4 240
167 3 16 240
169 71 19 100
169 41 4 70
173 41 7 70
174 71 22 100
176 71 25 100
177 71 28 100
179 3 7 240
180 3 10 240
184 71 34 100
185 71 49 100
186 3 25 240
189 3 13 240
193 3 19 240
193 41 22 70
194 41 10 70
196 3 22 240
2 68 15 89
2 52 17 134
4 68 11 89
6 52 11 134
10 52 5 134
13 68 17 89
15 52 23 134
17 68 7 89
19 68 3 89
20 52 29 134
21 68 23 89
24 52 35 134
29 68 1 89
35 52 41 134
37 68 5 89
39 52 47 134
41 52 53 134
42 52 59 134
47 68 13 89
49 68 9 89
50 68 25 89
54 68 27 89
58 68 19 89
59 68 21 89
61 52 1 21
79 52 3 21
80 52 5 21
84 52 11 21
89 52 7 21
91 52 9 21
95 68 29 89
95 52 13 21
96 68 31 89
98 68 33 89
99 68 35 89
102 68 37 89
104 52 15 21
111 68 40 89
116 52 17 21
122 68 43 89
131 52 19 21
136 52 21 21
137 52 23 21
141 52 25 21
151 68 45 89
151 52 29 21
156 68 47 89
162 68 53 89
165 52 31 21
181 52 27 21
183 52 37 21
189 68 49 89
197 52 33 21
199 68 51 89
200 68 55 89
7 77 25 116
16 77 19 116
22 77 31 116
25 77 7 116
31 77 3 116
38 77 43 116
40 77 13 116
60 77 37 116
62 77 49 116
71 77 55 116
82 77 13 75
83 77 1 75
94 77 7 75
97 77 19 75
101 77 31 75
107 77 27 75
115 77 37 75
118 77 49 75
119 77 55 75
141 77 1 18
145 77 43 75
146 77 7 18
150 77 19 18
163 77 13 18
166 77 31 18
173 77 43 18
182 77 25 18
189 77 51 18
196 77 37 18
8 13 13 187
10 32 25 106
11 32 7 106
13 32 28 106
23 32 19 106
27 13 1 187
30 32 1 106
31 32 10 106
36 13 7 187
40 13 4 187
42 32 13 106
45 13 10 187
47 13 16 187
48 13 19 187
53 13 22 187
56 32 4 106
58 32 22 106
58 13 28 187
63 13 31 187
64 32 31 106
69 32 40 106
70 13 25 187
73 13 34 187
78 32 16 106
78 13 37 187
82 13 46 187
85 32 34 106
89 32 37 106
90 32 43 106
90 13 40 187
95 32 46 106
99 32 52 106
100 32 58 106
101 13 43 187
102 13 49 187
108 13 55 187
109 13 52 187
114 32 55 106
123 13 1 253
124 32 1 118
127 32 4 118
129 32 7 118
132 32 49 106
133 32 10 118
137 32 13 118
141 32 16 118
147 32 19 118
153 13 7 253
159 32 22 118
161 13 4 253
162 13 58 187
166 13 10 253
169 13 13 253
170 32 28 118
171 32 25 118
172 13 16 253
174 13 19 253
175 32 51 118
182 13 22 253
183 13 31 253
190 13 25 253
197 13 28 253
199 32 37 118
4 48 16 93
7 64 1 220
8 64 16 220
8 48 19 93
9 48 23 93
11 48 10 93
14 64 13 220
17 48 13 93
19 48 21 93
20 64 5 220
22 48 29 93
23 48 25 93
29 64 3 220
29 48 5 93
30 64 7 220
35 48 1 93
39 64 9 220
41 48 3 93
50 64 11 220
53 48 7 93
55 64 19 220
67 64 21 220
67 48 34 93
68 48 27 93
74 64 23 220
75 64 29 220
75 48 37 93
77 64 27 220
79 48 31 93
88 64 31 220
90 64 33 220
95 48 39 93
100 64 25 220
106 64 35 220
109 64 37 220
113 48 43 93
118 48 41 93
122 64 39 220
126 48 47 93
130 48 45 93
131 64 46 220
140 48 53 93
141 48 49 93
146 48 55 93
147 48 59 93
148 64 41 220
157 64 55 220
161 48 51 93
167 48 57 93
168 64 49 220
170 64 43 220
171 64 53 220
172 64 51 220
177 64 59 220
182 48 1 76
183 48 3 76
192 64 57 220
193 64 5 137
195 64 11 137
196 48 5 76
198 64 17 137
8 59 21 151
10 59 31 151
11 59 25 151
12 7 31 260
13 59 37 151
18 7 7 260
19 59 13 151
32 7 3 260
38 7 25 260
38 59 7 151
40 7 37 260
41 59 55 151
48 7 15 260
48 59 1 151
50 59 43 151
56 59 49 151
57 7 19 260
59 59 1 12
62 59 7 12
65 59 13 12
70 59 19 12
71 7 43 260
78 7 49 260
80 7 55 260
87 59 31 12
91 7 1 29
92 7 7 29
93 7 13 29
93 59 25 12
95 7 19 29
97 59 43 12
101 59 37 12
104 7 31 29
107 59 7 23
108 59 1 23
111 7 43 29
112 59 49 12
115 59 55 12
121 59 25 23
127 7 37 29
130 59 55 18
133 7 25 29
135 59 13 23
138 7 51 29
140 59 19 23
142 59 31 23
144 59 43 23
146 7 1 87
152 7 7 87
153 59 37 23
156 59 55 23
158 7 55 29
165 7 13 87
166 7 19 87
167 7 31 87
170 7 37 87
171 7 43 87
173 7 49 87
182 59 31 90
184 59 49 23
185 59 55 90
187 7 55 87
188 7 25 87
191 7 7 148
197 7 13 148
199 59 13 152
5 76 55 59
14 76 58 59
18 76 19 274
35 76 3 274
37 76 13 274
41 76 7 274
43 76 10 274
44 76 22 274
58 76 37 274
72 76 25 274
81 76 28 274
82 76 31 274
83 76 16 274
87 76 43 274
88 76 46 274
91 76 40 274
96 76 55 274
98 76 52 274
110 76 34 274
115 76 49 274
124 76 58 274
127 76 1 84
128 76 7 84
131 76 4 84
135 76 19 84
136 76 10 84
141 76 13 84
161 76 22 84
170 76 31 84
180 76 16 84
191 76 25 84
2 44 22 73
3 45 17 271
7 44 5 73
14 45 15 271
14 44 17 73
15 45 7 271
15 17 11 15
18 44 11 73
21 44 7 73
22 44 13 73
24 45 5 271
27 17 7 15
29 17 13 15
31 17 15 15
33 44 1 73
34 45 1 271
39 45 3 271
41 45 10 271
43 17 1 15
44 45 19 271
45 44 29 73
47 17 3 15
49 45 13 271
51 45 28 271
52 45 21 271
55 45 23 271
55 17 5 15
60 45 25 271
61 44 3 73
65 17 9 15
66 44 9 73
68 45 34 271
70 17 17 15
71 45 47 271
72 45 37 271
72 17 19 15
78 44 19 73
82 45 49 271
83 44 25 73
94 44 15 73
96 45 39 271
103 44 27 73
106 45 41 271
108 45 31 271
109 17 21 15
118 44 31 73
121 44 33 73
122 17 23 15
123 45 43 271
125 17 29 15
129 17 25 15
131 17 27 15
133 45 51 271
139 17 31 15
143 45 45 271
147 17 33 15
149 44 35 73
151 45 53 271
156 45 59 271
157 17 35 15
158 45 1 213
160 44 37 73
163 45 55 271
164 45 57 271
164 17 37 15
168 44 41 73
168 45 3 213
171 17 39 15
175 45 5 213
181 44 39 73
181 45 7 213
187 17 41 15
188 17 43 15
189 44 43 73
191 44 45 73
192 45 13 213
196 45 9 213
196 17 45 15
198 45 11 213
200 44 53 73
10 53 37 149
14 53 19 149
17 53 15 149
37 53 1 149
38 53 31 149
46 53 25 149
57 53 7 149
60 53 43 149
69 53 49 149
79 53 55 149
83 53 7 64
100 53 1 64
103 53 13 64
104 53 39 64
106 53 19 64
107 53 31 64
109 53 3 255
116 53 43 64
120 53 25 64
133 53 13 255
134 53 49 64
135 53 25 255
144 53 55 64
148 53 7 255
153 53 31 255
158 53 19 255
159 53 37 255
164 53 43 255
165 53 55 255
171 53 1 259
178 53 51 255
188 53 7 259
7 18 19 228
8 18 25 228
10 23 43 118
18 23 31 118
20 18 13 228
26 23 40 118
27 23 34 118
29 18 10 228
29 23 46 118
32 23 55 118
34 23 58 118
35 18 16 228
39 23 16 247
42 23 22 247
43 23 3 247
44 18 1 228
49 18 4 228
52 18 31 228
52 23 34 247
57 23 25 247
58 18 7 228
59 18 37 228
62 18 28 228
64 18 22 228
67 23 13 247
77 18 43 228
79 23 7 247
86 18 34 228
91 23 19 247
93 18 49 228
95 23 10 247
98 18 46 228
111 23 31 247
112 23 37 247
119 18 40 228
119 23 28 247
120 18 55 228
123 23 40 247
133 18 1 291
134 23 55 247
136 18 52 228
140 23 43 247
142 23 49 247
144 18 7 291
145 18 58 228
145 23 1 125
150 23 46 247
153 18 10 291
154 18 13 291
160 23 52 247
163 18 4 291
164 18 22 291
165 23 4 125
168 23 58 247
170 18 19 291
176 23 57 194
178 23 7 125
180 23 13 125
181 18 31 291
186 18 28 291
187 23 10 125
189 18 16 291
190 18 34 291
193 18 25 291
194 23 19 125
198 23 22 125
1 36 5 98
6 36 17 98
7 36 11 98
8 36 28 98
10 5 11 158
11 36 19 98
12 36 1 98
12 5 5 158
20 5 7 158
22 36 21 98
26 5 1 158
31 36 13 98
31 5 17 158
36 5 13 158
39 5 19 158
41 36 15 98
49 5 15 158
50 36 7 98
54 36 3 98
58 36 31 98
61 36 9 98
68 5 3 158
73 36 23 98
73 5 21 158
80 36 25 98
80 5 9 158
81 36 33 98
81 5 23 158
84 5 29 158
88 5 35 158
92 36 35 98
94 5 25 158
95 5 27 158
96 36 37 98
100 36 39 98
101 5 41 158
106 5 37 158
117 5 33 158
118 36 47 98
120 36 41 98
121 36 43 98
124 5 39 158
125 36 45 98
126 36 52 98
132 5 31 158
133 5 47 158
134 36 58 98
139 5 43 158
144 36 49 98
149 36 55 98
156 5 53 158
159 36 1 28
163 36 7 28
163 5 45 158
164 5 49 158
171 36 5 28
172 36 3 28
182 5 55 158
184 5 59 158
185 5 47 73
190 36 9 28
194 36 17 28
195 36 13 28
198 5 57 158
1 57 25 27
5 57 13 27
10 49 49 235
13 57 31 27
14 57 37 27
15 49 13 235
18 57 43 27
21 57 49 27
28 57 1 27
33 57 7 27
36 49 27 235
36 57 55 27
38 57 49 101
43 49 19 235
44 49 7 235
45 49 31 235
46 57 1 101
48 57 37 101
54 57 7 101
55 49 1 235
61 57 13 101
66 49 37 235
67 49 43 235
69 49 55 235
72 57 43 101
77 49 1 267
83 57 19 27
84 57 55 101
86 49 13 267
94 49 19 267
98 49 7 267
99 49 25 267
102 57 25 101
103 57 19 101
106 49 1 135
113 57 31 101
119 49 19 135
123 49 45 267
128 57 13 65
130 49 37 267
138 49 31 267
139 57 3 65
141 57 7 65
143 49 7 135
147 49 13 135
148 49 25 135
149 49 51 267
149 57 19 65
151 57 31 65
155 49 55 267
162 49 37 135
162 57 43 65
169 49 31 135
175 57 25 65
179 57 13 105
187 57 19 105
191 49 55 135
4 15 19 180
11 15 22 180
14 12 31 43
15 12 25 43
15 15 28 180
18 12 28 43
18 15 25 180
22 15 37 180
26 15 9 180
29 12 34 43
30 15 4 180
32 12 37 43
37 12 40 43
39 12 43 43
41 12 19 215
44 12 46 43
44 15 40 180
47 12 49 43
47 15 33 180
49 15 1 180
56 12 1 215
57 12 55 43
61 15 43 180
62 15 15 180
64 15 46 180
65 12 52 43
66 15 49 180
68 15 52 180
85 12 58 43
92 12 57 89
93 15 4 281
94 12 4 215
98 12 13 215
101 15 7 281
102 12 7 215
104 15 58 180
107 12 16 215
111 15 55 180
114 15 13 281
115 12 22 215
131 12 10 215
136 15 1 281
138 12 43 215
139 15 16 281
149 12 25 215
150 15 25 281
156 12 28 215
158 15 28 281
161 15 10 281
168 15 19 281
170 12 34 215
172 15 22 281
174 15 31 281
175 12 55 215
180 15 34 281
190 12 31 215
191 15 40 281
194 15 37 281
198 12 37 215
199 12 40 215
3 72 22 233
3 25 29 87
4 25 23 87
5 72 17 233
9 25 17 87
12 72 11 233
23 25 11 87
25 72 15 233
36 25 35 87
51 25 5 87
53 25 41 87
59 72 5 233
62 72 1 233
64 72 3 233
66 25 47 87
75 72 7 233
80 25 53 87
81 25 59 87
87 25 37 100
89 72 9 233
89 25 31 100
91 25 46 100
92 72 13 233
99 25 41 100
100 25 52 100
103 25 39 100
108 72 19 233
109 72 29 233
110 72 31 233
111 25 5 114
113 72 25 233
117 72 35 233
117 25 43 100
118 25 55 100
119 72 43 233
120 25 58 100
122 72 33 233
127 72 41 233
127 25 17 114
128 72 45 233
129 72 27 233
131 72 49 233
132 72 52 233
142 72 37 233
143 25 11 114
144 72 47 233
157 25 23 114
166 72 59 233
166 25 29 114
167 72 39 233
168 25 35 114
169 72 55 233
171 25 37 114
173 72 57 233
176 72 5 167
184 25 47 114
187 25 59 114
190 25 53 114
195 72 1 167
2 4 25 108
3 4 31 108
3 40 25 163
5 66 19 270
6 4 37 108
7 66 31 270
8 66 37 270
11 66 43 270
13 4 43 108
16 66 25 270
17 66 49 270
20 40 19 163
22 66 55 270
25 66 25 288
25 4 49 108
25 40 31 163
26 40 13 163
27 40 43 163
28 4 15 108
30 40 9 163
33 40 3 163
35 4 21 108
37 40 49 163
38 66 55 288
42 40 37 163
43 66 13 270
43 40 55 163
44 40 27 192
46 40 13 192
47 4 55 108
48 66 43 288
52 40 37 192
55 40 31 192
56 40 7 192
57 66 1 270
57 4 15 221
59 66 7 270
60 66 1 288
64 4 49 221
69 40 19 192
73 4 1 108
75 4 9 108
77 4 7 221
77 40 49 192
78 40 1 192
85 4 1 221
86 4 19 221
86 40 55 192
90 66 7 288
90 40 27 201
91 66 13 288
93 66 31 288
94 66 37 288
96 66 19 288
97 66 49 288
98 4 25 221
102 4 31 221
107 40 43 192
114 66 19 28
115 4 13 218
116 40 49 201
117 40 37 201
122 40 45 201
124 4 45 221
125 66 37 28
127 40 55 201
128 40 19 26
129 40 1 26
130 4 1 218
131 40 31 26
132 66 25 28
132 4 55 221
134 4 37 221
135 4 31 218
137 4 7 218
142 40 7 26
143 4 19 218
149 66 31 28
150 40 49 26
152 4 25 218
159 4 43 218
159 40 13 26
160 4 55 242
163 4 39 218
169 66 43 28
171 40 55 26
173 40 1 31
176 4 49 218
179 4 25 229
182 4 57 218
183 40 39 26
184 66 1 263
185 4 7 229
186 4 31 229
194 40 43 26
195 40 15 31
197 40 19 31
1 74 22 76
4 74 25 76
9 74 28 76
16 74 13 76
34 74 31 76
35 74 34 76
40 74 7 76
43 74 37 76
46 74 19 76
47 74 40 76
51 74 43 76
63 74 10 76
72 74 49 76
73 74 16 76
76 74 52 76
114 74 46 76
122 74 1 142
125 74 55 76
128 74 58 76
139 74 13 142
147 74 4 142
153 74 16 142
161 74 7 142
171 74 10 142
176 74 19 142
177 74 22 142
178 74 25 142
186 74 37 142
194 74 40 142
1 11 31 168
5 70 25 216
6 8 25 10
6 11 43 168
9 70 31 216
21 11 25 168
24 11 37 168
26 8 19 10
26 11 49 168
27 8 49 10
30 8 37 10
32 11 9 168
35 11 55 168
37 70 19 216
41 11 31 136
42 11 25 136
43 70 43 216
45 8 43 10
47 8 19 8
48 8 55 10
51 70 1 216
52 11 43 136
53 11 9 136
55 8 13 10
56 11 15 168
58 11 1 168
59 70 49 216
59 11 55 136
60 70 7 216
61 11 55 68
63 8 37 8
63 11 19 168
68 8 7 10
69 70 7 286
69 8 25 8
70 8 7 8
86 70 1 286
86 11 49 136
90 8 1 10
91 8 55 8
92 70 15 216
93 8 7 200
94 8 27 22
95 70 55 216
96 70 25 286
101 8 13 8
102 70 13 286
105 70 37 216
107 70 19 286
108 11 13 136
110 11 37 136
113 8 45 8
117 11 1 136
125 8 1 8
126 11 37 68
130 70 13 172
134 11 1 122
135 8 49 8
136 70 37 286
136 8 43 22
137 8 19 22
140 8 33 10
141 11 19 136
144 70 31 286
144 8 13 22
145 8 31 8
148 11 45 68
156 11 7 122
158 70 49 286
159 70 3 172
159 8 49 22
159 11 25 122
160 70 43 286
160 11 19 122
163 11 51 68
164 70 7 172
165 11 33 122
166 70 43 172
167 11 43 122
168 70 25 172
168 11 13 122
171 11 13 139
172 70 31 172
172 8 37 22
177 70 49 172
177 11 1 139
179 70 31 184
183 70 55 286
183 8 13 200
192 8 31 22
193 70 37 172
196 8 55 22
196 11 25 139
198 11 7 139
200 8 1 200
3 62 37 167
4 62 28 167
5 62 31 167
6 62 34 167
12 62 22 167
15 62 19 167
17 20 19 17
19 20 10 17
19 62 25 167
23 62 40 167
32 20 16 17
33 62 43 167
36 20 1 17
37 62 46 167
40 62 10 167
43 20 7 17
48 62 7 167
55 62 49 167
58 62 52 167
60 20 13 17
62 20 4 17
63 20 34 17
70 62 13 167
71 62 7 199
76 62 55 167
78 20 25 17
79 62 16 167
80 62 1 199
85 62 10 199
88 20 43 17
95 20 31 17
102 62 58 167
105 20 28 17
108 62 21 199
110 62 4 199
111 62 13 199
112 62 16 199
114 20 39 17
116 62 33 199
121 20 49 17
121 62 37 199
125 62 49 199
130 20 28 272
133 62 34 253
135 20 22 17
140 20 4 272
143 20 58 17
148 20 13 272
151 62 40 199
154 62 25 199
158 62 37 253
160 20 1 272
162 20 55 17
163 20 9 272
165 62 43 199
170 62 46 199
172 62 28 199
176 62 43 253
177 20 46 17
177 62 19 139
180 20 19 272
188 20 52 17
188 62 46 253
190 62 49 253
192 62 52 199
9 35 25 2
15 35 31 2
19 35 28 2
27 35 55 2
28 35 34 2
30 35 19 2
33 35 22 2
45 35 7 2
53 35 43 2
54 35 13 2
63 35 46 2
66 35 1 2
67 35 4 2
74 35 10 2
82 35 51 2
83 35 58 2
87 35 1 3
92 35 37 2
99 35 16 2
101 35 10 3
102 35 4 3
104 35 7 3
110 35 13 3
113 35 16 3
116 35 55 3
117 35 19 3
127 35 22 3
129 35 58 3
134 35 27 3
141 35 40 2
151 35 37 3
154 35 40 3
157 35 31 3
4 22 31 94
11 22 37 94
60 22 19 94
66 22 31 268
74 22 1 94
104 22 49 94
105 22 7 94
116 22 1 292
126 22 25 94
129 22 13 94
139 22 45 94
141 22 51 21
142 22 55 94
152 22 49 268
153 22 25 268
155 22 37 268
156 22 39 21
178 22 13 292
180 22 55 21
182 22 43 21
189 22 45 268
197 22 37 292
6 2 31 150
11 2 34 150
23 2 22 150
32 2 19 150
33 2 25 150
34 2 28 150
36 2 10 150
37 2 37 150
39 2 40 150
42 2 16 150
45 2 13 150
54 2 43 150
65 2 1 150
77 2 46 150
81 2 4 150
86 2 25 32
105 2 49 150
106 2 7 150
124 2 52 150
135 2 58 150
152 2 1 32
154 2 55 150
184 2 19 32
191 2 22 32
198 2 4 32
5 43 29 70
12 43 17 70
13 6 23 164
16 43 31 70
18 6 17 164
19 6 19 164
19 43 33 70
20 6 11 164
21 6 29 164
24 43 13 70
25 43 35 70
28 6 31 164
29 6 15 164
30 43 41 70
33 43 37 70
54 43 25 70
55 43 39 70
56 43 27 70
60 6 5 164
60 43 47 70
61 6 7 164
66 43 19 70
68 6 1 164
71 43 53 70
74 6 13 164
75 6 3 164
75 43 15 70
77 6 21 164
77 43 55 70
78 6 9 164
84 43 43 70
86 6 37 164
86 43 59 70
92 43 49 70
99 6 33 164
100 43 5 8
112 43 45 70
113 6 35 164
120 43 11 8
122 6 41 164
125 6 43 164
132 6 45 164
132 43 17 8
134 43 23 8
136 43 57 70
137 6 25 164
138 6 47 164
138 43 29 8
147 43 49 2
150 6 53 164
151 43 35 8
155 6 27 164
155 43 53 8
159 6 59 164
166 43 51 70
169 43 41 8
172 43 43 8
173 6 55 164
174 43 9 22
177 43 17 22
182 6 39 164
183 43 59 8
189 43 23 22
195 6 51 164
196 43 35 22
197 6 49 164
198 43 25 22
11 80 49 278
17 80 25 278
18 80 37 278
21 80 43 278
23 80 31 278
27 80 25 245
31 80 55 278
32 80 31 245
45 80 37 245
46 80 49 245
51 80 55 245
55 80 43 245
56 80 31 125
63 80 55 125
68 80 13 278
73 80 25 125
92 80 1 278
105 80 13 245
120 80 7 278
135 80 1 245
137 80 37 125
142 80 1 246
149 80 43 125
150 80 31 246
154 80 7 245
162 80 1 60
165 80 19 278
178 80 37 246
183 80 19 245
185 80 25 246
1 39 37 92
1 46 43 175
2 39 31 92
5 39 43 92
7 46 37 175
8 39 49 92
15 46 49 175
16 46 33 175
17 39 55 92
20 39 43 135
25 39 43 147
30 39 49 135
35 46 37 95
40 39 49 147
42 46 55 175
46 46 55 95
50 46 27 175
51 46 31 95
53 46 31 238
57 39 37 209
65 39 21 92
67 46 49 95
68 39 55 147
75 39 19 209
76 39 1 92
80 46 13 175
84 46 1 175
85 46 25 95
87 46 49 238
89 46 1 95
91 39 25 92
92 46 25 238
97 39 13 92
98 46 55 238
99 46 7 175
100 39 7 92
101 46 19 175
108 39 43 209
113 39 7 209
117 39 49 209
118 39 13 209
121 46 7 95
122 39 7 219
122 46 19 95
124 39 19 219
129 39 19 79
132 46 13 95
137 46 1 238
138 39 55 209
143 39 25 209
145 46 15 238
146 46 43 95
154 46 43 238
160 46 39 238
161 39 25 219
163 46 57 224
164 39 31 209
167 39 1 209
169 46 7 238
181 39 45 219
182 46 15 213
186 39 55 219
188 46 1 217
191 39 31 219
192 46 37 31
193 39 49 219
195 39 3 219
197 46 45 3
199 46 19 238
16 31 43 50
24 42 11 92
25 31 11 95
28 31 23 95
29 42 19 92
30 42 17 92
32 31 29 95
39 42 5 92
40 31 17 95
42 42 29 92
46 42 35 92
57 31 5 95
61 42 41 92
62 42 47 92
65 42 59 92
67 31 41 95
71 42 5 109
73 31 47 95
74 42 53 92
76 31 59 95
81 42 1 109
83 42 11 109
85 42 7 109
89 31 53 95
96 31 7 180
97 42 17 109
101 42 23 109
111 42 3 109
112 31 35 95
115 31 11 221
121 42 29 109
124 42 9 109
126 42 13 109
128 31 5 221
132 31 23 221
133 42 19 109
142 31 29 221
144 42 35 109
145 31 35 221
147 31 31 180
150 31 41 221
152 42 21 109
157 31 59 221
158 31 13 180
167 42 37 109
169 31 53 221
170 31 49 21
177 42 15 109
178 42 41 109
179 42 52 109
183 31 43 221
188 42 31 109
190 42 55 109
193 42 33 109
196 42 43 109
199 42 25 109
2 19 35 75
19 19 17 75
28 19 41 75
35 19 11 75
51 19 47 75
60 19 23 75
74 19 5 75
78 19 53 75
79 19 25 75
96 19 59 75
99 19 55 126
103 19 57 126
133 19 49 126
134 19 53 126
138 19 59 126
142 19 5 198
150 19 1 198
154 19 51 126
157 19 3 198
158 19 11 198
160 19 17 198
161 19 13 198
165 19 7 198
166 19 15 198
187 19 23 198
1 29 49 7
4 29 37 7
9 29 40 7
12 29 43 7
23 29 27 7
24 29 19 7
29 29 22 7
37 29 31 7
39 29 34 7
46 29 37 35
50 29 1 7
54 29 16 7
67 29 55 7
73 29 52 7
75 29 46 7
78 29 13 7
79 29 10 7
82 29 58 7
84 29 34 35
88 29 4 7
89 29 28 35
96 29 1 35
109 29 16 35
112 29 4 35
113 29 13 35
118 29 10 35
123 29 7 7
126 29 22 35
129 29 55 35
134 29 7 35
140 29 25 35
165 29 40 35
171 29 19 35
176 29 31 35
180 29 49 35
184 29 43 35
198 29 19 172
200 29 58 35
Điểm tối ưu: 2396
Thời gian: 0.161494 giây
Trạng thái: GREEDY_DONE
