2247
1 29 1 26
2 8 1 21
2 43 7 53
2 29 13 26
4 37 1 88
6 13 1 199
7 37 7 88
7 50 1 118
7 63 13 5
8 13 7 199
10 8 7 21
10 13 13 199
11 29 7 26
12 43 1 53
14 8 13 21
14 50 7 118
14 29 19 26
15 66 1 31
15 47 7 79
16 8 19 21
16 13 25 199
17 66 7 31
17 50 13 118
18 37 13 88
18 47 1 79
19 37 19 88
19 47 13 79
19 29 25 26
20 13 19 199
21 37 25 88
22 37 31 88
22 29 37 26
23 37 37 88
23 50 19 118
24 50 25 118
24 29 31 26
25 58 1 16
26 66 13 31
26 37 43 88
26 8 25 21
27 29 43 26
28 63 1 5
29 37 49 88
30 50 31 118
31 43 13 53
32 37 55 88
32 43 19 53
32 13 31 199
32 47 25 79
32 63 7 5
33 47 19 79
35 66 19 31
36 47 31 79
36 63 19 5
38 13 37 199
38 58 7 16
40 8 31 21
41 43 25 53
41 13 43 199
41 50 37 118
42 47 37 79
42 50 43 118
43 47 43 79
43 29 49 26
44 43 31 53
46 8 37 21
46 63 25 5
48 37 1 145
48 50 49 118
49 66 25 31
49 40 1 189
50 66 31 31
50 63 37 5
51 40 7 189
51 50 55 118
51 63 31 5
53 47 49 79
53 50 1 81
54 58 13 16
54 8 43 21
54 40 19 189
55 43 37 53
56 8 49 21
56 43 43 53
58 37 7 145
59 43 49 53
59 58 19 16
60 8 55 21
60 13 49 199
61 37 13 145
61 47 55 79
62 29 55 26
63 37 19 145
63 40 13 189
63 63 43 5
64 8 1 274
64 47 7 292
65 40 25 189
65 47 1 292
66 47 13 292
67 66 37 31
68 47 19 292
69 29 1 126
70 66 43 31
70 43 55 53
70 58 25 16
71 43 1 261
72 29 7 126
73 37 25 145
73 40 31 189
73 50 7 81
74 63 49 5
75 43 7 261
75 29 13 126
75 63 55 5
76 40 37 189
76 47 25 292
77 66 49 31
77 13 55 199
78 37 31 145
79 37 37 145
79 29 19 126
80 8 7 274
80 63 1 119
81 66 55 31
81 63 7 119
83 66 1 30
83 29 25 126
83 63 13 119
84 37 43 145
85 40 43 189
85 43 13 261
85 13 1 208
85 58 31 16
85 63 19 119
87 37 49 145
87 8 13 274
88 66 7 30
88 40 49 189
88 43 19 261
89 8 19 274
89 63 25 119
91 66 13 30
92 50 13 81
93 40 55 189
93 29 31 126
94 8 25 274
94 50 19 81
96 47 31 292
97 37 55 145
98 43 25 261
98 29 37 126
99 66 19 30
100 66 25 30
100 8 31 274
101 8 37 274
101 40 1 228
101 13 7 208
102 47 37 292
105 63 31 119
106 13 13 208
107 8 43 274
107 43 31 261
108 47 43 292
110 13 19 208
110 58 37 16
114 66 31 30
115 58 43 16
116 43 37 261
116 29 43 126
117 43 43 261
119 66 37 30
119 40 7 228
119 43 49 261
119 50 25 81
119 58 55 16
120 43 55 261
121 66 43 30
122 13 25 208
122 29 49 126
124 66 49 30
124 8 55 274
125 8 49 274
125 47 55 292
125 58 1 259
126 50 31 81
127 50 37 81
127 29 55 126
128 58 49 16
129 58 7 259
130 63 37 119
131 40 13 228
132 66 55 30
133 13 31 208
134 47 49 292
135 13 37 208
137 63 43 119
138 40 19 228
142 40 25 228
142 50 43 81
142 63 49 119
143 63 55 119
146 40 31 228
146 58 13 259
147 13 43 208
148 40 37 228
149 13 49 208
151 58 19 259
151 40 43 228
152 50 49 81
152 58 25 259
154 50 55 81
156 40 49 228
157 13 55 208
158 58 31 259
163 58 37 259
165 58 43 259
167 40 55 228
170 58 49 259
172 58 55 259
1 24 7 241
3 36 1 200
3 12 4 14
4 35 7 171
4 80 10 101
5 69 1 210
5 22 4 193
6 22 7 193
7 12 19 14
8 36 4 200
9 36 7 200
9 77 1 131
10 69 4 210
10 12 1 14
10 24 19 241
12 12 7 14
12 77 10 131
13 69 7 210
13 77 4 131
15 12 13 14
15 80 16 101
16 35 1 171
16 69 10 210
16 77 7 131
17 36 19 200
17 22 1 193
17 24 4 241
18 74 7 85
18 12 10 14
20 35 4 171
20 74 1 85
21 9 1 114
22 35 10 171
22 22 13 193
22 24 1 241
23 35 13 171
23 74 4 85
24 36 10 200
24 69 13 210
24 9 4 114
25 24 10 241
26 24 22 241
27 69 16 210
29 9 7 114
29 24 13 241
30 35 16 171
31 22 10 193
31 24 25 241
32 36 13 200
33 22 16 193
34 69 19 210
34 12 16 14
34 24 28 241
35 74 10 85
35 12 25 14
35 80 1 101
36 35 25 171
36 12 28 14
37 69 22 210
37 9 10 114
37 77 13 131
37 80 4 101
38 69 25 210
39 35 19 171
39 24 16 241
40 22 19 193
41 9 13 114
41 80 7 101
45 9 16 114
46 24 31 241
47 69 28 210
47 22 22 193
49 69 31 210
49 12 22 14
50 69 43 210
50 12 46 14
50 22 25 193
51 36 16 200
52 74 13 85
52 12 31 14
53 22 28 193
54 12 34 14
54 74 25 85
55 36 22 200
55 9 19 114
55 22 31 193
56 36 25 200
56 80 13 101
58 80 19 101
59 12 37 14
61 77 19 131
62 74 16 85
63 9 25 114
64 74 19 85
65 80 22 101
65 22 34 193
66 35 22 171
67 77 16 131
67 80 25 101
68 69 34 210
70 24 34 241
71 80 28 101
72 77 22 131
72 80 31 101
72 24 37 241
73 35 37 171
73 9 22 114
74 36 28 200
74 9 31 114
75 9 28 114
75 74 22 85
76 36 31 200
76 69 46 210
76 74 34 85
76 80 43 101
77 35 28 171
77 36 34 200
77 12 40 14
79 80 34 101
82 35 31 171
83 35 34 171
83 77 31 131
83 80 37 101
84 35 40 171
84 9 34 114
86 22 37 193
86 24 40 241
87 24 43 241
88 77 25 131
90 35 43 171
90 77 28 131
91 69 37 210
91 35 46 171
92 80 40 101
94 74 31 85
95 12 43 14
96 9 37 114
97 35 49 171
97 22 40 193
100 77 37 131
100 24 46 241
102 69 49 210
103 36 37 200
103 9 40 114
103 24 49 241
104 22 43 193
105 36 40 200
108 35 52 171
109 12 49 14
112 36 43 200
112 9 46 114
112 24 52 241
113 35 55 171
115 9 49 114
115 80 52 101
117 22 49 193
117 24 55 241
118 9 43 114
118 77 34 131
118 22 46 193
119 69 1 268
120 22 52 193
121 74 28 85
122 80 46 101
122 24 58 241
123 35 58 171
123 69 40 210
123 74 37 85
123 12 52 14
124 36 46 200
124 22 1 297
125 69 7 268
126 77 40 131
128 35 55 210
129 35 52 210
129 36 49 200
129 74 40 85
130 35 58 210
130 9 52 114
130 77 43 131
130 80 49 101
131 74 43 85
132 80 1 75
133 69 4 268
134 24 1 129
136 36 52 200
136 24 4 129
137 36 55 200
137 80 58 101
138 80 55 101
139 24 7 129
140 36 58 200
140 77 46 131
143 36 1 46
143 12 4 83
144 36 4 46
145 69 10 268
145 36 7 46
145 12 55 14
147 24 10 129
148 22 55 193
149 80 4 75
149 22 58 193
150 36 10 46
150 77 49 131
151 69 13 268
151 12 58 14
152 69 16 268
152 22 4 297
153 77 52 131
154 74 46 85
155 24 13 129
156 36 13 46
156 80 7 75
158 77 55 131
158 80 10 75
159 24 16 129
160 12 1 83
160 77 58 131
160 80 13 75
161 36 16 46
161 80 19 75
161 22 7 297
162 12 7 83
162 80 16 75
163 80 22 75
163 22 10 297
163 24 19 129
164 69 19 268
165 69 22 268
165 22 13 297
166 77 1 143
166 12 10 83
166 80 25 75
168 77 4 143
169 80 28 75
170 80 31 75
170 24 22 129
171 22 16 297
174 9 55 114
174 74 49 85
176 12 13 83
178 77 7 143
179 12 16 83
180 80 34 75
180 24 25 129
181 69 25 268
181 12 19 83
181 80 37 75
181 24 28 129
182 69 28 268
183 74 52 85
183 77 10 143
184 9 58 114
185 36 19 46
186 80 40 75
187 80 43 75
187 24 31 129
188 80 46 75
189 36 22 46
189 12 25 83
189 80 49 75
191 69 31 268
191 77 13 143
191 24 34 129
192 74 55 85
192 77 16 143
192 22 19 297
194 80 52 75
195 22 22 297
196 69 34 268
199 74 58 85
199 12 22 83
199 22 25 297
199 24 37 129
200 77 19 143
200 22 28 297
1 16 40 129
2 16 43 129
3 19 7 48
4 16 45 129
5 41 7 232
5 19 9 48
6 16 47 129
9 19 4 48
11 41 1 232
11 19 11 48
13 4 1 285
13 19 13 48
14 33 1 115
16 41 4 232
19 4 3 285
21 33 4 115
22 16 49 129
28 41 9 232
29 41 11 232
29 16 53 129
34 33 7 115
34 41 13 232
35 19 15 48
36 41 15 232
37 16 51 129
38 4 5 285
40 4 7 285
40 16 55 129
42 19 1 48
43 4 9 285
44 33 9 115
48 4 11 285
49 41 17 232
50 19 17 48
52 41 19 232
52 16 57 129
55 33 11 115
56 4 16 285
56 19 19 48
57 33 13 115
57 16 59 129
59 4 13 285
59 19 23 48
60 4 19 285
62 19 21 48
63 33 17 115
66 4 25 285
66 19 27 48
67 4 21 285
68 16 1 263
70 33 15 115
70 4 23 285
71 19 25 48
73 4 29 285
73 16 3 263
74 16 5 263
75 16 11 263
81 16 13 263
83 16 7 263
84 19 29 48
88 19 31 48
89 33 23 115
89 41 29 232
91 16 9 263
93 4 27 285
93 41 21 232
94 4 34 285
95 19 33 48
96 4 40 285
98 19 35 48
99 4 31 285
100 4 43 285
100 19 40 48
101 4 45 285
108 19 37 48
109 41 23 232
111 16 15 263
111 19 43 48
113 19 45 48
116 4 47 285
118 33 19 115
121 16 17 263
122 16 19 263
126 16 21 263
127 19 47 48
128 33 21 115
128 19 53 48
131 16 23 263
132 33 25 115
132 16 27 263
133 33 27 115
134 33 29 115
135 19 49 48
136 16 25 263
139 41 25 232
140 4 37 285
143 19 51 48
144 33 31 115
145 33 33 115
145 4 49 285
145 16 29 263
145 19 58 48
146 4 51 285
147 41 27 232
150 16 31 263
151 33 35 115
153 41 31 232
155 16 33 263
157 16 35 263
157 19 5 126
158 4 53 285
159 4 55 285
160 33 37 115
160 4 4 120
160 19 55 48
162 4 57 285
162 19 11 126
163 19 17 126
164 19 23 126
165 33 39 115
165 16 37 263
166 41 33 232
167 19 29 126
170 16 39 263
172 33 41 115
173 16 41 263
174 41 35 232
175 41 37 232
175 16 43 263
177 4 59 285
179 41 39 232
179 16 45 263
182 4 1 120
183 4 7 120
183 41 41 232
184 19 35 126
188 33 43 115
189 4 9 120
189 41 43 232
192 33 45 115
192 16 47 263
193 41 45 232
193 16 49 263
194 4 11 120
195 16 51 263
196 16 53 263
198 19 41 126
200 33 47 115
200 4 13 120
200 41 49 232
1 48 13 250
2 48 19 250
3 48 9 250
8 18 13 82
8 51 31 83
9 48 25 250
11 51 37 83
12 18 19 82
12 51 43 83
13 18 25 82
19 18 7 82
20 48 31 250
21 48 37 250
22 18 43 82
23 51 49 83
24 18 37 82
27 48 1 250
31 51 55 83
35 18 31 82
38 18 1 82
39 51 1 24
47 18 49 82
47 51 7 24
48 51 13 24
49 48 43 250
50 51 19 24
58 18 55 82
60 48 1 135
61 48 49 250
62 48 7 135
64 48 55 250
65 48 13 135
70 48 19 135
72 18 1 277
76 51 49 24
80 18 13 277
80 51 25 24
86 18 7 277
90 48 31 135
90 51 37 24
94 51 43 24
95 48 25 135
97 51 31 24
100 18 19 277
101 18 25 277
103 18 31 277
108 51 55 24
113 48 37 135
114 48 43 135
120 48 1 212
122 18 37 277
123 18 43 277
124 48 7 212
127 48 49 135
129 18 55 277
130 18 1 182
136 48 55 135
139 48 13 212
140 48 19 212
141 18 49 277
147 48 31 212
155 48 25 212
157 48 37 212
160 48 43 212
161 48 49 212
175 18 7 182
177 18 13 182
190 18 19 182
195 18 25 182
196 18 37 182
197 18 31 182
198 18 43 182
6 45 10 179
16 45 13 179
18 45 19 179
30 45 1 179
31 45 4 179
37 45 7 179
45 45 22 179
47 45 16 179
53 45 25 179
61 45 28 179
64 45 31 179
66 45 34 179
69 45 37 179
78 45 40 179
87 45 46 179
92 45 43 179
101 45 49 179
110 45 52 179
118 45 55 179
124 45 4 87
129 45 1 87
132 45 7 87
144 45 58 179
153 45 10 87
154 45 13 87
170 45 16 87
174 45 19 87
180 45 22 87
185 45 25 87
187 45 28 87
189 45 31 87
194 45 34 87
197 45 37 87
1 46 5 18
4 38 28 83
6 38 35 83
8 38 41 83
11 46 3 18
16 46 16 18
21 46 7 18
23 46 1 18
26 46 9 18
28 38 47 83
29 38 59 83
31 46 19 18
36 46 11 18
39 38 53 83
40 38 1 110
49 38 5 110
49 46 13 18
52 38 3 110
53 38 7 110
57 46 21 18
58 38 11 110
59 46 25 18
63 46 23 18
64 46 27 18
65 46 29 18
66 38 9 110
67 46 31 18
68 46 37 18
70 38 13 110
72 38 15 110
77 38 17 110
78 46 35 18
79 46 41 18
80 38 19 110
81 46 33 18
82 38 21 110
84 46 47 18
85 38 23 110
86 46 43 18
89 38 31 110
91 38 25 110
97 38 27 110
101 38 29 110
102 46 45 18
104 46 39 18
105 38 35 110
106 38 33 110
106 46 49 18
108 38 39 110
109 38 37 110
113 38 41 110
113 46 51 18
116 46 53 18
121 38 47 110
123 38 49 110
125 38 43 110
126 38 45 110
128 46 58 18
135 46 55 18
137 46 1 162
142 46 3 162
154 38 51 110
157 38 53 110
160 46 7 162
167 38 59 110
168 38 55 110
169 46 5 162
173 38 57 110
174 38 1 196
187 38 3 196
191 38 5 196
194 46 9 162
199 46 11 162
1 5 19 29
2 54 25 280
4 54 13 280
6 5 13 29
8 5 25 29
12 5 31 29
13 5 37 29
21 5 9 29
25 5 43 29
29 54 1 280
30 54 7 280
39 5 49 29
43 5 1 29
44 5 55 29
48 54 19 280
52 5 7 240
52 54 37 280
69 5 13 240
75 54 31 280
78 5 1 240
83 54 43 280
84 5 19 240
88 54 55 280
90 5 49 240
92 54 49 280
94 54 1 32
95 5 37 240
98 54 7 32
99 5 25 240
100 5 55 240
100 54 13 32
101 54 19 32
105 54 25 32
107 54 37 32
110 5 31 240
114 54 49 32
115 54 31 32
119 54 43 32
121 54 55 32
124 5 13 205
128 54 1 132
129 54 13 132
134 5 43 240
134 54 7 132
135 5 1 205
135 54 19 132
142 5 7 205
143 5 19 205
146 5 25 205
147 54 37 132
157 54 25 132
159 5 31 205
167 54 31 132
168 5 37 205
170 54 43 132
172 5 43 205
181 5 49 205
185 54 49 132
188 54 55 132
189 5 55 205
190 5 1 224
190 54 7 196
192 54 25 196
195 5 7 224
195 54 13 196
3 68 13 41
21 68 16 41
37 68 1 41
41 68 4 41
45 68 7 41
54 68 10 41
56 68 21 41
57 68 25 41
61 68 31 41
64 68 34 41
71 68 37 41
82 68 28 41
83 68 40 41
85 68 49 41
91 68 43 41
92 68 46 41
95 68 52 41
104 68 55 41
112 68 58 41
113 68 1 177
118 68 4 177
133 68 7 177
150 68 13 177
153 68 16 177
157 68 10 177
176 68 19 177
180 68 28 177
181 68 22 177
188 68 25 177
191 68 37 177
200 68 31 177
2 11 5 69
6 11 17 69
13 11 10 69
14 25 5 88
20 11 7 69
21 25 23 88
24 11 1 69
26 25 11 88
28 11 13 69
31 25 17 88
36 11 3 69
39 11 22 69
39 25 29 88
40 25 35 88
46 25 41 88
47 11 19 69
54 11 28 69
55 25 47 88
57 11 15 69
78 25 53 88
79 25 59 88
80 25 5 189
82 25 11 189
84 11 25 69
87 11 31 69
88 11 33 69
93 25 17 189
94 11 37 69
103 25 23 189
105 11 43 69
106 25 29 189
109 11 35 69
110 25 35 189
115 11 39 69
115 25 41 189
124 25 53 189
134 25 47 189
138 11 41 69
139 11 45 69
142 25 59 189
146 25 1 130
149 25 7 130
156 25 3 130
161 25 5 130
174 11 47 69
179 25 9 130
193 11 51 69
199 11 49 69
1 71 25 204
2 75 31 290
3 71 19 204
4 71 31 204
9 71 13 204
14 75 25 290
15 71 37 204
23 71 7 204
33 75 1 290
36 71 43 204
36 75 7 290
41 75 19 290
44 75 13 290
47 71 1 204
56 75 37 290
58 71 49 204
64 75 43 290
67 75 49 290
77 71 1 128
89 75 55 290
94 75 7 142
95 75 1 142
102 71 55 204
104 75 13 142
106 71 7 128
110 71 13 128
114 71 19 128
120 71 25 128
121 71 31 128
124 71 37 128
124 75 19 142
129 71 43 128
132 75 31 142
134 75 25 142
137 71 49 128
138 71 1 269
141 71 55 128
142 71 13 269
143 75 37 142
149 75 43 142
153 71 19 269
156 75 55 142
169 71 7 269
173 75 49 142
174 71 25 269
176 75 1 191
177 71 31 269
179 71 49 269
186 71 43 269
190 71 37 269
190 75 13 191
9 70 10 90
11 70 13 90
19 70 31 90
20 70 16 90
21 70 19 90
27 70 7 90
30 70 4 90
32 70 1 90
48 70 25 90
57 70 28 90
65 70 37 90
81 70 22 90
86 70 34 90
102 70 52 90
107 70 49 90
108 70 1 270
118 70 40 90
138 70 43 90
140 70 55 90
143 70 46 90
145 70 4 270
155 70 58 90
159 70 7 270
166 70 13 270
168 70 10 270
174 70 16 270
185 70 22 270
187 70 19 270
199 70 28 270
1 42 10 123
2 42 17 123
5 79 11 7
8 79 1 7
11 42 5 123
12 42 13 123
13 42 15 123
14 42 3 123
15 79 5 7
16 42 23 123
27 42 19 123
29 42 21 123
30 79 13 7
34 42 1 123
53 42 31 123
54 42 7 123
56 79 3 7
58 79 15 7
59 79 7 7
61 42 25 123
62 79 19 7
63 79 9 7
64 42 29 123
65 79 17 7
66 79 29 7
73 79 35 7
79 42 27 123
82 79 23 7
86 79 21 7
87 42 33 123
88 79 37 7
90 79 25 7
92 42 35 123
96 42 43 123
103 79 27 7
104 42 37 123
108 42 41 123
111 42 39 123
113 42 47 123
115 79 47 7
116 79 31 7
117 79 33 7
118 79 49 7
120 42 45 123
122 79 41 7
128 42 5 290
130 79 55 7
131 79 39 7
134 79 53 7
136 79 43 7
142 79 57 7
147 79 51 7
150 42 52 123
151 79 1 9
153 42 49 123
154 42 59 123
155 79 45 7
160 79 9 9
162 42 55 123
164 42 57 123
169 42 11 290
175 42 17 290
178 79 59 7
181 79 3 9
182 79 5 9
185 42 29 290
186 42 23 290
189 42 35 290
190 42 41 290
196 42 47 290
200 79 7 9
4 31 19 278
13 31 22 278
15 31 25 278
25 31 7 278
28 31 15 278
35 31 4 278
38 31 28 278
42 31 10 278
47 31 31 278
53 31 34 278
54 31 1 278
58 31 37 278
62 31 40 278
67 31 43 278
71 31 46 278
81 31 49 278
82 31 52 278
84 31 55 278
98 31 58 278
101 31 13 136
105 31 1 136
107 31 4 136
109 31 7 136
132 31 10 136
141 31 16 136
154 31 19 136
161 31 22 136
165 31 25 136
166 31 28 136
167 31 37 136
168 31 31 136
173 31 34 136
175 31 40 136
176 31 43 136
183 31 46 136
184 31 49 136
197 31 52 136
198 31 55 136
7 55 25 106
15 55 19 106
22 55 51 106
31 55 31 106
32 55 37 106
41 55 55 106
69 55 7 106
71 55 13 106
73 55 43 106
77 55 7 112
78 55 13 112
83 55 19 112
88 55 1 106
89 55 1 112
90 55 55 112
92 55 25 112
95 55 7 214
96 55 45 112
105 55 49 112
109 55 31 112
110 55 1 214
111 55 19 214
112 55 37 112
113 55 13 214
116 55 25 214
117 55 37 214
123 55 31 214
133 55 43 214
136 55 7 140
138 55 49 214
141 55 1 140
156 55 19 140
164 55 13 140
173 55 25 140
175 55 55 214
177 55 37 140
188 55 31 140
194 55 43 140
198 55 49 140
2 10 11 262
6 10 5 262
9 60 17 62
15 60 11 62
20 60 9 62
22 60 4 62
25 60 13 62
26 10 1 262
27 60 21 62
31 10 7 262
35 10 13 262
38 10 15 262
38 60 19 62
39 10 9 262
40 10 3 262
44 10 17 262
46 60 1 62
49 10 19 262
51 10 21 262
51 60 23 62
52 10 23 262
57 60 7 62
59 10 27 262
61 60 34 62
63 60 28 62
68 60 15 62
71 10 31 262
73 60 40 62
75 10 25 262
79 60 25 62
84 10 37 262
92 60 31 62
96 10 29 262
102 10 33 262
105 10 45 262
106 60 37 62
125 10 35 262
130 60 46 62
131 60 49 62
133 60 51 62
136 60 59 62
140 10 39 262
140 60 43 62
144 60 53 62
148 60 1 66
151 10 41 262
152 60 55 62
155 60 3 66
158 10 43 262
161 60 57 62
164 10 47 262
165 10 49 262
169 10 51 262
169 60 13 66
171 10 53 262
171 60 5 66
174 60 7 66
177 60 9 66
179 10 55 262
179 60 11 66
180 10 57 262
184 60 15 66
185 60 17 66
188 60 19 66
5 72 13 183
6 72 19 183
8 30 19 67
10 30 25 67
12 72 25 183
13 30 31 67
17 72 31 183
18 72 37 183
20 72 43 183
22 30 55 67
24 30 43 67
28 30 37 67
31 72 49 183
33 30 7 67
35 72 55 183
40 30 13 67
48 30 7 195
49 30 49 67
51 30 1 67
54 30 37 195
55 72 1 183
56 30 31 195
61 30 1 195
62 72 1 52
64 72 13 52
65 72 7 183
70 72 7 52
72 30 25 195
76 30 13 195
80 30 21 195
81 30 43 195
85 30 55 195
86 72 25 52
86 30 49 195
90 30 1 218
91 72 19 52
93 72 37 52
94 30 13 218
97 72 43 52
99 30 7 218
107 72 55 52
118 30 21 218
120 72 31 52
126 72 49 52
127 30 25 218
132 72 13 227
132 30 37 218
134 30 31 218
138 72 7 227
141 72 19 227
148 30 43 218
150 30 55 218
151 30 49 218
162 72 1 227
164 72 25 227
165 72 31 227
171 72 37 227
175 72 45 227
177 30 1 94
180 72 49 227
182 30 7 94
185 72 55 227
190 72 25 233
193 72 1 233
196 72 7 233
196 30 13 94
199 30 31 94
200 30 37 94
6 39 25 36
7 39 22 36
8 39 37 36
15 39 28 36
25 39 15 36
31 39 1 36
45 39 4 36
67 39 7 36
68 39 10 36
75 39 19 36
76 39 55 36
85 39 40 36
87 39 58 36
92 39 58 136
98 39 31 36
102 39 1 209
103 39 43 36
111 39 34 36
112 39 49 36
115 39 4 209
116 39 7 209
133 39 10 209
135 39 46 36
144 39 13 209
147 39 16 209
148 39 52 36
162 39 19 209
170 39 25 209
175 39 22 209
184 39 28 209
188 39 37 209
195 39 31 209
196 39 43 209
197 39 40 209
200 39 34 209
1 32 17 169
7 32 5 169
21 32 13 169
29 32 19 169
30 32 11 169
47 32 25 169
48 32 23 169
52 32 1 169
68 32 3 169
70 32 29 169
75 32 35 169
77 32 15 169
89 32 7 169
94 32 39 169
98 32 21 169
99 32 33 169
104 32 9 169
111 32 27 169
120 32 37 169
125 32 31 169
126 32 43 169
127 32 41 169
135 32 51 169
146 32 45 169
147 32 47 169
150 32 59 169
151 32 53 169
161 32 55 169
163 32 49 169
173 32 1 284
186 32 57 169
187 32 5 284
194 32 3 284
197 32 7 284
199 32 9 284
1 76 23 230
5 3 17 89
5 76 19 230
6 76 28 230
8 76 11 230
9 76 21 230
10 76 17 230
11 3 19 89
14 3 11 89
27 3 5 89
32 3 23 89
39 76 5 230
42 3 3 89
43 3 7 89
43 76 13 230
45 76 1 230
50 3 1 89
52 3 21 89
62 3 13 89
67 3 28 89
69 3 25 89
72 3 34 89
84 76 3 230
85 76 7 230
93 76 9 230
95 76 15 230
96 76 25 230
97 76 35 230
98 3 15 89
99 3 37 89
109 76 39 230
110 76 41 230
117 76 31 230
122 3 9 89
123 3 47 89
127 3 31 89
128 76 33 230
129 3 59 89
138 76 37 230
145 76 43 230
146 76 47 230
148 3 41 89
149 3 39 89
150 76 45 230
155 76 49 230
156 3 43 89
159 76 51 230
163 76 53 230
177 3 45 89
179 76 57 230
183 76 55 230
184 3 52 89
184 76 1 22
192 76 59 230
193 3 55 89
198 3 1 225
16 73 31 246
19 53 34 175
21 53 31 175
27 53 10 175
28 53 19 175
29 53 16 175
30 73 19 246
30 53 22 175
34 73 3 246
35 53 7 175
40 73 9 246
40 53 25 175
44 73 22 246
44 53 1 175
45 73 13 246
46 53 4 175
51 73 25 246
53 53 13 175
57 53 37 175
58 73 28 246
60 53 28 175
61 53 40 175
62 53 43 175
63 73 34 246
66 53 46 175
69 73 40 246
69 53 49 175
77 73 37 246
83 73 49 246
90 73 16 246
92 73 55 246
98 73 43 246
103 73 46 246
105 53 55 175
108 73 4 77
108 53 7 203
110 73 58 246
112 73 1 77
112 53 4 203
113 73 7 77
116 53 58 175
117 53 52 175
119 53 13 203
122 73 13 77
125 53 10 203
137 53 16 203
138 53 25 203
144 73 10 77
145 73 52 246
151 53 28 203
152 73 19 77
158 73 16 77
167 53 1 203
172 53 19 203
176 53 22 203
178 73 22 77
182 73 25 77
182 53 31 203
185 53 34 203
187 53 37 203
198 73 28 77
9 57 31 207
10 64 31 216
12 64 15 216
17 64 25 216
17 57 37 207
18 57 25 207
33 57 43 207
36 57 49 207
37 64 37 216
40 64 43 216
41 64 49 216
44 57 25 244
50 57 3 207
51 64 37 77
51 57 43 244
58 57 1 244
60 64 7 216
72 64 55 216
81 57 15 207
82 57 7 207
86 64 1 216
87 57 19 207
89 64 33 77
90 64 19 216
92 64 1 158
102 64 7 158
105 57 7 244
109 64 43 77
116 57 13 244
122 64 21 158
126 57 55 207
131 64 51 77
138 64 13 158
139 64 55 77
141 64 25 158
142 57 19 244
144 57 33 244
153 64 33 158
154 64 37 158
156 57 37 244
159 57 57 244
162 64 43 158
164 57 49 244
169 64 55 158
172 64 49 158
172 57 31 270
173 64 3 217
176 57 37 270
184 57 43 270
190 64 31 217
193 64 7 217
194 64 13 217
198 57 3 116
16 2 34 28
26 2 3 28
33 2 13 28
34 2 9 28
38 2 21 28
42 2 16 28
50 2 28 28
51 2 49 28
52 2 25 28
53 2 37 28
66 2 31 28
67 2 46 28
69 2 43 28
72 2 40 28
74 2 55 28
80 2 52 28
82 2 58 28
88 2 13 222
117 2 1 222
121 2 4 222
124 2 25 222
127 2 7 222
148 2 10 222
150 2 16 222
152 2 22 222
157 2 19 222
158 2 28 222
179 2 31 222
181 2 34 222
182 2 37 222
191 2 40 222
4 62 37 72
6 62 31 72
8 62 43 72
9 7 37 10
10 15 37 23
13 15 43 23
18 7 31 10
18 62 49 72
22 7 19 10
23 7 25 10
23 62 55 72
25 15 19 23
25 62 25 72
26 7 49 10
26 62 31 166
28 7 43 10
30 15 25 23
33 62 25 166
35 62 37 166
45 62 43 166
48 7 55 10
56 15 7 23
60 15 13 23
63 15 1 23
63 62 49 166
69 7 19 71
69 15 31 23
74 15 1 27
74 62 7 72
75 15 49 23
76 15 7 27
78 7 7 10
79 7 1 10
81 7 1 71
86 62 13 72
89 15 13 27
91 15 55 23
93 7 13 10
94 15 49 27
95 62 19 72
96 7 7 71
96 62 1 72
97 7 13 71
100 15 1 47
102 15 19 27
104 62 1 166
106 15 25 27
107 7 25 71
110 62 7 166
114 7 37 71
116 62 19 166
119 15 31 27
120 7 7 165
120 62 13 166
122 15 31 47
125 62 13 13
128 62 7 13
134 62 55 166
135 7 31 71
137 7 3 165
138 15 31 70
139 15 37 27
144 7 43 71
146 62 3 13
149 62 19 13
153 62 25 13
154 7 25 165
155 15 7 47
158 15 45 27
162 62 31 13
167 15 13 47
169 62 37 13
173 7 13 165
174 7 31 165
176 62 49 13
178 7 49 71
178 15 55 27
185 15 37 47
186 7 19 165
186 15 25 47
188 62 1 56
192 7 37 165
192 62 7 56
194 15 19 47
196 7 55 71
196 62 19 56
197 62 43 13
198 15 7 70
4 17 49 1
11 17 21 1
50 17 7 1
57 17 1 1
64 17 37 1
65 17 43 1
99 17 13 1
102 17 25 1
105 17 13 2
106 17 55 1
108 17 31 1
116 17 1 2
123 17 7 2
127 17 19 2
129 17 25 2
131 17 31 2
165 17 51 2
167 17 43 2
182 17 55 2
196 17 1 60
1 59 29 167
4 59 5 167
7 59 11 167
14 59 17 167
15 59 23 167
23 59 31 167
26 59 7 167
27 59 13 167
28 59 25 167
44 59 19 167
49 59 9 167
57 59 33 167
60 59 21 167
68 59 27 167
74 59 15 167
75 59 1 167
82 59 3 167
97 59 37 167
98 59 41 167
102 59 35 167
109 59 47 167
111 59 45 167
114 59 53 167
147 59 49 167
148 59 58 167
161 59 39 167
162 59 51 167
171 59 43 167
186 59 55 167
190 59 5 273
195 59 1 273
196 59 11 273
3 28 25 170
10 28 43 170
11 28 31 170
17 28 49 170
19 6 37 34
19 28 55 170
20 28 37 170
22 6 25 34
34 28 31 271
37 28 25 271
38 28 43 271
39 6 31 34
40 6 49 34
43 6 15 34
44 28 37 271
45 6 55 34
48 6 43 34
55 28 7 170
58 28 31 38
59 6 1 34
59 28 15 170
60 6 31 51
66 6 1 51
71 6 7 34
76 6 19 34
78 6 19 51
78 28 49 271
79 28 7 271
81 6 25 51
82 6 13 51
83 6 9 51
84 6 49 51
86 28 55 271
87 28 1 170
88 28 39 38
89 6 37 51
95 6 55 51
97 6 1 187
97 28 19 170
98 28 1 271
100 28 7 38
106 28 19 271
111 28 1 38
113 6 19 187
115 6 7 187
117 6 13 187
119 6 19 92
120 28 19 38
121 6 37 187
128 28 13 271
143 6 25 187
143 28 13 38
144 28 25 38
153 28 43 38
156 28 45 51
159 6 43 187
171 6 31 187
174 6 3 92
174 28 9 55
175 6 49 187
180 6 7 92
183 28 57 38
186 28 49 38
190 6 55 187
192 6 31 92
197 6 13 92
4 44 17 8
9 44 19 8
17 44 11 8
21 44 29 8
24 44 7 8
34 44 22 8
39 44 13 8
42 44 5 8
49 44 15 8
53 44 9 8
82 44 1 8
93 44 3 8
101 44 31 8
103 44 25 8
115 44 27 8
119 44 35 8
121 44 41 8
126 44 37 8
127 44 33 8
131 44 46 8
139 44 43 8
152 44 39 8
157 44 49 8
166 44 51 8
172 44 53 8
177 44 55 8
178 44 1 86
180 44 59 8
181 44 57 8
16 21 37 3
24 21 19 3
25 21 31 3
30 21 43 3
36 21 55 3
41 21 31 264
46 21 7 3
47 21 37 264
55 21 13 3
70 21 1 3
71 21 49 3
79 21 13 264
87 21 25 3
99 21 1 264
112 21 7 264
137 21 19 264
140 21 25 264
156 21 25 6
160 21 49 264
163 21 43 264
165 21 55 264
172 21 1 6
175 21 13 6
176 21 7 6
182 21 19 6
183 21 31 6
187 21 49 6
191 21 43 6
193 21 37 6
199 21 1 25
3 65 16 252
7 65 29 252
7 34 17 237
11 65 25 252
17 34 22 237
18 65 5 252
25 34 5 237
27 34 25 237
32 65 11 252
35 65 23 252
36 65 1 252
37 34 19 237
39 65 7 252
42 65 13 252
42 34 7 237
43 65 19 252
45 65 27 252
46 34 11 237
47 34 13 237
55 65 34 252
58 65 40 252
58 34 35 237
59 34 9 237
62 65 31 252
64 65 47 252
66 65 37 252
68 65 43 252
71 65 21 252
73 34 1 237
80 34 29 237
91 65 3 252
92 65 9 252
93 65 45 252
95 34 31 237
98 65 49 252
102 65 59 252
104 34 27 237
105 34 37 237
107 34 15 237
111 34 41 237
113 34 33 237
117 65 19 41
124 34 43 237
129 65 4 104
131 34 3 237
134 65 11 104
135 65 53 252
136 34 39 237
138 34 46 237
140 34 49 237
149 34 53 237
150 34 5 67
151 34 55 237
153 65 55 252
158 34 51 237
159 65 1 104
167 65 51 252
170 65 57 252
170 34 59 237
172 65 7 104
173 34 11 67
177 34 57 237
178 65 13 104
187 65 9 104
187 34 17 67
194 34 23 67
199 34 35 67
200 34 41 67
14 61 31 113
23 61 43 113
33 61 37 113
42 61 19 113
43 61 25 113
60 61 37 148
65 61 49 113
68 61 55 113
70 61 49 148
72 61 43 148
74 61 19 148
76 61 1 113
77 61 19 298
79 61 55 148
86 61 45 298
99 61 39 298
106 61 1 148
108 61 13 113
115 61 13 148
121 61 7 113
134 61 13 298
140 61 7 148
141 61 31 148
143 61 7 298
145 61 25 148
149 61 25 298
152 61 31 298
168 61 49 298
189 61 1 298
195 61 55 298
197 61 1 235
2 78 37 151
3 78 31 151
7 67 31 180
10 78 22 151
14 67 37 180
14 78 40 151
19 67 43 180
24 78 16 151
25 67 40 180
27 67 27 180
28 78 27 151
32 78 4 151
33 67 34 180
41 78 1 151
42 67 49 180
42 78 34 151
43 78 55 151
45 67 10 180
45 78 19 151
46 67 13 180
48 67 28 181
53 78 43 151
55 67 52 180
57 78 9 151
63 78 58 151
67 78 13 151
68 78 46 151
69 78 52 151
71 78 33 39
73 78 49 151
74 67 46 180
77 67 25 181
78 67 55 180
80 78 37 39
81 78 19 39
84 67 7 180
87 78 7 39
91 67 31 181
93 67 49 181
96 67 16 180
99 78 43 39
101 67 58 180
104 67 19 180
104 78 22 39
106 67 39 181
106 78 46 39
107 67 1 180
112 78 13 39
116 67 10 181
120 67 39 211
128 78 25 39
136 78 1 39
137 78 10 39
139 78 4 39
140 78 16 39
143 78 43 47
157 67 22 180
158 67 4 180
161 67 1 181
161 78 28 39
169 67 15 181
173 78 46 47
177 67 19 181
178 78 40 39
180 67 4 181
195 78 3 153
3 56 37 73
7 56 43 73
12 56 49 73
15 26 31 64
18 56 55 73
20 26 25 64
23 56 33 73
24 56 49 253
26 56 37 253
28 56 31 253
29 26 37 64
33 56 55 253
33 26 49 64
34 56 43 253
43 56 21 73
44 56 49 39
54 56 55 39
54 26 49 249
56 26 55 64
59 56 31 54
60 56 43 54
62 26 25 249
65 56 55 54
68 56 39 54
72 26 49 58
74 26 37 249
80 26 43 64
85 56 9 73
88 26 43 249
90 56 7 253
97 56 7 54
99 56 49 54
100 56 49 178
103 56 1 73
104 56 31 58
108 26 19 64
110 26 25 58
114 56 13 73
114 26 1 64
115 26 19 249
118 26 7 64
123 26 13 64
127 26 1 249
130 56 25 73
132 56 19 253
133 56 13 253
139 26 31 249
141 26 7 249
142 26 37 58
147 26 55 249
147 56 1 253
149 26 13 249
151 26 3 58
163 56 25 253
166 26 19 58
167 26 7 58
170 56 1 54
175 26 1 121
176 26 55 58
183 56 13 54
184 56 19 54
188 56 13 58
189 56 45 58
190 56 43 178
191 26 55 69
195 26 37 121
1 27 31 111
5 27 21 111
20 27 11 111
28 27 5 111
29 27 23 111
38 27 13 111
45 27 25 111
52 27 16 111
66 27 7 111
67 27 1 111
74 27 34 111
87 27 29 111
91 27 27 111
93 27 19 111
94 27 41 111
107 27 9 111
109 27 3 111
111 27 37 111
120 27 43 111
126 27 47 111
133 27 39 111
136 27 45 111
150 27 1 242
161 27 53 111
171 27 49 111
179 27 59 111
181 27 55 111
3 52 43 4
11 52 27 4
25 52 49 4
30 52 37 4
32 52 43 117
37 52 31 4
44 52 43 161
46 52 19 4
50 52 13 4
78 52 25 117
89 52 9 4
91 52 49 117
96 52 55 4
103 52 7 117
109 52 13 117
112 52 19 117
114 52 55 117
143 52 31 117
172 52 37 117
176 52 25 161
182 52 13 161
187 52 55 161
3 23 49 251
5 23 25 251
8 23 55 251
10 23 49 25
18 23 43 251
19 23 49 37
34 23 37 251
43 23 31 251
47 23 43 25
61 23 7 251
79 23 43 37
80 23 31 25
85 23 25 25
96 23 19 251
117 23 7 25
132 23 43 60
141 23 37 25
163 23 1 251
168 23 13 251
173 23 19 25
175 23 25 37
178 23 15 25
184 23 3 37
5 49 31 59
9 49 43 59
12 49 37 59
46 49 16 59
53 49 19 59
55 49 25 59
103 49 13 59
107 49 22 59
114 49 7 59
118 49 1 59
136 49 28 59
142 49 34 59
152 49 10 59
160 49 40 59
167 49 4 59
171 49 46 59
178 49 3 144
179 49 13 144
191 49 49 59
193 49 57 59
194 49 25 144
195 49 19 144
2 20 23 139
5 20 29 139
12 14 5 124
13 20 17 139
17 20 35 139
19 14 1 124
20 20 13 139
27 14 23 124
31 20 21 139
37 14 16 124
38 20 11 139
46 20 43 139
48 20 5 139
57 14 19 124
60 14 11 124
61 14 37 124
62 14 29 124
69 14 27 124
71 20 19 139
78 14 43 124
81 14 31 124
82 20 25 139
99 14 35 124
104 20 7 139
111 20 9 139
112 14 25 124
113 20 27 139
114 20 41 139
121 14 13 124
123 20 1 139
126 14 3 124
128 14 39 124
129 14 21 124
131 20 37 139
133 14 41 124
135 14 7 124
136 20 15 139
139 14 47 124
142 14 53 124
145 14 45 124
146 20 39 139
153 14 57 124
155 14 51 124
155 20 31 139
156 14 33 124
159 20 3 139
164 20 33 139
167 20 47 139
168 14 59 124
169 14 49 124
176 20 53 139
180 14 55 124
182 14 3 146
185 20 45 139
190 14 11 146
194 20 49 139
195 20 59 139
Điểm tối ưu: 2247
Thời gian: 0.131071 giây
Trạng thái: GREEDY_DONE
