3598
9 50 1 379
10 50 4 379
17 50 7 379
18 50 10 379
28 50 13 379
38 50 16 379
60 50 19 379
63 50 22 379
72 50 25 379
74 50 28 379
85 50 31 379
87 50 34 379
89 50 37 379
91 50 40 379
104 50 43 379
121 50 46 379
122 50 49 379
144 50 52 379
150 50 55 379
153 50 58 379
155 50 1 67
162 50 4 67
183 50 7 67
188 50 10 67
209 50 13 67
220 50 16 67
227 50 19 67
244 50 22 67
253 50 25 67
262 50 28 67
281 50 31 67
286 50 34 67
288 50 37 67
291 50 40 67
2 114 1 224
6 114 3 224
23 114 5 224
25 114 7 224
61 114 9 224
63 114 11 224
81 114 13 224
104 114 15 224
108 114 17 224
111 114 19 224
117 114 21 224
120 114 23 224
131 114 25 224
135 114 27 224
138 114 29 224
148 114 31 224
163 114 33 224
166 114 35 224
174 114 37 224
180 114 39 224
193 114 41 224
199 114 43 224
200 114 45 224
204 114 47 224
205 114 49 224
208 114 51 224
209 114 53 224
223 114 55 224
235 114 57 224
246 114 59 224
247 114 1 227
257 114 3 227
274 114 5 227
287 114 7 227
288 114 9 227
297 114 11 227
298 114 13 227
14 20 1 107
57 20 4 107
81 20 7 107
96 20 10 107
116 20 13 107
128 20 16 107
129 20 19 107
135 20 22 107
152 20 25 107
175 20 28 107
179 20 31 107
187 20 34 107
192 20 37 107
195 20 40 107
206 20 43 107
226 20 46 107
228 20 49 107
234 20 52 107
239 20 55 107
241 20 58 107
11 35 1 71
24 35 7 71
30 35 13 71
54 35 19 71
61 35 25 71
65 35 31 71
67 35 37 71
70 35 43 71
79 35 49 71
110 35 55 71
113 35 1 207
124 35 7 207
129 35 13 207
147 35 19 207
158 35 25 207
162 35 31 207
164 35 37 207
172 35 43 207
176 35 49 207
186 35 55 207
187 35 1 309
190 35 7 309
200 35 13 309
213 35 19 309
216 35 25 309
222 35 31 309
250 35 37 309
257 35 43 309
263 35 49 309
265 35 55 309
274 35 1 244
292 35 7 244
294 35 13 244
26 60 1 261
28 60 3 261
34 60 5 261
50 60 7 261
59 60 9 261
61 60 11 261
64 60 13 261
73 60 15 261
75 60 17 261
78 60 19 261
88 60 21 261
93 60 23 261
94 60 25 261
100 60 27 261
122 60 29 261
129 60 31 261
153 60 33 261
165 60 35 261
206 60 37 261
216 60 39 261
222 60 41 261
223 60 43 261
227 60 45 261
229 60 47 261
234 60 49 261
235 60 51 261
240 60 53 261
241 60 55 261
247 60 57 261
252 60 59 261
254 60 1 110
255 60 3 110
260 60 5 110
277 60 7 110
282 60 9 110
286 60 11 110
290 60 13 110
296 60 15 110
8 11 1 28
19 11 7 28
22 11 13 28
31 11 19 28
39 11 25 28
40 11 31 28
48 11 37 28
51 11 43 28
80 11 49 28
82 11 55 28
86 11 1 211
98 11 7 211
100 11 13 211
108 11 19 211
109 11 25 211
124 11 31 211
127 11 37 211
139 11 43 211
165 11 49 211
167 11 55 211
178 11 1 264
189 11 7 264
208 11 13 264
219 11 19 264
224 11 25 264
226 11 31 264
234 11 37 264
237 11 43 264
239 11 49 264
245 11 55 264
246 11 1 362
249 11 7 362
253 11 13 362
255 11 19 362
286 11 25 362
290 11 31 362
25 67 1 141
27 67 4 141
28 67 7 141
31 67 10 141
37 67 13 141
45 67 16 141
60 67 22 141
80 67 19 141
84 67 25 141
95 67 28 141
97 67 31 141
99 67 34 141
102 67 37 141
105 67 40 141
106 67 43 141
110 67 46 141
135 67 49 141
141 67 52 141
154 67 55 141
174 67 58 141
184 67 1 228
186 67 4 228
194 67 7 228
196 67 10 228
205 67 13 228
206 67 16 228
215 67 19 228
216 67 22 228
220 67 25 228
221 67 28 228
222 67 37 228
239 67 31 228
242 67 34 228
243 67 40 228
246 67 43 228
248 67 46 228
273 67 49 228
276 67 52 228
279 67 55 228
285 67 58 228
294 67 1 281
4 89 1 113
21 89 3 113
23 89 7 113
34 54 1 45
36 54 3 45
38 89 5 113
43 89 9 113
45 89 11 113
50 54 5 45
53 54 7 45
61 89 13 113
64 89 15 113
65 54 9 45
67 54 11 45
69 89 17 113
70 54 13 45
76 54 15 45
80 54 17 45
85 54 19 45
86 89 19 113
88 54 23 45
94 89 21 113
99 54 21 45
107 54 25 45
109 89 23 113
110 89 25 113
112 54 27 45
113 54 29 45
115 89 27 113
121 54 31 45
127 89 29 113
128 54 33 45
130 89 31 113
149 54 35 45
156 89 33 113
158 54 37 45
161 54 39 45
182 54 41 45
184 54 43 45
191 54 45 45
191 89 35 113
197 89 37 113
202 89 39 113
214 89 41 113
217 89 43 113
224 54 47 45
224 89 45 113
225 89 47 113
232 54 49 45
234 54 55 45
237 89 49 113
238 54 51 45
248 89 51 113
266 54 53 45
273 54 57 45
274 89 53 113
286 54 59 45
292 54 1 310
294 89 55 113
296 89 57 113
31 74 1 115
72 74 4 115
77 74 7 115
82 74 10 115
95 74 13 115
106 74 16 115
110 74 19 115
112 74 22 115
120 74 25 115
138 74 31 115
141 74 28 115
150 74 34 115
158 74 39 115
177 74 43 115
183 74 46 115
193 74 49 115
195 74 52 115
210 74 55 115
216 74 58 115
242 74 1 239
252 74 4 239
261 74 7 239
269 74 10 239
295 74 13 239
297 74 16 239
4 6 3 271
5 6 7 271
5 53 1 135
8 6 13 271
8 53 7 135
15 6 19 271
18 53 13 135
24 6 25 271
27 16 7 44
30 6 31 271
31 6 37 271
32 6 43 271
33 6 49 271
33 16 1 44
35 16 13 44
40 16 19 44
41 16 25 44
43 16 31 44
45 53 19 135
47 53 25 135
49 16 37 44
51 6 55 271
54 53 31 135
61 6 1 80
62 53 37 135
63 53 43 135
67 6 7 80
72 53 49 135
75 53 55 135
80 16 43 44
84 6 13 80
87 6 19 80
90 53 1 218
95 16 49 44
98 53 13 218
99 16 55 44
99 53 7 218
100 6 31 80
101 53 19 218
109 16 1 157
113 16 7 157
114 16 13 157
117 6 25 80
120 6 37 80
121 53 25 218
129 6 43 80
130 53 33 218
133 6 49 80
136 16 19 157
141 16 31 157
141 53 37 218
145 16 25 157
145 53 43 218
146 16 37 157
148 6 55 80
150 53 49 218
152 53 55 218
157 6 1 127
172 16 49 157
175 53 1 70
184 6 7 127
186 53 7 70
197 16 43 157
204 6 13 127
208 6 19 127
213 6 25 127
219 53 13 70
224 6 31 127
225 16 55 157
232 53 19 70
239 53 25 70
244 6 37 127
246 6 49 127
247 6 43 127
249 53 31 70
253 6 55 127
253 53 37 70
257 6 7 149
266 53 43 70
267 16 1 195
269 53 49 70
270 6 1 149
277 6 13 149
279 6 19 149
289 6 25 149
290 53 55 70
294 6 31 149
298 6 37 149
300 53 1 177
4 59 7 10
17 22 1 137
19 22 4 137
29 59 1 10
38 22 7 137
45 22 13 137
53 59 4 10
64 22 10 137
66 59 10 10
67 59 13 10
68 59 16 10
70 22 16 137
74 22 19 137
85 59 21 10
87 59 25 10
88 22 25 137
96 59 28 10
103 22 22 137
114 22 28 137
123 59 31 10
140 22 31 137
144 22 34 137
150 59 37 10
151 22 37 137
155 22 40 137
158 22 43 137
160 22 46 137
163 22 49 137
165 59 40 10
168 22 52 137
175 59 34 10
179 22 55 137
180 59 43 10
182 59 46 10
183 59 49 10
187 59 52 10
196 59 55 10
204 59 58 10
206 22 58 137
212 22 1 78
214 59 1 33
216 22 4 78
221 59 4 33
223 22 7 78
228 59 7 33
229 22 10 78
230 22 13 78
231 22 16 78
235 59 10 33
239 59 13 33
241 59 16 33
243 59 19 33
248 22 19 78
250 59 22 33
261 22 22 78
263 59 25 33
269 59 28 33
282 59 31 33
7 4 1 114
8 4 5 114
12 4 3 114
15 4 7 114
17 32 4 378
22 32 1 378
34 4 9 114
36 32 7 378
37 32 9 378
42 32 11 378
42 4 13 114
46 4 11 114
51 32 13 378
60 4 15 114
63 32 15 378
68 32 19 378
78 32 17 378
81 32 21 378
86 4 17 114
91 32 23 378
96 32 25 378
97 32 27 378
98 32 29 378
99 32 31 378
102 32 33 378
109 4 19 114
111 4 21 114
115 32 35 378
115 4 23 114
118 32 37 378
120 4 28 114
123 32 39 378
128 32 41 378
134 4 25 114
164 32 43 378
168 4 31 114
182 32 49 378
184 4 33 114
189 32 45 378
194 4 35 114
195 32 47 378
198 4 37 114
204 32 51 378
212 4 39 114
214 4 43 114
219 32 53 378
219 4 41 114
230 32 55 378
237 4 47 114
242 4 45 114
244 32 57 378
244 4 49 114
249 32 59 378
250 32 5 135
251 32 11 135
254 32 17 135
262 32 23 135
263 32 29 135
271 4 51 114
273 4 53 114
275 32 35 135
283 32 41 135
284 32 47 135
289 4 55 114
292 4 57 114
298 4 59 114
1 111 1 208
3 58 1 257
8 111 19 208
10 111 7 208
12 111 13 208
23 111 25 208
24 58 13 257
25 111 31 208
28 58 19 257
39 111 37 208
43 111 43 208
44 111 49 208
46 58 7 257
48 58 25 257
58 111 55 208
62 111 1 357
62 58 31 257
64 62 1 285
67 111 19 357
69 62 7 285
74 111 7 357
85 58 37 257
87 58 43 257
87 62 13 285
90 58 49 257
94 62 27 285
96 111 13 357
98 62 19 285
99 62 37 285
103 58 55 257
104 111 25 357
109 62 31 285
112 62 43 285
116 111 31 357
117 58 1 176
130 111 37 357
130 58 7 176
139 111 49 357
143 62 49 285
146 62 55 285
155 58 13 176
159 62 1 1
161 62 7 1
170 111 43 357
174 58 19 176
176 58 25 176
177 62 13 1
179 62 19 1
180 111 55 357
188 111 1 388
193 111 7 388
195 111 13 388
197 111 19 388
199 62 25 1
202 58 31 176
203 58 37 176
208 58 43 176
210 58 49 176
210 62 31 1
211 111 25 388
213 58 55 176
215 111 31 388
217 62 37 1
218 111 37 388
220 62 43 1
226 58 1 234
228 111 43 388
232 62 51 1
235 62 1 75
240 58 7 234
243 111 49 388
249 62 55 1
250 58 13 234
254 111 55 388
256 58 19 234
256 62 7 75
257 111 13 435
261 111 1 435
264 58 25 234
268 62 13 75
282 62 19 75
282 58 37 234
283 111 7 435
283 58 31 234
286 58 43 234
288 58 49 234
289 58 57 234
297 111 19 435
300 58 7 270
300 62 25 75
5 110 5 39
7 73 3 81
10 82 1 212
18 82 3 212
20 73 1 81
22 110 3 39
23 110 1 39
27 110 11 39
30 82 5 212
42 73 5 81
42 82 7 212
44 82 9 212
49 110 7 39
55 73 7 81
62 110 9 39
62 82 11 212
64 73 17 81
65 73 11 81
67 82 16 212
68 82 13 212
75 82 19 212
79 110 13 39
81 82 23 212
83 82 21 212
85 73 9 81
85 110 15 39
88 73 13 81
92 73 15 81
92 82 25 212
96 73 19 81
97 110 17 39
100 110 19 39
100 82 29 212
102 110 21 39
105 82 27 212
107 110 23 39
107 82 31 212
110 82 33 212
111 110 25 39
115 110 29 39
117 73 23 81
121 73 21 81
121 82 35 212
122 73 25 81
125 82 37 212
127 110 27 39
128 73 27 81
129 73 29 81
131 73 31 81
134 73 33 81
134 110 31 39
135 73 35 81
135 110 33 39
136 110 35 39
142 82 39 212
145 73 37 81
145 82 41 212
146 73 41 81
148 110 37 39
150 82 43 212
153 110 39 39
155 82 45 212
161 82 47 212
163 73 39 81
169 110 41 39
175 73 43 81
177 73 46 81
182 73 51 81
182 110 43 39
187 82 49 212
190 82 51 212
199 73 49 81
200 82 53 212
201 73 53 81
204 73 55 81
205 82 55 212
208 110 47 39
222 73 57 81
228 110 52 39
233 110 45 39
235 82 59 212
236 110 49 39
237 73 59 81
246 73 5 231
252 73 1 231
254 82 3 185
258 110 55 39
259 73 3 231
259 82 57 212
271 73 7 231
272 73 9 231
273 110 59 39
274 82 7 185
275 110 57 39
278 73 11 231
278 82 1 185
294 110 4 61
297 82 5 185
300 73 13 231
9 102 4 27
22 102 7 27
25 115 4 240
28 102 10 27
31 102 13 27
36 102 16 27
50 115 1 240
51 102 1 27
55 115 9 240
57 115 13 240
59 102 19 27
60 115 25 240
65 102 22 27
67 115 28 240
69 102 25 27
69 115 19 240
71 115 16 240
73 102 28 27
82 115 22 240
84 115 31 240
88 102 31 27
90 115 34 240
91 102 34 27
100 115 37 240
113 115 40 240
116 115 43 240
119 115 46 240
120 115 49 240
130 115 52 240
139 102 37 27
140 102 40 27
142 115 55 240
143 102 43 27
148 102 46 27
167 102 49 27
170 102 52 27
171 102 55 27
171 115 58 240
186 115 1 320
188 115 7 320
195 115 4 320
200 102 58 27
200 115 10 320
202 102 1 96
207 102 4 96
214 102 7 96
217 102 10 96
226 115 13 320
227 102 13 96
236 102 16 96
239 115 16 320
242 115 19 320
250 102 19 96
253 115 22 320
255 115 25 320
258 115 28 320
261 102 25 96
267 102 22 96
271 102 28 96
272 102 31 96
275 115 31 320
277 115 34 320
279 102 34 96
282 102 43 96
287 102 37 96
295 115 37 320
13 107 1 354
25 107 9 354
31 107 25 354
33 107 13 354
41 107 19 354
48 107 31 354
54 107 37 354
55 107 43 354
60 107 49 354
72 107 55 354
73 107 1 396
77 107 13 396
85 107 25 396
133 107 7 396
139 107 19 396
151 107 31 396
170 107 37 396
199 107 45 396
203 107 49 396
229 107 55 396
244 107 1 91
251 107 7 91
256 107 13 91
263 107 19 91
268 107 25 91
296 107 31 91
299 107 37 91
4 7 10 400
11 7 7 400
12 7 19 400
13 7 13 400
15 7 1 400
17 7 16 400
18 7 22 400
23 7 31 400
29 7 4 400
33 7 25 400
39 7 34 400
48 7 43 400
49 7 28 400
60 7 37 400
69 7 40 400
70 7 49 400
72 7 46 400
79 7 55 400
80 7 58 400
83 7 52 400
93 7 1 329
103 7 4 329
116 7 7 329
118 7 10 329
129 7 22 329
136 7 13 329
143 7 16 329
144 7 19 329
160 7 25 329
162 7 28 329
171 7 31 329
173 7 34 329
174 7 39 329
185 7 43 329
187 7 46 329
188 7 49 329
209 7 55 329
214 7 52 329
225 7 1 3
250 7 58 329
252 7 7 3
275 7 4 3
279 7 10 3
295 7 16 3
1 14 5 273
7 76 5 43
15 14 9 273
19 37 1 334
19 14 11 273
21 14 1 273
22 76 10 43
23 37 3 334
30 76 1 43
35 37 5 334
38 14 3 273
42 14 15 273
45 76 3 43
46 37 13 334
48 76 7 43
48 14 13 273
49 76 13 43
53 76 15 43
65 37 7 334
66 14 7 273
70 76 19 43
73 37 9 334
73 14 17 273
77 76 17 43
80 76 22 43
80 14 25 273
83 76 25 43
89 76 27 43
93 14 19 273
94 37 11 334
97 37 15 334
103 76 29 43
104 37 17 334
111 37 23 334
115 14 21 273
117 14 29 273
120 14 31 273
122 14 23 273
129 14 27 273
138 76 34 43
143 76 31 43
145 14 33 273
147 76 37 43
150 76 40 43
151 37 19 334
157 37 21 334
160 76 43 43
162 76 45 43
169 14 35 273
174 14 43 273
177 37 25 334
177 14 37 273
178 76 47 43
183 37 27 334
184 76 49 43
187 37 29 334
190 37 31 334
190 76 53 43
193 76 55 43
195 37 33 334
199 14 39 273
200 14 41 273
201 37 35 334
203 37 41 334
204 14 45 273
205 37 37 334
207 14 47 273
218 76 51 43
221 37 39 334
226 37 43 334
227 76 57 43
228 14 55 273
229 37 45 334
230 37 47 334
236 76 59 43
241 14 49 273
243 37 53 334
253 37 49 334
254 37 51 334
255 76 5 75
255 14 51 273
256 37 55 334
258 14 53 273
262 37 57 334
270 14 57 273
272 14 59 273
275 14 1 32
276 76 11 75
279 76 17 75
280 37 59 334
281 37 1 85
284 37 3 85
290 76 23 75
292 14 3 32
293 14 5 32
3 13 7 258
4 66 49 96
8 66 55 96
11 64 13 220
11 13 19 258
13 13 25 258
19 13 13 258
25 66 13 416
35 13 1 258
39 64 1 220
40 66 1 416
41 64 7 220
49 13 31 258
56 64 19 220
59 64 25 220
59 13 37 258
61 66 19 416
66 64 31 220
70 64 37 220
71 66 7 416
74 13 43 258
75 13 49 258
78 64 43 220
78 13 55 258
82 64 49 220
83 66 27 416
89 66 31 416
98 64 55 220
109 13 7 427
112 64 49 67
124 66 37 416
127 66 43 416
129 66 49 416
130 13 1 427
133 66 55 416
137 64 43 67
139 13 13 427
141 66 1 58
142 13 19 427
146 64 1 289
146 66 7 58
152 13 31 427
154 64 7 289
155 66 19 58
158 13 49 427
159 64 55 67
161 13 25 427
164 66 13 58
174 66 25 58
179 13 37 427
181 13 43 427
183 64 13 289
194 64 19 289
200 13 1 345
205 13 57 427
213 66 31 58
214 64 25 289
214 66 37 58
218 64 31 289
218 66 43 58
220 66 49 58
222 13 7 345
228 13 13 345
230 64 37 289
246 66 55 58
249 64 43 289
250 13 25 345
252 13 19 345
254 64 7 197
258 66 1 86
259 66 7 86
265 13 31 345
266 64 49 289
272 66 13 86
274 13 37 345
276 64 55 289
278 66 19 86
280 64 1 197
281 64 13 197
282 13 49 345
284 66 25 86
286 13 55 345
291 66 31 86
294 13 43 345
296 66 37 86
298 13 1 381
299 13 7 381
300 64 19 197
4 88 40 320
5 88 43 320
7 88 46 320
13 113 7 268
22 88 49 320
25 113 19 268
29 113 10 268
31 113 4 268
36 113 13 268
37 113 1 268
43 113 16 268
54 113 25 268
54 88 52 320
55 88 55 320
69 113 22 268
86 88 58 320
93 113 28 268
112 88 1 40
117 88 7 40
123 88 4 40
125 88 10 40
127 113 31 268
128 113 37 268
132 113 34 268
135 88 13 40
149 113 40 268
154 113 43 268
157 88 16 40
162 88 19 40
165 113 46 268
180 113 49 268
181 113 52 268
191 113 55 268
197 88 25 40
198 113 58 268
207 88 22 40
223 113 1 193
225 113 4 193
233 88 28 40
243 88 31 40
247 113 7 193
256 88 34 40
266 113 10 193
270 88 37 40
274 88 43 40
280 113 13 193
280 88 40 40
283 88 46 40
285 113 16 193
287 113 19 193
291 88 49 40
1 34 19 239
2 30 3 66
10 34 21 239
11 34 23 239
20 30 5 66
21 30 7 66
25 3 17 49
26 34 25 239
27 3 1 49
29 3 7 49
35 30 9 66
36 3 5 49
38 30 1 66
39 3 9 49
41 30 11 66
44 3 3 49
47 3 11 49
47 30 13 66
48 30 15 66
52 34 27 239
53 3 13 49
58 3 15 49
59 34 29 239
61 34 31 239
62 30 17 66
63 3 19 49
66 34 35 239
81 30 19 66
82 30 25 66
85 3 29 49
86 3 21 49
87 34 37 239
88 3 34 49
89 34 40 239
90 3 23 49
90 30 21 66
99 3 25 49
100 30 23 66
102 34 43 239
106 34 33 239
116 34 46 239
126 3 27 49
127 34 49 239
129 34 53 239
130 30 27 66
131 30 29 66
132 30 31 66
137 3 31 49
150 30 45 66
153 3 37 49
156 3 39 49
163 3 41 49
165 3 43 49
167 3 45 49
170 34 55 239
172 3 47 49
172 30 33 66
175 30 37 66
176 34 57 239
176 3 53 49
176 30 35 66
178 30 39 66
183 34 59 239
188 30 41 66
191 34 51 239
194 34 5 357
197 34 11 357
203 34 17 357
204 30 43 66
205 30 47 66
206 3 49 49
209 3 51 49
212 34 23 357
219 34 29 357
219 30 49 66
225 34 35 357
226 30 51 66
231 34 41 357
231 30 53 66
235 30 55 66
236 3 55 49
236 30 57 66
238 30 59 66
239 30 1 35
245 34 47 357
246 3 7 423
248 3 57 49
255 3 59 49
256 30 3 35
257 34 53 357
257 3 1 423
259 34 59 357
261 34 5 217
262 34 1 217
264 34 3 217
265 34 7 217
267 30 5 35
270 34 9 217
278 34 13 217
280 3 5 423
281 3 3 423
282 30 7 35
283 30 11 35
295 30 9 35
16 39 1 198
17 39 19 198
23 39 9 198
27 95 25 78
33 95 31 78
45 39 25 198
46 39 15 198
53 39 31 198
54 95 43 78
59 95 49 78
63 95 37 78
64 39 37 198
65 95 55 78
70 39 55 198
72 95 7 267
76 95 1 267
78 95 13 267
81 95 25 267
82 95 31 267
83 95 37 267
94 39 43 198
97 95 19 267
100 39 49 198
102 95 45 267
105 95 49 267
117 39 13 428
117 95 55 267
123 39 7 428
131 39 1 428
133 95 1 315
141 95 7 315
146 95 13 315
149 95 19 315
161 95 31 315
163 95 25 315
164 95 45 315
166 39 19 428
169 39 25 428
169 95 37 315
171 39 37 428
171 95 49 315
172 39 55 428
173 95 55 315
186 95 13 42
190 39 33 428
194 95 1 42
206 95 7 42
208 39 1 60
217 39 45 428
218 95 19 42
221 95 31 42
223 95 25 42
241 95 37 42
247 39 49 428
253 39 7 60
263 95 43 42
267 39 13 60
270 39 19 60
273 95 43 149
285 39 25 60
286 39 37 60
294 39 49 60
295 95 49 42
296 95 49 149
299 39 31 60
6 27 7 210
8 65 40 96
10 70 43 91
10 78 25 193
18 78 28 193
19 65 46 96
20 27 10 210
24 70 46 91
25 78 22 193
27 70 49 91
29 70 52 91
35 65 19 227
36 70 55 91
37 27 4 210
44 27 13 210
47 78 31 193
50 70 58 91
51 65 15 227
51 70 19 110
53 78 37 193
55 70 22 110
60 78 34 193
62 70 25 110
62 27 19 210
63 27 1 210
64 78 43 193
68 65 22 227
69 27 28 210
77 70 28 110
79 65 25 227
81 27 16 210
86 70 31 110
86 78 40 193
89 65 43 227
90 70 37 110
90 78 46 193
93 78 49 193
96 70 34 110
101 70 40 110
102 65 28 227
105 65 31 227
105 27 22 210
106 65 37 227
106 78 52 193
106 27 25 210
107 70 43 110
108 65 34 227
108 70 46 110
117 27 31 210
120 70 52 110
121 65 40 227
122 70 55 110
124 27 43 210
127 78 55 193
128 65 46 227
137 65 49 227
138 78 58 193
140 27 34 210
142 70 49 110
145 78 1 411
149 78 4 411
155 27 37 210
156 70 58 110
156 78 7 411
158 78 10 411
160 70 7 195
164 78 19 411
166 27 40 210
170 65 57 227
171 65 1 246
178 78 13 411
178 27 49 210
183 70 10 195
192 27 46 210
196 78 16 411
200 27 55 210
205 27 52 210
209 78 22 411
210 70 13 195
212 65 52 227
212 27 58 210
217 70 16 195
221 27 1 336
222 70 19 195
223 65 4 246
227 78 25 411
230 65 7 246
230 70 22 195
231 65 10 246
234 78 28 411
237 78 31 411
239 65 19 246
239 70 34 195
241 70 25 195
241 78 34 411
246 65 13 246
249 78 37 411
258 78 40 411
260 65 16 246
262 70 31 195
262 27 4 336
271 70 37 195
274 65 22 246
275 65 25 246
279 65 28 246
281 78 43 411
284 70 40 195
284 27 7 336
285 70 43 195
287 70 28 195
288 27 13 336
289 70 46 195
290 70 49 195
293 78 46 411
296 70 43 362
297 78 49 411
300 78 52 411
4 28 29 78
5 28 35 78
15 28 41 78
26 28 47 78
32 28 53 78
40 28 59 78
55 28 1 338
57 28 7 338
92 28 3 338
93 28 5 338
94 28 9 338
95 28 11 338
103 28 13 338
112 28 15 338
114 28 17 338
126 28 19 338
147 28 23 338
151 28 21 338
155 28 25 338
178 28 27 338
183 28 29 338
199 28 31 338
200 28 33 338
212 28 35 338
222 28 43 338
224 28 37 338
232 28 39 338
233 28 41 338
238 28 45 338
256 28 47 338
261 28 49 338
272 28 51 338
273 28 55 338
277 28 53 338
278 28 57 338
284 28 59 338
290 28 1 370
297 28 3 370
9 49 7 23
11 26 25 104
12 26 7 104
16 26 13 104
17 49 25 23
19 49 19 23
21 26 19 104
24 26 1 104
32 26 31 104
36 26 37 104
44 49 31 23
44 26 43 104
45 26 49 104
56 26 55 104
60 26 1 237
64 26 19 237
65 49 1 23
71 26 25 237
73 26 31 237
74 49 13 23
76 49 37 23
79 49 43 23
91 26 7 237
100 49 55 23
104 49 49 23
108 49 1 56
109 49 13 56
110 26 13 237
122 49 7 56
124 26 49 237
136 26 37 237
137 49 19 56
144 49 25 56
149 26 43 237
154 26 1 116
158 49 31 56
161 26 55 237
162 49 37 56
166 49 43 56
170 26 7 116
171 49 7 53
174 49 49 56
174 26 13 116
177 26 19 116
185 26 25 116
192 49 55 56
201 49 1 53
202 26 43 116
202 49 13 53
203 49 19 53
209 26 31 116
210 49 25 53
211 49 31 53
216 49 43 53
228 49 37 53
233 49 49 53
234 26 57 116
244 26 51 116
251 49 55 53
260 49 1 201
265 49 9 201
266 26 37 116
269 26 1 175
273 49 13 201
276 49 19 201
296 26 7 175
1 2 7 169
12 2 22 169
15 2 4 169
17 2 10 169
27 2 13 169
30 2 19 169
32 2 1 169
35 2 25 169
37 2 16 169
39 2 31 169
46 2 28 169
50 2 34 169
79 2 37 169
92 2 40 169
98 2 43 169
105 2 46 169
106 2 49 169
111 2 52 169
123 2 55 169
148 2 1 166
151 2 58 169
163 2 4 166
165 2 7 166
176 2 10 166
179 2 13 166
188 2 16 166
195 2 19 166
216 2 31 166
244 2 25 166
247 2 22 166
268 2 34 166
283 2 28 166
285 2 37 166
296 2 46 166
300 2 40 166
7 31 11 218
17 31 23 218
18 52 5 285
20 31 17 218
30 52 11 285
30 31 29 218
32 52 17 285
53 52 23 285
57 52 25 285
77 31 5 218
78 31 31 218
83 31 41 218
88 52 41 285
89 52 35 285
93 52 47 285
95 52 53 285
96 52 59 285
101 31 47 218
118 52 5 85
121 31 53 218
122 31 59 218
123 52 11 85
134 52 7 85
138 52 9 85
141 31 5 281
145 52 13 85
162 52 15 85
163 52 17 85
173 52 19 85
176 31 7 281
186 52 21 85
187 52 23 85
194 52 25 85
198 31 9 281
202 31 11 281
207 31 13 281
215 52 27 85
222 31 15 281
224 52 29 85
228 52 31 85
237 52 34 85
243 52 37 85
252 31 17 281
259 31 19 281
261 31 28 281
267 31 25 281
270 52 40 85
274 31 31 281
282 31 23 281
283 52 43 85
285 31 21 281
287 52 45 85
289 31 33 281
293 52 49 85
294 52 47 85
299 31 35 281
16 118 7 165
24 118 19 165
39 118 13 165
41 118 1 165
61 118 33 165
83 118 43 165
88 118 37 165
92 118 27 165
96 118 49 165
99 118 13 32
105 118 55 165
121 118 7 32
122 118 19 32
125 118 25 32
138 118 37 32
166 118 31 32
168 118 43 32
188 118 55 32
194 118 49 32
198 118 1 34
208 118 7 34
231 118 19 34
232 118 13 34
253 118 31 34
270 118 25 34
271 118 43 34
298 118 49 34
2 71 7 117
6 71 10 117
11 41 10 447
28 71 16 117
42 71 1 117
43 41 1 447
47 41 4 447
48 71 4 117
56 41 7 447
58 41 19 447
63 41 25 447
65 41 13 447
67 41 31 447
87 41 28 447
93 41 16 447
97 71 34 117
99 71 27 117
102 71 13 117
104 71 19 117
107 41 34 447
110 71 22 117
113 41 22 447
118 71 31 117
123 41 43 447
151 41 40 447
152 71 37 117
163 41 46 447
165 41 37 447
184 71 40 117
191 41 58 447
197 41 49 447
204 41 1 14
205 41 4 14
208 41 55 447
222 71 45 117
231 41 7 14
236 41 52 447
238 71 55 117
251 41 13 14
260 41 10 14
262 71 49 117
262 41 16 14
272 41 19 14
284 71 52 117
286 41 22 14
293 41 25 14
295 71 58 117
296 71 1 171
4 15 13 26
6 15 1 26
6 92 5 330
11 69 5 160
11 15 17 26
12 92 1 330
14 69 7 160
17 92 13 330
18 92 7 330
19 92 17 330
21 92 9 330
27 92 19 330
29 15 15 26
35 69 11 160
37 92 11 330
41 92 15 330
43 69 13 160
44 92 21 330
46 92 3 330
52 15 3 26
52 92 23 330
62 15 5 26
65 69 16 160
73 15 7 26
74 92 25 330
76 15 9 26
77 69 1 160
77 92 31 330
80 92 27 330
86 15 11 26
89 92 29 330
94 92 33 330
95 69 3 160
110 69 9 160
113 92 35 330
116 69 19 160
116 15 21 26
119 69 21 160
124 15 19 26
125 15 23 26
127 15 25 26
135 15 29 26
135 92 37 330
137 92 39 330
142 15 27 26
143 69 23 160
158 15 35 26
166 92 47 330
169 69 29 160
170 15 31 26
179 15 41 26
181 92 41 330
185 92 49 330
186 69 25 160
187 92 43 330
196 15 33 26
196 92 45 330
206 92 51 330
211 92 53 330
212 15 37 26
213 15 39 26
214 92 55 330
218 92 57 330
224 92 59 330
225 15 43 26
226 92 5 198
229 92 7 198
234 92 13 198
236 15 45 26
236 92 23 198
237 15 51 26
240 92 29 198
242 15 47 26
244 15 55 26
247 92 35 198
249 15 49 26
254 69 27 160
254 15 53 26
266 69 31 160
266 92 41 198
274 69 33 160
279 92 47 198
280 92 53 198
282 15 57 26
287 15 59 26
287 92 15 231
291 69 35 160
299 69 41 160
299 92 59 198
2 117 13 187
4 117 19 187
9 63 13 377
14 63 9 377
17 105 31 61
24 105 37 61
26 105 7 61
32 105 13 61
33 117 7 187
36 105 19 61
36 117 25 187
38 63 19 377
49 117 1 187
52 117 31 187
57 105 27 61
59 117 43 187
66 63 1 377
67 105 43 61
74 63 31 377
77 105 49 61
84 105 55 61
105 63 1 341
108 117 37 187
112 105 31 3
114 63 37 377
124 117 55 187
125 117 49 187
128 63 49 377
135 63 43 377
136 63 25 377
137 117 1 164
139 105 25 3
140 105 19 3
140 117 7 164
141 117 13 164
142 63 7 341
144 105 37 3
155 117 27 164
155 63 55 377
160 105 49 3
160 117 19 164
161 63 13 341
164 63 25 341
168 105 55 3
170 63 19 341
173 105 43 3
173 63 37 341
175 117 39 164
176 105 1 374
176 63 31 341
177 63 49 341
179 105 7 374
180 117 31 164
183 105 19 374
185 105 13 374
190 105 25 374
192 105 31 374
193 105 37 374
198 105 43 374
200 105 49 374
202 105 55 374
202 117 49 164
208 63 25 342
209 117 43 164
212 63 43 341
214 63 57 341
217 117 55 164
217 63 1 342
219 105 1 62
222 117 25 201
223 105 13 62
231 63 31 342
236 63 7 342
240 105 19 62
240 117 31 201
242 105 7 62
243 117 43 201
247 105 25 62
251 105 31 62
252 117 37 201
255 105 37 62
259 105 43 62
264 105 49 62
268 63 19 342
269 117 55 201
274 117 49 201
277 105 55 62
278 117 3 270
280 117 19 270
281 117 25 270
288 105 1 72
288 63 43 342
1 44 10 363
2 96 28 14
2 44 19 363
3 44 13 363
7 51 7 322
10 44 16 363
12 96 31 14
13 44 22 363
14 51 4 322
15 51 13 322
19 96 34 14
26 44 3 363
28 96 37 14
29 96 40 14
31 44 7 363
35 44 28 363
40 96 43 14
40 44 25 363
44 96 55 14
51 96 49 14
52 96 46 14
52 51 10 322
54 44 49 363
55 96 52 14
56 96 1 178
59 44 31 363
62 51 22 322
66 44 37 363
66 51 16 322
67 51 1 322
71 51 19 322
72 96 13 178
74 96 58 14
76 96 19 178
79 51 28 322
81 96 4 178
84 51 34 322
89 96 7 178
97 51 37 322
101 96 10 178
101 51 25 322
105 51 43 322
107 44 40 363
107 51 46 322
108 44 43 363
108 51 31 322
109 96 37 178
111 96 16 178
111 51 40 322
116 51 49 322
118 96 22 178
118 51 52 322
119 96 25 178
121 51 55 322
128 51 58 322
129 96 33 178
131 51 7 82
133 51 13 82
138 44 46 363
140 96 28 178
140 44 52 363
144 44 55 363
144 51 1 82
145 51 4 82
146 51 19 82
159 96 40 178
159 44 34 363
164 96 49 178
165 44 58 363
167 96 52 178
167 44 19 231
171 44 22 231
171 51 16 82
176 96 43 178
177 44 27 231
178 51 10 82
180 44 46 231
185 96 46 178
186 96 27 371
188 96 13 371
195 96 55 178
197 51 28 82
199 51 22 82
201 44 31 231
210 96 58 178
211 51 37 82
212 51 25 82
213 44 43 231
213 51 46 82
215 96 1 371
226 44 37 231
228 44 34 231
228 51 57 82
230 51 31 82
234 96 4 371
235 96 7 371
238 44 40 231
252 44 49 231
255 44 55 231
259 96 16 371
260 96 19 371
261 51 34 82
264 44 58 231
265 44 52 231
267 96 10 371
269 44 37 34
272 96 22 371
274 96 46 371
280 44 55 34
284 44 10 269
297 96 31 371
298 51 43 82
1 12 13 425
2 91 5 208
3 12 5 425
4 12 15 425
9 119 11 250
14 119 13 250
18 119 1 250
24 12 11 425
29 91 17 208
32 91 11 208
34 119 3 250
35 12 7 425
38 91 23 208
39 91 29 208
41 91 35 208
42 12 9 425
53 12 1 425
54 91 41 208
56 12 17 425
57 91 47 208
58 12 3 425
60 91 53 208
64 12 23 425
66 91 59 208
69 12 31 425
72 12 19 425
78 12 21 425
79 119 5 250
84 119 7 250
96 119 17 250
96 91 53 40
100 12 25 425
101 91 55 40
102 119 9 250
106 119 19 250
115 12 33 425
123 12 27 425
126 91 57 40
134 119 15 250
143 12 29 425
148 119 21 250
150 12 47 425
153 12 35 425
153 91 1 151
159 12 37 425
161 119 23 250
161 91 59 40
162 119 25 250
168 12 39 425
169 91 3 151
170 91 5 151
174 12 45 425
179 119 27 250
180 12 41 425
182 12 53 425
182 91 7 151
185 119 29 250
185 91 9 151
186 119 31 250
187 119 37 250
188 12 43 425
189 12 49 425
189 119 33 250
201 119 39 250
207 91 11 151
209 12 58 425
210 119 35 250
212 12 55 425
215 119 41 250
225 12 51 425
227 12 1 402
230 12 3 402
233 12 5 402
234 12 7 402
235 119 43 250
240 91 13 151
245 91 15 151
248 91 17 151
251 12 16 402
260 119 45 250
261 91 19 151
266 119 47 250
270 119 49 250
276 91 23 151
277 119 51 250
283 119 53 250
287 12 9 402
291 119 55 250
82 85 1 88
89 85 13 88
104 85 7 88
122 85 31 88
125 85 19 88
131 85 37 88
132 85 25 88
144 85 43 88
151 85 49 88
152 85 1 118
163 85 55 88
218 85 7 118
235 85 13 118
238 85 19 118
254 85 31 118
259 85 25 118
272 85 37 118
275 85 43 118
287 85 49 118
289 85 1 229
1 33 15 437
11 33 31 437
12 120 25 138
19 33 25 437
25 120 28 138
34 33 19 437
37 120 19 138
46 33 22 437
57 33 1 437
58 33 7 437
63 120 4 138
65 120 37 138
68 120 1 138
69 33 4 437
77 120 10 138
88 120 7 138
95 120 16 138
97 33 10 437
98 33 34 437
100 33 40 437
105 33 37 437
115 120 13 138
116 33 28 437
119 33 43 437
132 120 22 138
134 33 46 437
136 120 31 138
139 120 34 138
153 120 43 138
156 33 49 437
169 33 52 437
173 33 1 155
174 33 55 437
177 120 40 138
181 120 49 138
185 33 58 437
188 33 19 155
191 33 4 155
193 33 13 155
203 33 7 155
212 33 10 155
217 120 52 138
219 120 46 138
230 33 16 155
237 120 55 138
245 33 22 155
246 120 34 371
249 120 40 371
250 120 43 371
252 120 52 371
267 33 27 155
269 33 31 155
282 120 25 151
285 120 49 371
286 33 49 155
298 33 34 155
300 33 37 155
3 40 19 36
21 72 13 287
22 72 19 287
24 72 31 287
26 40 13 36
39 72 43 287
45 72 7 287
46 72 37 287
49 40 9 36
51 72 25 287
52 40 37 36
59 72 1 287
61 72 49 287
71 40 1 36
71 72 55 287
79 40 31 36
87 72 49 82
95 72 7 347
98 72 1 347
108 72 13 347
112 72 37 347
126 72 21 347
132 72 43 347
133 40 25 36
136 40 43 36
140 72 55 347
143 72 25 347
154 72 31 347
156 72 1 4
167 40 1 65
170 40 13 65
172 72 7 4
175 72 49 347
180 40 7 65
182 40 55 36
189 40 51 36
190 40 19 65
192 72 13 4
201 72 19 4
203 72 25 4
211 40 43 65
216 72 49 4
231 40 25 65
233 40 31 65
235 40 37 65
238 72 31 4
242 72 37 4
243 72 55 4
245 40 49 65
247 40 3 5
248 40 7 5
263 40 55 65
264 72 43 4
268 40 37 5
271 40 13 5
271 72 1 48
273 40 19 5
277 40 25 5
280 40 31 5
295 72 19 48
296 72 25 48
5 77 13 318
9 75 19 109
14 75 15 109
16 75 22 109
19 75 28 109
25 77 25 318
33 75 37 109
36 77 9 318
39 75 49 109
46 77 19 318
48 77 1 318
49 77 16 318
53 77 28 318
55 75 3 109
63 75 7 109
66 77 22 318
68 75 10 109
77 77 33 318
81 75 31 109
82 75 40 109
87 77 4 318
93 77 37 318
103 75 25 109
111 75 34 109
117 77 40 318
122 75 43 109
136 75 52 109
140 75 46 109
141 77 43 318
146 77 46 318
149 75 55 109
153 77 49 318
157 77 52 318
160 75 58 109
170 77 1 145
177 77 55 318
178 77 58 318
199 77 51 85
203 75 1 31
205 77 7 145
207 75 7 31
207 77 55 85
215 77 58 85
218 75 4 31
229 75 13 31
232 77 4 145
236 77 13 145
241 75 10 31
253 75 19 31
255 77 10 145
263 77 16 145
267 77 19 145
268 77 31 145
269 77 22 145
272 77 25 145
277 77 37 145
285 77 34 145
291 77 28 145
4 79 37 160
11 79 39 160
13 79 43 160
18 79 45 160
39 79 47 160
50 79 13 437
54 79 55 160
71 79 49 160
76 79 51 160
81 79 53 160
124 79 59 160
152 79 5 86
153 79 11 86
160 79 17 86
200 79 23 86
208 79 29 86
214 79 35 86
241 79 41 86
278 79 43 86
289 79 49 86
298 79 57 160
3 98 43 5
3 80 25 140
5 98 49 5
9 98 55 5
15 98 25 111
22 80 31 140
25 98 37 111
27 98 21 111
28 90 25 225
32 98 7 111
34 80 13 140
54 80 1 140
56 80 37 140
58 80 43 140
59 90 13 225
71 80 51 140
76 80 55 140
78 90 1 225
79 80 7 140
83 98 1 111
85 98 43 111
85 90 49 225
90 98 13 111
92 90 7 225
93 80 31 111
98 80 49 111
101 90 31 225
103 98 31 336
109 80 55 111
110 90 37 225
113 80 13 339
118 98 25 336
125 90 43 225
126 90 1 251
135 98 39 336
136 98 55 336
137 80 7 339
145 90 19 225
147 98 43 336
148 80 25 339
149 98 49 336
150 80 19 140
155 80 31 339
156 90 13 251
157 90 55 225
165 90 19 251
167 80 37 339
168 98 19 336
168 80 1 339
177 98 1 262
178 98 19 262
178 80 43 339
180 80 19 339
183 98 55 118
186 90 33 251
192 80 49 339
193 80 57 339
197 90 7 251
198 80 13 55
201 80 7 55
202 90 25 251
208 98 31 262
219 80 25 55
220 80 1 55
224 80 19 55
229 90 37 251
230 90 43 251
231 80 37 55
233 80 55 55
239 98 7 262
240 90 49 251
241 98 43 262
244 80 31 55
248 80 1 333
264 90 7 76
265 80 43 55
270 90 13 76
271 90 55 251
272 90 1 76
276 80 7 333
276 90 25 76
277 90 19 76
278 98 15 262
281 90 37 76
288 90 31 76
289 80 51 55
290 90 43 76
293 98 37 262
295 90 43 145
298 98 25 262
2 99 22 35
9 99 25 35
21 83 25 132
22 83 28 132
32 83 4 132
34 83 22 132
41 83 31 132
42 99 19 35
46 99 31 35
47 83 1 132
50 99 15 35
57 99 34 35
63 99 28 35
82 83 7 132
84 83 10 132
91 99 37 35
98 83 37 132
101 99 43 35
102 83 16 132
112 83 19 132
113 83 43 132
114 83 34 132
127 99 51 35
131 83 13 132
136 99 1 269
154 99 40 35
155 83 49 132
162 99 55 35
175 99 46 35
176 99 13 269
186 99 37 269
187 83 40 132
190 83 46 132
202 99 4 269
211 83 55 132
220 83 58 132
222 83 52 132
234 83 1 170
238 99 7 269
247 99 16 269
256 99 58 35
265 83 4 170
277 83 9 170
278 99 25 269
287 83 22 170
288 83 16 170
289 99 19 269
291 99 22 269
291 83 13 170
298 83 19 170
300 83 31 170
1 29 21 402
5 48 11 359
6 29 13 402
8 29 11 402
12 48 5 359
20 48 13 109
21 25 5 294
30 29 23 402
33 29 19 402
34 48 7 359
37 48 22 359
42 29 25 402
44 29 27 402
51 29 29 402
52 25 1 294
52 29 35 402
55 29 31 402
60 29 40 402
61 29 37 402
63 25 13 294
66 48 13 359
67 25 23 294
70 48 1 109
72 29 33 402
77 29 43 402
78 25 7 294
78 29 47 402
83 25 9 294
90 48 9 359
91 25 3 294
95 48 1 359
97 25 25 294
102 29 49 402
105 25 11 294
107 48 3 359
113 48 17 359
115 29 45 402
117 48 19 359
118 48 15 359
119 25 15 294
124 29 53 402
125 29 55 402
128 25 19 294
130 29 57 402
131 29 51 402
133 48 29 359
137 29 59 402
138 48 25 359
148 29 43 166
149 25 17 294
152 29 49 166
159 29 51 166
160 25 28 294
161 48 35 359
161 25 21 294
168 25 33 294
173 48 27 359
181 48 31 359
182 48 33 359
192 25 35 294
194 25 31 294
198 25 39 294
209 29 11 217
213 29 53 166
214 48 45 359
221 29 55 166
224 29 57 166
229 48 41 359
232 48 37 359
236 29 19 217
238 25 37 294
243 29 59 166
245 25 41 294
248 48 39 359
251 29 21 217
253 25 43 294
260 25 47 294
266 29 15 217
267 29 17 217
272 48 43 359
275 29 23 217
281 25 49 294
283 29 25 217
283 25 51 294
290 25 53 294
292 48 47 359
293 29 28 217
294 29 35 217
300 48 49 359
6 94 15 8
18 94 31 8
41 94 37 8
43 94 19 8
50 94 9 8
56 94 25 8
75 94 1 8
76 94 43 8
81 94 49 8
101 94 57 8
110 94 1 50
119 94 7 50
131 94 19 50
140 94 13 50
141 94 55 50
152 94 43 50
184 94 25 50
192 94 1 247
194 94 37 50
195 94 7 247
201 94 49 50
211 94 13 247
262 94 19 247
278 94 31 50
284 94 31 247
294 94 25 247
297 94 37 247
3 93 31 168
5 8 19 243
10 93 37 168
14 8 25 243
16 93 25 168
27 61 31 295
29 61 19 295
32 93 19 168
35 61 37 295
38 8 31 243
42 93 43 168
43 8 37 243
43 61 25 295
46 61 43 295
49 93 49 168
49 61 55 295
52 8 13 243
55 61 13 295
58 8 49 243
64 93 55 168
68 8 43 243
68 93 25 314
69 61 49 295
71 61 31 73
72 93 21 314
74 8 1 243
75 8 7 243
75 61 13 73
94 8 55 243
96 93 1 168
99 61 1 295
103 61 7 295
109 93 43 314
111 61 1 73
113 61 25 73
114 61 7 73
119 61 37 73
126 8 49 262
126 61 43 73
133 93 31 314
135 61 55 73
142 93 13 168
143 61 19 73
145 8 55 262
146 8 25 90
149 61 7 154
151 93 7 168
156 93 19 57
168 61 13 154
173 8 7 90
179 61 49 73
181 8 1 90
185 61 1 154
192 61 19 154
193 8 19 90
198 8 31 90
198 61 25 154
201 61 43 154
204 61 31 154
205 61 39 154
206 8 39 90
220 8 7 144
226 61 55 154
241 61 51 154
242 61 13 192
243 61 1 192
250 8 49 90
252 61 25 192
254 8 13 90
258 8 43 90
258 61 7 192
263 93 1 314
265 8 13 144
270 8 31 144
273 8 1 144
275 93 7 314
277 93 1 57
280 8 25 144
281 93 51 314
283 93 13 314
284 8 55 90
286 61 1 344
286 93 7 57
288 61 19 192
292 8 19 144
292 93 37 314
293 8 51 144
295 8 1 159
297 8 43 144
8 103 25 366
9 103 22 366
18 103 19 366
28 103 31 366
47 103 7 366
53 103 10 366
73 103 37 366
92 103 34 366
94 103 1 366
123 103 13 366
129 103 4 366
139 103 40 366
147 103 16 366
154 103 28 366
166 103 49 366
203 103 43 366
204 103 40 34
216 103 55 366
219 103 58 366
5 19 17 225
7 97 17 251
23 57 17 65
24 19 5 225
37 57 29 65
42 57 23 65
47 19 23 225
49 57 5 65
53 57 35 65
58 97 5 251
60 97 11 251
69 57 11 65
71 57 41 65
78 97 23 251
80 57 47 65
88 57 53 65
90 19 11 225
92 97 31 251
92 57 59 65
104 97 29 251
116 97 41 251
118 97 47 251
119 19 29 225
126 97 53 251
130 19 41 225
131 57 33 246
132 97 59 251
140 19 59 225
142 57 31 246
147 19 35 225
152 97 7 12
152 19 47 225
156 57 35 246
157 57 37 246
159 97 5 12
162 19 53 225
164 97 1 12
165 19 31 217
173 57 41 246
184 57 45 246
187 19 55 217
189 57 39 246
194 19 33 217
197 97 3 12
199 97 9 12
207 97 15 12
211 97 11 12
211 19 40 217
227 57 43 246
231 57 47 246
233 19 37 217
244 97 13 12
252 19 43 217
255 19 45 217
257 57 49 246
266 57 55 246
273 97 17 12
281 57 57 246
291 97 19 12
297 97 23 12
298 19 47 217
3 112 16 405
5 112 25 405
13 101 37 281
19 86 31 438
23 101 40 281
24 101 43 281
27 101 46 281
33 86 21 438
34 101 49 281
36 86 34 438
38 112 10 405
44 112 37 405
48 112 19 405
50 86 25 438
52 112 7 405
57 86 9 438
59 101 55 281
60 112 28 405
65 112 40 405
71 86 13 438
73 86 40 438
74 101 52 281
76 101 22 283
77 101 58 281
88 86 1 438
94 86 4 438
101 101 1 283
106 86 28 438
107 86 16 438
111 101 55 314
116 86 37 438
124 101 4 283
130 112 13 405
132 101 7 283
144 101 58 314
150 112 1 405
151 101 13 283
154 112 22 405
156 101 10 283
159 86 43 438
162 112 49 405
163 86 52 438
164 86 55 438
172 101 16 283
174 86 1 37
176 101 19 283
181 101 25 283
181 112 33 405
181 86 58 438
185 86 19 37
191 86 7 37
193 101 28 283
194 112 43 405
195 86 49 438
196 101 37 283
198 112 52 405
213 112 4 405
215 101 43 283
217 112 7 143
227 101 31 283
232 112 46 405
233 86 10 37
245 101 34 283
253 86 46 438
256 112 25 143
256 86 28 37
257 101 40 283
257 86 22 37
259 112 13 143
264 86 13 37
268 101 46 283
274 112 55 405
276 86 4 37
279 112 58 405
289 112 10 143
293 112 1 143
7 106 23 165
7 42 29 396
10 42 11 396
14 42 23 396
16 42 5 396
20 42 35 396
21 42 17 396
26 106 11 165
29 42 43 396
32 42 41 396
39 106 5 165
40 106 17 165
42 106 31 165
45 106 41 165
47 106 47 165
47 42 53 396
48 42 59 396
51 42 5 56
54 42 11 56
64 42 29 56
70 106 25 165
76 42 17 56
84 106 53 165
91 42 47 56
92 106 1 278
102 106 59 165
104 106 3 278
114 42 23 56
118 42 35 56
126 42 41 56
142 42 53 56
144 106 5 278
145 42 59 56
148 106 7 278
154 42 5 91
155 106 9 278
157 106 11 278
157 42 23 91
166 42 11 91
167 42 17 91
172 106 13 278
190 106 15 278
194 106 17 278
196 42 29 91
201 106 23 278
207 106 19 278
207 42 35 91
210 106 21 278
219 42 5 58
220 42 41 91
227 106 28 278
233 42 17 58
238 42 11 58
240 42 23 58
244 42 29 58
254 106 25 278
257 106 31 278
258 42 35 58
259 42 41 58
266 42 59 58
275 42 47 58
276 106 33 278
289 42 5 89
291 106 37 278
292 106 35 278
293 42 55 86
296 106 41 278
1 56 25 414
3 56 37 414
7 43 25 31
9 56 31 414
16 56 43 414
23 56 13 414
27 56 55 414
30 43 37 31
31 43 31 31
38 43 43 31
40 56 7 414
54 43 57 31
57 43 49 31
58 56 25 204
65 43 25 235
67 43 49 235
68 43 31 235
75 56 21 414
76 43 25 282
88 43 15 235
103 56 49 414
104 56 55 155
110 56 49 204
113 43 55 235
114 56 1 414
119 43 1 235
125 43 39 235
128 56 1 204
129 56 7 204
130 43 19 235
134 43 9 235
135 43 1 282
138 43 13 282
143 43 7 282
147 56 31 204
152 56 13 204
158 43 19 282
161 43 43 235
167 43 31 282
172 43 37 282
181 56 19 204
185 43 51 282
201 56 55 204
212 56 31 75
216 43 7 296
223 43 45 282
224 56 39 204
225 56 37 75
228 43 1 296
242 43 55 282
243 43 13 296
245 43 25 296
253 43 51 296
258 56 49 75
262 43 37 296
279 56 43 155
285 43 1 410
288 56 55 75
290 43 19 296
292 43 31 296
294 43 57 296
295 56 25 126
296 56 19 126
2 9 43 204
3 100 49 18
5 9 46 204
13 100 10 18
16 9 19 133
21 18 51 359
22 18 55 359
33 9 28 133
34 100 25 18
35 100 22 18
37 100 31 18
40 18 49 76
47 18 58 359
48 100 46 18
56 100 4 18
56 18 52 76
72 100 1 18
73 9 22 133
79 9 1 133
80 100 7 18
89 9 4 133
90 100 28 18
92 9 37 133
95 100 19 18
103 18 1 89
106 9 7 133
108 100 52 18
113 18 19 89
115 9 10 133
115 18 55 76
120 18 58 76
123 100 16 18
125 9 13 133
126 9 16 133
127 18 7 89
128 18 10 89
132 9 40 133
133 100 37 18
137 100 13 18
139 9 31 133
141 100 46 126
143 9 34 133
148 100 34 18
149 18 13 89
153 18 16 89
157 18 25 89
159 100 7 126
163 18 22 89
169 100 43 18
169 18 31 89
171 18 28 89
172 9 25 133
173 100 4 126
181 18 37 89
189 18 55 89
191 18 40 89
192 18 43 89
200 100 37 126
204 100 10 126
205 18 34 89
206 18 46 89
207 18 49 89
222 9 49 133
224 18 52 89
230 9 52 133
231 9 43 133
233 9 1 449
236 9 4 449
238 18 13 270
245 9 7 449
250 100 55 18
254 18 37 270
258 100 58 18
258 9 13 449
260 18 58 89
261 100 40 18
262 100 13 126
263 9 10 449
264 100 16 126
268 18 43 270
269 100 34 126
271 100 31 126
276 9 46 133
281 100 7 312
284 100 43 126
285 9 55 133
290 9 16 449
292 100 49 126
292 9 52 195
297 100 52 126
297 9 58 133
299 100 1 126
299 9 55 195
11 38 29 88
12 38 11 88
15 38 17 88
16 38 35 88
28 38 5 88
34 38 41 88
44 38 23 88
50 38 47 88
73 38 53 88
81 38 59 88
83 38 31 405
86 38 5 1
89 38 11 1
98 38 17 1
114 38 41 1
119 38 23 1
125 38 29 1
139 38 47 1
142 38 35 1
144 38 49 1
150 38 59 1
177 38 5 164
193 38 11 164
196 38 23 164
199 38 17 164
223 38 35 164
229 38 25 164
248 38 37 164
250 38 47 164
282 38 53 164
288 38 59 164
4 17 25 54
13 17 31 54
14 17 19 54
20 17 37 54
41 17 43 54
85 17 1 54
91 17 13 54
94 17 49 54
98 17 25 383
101 17 13 383
112 17 7 54
132 17 55 54
150 17 7 383
154 17 49 383
159 17 19 383
166 17 1 383
174 17 31 383
179 17 43 383
181 17 7 68
192 17 25 68
207 17 37 383
213 17 13 68
217 17 19 68
235 17 31 68
240 17 55 383
247 17 37 68
264 17 19 72
280 17 43 68
15 23 51 246
32 23 25 12
38 23 28 12
45 23 31 12
53 23 40 12
57 23 37 12
70 23 34 12
72 23 43 12
80 23 55 12
93 23 52 12
104 23 46 12
109 23 49 12
131 23 58 12
143 23 40 270
152 23 51 270
153 23 46 270
159 23 16 270
160 23 31 270
165 23 55 270
167 23 7 370
175 23 58 270
187 23 10 370
190 23 37 370
192 23 40 370
196 23 13 370
197 23 34 270
202 23 19 370
203 23 31 370
204 23 22 370
214 23 16 370
215 23 46 370
218 23 25 370
229 23 28 370
237 23 13 381
239 23 43 370
246 23 16 381
261 23 51 370
267 23 34 370
275 23 19 381
8 46 23 3
10 46 13 3
41 46 29 3
52 46 41 3
71 46 35 3
83 46 47 3
97 46 53 3
104 46 59 3
107 46 37 33
111 46 43 33
112 46 35 33
120 46 41 33
122 46 39 33
123 46 46 33
134 46 49 33
137 46 52 33
146 46 59 33
149 46 29 75
157 46 35 75
162 46 41 75
173 46 47 75
182 46 59 75
185 46 55 33
191 46 43 75
211 46 23 126
213 46 29 126
219 46 55 126
220 46 53 75
223 46 57 33
225 46 45 75
226 46 40 126
227 46 59 126
245 46 1 131
264 46 5 131
268 46 57 126
278 46 7 131
286 46 13 131
3 24 55 294
6 108 19 21
8 24 31 229
21 87 31 143
26 24 19 229
28 87 43 143
28 24 49 229
30 87 49 143
37 87 37 143
43 87 55 143
45 87 37 151
49 24 43 229
50 108 37 21
50 24 43 247
55 24 25 229
56 87 31 151
58 87 31 443
61 108 15 21
66 24 55 229
74 24 37 229
75 24 25 449
82 87 43 151
84 24 49 247
87 87 55 151
87 24 7 229
91 108 25 21
92 24 55 247
102 24 51 449
105 24 13 229
110 24 27 274
111 24 45 449
114 108 43 21
118 24 39 449
119 108 31 21
122 87 1 443
132 108 1 21
132 87 49 151
133 108 19 143
134 87 51 217
134 24 19 449
138 24 1 274
141 24 19 274
147 87 57 217
148 87 9 443
148 24 13 274
151 87 25 443
157 108 7 21
158 108 55 21
159 87 25 25
164 24 31 449
166 87 13 443
169 87 19 443
171 108 43 401
175 24 7 274
178 24 31 274
179 24 1 230
183 24 37 274
184 24 55 449
189 87 1 25
190 108 1 401
191 108 13 401
193 87 43 443
196 87 49 443
197 87 39 443
202 108 7 401
206 24 19 230
208 24 37 230
209 24 7 230
213 87 7 25
215 108 49 21
221 108 19 401
221 87 57 443
232 87 31 25
241 108 1 134
247 108 31 401
248 108 25 401
249 87 13 25
251 87 37 25
252 24 45 274
255 108 13 134
264 87 31 47
265 87 19 25
265 24 25 230
267 87 43 25
269 87 13 47
270 87 51 25
271 87 9 47
272 87 55 25
273 108 37 401
276 24 13 230
279 87 1 47
281 24 19 252
285 87 7 94
288 24 25 252
289 87 37 47
290 108 7 134
290 87 25 47
293 24 57 274
299 24 49 274
9 47 46 366
10 47 52 366
16 47 11 53
44 47 5 53
56 47 23 53
69 47 35 53
73 47 47 53
114 47 53 53
120 47 17 53
158 47 29 53
178 47 41 53
179 47 59 53
184 47 47 67
186 47 53 67
197 47 59 67
216 47 53 283
217 47 49 283
221 47 51 283
229 47 59 283
230 47 57 283
240 47 1 284
248 47 55 283
255 47 7 284
257 47 5 284
260 47 13 284
282 47 3 284
293 47 9 284
1 45 29 414
1 116 45 294
2 36 10 436
6 36 23 436
6 116 59 294
7 45 19 414
9 36 17 436
12 45 17 414
16 45 41 414
17 116 29 220
20 45 47 414
20 116 23 220
22 116 5 220
30 116 17 220
31 36 29 436
33 116 11 220
37 45 35 414
41 45 5 414
43 36 4 436
46 116 35 220
51 36 7 436
55 36 19 436
58 116 41 220
61 45 53 414
62 45 59 414
66 36 25 436
70 36 21 436
76 45 11 414
78 45 25 371
79 45 58 371
80 45 37 371
84 116 47 220
85 45 55 371
86 116 53 220
95 45 5 247
95 116 59 220
96 116 5 310
97 36 1 363
99 45 53 58
107 36 1 436
107 45 11 247
115 116 17 231
126 45 29 247
127 45 17 247
136 36 41 436
137 45 23 247
140 116 25 231
146 36 31 436
153 36 13 436
154 36 15 436
163 36 35 436
166 116 7 310
168 116 9 310
170 45 35 247
175 45 53 247
180 36 27 436
180 116 3 310
182 45 1 312
188 45 47 247
189 36 37 436
189 45 41 247
189 116 11 310
195 116 17 310
196 36 43 436
198 116 19 310
210 45 3 312
218 45 59 247
221 45 10 312
223 36 33 436
225 45 13 312
227 45 5 312
229 45 16 312
231 116 13 310
232 36 55 436
237 36 39 436
240 116 15 310
242 36 49 436
248 116 22 310
249 36 47 436
249 45 19 312
250 116 29 310
251 116 25 310
256 45 23 312
257 116 27 310
259 45 21 312
268 116 41 310
271 45 25 312
276 45 29 312
284 45 35 312
294 116 37 310
295 116 31 310
299 36 45 436
299 116 43 310
300 36 57 436
8 21 49 401
13 21 55 401
14 21 31 196
20 21 19 196
22 21 37 196
26 21 27 196
29 21 45 196
30 21 7 196
40 21 13 196
70 21 3 196
97 21 49 196
117 21 43 275
120 21 1 275
123 21 19 275
124 21 13 275
125 21 57 196
138 21 49 275
139 21 7 275
151 21 1 288
166 21 25 275
172 21 19 288
184 21 13 288
211 21 7 288
259 21 31 275
260 21 37 275
279 21 37 288
13 81 45 278
17 81 39 278
23 81 43 278
40 81 47 278
64 81 49 278
86 81 51 278
89 81 53 278
90 81 55 278
127 81 58 278
130 81 25 155
147 81 40 155
156 81 47 155
165 81 53 155
188 81 59 155
195 81 11 131
209 81 3 131
211 81 17 131
221 81 15 131
232 81 9 131
235 81 19 131
242 81 22 131
256 81 31 131
267 81 37 131
268 81 29 131
269 81 25 131
287 81 33 131
292 81 27 131
295 81 35 131
1 84 31 423
6 84 25 423
10 68 31 332
12 68 37 332
13 84 49 423
14 68 43 332
15 68 55 332
16 84 37 423
26 68 49 332
31 84 43 423
36 84 43 185
45 84 55 423
51 84 9 423
57 68 19 332
62 84 13 423
68 84 37 185
75 84 31 185
83 68 13 332
100 68 1 332
103 84 15 185
106 68 1 16
112 84 55 185
126 68 7 332
134 68 27 332
137 68 25 16
139 84 1 387
142 84 43 387
144 68 7 16
145 68 15 16
149 84 25 185
151 68 43 16
160 84 13 387
169 68 55 16
173 68 21 16
184 68 51 16
189 84 19 423
199 84 33 387
206 84 25 387
209 84 37 387
210 68 37 16
210 84 9 185
215 68 13 94
215 84 7 387
217 84 25 393
220 84 19 185
224 84 1 393
225 68 31 16
226 84 19 387
228 84 19 393
237 84 7 393
251 84 49 185
258 84 31 393
263 84 37 393
265 84 37 125
275 84 49 387
2 109 17 313
6 109 29 313
35 109 31 313
56 109 10 313
68 109 4 313
75 109 35 313
84 109 1 313
87 109 23 313
91 109 19 313
121 109 13 313
128 109 7 313
133 109 40 313
175 109 15 313
190 109 43 313
203 109 46 313
205 109 21 313
216 109 37 313
223 109 49 313
227 109 51 313
233 109 25 313
244 109 59 313
262 109 53 313
264 109 55 313
278 109 23 187
279 109 5 187
285 109 11 187
287 109 57 313
14 55 29 139
18 55 17 139
26 55 23 139
33 55 5 139
34 55 11 139
40 55 35 139
58 55 1 139
86 55 7 139
99 55 19 139
103 55 37 139
108 55 9 139
109 55 21 139
116 55 3 139
124 55 25 139
133 55 43 139
134 55 13 139
147 55 27 139
156 55 31 139
157 55 33 139
172 55 41 139
183 55 52 139
191 55 47 139
196 55 58 139
198 55 49 139
199 55 15 139
203 55 55 139
215 55 39 139
218 55 13 185
220 55 23 185
226 55 29 185
232 55 35 185
242 55 41 185
245 55 45 139
246 55 47 185
249 55 53 185
251 55 59 185
260 55 23 237
263 55 5 237
265 55 17 237
266 55 29 237
268 55 11 237
273 55 35 237
291 55 47 237
293 55 41 237
2 104 39 131
15 104 43 131
20 104 49 131
21 104 55 131
26 104 31 302
29 104 25 302
47 104 15 302
82 104 13 245
91 104 43 302
94 104 37 302
101 104 49 302
120 104 7 302
143 104 1 302
158 104 1 245
164 104 7 245
167 104 25 245
168 104 25 321
182 104 19 302
234 104 19 245
245 104 37 245
261 104 55 302
271 104 19 321
277 104 43 245
291 104 57 245
298 104 7 321
300 104 15 321
7 10 13 171
24 10 49 171
68 10 7 171
75 10 37 171
82 10 19 171
84 10 4 171
93 10 10 171
106 10 22 171
114 10 25 171
121 10 16 171
131 10 43 171
132 10 10 177
136 10 7 177
147 10 52 171
164 10 58 171
167 10 13 177
168 10 49 177
180 10 16 177
191 10 28 171
193 10 31 171
201 10 25 177
210 10 46 171
218 10 28 177
225 10 19 177
234 10 34 171
237 10 22 177
239 10 40 171
240 10 37 177
269 10 40 177
270 10 43 177
20 5 57 86
23 5 45 86
31 5 51 86
38 5 58 195
43 5 49 46
74 5 55 42
91 5 58 42
108 5 25 46
115 5 1 46
118 5 7 46
119 5 52 46
121 5 4 46
138 5 19 46
142 5 58 46
146 5 22 46
147 5 10 46
160 5 34 46
169 5 13 46
171 5 4 77
206 5 31 46
220 5 28 46
221 5 43 46
238 5 16 46
243 5 7 77
246 5 37 46
251 5 46 46
260 5 55 46
263 5 13 77
280 5 10 77
283 5 1 77
299 5 16 77
Điểm tối ưu: 3598
Thời gian: 0.432937 giây
Trạng thái: GREEDY_DONE
