1199
1 38 1 15
2 38 7 15
3 38 13 15
4 38 19 15
6 38 25 15
13 38 31 15
16 38 37 15
18 38 43 15
19 38 49 15
20 38 55 15
21 38 1 19
31 38 7 19
33 38 13 19
34 38 19 19
36 38 25 19
40 38 31 19
42 38 37 19
47 38 43 19
48 38 49 19
49 38 55 19
52 38 1 24
56 38 7 24
57 38 13 24
58 38 19 24
59 38 25 24
64 38 31 24
66 38 37 24
67 38 43 24
69 38 49 24
74 38 55 24
77 38 1 56
85 38 7 56
89 38 13 56
91 38 19 56
99 38 25 56
3 33 1 52
4 33 3 52
6 33 5 52
7 33 7 52
13 33 9 52
18 33 11 52
22 33 13 52
23 33 15 52
25 33 17 52
27 33 19 52
28 33 21 52
30 33 23 52
31 33 25 52
33 33 27 52
44 33 29 52
45 33 31 52
50 33 33 52
52 33 35 52
57 33 37 52
59 33 39 52
60 33 41 52
61 33 43 52
71 33 45 52
72 33 47 52
77 33 49 52
79 33 51 52
80 33 53 52
88 33 55 52
95 33 57 52
98 33 59 52
3 24 3 33
4 28 7 139
5 28 1 139
7 28 13 139
11 24 7 33
12 28 19 139
16 28 25 139
17 24 13 33
18 28 31 139
21 28 37 139
24 24 19 33
24 28 43 139
26 28 49 139
28 24 25 33
28 28 55 139
30 24 31 33
30 28 1 27
31 28 13 27
32 28 7 27
33 28 19 27
37 24 37 33
38 28 25 27
39 24 43 33
40 24 49 33
41 24 55 33
41 28 31 27
42 24 1 83
42 28 43 27
43 28 37 27
46 24 7 83
48 28 55 27
50 24 13 83
50 28 49 27
51 24 19 83
53 24 25 83
54 24 31 83
55 28 1 26
56 28 13 26
57 24 39 83
60 24 43 83
60 28 7 26
61 24 49 83
61 28 19 26
65 24 55 83
65 28 25 26
66 24 1 99
67 28 31 26
77 24 7 99
78 28 37 26
81 24 13 99
83 28 43 26
84 24 19 99
85 24 25 99
86 28 49 26
87 24 31 99
91 24 37 99
92 28 55 26
93 24 43 99
95 28 1 127
97 24 49 99
98 24 55 99
99 28 7 127
1 9 5 42
2 9 1 42
4 9 11 42
7 9 3 42
11 9 13 42
18 9 7 42
25 9 9 42
29 9 15 42
31 9 17 42
32 9 19 42
38 9 21 42
41 9 23 42
42 9 25 42
54 9 27 42
56 9 29 42
59 9 31 42
62 9 33 42
63 9 35 42
68 9 37 42
70 9 39 42
81 9 41 42
83 9 47 42
87 9 43 42
88 9 45 42
91 9 49 42
96 9 51 42
97 9 53 42
98 9 1 77
99 9 55 42
100 9 57 42
2 12 3 102
3 35 7 69
3 10 19 150
3 12 25 102
6 10 1 150
6 12 7 102
7 10 9 150
8 10 13 150
10 12 13 102
11 10 25 150
11 12 19 102
12 35 1 69
12 12 31 102
13 12 37 102
14 35 13 69
14 12 43 102
15 12 49 102
16 10 31 150
17 12 55 102
18 12 1 132
20 35 19 69
23 35 25 69
23 10 37 150
23 12 7 132
24 35 31 69
25 35 37 69
25 10 43 150
25 12 13 132
28 10 49 150
28 12 31 132
29 10 55 150
30 35 43 69
37 35 49 69
37 10 1 95
37 12 19 132
38 10 7 95
39 10 13 95
39 12 25 132
40 35 55 69
40 12 37 132
42 10 19 95
42 12 49 132
43 35 1 104
44 35 7 104
45 35 13 104
46 10 25 95
47 10 31 95
48 10 37 95
51 10 43 95
52 10 49 95
53 35 19 104
53 10 55 95
56 35 25 104
57 12 43 132
58 10 1 103
59 35 33 104
61 35 37 104
62 10 7 103
62 12 55 132
63 35 43 104
63 12 1 54
65 12 7 54
68 12 13 54
70 35 49 104
72 35 55 104
72 10 13 103
72 12 19 54
73 10 19 103
74 35 1 28
74 10 25 103
75 35 7 28
75 10 31 103
76 10 37 103
77 35 13 28
78 12 25 54
79 12 31 54
81 35 19 28
82 10 43 103
82 12 37 54
83 35 25 28
84 10 49 103
87 12 45 54
88 35 31 28
88 10 57 103
89 10 1 32
92 12 49 54
93 12 55 54
95 12 7 57
96 10 7 32
97 10 13 32
97 12 1 57
98 10 19 32
99 35 37 28
99 10 31 32
100 35 43 28
100 12 13 57
3 39 31 61
5 39 7 61
5 27 10 92
6 27 13 92
7 27 19 92
8 27 1 92
9 27 4 92
11 39 1 61
12 39 10 61
12 27 7 92
14 39 4 61
15 27 16 92
18 27 22 92
19 27 25 92
21 27 28 92
23 39 19 61
26 39 13 61
26 27 31 92
29 27 34 92
31 27 37 92
32 39 16 61
32 27 40 92
34 39 25 61
34 27 43 92
35 27 46 92
38 27 49 92
41 39 28 61
41 27 52 92
43 27 55 92
47 27 58 92
49 39 22 61
51 27 1 133
54 27 4 133
59 27 7 133
61 39 34 61
63 39 37 61
64 39 40 61
66 39 43 61
67 27 10 133
69 27 13 133
71 39 49 61
72 27 25 133
73 39 46 61
77 39 52 61
79 39 55 61
81 39 58 61
83 39 1 117
84 39 4 117
85 39 13 117
85 27 16 133
87 39 7 117
88 27 19 133
89 39 10 117
89 27 22 133
90 39 16 117
91 39 25 117
91 27 28 133
97 27 31 133
100 27 34 133
4 40 1 65
6 40 11 65
8 40 4 65
11 40 15 65
13 40 7 65
25 40 19 65
27 40 9 65
30 40 13 65
36 40 17 65
37 40 23 65
42 40 27 65
47 40 21 65
49 40 25 65
58 40 29 65
60 40 31 65
71 40 33 65
72 40 35 65
73 40 37 65
78 40 41 65
80 40 39 65
87 40 49 65
90 40 43 65
92 40 45 65
1 32 7 48
1 5 13 91
1 31 19 105
2 34 13 63
3 34 37 63
3 31 43 105
4 34 25 63
4 5 31 91
5 34 19 63
6 34 31 63
6 31 37 105
7 32 25 48
7 31 31 105
9 32 13 48
9 31 7 105
10 32 1 48
11 34 43 63
11 5 37 91
11 31 49 105
12 34 49 63
12 31 13 105
13 32 19 48
13 34 1 63
13 31 25 105
15 34 7 63
16 34 55 63
16 31 1 105
17 31 1 124
18 5 25 91
18 31 55 105
20 32 31 48
20 5 1 91
20 31 7 124
21 32 43 48
21 34 7 125
21 31 13 124
22 32 37 48
22 34 1 125
23 5 43 91
23 31 31 124
24 34 13 125
24 5 7 91
24 31 25 124
25 34 21 125
26 32 55 48
26 34 25 125
27 32 49 48
27 34 31 125
28 31 37 124
30 32 7 2
31 32 1 2
31 34 43 125
32 34 49 125
33 5 49 91
34 34 37 125
35 5 19 91
35 31 49 124
36 32 13 2
36 5 55 91
37 34 55 125
37 5 7 10
38 34 1 29
38 5 13 10
38 31 43 124
40 34 7 29
41 32 19 2
44 5 1 10
45 5 19 10
45 31 55 124
47 32 25 2
47 31 1 148
48 32 31 2
48 5 25 10
48 31 19 124
49 31 7 148
50 34 19 29
51 32 37 2
52 32 43 2
52 34 13 29
53 32 49 2
53 34 31 29
54 32 55 2
55 34 25 29
55 5 31 10
56 34 37 29
57 34 49 29
58 31 13 148
61 34 45 29
62 32 1 17
62 31 19 148
64 32 7 17
64 34 55 29
64 5 43 10
65 31 31 148
66 34 7 70
66 31 25 148
67 34 1 70
67 31 37 148
68 34 19 70
71 32 13 17
71 31 55 148
73 32 25 17
74 32 19 17
75 34 13 70
75 31 43 148
76 5 49 10
77 5 37 10
78 32 31 17
78 34 43 70
79 34 25 70
80 32 43 17
80 5 55 10
81 34 31 70
82 32 49 17
83 31 49 148
84 32 37 17
84 5 7 31
86 32 55 17
86 34 37 70
88 32 1 38
89 5 25 31
91 32 7 38
91 34 51 70
92 31 1 137
93 31 7 137
94 31 13 137
95 32 13 38
96 32 19 38
96 5 1 31
98 5 13 31
99 34 57 70
99 5 19 31
9 8 1 121
12 8 25 121
19 8 4 121
21 8 19 121
26 8 7 121
29 8 10 121
39 8 22 121
44 8 13 121
45 8 28 121
46 8 16 121
48 8 43 121
49 8 31 121
52 8 37 121
55 8 40 121
60 8 34 121
61 8 55 121
63 8 49 121
64 8 52 121
65 8 46 121
67 8 58 121
69 8 55 65
70 8 58 65
73 8 51 65
74 8 7 23
76 8 1 23
77 8 19 23
79 8 4 23
81 8 10 23
82 8 13 23
83 8 16 23
85 8 22 23
87 8 25 23
90 8 28 23
96 8 31 23
97 8 34 23
100 8 37 23
5 13 5 62
6 13 16 62
7 13 1 62
8 13 7 62
13 13 11 62
17 13 9 62
21 13 22 62
32 13 3 62
35 13 13 62
39 13 19 62
41 13 25 62
43 13 27 62
49 13 29 62
53 13 35 62
54 13 37 62
56 13 31 62
58 13 33 62
65 13 39 62
76 13 41 62
77 13 43 62
80 13 47 62
86 13 45 62
93 13 49 62
99 13 51 62
1 7 25 8
1 30 31 3
3 18 49 67
4 18 13 67
5 7 13 8
5 18 25 67
5 30 37 3
6 7 19 8
7 7 37 8
8 7 9 8
8 18 19 67
8 30 25 3
9 30 19 3
10 7 31 8
10 30 7 3
13 18 43 67
13 30 13 3
14 7 49 8
14 30 55 3
15 18 1 67
16 7 43 8
16 18 7 67
17 30 43 3
18 7 13 85
19 7 55 8
20 30 49 3
22 30 7 130
23 18 55 67
23 30 1 3
24 7 1 8
25 7 1 85
25 18 31 67
27 30 1 130
28 30 13 130
29 7 19 85
32 7 25 85
32 18 21 86
33 30 31 130
34 18 1 86
36 7 7 85
36 30 19 130
37 18 13 86
38 7 31 85
39 18 37 67
41 18 7 86
41 30 37 130
42 30 55 130
43 18 31 86
44 7 37 85
44 18 25 86
44 30 43 130
46 7 43 85
48 30 1 35
51 30 25 130
52 18 55 86
55 7 49 85
55 18 43 86
55 30 7 35
56 18 49 86
57 7 55 85
57 18 1 13
59 7 1 88
63 7 7 88
63 18 13 13
65 7 13 88
66 18 19 13
68 30 49 130
69 30 19 35
71 7 19 88
71 18 37 86
73 30 13 35
74 18 31 13
74 30 37 35
75 18 25 13
75 30 49 35
79 18 7 13
80 18 49 13
80 30 25 35
81 30 43 35
82 18 55 13
84 30 31 35
85 7 31 88
85 30 55 35
86 7 25 88
86 18 3 77
87 30 19 137
88 30 25 137
89 30 31 137
90 7 37 88
90 30 45 137
93 7 51 88
93 18 37 13
94 7 43 88
94 18 7 77
95 7 19 101
95 30 37 137
96 7 55 88
96 18 43 13
98 18 25 77
98 30 49 137
100 7 1 101
2 20 19 5
5 20 31 5
7 20 22 5
8 20 34 5
11 19 4 40
11 20 55 5
14 19 1 40
15 19 13 40
15 20 25 5
17 20 28 5
19 20 1 5
22 20 15 5
24 19 37 40
25 19 25 40
27 19 16 40
27 20 37 5
29 19 7 40
30 19 19 40
35 20 4 5
36 20 40 5
40 19 22 40
43 19 10 40
50 19 28 40
53 19 40 40
54 19 43 40
55 20 58 5
56 19 33 40
58 19 46 40
58 20 7 5
60 20 49 5
68 19 55 40
68 20 10 5
69 19 58 40
69 20 43 5
70 19 7 101
72 20 52 5
75 19 37 101
76 20 46 5
79 20 1 39
82 20 4 39
83 19 10 101
84 19 13 101
85 19 49 40
88 19 52 40
91 20 13 39
92 20 7 39
94 19 25 101
94 20 19 39
95 19 28 101
96 19 16 101
96 20 25 39
97 19 40 101
99 19 43 101
100 19 31 101
2 4 11 30
3 21 11 79
4 14 5 138
5 4 17 30
7 17 5 111
7 21 17 79
8 21 23 79
9 4 23 30
9 17 11 111
9 21 25 79
10 17 17 111
10 21 5 79
12 21 28 79
13 14 17 138
15 14 11 138
17 4 5 30
18 4 9 30
19 4 7 30
19 14 9 138
20 4 13 30
20 14 15 138
20 17 23 111
21 21 31 79
22 4 19 30
22 14 21 138
22 21 33 79
23 14 13 138
24 17 29 111
24 21 35 79
27 4 21 30
28 4 1 30
29 4 3 30
29 21 1 79
30 17 15 111
30 21 37 79
31 4 27 30
31 17 19 111
31 21 21 79
33 17 1 111
33 21 3 79
34 14 7 138
34 17 9 111
34 21 13 79
35 4 15 30
35 14 1 138
37 21 41 79
38 4 29 30
38 21 19 79
40 4 25 30
41 17 3 111
42 14 23 138
42 17 7 111
43 21 7 79
45 17 25 111
45 21 9 79
46 14 3 138
47 14 19 138
48 17 13 111
50 4 31 30
50 14 25 138
51 4 33 30
51 17 31 111
51 21 15 79
52 4 40 30
53 4 37 30
53 14 29 138
54 4 35 30
54 21 39 79
55 4 47 30
57 17 21 111
57 21 47 79
58 4 43 30
58 14 27 138
58 17 35 111
59 14 37 138
59 21 43 79
60 4 52 30
60 14 39 138
61 4 58 30
61 21 53 79
63 17 27 111
63 21 55 79
64 4 49 30
64 21 59 79
65 14 35 138
66 21 49 79
67 4 55 30
67 17 41 111
68 14 31 138
69 14 33 138
70 21 45 79
71 4 1 41
71 14 41 138
72 4 45 30
72 21 5 125
73 14 43 138
73 17 33 111
74 4 5 41
74 17 43 111
75 14 47 138
75 17 53 111
76 4 7 41
76 14 53 138
76 17 55 111
77 17 45 111
77 21 57 79
78 4 3 41
78 17 47 111
78 21 51 79
79 14 45 138
80 4 9 41
81 21 17 125
82 4 11 41
82 21 19 125
83 14 55 138
83 21 29 125
84 4 16 41
84 17 57 111
85 17 37 111
86 14 59 138
88 4 13 41
88 14 49 138
89 14 51 138
90 14 57 138
90 21 11 125
91 14 1 51
91 21 35 125
92 4 19 41
92 17 39 111
93 14 3 51
94 4 22 41
98 17 3 72
98 21 41 125
100 14 5 51
1 16 37 87
2 16 25 87
4 16 43 87
5 2 43 4
6 16 49 87
9 16 31 87
10 2 19 4
12 2 37 4
17 16 19 87
19 16 13 87
20 16 25 112
22 2 25 4
23 16 49 112
24 16 55 87
26 2 1 4
26 16 19 112
27 2 55 4
28 16 3 87
29 16 37 112
30 2 49 4
33 16 7 87
35 2 7 4
36 2 31 4
39 16 1 112
41 16 13 112
43 2 13 4
43 16 43 112
44 2 19 71
45 2 1 71
46 2 31 71
51 2 7 71
52 16 7 112
54 16 7 113
56 2 43 71
62 2 13 71
62 16 25 113
64 16 1 113
70 2 25 71
72 16 31 112
73 2 39 71
74 2 49 71
77 16 31 113
79 16 13 113
80 2 1 21
81 16 37 113
82 16 21 113
85 2 39 21
89 2 55 71
89 16 43 113
91 2 31 21
92 2 13 21
92 16 21 57
93 2 19 21
94 2 49 21
97 2 7 21
97 16 55 112
99 16 1 9
100 2 25 21
100 16 49 113
14 11 7 49
15 11 19 49
17 11 25 49
18 11 37 49
20 11 40 49
22 11 43 49
26 11 10 49
28 11 46 49
29 11 28 49
35 11 31 49
36 11 1 49
40 11 4 49
43 11 22 49
45 11 34 49
49 11 13 49
50 11 55 49
53 11 16 49
59 11 49 49
60 11 58 49
67 11 52 49
69 11 10 39
75 11 55 62
82 11 16 39
85 11 43 39
87 11 58 62
89 11 37 39
94 11 28 39
96 11 34 39
97 11 22 39
8 15 37 94
9 15 27 94
12 15 43 94
14 15 19 94
16 15 13 94
18 36 49 20
19 15 31 94
22 36 55 20
24 36 49 58
33 36 37 20
33 15 55 94
34 36 15 20
34 15 49 94
35 15 25 36
36 15 43 36
37 36 25 20
39 15 7 94
46 36 19 20
46 15 37 36
47 36 7 20
47 15 13 36
48 36 7 58
49 36 1 20
50 36 43 20
50 15 1 94
53 15 1 36
55 36 13 58
56 15 19 36
57 36 31 20
58 36 37 58
60 36 1 58
61 36 25 58
61 15 7 36
62 36 43 58
64 36 19 58
66 15 31 36
67 15 13 107
68 36 33 58
68 15 1 107
69 15 25 107
70 36 1 90
70 15 19 107
71 36 7 90
73 15 55 36
76 15 9 107
77 15 25 146
78 36 55 58
79 15 37 107
80 15 31 107
83 15 57 107
91 15 43 107
92 36 25 90
94 36 31 90
95 15 49 36
96 15 37 146
98 15 7 146
1 22 43 108
2 22 22 108
10 22 25 108
14 22 10 108
15 22 28 108
17 22 31 108
27 22 13 108
29 22 46 108
33 22 43 134
35 22 34 108
38 22 37 108
40 22 1 108
44 22 16 108
47 22 40 108
56 22 4 108
65 22 19 108
68 22 7 108
72 22 49 108
78 22 7 134
80 22 13 134
81 22 52 108
84 22 1 134
86 22 10 134
95 22 25 134
100 22 19 134
2 23 31 68
14 23 25 68
15 23 37 68
31 23 49 68
32 23 43 68
40 23 13 68
46 23 55 68
49 23 37 18
67 23 19 68
70 23 13 18
72 23 1 68
73 23 7 68
79 23 19 18
83 23 31 18
84 23 25 18
86 23 13 109
87 23 1 18
88 23 7 18
90 23 49 18
93 23 25 109
98 23 43 18
2 26 37 34
8 26 31 34
9 26 40 34
13 26 49 34
15 26 22 34
16 26 19 34
19 26 28 34
26 26 16 34
28 26 7 34
30 26 25 34
37 26 34 34
44 26 52 34
45 26 43 34
46 26 13 34
52 26 19 78
59 26 10 34
61 26 1 34
62 26 37 78
63 26 57 34
65 26 4 34
66 26 46 34
69 26 1 78
70 26 10 78
71 26 4 78
74 26 13 78
75 26 22 78
78 26 16 78
82 26 7 78
84 26 43 78
90 26 25 78
93 26 31 78
94 26 40 78
96 26 28 78
97 26 46 78
99 26 13 11
9 3 17 64
10 3 11 64
11 3 23 64
12 3 5 64
16 3 29 64
19 3 19 64
26 3 34 64
27 3 7 64
36 3 37 64
39 3 31 64
42 3 9 64
44 3 41 64
46 3 1 64
47 3 47 64
48 3 15 64
49 3 27 64
51 3 13 64
54 3 21 64
57 3 25 64
59 3 45 64
62 3 49 64
63 3 52 64
64 3 5 25
66 3 55 64
68 3 39 64
69 3 7 25
70 3 43 64
73 3 3 64
78 3 59 64
80 3 11 25
81 3 1 25
86 3 17 25
87 3 13 25
94 3 57 64
95 3 23 25
4 29 37 129
21 29 25 129
22 29 46 129
23 29 22 129
25 29 28 129
27 29 40 129
32 29 13 129
39 29 33 129
40 29 19 129
43 29 49 129
44 29 55 129
46 29 52 129
49 29 16 129
50 29 7 129
58 29 10 129
62 29 40 31
63 29 31 31
67 29 49 31
68 29 43 129
69 29 4 129
70 29 34 31
76 29 58 129
83 29 37 31
86 29 31 38
90 29 1 129
92 29 34 38
93 29 13 127
100 29 40 38
1 6 11 81
3 6 17 81
4 6 23 81
6 6 29 81
8 6 41 81
10 6 35 81
14 6 31 81
15 6 5 81
16 6 47 81
26 6 37 81
32 6 1 81
34 6 33 81
35 6 39 81
36 6 49 81
38 6 52 81
39 6 55 81
40 6 27 81
42 6 13 81
52 6 25 81
53 6 7 81
54 6 15 81
55 6 19 81
60 6 21 81
62 6 59 81
66 6 57 81
71 6 43 81
76 6 4 145
81 6 3 81
86 6 1 145
89 6 7 145
93 6 11 145
95 6 45 81
98 6 17 145
99 6 23 145
1 37 17 74
1 25 23 126
2 37 29 74
2 25 17 126
5 37 23 74
10 37 37 74
10 25 28 126
14 25 33 126
16 25 5 126
17 37 7 74
17 25 11 126
19 37 11 74
20 25 35 126
21 37 5 74
21 25 41 126
25 25 7 126
28 25 19 126
29 37 13 74
30 37 35 74
31 37 31 74
32 37 33 74
34 25 31 126
37 25 43 126
39 37 41 74
41 37 1 74
43 37 19 74
45 37 39 74
45 25 37 126
47 37 49 74
48 25 46 126
49 25 49 126
50 25 39 126
51 37 47 74
51 25 51 126
52 25 53 126
54 37 25 74
55 37 21 74
56 37 53 74
57 25 9 126
59 37 15 74
60 25 13 126
64 37 27 74
65 37 43 74
65 25 1 126
66 37 51 74
74 25 59 126
75 37 3 74
76 37 13 1
79 25 11 1
82 37 59 74
85 25 3 126
87 37 55 74
87 25 15 126
88 37 5 1
89 25 17 1
90 37 9 74
90 25 21 126
92 37 29 1
94 25 55 126
95 25 31 1
97 37 19 1
Điểm tối ưu: 1199
Thời gian: 0.069220 giây
Trạng thái: GREEDY_DONE
