3599
5 53 1 146
8 53 3 146
10 80 1 204
14 80 3 204
15 53 5 146
21 80 5 204
24 53 7 146
27 80 7 204
29 53 9 146
40 80 9 204
51 53 11 146
53 53 13 146
54 53 15 146
66 53 17 146
69 53 19 146
71 53 21 146
73 80 11 204
76 80 13 204
79 80 15 204
83 53 23 146
85 80 17 204
86 80 19 204
93 80 21 204
99 80 23 204
103 53 25 146
105 53 27 146
110 80 25 204
111 80 27 204
114 80 29 204
116 53 29 146
121 80 31 204
129 80 33 204
134 80 35 204
134 53 31 146
137 53 33 146
143 80 37 204
144 53 35 146
150 53 37 146
152 80 39 204
167 80 41 204
169 53 39 146
198 80 43 204
200 80 45 204
203 80 47 204
207 53 41 146
213 80 49 204
219 80 51 204
219 53 43 146
220 53 45 146
223 53 47 146
230 53 49 146
237 80 53 204
237 53 51 146
238 80 55 204
242 53 53 146
248 80 57 204
249 80 59 204
257 53 55 146
263 53 57 146
265 53 59 146
268 80 1 98
281 53 1 311
284 80 3 98
292 80 5 98
298 53 3 311
1 20 1 448
5 20 4 448
15 20 7 448
16 20 10 448
22 20 13 448
28 20 16 448
30 20 19 448
43 20 22 448
45 20 25 448
50 20 28 448
99 20 31 448
126 20 34 448
129 20 37 448
142 20 40 448
149 20 43 448
157 20 46 448
158 20 49 448
159 20 52 448
162 20 55 448
178 20 58 448
180 20 1 19
182 20 4 19
183 20 7 19
200 20 10 19
203 20 13 19
230 20 16 19
240 20 19 19
242 20 22 19
261 20 25 19
262 20 28 19
270 20 31 19
271 20 34 19
292 20 37 19
293 20 40 19
17 13 1 427
35 13 3 427
46 13 5 427
47 13 7 427
57 13 9 427
59 13 11 427
71 13 13 427
82 13 15 427
97 13 17 427
102 13 19 427
120 13 21 427
128 13 23 427
145 13 25 427
162 13 27 427
166 13 29 427
180 13 31 427
189 13 33 427
190 13 35 427
193 13 37 427
202 13 39 427
206 13 41 427
207 13 43 427
217 13 45 427
234 13 47 427
243 13 49 427
256 13 51 427
267 13 53 427
278 13 55 427
283 13 57 427
9 76 1 114
14 76 7 114
32 76 13 114
37 76 19 114
45 5 1 30
53 76 25 114
59 76 31 114
71 5 7 30
87 5 13 30
90 5 19 30
99 76 37 114
101 76 43 114
106 76 49 114
112 76 55 114
113 76 1 119
115 5 25 30
116 5 31 30
122 5 37 30
128 5 43 30
132 5 49 30
136 76 7 119
139 5 55 30
142 5 1 143
146 5 7 143
160 76 13 119
161 76 19 119
163 76 25 119
169 76 31 119
170 5 13 143
170 76 37 119
174 5 19 143
180 5 25 143
185 76 43 119
188 5 31 143
188 76 49 119
198 76 55 119
199 76 1 370
202 5 43 143
209 76 7 370
211 76 13 370
222 5 37 143
223 5 49 143
225 5 55 143
233 5 1 302
233 76 19 370
241 76 25 370
242 76 31 370
250 5 7 302
250 76 37 370
254 5 13 302
254 76 43 370
256 76 55 370
257 5 19 302
265 76 49 370
280 5 25 302
281 5 31 302
284 5 37 302
286 5 43 302
297 76 1 386
298 5 49 302
3 35 1 71
4 43 1 111
12 35 3 71
16 43 3 111
20 43 5 111
21 35 7 71
24 35 5 71
26 35 9 71
35 43 7 111
36 43 9 111
41 35 11 71
43 35 13 71
49 43 11 111
52 43 13 111
57 43 15 111
65 43 17 111
70 35 15 71
75 35 17 71
77 35 19 71
81 35 21 71
83 35 25 71
84 43 19 111
89 43 21 111
93 35 23 71
109 35 27 71
110 43 23 111
113 35 29 71
117 43 25 111
118 35 31 71
120 35 33 71
124 35 35 71
125 43 27 111
148 43 29 111
152 35 37 71
160 35 39 71
165 35 41 71
169 43 35 111
179 35 43 71
184 43 31 111
186 43 33 111
192 35 45 71
198 43 37 111
204 35 47 71
215 35 49 71
217 43 39 111
221 35 51 71
228 35 53 71
231 35 55 71
241 35 57 71
243 43 41 111
244 43 43 111
252 35 59 71
257 43 45 111
271 43 47 111
286 35 1 432
289 43 49 111
11 29 1 1
24 29 9 1
32 29 19 1
41 29 13 1
46 29 25 1
50 29 31 1
52 29 37 1
57 29 43 1
61 29 49 1
63 29 55 1
65 29 1 124
71 29 15 124
76 29 7 124
104 29 19 124
107 29 25 124
118 29 33 124
139 29 37 124
167 29 43 124
172 29 49 124
174 29 55 124
176 29 1 240
189 29 7 240
200 29 13 240
201 29 19 240
225 29 25 240
226 29 31 240
227 29 37 240
244 29 45 240
251 29 49 240
252 29 55 240
272 29 1 75
274 29 7 75
288 29 13 75
295 29 19 75
297 29 25 75
16 116 7 355
18 116 1 355
40 116 4 355
54 116 10 355
60 116 13 355
72 116 16 355
92 116 19 355
96 116 22 355
100 116 25 355
110 116 28 355
114 116 31 355
124 116 37 355
131 116 34 355
137 116 40 355
138 116 43 355
147 116 46 355
211 116 49 355
242 116 55 355
262 116 52 355
272 116 58 355
273 116 1 69
290 116 4 69
293 116 7 69
296 116 10 69
300 116 13 69
7 50 1 133
18 50 4 133
34 50 7 133
36 50 11 133
60 50 9 133
67 50 13 133
70 50 17 133
80 50 15 133
82 50 19 133
85 50 21 133
88 50 23 133
103 50 27 133
117 50 29 133
119 50 25 133
137 50 31 133
147 50 33 133
152 50 35 133
165 50 37 133
187 50 39 133
197 50 41 133
205 50 43 133
207 50 45 133
209 50 47 133
224 50 49 133
228 50 51 133
230 50 53 133
235 50 55 133
242 50 58 133
264 50 1 414
294 50 3 414
47 112 1 118
62 112 7 118
76 112 15 118
83 112 19 118
105 112 31 118
110 112 37 118
117 112 43 118
120 112 25 118
152 112 49 118
154 112 55 118
158 112 1 52
159 112 7 52
167 112 13 52
207 112 19 52
214 112 25 52
228 112 31 52
232 112 37 52
235 112 43 52
240 112 49 52
249 112 55 52
271 112 1 138
289 112 7 138
291 112 13 138
2 99 1 44
3 99 4 44
24 99 13 44
26 99 16 44
27 99 9 44
30 99 22 44
32 99 25 44
35 99 19 44
37 99 28 44
47 99 31 44
50 99 37 44
53 99 34 44
57 99 40 44
80 99 43 44
81 99 46 44
86 99 49 44
103 99 52 44
139 99 1 120
140 99 55 44
149 99 58 44
158 99 7 120
165 99 4 120
167 99 10 120
177 99 13 120
178 99 16 120
180 99 19 120
196 99 22 120
234 99 25 120
235 99 28 120
236 99 31 120
266 99 34 120
272 99 37 120
273 99 40 120
282 99 43 120
283 99 46 120
290 99 49 120
1 39 7 132
6 39 1 132
10 39 13 132
16 39 19 132
23 39 25 132
29 39 31 132
30 39 37 132
31 39 43 132
40 39 49 132
42 39 55 132
46 39 1 36
49 39 7 36
62 39 13 36
75 39 19 36
79 39 25 36
81 39 31 36
85 39 37 36
86 39 43 36
87 39 49 36
91 39 55 36
92 39 1 214
103 39 7 214
111 39 13 214
117 39 19 214
127 39 25 214
141 39 31 214
150 39 39 214
154 39 43 214
157 39 49 214
177 39 55 214
188 39 1 231
190 39 7 231
215 39 13 231
234 39 19 231
278 39 25 231
283 39 31 231
2 48 4 21
5 19 7 196
6 19 5 196
9 48 7 21
10 48 9 21
10 19 3 196
15 19 1 196
17 48 11 21
18 19 9 196
21 19 11 196
23 19 13 196
33 19 15 196
36 48 1 21
43 19 17 196
49 48 13 21
55 48 15 21
68 48 17 21
83 48 27 21
85 48 19 21
87 48 21 21
91 48 23 21
94 19 19 196
102 48 25 21
108 48 29 21
109 48 31 21
118 48 37 21
126 19 21 196
141 48 35 21
144 48 33 21
153 19 23 196
169 19 25 196
176 19 27 196
178 48 39 21
190 19 29 196
194 48 41 21
199 48 43 21
200 48 47 21
213 48 45 21
223 48 53 21
227 48 49 21
227 19 31 196
236 48 51 21
238 48 57 21
243 19 33 196
247 19 35 196
259 19 37 196
267 48 55 21
268 19 39 196
275 48 59 21
280 19 41 196
290 48 1 261
292 19 43 196
1 79 13 136
4 40 3 217
6 40 7 217
14 22 13 329
24 18 1 6
28 79 1 136
28 18 7 6
29 22 1 329
30 79 7 136
35 79 25 136
38 22 7 329
41 18 19 6
42 40 13 217
44 79 19 136
44 18 13 6
45 79 31 136
46 79 37 136
46 18 31 6
48 79 43 136
49 79 49 136
51 18 25 6
56 18 37 6
59 79 55 136
60 40 19 217
60 79 1 215
61 40 25 217
62 40 31 217
62 79 19 215
64 40 37 217
64 79 7 215
64 22 19 329
67 18 43 6
69 79 13 215
69 18 49 6
70 40 43 217
70 22 25 329
76 18 55 6
77 18 1 20
78 79 25 215
83 18 7 20
86 79 31 215
88 40 49 217
89 40 55 217
90 40 1 85
90 18 13 20
94 79 37 215
98 18 19 20
99 22 43 329
106 79 43 215
116 22 37 329
119 22 31 329
123 18 25 20
124 79 49 215
124 22 55 329
125 79 55 215
126 40 7 85
128 22 49 329
133 79 1 51
133 22 7 420
136 79 13 51
137 18 43 20
143 79 7 51
143 18 31 20
143 22 1 420
147 22 13 420
150 40 13 85
159 18 37 20
161 79 25 51
163 40 19 85
163 18 49 20
166 79 19 51
166 22 25 420
170 40 25 85
173 18 55 20
176 22 19 420
179 40 31 85
179 79 37 51
179 22 45 420
182 79 31 51
197 22 31 420
199 40 37 85
199 22 49 420
200 18 1 226
200 22 37 420
201 79 43 51
205 40 45 85
212 40 49 85
212 79 55 51
214 79 49 51
214 18 7 226
216 18 13 226
221 40 55 85
224 18 19 226
226 40 1 444
227 40 7 444
232 79 1 211
242 79 7 211
243 40 13 444
245 79 13 211
245 22 55 420
246 22 1 86
249 18 25 226
253 18 31 226
258 18 37 226
258 22 7 86
264 79 19 211
266 40 19 444
272 18 43 226
274 40 25 444
275 40 31 444
276 40 37 444
276 22 13 86
283 40 49 444
286 40 55 444
290 18 55 226
292 22 19 86
293 40 43 444
295 79 25 211
298 40 7 322
298 22 25 86
11 42 7 352
12 97 7 80
22 42 1 352
35 97 10 80
36 42 4 352
47 97 13 80
68 42 10 352
69 97 1 80
73 97 4 80
76 97 19 80
84 97 16 80
84 42 13 352
87 97 25 80
91 97 28 80
95 97 22 80
96 42 16 352
97 42 19 352
103 42 22 352
106 97 31 80
118 97 39 80
126 97 43 80
126 42 25 352
129 97 46 80
132 97 34 80
135 42 28 352
136 97 49 80
138 97 52 80
142 42 31 352
146 42 34 352
150 42 43 352
156 42 37 352
159 97 55 80
170 42 46 352
175 42 40 352
176 42 49 352
179 42 52 352
182 97 58 80
185 42 55 352
193 97 1 107
197 97 4 107
203 97 7 107
205 42 58 352
214 42 1 153
215 42 4 153
216 97 10 107
221 42 7 153
222 97 13 107
224 97 16 107
235 42 10 153
243 97 19 107
247 42 13 153
249 42 16 153
251 42 19 153
253 97 22 107
256 97 25 107
260 97 28 107
264 42 25 153
280 42 22 153
281 97 37 107
284 42 28 153
285 42 31 153
287 97 31 107
298 97 34 107
3 46 7 292
5 46 13 292
6 46 19 292
7 46 3 292
8 46 25 292
9 46 31 292
11 46 37 292
12 46 43 292
13 46 49 292
16 46 55 292
18 46 13 379
27 46 1 379
28 46 19 379
55 46 7 379
60 46 25 379
67 46 31 379
73 46 37 379
88 46 43 379
89 46 49 379
91 46 1 216
106 46 55 379
116 46 7 216
119 46 13 216
121 46 19 216
136 46 25 216
161 46 31 216
210 46 37 216
216 46 43 216
226 46 49 216
232 46 55 216
245 46 1 353
251 46 7 353
262 46 13 353
268 46 19 353
277 46 25 353
283 46 37 353
285 46 43 353
286 46 31 353
295 46 49 353
297 46 55 353
1 64 4 187
34 64 1 187
35 64 13 187
46 64 7 187
62 64 25 187
64 64 16 187
76 64 22 187
95 64 10 187
102 64 28 187
106 64 19 187
138 64 31 187
141 64 37 187
146 64 40 187
151 64 34 187
154 64 49 187
159 64 43 187
165 64 46 187
181 64 52 187
188 64 55 187
193 64 58 187
198 64 1 341
202 64 4 341
210 64 7 341
220 64 10 341
224 64 13 341
231 64 16 341
232 64 19 341
244 64 22 341
245 64 25 341
249 64 31 341
255 64 28 341
277 64 34 341
278 64 37 341
13 24 1 256
30 24 13 256
31 24 7 256
38 24 19 256
42 24 25 256
48 24 31 256
53 24 37 256
54 24 43 256
82 24 49 256
84 24 55 256
87 24 1 332
93 24 7 332
105 24 13 332
113 24 19 332
126 24 37 332
180 24 33 332
181 24 25 332
184 24 43 332
195 24 49 332
209 24 55 332
215 24 7 12
223 24 1 12
233 24 13 12
236 24 19 12
254 24 25 12
274 24 31 12
280 24 37 12
285 24 49 12
288 24 43 12
13 2 5 45
16 2 1 45
19 2 3 45
26 2 7 45
27 2 13 45
36 2 15 45
63 2 9 45
71 2 11 45
101 2 17 45
102 2 21 45
104 2 23 45
107 2 19 45
109 2 25 45
118 2 27 45
120 2 29 45
123 2 31 45
124 2 33 45
140 2 35 45
141 2 40 45
142 2 37 45
144 2 43 45
150 2 46 45
151 2 49 45
174 2 51 45
176 2 53 45
178 2 55 45
185 2 58 45
186 2 1 218
200 2 5 218
207 2 3 218
214 2 11 218
230 2 7 218
234 2 9 218
235 2 13 218
250 2 15 218
259 2 17 218
264 2 23 218
268 2 25 218
269 2 19 218
273 2 21 218
275 2 27 218
286 2 29 218
300 2 31 218
13 9 7 14
15 9 13 14
19 114 7 23
20 114 1 23
22 9 19 14
22 114 25 23
32 9 1 14
34 114 13 23
36 9 25 14
43 9 31 14
72 114 19 23
76 114 31 23
84 9 37 14
89 9 43 14
93 114 37 23
101 9 49 14
105 114 43 23
123 114 49 23
124 9 1 62
128 114 55 23
131 9 55 14
135 114 1 407
140 114 7 407
157 9 7 62
158 114 13 407
161 114 37 407
162 9 13 62
164 9 19 62
166 114 31 407
172 114 19 407
182 114 25 407
187 114 43 407
194 9 25 62
197 114 49 407
198 114 7 81
200 114 55 407
207 114 13 81
209 114 1 81
213 114 19 81
218 9 31 62
219 114 25 81
221 114 31 81
226 9 37 62
227 114 43 81
233 9 43 62
239 9 49 62
240 9 55 62
244 114 37 81
247 114 49 81
248 9 1 182
249 114 1 416
251 9 13 182
254 9 7 182
255 114 55 81
262 9 19 182
263 9 25 182
273 114 7 416
277 114 13 416
281 9 43 182
281 114 19 416
287 9 37 182
293 9 31 182
297 9 49 182
298 114 37 416
64 93 1 446
67 93 7 446
77 93 13 446
99 93 19 446
107 93 31 446
108 93 25 446
114 93 37 446
137 93 49 446
139 93 43 446
143 93 55 446
149 93 1 24
153 93 7 24
155 93 13 24
156 93 19 24
184 93 25 24
197 93 37 24
198 93 31 24
201 93 49 24
202 93 55 24
237 93 43 24
245 93 7 364
286 93 3 364
289 93 13 364
291 93 19 364
295 93 31 364
299 93 25 364
3 16 13 104
5 16 9 104
7 16 16 104
9 16 19 104
16 16 25 104
18 16 22 104
20 16 28 104
27 16 31 104
32 16 34 104
39 16 1 104
48 16 4 104
51 16 37 104
58 16 40 104
60 41 16 205
63 41 1 205
65 16 43 104
72 41 4 205
73 16 46 104
77 16 49 104
94 41 7 205
98 41 10 205
100 16 52 104
104 16 55 104
107 41 13 205
117 41 31 205
117 16 58 104
118 41 19 205
120 16 1 148
129 16 4 148
133 16 13 148
134 41 22 205
135 41 25 205
136 41 34 205
145 41 28 205
160 41 43 205
161 41 46 205
162 16 7 148
163 16 10 148
164 16 16 148
189 16 19 148
190 16 22 148
194 16 31 148
199 16 25 148
206 41 37 205
212 41 40 205
213 16 28 148
214 41 55 205
218 16 37 148
220 41 49 205
229 16 34 148
237 16 40 148
241 41 52 205
244 16 49 148
252 41 1 269
263 16 43 148
266 16 46 148
272 16 52 148
283 41 4 269
285 16 55 148
291 16 58 148
292 41 58 205
292 16 1 275
294 16 7 275
299 16 4 275
3 45 11 57
20 45 7 57
25 45 1 57
41 45 3 57
46 45 13 57
47 45 5 57
52 45 9 57
53 45 15 57
76 45 25 57
77 45 17 57
79 45 19 57
93 45 27 57
121 45 23 57
122 45 21 57
138 45 29 57
140 45 31 57
144 45 37 57
170 45 33 57
177 45 35 57
215 45 39 57
225 45 41 57
232 45 43 57
243 45 45 57
256 45 47 57
267 45 49 57
272 45 55 57
274 45 51 57
279 45 53 57
297 45 59 57
5 91 19 170
11 91 10 170
14 91 22 170
21 91 1 170
26 91 4 170
31 91 13 170
38 91 16 170
52 91 25 170
60 91 31 170
61 91 7 170
64 91 28 170
80 91 34 170
88 91 37 170
89 91 40 170
90 91 43 170
119 91 46 170
125 91 49 170
134 91 52 170
142 91 55 170
171 91 58 170
172 91 1 233
173 91 4 233
174 91 7 233
178 91 10 233
208 91 13 233
220 91 16 233
226 91 19 233
247 91 22 233
256 91 28 233
264 91 31 233
273 91 25 233
276 91 34 233
287 91 43 233
290 91 37 233
294 91 40 233
295 91 46 233
7 90 7 424
31 90 1 424
37 90 3 424
58 90 5 424
70 90 9 424
71 90 19 424
74 90 11 424
77 90 21 424
79 90 13 424
81 90 15 424
86 90 17 424
91 90 25 424
92 90 23 424
102 90 31 424
111 90 29 424
114 90 27 424
115 90 33 424
127 90 35 424
130 90 37 424
134 90 39 424
152 90 41 424
155 90 43 424
160 90 46 424
168 90 49 424
196 90 51 424
204 90 53 424
213 90 55 424
217 90 57 424
219 90 59 424
260 90 1 115
268 90 3 115
271 90 5 115
284 90 7 115
1 120 19 54
5 107 25 395
6 120 13 54
13 107 13 395
14 44 25 122
17 44 3 122
20 107 9 395
26 107 19 395
32 44 7 122
38 107 1 395
44 120 1 54
48 107 37 395
50 107 43 395
65 44 13 122
71 44 31 122
75 120 7 54
79 120 31 54
82 120 25 54
84 44 21 122
84 120 43 54
89 107 31 395
93 44 43 122
96 107 49 395
100 120 37 54
104 44 37 122
108 120 49 54
110 44 49 122
111 44 55 122
112 120 1 67
114 120 55 54
125 107 1 362
126 120 13 67
127 107 55 395
134 44 1 253
135 44 7 253
140 44 13 253
141 107 7 362
144 44 19 253
146 107 13 362
151 44 25 253
154 44 31 253
155 107 19 362
156 44 43 253
157 107 25 362
163 107 31 362
167 107 37 362
171 107 43 362
173 120 7 67
179 44 55 253
180 107 49 362
183 44 37 253
190 107 55 362
190 44 49 253
191 120 19 67
192 44 1 185
197 107 7 367
201 107 1 367
202 120 25 67
205 44 7 185
206 107 13 367
208 107 19 367
212 44 13 185
212 120 31 67
218 107 25 367
218 120 43 67
219 120 37 67
222 120 49 67
225 120 1 356
230 107 31 367
234 44 31 185
234 120 55 67
238 107 37 367
248 107 43 367
253 44 25 185
255 44 19 185
257 120 7 356
259 44 39 185
259 120 13 356
269 120 21 356
271 107 49 367
271 44 43 185
275 107 55 367
280 107 1 8
280 120 31 356
281 120 25 356
287 107 7 8
288 44 49 185
290 44 7 269
296 107 13 8
3 31 17 114
7 31 11 114
12 110 1 348
14 110 5 348
18 110 7 348
19 110 11 348
21 31 23 114
32 110 17 348
35 31 5 114
40 31 29 114
44 110 9 348
46 110 15 348
47 31 35 114
50 31 41 114
53 110 3 348
60 31 47 114
62 110 23 348
67 31 53 114
68 31 59 114
81 31 1 180
82 110 13 348
92 110 25 348
96 31 3 180
118 31 5 180
123 110 19 348
123 31 7 180
131 110 21 348
132 31 9 180
155 110 27 348
155 31 11 180
159 31 13 180
165 31 15 180
170 31 17 180
171 110 29 348
171 31 19 180
173 110 31 348
178 110 33 348
178 31 21 180
182 110 35 348
185 31 23 180
193 110 39 348
194 31 29 180
196 31 25 180
199 110 41 348
206 110 43 348
206 31 27 180
212 110 37 348
217 31 31 180
222 110 45 348
223 31 33 180
229 31 37 180
234 110 49 348
238 110 47 348
239 31 35 180
243 31 39 180
246 31 41 180
254 31 47 180
261 31 43 180
267 110 51 348
268 110 53 348
270 110 55 348
277 31 45 180
293 110 57 348
299 31 49 180
5 117 22 419
11 117 13 419
12 117 10 419
28 117 25 419
38 117 28 419
43 117 1 419
56 117 4 419
58 117 7 419
60 117 34 419
68 117 19 419
73 117 16 419
95 117 31 419
97 117 37 419
121 117 40 419
129 117 43 419
138 117 46 419
145 117 49 419
151 117 52 419
163 117 55 419
181 117 58 419
213 117 13 269
233 117 25 269
258 117 16 269
272 117 19 269
275 117 22 269
296 117 28 269
2 57 7 310
13 10 11 23
17 10 17 23
19 109 1 373
23 109 3 373
25 10 5 23
27 109 5 373
30 109 11 373
33 10 23 23
38 109 13 373
39 10 29 23
39 109 7 373
43 10 35 23
44 10 41 23
45 109 9 373
49 109 15 373
51 10 47 23
52 10 53 23
56 57 1 310
64 57 5 310
65 57 9 310
70 10 59 23
71 57 3 310
74 57 13 310
89 109 17 373
91 10 5 244
97 109 22 373
101 109 19 373
102 10 1 244
107 10 3 244
112 10 7 244
112 109 25 373
113 10 9 244
116 57 11 310
119 57 17 310
122 57 15 310
125 10 11 244
125 57 19 310
128 57 21 310
130 109 27 373
136 109 29 373
143 109 35 373
148 57 23 310
153 10 13 244
155 109 31 373
161 57 29 310
163 109 37 373
164 109 33 373
179 109 41 373
184 109 39 373
188 57 25 310
195 109 43 373
200 10 17 244
203 10 19 244
204 109 45 373
205 10 15 244
205 109 49 373
210 10 21 244
215 57 27 310
221 10 23 244
221 109 47 373
229 57 31 310
232 109 51 373
235 10 25 244
236 109 53 373
238 10 27 244
243 57 35 310
247 57 33 310
248 57 37 310
251 10 29 244
253 109 55 373
258 57 41 310
261 109 57 373
264 109 59 373
264 57 39 310
267 109 1 29
272 57 47 310
276 109 3 29
279 109 5 29
288 10 31 244
295 57 43 310
299 109 7 29
6 23 25 48
13 23 19 48
14 23 31 48
28 23 37 48
43 23 7 48
49 23 1 48
83 23 13 48
121 23 43 48
122 23 49 48
123 23 55 48
128 23 1 82
133 23 19 82
139 23 7 82
145 23 13 82
171 23 25 82
177 23 31 82
186 23 37 82
226 23 43 82
228 23 55 82
231 23 49 82
244 23 1 327
257 23 13 327
265 23 7 327
273 23 31 327
275 23 37 327
278 23 19 327
285 23 25 327
290 23 43 327
297 23 7 434
3 37 19 8
4 118 7 431
8 56 7 165
11 56 16 165
12 56 13 165
18 37 25 8
20 118 13 431
25 118 10 431
26 118 1 431
29 37 22 8
37 37 31 8
40 56 1 165
41 118 25 431
48 56 10 165
49 118 19 431
57 118 4 431
58 56 19 165
62 118 28 431
64 56 25 165
65 56 22 165
69 37 28 8
71 118 37 431
74 56 4 165
75 56 28 165
78 56 31 165
81 37 37 8
82 37 34 8
90 37 40 8
91 118 16 431
95 56 34 165
96 37 43 8
101 37 55 8
120 118 40 431
122 56 43 165
127 56 37 165
133 118 31 431
137 118 22 431
137 56 55 165
141 37 46 8
142 56 46 165
146 56 49 165
147 56 40 165
148 37 49 8
153 37 52 8
154 56 52 165
155 118 34 431
157 118 43 431
159 56 58 165
168 37 58 8
171 37 1 113
172 118 46 431
176 37 7 113
178 37 4 113
181 118 49 431
184 118 52 431
191 37 10 113
191 118 55 431
196 118 58 431
198 37 13 113
202 37 16 113
205 56 1 99
223 37 19 113
226 118 7 400
227 56 4 99
228 118 1 400
231 118 4 400
232 56 7 99
235 118 15 400
241 37 22 113
241 118 10 400
246 118 19 400
247 37 25 113
252 118 22 400
254 118 31 400
255 37 31 113
258 56 13 99
260 37 34 113
266 37 28 113
270 37 37 113
284 37 43 113
284 56 10 99
286 37 40 113
289 37 46 113
290 118 25 400
2 60 9 103
24 60 16 103
30 60 1 103
51 60 3 103
54 60 5 103
59 60 7 103
66 60 11 103
69 60 21 103
70 60 13 103
72 60 23 103
85 60 25 103
122 60 19 103
123 60 29 103
131 60 27 103
153 60 31 103
160 60 33 103
163 60 35 103
167 60 47 103
173 60 37 103
183 60 41 103
185 60 39 103
192 60 43 103
217 60 49 103
225 60 45 103
227 60 51 103
230 60 55 103
255 60 53 103
256 60 59 103
281 60 57 103
282 60 1 246
299 60 9 246
3 66 22 39
6 66 11 39
7 66 9 39
9 66 5 39
13 83 17 144
15 83 3 144
21 83 9 144
28 83 5 144
29 83 7 144
37 66 1 39
48 66 7 39
54 66 3 39
57 83 1 144
63 83 11 144
67 66 15 39
70 66 19 39
71 66 25 39
84 83 25 144
85 66 13 39
86 66 27 39
88 83 13 144
89 66 29 39
94 66 17 39
94 83 15 144
103 66 31 39
103 83 19 144
105 66 35 39
110 83 21 144
111 83 23 144
113 83 27 144
117 66 37 39
125 66 33 39
126 66 41 39
129 66 49 39
131 66 39 39
138 66 55 39
149 83 29 144
151 66 43 39
152 83 31 144
154 66 47 39
158 66 45 39
168 83 33 144
170 66 51 39
175 83 35 144
178 83 37 144
186 83 41 144
188 83 39 144
191 66 53 39
196 83 43 144
204 83 49 144
206 83 45 144
209 83 51 144
210 83 47 144
212 83 53 144
215 83 55 144
218 83 57 144
219 66 57 39
220 66 59 39
227 83 59 144
228 66 11 292
241 66 1 292
242 83 37 80
260 83 3 361
261 66 17 292
270 66 23 292
274 83 1 361
279 66 29 292
288 83 5 361
295 66 35 292
296 66 41 292
10 11 19 126
19 11 13 126
23 11 7 126
39 11 4 126
46 11 10 126
58 11 1 126
60 11 37 126
95 11 16 126
98 11 25 126
102 11 33 126
112 11 22 126
145 11 40 126
149 11 46 126
152 11 28 126
154 11 1 277
161 11 43 126
164 11 49 126
166 11 52 126
167 11 55 126
187 11 58 126
195 11 4 277
198 11 16 277
201 11 7 277
249 11 10 277
271 11 13 277
277 11 19 277
3 82 25 134
4 82 10 134
4 58 13 270
11 82 5 134
28 58 11 270
36 82 7 134
37 58 5 270
65 58 7 270
72 82 1 134
78 82 3 134
79 82 17 134
85 58 1 270
87 58 9 270
92 58 15 270
96 58 19 270
105 58 3 270
125 82 13 134
133 58 17 270
141 58 21 270
143 82 15 134
145 58 23 270
148 58 25 270
160 58 27 270
174 58 29 270
176 58 31 270
177 82 19 134
180 58 37 270
181 82 21 134
184 58 33 270
195 58 35 270
197 58 43 270
216 58 39 270
222 82 23 134
229 82 27 134
230 58 41 270
245 82 29 134
252 82 31 134
257 82 33 134
262 82 35 134
266 58 49 270
270 82 40 134
275 82 43 134
280 58 45 270
285 82 37 134
289 82 51 134
291 58 47 270
294 82 45 134
299 58 51 270
3 21 27 100
10 71 22 429
15 21 10 100
18 92 19 429
33 71 1 429
33 92 4 429
34 71 9 429
40 92 13 429
42 92 31 429
43 21 4 100
47 71 16 429
51 71 34 429
53 21 7 100
55 92 25 429
56 92 28 429
57 71 37 429
62 92 40 429
68 92 43 429
69 21 31 100
72 92 46 429
73 92 49 429
74 21 1 100
78 71 52 429
81 21 40 100
83 92 55 429
85 92 58 429
90 92 7 46
91 21 13 100
94 21 21 100
94 92 1 46
97 71 1 430
98 71 4 430
99 21 16 100
100 71 7 430
104 21 34 100
106 21 37 100
106 92 4 46
107 92 10 46
112 92 13 46
114 92 16 46
117 92 34 46
119 92 19 46
120 92 37 46
121 92 25 46
127 92 22 46
132 92 28 46
138 71 10 430
142 92 43 46
147 71 19 430
148 71 13 430
148 21 43 100
150 92 31 46
151 92 40 46
156 21 49 100
162 92 46 46
174 71 16 430
175 92 49 46
179 92 1 423
182 21 46 100
182 92 52 46
185 71 25 430
187 21 52 100
188 21 58 100
193 92 55 46
195 92 58 46
198 21 4 65
201 21 55 100
202 21 1 65
204 71 22 430
204 21 7 65
211 92 4 423
212 71 28 430
215 92 19 423
220 21 13 65
222 92 7 423
224 71 31 430
230 71 37 430
231 21 10 65
236 71 34 430
236 21 16 65
239 21 19 65
240 71 40 430
249 21 22 65
252 71 43 430
254 71 49 430
261 71 46 430
261 21 28 65
266 71 52 430
268 71 55 430
269 71 58 430
270 21 25 65
273 71 4 25
274 92 13 423
275 71 1 25
275 92 10 423
277 92 22 423
279 21 31 65
281 92 16 423
281 21 40 65
282 92 25 423
283 21 43 65
287 21 34 65
289 71 19 25
291 71 7 25
295 71 10 25
299 92 31 423
300 21 37 65
2 77 49 233
14 77 55 233
19 77 19 69
20 77 31 69
74 77 25 69
99 77 49 69
107 77 37 69
140 77 43 69
148 77 55 69
170 77 1 55
202 77 7 55
203 77 21 55
206 77 31 55
208 77 25 55
220 77 37 55
226 77 13 55
231 77 43 55
252 77 49 55
271 77 55 55
288 77 1 141
2 85 11 15
6 85 17 15
14 85 1 15
20 85 19 15
31 85 3 15
42 85 5 15
47 85 9 15
63 85 7 15
95 85 13 15
98 85 15 15
108 85 21 15
111 85 25 15
124 85 23 15
133 85 27 15
138 85 34 15
139 85 29 15
143 85 39 15
154 85 37 15
181 85 31 15
183 85 43 15
184 85 41 15
186 85 45 15
203 85 49 15
211 85 47 15
237 85 55 15
268 85 51 15
278 85 53 15
286 85 59 15
290 85 11 405
300 85 57 15
9 12 9 40
22 12 31 40
23 12 15 40
26 12 25 40
43 12 37 40
59 12 1 40
63 12 19 40
78 12 43 40
105 12 49 40
120 12 55 40
121 12 49 113
133 12 55 113
156 12 31 211
182 12 37 211
186 12 49 211
187 12 1 266
208 12 43 211
218 12 7 266
223 12 55 211
233 12 31 266
239 12 13 266
249 12 37 266
297 12 19 266
4 115 15 220
15 115 19 220
31 115 25 220
39 115 9 220
59 115 37 220
80 115 1 220
82 115 43 220
83 115 31 220
97 115 49 220
108 115 55 220
109 115 1 273
110 115 7 273
130 115 13 273
150 115 19 273
151 115 45 273
173 115 25 273
186 115 55 273
189 115 37 273
190 115 31 273
195 115 7 13
202 115 49 273
214 115 13 13
229 115 1 13
247 115 37 13
257 115 25 13
260 115 19 13
271 115 7 264
277 115 49 13
279 115 43 13
283 115 13 264
294 115 31 13
14 75 19 26
18 75 28 26
19 75 16 26
22 75 4 26
30 75 25 26
38 75 31 26
42 75 1 26
48 75 13 26
67 75 22 26
79 75 7 26
86 75 10 26
90 75 34 26
100 75 43 26
101 75 37 26
108 75 40 26
114 75 46 26
119 75 49 26
128 75 7 207
129 75 52 26
131 75 1 207
163 75 58 26
171 75 55 26
172 75 4 207
178 75 13 207
184 75 10 207
202 75 19 207
209 75 16 207
210 75 25 207
217 75 22 207
231 75 28 207
235 75 31 207
236 75 37 207
247 75 43 207
265 75 34 207
276 75 46 207
279 75 40 207
286 75 49 207
293 75 52 207
298 75 55 207
299 75 58 207
8 52 1 333
10 68 5 245
15 52 17 333
22 52 7 333
28 52 13 333
37 68 7 245
39 52 15 333
42 68 9 245
46 52 19 333
49 68 17 245
52 68 1 245
53 52 5 333
58 68 11 245
58 52 22 333
75 68 3 245
76 52 3 333
82 68 21 245
83 68 29 245
94 68 13 245
94 52 10 333
96 52 25 333
101 68 15 245
106 52 27 333
107 68 23 245
122 52 29 333
132 68 19 245
136 52 31 333
137 68 25 245
137 52 35 333
139 68 27 245
142 68 34 245
148 68 31 245
148 52 33 333
150 68 49 245
155 68 37 245
162 68 39 245
166 68 41 245
168 68 43 245
172 52 37 333
179 68 59 245
201 52 39 333
210 68 45 245
211 68 52 245
215 68 47 245
223 52 41 333
229 52 43 333
233 52 47 333
237 52 49 333
238 52 45 333
241 68 55 245
250 52 51 333
251 68 57 245
255 52 59 333
258 52 53 333
261 52 55 333
264 52 57 333
266 68 5 6
270 68 11 6
270 52 1 439
277 52 3 439
279 52 7 439
280 68 17 6
284 52 5 439
291 52 10 439
292 68 23 6
297 52 13 439
7 94 19 442
27 94 15 442
37 94 9 442
52 94 3 442
55 94 31 442
88 94 25 442
96 94 37 442
108 94 43 442
135 94 49 442
141 94 55 442
142 94 7 208
163 94 1 208
168 94 13 208
183 94 19 208
185 94 31 208
186 94 25 208
193 94 43 208
200 94 49 208
216 94 55 208
221 94 37 208
222 94 3 261
224 94 7 261
232 94 13 261
248 94 19 261
249 94 43 261
261 94 31 261
269 94 25 261
275 94 49 261
288 94 37 261
289 94 55 261
14 55 37 284
34 55 55 270
37 55 13 284
63 55 25 284
69 55 7 284
73 55 19 284
85 55 3 284
87 55 31 284
90 55 49 284
98 55 43 284
102 55 55 284
124 55 7 127
125 55 15 127
128 55 25 127
130 55 1 127
138 55 19 127
146 55 43 127
166 55 37 127
198 55 49 127
216 55 31 127
223 55 7 259
224 55 55 127
248 55 13 259
254 55 1 259
256 55 19 259
266 55 37 259
282 55 31 259
285 55 1 374
286 55 25 259
287 55 49 259
5 14 31 5
6 14 34 5
8 14 10 5
9 14 13 5
10 69 25 222
17 14 7 5
18 14 37 5
21 14 16 5
22 69 9 222
32 14 28 5
34 69 4 222
35 14 22 5
36 69 19 222
37 14 25 5
40 14 19 5
48 69 1 222
61 69 13 222
62 69 37 222
83 14 1 5
86 69 22 222
87 14 40 5
102 69 16 222
103 69 33 222
104 14 4 5
107 14 43 5
108 14 1 335
112 69 28 222
112 14 46 5
117 69 40 222
127 14 49 5
130 14 52 5
134 14 55 5
138 14 58 5
143 14 19 335
144 69 45 222
147 69 49 222
168 69 52 222
169 69 55 222
173 69 1 183
173 14 13 335
182 69 7 183
183 14 4 335
188 69 10 183
195 69 13 183
196 69 4 183
204 69 58 222
214 14 22 335
215 69 22 183
217 69 16 183
222 14 10 335
224 14 25 335
226 14 28 335
227 69 19 183
229 14 7 335
230 69 25 183
233 14 37 335
236 69 28 183
237 69 31 183
243 69 51 183
247 14 16 335
251 69 34 183
255 14 34 335
257 69 37 183
258 14 31 335
260 14 40 335
263 14 46 335
265 14 43 335
282 14 49 335
287 69 46 183
299 14 55 335
9 63 16 337
36 63 22 337
55 63 1 337
56 63 7 337
72 63 10 337
74 63 19 337
81 63 4 337
87 63 28 337
94 63 25 337
95 63 37 337
111 63 31 337
118 63 13 337
119 63 40 337
126 63 46 337
127 63 43 337
131 63 49 337
144 63 52 337
150 63 34 337
156 63 55 337
174 63 1 237
184 63 58 337
188 63 7 237
192 63 10 237
196 63 13 237
213 63 4 237
219 63 16 237
229 63 19 237
246 63 22 237
253 63 37 237
264 63 28 237
265 63 25 237
278 63 31 237
296 63 34 237
6 65 31 222
9 65 43 222
20 65 16 281
25 65 7 222
29 65 5 281
39 65 13 281
44 65 7 281
45 65 11 281
49 65 22 281
54 65 1 281
74 65 9 281
82 65 3 281
85 65 27 281
97 65 25 281
103 65 29 281
136 65 19 281
150 65 51 281
159 65 31 281
162 65 33 281
169 65 37 281
172 65 35 281
190 65 39 281
193 65 41 281
225 65 43 281
282 65 46 281
288 65 53 281
295 65 55 281
296 65 49 281
2 86 13 440
21 86 19 440
34 86 25 440
41 86 7 440
42 86 37 440
51 86 43 440
96 86 31 440
97 86 55 440
98 86 49 440
134 86 7 123
144 86 1 440
149 86 13 123
160 86 1 123
161 86 49 123
178 86 25 123
213 86 31 123
254 86 19 123
267 86 37 123
275 86 45 123
277 86 55 123
282 86 3 131
288 86 7 131
297 86 15 131
1 38 51 180
1 104 25 47
4 104 19 47
8 104 13 47
9 38 55 180
9 111 22 169
10 111 28 169
12 111 16 169
13 38 58 180
16 111 13 169
19 104 28 47
22 38 49 226
25 104 16 47
25 111 19 169
27 111 25 169
29 111 37 169
33 104 7 47
34 38 52 226
37 111 34 169
43 38 19 33
45 38 13 33
49 38 25 33
55 104 4 47
57 111 31 169
61 38 1 33
68 104 1 47
70 38 4 33
70 111 1 169
73 111 7 169
77 111 10 169
78 104 10 47
79 38 10 33
84 104 31 47
92 104 34 47
92 38 7 33
100 111 4 169
101 38 22 33
101 104 40 47
109 111 40 169
111 38 34 33
116 111 43 169
121 104 37 47
123 104 22 47
129 104 55 47
130 38 31 33
132 111 46 169
133 111 49 169
142 104 49 47
143 111 52 169
161 38 16 33
164 104 43 47
168 38 28 33
171 111 4 238
178 111 1 238
181 38 37 33
185 38 49 33
187 38 55 33
189 104 46 47
192 104 52 47
194 104 58 47
196 111 55 169
200 104 7 110
200 111 19 238
201 104 10 110
203 38 40 33
205 104 4 110
206 111 58 169
207 38 52 33
209 111 13 238
216 104 1 110
217 111 7 238
218 111 16 238
219 38 45 33
220 104 19 110
222 104 16 110
228 38 4 225
228 104 13 110
229 38 58 33
232 104 22 110
237 38 1 225
237 104 25 110
248 104 28 110
248 111 10 238
250 38 19 225
256 111 31 238
257 111 40 238
259 104 31 110
260 38 7 225
261 38 10 225
263 111 22 238
264 104 34 110
267 111 25 238
275 38 13 225
276 38 22 225
277 104 37 110
278 111 34 238
287 111 28 238
289 38 25 225
291 104 40 110
297 111 37 238
300 104 43 110
23 108 1 76
24 108 19 76
51 108 5 76
58 108 13 76
69 108 11 76
78 108 7 76
84 108 3 76
109 108 9 76
123 108 15 76
137 108 17 76
140 108 21 76
146 108 23 76
156 108 25 76
208 108 29 76
246 108 27 76
254 108 34 76
256 108 37 76
269 108 31 76
280 108 43 76
11 51 19 68
12 51 25 68
13 51 31 68
14 30 45 76
16 30 39 76
18 51 43 68
20 30 49 76
24 30 55 76
25 51 37 68
50 30 1 160
80 30 7 160
83 51 49 68
107 51 55 68
110 51 1 68
111 30 19 160
124 51 13 68
132 30 13 160
147 51 7 68
152 51 57 281
153 51 1 385
162 51 19 385
177 30 25 160
187 30 31 160
191 51 13 385
191 30 37 160
196 51 7 385
197 51 25 385
207 30 55 160
210 30 49 160
211 30 43 160
216 51 49 385
228 30 7 380
238 51 31 385
239 51 37 385
244 30 13 380
255 30 1 380
256 51 43 385
258 51 55 385
267 51 9 29
270 51 13 29
273 30 43 380
292 51 25 29
298 30 19 380
300 51 19 29
2 15 19 9
13 36 55 111
17 36 51 111
19 15 25 9
24 15 22 9
29 36 58 111
36 15 31 9
44 15 28 9
45 36 49 310
46 36 52 310
47 15 37 9
48 36 55 310
54 15 7 9
57 15 34 9
58 36 58 310
59 36 25 266
62 15 1 9
79 15 4 9
92 15 10 9
93 36 49 266
100 36 28 266
109 36 43 266
114 15 13 9
115 36 46 266
119 15 43 9
132 36 55 266
135 36 58 266
140 36 52 266
140 15 40 9
144 36 7 317
149 36 10 317
151 36 1 317
151 15 16 9
169 15 46 9
171 36 13 317
176 36 16 317
185 36 4 317
190 36 19 317
192 15 49 9
199 15 55 9
214 36 31 317
219 15 19 439
235 36 22 317
237 36 28 317
239 15 58 9
241 36 34 317
244 15 52 9
247 15 28 439
255 15 15 439
258 36 25 317
259 15 22 439
267 15 31 439
269 15 34 439
273 36 37 317
279 15 25 439
280 36 49 317
280 15 52 439
291 36 43 317
297 15 40 439
36 62 13 83
38 62 5 83
51 62 1 83
61 62 10 83
62 62 17 83
63 62 15 83
68 62 7 83
74 62 22 83
83 62 35 83
99 62 3 83
115 62 19 83
129 62 25 83
130 62 29 83
132 62 31 83
135 62 33 83
142 62 27 83
143 62 41 83
160 62 37 83
176 62 39 83
182 62 43 83
189 62 49 83
194 62 45 83
208 62 47 83
215 62 51 83
218 62 53 83
232 62 59 83
238 62 5 132
253 62 57 83
267 62 17 132
5 100 34 17
25 100 13 17
26 100 31 17
37 100 37 17
39 100 19 17
45 100 16 17
65 100 25 17
66 100 1 17
73 100 28 17
86 100 4 17
89 100 7 17
90 100 10 17
91 100 40 17
92 100 43 17
97 100 46 17
106 100 22 17
110 100 55 17
113 100 49 17
120 100 52 17
122 100 58 17
125 100 40 107
128 100 10 251
135 100 43 107
136 100 46 107
145 100 52 107
154 100 4 251
157 100 55 107
158 100 58 107
159 100 49 107
167 100 1 251
172 100 7 251
180 100 13 251
191 100 25 251
217 100 19 251
233 100 28 251
253 100 16 251
269 100 37 251
279 100 22 251
284 100 31 251
4 87 23 54
34 87 17 54
35 87 29 54
42 87 11 54
52 87 35 54
67 87 5 54
79 87 41 54
112 87 53 54
113 87 47 54
116 87 59 54
133 87 5 395
149 87 7 395
153 87 17 395
175 87 23 395
190 87 41 395
204 87 29 395
208 87 35 395
209 87 53 395
231 87 47 395
233 87 59 395
270 87 7 442
290 87 13 442
298 87 1 442
10 119 33 244
15 119 37 244
56 119 43 244
57 119 49 244
63 119 40 244
82 119 55 244
93 119 52 244
98 119 58 244
114 119 34 400
134 119 46 244
143 119 28 400
167 119 49 400
169 119 43 400
172 119 39 400
181 119 46 400
189 119 52 400
194 119 55 400
202 119 13 247
206 119 49 110
211 119 58 400
212 119 46 110
217 119 52 110
230 119 57 110
4 32 29 69
7 32 23 69
22 32 16 69
26 32 35 69
30 32 41 69
55 32 47 69
63 32 53 69
64 32 59 69
69 32 5 215
71 32 23 215
78 32 17 215
89 32 11 215
90 32 29 215
94 32 35 215
134 32 41 215
157 32 53 215
160 32 59 215
175 32 47 215
176 32 43 238
185 32 47 238
196 32 45 238
217 32 55 238
229 32 49 238
244 32 57 238
250 32 53 238
258 32 51 238
259 32 59 238
274 32 5 329
285 32 11 329
298 32 17 329
7 84 25 434
13 27 25 108
15 84 31 434
17 84 13 434
22 84 37 434
27 84 19 434
27 27 37 108
31 84 49 434
33 84 43 434
47 27 19 108
48 84 19 58
59 27 13 108
61 27 31 108
63 27 43 108
68 27 49 108
79 84 55 434
93 84 1 434
95 84 1 58
111 84 7 58
117 27 1 108
118 84 43 58
122 84 25 58
127 27 7 108
131 27 7 421
139 84 13 58
141 84 49 58
148 84 37 58
153 84 33 58
157 27 1 421
163 27 13 421
167 84 19 115
174 27 25 421
175 27 55 108
179 84 9 115
180 27 55 185
183 27 49 327
183 84 55 58
184 84 13 115
189 84 25 115
210 27 55 327
218 27 19 421
231 84 31 115
236 84 43 115
241 27 37 421
250 27 31 421
255 27 43 421
260 27 49 421
263 84 37 115
269 84 49 115
273 27 55 421
276 27 7 56
283 27 19 56
289 27 1 56
291 27 25 56
293 27 13 56
296 27 37 56
4 102 25 184
8 102 16 184
28 102 28 184
45 102 19 184
52 102 22 184
67 102 1 184
75 102 13 184
88 102 4 184
103 102 37 184
104 102 7 184
119 102 10 184
136 102 40 184
159 102 33 184
164 102 46 184
166 102 43 184
173 102 49 184
177 102 52 184
194 102 1 436
195 102 55 184
211 102 7 436
216 102 4 436
265 102 13 436
269 102 10 436
270 102 58 184
272 102 16 436
291 102 31 436
293 102 19 436
294 102 22 436
298 102 43 436
1 98 31 2
3 70 33 218
5 8 37 109
7 98 37 2
12 70 37 218
19 98 43 2
23 70 43 218
25 8 25 109
26 98 49 2
33 98 19 2
35 98 55 2
38 98 37 117
42 70 49 218
44 98 31 117
45 70 55 218
47 98 25 2
50 98 7 2
50 70 13 22
54 8 19 109
56 8 13 109
59 70 19 22
61 98 19 117
66 98 13 2
66 70 7 22
67 98 25 117
72 8 31 109
80 70 25 22
86 98 13 117
91 70 31 22
96 70 55 22
98 70 37 22
105 8 7 109
109 98 49 117
115 8 1 109
116 98 1 2
126 70 1 22
127 98 1 117
129 70 7 41
130 70 43 22
130 8 55 109
131 70 13 41
133 98 43 117
146 98 55 117
150 70 1 41
152 98 7 117
157 8 13 60
159 98 1 349
160 98 7 349
165 8 49 109
166 98 13 349
170 70 19 41
174 98 31 349
179 70 25 41
186 70 3 289
190 98 25 349
196 8 27 60
205 70 51 22
206 70 7 289
209 98 19 349
209 70 31 41
209 8 43 109
216 70 19 289
219 98 1 396
221 98 43 349
221 8 1 60
223 98 37 349
231 8 19 60
232 8 31 60
233 8 7 60
234 98 51 349
238 8 49 60
239 98 7 396
239 70 43 41
239 8 25 277
241 8 43 60
244 70 25 289
245 98 19 396
247 8 55 60
251 70 37 41
254 8 37 60
257 8 49 277
259 8 43 277
262 98 55 349
266 98 13 396
268 8 31 277
274 98 37 396
274 8 55 277
278 98 43 396
281 8 49 153
282 8 37 277
285 70 13 289
288 70 55 41
290 70 31 289
293 98 25 396
293 70 1 324
294 70 49 41
299 70 37 289
300 70 49 289
11 34 55 13
12 34 58 13
17 34 19 247
29 34 16 247
31 34 22 247
32 34 31 247
33 34 10 247
34 34 34 247
43 34 25 247
66 34 4 247
81 34 7 247
99 34 28 247
128 34 37 247
164 34 1 247
165 34 43 247
188 34 46 247
191 34 49 247
193 34 52 247
203 34 55 247
218 34 40 247
224 34 28 380
249 34 34 380
274 34 16 414
294 34 58 247
1 3 11 385
2 3 17 385
29 3 29 385
38 3 23 385
56 3 35 385
60 3 5 385
75 3 41 385
109 3 47 385
118 3 53 385
132 3 59 385
136 3 5 407
151 3 11 407
175 3 17 407
194 3 23 407
224 3 35 407
225 3 29 407
253 3 41 407
276 3 53 407
284 3 47 407
300 3 59 407
8 7 19 172
15 7 25 172
35 7 31 172
40 7 37 172
68 7 13 172
70 7 49 172
82 7 7 172
88 7 55 172
99 7 7 209
101 7 1 172
105 7 19 209
128 7 13 209
131 7 43 172
146 7 1 209
169 7 27 209
170 7 55 209
182 7 13 7
187 7 7 7
191 7 31 209
207 7 37 209
208 7 49 209
221 7 19 7
227 7 25 7
228 7 43 209
238 7 1 7
240 7 31 7
242 7 39 7
245 7 43 7
262 7 1 116
265 7 55 7
269 7 13 116
271 7 19 116
274 7 43 116
7 95 31 308
15 95 43 308
34 95 19 308
39 95 25 308
65 95 37 308
70 95 55 308
72 95 49 308
73 95 31 246
90 95 25 246
97 95 7 308
113 95 13 308
122 95 1 308
126 95 49 246
156 95 3 246
162 95 49 423
168 95 19 246
191 95 43 246
197 95 13 246
216 95 25 250
222 95 55 246
232 95 45 423
242 95 1 250
250 95 55 423
265 95 37 246
278 95 7 250
287 95 13 250
292 95 31 250
20 25 23 109
23 25 5 109
25 25 29 109
31 81 5 320
39 25 17 109
40 25 11 109
45 25 35 109
49 25 41 109
54 25 47 109
55 81 11 320
56 81 17 320
59 81 9 320
61 81 23 320
66 25 53 109
69 25 59 109
80 81 13 320
84 81 1 320
88 25 1 122
89 25 19 122
92 25 17 122
104 25 11 122
105 81 25 320
109 25 29 122
111 81 3 320
113 81 7 320
115 81 15 320
117 25 47 122
120 25 35 122
127 81 19 320
132 81 21 320
134 25 59 122
146 81 27 320
147 81 29 320
152 25 53 122
164 25 41 122
171 81 31 320
174 25 5 62
181 25 11 62
183 25 17 62
201 25 23 62
204 81 33 320
210 25 29 62
218 81 35 320
221 25 35 62
230 25 47 62
231 25 41 62
236 25 59 62
242 25 5 108
244 25 11 108
245 81 37 320
251 25 53 62
259 81 47 320
262 25 17 108
272 25 23 108
283 25 29 108
292 25 35 108
294 25 47 108
4 96 49 65
17 96 55 65
30 96 3 264
49 96 31 264
50 96 19 264
53 96 43 264
55 96 37 264
65 96 49 264
74 96 55 264
75 96 31 138
77 96 25 264
80 96 19 138
81 96 25 138
97 96 13 276
101 96 7 276
106 96 7 296
130 96 39 138
133 96 37 276
135 96 19 276
139 96 49 138
141 96 1 276
142 96 13 296
151 96 55 138
169 96 49 276
170 96 7 324
173 96 43 138
177 96 43 276
194 96 19 296
199 96 31 276
204 96 25 276
205 96 25 296
220 96 55 276
227 96 33 296
230 96 1 296
236 96 55 296
240 96 43 296
246 96 37 296
249 96 49 296
264 96 13 324
265 96 19 324
270 96 43 324
295 96 37 324
1 73 37 364
4 73 40 364
17 6 22 73
20 73 43 364
24 73 46 364
26 6 13 73
27 6 28 73
30 73 49 364
31 6 16 73
36 6 34 73
41 6 31 73
41 73 52 364
45 73 22 99
47 6 40 73
48 6 25 73
50 73 55 364
55 6 19 73
74 73 16 99
81 6 10 73
87 6 37 73
92 6 46 73
96 6 7 73
105 6 55 73
106 6 1 73
110 6 43 73
115 6 49 73
122 6 7 141
124 73 19 99
144 6 58 73
146 73 31 99
149 6 52 73
154 6 10 141
156 73 58 364
158 6 19 141
162 6 4 73
163 6 39 141
164 6 13 141
165 73 25 99
171 73 34 99
175 73 28 99
184 6 22 141
185 6 16 141
189 6 43 141
192 73 37 99
193 73 49 99
194 73 52 99
205 6 31 141
207 6 25 141
210 73 1 171
213 6 51 141
220 6 28 141
223 6 22 250
225 6 34 141
239 6 55 141
241 6 19 250
246 6 46 141
253 73 43 99
259 73 55 99
274 73 19 171
276 73 58 99
287 73 55 115
293 6 37 250
294 6 55 250
296 73 46 99
300 73 40 99
8 67 31 265
12 67 19 265
21 67 13 265
38 67 25 265
56 67 10 265
77 67 7 265
88 67 16 265
102 67 3 265
114 67 22 265
130 67 34 265
147 67 37 265
150 67 28 265
153 67 40 265
184 67 49 265
198 67 45 265
204 67 55 265
207 67 7 294
222 67 19 294
244 67 31 294
256 67 1 294
260 67 58 265
263 67 52 265
268 67 10 294
279 67 13 294
298 67 46 294
300 67 4 294
2 89 22 318
23 72 10 415
38 89 11 318
52 89 7 318
60 89 29 318
62 72 4 415
66 72 19 415
71 89 1 318
74 72 7 415
75 89 5 318
79 72 1 415
82 72 17 415
87 89 17 318
92 72 13 415
93 89 13 318
95 89 19 318
110 89 15 318
115 89 9 318
120 72 15 415
121 89 3 318
124 72 25 415
124 89 27 318
127 89 31 318
155 89 25 318
157 89 33 318
166 89 35 318
171 89 37 318
186 89 43 318
191 72 23 415
192 72 21 415
195 89 39 318
203 89 45 318
210 72 31 415
211 89 41 318
212 72 35 415
213 72 37 415
223 89 59 318
226 89 47 318
239 89 53 318
242 89 49 318
245 72 33 415
248 89 51 318
250 72 27 415
252 72 29 415
252 89 39 415
261 72 41 415
263 89 55 318
268 89 43 415
281 89 47 415
283 72 53 415
288 72 59 415
296 72 51 415
296 89 57 318
299 89 45 415
28 54 31 267
31 54 37 267
33 54 25 267
44 54 43 267
64 54 49 267
67 54 55 267
68 54 31 225
77 54 37 225
90 54 55 225
95 54 43 225
99 54 55 182
100 54 13 267
106 54 13 268
107 54 49 225
108 54 7 267
114 54 1 267
115 54 21 267
121 54 7 268
134 54 25 268
140 54 1 268
148 54 19 268
149 54 31 268
176 54 45 268
199 54 7 417
201 54 13 417
205 54 37 268
225 54 49 268
235 54 57 268
248 54 31 417
262 54 37 417
265 54 1 417
267 54 19 417
282 54 55 417
284 54 49 417
287 54 1 63
289 54 31 63
295 54 13 63
296 54 19 63
300 54 25 417
1 49 28 152
2 49 25 152
3 49 37 152
10 49 40 152
11 49 31 152
21 49 34 152
32 49 43 152
33 49 49 152
35 49 16 152
41 49 46 152
44 49 52 152
63 49 4 152
85 49 7 152
94 49 55 152
95 49 58 152
104 49 1 152
125 49 21 152
144 49 10 152
145 49 1 428
153 49 19 428
158 49 10 428
175 49 13 152
186 49 7 428
195 49 16 428
209 49 25 428
217 49 4 428
221 49 13 428
237 49 22 428
238 49 7 32
254 49 52 428
276 49 28 428
292 49 40 428
293 49 49 428
6 47 23 129
11 106 29 55
16 106 5 8
16 47 16 129
22 106 35 55
23 47 19 129
25 47 3 129
28 106 41 55
29 106 11 8
30 106 17 8
40 106 17 55
41 47 1 129
58 106 47 55
65 106 5 55
69 106 53 55
76 106 11 55
80 47 5 129
81 47 13 129
100 106 19 55
100 47 10 129
107 106 59 55
112 47 31 129
118 106 11 211
121 106 5 211
126 47 28 129
131 106 17 211
131 47 25 129
135 106 23 211
138 47 7 129
139 47 21 129
147 47 35 129
158 106 29 211
161 106 35 211
162 106 41 211
165 106 53 211
189 47 41 129
192 106 47 211
192 47 33 129
195 47 37 129
197 106 59 211
214 47 39 129
240 106 10 275
240 47 47 129
246 106 13 275
247 47 53 129
250 106 17 275
252 106 15 275
253 106 19 275
261 106 21 275
263 106 29 275
263 47 49 129
268 47 45 129
281 47 55 129
284 106 23 275
285 106 34 275
287 47 58 129
290 106 40 275
299 47 43 129
8 33 37 319
16 33 31 319
33 33 55 319
55 33 43 319
57 33 19 319
61 33 37 175
104 33 13 319
112 33 9 319
132 33 1 319
136 33 1 175
146 33 19 175
155 33 49 319
201 33 25 319
204 33 13 175
234 33 43 175
241 33 3 307
250 33 43 307
253 33 7 175
263 33 31 175
276 33 49 175
283 33 25 175
294 33 13 307
2 74 45 310
10 74 43 33
24 74 28 225
40 74 35 225
53 74 17 225
78 74 41 225
85 74 47 225
110 74 53 225
120 74 59 225
123 74 5 319
148 74 7 319
155 74 17 319
173 74 23 319
187 74 29 319
213 74 35 319
235 74 41 319
240 74 53 319
263 74 59 319
279 74 47 319
1 26 43 275
17 26 37 423
19 26 49 275
33 26 31 28
41 26 55 275
48 26 49 19
50 26 49 28
54 26 25 275
61 26 55 317
64 26 55 12
72 26 55 19
95 26 25 28
98 26 31 239
108 26 13 28
109 26 19 28
111 26 43 19
112 26 37 28
137 26 1 28
139 26 31 377
164 26 7 28
168 26 45 28
174 26 37 239
183 26 13 239
187 26 19 239
191 26 1 239
208 26 55 28
212 26 7 239
218 26 49 239
219 26 7 377
224 26 43 239
225 26 13 377
234 26 1 377
260 26 43 377
262 26 7 199
267 26 57 239
273 26 49 377
278 26 57 377
282 26 19 377
284 26 13 199
300 26 33 199
6 101 52 335
21 101 58 335
26 101 40 251
56 101 46 251
59 101 43 251
64 101 34 251
75 101 49 251
93 101 55 251
102 101 52 251
108 101 4 426
119 101 58 251
123 101 1 426
129 101 13 426
135 101 16 426
147 101 22 426
154 101 7 426
157 101 19 426
160 101 49 426
168 101 10 426
172 101 25 426
175 101 31 426
180 101 39 426
181 101 34 426
187 101 13 88
201 101 58 426
208 101 1 88
211 101 28 426
220 101 52 426
227 101 55 426
229 101 45 426
243 101 4 88
246 101 7 88
259 101 10 88
262 101 25 88
271 101 16 88
277 101 31 88
285 101 19 88
8 103 43 320
19 103 39 320
23 103 49 320
31 103 55 320
32 103 52 320
44 103 58 320
58 103 31 29
59 103 46 29
65 103 34 29
66 103 22 277
78 103 37 29
104 103 43 29
108 103 31 242
109 103 55 29
116 103 49 29
140 103 58 29
145 103 46 65
151 103 4 242
152 103 1 242
154 103 40 29
155 103 7 242
156 103 52 29
164 103 25 242
166 103 10 242
177 103 16 242
180 103 22 242
189 103 13 242
203 103 28 242
206 103 19 242
219 103 34 242
220 103 1 321
228 103 37 242
238 103 10 321
252 103 46 242
259 103 49 242
262 103 43 242
264 103 52 242
269 103 40 242
278 103 4 321
289 103 22 321
294 103 19 321
297 103 31 321
17 17 29 172
21 17 41 172
40 105 47 134
41 17 5 172
46 105 49 134
72 17 35 172
73 17 23 172
75 17 11 172
76 105 53 134
88 105 59 134
91 105 59 348
98 105 55 134
100 17 17 172
103 105 57 134
105 105 41 218
113 105 31 184
113 17 53 172
115 105 53 218
119 17 5 20
121 17 47 172
125 17 59 172
128 17 17 20
129 105 59 218
144 17 23 20
145 17 11 20
147 105 1 364
153 105 47 218
153 17 29 20
160 17 35 20
165 105 11 364
167 105 17 364
168 17 41 20
169 105 23 364
170 17 53 20
172 105 29 364
175 17 59 20
177 17 47 20
180 17 5 250
183 105 35 364
186 17 11 250
194 105 5 421
196 105 11 421
197 17 17 250
198 105 23 421
199 105 17 421
199 17 29 250
203 105 35 421
207 17 35 250
208 105 41 421
215 17 41 250
216 105 29 421
222 17 43 250
224 17 47 250
226 105 53 421
228 105 47 421
233 17 49 250
234 17 59 250
245 105 59 421
245 17 51 250
248 105 7 44
251 105 5 56
258 17 45 250
260 17 53 250
265 105 11 56
272 17 5 256
279 105 17 56
280 17 11 256
282 17 17 256
285 17 23 256
52 59 55 183
58 59 15 25
74 59 31 25
89 59 25 25
103 59 43 25
116 59 55 25
137 59 7 61
141 59 13 61
145 59 19 61
157 59 37 25
161 59 1 61
165 59 31 61
181 59 1 297
183 59 25 61
187 59 25 297
192 59 55 61
193 59 7 297
195 59 45 61
202 59 31 297
214 59 43 259
225 59 37 61
231 59 57 175
236 59 1 366
240 59 13 297
246 59 49 25
248 59 39 297
251 59 43 297
255 59 49 61
257 59 57 259
266 59 55 297
11 28 25 408
34 28 31 408
42 28 19 408
54 28 34 408
55 28 22 408
57 28 28 408
75 28 37 408
86 28 1 408
91 28 7 408
101 28 58 408
116 28 13 408
117 28 10 408
138 28 4 408
149 28 40 408
156 28 16 408
158 28 52 408
162 28 43 408
174 28 46 408
182 28 49 408
208 28 31 56
211 28 55 408
213 28 57 56
239 28 1 106
243 28 7 106
266 28 43 56
271 28 25 106
278 28 49 56
288 28 34 56
291 28 52 56
296 28 4 106
7 113 43 237
9 113 40 237
12 61 22 189
23 113 52 237
25 61 31 189
27 113 46 237
42 113 43 439
44 113 49 237
51 113 55 237
51 61 7 189
52 113 46 439
68 61 4 189
73 61 1 189
77 113 58 237
78 113 49 439
80 61 37 189
86 113 37 439
87 113 55 439
93 113 58 439
98 61 28 189
100 113 1 357
102 61 10 189
113 113 33 357
114 113 7 357
115 61 40 189
118 113 16 357
141 61 25 189
145 113 4 357
158 113 22 357
166 61 46 189
168 61 55 189
172 61 13 189
181 113 13 357
185 61 19 189
188 113 19 357
189 113 55 357
190 113 43 357
192 113 25 357
197 113 46 357
199 61 58 189
212 113 1 391
214 61 34 189
226 61 58 141
229 61 16 189
237 61 37 275
243 61 1 301
255 113 10 357
257 113 4 391
260 113 37 357
269 61 43 189
272 113 28 357
277 113 40 357
282 113 52 357
295 113 58 357
18 4 49 321
32 4 37 321
43 4 43 321
53 4 55 321
66 4 25 321
68 4 25 391
76 4 37 391
77 4 31 391
80 4 49 391
84 4 7 391
96 4 27 105
97 4 31 428
115 4 55 391
123 4 43 391
135 4 37 105
149 4 19 391
169 4 13 321
173 4 19 105
177 4 1 105
193 4 13 391
206 4 1 243
210 4 13 105
225 4 7 105
240 4 25 171
242 4 43 428
250 4 1 323
256 4 13 106
261 4 49 105
273 4 13 171
286 4 19 106
289 4 37 106
5 88 43 405
24 88 25 405
39 88 22 405
51 88 13 405
53 88 19 405
56 88 31 405
61 88 4 405
66 88 34 405
67 88 37 405
104 88 28 405
122 88 46 405
127 88 16 405
139 88 4 406
140 88 49 405
152 88 13 406
158 88 40 405
159 88 16 406
161 88 7 405
165 88 1 405
167 88 52 405
175 88 1 406
177 88 7 406
179 88 19 406
188 88 22 406
234 88 28 406
235 88 34 406
240 88 37 406
246 88 55 405
251 88 25 406
252 88 10 406
266 88 31 406
286 88 52 406
8 78 53 76
29 78 43 265
39 78 59 76
50 78 11 132
54 78 23 132
66 78 29 132
72 78 41 132
78 78 1 265
80 78 47 132
88 78 35 132
99 78 53 132
116 78 16 294
130 78 59 132
156 78 23 294
164 78 28 294
176 78 25 294
193 78 34 294
203 78 37 294
211 78 39 294
246 78 43 294
253 78 49 294
258 78 59 294
291 78 55 294
292 78 51 294
Điểm tối ưu: 3599
Thời gian: 0.805475 giây
Trạng thái: GREEDY_DONE
