533
5 1 1 1
7 1 4 1
10 1 7 1
13 1 10 1
15 1 13 1
19 1 16 1
20 1 19 1
25 1 22 1
27 1 25 1
28 1 28 1
32 1 31 1
35 1 34 1
43 1 37 1
47 1 40 1
49 1 43 1
1 17 1 54
2 19 1 7
3 17 7 54
4 17 13 54
4 19 7 7
8 17 19 54
10 19 13 7
11 19 19 7
12 17 25 54
12 19 31 7
14 17 31 54
14 19 25 7
15 17 37 54
15 19 43 7
17 19 37 7
18 17 43 54
19 19 49 7
20 17 49 54
21 17 55 54
21 19 1 52
22 19 55 7
23 17 1 72
23 19 7 52
24 17 7 72
24 19 13 52
25 17 13 72
26 17 19 72
27 19 19 52
28 17 31 72
29 17 25 72
31 17 37 72
32 19 25 52
33 19 31 52
35 17 43 72
37 17 49 72
39 19 37 52
41 19 43 52
42 19 49 52
43 19 55 52
44 17 55 72
1 12 7 2
3 8 1 70
3 12 4 2
4 12 1 2
5 8 4 70
5 12 10 2
6 8 7 70
6 12 13 2
7 8 10 70
8 8 13 70
8 12 16 2
9 8 16 70
9 12 19 2
10 12 22 2
11 8 25 70
12 8 19 70
13 8 22 70
13 12 25 2
14 8 37 70
15 12 28 2
16 12 31 2
17 12 34 2
19 8 28 70
19 12 37 2
20 8 31 70
21 8 34 70
21 12 40 2
22 8 40 70
22 12 43 2
23 12 46 2
24 8 43 70
24 12 49 2
25 8 46 70
25 12 52 2
26 12 55 2
28 8 49 70
29 8 52 70
29 12 58 2
30 12 1 13
31 12 4 13
32 8 55 70
32 12 7 13
33 8 58 70
33 12 10 13
34 8 1 28
34 12 13 13
35 8 4 28
35 12 16 13
36 8 7 28
36 12 19 13
37 8 10 28
38 8 13 28
38 12 22 13
40 8 16 28
41 8 19 28
41 12 25 13
42 8 22 28
42 12 28 13
43 8 25 28
44 8 28 28
44 12 31 13
45 12 34 13
47 12 37 13
48 8 31 28
48 12 40 13
49 12 46 13
50 12 43 13
2 14 5 8
4 14 11 8
5 14 7 8
6 14 1 8
7 14 13 8
12 14 3 8
13 14 15 8
14 14 9 8
15 14 17 8
16 14 19 8
20 14 22 8
23 14 25 8
24 14 27 8
25 14 29 8
26 14 31 8
27 14 33 8
28 14 35 8
32 14 37 8
33 14 39 8
34 14 41 8
35 14 47 8
36 14 43 8
37 14 45 8
39 14 49 8
40 14 51 8
42 14 53 8
44 14 59 8
45 14 55 8
46 14 57 8
47 14 1 3
48 14 3 3
49 14 5 3
50 14 7 3
1 4 10 59
1 10 13 51
2 4 7 59
2 10 10 51
3 4 13 59
3 10 16 51
4 4 4 59
4 10 19 51
6 4 16 59
6 10 3 51
7 4 1 59
8 4 25 59
8 10 7 51
9 4 22 59
10 4 19 59
10 10 25 51
11 10 28 51
12 4 37 59
12 10 22 51
13 10 31 51
14 4 40 59
14 10 43 51
15 10 34 51
16 4 28 59
16 10 37 51
17 10 46 51
19 10 40 51
20 10 55 51
21 4 31 59
21 10 49 51
22 4 34 59
22 10 52 51
23 4 43 59
24 10 58 51
26 4 46 59
26 10 9 3
27 4 49 59
27 10 13 3
28 10 16 3
29 4 55 59
29 10 19 3
30 4 52 59
30 10 22 3
31 10 25 3
32 10 34 3
33 4 49 13
33 10 28 3
34 4 58 59
35 10 31 3
37 10 37 3
38 4 52 13
38 10 40 3
39 4 55 13
40 10 43 3
41 4 58 13
41 10 49 3
43 10 46 3
45 10 52 3
47 10 55 3
48 10 58 3
1 13 19 22
2 3 13 34
3 3 19 34
3 13 25 22
4 3 25 34
5 3 31 34
5 13 13 22
6 3 37 34
6 13 31 22
8 3 1 34
9 3 7 34
9 13 1 22
10 13 37 22
11 3 43 34
11 13 7 22
13 13 43 22
14 3 49 34
15 13 49 22
16 13 55 22
17 3 55 34
18 3 1 24
18 13 7 36
19 3 7 24
19 13 1 36
20 13 13 36
22 3 13 24
22 13 19 36
23 13 27 36
24 13 31 36
25 3 25 24
25 13 37 36
27 3 37 24
29 3 31 24
30 3 43 24
30 13 55 36
31 3 19 24
31 13 43 36
32 13 49 36
33 3 1 5
34 3 49 24
37 3 55 24
38 3 7 5
40 3 19 5
42 3 13 5
43 3 31 5
45 3 25 5
46 3 37 5
47 3 43 5
49 3 49 5
50 3 55 5
1 9 16 44
2 9 19 44
3 9 31 44
7 9 7 44
8 9 10 44
9 9 13 44
11 9 1 44
12 9 40 44
13 9 4 44
15 9 22 44
17 9 25 44
18 9 28 44
20 9 34 44
22 9 37 44
23 9 49 44
24 9 46 44
26 9 43 44
28 9 52 44
29 9 1 37
31 9 55 44
32 9 58 44
33 9 7 37
34 9 4 37
35 9 10 37
36 9 13 37
37 9 16 37
38 9 19 37
39 9 22 37
40 9 25 37
41 9 28 37
45 9 31 37
49 9 34 37
1 18 5 15
2 18 17 15
2 20 23 22
3 20 11 22
4 20 17 22
5 18 19 15
5 20 29 22
6 18 10 15
6 20 35 22
7 18 15 15
7 20 41 22
8 18 23 15
8 20 5 22
9 20 47 22
10 20 53 22
11 18 13 15
12 18 1 15
13 18 7 15
13 20 59 22
14 20 46 37
15 20 41 37
16 20 43 37
17 18 3 15
17 20 49 37
18 20 37 37
20 18 25 15
21 18 21 15
21 20 52 37
22 18 27 15
22 20 59 37
23 18 31 15
24 20 39 37
25 18 33 15
25 20 55 37
26 18 29 15
26 20 5 72
27 18 35 15
27 20 57 37
28 18 37 15
29 18 39 15
29 20 11 72
30 20 17 72
31 18 41 15
32 18 43 15
32 20 23 72
34 18 45 15
34 20 29 72
35 20 41 72
36 20 35 72
37 18 47 15
37 20 53 72
38 20 47 72
39 18 51 15
39 20 59 72
41 18 53 15
42 18 55 15
44 18 49 15
45 18 57 15
46 18 59 15
47 18 3 63
48 18 1 63
50 18 5 63
1 6 25 58
2 5 25 74
2 6 31 58
3 5 37 74
4 5 31 74
4 6 37 58
5 5 21 74
5 6 43 58
6 5 43 74
7 5 49 74
9 5 55 74
9 6 49 58
10 5 1 74
11 5 15 74
12 5 7 74
13 6 55 58
14 5 1 58
14 6 13 58
16 5 7 58
17 5 19 58
17 6 7 43
18 6 13 43
19 6 19 43
20 6 1 43
21 6 25 43
23 6 33 43
25 6 57 43
27 6 43 43
28 6 39 43
30 6 37 28
33 6 43 28
35 6 49 43
36 6 49 28
38 6 55 28
1 16 23 30
2 16 29 30
4 16 35 30
5 16 17 30
7 16 19 30
10 16 5 30
11 16 11 30
13 16 1 30
15 16 3 30
16 16 13 30
17 16 15 30
18 16 21 30
19 16 25 30
20 16 7 30
21 16 9 30
23 16 37 30
25 16 31 30
27 16 41 30
28 16 43 30
29 16 45 30
30 16 27 30
31 16 33 30
35 16 39 30
36 16 47 30
37 16 59 30
38 16 49 30
40 16 53 30
43 16 51 30
44 16 1 64
45 16 3 64
46 16 55 30
47 16 5 64
50 16 9 64
1 2 31 6
2 2 37 6
8 2 28 6
11 2 4 6
12 2 13 6
16 2 1 6
18 2 25 6
22 2 7 6
26 2 16 6
30 2 10 6
31 2 49 6
36 2 22 6
37 2 19 6
38 2 34 6
39 2 43 6
40 2 40 6
44 2 46 6
50 2 52 6
1 11 29 50
1 15 34 61
3 15 23 61
4 11 22 50
5 11 25 50
6 15 19 61
7 11 17 50
7 15 21 61
8 15 31 61
9 11 5 50
9 15 11 61
10 11 10 50
10 15 17 61
11 11 31 50
11 15 37 61
12 15 5 61
13 15 13 61
14 11 7 50
14 15 29 61
15 11 1 50
15 15 7 61
16 11 15 50
16 15 25 61
17 11 13 50
17 15 1 61
18 11 19 50
18 15 39 61
19 11 33 50
19 15 43 61
20 11 27 50
21 11 37 50
22 15 3 61
23 11 39 50
25 11 3 50
26 11 35 50
26 15 27 61
27 11 47 50
28 15 9 61
29 15 15 61
30 11 41 50
31 11 52 50
31 15 47 61
32 11 45 50
32 15 41 61
33 11 55 50
34 11 43 50
34 15 53 61
35 11 57 50
35 15 55 61
36 15 45 61
39 11 34 28
39 15 5 52
40 11 49 50
40 15 57 61
41 11 41 28
42 11 59 50
44 11 53 28
45 11 47 28
46 15 49 61
47 11 59 28
47 15 51 61
48 15 11 52
3 7 29 35
6 7 21 35
7 7 23 35
8 7 33 35
9 7 25 35
10 7 31 35
12 7 11 35
16 7 4 35
18 7 17 35
19 7 13 35
21 7 7 35
23 7 15 35
24 7 1 35
28 7 19 35
29 7 9 35
30 7 35 35
31 7 58 35
33 7 37 35
36 7 27 35
37 7 40 35
39 7 46 35
40 7 55 35
42 7 43 35
43 7 49 35
46 7 51 35
49 7 53 35
50 7 11 24
Điểm tối ưu: 533
Thời gian: 0.036739 giây
Trạng thái: GREEDY_DONE
