2400
5 47 1 160
6 47 7 160
9 47 13 160
20 47 19 160
30 47 25 160
39 47 31 160
41 47 37 160
46 47 43 160
50 47 49 160
58 47 55 160
64 47 1 207
92 47 7 207
110 47 13 207
114 47 19 207
117 47 25 207
122 47 31 207
125 47 37 207
130 47 43 207
136 47 49 207
150 47 55 207
154 47 1 276
155 47 7 276
158 47 13 276
161 47 19 276
164 47 25 276
165 47 31 276
167 47 37 276
182 47 43 276
184 47 49 276
193 47 55 276
3 31 1 107
10 31 3 107
14 31 5 107
26 31 7 107
27 31 9 107
31 31 11 107
36 31 13 107
37 31 15 107
47 31 17 107
62 31 19 107
70 31 21 107
73 31 23 107
77 31 25 107
80 31 27 107
83 31 29 107
86 31 31 107
89 31 33 107
95 31 35 107
96 31 37 107
101 31 39 107
104 31 41 107
113 31 43 107
125 31 45 107
129 31 47 107
131 31 49 107
133 31 51 107
136 31 53 107
140 31 55 107
143 31 57 107
146 31 59 107
150 31 1 64
152 31 3 64
160 31 5 64
173 31 7 64
180 31 9 64
193 31 11 64
195 31 13 64
12 46 1 268
18 46 7 268
22 46 13 268
40 46 19 268
53 46 25 268
55 46 31 268
58 46 37 268
65 46 43 268
69 46 49 268
84 46 55 268
88 46 1 131
103 46 7 131
104 46 13 131
105 46 19 131
112 46 25 131
114 46 31 131
115 46 37 131
116 46 43 131
134 46 49 131
137 46 55 131
145 46 1 246
147 46 7 246
149 46 13 246
152 46 19 246
154 46 25 246
155 46 31 246
163 46 37 246
167 46 43 246
169 46 49 246
186 46 55 246
196 46 1 70
197 46 7 70
5 41 7 275
7 41 1 275
12 41 13 275
22 41 19 275
47 41 25 275
52 41 31 275
54 41 37 275
60 41 43 275
61 41 49 275
71 41 55 275
72 41 1 27
82 41 7 27
94 41 13 27
96 41 19 27
100 41 25 27
111 41 31 27
113 41 37 27
120 41 43 27
125 41 49 27
131 41 55 27
143 41 1 102
146 41 7 102
147 41 13 102
150 41 19 102
154 41 31 102
163 41 25 102
178 41 37 102
182 41 49 102
184 41 43 102
189 41 55 102
190 41 1 176
199 41 7 176
1 38 1 293
2 38 4 293
12 38 7 293
21 36 1 17
27 36 4 17
28 36 7 17
29 36 10 17
34 36 13 17
37 38 10 293
43 38 13 293
52 36 16 17
52 38 19 293
54 38 16 293
55 36 19 17
61 36 22 17
62 38 22 293
66 38 25 293
67 36 25 17
74 36 28 17
79 36 31 17
80 38 31 293
84 36 34 17
88 38 28 293
90 36 37 17
93 38 34 293
99 38 37 293
100 36 40 17
116 38 40 293
125 36 55 17
126 38 43 293
128 36 43 17
129 38 49 293
136 38 46 293
137 38 52 293
145 36 46 17
146 36 49 17
146 38 55 293
150 36 52 17
151 36 58 17
152 38 58 293
153 36 1 11
153 38 4 90
154 36 7 11
157 36 4 11
158 36 10 11
160 36 13 11
161 36 16 11
162 36 19 11
162 38 1 90
165 38 7 90
173 38 10 90
174 38 13 90
185 36 22 11
187 36 25 11
188 36 28 11
189 38 16 90
190 36 31 11
198 36 34 11
10 43 1 36
14 74 1 110
14 43 3 36
15 74 3 110
15 43 5 36
16 74 5 110
17 74 7 110
19 43 7 36
20 74 9 110
20 43 11 36
26 74 11 110
27 74 13 110
28 43 13 36
31 43 9 36
33 43 15 36
35 74 15 110
35 43 17 36
37 74 17 110
40 43 23 36
41 43 19 36
44 74 19 110
44 43 21 36
46 43 25 36
48 43 27 36
54 43 29 36
58 74 21 110
61 74 25 110
63 43 31 36
71 74 23 110
73 43 33 36
74 74 31 110
78 43 35 36
84 74 27 110
91 43 37 36
95 74 29 110
100 43 43 36
101 43 41 36
103 43 39 36
112 43 45 36
116 43 47 36
117 43 49 36
117 74 33 110
118 43 51 36
131 74 35 110
133 43 53 36
135 74 37 110
136 43 55 36
143 74 39 110
155 74 41 110
156 43 57 36
160 74 43 110
162 74 45 110
164 74 47 110
170 43 59 36
173 74 49 110
176 74 51 110
176 43 1 39
177 43 3 39
179 43 5 39
188 74 53 110
188 43 7 39
189 74 59 110
192 74 55 110
195 43 9 39
199 74 57 110
3 33 3 226
3 5 7 161
4 5 1 161
5 5 13 161
30 5 19 161
32 5 25 161
38 33 7 226
39 5 37 161
41 5 31 161
42 5 43 161
44 33 13 226
45 33 19 226
46 33 27 226
51 33 31 226
59 5 49 161
64 5 55 161
68 33 37 226
69 33 43 226
70 5 1 32
72 33 49 226
80 5 7 32
81 5 13 32
85 33 55 226
86 33 1 68
86 5 19 32
87 5 25 32
89 5 37 32
94 33 7 68
95 33 13 68
100 5 31 32
107 5 43 32
113 5 49 32
114 5 55 32
120 5 1 162
121 33 19 68
121 5 7 162
124 5 13 162
128 33 25 68
130 5 19 162
140 33 31 68
141 5 25 162
147 5 31 162
149 33 37 68
149 5 43 162
150 33 43 68
150 5 37 162
151 33 49 68
160 33 55 68
161 33 1 198
162 33 7 198
166 33 13 198
169 5 55 162
172 5 49 162
173 33 19 198
174 33 25 198
175 33 31 198
183 5 1 165
190 33 37 198
190 5 7 165
192 33 43 198
192 5 13 165
197 33 49 198
197 5 19 165
2 67 1 15
3 17 13 53
4 67 7 15
6 17 1 53
8 3 1 263
9 67 4 15
11 67 10 15
11 75 1 78
12 3 10 263
15 75 7 78
16 75 10 78
17 3 4 263
17 75 13 78
19 67 13 15
19 75 4 78
20 3 13 263
21 67 16 15
23 67 19 15
27 67 22 15
29 67 25 15
29 17 4 53
30 17 7 53
33 67 28 15
34 75 16 78
37 67 31 15
38 67 34 15
39 67 43 15
40 75 25 78
41 75 21 78
42 3 7 263
45 3 16 263
48 67 37 15
50 67 40 15
51 67 46 15
51 3 19 263
52 3 22 263
53 67 49 15
55 17 10 53
61 75 28 78
62 17 16 53
67 17 19 53
68 17 22 53
69 67 55 15
70 17 25 53
78 67 52 15
83 17 31 53
84 67 1 142
84 75 31 78
84 17 37 53
90 17 28 53
92 75 34 78
92 17 40 53
93 67 58 15
94 17 34 53
95 17 43 53
96 67 4 142
97 67 7 142
103 75 43 78
104 67 10 142
104 17 46 53
106 67 13 142
106 75 37 78
107 75 40 78
107 17 49 53
108 67 16 142
109 75 46 78
110 17 52 53
111 67 19 142
113 3 25 263
115 3 28 263
115 17 55 53
118 75 55 78
120 17 58 53
122 67 22 142
123 67 25 142
129 3 31 263
130 3 34 263
131 17 37 11
132 3 37 263
135 67 28 142
136 67 31 142
136 75 58 78
137 67 34 142
138 75 49 78
138 17 40 11
142 17 43 11
146 3 40 263
158 75 52 78
160 17 46 11
165 17 49 11
166 17 52 11
169 67 37 142
170 75 1 89
171 3 43 263
172 67 40 142
173 3 46 263
175 67 43 142
175 75 4 89
175 17 55 11
183 17 58 11
185 67 46 142
185 3 49 263
185 75 7 89
187 75 10 89
191 17 1 159
194 17 4 159
195 67 49 142
195 3 52 263
200 3 55 263
1 11 4 85
4 11 10 85
16 11 1 85
18 11 13 85
32 11 7 85
38 11 15 85
49 11 17 85
60 11 19 85
61 11 31 85
63 11 21 85
70 11 23 85
71 11 25 85
74 11 33 85
77 11 27 85
80 11 29 85
120 11 35 85
137 11 37 85
138 11 43 85
151 11 39 85
157 11 41 85
168 11 45 85
186 11 47 85
187 11 49 85
195 11 55 85
196 11 51 85
198 11 53 85
200 11 58 85
13 42 1 109
19 42 9 109
28 42 15 109
30 42 31 109
36 42 19 109
43 42 25 109
47 42 37 109
50 42 43 109
52 42 49 109
60 42 55 109
64 42 7 151
72 42 13 151
89 42 1 151
101 42 19 151
107 42 25 151
109 42 31 151
117 42 37 151
120 42 49 151
124 42 43 151
125 42 1 169
126 42 55 151
128 42 7 169
142 42 13 169
145 42 19 169
151 42 25 169
154 42 37 169
157 42 31 169
178 42 43 169
180 42 49 169
181 42 55 169
182 42 1 280
188 42 9 280
198 42 13 280
199 42 19 280
2 2 7 192
3 2 16 192
6 2 4 192
10 57 7 18
13 57 10 18
15 76 10 99
16 2 13 192
21 2 10 192
22 57 1 18
24 2 1 192
25 57 4 18
26 76 1 99
28 76 4 99
31 57 13 18
32 2 19 192
32 57 16 18
33 57 19 18
34 57 22 18
37 57 25 18
47 76 7 99
49 76 13 99
49 57 28 18
54 76 19 99
56 57 31 18
60 2 22 192
63 57 34 18
64 57 37 18
65 76 16 99
79 2 25 192
79 76 22 99
81 76 25 99
85 2 28 192
87 2 31 192
87 57 40 18
89 76 28 99
90 57 43 18
96 2 34 192
100 76 37 99
101 57 46 18
107 76 31 99
108 2 37 192
109 76 40 99
111 57 49 18
117 76 43 99
119 76 34 99
120 57 55 18
126 2 40 192
127 57 52 18
131 76 46 99
133 76 55 99
135 57 58 18
137 2 43 192
139 57 1 262
140 57 4 262
141 57 7 262
144 57 10 262
145 57 13 262
147 57 19 262
148 76 49 99
151 57 16 262
153 2 46 192
155 76 52 99
157 2 49 192
157 76 58 99
157 57 22 262
161 57 25 262
164 2 52 192
172 2 55 192
172 57 28 262
174 2 58 192
175 57 37 262
177 76 7 72
180 2 1 48
181 57 31 262
182 2 7 48
183 2 10 48
186 2 4 48
186 57 34 262
188 76 1 72
194 2 13 48
195 57 40 262
198 57 43 262
199 2 16 48
2 44 10 168
3 40 11 164
8 40 4 164
10 40 13 164
14 44 7 168
16 44 3 168
18 44 1 168
19 40 1 164
24 40 7 164
35 44 5 168
40 40 9 164
42 44 13 168
55 40 15 164
56 44 15 168
64 40 17 164
67 40 22 164
68 40 19 164
71 40 27 164
76 44 17 168
78 44 19 168
80 44 21 168
85 40 25 164
85 44 23 168
91 40 29 164
94 40 31 164
106 44 25 168
109 44 27 168
111 40 35 164
121 40 33 164
123 40 37 164
127 40 39 164
132 44 29 168
134 40 41 164
136 44 34 168
137 40 46 164
137 44 31 168
141 44 37 168
144 40 43 164
144 44 39 168
157 40 52 164
159 40 49 164
159 44 41 168
162 40 55 164
163 40 57 164
164 40 59 164
165 40 1 252
165 44 43 168
168 40 3 252
171 40 5 252
172 44 45 168
175 40 7 252
182 44 47 168
186 44 49 168
190 40 11 252
194 44 51 168
2 55 13 135
5 55 19 135
7 55 7 135
11 7 13 19
19 7 19 19
22 55 25 135
38 55 1 135
41 7 1 19
59 55 31 135
63 7 7 19
63 55 37 135
66 7 31 19
68 7 25 19
72 55 43 135
85 55 49 135
91 55 55 135
95 7 37 19
95 55 1 282
96 7 43 19
100 7 49 19
102 55 7 282
106 7 55 19
117 7 1 221
118 7 7 221
120 7 13 221
122 55 13 282
126 7 19 221
128 7 31 221
132 7 25 221
132 55 19 282
136 55 25 282
160 7 37 221
160 55 31 282
162 7 49 221
163 7 43 221
168 7 55 221
168 55 37 282
170 55 43 282
175 55 49 282
189 7 1 194
192 55 57 282
196 55 7 175
1 59 7 16
2 59 19 16
3 10 19 57
4 10 13 57
8 68 7 225
18 10 3 57
18 14 15 118
19 68 16 225
19 14 25 118
20 14 1 118
20 59 4 16
21 10 7 57
22 10 10 57
23 10 16 57
24 59 10 16
25 59 1 16
26 68 4 225
27 14 19 118
29 59 13 16
30 10 37 57
31 10 22 57
32 10 31 57
32 59 22 16
33 14 4 118
34 10 25 57
35 68 1 225
40 10 28 57
40 59 16 16
42 14 10 118
45 59 25 16
46 59 31 16
47 14 22 118
48 14 7 118
53 10 34 57
53 59 37 16
56 68 10 225
60 59 28 16
66 68 13 225
66 59 40 16
68 68 31 225
72 68 19 225
73 10 40 57
73 59 43 16
74 68 22 225
74 59 46 16
74 14 37 118
75 14 28 118
80 10 43 57
80 14 34 118
82 68 25 225
86 10 46 57
86 59 34 16
87 10 49 57
90 14 31 118
91 59 49 16
92 68 28 225
93 59 52 16
94 10 52 57
98 68 34 225
98 10 55 57
103 14 46 118
103 59 55 16
105 10 58 57
106 68 40 225
109 59 58 16
113 14 55 118
113 59 1 55
117 10 7 95
118 10 1 95
118 59 4 55
119 14 40 118
121 14 43 118
122 14 49 118
123 14 52 118
124 68 37 225
124 14 58 118
125 59 7 55
127 68 43 225
127 10 4 95
127 59 10 55
130 68 49 225
130 14 1 157
131 68 52 225
132 10 10 95
134 68 46 225
134 10 13 95
136 10 16 95
139 14 4 157
140 59 13 55
143 14 7 157
145 68 55 225
145 14 10 157
147 59 22 55
149 14 19 157
149 59 25 55
151 14 13 157
152 14 16 157
155 10 19 95
155 14 22 157
156 10 22 95
157 59 16 55
158 14 25 157
159 68 58 225
159 59 19 55
160 10 25 95
161 10 28 95
161 59 31 55
167 68 1 82
171 10 31 95
173 10 34 95
174 68 4 82
175 10 40 95
179 59 28 55
179 10 37 95
180 10 43 95
181 10 46 95
182 10 55 95
187 59 34 55
188 10 49 95
190 10 52 95
193 68 7 82
193 10 1 8
194 68 10 82
195 59 37 55
197 59 40 55
198 68 19 82
200 68 13 82
200 59 43 55
2 8 17 1
4 8 5 1
7 8 11 1
37 8 1 1
44 8 3 1
54 8 7 1
76 8 9 1
82 8 13 1
88 8 15 1
91 8 19 1
101 8 23 1
104 8 21 1
118 8 25 1
121 8 27 1
122 8 29 1
123 8 31 1
129 8 34 1
142 8 37 1
148 8 39 1
156 8 41 1
157 8 43 1
169 8 45 1
174 8 47 1
175 8 53 1
180 8 55 1
181 8 49 1
185 8 57 1
191 8 51 1
196 8 59 1
197 8 1 205
1 12 13 29
1 52 19 295
2 53 25 139
3 80 25 144
3 53 31 139
5 80 31 144
7 60 13 248
8 12 19 29
8 53 13 139
10 53 19 139
10 60 25 248
13 80 13 144
14 12 9 29
14 53 37 139
15 29 13 143
17 52 9 295
17 29 19 143
18 80 19 144
19 49 31 285
23 49 1 285
24 53 43 139
25 53 7 139
25 60 19 248
25 29 25 143
26 60 31 248
27 80 37 144
27 52 15 295
28 49 19 285
29 53 49 139
30 52 1 295
30 53 55 139
34 52 31 295
38 49 25 285
38 60 37 248
39 52 25 295
39 53 1 139
39 29 7 143
40 12 1 29
40 60 43 248
41 53 7 297
41 29 43 143
42 52 37 295
42 53 1 297
43 12 31 29
43 52 43 295
43 53 19 297
44 49 7 285
44 29 31 143
45 12 37 29
45 52 49 295
47 53 13 297
49 60 1 248
52 29 1 143
53 12 43 29
54 49 43 285
56 80 1 144
56 49 37 285
56 29 49 143
57 80 7 144
57 29 37 143
58 53 25 297
59 80 43 144
59 29 55 143
60 12 49 29
60 49 13 285
61 53 33 297
62 53 37 297
63 29 1 4
64 60 49 248
65 53 49 297
65 60 7 248
66 80 49 144
68 12 55 29
68 52 1 31
68 29 7 4
69 12 25 29
70 49 49 285
70 60 55 248
71 80 1 274
72 12 7 14
72 52 55 295
72 60 25 94
73 80 55 144
73 53 1 174
74 53 55 297
75 29 13 4
76 80 13 274
77 12 1 14
77 80 7 274
77 49 55 285
78 80 21 274
79 12 13 14
81 52 7 31
82 49 1 87
82 52 15 31
82 60 19 94
83 12 19 14
84 80 43 274
86 12 25 14
87 52 19 31
91 12 31 14
91 49 7 87
91 53 43 297
91 29 21 4
92 80 49 274
92 29 43 4
93 53 7 174
95 80 25 274
96 12 39 14
96 60 7 94
97 49 13 87
97 80 31 274
97 29 25 4
98 12 43 14
99 29 31 4
100 53 13 174
101 80 55 274
102 53 19 174
102 29 37 4
103 12 49 14
105 52 25 31
105 60 1 94
106 12 19 64
106 49 27 87
107 53 55 174
108 52 31 31
108 29 49 4
109 49 19 87
111 60 13 94
112 12 55 14
113 12 15 64
113 80 7 128
114 52 37 31
114 53 25 174
114 29 7 8
116 80 1 128
119 12 25 64
119 29 55 4
121 12 37 64
121 80 13 128
121 29 49 8
125 53 31 174
126 80 25 128
127 12 31 64
130 49 37 87
131 52 1 217
131 29 13 8
132 80 31 128
132 52 43 31
132 60 49 94
135 29 19 8
136 12 1 65
137 49 19 128
140 29 25 8
141 80 39 274
142 12 49 64
142 49 31 87
143 80 43 128
144 12 45 64
145 29 31 8
146 80 1 86
146 53 43 174
150 53 3 240
151 53 7 240
153 12 55 64
153 80 37 128
155 80 55 128
155 49 43 87
156 29 37 8
158 80 19 86
158 60 31 94
158 29 43 8
160 60 1 244
161 49 49 87
163 49 49 128
164 60 37 94
165 12 13 65
165 53 37 174
166 80 7 86
166 60 43 94
167 49 55 87
168 29 7 50
169 53 13 240
171 49 1 179
171 53 49 174
171 60 55 94
171 29 13 50
173 60 13 244
173 29 55 8
175 49 9 179
177 53 19 240
178 12 7 65
178 60 19 244
179 12 19 65
179 80 13 86
179 52 49 31
180 12 25 65
180 60 31 244
182 49 13 179
182 60 25 244
183 53 25 240
184 80 25 86
184 60 7 244
187 80 37 86
188 49 19 179
189 29 19 50
190 53 43 240
191 60 37 244
193 80 31 86
193 49 25 179
193 60 43 244
194 29 25 50
195 53 31 240
196 80 43 86
197 29 3 50
199 29 31 50
200 60 49 244
200 29 37 50
2 66 22 54
4 18 16 103
6 19 13 158
8 66 10 54
11 66 4 54
14 35 13 9
16 19 7 158
17 66 1 54
22 19 4 158
24 19 16 158
25 18 13 103
26 19 19 158
28 19 1 158
30 18 10 103
31 35 1 9
32 18 1 103
33 18 7 103
34 66 7 54
35 19 10 158
36 66 15 54
36 18 4 103
42 18 19 103
43 35 4 9
46 19 22 158
48 18 22 103
49 35 7 9
49 18 25 103
50 18 28 103
51 18 37 103
52 35 10 9
53 35 16 9
59 35 19 9
63 19 25 158
65 35 22 9
67 35 28 9
71 35 31 9
72 19 31 158
73 66 19 54
76 19 28 158
77 35 34 9
78 19 37 158
83 19 34 158
84 35 40 9
84 18 49 103
85 18 31 103
87 66 34 54
90 66 25 54
92 66 31 54
92 18 55 103
92 19 58 158
93 18 40 103
94 35 25 9
94 18 43 103
94 19 40 158
96 66 28 54
97 18 46 103
98 18 52 103
99 18 58 103
101 18 34 103
101 19 43 158
102 19 46 158
103 19 1 2
105 66 37 54
105 19 49 158
110 35 37 9
111 66 40 54
111 19 52 158
111 18 1 116
114 19 4 2
117 66 46 54
117 35 51 9
119 35 43 9
119 19 7 2
126 66 49 54
126 19 10 2
127 66 55 54
129 66 43 54
129 18 4 116
129 19 55 158
135 35 46 9
138 18 7 116
139 35 55 9
139 19 13 2
141 35 58 9
141 18 10 116
142 66 58 54
144 18 13 116
148 18 16 116
148 19 19 2
151 66 1 181
156 66 52 54
156 19 16 2
158 66 4 181
158 18 28 116
159 19 22 2
164 19 31 2
165 19 25 2
167 19 28 2
168 18 19 116
172 66 7 181
172 19 34 2
174 66 10 181
174 35 1 269
176 35 4 269
177 18 25 116
180 66 13 181
181 66 16 181
184 19 37 2
185 18 31 116
187 35 7 269
192 35 10 269
198 35 22 269
200 35 16 269
200 18 22 116
200 19 46 2
7 6 5 10
9 79 1 101
11 6 7 10
13 79 5 101
17 79 16 101
19 79 23 101
20 6 16 10
20 79 7 101
24 79 13 101
32 79 9 101
33 79 11 101
35 79 19 101
43 6 1 10
50 6 3 10
54 6 9 10
55 79 3 101
56 6 13 10
56 79 21 101
68 6 11 10
69 6 19 10
70 79 28 101
77 79 31 101
78 6 25 10
87 79 37 101
99 79 25 101
100 79 35 101
102 6 23 10
102 79 33 101
103 6 21 10
103 79 41 101
104 6 27 10
106 6 31 10
116 6 29 10
118 79 39 101
119 79 46 101
123 79 43 101
130 6 41 10
144 79 49 101
149 79 51 101
154 6 35 10
159 6 33 10
163 6 47 10
176 79 53 101
177 79 55 101
181 79 59 101
183 6 37 10
185 79 1 98
189 6 39 10
12 27 19 67
22 27 31 67
25 27 37 67
28 27 25 67
54 27 1 67
65 27 55 67
68 27 13 67
74 27 7 67
76 27 43 67
78 27 1 270
81 27 49 67
83 27 7 270
90 27 13 270
94 27 19 270
95 27 31 270
98 27 25 270
99 27 43 270
100 27 55 270
104 27 37 270
109 27 49 270
112 27 1 3
134 27 7 3
139 27 19 3
141 27 13 3
146 27 25 3
147 27 37 3
151 27 31 3
152 27 43 3
159 27 51 3
170 27 55 3
179 27 1 52
194 27 19 52
197 27 13 52
200 27 7 52
3 62 22 141
5 62 25 141
6 37 16 13
6 13 19 41
8 62 28 141
9 62 7 141
11 62 19 141
12 62 31 141
13 37 7 13
13 13 22 41
13 58 19 39
17 58 25 39
18 58 28 39
22 62 37 141
23 62 10 141
25 37 31 13
25 62 16 141
26 58 13 39
29 37 1 13
29 13 7 41
29 62 34 141
31 13 4 41
34 13 1 41
34 58 37 39
35 13 25 41
36 37 10 13
36 58 31 39
37 62 3 141
38 58 22 39
40 62 13 141
42 37 22 13
48 37 4 13
50 13 10 41
51 58 16 39
52 13 13 41
54 37 13 13
57 37 19 13
57 62 43 141
58 62 46 141
59 37 25 13
59 62 40 141
61 62 55 141
62 62 49 141
64 58 34 39
65 37 28 13
65 58 40 39
69 58 58 39
71 62 52 141
72 37 34 13
72 58 22 108
74 58 43 39
75 58 46 39
76 62 58 141
78 58 49 39
78 37 40 13
79 37 37 13
80 13 16 41
81 58 55 39
82 62 43 50
83 62 46 50
85 37 43 13
86 13 37 41
88 62 49 50
90 58 52 39
92 13 1 261
93 37 46 13
94 62 55 50
97 62 52 50
98 37 49 13
100 37 1 113
100 13 45 41
104 37 52 13
104 62 58 50
108 58 1 108
110 13 28 41
111 37 55 13
112 37 7 113
112 13 31 41
114 58 13 108
115 58 4 108
115 37 58 13
117 58 10 108
119 58 16 108
120 62 7 182
121 37 4 113
121 13 55 41
125 62 10 182
130 37 10 113
130 62 4 182
133 37 13 113
134 37 16 113
134 58 19 108
137 62 1 182
138 58 25 108
138 62 13 182
140 62 16 182
143 37 19 113
144 37 22 113
147 13 49 41
148 58 7 108
148 62 22 182
151 13 4 261
151 58 43 108
158 58 37 108
159 37 25 113
159 13 7 261
161 13 34 41
162 37 28 113
163 62 19 182
164 37 34 113
165 13 52 41
167 13 10 261
168 62 25 182
169 62 28 182
172 13 58 41
174 37 31 113
177 62 31 182
179 37 40 113
180 13 40 41
181 13 13 261
181 58 28 108
183 58 31 108
184 37 55 113
184 58 34 108
184 62 40 182
186 13 16 261
188 37 37 113
189 13 25 261
190 62 34 182
192 13 19 261
193 13 22 261
193 62 37 182
196 58 40 108
1 22 10 286
2 63 29 76
4 48 19 200
5 48 5 200
5 22 17 286
8 48 17 200
8 63 23 76
9 16 10 40
10 48 10 200
10 21 5 196
10 22 15 286
13 63 17 76
14 63 19 76
18 32 11 148
21 32 4 148
21 48 13 200
23 48 7 200
24 16 4 40
26 21 9 196
26 63 25 76
27 48 1 200
27 22 7 286
27 63 11 76
28 21 11 196
32 63 4 76
34 21 19 196
35 16 7 40
35 63 13 76
36 48 23 200
36 16 1 40
37 63 7 76
42 22 5 286
43 22 23 286
44 32 1 148
44 22 25 286
45 21 1 196
45 22 3 286
46 16 13 40
47 63 1 76
50 32 7 148
51 32 9 148
51 21 3 196
54 32 22 148
54 21 25 196
55 48 25 200
55 21 7 196
55 22 1 286
57 16 15 40
60 21 17 196
61 63 9 76
62 16 25 40
62 63 27 76
64 22 13 286
65 32 13 148
67 22 31 286
68 22 29 286
69 48 3 200
69 21 13 196
71 22 19 286
72 48 29 200
73 48 15 200
73 21 27 196
75 21 21 196
78 32 15 148
79 48 34 200
82 21 23 196
83 32 17 148
83 16 23 40
86 48 40 200
88 32 19 148
88 22 21 286
88 63 31 76
89 63 15 76
91 32 25 148
93 16 17 40
93 21 15 196
93 22 27 286
94 21 29 196
95 16 19 40
95 48 21 200
95 22 41 286
96 32 31 148
96 48 47 200
97 16 21 40
97 48 37 200
97 21 35 196
99 48 27 200
99 63 21 76
102 16 27 40
102 22 35 286
104 32 29 148
104 63 33 76
105 32 33 148
105 21 31 196
106 32 35 148
106 16 33 40
106 22 43 286
108 22 45 286
109 48 43 200
110 48 31 200
110 63 35 76
112 63 37 76
113 48 45 200
113 63 41 76
117 16 29 40
118 32 27 148
122 63 39 76
123 22 33 286
124 21 33 196
124 22 47 286
127 32 37 148
128 21 37 196
128 63 46 76
132 22 53 286
133 16 31 40
135 16 35 40
136 48 5 49
137 32 39 148
139 63 43 76
140 16 37 40
141 32 43 148
141 22 49 286
143 32 41 148
144 16 41 40
144 22 37 286
148 22 55 286
149 16 47 40
150 32 47 148
150 16 49 40
150 22 59 286
151 32 53 148
152 16 39 40
152 48 49 200
152 22 51 286
152 63 53 76
153 48 51 200
154 21 41 196
156 22 1 152
157 21 39 196
159 21 43 196
160 21 49 196
163 21 53 196
164 22 57 286
166 48 55 200
166 22 39 286
167 32 49 148
167 48 53 200
169 22 3 152
171 48 59 200
173 16 43 40
173 21 51 196
174 21 45 196
176 48 57 200
176 21 47 196
177 22 5 152
178 48 1 49
178 63 49 76
179 21 55 196
179 22 7 152
182 21 58 196
184 63 58 76
185 22 10 152
188 32 45 148
188 22 13 152
189 22 23 152
190 21 5 71
191 48 7 49
191 16 45 40
191 21 9 71
195 16 57 40
195 21 1 71
195 22 15 152
198 16 51 40
198 21 3 71
199 48 3 49
199 21 11 71
1 50 25 245
7 50 19 245
15 50 31 245
20 72 25 287
26 72 37 287
28 72 31 287
32 72 43 287
36 72 49 287
40 72 55 287
42 50 15 245
48 50 43 245
50 72 13 287
52 72 25 134
52 50 37 245
55 72 37 134
59 50 1 245
64 72 19 287
67 72 1 287
76 50 49 245
77 72 13 134
83 72 1 134
90 50 7 245
97 72 55 134
98 50 19 152
99 50 49 152
103 50 25 152
105 72 7 287
110 72 7 134
111 50 43 152
115 50 31 152
119 72 19 134
122 72 43 134
124 72 49 134
129 50 37 152
130 72 55 157
133 50 1 123
139 72 31 134
142 50 7 123
145 50 25 123
152 72 31 157
153 50 13 123
154 72 43 157
161 50 55 245
162 72 37 157
165 72 55 262
169 72 31 179
169 50 19 123
170 72 49 157
172 50 1 235
176 72 37 179
179 72 43 179
180 50 57 152
186 50 37 123
198 72 55 179
199 50 43 123
1 54 31 98
2 78 58 95
3 69 55 31
4 69 58 31
4 73 21 149
6 69 22 193
6 73 25 149
6 15 28 136
7 15 25 136
9 69 19 193
9 54 22 98
11 54 25 98
12 54 28 98
16 69 16 193
16 15 19 136
16 54 34 98
17 54 37 98
19 78 28 97
20 54 40 98
22 69 7 193
23 69 13 193
23 15 22 136
24 15 31 136
26 15 16 136
29 73 16 149
29 78 19 97
31 73 28 149
32 69 34 193
33 78 1 97
34 54 4 8
35 78 22 97
36 54 7 98
37 15 34 136
38 78 31 97
38 15 43 136
39 15 13 136
40 54 49 98
41 78 13 97
42 73 31 149
43 78 7 97
44 69 27 193
45 78 10 97
45 54 13 98
47 54 3 98
48 73 1 149
48 54 10 98
49 73 10 149
49 78 34 97
50 69 31 193
51 78 25 97
52 54 43 98
53 69 1 193
55 69 43 193
56 73 7 149
56 15 46 136
57 73 4 149
58 69 4 193
58 15 1 136
58 54 16 98
60 73 34 149
61 78 4 97
63 69 46 193
67 78 16 97
70 15 7 136
71 15 10 136
73 78 37 97
74 54 19 98
75 54 52 98
76 54 55 98
77 69 37 193
79 69 10 193
79 73 40 149
79 78 43 97
80 73 13 149
80 15 4 136
81 78 40 97
82 78 46 97
84 15 52 136
86 15 49 136
87 69 52 193
87 15 55 136
88 73 37 149
90 78 49 97
92 15 37 136
95 15 58 136
97 54 1 111
98 73 58 149
98 54 4 111
99 73 55 149
100 54 7 111
102 54 58 98
105 69 40 193
107 78 52 97
107 54 10 111
108 73 9 49
108 15 40 136
109 73 13 49
109 54 16 111
110 78 55 97
112 73 49 149
112 54 13 111
114 15 1 137
118 15 13 137
123 15 4 137
125 73 16 49
129 73 52 149
132 78 58 97
133 78 7 163
133 15 10 137
134 73 43 149
135 78 1 163
137 69 49 193
138 54 46 98
143 78 10 163
143 54 22 111
144 78 4 163
146 15 16 137
149 69 55 193
149 78 22 163
153 73 19 49
154 78 13 163
155 73 25 49
156 54 19 111
157 69 1 25
158 73 40 49
161 54 37 111
162 73 22 49
162 78 16 163
164 69 4 25
165 15 19 137
165 54 28 111
166 73 28 49
166 15 22 137
167 15 7 137
168 78 28 163
168 15 31 137
170 73 31 49
170 15 25 137
173 73 37 49
176 73 34 49
177 69 58 193
177 54 34 111
178 54 25 111
179 54 31 111
183 69 7 25
183 78 19 163
184 73 19 181
184 15 1 195
185 15 28 137
187 78 31 163
188 15 34 137
190 73 49 49
191 15 55 137
192 15 37 137
194 73 46 149
196 73 55 49
196 54 13 197
197 54 43 111
198 15 40 137
199 78 25 163
11 34 17 38
15 34 1 38
30 34 5 38
38 34 11 38
54 34 27 38
59 34 7 38
65 34 3 38
66 34 9 38
71 34 13 38
77 34 19 38
88 34 23 38
116 34 15 38
122 34 25 38
123 34 21 38
124 34 29 38
125 34 35 38
126 34 31 38
128 34 39 38
138 34 33 38
163 34 41 38
169 34 43 38
176 34 45 38
178 34 47 38
181 34 37 38
182 34 53 38
191 34 49 38
194 34 55 38
199 34 51 38
14 28 49 108
22 28 55 108
33 28 31 256
39 28 19 256
43 28 37 256
47 28 43 256
52 28 55 256
68 28 49 256
87 28 1 256
91 28 13 256
93 28 1 91
94 28 1 289
99 28 7 256
107 28 13 91
108 28 25 256
114 28 43 91
115 28 7 91
116 28 19 91
118 28 31 91
119 28 49 91
124 28 25 91
127 28 13 289
128 28 55 91
143 28 25 289
147 28 43 289
148 28 31 289
150 28 7 289
152 28 7 127
164 28 19 289
168 28 49 289
173 28 1 127
174 28 37 91
186 28 19 127
191 28 13 127
194 28 37 289
196 28 25 127
197 28 55 289
4 51 25 170
4 61 28 7
5 61 37 7
7 51 28 170
8 61 25 7
9 61 31 7
13 61 34 7
16 26 22 204
16 61 40 7
21 51 19 170
31 26 16 204
31 61 19 7
33 26 25 204
36 26 28 204
37 26 19 204
41 51 16 170
43 26 10 204
44 61 43 7
46 26 1 204
46 61 4 7
48 51 13 170
49 26 31 204
55 61 22 7
56 51 34 170
57 26 34 204
58 26 7 204
61 61 1 7
62 51 1 170
64 51 31 170
66 26 4 204
75 51 4 170
75 26 37 204
76 26 40 204
77 61 46 7
78 26 43 204
81 61 58 7
84 51 7 170
85 51 10 170
89 26 46 204
93 51 22 170
101 26 13 204
101 61 7 7
103 51 58 170
108 61 13 7
112 26 52 204
115 51 43 170
115 26 49 204
116 61 10 7
120 51 37 170
125 26 58 204
126 26 13 269
129 61 16 7
131 61 7 22
134 61 55 7
138 51 52 170
139 61 49 7
140 26 19 269
141 61 52 7
142 61 1 22
145 61 16 22
146 51 13 222
147 26 55 204
147 61 4 22
148 61 10 22
149 61 28 22
153 51 7 222
153 26 25 269
153 61 22 22
154 61 19 22
157 51 46 170
159 51 55 170
162 51 4 222
163 26 31 269
171 51 40 170
171 26 28 269
172 51 10 222
175 51 1 222
176 51 16 222
181 61 25 22
183 26 34 269
184 51 22 222
185 51 19 222
185 61 13 22
187 26 43 269
189 61 31 22
192 61 34 22
198 26 37 269
199 61 37 22
200 51 25 222
1 30 17 5
3 25 29 264
4 20 31 215
5 20 11 215
5 25 23 264
7 20 17 215
10 25 17 264
12 25 5 264
13 25 25 264
15 20 19 215
17 20 23 215
18 30 23 5
21 25 27 264
22 25 35 264
23 25 31 264
28 20 29 215
28 25 37 264
30 30 13 5
31 30 7 5
33 25 13 264
33 30 35 5
34 30 10 5
36 25 39 264
40 25 7 264
41 25 11 264
44 20 5 215
48 20 25 215
49 20 21 215
49 30 5 5
51 25 1 264
51 30 28 5
53 25 9 264
53 30 19 5
57 30 1 5
57 25 41 264
59 25 15 264
60 30 3 5
61 30 15 5
63 20 13 215
63 30 41 5
64 30 25 5
66 20 1 215
67 20 7 215
69 25 21 264
70 25 19 264
74 20 3 215
75 25 33 264
76 30 21 5
80 25 46 264
81 25 3 264
81 30 31 5
82 20 33 215
85 20 15 215
86 25 43 264
88 20 9 215
89 30 43 5
90 20 35 215
90 30 46 5
92 30 53 5
93 20 37 215
98 20 39 215
108 30 55 5
110 20 41 215
113 25 53 264
119 30 37 5
121 20 46 215
123 30 39 5
126 25 59 264
126 30 33 5
127 30 49 5
129 30 58 5
131 20 27 215
133 25 49 264
134 20 53 215
135 20 43 215
135 25 51 264
137 30 5 87
139 30 11 87
140 25 57 264
140 30 51 5
142 25 55 264
144 20 51 215
145 20 49 215
146 25 5 47
158 25 1 47
164 25 7 47
164 30 17 87
166 30 25 87
167 25 13 47
175 30 23 87
180 25 11 47
181 20 1 290
183 20 55 215
183 25 15 47
187 30 41 87
188 25 17 47
190 25 19 47
192 30 47 87
196 30 35 87
197 30 53 87
198 25 9 47
200 30 1 185
5 65 43 42
11 70 31 48
12 65 37 42
15 70 21 48
19 70 37 48
23 65 25 42
23 70 43 48
26 65 49 42
27 65 31 42
29 70 55 48
34 65 55 42
35 65 31 82
46 65 7 42
47 70 49 48
50 65 19 42
51 65 49 82
57 70 25 48
63 65 15 42
65 70 31 129
69 65 37 82
69 70 7 129
70 70 13 129
71 65 43 82
75 65 55 82
75 70 7 61
76 70 1 129
83 70 25 129
84 70 19 129
85 65 1 42
96 70 49 129
107 70 1 61
111 65 25 82
116 65 25 156
122 65 1 156
122 70 55 129
123 65 7 156
123 70 45 129
125 70 19 61
126 70 1 211
133 65 19 156
135 65 13 156
136 65 37 156
138 70 55 61
143 70 13 61
149 70 31 61
155 70 37 129
156 70 25 61
160 65 51 156
162 65 31 156
170 65 7 257
172 65 13 257
176 65 19 257
178 70 51 61
186 70 43 61
192 65 1 257
193 70 13 211
195 65 43 156
196 65 31 257
196 70 19 211
197 70 25 211
6 71 31 106
7 4 40 22
9 4 43 22
11 71 22 106
13 4 46 22
14 71 16 106
17 4 49 22
21 4 52 22
24 4 55 22
28 4 58 22
29 71 28 106
30 4 40 163
31 71 25 106
39 71 46 106
41 4 49 163
45 4 34 163
46 71 19 106
47 71 10 106
49 4 37 163
53 71 4 106
59 71 37 106
66 4 43 163
67 4 46 163
67 71 13 106
71 4 7 281
76 4 25 281
79 71 1 106
81 71 34 106
85 71 7 106
86 71 52 106
87 71 43 106
89 4 52 163
91 4 1 281
98 4 10 281
101 4 4 281
104 4 55 163
105 71 55 106
108 71 58 106
110 4 58 163
113 4 19 281
114 4 16 281
115 71 1 133
116 71 49 106
117 71 13 133
119 71 4 133
120 71 40 106
123 4 13 281
124 4 22 281
132 4 40 281
134 4 28 281
141 71 19 133
147 4 52 281
148 4 43 281
152 4 55 281
155 71 16 133
170 71 22 133
171 4 34 281
178 4 31 281
182 4 37 281
183 4 46 281
187 4 58 281
190 71 25 133
191 4 4 43
192 71 7 133
194 4 1 43
9 56 25 132
12 56 43 132
20 56 31 132
21 56 37 132
25 56 49 132
38 56 55 132
39 56 49 218
46 56 15 132
48 56 31 218
50 56 55 218
57 56 49 239
58 56 31 239
62 56 7 132
66 56 19 132
67 56 9 218
70 56 37 218
88 56 43 218
89 56 19 218
102 56 1 132
105 56 13 218
112 56 19 239
127 56 25 218
128 56 1 218
129 56 7 239
132 56 1 239
139 56 25 239
144 56 55 239
146 56 19 37
148 56 1 37
155 56 1 209
156 56 43 239
163 56 13 239
166 56 31 37
168 56 13 37
169 56 7 37
177 56 37 239
182 56 19 209
189 56 43 37
191 56 25 37
1 64 23 84
6 9 11 77
8 64 31 84
9 9 17 77
12 64 17 84
14 9 21 77
16 64 25 84
17 64 28 84
18 64 33 84
21 9 23 77
23 64 5 84
25 9 29 77
27 9 25 77
30 64 15 84
35 9 35 77
38 9 5 77
44 64 11 84
47 64 19 84
48 64 35 84
53 64 7 84
57 64 13 84
58 9 13 77
62 9 31 77
64 64 40 84
65 64 1 84
66 64 37 84
66 9 7 77
69 9 1 77
70 9 33 77
73 64 9 84
73 9 46 77
74 64 49 84
75 64 43 84
82 9 37 77
88 64 47 84
96 9 15 77
99 9 3 77
107 64 21 84
109 64 3 84
110 64 45 84
111 9 9 77
114 9 41 77
120 64 53 84
122 9 19 77
124 64 55 84
128 64 51 84
128 9 49 77
131 64 59 84
135 9 39 77
139 64 7 234
140 64 1 234
140 9 43 77
142 64 4 234
147 64 11 234
156 9 55 77
159 9 1 30
161 64 9 234
166 9 57 77
167 9 51 77
171 64 17 234
178 64 57 84
180 9 53 77
181 64 19 234
186 64 13 234
186 9 27 77
187 64 15 234
192 9 5 30
193 9 59 77
194 64 23 234
7 39 31 119
11 39 28 119
14 39 25 119
15 39 37 119
37 39 22 119
45 39 7 119
50 39 34 119
51 39 13 119
53 39 40 119
56 39 43 119
58 39 10 119
60 39 7 26
63 39 49 119
79 39 4 119
80 39 1 119
83 39 52 119
89 39 55 119
102 39 16 119
106 39 46 119
109 39 10 26
115 39 19 119
116 39 58 119
118 39 16 26
145 39 37 26
150 39 13 26
166 39 1 26
172 39 19 26
177 39 28 26
189 39 34 26
193 39 4 26
2 77 40 2
10 77 43 2
18 77 49 2
20 77 51 2
24 77 53 2
25 77 55 2
39 77 57 2
43 77 59 2
59 77 5 21
61 77 7 21
67 77 33 21
75 77 1 21
77 77 11 21
81 77 17 21
82 77 28 21
101 77 25 21
110 77 3 21
118 77 19 21
124 77 9 21
133 77 23 21
138 77 21 21
142 77 35 21
145 77 40 21
153 77 31 21
161 77 13 21
163 77 55 21
170 77 15 21
174 77 43 21
178 77 59 21
185 77 37 21
189 77 47 21
194 77 49 21
199 77 53 21
1 24 37 259
6 24 43 259
7 24 49 259
8 24 33 259
15 24 25 259
21 24 55 259
22 24 43 20
23 24 33 20
24 24 19 259
32 24 37 20
37 24 49 20
41 24 25 20
62 24 55 20
79 24 49 26
83 24 13 259
85 24 19 20
89 24 7 259
102 24 49 30
112 24 39 30
116 24 31 30
120 24 19 30
122 24 7 20
127 24 19 272
128 24 13 20
130 24 13 30
133 24 43 26
135 24 7 30
139 24 45 30
142 24 25 30
149 24 1 259
186 24 7 272
191 24 31 272
1 45 34 51
9 23 55 76
10 45 31 51
11 23 37 175
12 23 25 175
13 23 28 175
15 23 40 175
18 45 25 51
24 23 34 175
31 23 31 175
33 45 22 51
39 23 16 175
42 23 49 175
45 45 28 51
46 23 52 175
55 23 46 175
60 23 10 12
62 23 4 175
78 23 55 175
81 23 19 175
86 45 7 51
87 23 13 175
89 45 49 51
90 23 1 175
97 45 4 51
98 23 1 12
99 45 13 51
103 45 16 51
107 45 37 51
115 23 22 175
121 45 1 51
130 45 52 51
131 23 43 175
134 23 58 175
138 23 4 12
141 23 22 12
143 45 31 65
148 45 46 51
154 45 10 51
154 23 16 12
156 23 7 12
160 23 19 12
167 45 19 51
168 45 34 65
169 23 25 12
170 45 40 51
170 23 28 12
174 23 34 12
176 23 13 12
177 45 43 51
187 23 46 12
197 23 31 12
Điểm tối ưu: 2400
Thời gian: 0.253081 giây
Trạng thái: GREEDY_DONE
