944
2 11 1 81
4 11 7 81
5 10 1 74
6 10 7 74
7 10 13 74
7 11 19 81
8 10 19 74
9 10 25 74
18 10 31 74
18 11 13 81
21 10 37 74
22 10 43 74
23 11 25 81
25 11 31 81
28 11 37 81
29 10 49 74
29 11 43 81
31 10 55 74
32 10 1 112
32 11 49 81
33 10 7 112
34 10 13 112
35 11 55 81
40 10 19 112
43 10 25 112
45 10 31 112
47 10 37 112
48 10 43 112
50 10 49 112
50 11 1 21
51 11 7 21
52 10 55 112
54 11 13 21
55 11 19 21
62 11 25 21
65 11 31 21
66 11 37 21
67 11 43 21
69 11 49 21
75 11 55 21
3 12 1 45
4 12 3 45
6 12 5 45
9 12 7 45
14 12 9 45
15 12 11 45
20 12 13 45
24 12 15 45
29 12 17 45
30 12 19 45
34 12 21 45
39 12 23 45
41 12 25 45
42 12 27 45
46 12 29 45
49 12 31 45
55 12 33 45
57 12 35 45
62 12 37 45
63 12 39 45
64 12 41 45
66 12 43 45
71 12 45 45
73 12 47 45
78 12 49 45
80 12 51 45
3 22 3 32
4 22 13 32
5 22 7 32
7 22 25 32
10 22 19 32
11 22 31 32
18 22 37 32
21 22 43 32
23 22 49 32
24 22 55 32
26 22 1 43
30 22 7 43
31 22 13 43
33 22 19 43
35 22 25 43
40 22 31 43
41 22 37 43
42 22 43 43
44 22 49 43
48 22 55 43
49 22 1 46
50 22 7 46
51 22 13 46
53 22 19 46
59 22 25 46
61 22 31 46
65 22 37 46
68 22 43 46
70 22 49 46
73 22 55 46
1 5 1 66
5 5 13 66
12 5 4 66
13 5 7 66
15 5 16 66
17 5 10 66
18 5 19 66
23 5 22 66
24 5 25 66
26 5 28 66
28 5 31 66
31 5 34 66
32 5 37 66
34 5 40 66
39 5 43 66
43 5 46 66
44 5 55 66
45 5 49 66
49 5 52 66
51 5 58 66
52 5 1 2
57 5 4 2
60 5 7 2
64 5 10 2
67 5 13 2
69 5 16 2
71 5 19 2
72 5 22 2
73 5 25 2
74 5 28 2
1 21 4 89
1 23 7 19
2 23 5 19
4 21 1 89
4 23 11 19
5 21 11 89
6 23 1 19
7 21 7 89
8 21 9 89
9 21 13 89
10 21 15 89
11 23 3 19
12 21 17 89
13 23 13 19
14 21 19 89
15 23 9 19
16 21 21 89
17 21 23 89
19 23 15 19
21 23 17 19
22 23 19 19
23 21 29 89
23 23 31 19
24 23 21 19
26 23 23 19
27 21 25 89
27 23 27 19
28 23 25 19
29 21 27 89
29 23 29 19
32 21 31 89
33 21 33 89
35 23 33 19
36 21 35 89
36 23 37 19
37 23 35 19
40 21 37 89
41 21 41 89
42 21 39 89
42 23 41 19
43 21 43 89
43 23 39 19
44 21 45 89
44 23 43 19
46 23 45 19
47 21 47 89
48 23 47 19
49 21 49 89
49 23 55 19
50 23 53 19
51 21 51 89
52 23 49 19
54 21 53 89
54 23 51 19
56 21 55 89
57 23 57 19
58 21 57 89
58 23 59 19
60 23 1 29
61 23 3 29
63 21 59 89
64 21 1 7
67 21 3 7
67 23 5 29
68 21 5 7
69 23 7 29
71 21 7 7
72 21 9 7
74 21 11 7
74 23 9 29
75 21 13 7
78 21 15 7
78 23 11 29
79 23 13 29
80 23 15 29
2 3 7 86
6 3 13 86
7 3 1 86
8 3 25 86
10 3 31 86
13 3 19 86
24 3 37 86
30 3 43 86
31 3 49 86
38 3 55 86
40 3 1 116
41 3 7 116
43 3 13 116
48 3 19 116
49 3 25 116
55 3 37 116
58 3 31 116
59 3 43 116
60 3 49 116
65 3 55 116
68 3 31 2
71 3 37 2
76 3 43 2
80 3 55 2
1 7 9 56
2 7 13 56
6 7 19 56
14 7 1 56
15 7 4 56
16 7 16 56
18 7 22 56
20 7 25 56
22 7 28 56
25 7 37 56
28 7 34 56
30 7 31 56
32 7 40 56
39 7 46 56
40 7 43 56
41 7 49 56
45 7 52 56
47 7 55 56
54 7 58 56
57 7 1 93
59 7 4 93
60 7 10 93
62 7 7 93
69 7 13 93
70 7 16 93
71 7 22 93
72 7 19 93
73 7 28 93
76 7 25 93
78 7 31 93
3 20 7 34
5 20 5 34
6 20 3 34
10 20 1 34
11 20 9 34
13 20 11 34
16 20 13 34
17 20 15 34
18 20 17 34
19 20 19 34
21 20 21 34
24 20 23 34
25 20 25 34
29 20 31 34
32 20 27 34
36 20 29 34
37 20 33 34
42 20 35 34
44 20 37 34
46 20 39 34
47 20 41 34
53 20 43 34
55 20 45 34
56 20 47 34
61 20 49 34
62 20 51 34
63 20 53 34
64 20 55 34
67 20 57 34
69 20 59 34
71 20 1 57
74 20 3 57
79 20 5 57
1 4 13 92
3 4 9 92
7 4 31 92
11 4 19 92
14 4 25 92
15 4 37 92
18 4 1 92
20 4 43 92
22 4 49 92
24 4 1 25
25 4 55 92
26 4 7 25
28 4 13 25
33 4 25 25
34 4 31 25
38 4 19 25
43 4 49 25
44 4 39 25
45 4 43 25
46 4 55 25
52 4 7 31
53 4 1 31
54 4 19 31
56 4 13 31
57 4 25 31
59 4 31 31
61 4 37 31
63 4 43 31
65 4 49 31
68 4 55 31
71 4 3 115
75 4 7 115
76 4 13 115
77 4 19 115
79 4 25 115
2 9 16 9
3 9 13 9
8 9 1 9
9 9 4 9
11 9 25 9
12 9 7 9
15 9 19 9
16 9 10 9
18 9 28 9
19 9 22 9
21 9 31 9
26 9 34 9
27 9 37 9
33 9 40 9
34 9 43 9
35 9 46 9
36 9 49 9
37 9 52 9
39 9 55 9
40 9 58 9
44 9 1 22
46 9 4 22
48 9 7 22
49 9 10 22
50 9 13 22
51 9 19 22
55 9 16 22
56 9 22 22
59 9 37 22
65 9 25 22
66 9 28 22
68 9 40 22
69 9 31 22
70 9 34 22
71 9 49 22
72 9 43 22
77 9 46 22
80 9 1 63
2 31 11 40
3 31 16 40
5 31 19 40
9 31 1 40
11 31 5 40
12 31 13 40
13 31 3 40
16 31 7 40
17 31 21 40
19 31 9 40
21 31 23 40
22 31 25 40
24 31 28 40
27 31 31 40
30 31 34 40
34 31 37 40
37 31 39 40
38 31 41 40
39 31 49 40
40 31 46 40
43 31 53 40
47 31 43 40
50 31 55 40
53 31 51 40
56 31 57 40
57 31 59 40
58 31 1 78
61 31 5 78
62 31 3 78
64 31 7 78
66 31 9 78
67 31 11 78
68 31 13 78
70 31 19 78
72 31 15 78
74 31 17 78
78 31 21 78
4 17 19 8
10 17 3 8
15 17 25 8
16 17 31 8
17 17 37 8
22 17 7 8
26 17 13 8
30 17 49 8
31 17 43 8
35 17 1 55
36 17 55 8
37 17 7 55
41 17 13 55
42 17 19 55
47 17 25 55
48 17 31 55
49 17 37 55
50 17 43 55
57 17 49 55
58 17 3 1
60 17 55 55
62 17 13 1
63 17 7 1
65 17 19 1
69 17 25 1
73 17 31 1
75 17 37 1
77 17 49 1
2 32 19 101
5 32 16 101
6 32 22 101
14 32 4 101
16 32 1 101
21 32 7 101
23 32 10 101
28 32 27 101
29 32 13 101
31 32 31 101
33 32 37 101
34 32 46 101
36 32 40 101
39 32 34 101
44 32 58 101
45 32 55 101
46 32 49 101
47 32 52 101
48 32 1 24
54 32 43 101
55 32 4 24
61 32 7 24
65 32 10 24
69 32 19 24
70 32 13 24
72 32 25 24
77 32 16 24
1 29 17 90
2 14 22 67
2 29 25 90
4 14 5 67
4 29 23 90
6 14 11 67
7 14 9 67
8 14 7 67
8 29 4 90
9 14 15 67
11 14 1 67
13 29 1 90
14 14 13 67
15 29 7 90
16 29 19 90
17 29 13 90
19 14 3 67
19 29 11 90
20 14 17 67
20 29 9 90
21 14 19 67
22 14 31 67
23 14 33 67
23 29 15 90
24 29 31 90
25 29 21 90
27 29 29 90
29 14 25 67
30 14 27 67
31 14 29 67
32 14 35 67
35 14 37 67
36 29 27 90
37 14 41 67
41 14 43 67
41 29 33 90
43 29 35 90
45 14 39 67
46 29 37 90
47 14 45 67
49 14 47 67
50 29 39 90
53 14 49 67
53 29 41 90
54 14 55 67
54 29 46 90
55 29 43 90
59 29 49 90
60 29 53 90
61 29 51 90
62 14 53 67
62 29 55 90
63 14 51 67
65 29 59 90
66 29 57 90
70 29 21 7
75 14 59 67
75 29 17 7
78 14 57 67
79 14 1 39
79 29 19 7
80 14 4 39
3 26 19 51
6 26 25 51
7 26 37 51
9 26 9 51
10 26 28 51
17 26 1 51
18 26 43 51
21 26 4 51
22 26 13 51
23 26 40 51
24 26 33 51
25 26 16 51
28 26 22 51
30 26 55 51
32 26 46 51
33 26 49 51
36 26 52 51
41 26 58 51
42 26 1 13
44 26 4 13
50 26 16 13
52 26 13 13
55 26 7 13
59 26 10 13
61 26 19 13
64 26 22 13
73 26 37 13
74 26 25 13
78 26 28 13
79 26 31 13
80 26 34 13
1 30 19 49
2 30 27 49
7 30 43 49
10 30 7 49
11 30 13 49
12 30 31 49
16 30 37 49
17 30 49 49
21 30 55 49
24 30 7 84
28 30 1 49
29 30 1 84
31 30 19 84
32 30 13 84
35 30 39 84
39 30 25 84
43 30 31 84
45 30 1 18
48 30 49 84
56 30 43 84
57 30 7 18
58 30 13 18
62 30 57 84
63 30 19 18
66 30 31 18
68 30 25 18
69 30 37 18
72 30 49 18
74 30 43 18
75 30 1 20
76 30 55 18
77 30 7 20
80 30 19 20
5 25 21 77
7 25 40 77
10 25 25 77
16 25 4 77
19 25 28 77
25 25 1 77
27 25 7 77
31 25 10 77
33 25 13 77
34 25 49 77
35 25 16 77
37 25 43 77
38 25 31 77
40 25 52 77
48 25 37 77
62 25 34 77
63 25 55 77
64 25 46 77
65 25 1 107
68 25 7 107
71 25 58 77
72 25 4 107
73 25 10 107
74 25 13 107
75 25 19 107
76 25 22 107
77 25 25 107
78 25 34 107
79 25 16 107
80 25 28 107
5 13 25 106
7 13 5 106
9 13 17 106
12 13 1 106
15 13 13 106
17 13 7 106
20 13 3 106
22 13 11 106
25 13 9 106
35 13 19 106
37 13 15 106
39 13 21 106
41 13 23 106
42 13 29 106
46 13 27 106
48 13 35 106
51 13 31 106
56 13 33 106
58 13 37 106
59 13 40 106
60 13 43 106
64 13 49 106
68 13 47 106
69 13 45 106
73 13 51 106
74 13 53 106
75 13 5 30
76 13 59 106
77 13 55 106
1 8 25 16
2 8 31 16
3 15 25 95
3 16 31 47
4 15 31 95
5 15 37 95
6 15 43 95
8 16 13 47
9 16 19 47
10 15 49 95
12 8 19 16
13 15 15 95
13 16 25 47
14 8 15 16
14 16 37 47
15 8 43 16
17 15 55 95
18 8 7 16
19 16 43 47
20 8 37 16
20 16 49 47
22 15 1 95
23 15 1 110
23 16 55 47
25 15 27 110
27 8 1 16
27 15 19 95
28 16 7 47
29 16 7 10
30 8 1 68
33 8 55 16
33 16 1 47
34 8 7 68
35 8 49 16
36 8 13 68
37 8 19 68
37 15 55 110
37 16 1 10
38 15 7 95
41 8 27 68
42 15 7 110
44 8 31 68
45 8 25 78
45 15 13 110
45 16 19 10
47 8 31 78
49 15 19 110
50 15 31 110
50 16 25 10
51 15 37 110
52 15 43 110
52 16 31 10
53 8 37 68
53 15 7 23
53 16 13 10
55 8 49 68
55 15 25 23
55 16 55 10
56 15 49 110
56 16 37 10
57 15 13 23
58 8 43 68
58 15 19 23
59 16 51 10
60 16 45 10
61 8 55 68
61 16 13 48
63 15 1 23
65 16 43 48
66 15 45 23
67 8 37 78
67 15 31 23
68 8 49 78
69 8 55 78
70 16 1 48
72 15 37 23
73 16 19 48
74 8 31 20
76 8 37 20
76 15 49 23
77 15 57 23
78 16 7 48
79 15 7 63
80 8 43 78
80 16 37 48
1 18 31 6
1 19 34 6
2 19 37 6
3 18 22 6
4 27 25 80
5 27 28 80
6 18 28 6
7 19 49 6
8 27 31 80
9 19 40 6
10 19 43 6
10 27 37 80
11 19 46 6
11 27 40 80
12 19 10 6
13 18 52 6
13 19 55 6
13 27 34 80
14 18 58 6
14 19 21 94
14 27 43 80
17 27 4 80
18 19 25 6
19 19 25 94
19 27 49 80
20 19 19 6
21 18 1 6
21 19 13 6
22 19 16 6
24 18 49 48
25 18 4 6
25 19 13 94
25 27 46 80
26 18 25 48
26 27 19 80
27 18 33 48
27 19 10 94
27 27 13 80
28 18 52 48
28 27 55 80
29 18 55 48
29 27 22 80
30 18 58 48
30 27 16 80
31 18 7 6
31 19 1 94
31 27 4 108
32 18 7 52
33 27 52 80
34 27 1 80
35 19 7 94
36 18 1 52
36 27 7 80
38 18 28 48
38 19 4 94
38 27 1 108
39 27 10 80
40 18 10 52
40 19 16 94
42 18 4 52
43 18 19 52
43 19 55 94
43 27 58 80
44 27 7 108
45 27 10 108
46 18 13 52
47 18 16 52
48 18 25 52
49 19 33 94
51 19 28 94
51 27 22 108
52 19 37 94
53 18 28 52
53 27 25 108
54 18 31 52
54 19 40 94
54 27 28 108
56 18 1 61
58 19 49 94
59 27 13 108
61 27 43 108
63 19 13 3
64 18 34 52
64 27 16 108
65 19 4 3
66 18 22 52
67 27 19 108
68 27 37 108
70 18 37 52
70 27 31 108
71 19 52 94
72 18 46 52
72 27 34 108
74 18 40 52
75 18 43 52
76 18 4 61
76 27 1 15
77 19 43 94
78 18 51 52
79 19 46 94
3 28 37 65
8 28 43 65
11 28 49 65
12 28 25 65
14 28 31 65
16 28 55 65
20 28 31 71
26 28 37 71
27 28 43 71
28 28 43 83
32 28 19 65
34 28 25 71
35 28 21 71
36 28 19 83
38 28 13 65
40 28 25 83
42 28 13 71
46 28 7 65
47 28 1 65
51 28 1 71
52 28 51 71
54 28 7 71
56 28 7 83
57 28 31 83
58 28 39 83
59 28 55 71
61 28 25 33
62 28 19 33
63 28 31 33
65 28 13 83
66 28 1 83
70 28 55 83
71 28 9 33
77 28 1 33
78 28 37 33
79 28 49 83
1 24 37 4
4 24 28 4
8 24 34 4
9 24 31 4
11 24 43 4
12 24 40 4
15 24 1 4
19 24 52 4
20 24 22 4
26 24 46 4
30 24 13 4
32 24 10 4
38 24 25 4
39 24 4 4
42 24 49 4
44 24 16 4
45 24 7 4
48 24 4 28
52 24 19 4
60 24 13 28
62 24 10 28
63 24 16 28
70 24 7 28
73 24 1 28
74 24 55 4
77 24 28 28
3 2 55 22
4 2 37 39
5 2 31 39
6 2 49 39
8 2 55 39
10 2 55 15
12 2 43 39
13 2 37 15
15 2 31 15
18 2 49 15
19 2 31 82
26 2 49 82
33 2 43 15
34 2 55 82
37 2 25 39
38 2 37 82
39 2 13 39
46 2 19 39
49 2 13 15
50 2 19 15
51 2 43 82
52 2 25 15
53 2 31 120
56 2 25 82
60 2 3 82
66 2 13 82
67 2 7 39
68 2 19 82
69 2 9 15
72 2 55 120
75 2 25 120
76 2 7 82
79 2 21 120
80 2 7 120
1 6 40 27
8 6 37 27
9 6 34 27
12 6 49 27
16 6 25 27
17 6 28 27
20 6 55 27
22 6 21 27
23 6 7 27
26 6 31 27
38 6 43 27
39 6 1 27
40 6 13 27
41 6 4 27
46 6 16 27
47 6 10 27
51 6 25 62
52 6 4 62
57 6 46 27
58 6 52 27
60 6 16 62
64 6 58 27
66 6 19 62
67 6 22 62
73 6 7 62
Điểm tối ưu: 944
Thời gian: 0.111728 giây
Trạng thái: GREEDY_DONE
