174
1 2 1 2
1 3 7 6
1 4 13 3
2 2 7 2
2 3 1 6
2 4 19 3
3 2 13 2
3 3 19 6
3 4 1 3
4 2 19 2
4 3 13 6
4 4 7 3
5 2 25 2
5 3 31 6
5 4 37 3
6 2 31 2
6 3 25 6
6 4 43 3
7 2 37 2
7 3 43 6
7 4 25 3
8 2 43 2
8 3 37 6
8 4 31 3
9 2 49 2
9 3 55 6
9 4 1 9
10 2 55 2
10 3 49 6
10 4 7 9
11 2 1 5
11 3 7 28
11 4 49 3
12 2 7 5
12 3 1 28
12 4 55 3
13 2 13 5
13 3 19 28
13 4 25 9
14 2 19 5
14 3 13 28
14 4 31 9
15 2 25 5
15 3 31 28
15 4 13 9
16 2 31 5
16 3 25 28
16 4 19 9
17 2 37 5
17 3 43 28
17 4 49 9
18 2 43 5
18 3 37 28
18 4 55 9
19 2 49 5
19 3 55 28
19 4 37 9
20 2 55 5
20 3 49 28
20 4 43 9
1 5 19 1
1 6 22 24
1 8 25 18
2 5 13 1
2 6 16 24
2 8 28 18
3 5 7 1
3 6 10 24
3 8 31 18
4 5 1 1
4 6 4 24
4 8 34 18
5 5 4 1
5 6 1 24
5 8 7 18
6 5 10 1
6 6 7 24
6 8 1 18
7 5 16 1
7 6 13 24
7 8 4 18
8 5 22 1
8 6 19 24
8 8 10 18
9 5 25 1
9 6 28 24
9 8 13 18
10 5 28 1
10 6 25 24
10 8 16 18
11 5 31 1
11 6 34 24
11 8 19 18
12 5 34 1
12 6 31 24
12 8 22 18
13 5 37 1
13 6 40 24
13 8 43 18
14 5 40 1
14 6 37 24
14 8 46 18
15 5 43 1
15 6 46 24
15 8 37 18
16 5 46 1
16 6 43 24
16 8 40 18
17 5 55 1
17 6 58 24
18 5 49 1
18 6 52 24
19 6 1 22
20 6 4 22
1 7 5 7
1 9 11 29
1 10 17 30
2 7 11 7
2 9 5 29
2 10 23 30
3 7 17 7
3 9 23 29
3 10 5 30
4 7 23 7
4 9 17 29
4 10 11 30
5 7 13 7
5 9 15 29
5 10 19 30
6 7 15 7
6 9 13 29
6 10 21 30
7 7 1 7
7 9 7 29
7 10 9 30
8 7 3 7
8 9 1 29
8 10 7 30
9 7 7 7
9 9 9 29
9 10 31 30
10 7 19 7
10 9 3 29
10 10 1 30
11 7 25 7
11 9 27 29
11 10 13 30
12 7 27 7
12 9 19 29
12 10 15 30
13 7 9 7
13 9 29 29
13 10 3 30
14 7 29 7
14 9 25 29
14 10 27 30
15 7 21 7
15 9 35 29
15 10 29 30
16 7 35 7
16 9 37 29
16 10 49 30
17 7 31 7
17 9 21 29
17 10 25 30
18 7 33 7
18 9 31 29
18 10 35 30
19 7 41 7
19 9 33 29
19 10 43 30
20 7 37 7
20 9 39 29
20 10 33 30
Điểm tối ưu: 174
Thời gian: 0.009095 giây
Trạng thái: GREEDY_DONE
