905
1 32 1 104
1 3 7 68
3 24 1 32
4 32 7 104
4 24 13 32
5 25 1 106
6 3 1 68
7 32 13 104
7 24 7 32
8 24 19 32
9 25 7 106
12 24 25 32
12 25 13 106
13 24 31 32
13 25 19 106
14 24 37 32
14 25 25 106
15 32 19 104
15 3 13 68
15 25 31 106
16 32 25 104
18 25 37 106
19 32 31 104
19 3 19 68
19 24 43 32
21 32 37 104
21 25 43 106
22 32 43 104
23 3 25 68
24 32 49 104
24 3 31 68
25 32 55 104
25 3 37 68
25 24 49 32
25 25 1 58
26 32 1 6
26 3 43 68
27 32 7 6
27 3 49 68
27 24 55 32
28 32 13 6
28 25 49 106
29 32 19 6
29 3 55 68
29 25 7 58
30 32 25 6
32 3 1 8
32 25 55 106
33 32 31 6
33 3 7 8
33 25 13 58
34 24 1 95
35 3 13 8
36 32 37 6
36 3 19 8
37 25 19 58
38 3 25 8
38 24 7 95
40 24 13 95
40 25 25 58
41 3 31 8
42 24 19 95
42 25 31 58
44 3 37 8
45 32 43 6
45 24 25 95
45 25 37 58
46 3 43 8
47 25 43 58
49 3 49 8
49 24 31 95
49 25 55 58
50 3 55 8
51 32 49 6
51 24 37 95
52 24 43 95
52 25 49 58
54 32 55 6
59 24 49 95
62 24 55 95
1 6 13 50
8 6 1 50
11 6 4 50
12 6 7 50
13 6 10 50
15 6 25 50
16 6 16 50
19 6 28 50
20 6 19 50
22 6 22 50
24 6 37 50
25 6 31 50
34 6 34 50
38 6 40 50
40 6 43 50
45 6 49 50
48 6 46 50
49 6 1 19
50 6 52 50
52 6 55 50
53 6 58 50
54 6 4 19
55 6 7 19
61 6 10 19
64 6 13 19
65 6 16 19
66 6 19 19
69 6 22 19
75 6 25 19
78 6 28 19
1 2 5 72
2 2 1 72
2 17 5 104
3 2 7 72
3 17 11 104
5 2 9 72
5 17 17 104
7 2 3 72
8 17 23 104
9 17 29 104
10 2 11 72
11 2 13 72
16 17 35 104
17 2 15 72
17 17 41 104
18 2 17 72
20 17 47 104
21 2 19 72
22 2 25 72
23 2 21 72
23 17 53 104
26 2 23 72
29 2 27 72
30 2 29 72
31 2 31 72
31 17 59 104
34 2 37 72
34 17 5 119
38 17 1 119
39 2 33 72
40 2 35 72
41 2 39 72
41 17 3 119
43 2 41 72
44 2 43 72
45 2 47 72
46 2 49 72
47 17 7 119
48 17 9 119
50 2 45 72
51 2 53 72
51 17 11 119
53 17 13 119
54 2 51 72
56 2 55 72
57 2 57 72
59 17 15 119
60 2 59 72
60 17 17 119
61 2 1 107
62 17 19 119
63 17 21 119
64 2 3 107
65 17 23 119
66 17 25 119
68 17 27 119
71 2 5 107
75 17 29 119
76 2 7 107
79 2 9 107
79 17 31 119
2 9 7 12
2 23 13 81
5 9 13 12
6 23 7 81
8 9 25 12
11 23 19 81
12 23 1 81
14 9 1 12
16 9 19 12
17 23 25 81
18 23 31 81
19 23 37 81
20 23 43 81
21 9 31 12
21 23 49 81
23 23 55 81
25 9 43 12
25 23 7 100
26 9 37 12
27 9 1 14
27 23 13 100
28 23 1 100
30 9 49 12
30 23 19 100
34 23 25 100
35 23 31 100
36 9 55 12
39 9 7 14
39 23 37 100
41 9 13 14
41 23 43 100
42 9 25 14
43 9 19 14
43 23 49 100
44 23 55 100
45 23 1 59
46 9 31 14
47 23 9 59
49 23 13 59
52 9 37 14
55 23 19 59
57 9 43 14
57 23 25 59
58 23 31 59
60 23 37 59
61 9 49 14
62 23 43 59
63 9 55 14
63 23 49 59
65 9 1 48
66 23 55 59
67 9 7 48
68 9 13 48
73 9 19 48
74 9 25 48
77 9 31 48
78 9 37 48
79 9 43 48
3 5 13 20
6 5 16 20
7 5 19 20
8 5 4 20
9 5 1 20
12 5 10 20
13 5 7 20
14 5 22 20
16 5 31 20
20 5 25 20
21 5 28 20
22 5 34 20
24 5 40 20
27 5 37 20
28 5 43 20
31 5 46 20
38 5 49 20
39 5 52 20
41 5 55 20
43 5 58 20
45 5 7 26
47 5 1 26
50 5 4 26
54 5 10 26
55 5 13 26
60 5 19 26
61 5 16 26
62 5 22 26
70 5 25 26
72 5 28 26
73 5 31 26
74 5 34 26
75 5 37 26
76 5 40 26
80 5 43 26
1 21 11 116
4 21 1 116
10 21 3 116
11 21 7 116
13 21 5 116
14 21 9 116
17 21 13 116
18 21 15 116
23 21 17 116
25 21 19 116
26 21 21 116
27 21 23 116
29 21 25 116
30 21 31 116
31 21 27 116
36 21 29 116
37 21 33 116
40 21 37 116
42 21 35 116
46 21 39 116
48 21 41 116
51 21 43 116
52 21 47 116
54 21 45 116
55 21 49 116
56 21 51 116
57 21 53 116
58 21 55 116
59 21 57 116
65 21 59 116
67 21 1 16
68 21 3 16
73 21 5 16
77 21 7 16
78 21 9 16
80 21 11 16
1 27 16 15
2 27 19 15
3 8 16 2
3 29 19 93
4 27 3 15
5 8 19 2
6 27 13 15
6 29 22 93
7 8 22 2
9 8 4 2
10 29 7 93
12 29 31 93
13 27 25 15
13 29 1 93
14 29 13 93
15 29 4 93
16 8 1 2
16 27 7 15
19 8 7 2
19 27 10 15
20 8 10 2
20 27 22 15
21 8 13 2
21 29 10 93
22 8 27 2
23 27 31 15
24 8 43 2
24 27 28 15
26 27 34 15
27 27 40 15
28 8 31 2
28 27 37 15
29 8 34 2
33 8 37 2
35 29 25 93
36 27 43 15
37 27 46 15
37 29 16 93
38 27 52 15
39 29 28 93
40 8 40 2
41 8 49 2
42 29 37 93
44 29 34 93
47 8 52 2
47 29 40 93
48 29 43 93
50 27 49 15
51 27 55 15
51 29 46 93
53 27 1 76
54 27 7 76
55 8 46 2
55 27 58 15
55 29 51 93
56 27 4 76
58 8 57 2
60 8 1 27
60 29 55 93
61 8 4 27
61 29 58 93
63 8 7 27
64 8 10 27
64 27 16 76
65 27 10 76
66 27 13 76
68 8 19 27
69 8 13 27
70 27 19 76
72 27 22 76
73 8 16 27
74 8 22 27
74 27 31 76
76 27 25 76
77 27 28 76
78 8 25 27
79 8 28 27
4 14 11 57
6 14 5 57
7 14 1 57
9 14 13 57
13 14 15 57
17 14 3 57
22 14 7 57
24 14 9 57
28 14 17 57
30 14 23 57
32 14 19 57
33 14 21 57
34 14 29 57
35 14 35 57
37 14 25 57
40 14 31 57
42 14 40 57
44 14 27 57
46 14 37 57
48 14 33 57
49 14 43 57
50 14 47 57
52 14 53 57
53 14 45 57
56 14 49 57
59 14 55 57
61 14 7 66
64 14 51 57
67 14 57 57
68 14 59 57
70 14 1 66
73 14 3 66
75 14 5 66
77 14 9 66
80 14 13 66
1 31 19 34
2 31 25 34
3 20 25 87
3 31 31 34
5 31 37 34
7 31 43 34
8 20 7 87
8 31 13 34
9 20 15 87
9 31 49 34
11 20 31 87
11 31 9 34
12 20 19 87
14 20 43 87
15 31 55 34
16 20 37 87
17 20 49 87
18 20 1 87
18 31 7 61
19 20 55 87
20 31 1 34
22 20 1 99
22 31 13 61
23 20 7 99
23 31 1 61
27 20 19 99
30 31 33 61
31 20 13 99
32 20 25 99
32 31 21 61
33 20 43 99
34 31 39 61
35 31 43 61
37 20 37 99
37 31 27 61
40 31 49 61
41 31 7 18
45 20 31 99
45 31 55 61
46 20 51 99
46 31 1 18
48 20 55 99
50 31 13 18
51 31 19 18
52 31 25 18
53 20 7 120
56 20 13 120
58 20 1 120
59 31 31 18
63 31 37 18
64 20 19 120
64 31 43 18
66 31 49 18
67 20 25 120
68 31 55 18
69 20 31 120
70 31 3 46
71 20 37 120
71 31 7 46
72 31 13 46
73 20 43 120
73 31 25 46
74 31 37 46
76 31 19 46
77 31 43 46
78 31 31 46
80 20 49 120
1 7 25 17
1 10 28 55
2 7 22 17
2 18 31 11
2 30 34 77
3 10 22 55
4 10 19 55
4 19 22 91
4 30 25 77
5 7 28 17
5 18 22 11
6 7 19 17
6 10 25 55
6 18 28 11
7 30 28 77
8 18 34 11
9 18 19 11
9 19 25 91
10 7 13 17
10 10 16 55
10 19 19 91
10 30 22 77
11 18 1 11
13 18 37 11
14 7 16 17
14 10 31 55
15 18 7 11
15 30 1 77
16 18 4 11
16 19 10 91
17 7 7 17
17 18 10 11
17 30 19 77
18 10 43 55
18 18 25 11
18 19 28 91
18 30 46 77
19 18 13 11
19 19 1 91
19 30 4 77
20 7 31 17
20 10 7 55
20 18 16 11
21 7 1 17
21 10 4 55
21 18 55 11
22 7 10 17
22 30 31 77
23 18 40 11
23 30 13 77
24 7 4 17
25 19 13 91
26 7 49 17
26 10 10 55
26 30 7 77
27 18 43 11
27 30 25 88
28 7 34 17
28 10 40 55
28 18 46 11
29 7 37 17
29 30 16 77
30 19 4 91
31 7 40 17
31 18 49 11
31 19 7 91
32 18 52 11
32 30 10 77
33 7 52 17
34 19 16 91
34 30 43 77
35 7 55 17
35 30 37 77
36 7 46 17
36 18 1 62
36 30 49 77
37 7 43 17
37 10 1 55
37 30 52 77
38 7 58 17
38 18 4 62
38 30 55 77
39 7 1 33
39 18 58 11
41 30 58 77
42 10 13 55
42 18 7 62
42 19 43 91
43 10 34 55
43 19 31 91
43 30 1 88
44 7 4 33
45 18 10 62
45 30 13 88
46 10 55 55
46 30 7 88
47 7 13 33
47 10 37 55
47 18 16 62
48 7 16 33
48 10 49 55
48 18 13 62
48 19 37 91
49 18 19 62
50 19 34 91
51 30 4 88
53 18 22 62
54 10 1 73
54 19 40 91
55 10 4 73
55 30 40 77
56 7 7 33
56 10 46 55
56 30 10 88
57 10 7 73
57 18 31 62
57 30 16 88
58 10 52 55
58 18 25 62
59 18 28 62
59 30 19 88
62 7 10 33
62 10 13 73
62 18 34 62
62 19 49 91
63 10 10 73
63 19 46 91
63 30 28 88
64 18 37 62
64 19 55 91
64 30 31 88
65 19 52 91
66 10 16 73
66 19 22 107
67 7 19 33
67 10 22 73
67 18 40 62
67 30 34 88
68 19 31 107
68 30 22 88
69 10 58 55
69 19 16 107
70 7 22 33
70 18 43 62
71 7 25 33
72 10 19 73
72 18 46 62
72 19 58 91
72 30 37 88
74 19 13 107
75 10 31 73
75 19 19 107
75 30 40 88
76 7 28 33
76 19 34 107
77 19 25 107
77 30 49 88
78 7 43 33
79 7 33 33
79 30 52 88
80 7 37 33
80 10 25 73
80 18 55 62
80 19 28 107
1 15 23 24
2 15 3 24
4 4 17 66
5 4 11 66
7 15 5 24
7 26 11 4
8 4 29 66
9 4 22 66
11 4 15 66
12 4 34 66
12 15 17 24
12 26 5 4
14 15 7 24
15 4 37 66
15 15 10 24
17 15 1 24
20 26 13 4
21 26 7 4
22 4 19 66
23 26 19 4
24 4 25 66
24 15 13 24
25 15 21 24
26 4 27 66
26 26 15 4
27 26 17 4
28 26 9 4
30 4 39 66
31 15 19 24
31 26 1 4
32 4 31 66
32 26 29 4
33 26 3 4
34 15 31 24
35 4 41 66
36 4 52 66
36 15 15 24
39 15 25 24
39 26 21 4
40 4 46 66
40 15 29 24
41 26 23 4
42 26 46 4
43 4 43 66
43 15 27 24
44 4 49 66
46 15 35 24
46 26 25 4
47 15 33 24
49 15 37 24
49 26 27 4
51 26 31 4
52 4 58 66
52 26 33 4
53 4 55 66
53 15 39 24
54 15 43 24
55 4 1 37
56 4 17 37
57 15 41 24
58 4 5 37
58 15 45 24
58 26 35 4
59 4 3 37
59 26 37 4
60 26 41 4
61 4 13 37
62 4 7 37
63 4 15 37
63 26 43 4
64 4 23 37
65 4 19 37
65 26 39 4
67 4 11 37
69 4 9 37
71 26 49 4
72 15 49 24
73 15 47 24
74 15 51 24
75 4 34 37
76 4 31 37
76 26 51 4
78 4 21 37
78 26 53 4
1 28 31 28
3 16 37 9
4 11 28 44
4 16 31 9
5 11 25 44
5 28 34 28
6 11 31 44
7 11 34 44
7 16 25 9
8 11 37 44
8 16 40 9
8 28 43 28
9 28 37 28
10 16 28 9
10 28 25 28
11 11 40 44
11 16 43 9
12 16 46 9
12 28 40 28
13 28 28 28
14 11 19 44
15 16 49 9
16 16 13 9
17 11 22 44
17 16 34 9
23 28 46 28
24 11 1 44
24 28 15 28
25 11 16 44
25 28 25 54
26 16 52 9
29 16 1 9
29 28 4 28
30 16 7 9
30 28 1 28
31 11 4 44
32 16 16 9
33 16 55 9
34 28 7 28
35 11 7 44
35 28 10 28
36 11 10 44
36 28 4 54
37 28 49 28
38 11 13 44
38 16 19 9
39 11 43 44
39 28 55 28
40 11 55 44
41 16 19 113
43 11 46 44
44 11 51 44
44 16 10 9
44 28 19 28
46 28 22 28
48 11 1 83
49 11 4 83
49 16 22 9
50 16 1 113
50 28 7 54
52 11 7 83
52 28 1 54
53 11 15 83
53 28 52 28
54 11 19 83
55 11 10 83
56 11 58 44
57 16 4 9
58 16 7 113
58 28 10 54
60 11 22 83
60 16 4 113
61 11 25 83
61 16 22 113
62 16 16 113
63 28 31 54
65 28 13 54
66 16 10 113
67 28 16 54
69 11 28 83
69 28 19 54
70 11 31 83
70 28 58 28
71 11 34 83
71 16 58 9
72 16 25 113
74 11 43 83
74 16 46 113
74 28 55 54
75 28 22 54
76 28 37 54
78 28 46 54
79 16 13 113
80 11 40 83
80 28 34 54
2 13 11 1
10 13 1 1
11 13 17 1
13 13 13 1
14 13 5 1
18 13 19 1
29 13 23 1
32 13 7 1
33 13 25 1
38 13 29 1
41 13 27 1
43 13 9 1
44 13 15 1
45 13 21 1
47 13 31 1
50 13 37 1
51 13 33 1
54 13 35 1
62 13 3 1
66 13 39 1
68 13 41 1
70 13 46 1
72 13 43 1
73 13 49 1
78 13 51 1
3 22 43 118
4 22 37 118
5 22 49 118
6 22 55 118
10 22 31 118
16 22 43 19
18 22 21 118
30 22 13 118
33 22 27 118
34 22 49 19
35 22 1 118
37 22 7 118
39 22 13 30
40 22 1 30
42 22 55 19
43 22 37 19
47 22 19 30
48 22 25 30
51 22 7 30
52 22 13 45
53 22 31 19
56 22 31 30
58 22 37 30
64 22 25 45
65 22 43 30
69 22 49 30
71 22 1 45
72 22 7 45
75 22 55 30
76 22 43 45
77 22 19 45
1 12 37 41
2 12 43 41
3 12 49 41
6 12 37 65
9 12 31 41
10 12 55 41
11 12 25 41
13 12 43 65
15 12 39 47
19 12 49 65
20 12 55 65
22 12 49 26
28 12 19 41
29 12 43 47
31 12 21 65
32 12 33 65
35 12 19 47
42 12 1 41
44 12 45 56
49 12 7 41
57 12 49 47
59 12 7 65
60 12 13 41
61 12 31 47
69 12 1 65
71 12 13 65
78 12 55 26
Điểm tối ưu: 905
Thời gian: 0.103271 giây
Trạng thái: GREEDY_DONE
