5995
11 163 1 223
14 163 4 223
44 107 1 533
47 163 7 223
63 107 4 533
69 163 10 223
70 107 7 533
74 107 10 533
79 163 13 223
80 163 16 223
81 163 19 223
83 163 22 223
98 107 13 533
99 163 25 223
111 163 28 223
111 107 16 533
117 107 19 533
130 163 31 223
138 163 34 223
156 107 22 533
166 163 37 223
173 163 40 223
201 163 43 223
215 107 25 533
223 107 28 533
230 107 31 533
235 107 34 533
241 163 46 223
246 107 37 533
249 163 49 223
258 107 40 533
279 163 52 223
288 163 55 223
290 163 58 223
292 107 43 533
295 107 46 533
308 107 49 533
309 107 52 533
324 107 55 533
325 163 1 298
327 163 4 298
327 107 58 533
339 107 1 403
355 107 4 403
364 107 7 403
373 163 7 298
378 163 10 298
424 163 13 298
432 107 10 403
436 107 13 403
447 107 16 403
449 163 16 298
454 107 19 403
459 107 22 403
468 107 25 403
470 163 19 298
474 163 22 298
492 107 28 403
498 107 31 403
26 62 1 251
32 62 3 251
35 50 1 702
45 62 5 251
46 50 3 702
59 62 7 251
62 62 9 251
66 50 5 702
89 62 11 251
90 50 7 702
120 62 13 251
135 62 15 251
139 50 9 702
152 50 11 702
155 62 17 251
161 50 13 702
161 62 19 251
171 62 21 251
201 62 23 251
207 50 15 702
210 50 17 702
217 50 19 702
228 50 21 702
231 62 25 251
234 62 27 251
238 62 29 251
244 50 23 702
246 62 31 251
249 50 25 702
253 62 33 251
256 50 27 702
259 50 29 702
269 50 31 702
277 50 33 702
278 62 35 251
290 50 35 702
300 62 37 251
313 50 37 702
316 50 39 702
336 50 41 702
337 50 43 702
341 62 39 251
342 62 41 251
350 50 45 702
353 62 43 251
362 62 45 251
369 62 47 251
382 50 47 702
389 62 49 251
393 62 51 251
402 62 53 251
404 50 49 702
433 62 55 251
435 62 57 251
445 62 59 251
446 62 1 310
460 50 51 702
477 62 3 310
481 50 53 702
483 50 55 702
484 62 5 310
499 50 57 702
7 38 1 39
9 38 7 39
157 38 13 39
162 38 19 39
165 38 25 39
200 38 31 39
230 38 37 39
231 38 43 39
237 38 49 39
271 38 55 39
338 38 1 146
340 38 7 146
354 38 13 146
410 38 19 146
444 38 25 146
463 38 31 146
479 38 37 146
3 104 1 20
14 148 1 111
31 104 4 20
39 104 7 20
42 148 4 111
53 104 10 20
55 104 13 20
59 104 16 20
60 104 19 20
60 148 7 111
69 148 13 111
71 148 10 111
73 148 16 111
81 104 22 20
90 148 19 111
91 104 25 20
93 104 28 20
97 104 31 20
104 104 34 20
112 104 37 20
122 148 22 111
151 148 25 111
172 104 40 20
200 148 28 111
201 104 46 20
204 148 31 111
205 104 43 20
209 104 49 20
213 104 52 20
229 148 34 111
245 148 37 111
247 148 40 111
251 148 43 111
257 148 46 111
259 104 55 20
299 104 58 20
307 104 1 612
308 104 4 612
317 148 49 111
325 148 52 111
344 104 7 612
351 104 10 612
378 104 13 612
385 148 55 111
388 148 58 111
390 148 1 462
392 148 4 462
404 148 7 462
427 148 10 462
432 104 16 612
434 148 13 462
442 104 19 612
442 148 16 462
447 148 19 462
451 104 22 612
460 104 25 612
463 148 22 462
472 104 28 612
472 148 25 462
487 104 31 612
492 104 34 612
494 104 37 612
500 104 40 612
19 192 1 139
41 192 3 139
49 197 1 368
57 197 3 368
61 192 5 139
65 197 5 368
67 192 7 139
70 192 10 139
72 192 13 139
80 192 19 139
100 197 7 368
103 197 9 368
112 192 15 139
116 197 11 368
128 197 13 368
129 197 15 368
133 192 17 139
164 192 21 139
170 197 17 368
192 192 23 139
195 192 25 139
214 197 19 368
215 197 21 368
216 197 23 368
222 197 25 368
223 197 31 368
238 192 27 139
246 192 29 139
248 197 27 368
250 192 31 139
251 192 33 139
261 197 29 368
286 197 33 368
291 192 35 139
296 192 37 139
297 192 39 139
302 192 41 139
309 192 43 139
310 192 45 139
310 197 35 368
317 192 47 139
352 192 49 139
368 197 37 368
372 192 51 139
394 192 53 139
406 192 55 139
428 192 57 139
428 197 39 368
430 197 41 368
444 197 43 368
472 197 45 368
474 192 59 139
479 197 47 368
484 192 1 376
486 197 49 368
20 39 1 522
22 67 1 173
28 67 7 173
39 67 13 173
40 39 7 522
60 67 25 173
65 67 19 173
75 39 13 522
80 67 31 173
102 39 19 522
106 67 37 173
109 39 25 522
110 67 43 173
122 67 49 173
133 67 55 173
135 67 1 309
147 39 31 522
160 67 7 309
175 67 13 309
178 67 19 309
179 39 37 522
181 39 43 522
182 39 49 522
185 67 25 309
186 39 55 522
187 67 31 309
202 67 37 309
210 67 43 309
220 39 1 279
240 67 49 309
261 67 55 309
267 67 1 134
282 67 7 134
289 67 13 134
290 67 19 134
297 39 7 279
312 67 25 134
314 67 31 134
317 39 13 279
323 39 19 279
329 67 37 134
330 39 25 279
334 67 43 134
336 39 31 279
349 67 49 134
377 67 55 134
382 67 1 258
390 39 37 279
403 67 7 258
405 67 13 258
408 67 19 258
409 67 25 258
422 67 31 258
440 67 37 258
449 67 43 258
457 39 43 279
458 39 49 279
468 67 49 258
474 39 55 279
475 67 55 258
4 61 1 483
12 61 4 483
13 113 1 80
21 61 7 483
24 113 4 80
31 61 10 483
38 61 13 483
43 61 16 483
52 113 7 80
53 61 19 483
57 61 22 483
65 61 25 483
89 113 13 80
106 113 10 80
107 113 16 80
134 61 28 483
142 61 31 483
153 113 19 80
206 113 22 80
219 113 25 80
219 61 34 483
229 113 28 80
234 113 31 80
257 113 34 80
259 113 37 80
260 61 37 483
269 113 40 80
274 61 40 483
290 61 43 483
292 113 46 80
298 113 43 80
300 113 49 80
304 61 46 483
309 113 55 80
322 61 49 483
338 61 52 483
370 113 52 80
377 61 1 515
378 113 58 80
398 61 55 483
400 113 3 376
401 61 58 483
410 113 7 376
413 61 4 515
415 113 10 376
419 61 7 515
431 61 10 515
436 61 16 515
445 113 13 376
450 61 13 515
466 113 16 376
475 61 19 515
478 113 19 376
480 113 22 376
484 61 22 515
485 61 25 515
490 61 28 515
499 113 25 376
1 105 1 545
5 105 3 545
8 105 5 545
9 105 11 545
38 105 7 545
64 105 9 545
71 105 13 545
82 105 15 545
91 105 17 545
104 105 19 545
131 105 21 545
155 105 23 545
158 105 25 545
164 105 27 545
219 105 29 545
240 105 31 545
260 105 33 545
261 105 35 545
298 105 37 545
306 105 39 545
315 105 41 545
318 105 43 545
321 105 45 545
338 105 47 545
354 105 49 545
358 105 51 545
373 105 53 545
397 105 55 545
412 105 57 545
414 105 59 545
425 105 1 183
433 105 3 183
444 105 5 183
449 105 7 183
454 105 9 183
15 120 1 570
30 154 1 503
32 120 7 570
36 120 13 570
44 154 7 503
53 120 25 570
72 120 19 570
72 154 15 503
76 120 31 570
85 120 37 570
91 154 19 503
105 120 43 570
109 154 31 503
109 120 49 570
122 154 25 503
136 120 55 570
153 154 37 503
156 120 1 582
157 154 43 503
162 120 7 582
173 154 49 503
180 120 13 582
186 120 19 582
201 154 55 503
221 120 25 582
239 154 1 267
254 120 31 582
267 154 7 267
283 120 37 582
285 120 43 582
287 154 13 267
296 120 49 582
302 154 19 267
304 154 25 267
310 154 31 267
316 120 55 582
320 120 1 480
327 154 37 267
339 154 43 267
344 120 13 480
344 154 49 267
353 120 7 480
362 120 19 480
367 154 55 267
379 120 25 480
387 154 1 446
402 154 7 446
418 120 31 480
420 120 37 480
432 120 43 480
440 120 49 480
453 154 13 446
460 120 55 480
477 120 7 630
499 154 19 446
7 144 7 151
15 103 7 378
16 144 1 151
18 144 4 151
20 144 10 151
44 144 13 151
51 144 16 151
54 144 19 151
55 103 1 378
60 144 22 151
66 103 10 378
67 144 25 151
68 103 4 378
68 144 28 151
77 103 13 378
80 144 37 151
87 144 31 151
88 144 34 151
107 103 19 378
116 144 40 151
134 103 16 378
152 144 43 151
173 144 46 151
174 144 49 151
178 144 52 151
181 103 22 378
192 103 25 378
203 103 28 378
226 103 31 378
232 103 34 378
236 103 37 378
262 144 55 151
265 144 58 151
268 144 1 722
269 103 43 378
270 144 4 722
279 103 40 378
282 103 46 378
285 144 7 722
298 103 49 378
299 144 10 722
306 103 52 378
310 103 55 378
312 144 13 722
317 103 58 378
333 103 1 461
337 103 4 461
356 144 16 722
360 103 7 461
371 103 10 461
382 144 19 722
384 144 22 722
386 103 13 461
405 103 19 461
408 103 16 461
412 144 25 722
419 144 28 722
434 103 22 461
439 103 25 461
459 144 31 722
476 144 34 722
477 103 28 461
480 103 31 461
480 144 37 722
483 144 40 722
491 144 43 722
2 17 1 371
8 17 3 371
9 17 5 371
12 4 1 26
19 48 3 228
22 48 5 228
23 4 3 26
26 48 7 228
29 17 7 371
31 4 7 26
34 17 9 371
38 17 11 371
39 4 5 26
42 48 1 228
45 48 9 228
47 4 10 26
47 48 13 228
49 17 13 371
50 17 15 371
58 48 11 228
65 48 15 228
75 48 17 228
76 4 13 26
80 17 21 371
82 17 17 371
88 4 15 26
97 17 19 371
100 48 19 228
104 48 21 228
105 17 23 371
109 4 17 26
120 17 25 371
126 17 27 371
130 4 19 26
132 17 29 371
133 17 31 371
135 48 23 228
140 4 21 26
150 17 33 371
156 4 25 26
156 17 35 371
160 4 23 26
174 48 25 228
184 4 27 26
194 17 37 371
197 4 29 26
197 17 39 371
198 48 27 228
201 17 41 371
205 4 31 26
218 48 29 228
219 4 37 26
223 48 33 228
229 48 31 228
231 17 47 371
233 48 35 228
243 4 33 26
244 4 35 26
254 48 37 228
261 48 39 228
264 17 43 371
268 48 41 228
270 4 39 26
279 4 43 26
283 17 45 371
286 48 43 228
286 17 49 371
287 48 45 228
305 48 47 228
310 4 41 26
314 4 45 26
314 17 51 371
319 4 47 26
319 17 53 371
332 17 55 371
347 4 49 26
356 17 57 371
359 4 51 26
361 4 53 26
364 17 59 371
366 4 55 26
369 4 57 26
370 48 49 228
376 48 51 228
377 4 59 26
384 4 1 491
389 17 1 53
394 4 3 491
395 4 5 491
399 17 3 53
405 17 5 53
415 48 53 228
418 17 7 53
424 17 9 53
425 4 7 491
432 4 13 491
442 4 9 491
445 17 11 53
446 48 55 228
450 17 16 53
454 4 11 491
480 4 15 491
482 4 17 491
488 17 13 53
494 48 57 228
13 30 7 716
14 30 13 716
19 30 19 716
21 30 1 716
22 155 7 81
82 155 1 81
84 30 25 716
90 155 13 81
94 155 19 81
109 30 37 716
126 155 31 81
137 155 25 81
142 155 37 81
146 30 31 716
150 155 43 81
155 30 43 716
161 155 49 81
183 30 49 716
185 30 55 716
210 155 55 81
212 155 1 14
213 30 1 76
227 155 7 14
238 155 13 14
239 155 19 14
252 155 25 14
258 155 31 14
261 30 7 76
262 155 37 14
264 155 45 14
266 30 13 76
268 30 19 76
275 155 49 14
279 155 55 14
280 30 25 76
282 155 1 36
285 30 31 76
293 30 37 76
297 155 13 36
351 30 43 76
395 30 49 76
398 30 1 147
400 30 55 76
425 30 9 147
428 155 7 36
441 155 19 36
447 155 25 36
460 30 13 147
472 30 19 147
475 155 31 36
475 30 25 147
492 30 37 147
497 155 37 36
13 109 4 397
39 109 1 397
97 109 7 397
100 109 9 397
107 109 11 397
148 109 13 397
196 109 15 397
215 109 17 397
252 109 19 397
269 109 21 397
278 109 23 397
284 109 25 397
303 109 27 397
314 109 29 397
322 109 31 397
325 109 33 397
328 109 35 397
371 109 37 397
379 109 39 397
398 109 41 397
403 109 43 397
404 109 45 397
411 109 47 397
416 109 49 397
436 109 51 397
4 195 7 505
10 195 1 505
16 195 13 505
20 195 19 505
110 195 25 505
126 195 37 505
133 195 33 505
157 195 49 505
159 195 43 505
200 195 55 505
222 195 1 419
241 195 7 419
290 195 13 419
304 195 19 419
336 195 25 419
361 195 31 419
380 195 37 419
399 195 43 419
422 195 49 419
423 195 55 419
441 195 1 273
461 195 7 273
475 195 13 273
476 195 19 273
25 189 1 282
27 189 4 282
46 189 7 282
47 189 15 282
98 189 10 282
155 189 19 282
159 189 22 282
174 189 27 282
176 189 31 282
179 189 34 282
182 189 37 282
197 189 43 282
214 189 40 282
218 189 46 282
229 189 49 282
282 189 52 282
297 189 55 282
395 189 58 282
406 189 1 452
422 189 4 452
437 189 7 452
468 189 10 452
16 166 4 32
25 166 7 32
36 166 1 32
38 166 9 32
59 166 11 32
68 166 13 32
108 166 15 32
118 166 17 32
123 166 19 32
159 166 25 32
200 166 21 32
214 166 23 32
250 166 27 32
266 166 29 32
273 166 31 32
288 166 33 32
307 166 35 32
318 166 37 32
339 166 39 32
356 166 41 32
359 166 43 32
398 166 45 32
415 166 47 32
452 166 49 32
466 166 51 32
487 166 53 32
489 166 55 32
18 164 1 275
27 164 7 275
30 164 10 275
42 164 13 275
43 164 4 275
81 164 16 275
93 164 19 275
106 164 22 275
123 164 25 275
132 164 31 275
134 164 34 275
136 164 28 275
143 164 37 275
200 164 40 275
237 164 43 275
240 164 46 275
258 164 49 275
264 164 52 275
276 164 55 275
288 164 58 275
301 164 1 685
343 164 4 685
353 164 13 685
364 164 10 685
365 164 7 685
369 164 16 685
408 164 25 685
422 164 19 685
423 164 22 685
437 164 28 685
443 164 31 685
445 164 34 685
446 164 37 685
468 164 40 685
470 164 43 685
495 164 46 685
7 138 13 37
43 138 7 37
44 138 19 37
47 138 1 37
70 138 25 37
91 138 31 37
101 138 37 37
131 138 43 37
186 138 49 37
191 138 55 37
213 138 25 273
216 138 31 273
238 138 37 273
274 138 43 273
296 138 55 273
297 138 49 273
306 138 1 319
307 138 7 319
329 138 13 319
375 138 19 319
394 138 25 319
426 138 31 319
428 138 43 319
431 138 37 319
450 138 49 319
473 138 55 319
35 3 43 36
38 3 46 36
41 3 49 36
43 3 52 36
64 3 55 36
144 3 58 36
171 3 1 398
173 3 4 398
205 3 7 398
216 3 10 398
255 3 13 398
257 3 16 398
265 3 19 398
271 3 22 398
275 3 25 398
276 3 28 398
292 3 31 398
299 3 34 398
300 3 39 398
318 3 45 398
324 3 49 398
346 3 52 398
360 3 55 398
370 3 58 398
381 3 1 350
403 3 4 350
419 3 10 350
424 3 16 350
428 3 13 350
442 3 22 350
449 3 19 350
450 3 7 350
452 3 25 350
460 3 28 350
462 3 31 350
466 3 34 350
481 3 37 350
495 3 40 350
6 93 1 525
21 93 5 525
23 93 7 525
35 93 3 525
49 93 9 525
52 93 11 525
55 93 16 525
82 93 13 525
84 93 19 525
97 93 21 525
123 93 23 525
141 93 25 525
153 93 27 525
166 93 29 525
170 93 31 525
187 93 35 525
200 93 37 525
204 93 39 525
206 93 33 525
231 93 41 525
234 93 43 525
237 93 46 525
281 93 49 525
290 93 51 525
327 93 53 525
329 93 55 525
335 93 57 525
384 93 59 525
407 93 1 197
421 93 3 197
434 93 5 197
438 93 7 197
466 93 9 197
477 93 11 197
484 93 13 197
6 160 3 247
19 160 7 247
53 160 13 247
58 160 19 247
67 160 31 247
68 160 37 247
74 160 25 247
103 160 43 247
124 160 49 247
141 160 55 247
146 160 1 379
148 160 7 379
151 160 13 379
186 160 25 379
210 160 19 379
213 160 31 379
214 160 43 379
225 160 37 379
233 160 49 379
244 160 55 379
252 160 1 495
256 160 7 495
257 160 19 495
272 160 13 495
283 160 25 495
294 160 31 495
313 160 39 495
352 160 43 495
389 160 51 495
447 160 55 495
452 160 1 714
482 160 7 714
487 160 13 714
2 157 3 519
43 157 13 519
49 157 16 519
64 157 19 519
77 157 7 519
83 157 10 519
95 157 22 519
107 157 25 519
122 157 31 519
141 157 28 519
163 157 34 519
164 157 37 519
168 157 40 519
172 157 43 519
178 157 46 519
182 157 55 519
184 157 49 519
199 157 52 519
202 157 58 519
203 157 1 749
224 157 4 749
273 157 7 749
275 157 10 749
281 157 13 749
297 157 19 749
309 157 16 749
349 157 22 749
409 157 31 749
410 157 25 749
416 157 28 749
427 157 34 749
434 157 37 749
453 157 40 749
8 64 7 131
11 64 13 131
12 64 19 131
24 64 25 131
39 64 31 131
47 64 37 131
51 64 1 131
58 64 43 131
65 64 49 131
71 64 55 131
110 64 1 56
115 64 7 56
123 64 13 56
128 64 19 56
190 64 25 56
193 64 31 56
231 64 37 56
250 64 43 56
268 64 49 56
272 64 55 56
281 64 1 331
291 64 7 331
305 64 13 331
313 64 19 331
314 64 25 331
323 64 31 331
333 64 37 331
346 64 43 331
349 64 55 331
358 64 1 563
385 64 49 331
399 64 7 563
414 64 13 563
442 64 25 563
450 64 19 563
454 64 31 563
455 64 37 563
465 64 43 563
488 64 49 563
28 20 1 246
41 20 7 246
53 20 4 246
56 20 10 246
69 20 16 246
72 20 25 246
125 20 13 246
167 20 19 246
168 20 22 246
182 20 28 246
193 20 37 246
221 20 31 246
224 20 34 246
235 20 40 246
238 20 43 246
262 20 46 246
268 20 55 246
270 20 49 246
276 20 52 246
277 20 58 246
295 20 1 177
364 20 4 177
381 20 7 177
382 20 10 177
420 20 13 177
424 20 19 177
437 20 16 177
459 20 25 177
476 20 28 177
485 20 22 177
9 49 17 319
17 49 5 319
18 49 11 319
34 176 5 14
35 176 11 14
35 49 23 319
44 49 29 319
52 176 17 14
62 49 35 319
63 176 23 14
63 49 41 319
68 49 47 319
84 176 29 14
125 49 53 319
126 176 35 14
128 49 59 319
169 49 1 65
170 176 41 14
178 49 3 65
195 49 5 65
226 176 43 14
227 176 53 14
228 49 7 65
242 176 59 14
245 49 9 65
285 176 1 210
289 176 3 210
292 176 5 210
321 49 11 65
327 49 13 65
334 49 15 65
335 176 7 210
351 176 13 210
354 49 17 65
356 176 9 210
361 49 19 65
366 49 21 65
372 49 23 65
379 49 29 65
383 176 11 210
385 49 25 65
393 176 15 210
420 49 27 65
429 49 31 65
430 49 33 65
452 176 17 210
453 176 19 210
474 176 25 210
479 176 21 210
488 176 23 210
490 176 31 210
490 49 35 65
5 88 1 171
8 88 11 171
59 88 3 171
79 88 5 171
96 88 7 171
129 88 9 171
157 88 17 171
168 88 13 171
169 88 15 171
206 88 19 171
225 88 21 171
245 88 23 171
251 88 25 171
258 88 27 171
263 88 29 171
346 88 31 171
347 88 33 171
348 88 35 171
371 88 39 171
404 88 37 171
407 88 41 171
418 88 43 171
425 88 45 171
426 88 47 171
438 88 49 171
448 88 51 171
469 88 53 171
470 88 55 171
488 88 57 171
489 88 59 171
500 88 15 197
25 114 9 669
30 59 13 196
37 59 1 196
52 59 19 196
59 59 25 196
63 59 7 196
75 114 1 669
82 59 31 196
84 59 37 196
88 59 43 196
92 59 49 196
108 114 19 669
131 59 55 196
135 59 7 268
139 114 13 669
154 59 1 268
161 114 25 669
166 114 31 669
193 114 43 669
210 114 37 669
210 59 13 268
219 114 49 669
223 59 19 268
226 114 55 669
234 114 1 558
235 59 25 268
243 114 7 558
249 59 31 268
252 59 37 268
256 59 43 268
267 114 13 558
267 59 49 268
275 59 55 268
282 114 19 558
282 59 25 53
283 59 19 53
284 114 27 558
301 59 31 53
302 59 37 53
317 114 31 558
318 59 49 53
320 114 37 558
334 114 49 558
335 59 43 53
343 59 55 53
344 114 43 558
350 59 1 248
352 114 55 558
354 114 1 222
359 114 7 222
373 59 13 248
378 59 19 248
405 59 7 248
408 114 31 222
419 114 13 222
429 114 19 222
434 59 25 248
448 59 31 248
454 59 37 248
455 114 25 222
473 59 43 248
478 59 49 248
483 59 57 248
490 114 37 222
492 59 1 703
16 69 7 416
17 69 1 416
25 69 4 416
34 69 13 416
56 69 16 416
83 69 19 416
87 69 10 416
112 69 22 416
139 69 25 416
150 69 28 416
160 69 31 416
166 69 40 416
170 69 34 416
173 69 37 416
179 69 43 416
196 69 46 416
214 69 49 416
233 69 55 416
246 69 52 416
249 69 58 416
274 69 1 202
279 69 4 202
378 69 7 202
379 69 10 202
387 69 13 202
395 69 16 202
405 69 22 202
407 69 19 202
409 69 34 202
440 69 25 202
443 69 28 202
447 69 31 202
448 69 37 202
465 69 40 202
475 69 43 202
11 6 7 83
30 6 19 83
58 6 1 83
95 6 13 83
113 6 25 83
125 6 31 83
140 6 37 83
149 6 43 83
160 6 49 83
178 6 55 83
186 6 1 90
188 6 7 90
202 6 13 90
216 6 19 90
227 6 25 90
231 6 31 90
232 6 37 90
237 6 55 90
242 6 43 90
246 6 1 327
292 6 49 90
295 6 7 327
302 6 13 327
315 6 19 327
324 6 25 327
330 6 31 327
333 6 43 327
335 6 37 327
339 6 49 327
352 6 1 597
398 6 7 597
404 6 55 327
408 6 37 597
409 6 13 597
422 6 25 597
433 6 19 597
448 6 43 597
449 6 31 597
452 6 51 597
493 6 55 597
42 41 7 356
66 41 1 356
88 41 4 356
96 41 10 356
101 41 13 356
106 41 16 356
114 41 19 356
138 41 22 356
146 41 25 356
177 41 28 356
183 41 31 356
191 41 34 356
210 41 49 356
211 41 37 356
214 41 52 356
221 41 40 356
226 41 45 356
236 41 55 356
245 41 58 356
264 41 1 415
301 41 4 415
312 41 7 415
331 41 10 415
336 41 13 415
380 41 16 415
381 41 19 415
389 41 22 415
392 41 25 415
402 41 28 415
410 41 31 415
416 41 34 415
422 41 37 415
445 41 40 415
453 41 43 415
7 45 5 11
25 45 13 11
55 45 7 11
85 45 1 11
94 45 3 11
95 45 9 11
104 45 11 11
117 45 15 11
122 45 17 11
126 45 19 11
176 45 21 11
204 45 23 11
217 45 25 11
219 45 31 11
233 45 27 11
290 45 29 11
296 45 33 11
324 45 35 11
325 45 37 11
334 45 39 11
348 45 41 11
394 45 43 11
409 45 45 11
412 45 47 11
425 45 49 11
428 45 51 11
439 45 53 11
445 45 55 11
472 45 57 11
481 45 59 11
483 45 1 77
489 45 3 77
6 145 7 366
33 145 1 366
64 145 4 366
76 145 10 366
92 145 13 366
118 145 19 366
131 145 16 366
133 145 22 366
141 145 31 366
155 145 25 366
157 145 28 366
193 145 40 366
196 145 34 366
199 145 37 366
207 145 43 366
269 145 46 366
281 145 51 366
284 145 55 366
291 145 58 366
299 145 1 561
319 145 4 561
321 145 7 561
322 145 10 561
332 145 13 561
356 145 19 561
358 145 16 561
366 145 25 561
388 145 22 561
399 145 28 561
477 145 31 561
482 145 34 561
497 145 43 561
9 94 51 368
12 84 7 523
16 84 10 523
17 84 13 523
21 84 16 523
26 84 3 523
33 84 19 523
39 94 55 368
46 94 58 368
57 84 25 523
70 84 22 523
74 94 1 265
87 84 28 523
93 84 31 523
97 94 4 265
103 84 34 523
107 84 37 523
117 94 7 265
131 94 10 265
134 84 40 523
142 84 43 523
144 84 46 523
145 84 49 523
147 94 13 265
148 94 16 265
150 94 19 265
151 84 52 523
156 94 27 265
158 84 55 523
161 94 22 265
172 84 58 523
178 94 31 265
189 84 1 569
189 94 34 265
190 84 4 569
198 94 37 265
204 84 7 569
208 84 10 569
208 94 40 265
212 84 13 569
216 94 43 265
221 94 46 265
224 94 49 265
253 94 52 265
276 84 16 569
293 84 19 569
300 84 22 569
305 84 25 569
315 94 55 265
318 94 58 265
320 84 28 569
328 84 31 569
339 84 34 569
347 94 1 361
349 94 4 361
350 94 7 361
358 94 10 361
367 94 13 361
368 84 39 569
370 94 16 361
381 94 22 361
386 84 43 569
386 94 19 361
388 94 25 361
389 94 28 361
391 84 46 569
413 84 49 569
417 84 52 569
424 94 31 361
435 84 1 620
441 94 34 361
444 84 55 569
444 94 37 361
460 84 4 620
461 84 58 569
473 84 7 620
476 84 10 620
481 94 40 361
486 84 13 620
496 94 43 361
6 19 10 409
15 19 5 409
18 19 7 409
25 90 17 716
36 90 5 716
54 90 11 716
56 19 1 409
70 19 3 409
99 90 23 716
106 19 13 409
114 90 29 716
122 90 35 716
135 19 17 409
141 19 15 409
145 90 41 716
158 19 19 409
159 19 27 409
178 19 23 409
179 90 47 716
182 19 21 409
190 90 53 716
204 19 25 409
210 19 29 409
214 90 59 716
223 19 35 409
229 90 1 184
240 19 33 409
250 90 3 184
257 90 5 184
261 90 11 184
265 19 31 409
269 90 7 184
285 19 37 409
298 19 39 409
303 90 9 184
320 19 41 409
321 19 43 409
337 19 45 409
337 90 13 184
340 19 47 409
344 19 53 409
359 19 49 409
362 90 15 184
363 90 17 184
373 90 19 184
375 19 51 409
379 90 21 184
383 90 23 184
389 19 55 409
396 19 57 409
399 90 25 184
414 19 1 614
424 90 27 184
428 90 29 184
443 90 34 184
445 90 31 184
446 90 40 184
471 19 59 409
474 19 3 614
477 19 5 614
497 90 46 184
8 116 1 10
41 116 5 10
46 116 10 10
132 116 3 10
155 116 7 10
215 116 13 10
224 116 15 10
226 116 17 10
241 116 19 10
278 116 21 10
294 116 23 10
349 116 25 10
358 116 27 10
363 116 29 10
406 116 31 10
466 116 37 10
485 116 33 10
495 116 35 10
1 141 3 86
8 92 13 694
17 141 7 86
25 92 19 694
26 92 9 694
29 92 1 694
30 141 25 86
34 92 16 694
38 92 4 694
41 141 10 86
49 141 19 86
64 141 13 86
85 92 22 694
96 92 25 694
97 92 28 694
101 141 16 86
101 92 31 694
111 92 34 694
118 92 37 694
130 141 22 86
141 92 40 694
154 141 28 86
158 92 43 694
159 141 31 86
174 141 34 86
187 92 46 694
191 141 37 86
193 141 49 86
196 92 49 694
199 92 55 694
202 141 43 86
205 141 40 86
209 92 52 694
216 92 58 694
220 92 7 618
229 92 3 618
239 92 10 618
240 92 13 618
244 92 16 618
246 141 46 86
248 141 52 86
251 141 55 86
256 141 58 86
260 92 19 618
267 92 22 618
287 141 1 106
293 141 4 106
293 92 25 618
296 92 28 618
297 92 31 618
310 92 37 618
313 92 34 618
329 141 7 106
335 141 10 106
366 92 40 618
367 92 43 618
372 92 46 618
376 141 13 106
380 141 19 106
381 92 49 618
392 92 52 618
403 92 55 618
417 92 58 618
430 141 16 106
432 92 1 161
438 141 22 106
438 92 4 161
455 141 31 106
457 141 25 106
459 141 28 106
459 92 7 161
462 92 10 161
465 141 34 106
485 92 13 161
487 92 19 161
499 92 16 161
7 151 10 299
18 151 13 299
21 151 19 299
27 151 1 299
41 151 15 299
60 151 3 299
65 151 7 299
100 151 5 299
118 151 22 299
138 151 17 299
139 151 28 299
143 151 25 299
185 151 31 299
189 151 37 299
191 151 40 299
236 151 33 299
260 151 35 299
278 151 43 299
300 151 45 299
317 151 52 299
374 151 47 299
375 151 49 299
390 151 55 299
479 151 57 299
491 151 59 299
13 122 13 97
20 72 13 191
24 72 7 191
32 122 19 97
36 122 7 97
39 122 25 97
40 10 1 401
45 122 1 97
53 72 31 191
54 122 31 97
57 72 37 191
59 72 19 191
60 122 37 97
82 72 25 191
101 10 7 401
112 72 1 191
112 122 43 97
116 122 49 97
117 72 43 191
127 122 55 97
133 72 49 191
137 72 55 191
144 122 1 490
145 72 1 243
149 72 7 243
150 72 13 243
153 72 31 243
155 10 13 401
156 10 31 401
165 72 19 243
165 10 37 401
170 122 7 490
177 122 13 490
189 72 25 243
192 10 19 401
206 72 37 243
208 72 43 243
219 72 55 243
221 122 19 490
242 122 25 490
253 122 37 490
257 72 49 243
264 72 7 517
275 72 1 517
276 10 43 401
286 72 13 517
289 72 19 517
290 72 25 517
291 10 25 401
297 10 1 450
304 72 31 517
305 72 37 517
312 122 31 490
314 72 55 517
314 10 7 450
317 122 43 490
321 10 49 401
339 10 55 401
344 122 55 490
348 72 43 517
353 122 49 490
355 122 7 518
358 122 19 518
362 122 1 518
365 122 13 518
370 122 25 518
374 72 49 517
379 122 31 518
391 10 13 450
394 122 37 518
399 122 49 518
408 10 43 450
412 72 1 664
429 122 43 518
443 72 7 664
448 10 19 450
458 72 13 664
463 10 25 450
469 10 31 450
478 10 37 450
482 122 55 518
484 10 49 450
486 72 19 664
488 72 25 664
492 10 55 450
492 122 7 592
495 72 31 664
497 122 1 592
499 72 37 664
5 110 7 205
6 110 13 205
7 110 19 205
8 110 16 205
21 174 10 239
50 174 1 239
53 174 7 239
64 110 1 205
98 110 4 205
100 174 13 239
103 110 22 205
107 174 4 239
121 110 10 205
122 174 19 239
126 110 43 205
140 110 25 205
175 110 28 205
188 174 16 239
204 110 34 205
213 174 22 239
222 174 27 239
232 110 31 205
269 110 37 205
270 110 46 205
281 110 40 205
287 110 49 205
298 174 31 239
301 174 37 239
303 174 34 239
311 110 52 205
326 174 40 239
340 110 55 205
360 174 43 239
361 110 58 205
363 110 13 452
364 110 16 452
401 110 19 452
421 174 46 239
423 174 49 239
434 110 31 452
435 174 52 239
446 174 57 239
448 174 1 145
455 174 4 145
460 174 7 145
463 110 37 452
491 110 22 452
498 174 10 145
18 199 9 104
35 199 5 104
43 199 1 104
74 199 7 104
83 199 3 104
92 199 11 104
93 199 13 104
106 199 19 104
112 199 17 104
126 199 15 104
138 199 25 104
149 199 21 104
161 199 29 104
162 199 23 104
191 199 27 104
203 199 31 104
209 199 33 104
217 199 35 104
242 199 37 104
250 199 39 104
260 199 41 104
268 199 43 104
280 199 45 104
295 199 49 104
297 199 47 104
301 199 51 104
306 199 55 104
311 199 57 104
357 199 53 104
417 199 5 37
426 199 59 104
443 199 11 37
492 199 17 37
496 199 23 37
6 159 19 78
33 159 7 78
34 159 1 78
36 159 25 78
54 159 13 78
60 159 31 78
66 159 37 78
71 159 43 78
82 159 49 78
110 159 55 78
149 159 1 541
152 159 7 541
177 159 19 541
180 159 25 541
186 159 13 541
212 159 31 541
248 159 37 541
267 159 43 541
288 159 49 541
294 159 55 541
299 159 13 145
311 159 19 145
328 159 25 145
333 159 31 145
380 159 43 145
388 159 37 145
412 159 49 145
437 159 55 145
458 159 1 315
459 159 13 315
461 159 19 315
483 159 7 315
486 159 25 315
14 97 7 579
20 97 5 579
36 97 3 579
37 97 9 579
43 97 11 579
45 97 13 579
60 97 1 579
77 97 16 579
91 97 23 579
101 97 19 579
108 97 25 579
110 97 21 579
164 97 29 579
184 97 31 579
205 97 27 579
224 97 37 579
235 97 43 579
238 97 33 579
280 97 35 579
295 97 39 579
323 97 41 579
328 97 45 579
337 97 47 579
391 97 49 579
406 97 51 579
437 97 53 579
444 97 58 579
464 97 55 579
466 97 5 541
489 97 11 541
496 97 17 541
5 167 13 634
9 167 1 634
15 167 19 634
19 167 25 634
37 167 31 634
46 167 37 634
73 167 7 634
106 167 43 634
111 167 49 634
118 167 55 634
148 167 1 293
175 167 7 293
186 167 31 293
209 167 13 293
211 167 19 293
242 167 39 293
263 167 25 293
269 167 49 293
300 167 55 293
350 167 13 130
353 167 45 293
396 167 1 130
399 167 19 130
410 167 37 130
412 167 7 130
421 167 25 130
441 167 43 130
448 167 55 130
485 167 49 130
10 130 7 159
10 169 13 643
31 130 13 159
40 130 19 159
60 130 43 159
78 169 1 643
86 130 1 159
90 130 25 159
92 169 7 643
110 130 31 159
113 130 37 159
116 130 55 159
117 169 25 643
121 169 19 643
125 169 37 643
142 169 49 643
162 130 49 159
166 169 43 643
167 169 31 643
170 130 1 532
177 169 55 643
180 130 7 532
208 130 13 532
209 169 1 422
215 130 31 532
218 130 19 532
234 130 37 532
236 130 25 532
252 130 43 532
253 130 55 532
260 130 49 532
262 169 7 422
271 169 13 422
295 130 51 561
298 169 19 422
302 169 25 422
308 169 31 422
329 130 57 561
347 169 37 422
348 130 37 561
351 130 49 685
353 169 55 422
357 169 43 422
359 130 55 685
367 130 1 44
375 130 7 44
376 130 19 44
387 169 49 422
399 130 13 44
412 130 31 44
414 130 25 44
430 169 1 30
432 169 19 30
435 130 37 44
436 130 43 44
454 130 49 44
456 130 55 44
456 169 7 30
462 169 13 30
463 169 43 30
467 130 1 233
471 130 7 233
472 169 31 30
474 169 27 30
480 169 49 30
493 169 37 30
498 169 55 30
31 117 19 377
38 117 25 377
51 117 7 377
61 117 1 377
63 117 13 377
84 117 31 377
85 117 43 377
121 117 37 377
127 117 49 377
130 117 55 377
169 117 3 639
174 117 7 639
196 117 19 639
225 117 13 639
302 117 31 639
315 117 25 639
316 117 43 639
317 117 37 639
321 117 55 639
327 117 49 639
332 117 1 289
343 117 7 289
367 117 19 289
442 117 31 289
464 117 13 289
467 117 25 289
478 117 43 289
496 117 37 289
20 89 7 337
44 89 4 337
66 89 13 337
79 89 1 337
102 89 10 337
110 89 16 337
137 89 19 337
142 89 22 337
186 89 37 337
189 89 31 337
209 89 25 337
213 89 40 337
221 89 34 337
230 89 28 337
237 89 1 60
241 89 43 337
245 89 46 337
257 89 55 337
284 89 49 337
292 89 58 337
323 89 52 337
340 89 4 60
358 89 7 60
375 89 13 60
383 89 16 60
384 89 10 60
407 89 22 60
478 89 25 60
480 89 19 60
487 89 28 60
1 57 7 253
51 57 19 253
61 57 13 253
63 57 25 253
76 57 1 253
81 57 31 253
90 57 37 253
92 57 43 253
116 57 1 441
120 57 49 253
136 57 49 202
182 57 7 441
197 57 55 253
201 57 13 441
214 57 55 202
227 57 19 441
237 57 25 441
271 57 31 441
290 57 37 441
294 57 43 441
312 57 49 441
350 57 55 441
355 57 13 198
361 57 1 198
370 57 7 198
378 57 25 198
401 57 31 198
431 57 19 198
441 57 37 198
459 57 43 198
464 57 49 198
490 57 55 198
497 57 7 208
3 102 4 55
17 102 10 55
23 102 13 55
38 102 1 55
53 102 22 55
67 102 16 55
68 102 7 55
72 102 28 55
81 102 25 55
87 102 19 55
99 102 31 55
100 102 34 55
105 102 37 55
114 102 40 55
115 102 43 55
119 102 46 55
123 102 49 55
135 102 52 55
171 102 55 55
176 102 58 55
224 102 1 406
251 102 4 406
257 102 7 406
275 102 13 406
314 102 16 406
320 102 10 406
360 102 19 406
365 102 22 406
392 102 28 406
400 102 25 406
411 102 31 406
455 102 34 406
489 102 37 406
493 102 43 406
495 102 49 406
11 55 4 46
30 79 5 21
38 55 16 46
42 79 10 21
62 55 1 618
75 55 7 46
77 55 1 46
87 55 13 46
99 79 1 21
102 79 3 21
119 55 9 46
120 79 7 21
127 79 13 21
131 79 19 21
161 79 15 21
182 55 11 46
185 55 19 46
190 79 17 21
191 55 21 46
207 79 21 21
220 55 23 46
228 79 23 21
233 79 25 21
234 79 29 21
235 79 31 21
236 79 35 21
256 55 25 46
264 55 27 46
267 55 29 46
273 55 33 46
274 79 27 21
283 79 33 21
331 79 37 21
344 55 31 46
354 79 39 21
354 55 35 46
357 79 41 21
368 79 43 21
375 55 37 46
376 79 45 21
383 55 39 46
396 55 41 46
403 55 45 46
425 55 43 46
439 79 47 21
440 79 53 21
446 55 47 46
448 79 49 21
457 55 49 46
486 79 51 21
8 68 19 88
9 68 13 88
42 68 16 88
50 68 4 88
57 68 7 88
59 68 31 88
92 68 1 88
99 68 10 88
126 68 22 88
136 68 25 88
169 68 28 88
180 68 34 88
197 68 46 88
207 68 37 88
235 68 49 88
270 68 43 88
281 68 55 88
292 68 40 88
308 68 52 88
331 68 58 88
349 68 1 302
376 68 4 302
387 68 7 302
416 68 10 302
418 68 13 302
456 68 16 302
457 68 19 302
461 68 25 302
477 68 22 302
22 5 13 237
34 5 19 237
54 5 1 237
73 5 25 237
123 5 7 237
129 5 31 237
139 5 37 237
154 5 43 237
172 5 49 237
199 5 1 726
202 5 7 726
203 5 55 237
206 5 13 726
276 5 19 726
285 5 25 726
296 5 39 726
303 5 43 726
318 5 31 726
322 5 55 726
340 5 49 726
346 5 1 114
350 5 19 114
357 5 7 114
421 5 13 114
451 5 25 114
464 5 31 114
470 5 37 114
482 5 43 114
491 5 49 114
8 173 22 138
14 128 9 355
18 128 15 355
19 173 13 138
23 173 9 138
28 173 4 138
33 173 16 138
46 128 19 355
77 128 3 355
90 128 22 355
94 128 25 355
107 128 28 355
111 128 31 355
112 128 34 355
113 173 1 138
117 173 31 138
119 173 19 138
124 173 25 138
125 128 43 355
125 173 28 138
130 128 37 355
144 173 34 138
147 173 37 138
157 173 40 138
161 128 40 355
163 128 46 355
173 173 43 138
181 173 49 138
199 128 49 355
202 173 46 138
233 128 58 355
236 173 52 138
237 173 4 163
268 173 58 138
271 173 1 163
274 173 55 138
319 173 7 163
325 128 55 355
332 173 10 163
334 128 1 38
340 173 13 163
342 173 16 163
346 128 7 38
371 128 52 355
398 173 19 163
411 173 22 163
414 128 4 38
423 173 25 163
428 128 16 38
433 128 10 38
434 173 34 163
435 128 13 38
441 173 28 163
450 173 31 163
476 173 37 163
480 128 25 38
495 173 43 163
12 53 11 419
37 53 5 419
45 53 17 419
61 53 23 419
69 53 29 419
85 53 35 419
89 53 41 419
102 53 47 419
147 53 53 419
164 53 59 419
171 53 5 36
183 53 11 36
226 53 23 36
251 53 17 36
256 53 29 36
305 53 35 36
357 53 1 291
365 53 41 36
382 53 5 291
393 53 3 291
406 53 7 291
427 53 13 291
436 53 9 291
461 53 11 291
462 53 17 291
484 53 15 291
1 170 13 338
5 170 10 338
12 86 13 5
14 170 19 338
17 170 16 338
25 86 22 5
44 86 16 5
50 170 7 338
68 170 1 338
79 86 7 5
85 170 4 338
88 170 22 338
100 86 1 5
130 170 25 338
131 170 28 338
134 86 4 5
146 86 10 5
171 86 25 5
180 86 19 5
194 170 31 338
215 170 37 338
224 86 28 5
252 170 34 338
253 170 43 338
256 86 31 5
274 86 34 5
275 170 40 338
277 170 46 338
279 170 49 338
280 86 37 5
296 170 1 190
303 86 40 5
306 170 57 338
308 86 43 5
309 86 46 5
313 86 49 5
346 170 10 190
351 170 4 190
368 86 52 5
374 170 7 190
384 170 52 338
398 86 58 5
399 86 55 5
416 86 1 117
428 86 4 117
430 170 13 190
438 170 16 190
439 86 7 117
447 86 10 117
455 170 19 190
455 86 13 117
458 170 22 190
460 170 31 190
471 170 25 190
487 170 34 190
7 77 17 101
15 77 10 101
17 184 19 325
18 184 21 325
21 184 13 325
22 184 11 325
39 77 3 101
40 184 5 325
58 77 5 101
92 184 16 325
94 77 1 101
95 184 1 325
96 77 13 101
99 77 7 101
102 184 7 325
113 77 15 101
117 184 3 325
118 77 25 101
119 184 23 325
137 77 22 101
139 77 19 101
149 184 25 325
152 77 27 101
155 77 29 101
163 184 9 325
164 77 31 101
166 184 27 325
179 77 41 101
223 77 37 101
239 77 33 101
249 184 29 325
252 77 47 101
254 184 35 325
261 184 31 325
280 184 33 325
282 184 37 325
283 184 41 325
287 77 35 101
291 77 39 101
293 77 43 101
340 77 45 101
348 77 49 101
352 77 51 101
354 77 53 101
358 77 55 101
373 77 57 101
378 77 1 118
382 77 59 101
388 77 3 118
399 184 39 325
405 77 11 118
407 77 5 118
414 77 7 118
419 184 43 325
436 184 47 325
453 184 49 325
464 77 9 118
465 77 13 118
471 184 45 325
472 184 51 325
473 77 15 118
15 115 13 478
23 115 19 478
49 115 3 478
75 115 9 478
89 115 25 478
93 115 37 478
96 115 31 478
102 115 43 478
113 115 49 478
115 115 55 478
124 115 1 502
142 115 7 502
149 115 13 502
153 115 43 502
154 115 19 502
174 115 37 502
201 115 25 502
224 115 55 502
258 115 43 106
266 115 31 502
270 115 55 106
301 115 43 749
309 115 37 106
316 115 49 502
318 115 1 23
332 115 49 106
341 115 49 749
455 115 55 749
457 115 7 23
476 115 13 23
14 165 22 340
34 165 25 340
37 165 13 340
63 165 1 340
65 165 9 340
87 165 4 340
103 165 16 340
132 165 19 340
133 165 28 340
134 165 31 340
174 165 43 340
193 165 52 340
218 165 34 340
226 165 37 340
232 165 46 340
236 165 40 340
250 165 49 340
259 165 58 340
272 165 1 304
294 165 4 304
329 165 10 304
336 165 55 340
338 165 7 304
385 165 13 304
386 165 16 304
391 165 19 304
403 165 22 304
409 165 37 304
426 165 25 304
434 165 40 304
486 165 31 304
489 165 28 304
1 131 11 638
11 131 17 638
26 131 13 638
27 131 15 638
37 131 7 638
70 131 1 638
113 131 4 638
130 131 9 638
138 131 19 638
147 131 21 638
157 131 23 638
182 131 25 638
192 131 28 638
194 131 34 638
210 131 31 638
215 131 40 638
220 131 37 638
232 131 43 638
240 131 53 638
254 131 45 638
282 131 49 638
295 131 55 638
299 131 47 638
319 131 51 638
351 131 57 638
363 131 59 638
365 131 5 503
367 131 11 503
385 131 23 503
394 131 13 503
401 131 29 503
426 131 35 503
440 131 41 503
441 131 47 503
445 131 53 503
474 131 5 90
494 131 59 503
495 131 11 90
1 23 16 236
16 83 17 318
27 23 10 236
36 83 11 318
38 83 19 318
49 83 7 318
50 23 13 236
57 83 1 318
59 83 5 318
74 83 13 318
77 23 19 236
80 83 3 318
80 23 1 236
90 83 9 318
104 23 3 236
114 23 5 236
123 23 21 236
127 23 7 236
131 83 23 318
138 83 15 318
139 23 23 236
140 23 28 236
141 83 21 318
143 23 31 236
149 83 27 318
162 23 25 236
176 83 25 318
181 23 33 236
198 23 35 236
216 23 37 236
217 83 29 318
255 83 31 318
257 23 39 236
262 23 41 236
266 23 43 236
270 23 52 236
280 83 40 318
281 23 45 236
284 83 33 318
291 23 47 236
307 83 37 318
319 83 35 318
319 23 49 236
330 83 43 318
331 23 55 236
341 23 57 236
342 23 59 236
362 23 5 341
366 23 1 341
380 23 3 341
393 23 7 341
405 83 45 318
406 23 9 341
421 83 49 318
424 23 11 341
427 83 47 318
442 83 51 318
445 83 57 318
450 23 23 341
475 83 53 318
498 23 13 341
9 27 19 730
14 27 25 730
43 27 22 730
46 171 13 601
46 27 16 730
49 27 28 730
58 27 7 730
67 171 1 601
98 171 7 601
108 27 1 730
114 27 10 730
123 171 4 601
146 27 13 730
147 27 4 730
153 27 49 730
161 171 10 601
162 171 16 601
167 27 37 730
200 27 43 730
207 171 25 601
229 171 19 601
229 27 40 730
230 27 34 730
236 27 46 730
239 27 52 730
248 171 22 601
258 171 37 601
263 171 31 601
265 27 55 730
270 27 31 730
277 171 28 601
278 171 40 601
289 27 58 730
298 27 1 482
299 171 43 601
306 171 34 601
356 27 4 482
389 171 46 601
391 171 51 601
396 171 19 291
418 171 55 601
422 27 7 482
430 27 10 482
494 27 13 482
496 27 19 482
498 171 22 291
16 149 19 221
20 149 17 221
22 149 21 221
62 149 3 221
78 149 5 221
82 149 7 221
95 149 11 221
114 149 1 221
118 149 9 221
148 149 23 221
160 149 13 221
167 149 15 221
208 149 25 221
230 149 41 221
258 149 29 221
265 149 27 221
277 149 31 221
303 149 37 221
360 149 33 221
362 149 35 221
363 149 39 221
374 149 43 221
397 149 45 221
412 149 53 221
415 149 49 221
472 149 47 221
475 149 51 221
9 58 40 406
20 58 46 406
32 24 58 601
45 24 27 210
48 24 33 210
52 24 37 210
69 58 52 406
87 24 40 210
95 58 55 406
98 58 58 406
99 24 43 210
105 58 1 514
109 58 4 514
126 58 7 514
128 24 46 210
135 58 19 514
138 24 49 210
141 58 10 514
158 24 52 210
159 58 13 514
164 58 16 514
184 58 22 514
199 24 58 210
203 24 4 513
209 58 28 514
212 58 25 514
216 58 39 514
228 58 31 514
249 58 43 514
251 24 1 513
252 24 55 210
252 58 49 514
253 58 46 514
264 24 13 513
282 24 16 513
294 58 52 514
305 24 7 513
314 58 1 516
326 24 10 513
330 24 19 513
359 24 22 513
364 24 25 513
376 58 34 514
395 24 28 513
411 24 34 513
416 24 31 513
418 24 37 513
419 24 40 513
422 24 43 513
427 24 49 513
433 58 57 514
434 24 46 513
434 58 7 516
438 58 10 516
446 58 4 516
449 58 13 516
451 58 16 516
479 58 25 516
488 24 1 737
491 24 55 513
494 58 19 516
496 24 52 513
13 129 17 478
105 129 7 478
143 129 1 478
157 129 35 478
172 129 23 478
192 129 41 478
230 129 47 478
235 129 29 478
237 129 53 478
238 129 59 478
242 129 5 502
243 129 11 502
253 129 17 502
273 129 23 502
283 129 29 502
284 129 35 502
299 129 41 502
310 129 47 502
353 129 53 502
371 129 59 502
377 129 5 327
380 129 11 327
388 129 17 327
405 129 29 327
415 129 23 327
421 129 35 327
471 129 41 327
472 129 53 327
477 129 47 327
478 129 59 327
493 129 1 466
10 21 19 13
15 21 25 13
23 21 31 13
32 21 13 13
62 21 37 13
72 21 1 13
78 21 7 13
98 21 43 13
99 21 49 13
103 21 55 13
112 21 7 160
120 21 1 160
136 21 13 160
188 21 19 160
190 21 31 160
192 21 37 160
272 21 25 160
288 21 43 160
295 21 57 160
329 21 49 160
360 21 1 290
361 21 7 290
392 21 13 290
394 21 19 290
426 21 37 290
444 21 31 290
451 21 43 290
454 21 25 290
464 21 57 290
467 21 49 290
469 21 37 302
471 21 31 302
475 21 1 548
490 21 43 302
11 36 19 671
15 179 31 229
26 179 15 229
37 36 16 671
43 36 25 671
57 36 10 671
59 36 13 671
62 179 19 229
63 179 34 229
64 179 22 229
71 36 1 671
76 36 7 671
80 179 7 229
81 179 1 229
91 36 4 671
117 179 10 229
122 179 4 229
124 36 22 671
132 179 25 229
166 36 49 671
166 179 52 229
167 36 28 671
181 179 28 229
184 179 37 229
193 179 55 229
195 36 31 671
203 36 34 671
210 36 52 671
210 179 25 291
217 179 40 229
221 179 43 229
231 179 49 229
238 179 46 229
240 36 37 671
244 36 40 671
247 36 43 671
248 36 46 671
263 36 55 671
266 179 58 229
288 36 19 118
306 36 31 130
307 179 28 291
313 179 31 291
333 36 58 671
335 36 34 130
340 36 22 118
342 36 25 118
363 179 34 291
370 179 37 291
386 36 28 118
386 179 40 291
405 36 31 118
409 36 40 118
410 36 34 118
418 36 45 118
424 179 43 291
438 36 37 118
450 179 46 291
456 179 49 291
469 179 55 291
476 179 52 291
488 36 4 122
20 193 25 438
22 193 31 438
27 99 19 492
29 99 9 492
41 99 25 492
42 99 31 492
45 99 37 492
48 99 1 492
49 193 37 438
95 99 43 492
110 99 49 492
120 99 15 492
142 99 55 492
177 193 1 438
181 193 7 438
184 99 33 60
187 193 13 438
187 99 37 60
190 99 43 60
208 99 49 60
213 193 43 438
226 99 1 314
248 193 55 438
255 193 19 438
259 193 49 438
271 193 7 12
273 99 55 60
283 99 7 314
309 193 1 12
313 99 13 314
318 193 13 12
336 193 19 12
341 99 19 314
347 99 25 314
351 99 31 314
377 193 25 12
384 99 37 314
385 193 31 12
406 193 37 12
407 99 43 314
410 193 43 12
413 99 55 314
415 193 55 12
420 99 49 314
427 99 37 315
430 99 43 315
434 193 49 12
441 99 49 315
447 193 1 272
456 99 31 315
457 99 55 315
464 193 19 272
474 99 7 548
476 99 43 548
484 193 7 272
490 193 13 272
491 99 13 548
493 99 19 548
495 193 25 272
4 51 4 158
5 51 17 158
6 51 23 158
54 51 7 158
55 51 9 158
72 51 11 158
73 51 1 158
89 51 19 158
108 51 13 158
126 51 25 158
142 51 15 158
146 51 21 158
172 51 27 158
176 51 29 158
195 51 34 158
218 51 31 158
220 51 39 158
260 51 43 158
278 51 37 158
288 51 41 158
324 51 45 158
338 51 49 158
384 51 47 158
392 51 55 158
397 51 51 158
424 51 53 158
433 51 5 196
438 51 57 158
455 51 59 158
482 51 11 196
483 51 17 196
7 188 25 168
10 188 31 168
12 188 37 168
59 188 43 168
62 188 13 168
69 188 1 168
70 188 49 168
76 188 19 168
97 188 9 168
102 188 55 168
110 188 7 410
151 188 1 410
157 188 19 410
189 188 13 410
203 188 37 410
231 188 27 410
271 188 43 410
280 188 49 410
326 188 31 410
330 188 55 410
350 188 25 592
354 188 19 592
377 188 13 592
392 188 31 592
415 188 37 592
421 188 51 592
425 188 55 592
429 188 1 364
449 188 9 364
459 188 37 364
461 188 43 592
462 188 19 364
466 188 25 364
7 87 22 365
53 87 1 365
60 87 10 365
78 87 13 365
169 87 7 365
277 87 4 365
289 87 25 365
292 87 16 365
317 87 19 365
343 87 28 365
364 87 31 365
371 87 34 365
387 87 37 365
400 87 40 365
403 87 49 365
444 87 45 365
477 87 52 365
484 87 55 365
498 87 1 19
14 161 17 576
24 161 1 576
25 161 15 576
32 161 5 576
43 161 19 576
65 161 3 576
70 161 13 576
72 161 7 576
87 161 22 576
109 161 9 576
132 161 11 576
137 161 29 576
144 161 25 576
155 161 31 576
159 161 34 576
161 161 37 576
194 161 27 576
208 161 47 576
228 161 39 576
240 161 41 576
265 161 43 576
277 161 49 576
286 161 45 576
296 161 53 576
319 161 55 576
320 161 51 576
340 161 58 576
352 161 5 453
361 161 11 453
393 161 1 453
397 161 3 453
425 161 13 453
453 161 7 453
54 153 25 467
71 153 15 467
75 153 19 467
91 153 7 467
110 153 37 467
119 153 1 467
145 153 31 467
152 153 49 467
153 153 55 467
171 153 43 467
195 153 1 436
198 153 7 436
202 153 19 436
206 153 25 436
208 153 31 436
224 153 39 436
228 153 13 436
233 153 43 436
240 153 55 436
250 153 7 217
288 153 1 217
308 153 13 217
311 153 25 217
313 153 43 217
337 153 49 436
341 153 31 217
360 153 37 217
428 153 19 217
436 153 55 217
441 153 7 721
460 153 19 721
463 153 49 217
490 153 1 721
15 118 55 325
18 118 58 325
32 118 25 91
34 118 28 91
48 118 7 91
71 54 4 747
96 118 1 91
102 54 13 747
114 54 7 747
123 54 1 747
136 54 10 747
136 118 4 91
138 54 27 747
151 118 10 91
164 118 13 91
175 54 19 747
176 118 16 91
183 54 16 747
187 54 22 747
190 54 37 747
191 118 31 91
196 54 31 747
216 54 46 747
217 54 43 747
220 54 34 747
222 54 40 747
249 54 52 747
252 118 21 91
255 54 49 747
259 118 34 91
260 54 55 747
266 118 37 91
284 54 58 747
287 54 4 737
287 118 40 91
302 118 43 91
303 54 13 737
315 118 46 91
316 54 7 737
316 118 4 19
325 54 10 737
326 54 16 737
335 54 19 737
337 54 22 737
339 118 7 19
344 54 25 737
359 54 28 737
362 118 49 91
366 54 31 737
378 54 34 737
379 54 43 737
393 118 55 91
421 54 37 737
429 54 40 737
431 118 52 91
444 118 10 19
451 54 49 737
462 54 46 737
463 118 58 91
464 54 1 611
466 118 13 19
467 54 55 737
473 54 52 737
479 54 4 611
2 9 17 90
2 150 7 41
3 162 7 154
5 26 5 235
10 162 5 154
16 162 21 154
18 150 19 41
19 150 5 41
22 26 17 235
24 162 11 154
24 150 13 41
28 162 13 154
41 26 1 235
42 162 19 154
45 162 15 154
50 162 17 154
50 9 23 90
50 150 10 41
55 26 11 235
74 9 29 90
80 9 35 90
84 162 1 154
84 150 3 41
89 162 3 154
93 150 1 41
97 26 13 235
98 26 19 235
101 9 41 90
102 9 53 90
108 150 17 41
115 162 23 154
115 150 15 41
119 9 59 90
121 26 3 235
130 9 47 90
135 162 25 154
138 162 9 154
145 162 27 154
146 150 23 41
149 9 5 568
152 26 15 235
154 26 7 235
158 162 29 154
167 9 1 568
170 150 21 41
175 162 31 154
179 9 3 568
180 9 11 568
183 26 9 235
185 162 33 154
188 162 35 154
188 9 13 568
199 150 25 41
207 9 7 568
215 150 28 41
218 9 9 568
220 26 21 235
223 162 39 154
224 9 17 568
227 162 37 154
227 26 23 235
229 150 37 41
231 9 15 568
232 150 41 41
233 9 19 568
234 162 41 154
237 150 31 41
241 150 33 41
242 162 47 154
243 26 25 235
247 26 27 235
249 26 35 235
251 9 21 568
266 162 45 154
269 26 29 235
272 9 23 568
273 150 35 41
276 150 39 41
279 9 25 568
285 150 47 41
298 150 52 41
304 150 43 41
313 26 47 235
315 9 29 568
316 162 53 154
320 162 43 154
331 162 49 154
331 150 45 41
332 162 57 154
333 26 41 235
348 150 55 41
352 9 27 568
356 9 31 568
363 162 51 154
369 26 31 235
370 150 1 62
370 26 33 235
378 162 55 154
385 162 59 154
391 162 1 51
392 26 37 235
395 150 3 62
402 162 3 51
402 9 33 568
406 26 43 235
407 150 49 41
415 26 45 235
418 150 58 41
419 162 5 51
420 150 5 62
423 150 7 62
428 9 35 568
430 9 37 568
437 9 39 568
438 9 41 568
441 150 11 62
445 26 49 235
449 9 47 568
451 26 39 235
454 150 13 62
462 150 23 62
464 26 53 235
466 162 7 51
467 162 9 51
475 9 49 568
478 26 55 235
480 162 11 51
481 162 13 51
485 162 16 51
486 9 43 568
488 26 59 235
3 56 9 47
17 56 21 47
24 56 15 47
29 56 4 47
33 56 11 47
41 44 13 731
54 56 17 47
56 56 7 47
64 44 7 731
69 44 5 731
89 56 1 47
96 44 15 731
100 56 23 47
108 56 27 47
111 56 13 47
115 56 19 47
124 44 9 731
126 56 29 47
135 44 11 731
146 56 35 47
148 56 25 47
150 44 1 731
151 56 31 47
161 44 3 731
171 44 17 731
175 44 22 731
195 56 37 47
203 44 19 731
212 44 28 731
219 56 39 47
225 44 25 731
227 56 33 47
229 56 43 47
237 56 41 47
243 56 45 47
246 56 49 47
256 56 47 47
264 56 55 47
281 44 31 731
311 56 59 47
323 56 57 47
333 44 35 731
338 44 33 731
345 56 51 47
352 44 37 731
354 44 41 731
358 56 53 47
368 56 5 532
378 44 39 731
378 56 17 532
425 56 23 532
429 44 47 731
436 56 11 532
440 56 29 532
458 56 35 532
465 44 49 731
468 56 47 532
489 56 41 532
493 56 53 532
496 44 55 731
497 44 51 731
4 108 55 221
13 108 58 221
73 108 3 4
113 108 7 4
120 108 10 4
146 108 16 4
168 108 19 4
182 108 13 4
193 108 22 4
194 108 39 4
198 108 31 4
203 108 25 4
211 108 28 4
247 108 34 4
259 108 43 4
266 108 49 4
267 108 55 4
274 108 52 4
282 108 58 4
295 108 4 156
335 108 1 156
350 108 10 156
357 108 13 156
392 108 46 4
401 108 7 156
413 108 16 156
429 108 25 156
431 108 28 156
455 108 22 156
465 108 19 156
468 108 31 156
470 108 34 156
474 108 37 156
492 108 43 156
24 12 19 117
54 12 37 117
55 12 25 117
67 12 43 117
69 12 31 117
76 12 49 117
96 12 55 117
111 12 1 599
114 12 13 599
116 12 7 599
121 12 25 599
168 12 31 599
171 12 37 599
218 12 49 599
235 12 19 599
252 12 7 697
261 12 43 599
262 12 1 697
266 12 19 697
274 12 13 697
285 12 55 599
311 12 31 697
316 12 25 697
322 12 37 697
341 12 43 697
402 12 49 697
419 12 55 697
469 12 1 116
500 12 7 116
19 95 16 614
23 95 25 614
33 95 13 614
41 52 19 380
55 52 4 380
63 95 19 614
66 95 7 614
73 52 13 380
88 95 10 614
90 52 1 380
90 95 31 614
118 52 27 380
122 95 37 614
125 95 22 614
160 95 28 614
172 52 7 380
192 52 10 380
205 52 16 380
220 52 31 380
223 95 43 614
224 95 46 614
227 52 39 380
254 52 22 380
265 52 34 380
289 52 43 380
297 95 34 614
313 52 52 380
322 52 46 380
334 95 55 614
342 52 49 380
345 52 55 380
361 95 40 614
373 52 1 729
373 95 49 614
389 95 58 614
391 95 55 397
437 52 4 729
452 52 58 380
461 52 13 729
476 95 58 397
478 52 7 729
480 52 58 513
481 52 10 729
483 52 19 729
493 52 16 729
499 52 28 729
5 191 23 268
12 180 51 235
33 191 5 268
47 180 57 235
51 191 11 268
56 180 23 196
56 191 29 268
63 191 17 268
70 180 29 196
103 180 41 196
124 191 35 268
125 180 35 196
137 180 47 196
143 191 41 268
144 191 53 268
147 191 47 268
150 191 59 268
150 180 53 196
170 180 59 196
174 180 5 422
175 180 11 422
187 191 1 414
189 191 4 414
191 191 7 414
198 191 11 414
210 191 9 414
212 191 16 414
236 180 17 422
249 191 13 414
304 191 23 414
308 180 23 422
312 180 29 422
323 191 25 414
324 180 41 422
342 180 35 422
356 180 47 422
359 180 53 422
367 180 59 422
368 191 19 414
387 180 5 87
393 191 21 414
400 180 1 87
403 180 11 87
426 191 28 414
441 180 13 87
456 191 35 414
467 191 31 414
469 180 7 87
478 191 33 414
486 180 3 87
492 191 41 414
496 180 9 87
498 180 15 87
4 65 13 536
42 65 21 536
66 65 25 536
81 65 7 536
89 65 31 536
124 65 37 536
127 65 1 536
132 65 43 536
151 65 55 536
222 65 49 536
233 65 1 585
288 65 7 585
289 65 31 585
311 65 13 585
316 65 19 585
323 65 27 585
338 65 37 585
345 65 43 585
373 65 43 304
404 65 51 585
413 65 7 543
439 65 55 585
446 65 49 304
455 65 43 543
470 65 57 304
492 65 13 543
499 65 1 543
9 101 25 482
18 101 31 482
29 101 37 482
33 101 43 482
45 101 49 482
53 101 55 482
71 101 49 156
101 101 55 156
103 101 25 543
107 101 31 543
133 101 37 543
144 101 19 543
154 101 49 543
177 101 51 568
183 101 55 543
186 101 7 653
209 101 55 568
238 101 1 653
241 101 13 653
255 101 25 653
330 101 37 653
336 101 43 653
339 101 19 653
374 101 31 653
375 101 55 653
380 101 49 653
396 101 7 257
398 101 13 257
433 101 25 257
443 101 1 257
445 101 19 257
473 101 31 257
481 101 43 257
483 101 49 257
496 101 57 257
10 200 11 232
15 200 17 232
20 200 23 232
21 156 21 244
23 98 1 16
28 196 43 365
40 196 58 365
47 196 25 239
49 98 11 16
52 98 3 16
56 200 3 232
62 156 5 244
63 156 11 244
64 98 16 16
66 200 19 232
67 98 5 16
72 98 9 16
72 196 55 239
79 196 10 629
82 200 5 232
83 196 1 629
85 98 7 16
88 200 1 232
88 156 7 244
90 196 4 629
92 98 19 16
98 98 21 16
102 200 25 232
103 98 13 16
104 200 7 232
106 156 1 244
114 196 17 629
125 196 7 629
126 196 13 629
128 98 23 16
137 200 9 232
140 200 13 232
153 156 3 244
157 156 9 244
158 196 15 629
158 98 27 16
158 200 21 232
162 156 13 244
176 98 34 16
181 98 25 16
188 156 23 244
194 98 29 16
194 156 15 244
196 200 27 232
197 196 19 629
199 98 31 16
205 200 29 232
206 200 31 232
207 200 33 232
211 200 15 232
218 156 17 244
221 196 23 629
224 200 43 232
226 98 40 16
234 98 45 16
234 196 21 629
235 200 37 232
238 156 19 244
243 200 35 232
245 200 40 232
253 200 49 232
254 196 25 629
259 98 47 16
261 98 37 16
263 196 34 629
279 156 27 244
284 156 31 244
293 156 29 244
297 200 45 232
298 196 27 629
302 196 29 629
304 196 37 629
305 200 51 232
308 196 39 629
309 200 58 232
310 196 43 629
310 200 53 232
314 98 43 16
325 196 31 629
326 200 47 232
331 156 25 244
344 156 33 244
347 196 41 629
348 196 47 629
349 98 53 16
351 98 55 16
352 196 53 629
355 98 49 16
360 196 49 629
360 156 35 244
361 196 45 629
363 196 55 629
371 98 57 16
374 200 55 232
376 98 59 16
381 156 37 244
387 98 11 536
387 196 57 629
388 196 51 629
403 196 59 629
417 200 7 340
424 156 39 244
435 156 41 244
436 196 59 737
447 156 43 244
450 200 5 13
457 98 51 16
467 156 45 244
468 98 5 536
471 98 17 536
473 156 47 244
477 196 19 38
478 196 22 38
481 196 28 38
492 200 11 13
496 156 49 244
1 42 19 608
5 78 37 190
10 78 43 190
10 25 55 114
15 25 37 181
17 25 25 181
21 25 31 181
26 78 49 190
50 25 19 181
52 25 13 181
55 78 55 190
69 78 19 116
69 25 43 181
108 25 7 181
120 78 27 116
128 42 1 608
129 42 25 608
130 25 1 181
132 42 7 608
132 78 13 116
145 78 37 116
151 78 33 116
167 78 43 116
173 78 55 116
176 25 49 181
180 78 49 116
180 25 55 181
199 42 13 608
201 78 49 415
202 42 31 608
211 42 43 608
213 25 7 488
215 42 49 608
215 78 55 415
225 42 55 608
234 78 7 616
234 25 13 488
236 42 1 633
239 42 37 608
241 78 1 616
243 25 37 257
250 78 13 616
254 42 7 633
267 25 25 488
272 78 19 616
275 78 31 616
281 78 25 616
282 42 31 633
287 42 19 633
290 42 1 530
290 25 31 488
294 25 19 488
296 42 13 633
296 78 43 616
297 42 25 633
312 78 37 616
335 78 49 616
338 42 43 633
339 78 13 18
342 78 55 616
350 25 37 488
359 25 1 488
371 78 1 18
385 78 7 18
393 42 37 633
401 42 49 633
401 25 43 488
402 42 55 633
407 42 7 530
411 78 25 18
423 42 13 530
424 78 49 18
435 25 7 720
437 78 19 18
439 25 49 488
442 78 37 18
452 78 31 18
453 78 55 18
459 42 49 530
467 42 19 530
470 25 1 720
471 78 1 45
478 25 13 720
490 42 7 372
498 78 43 18
8 183 25 407
9 183 22 407
35 183 7 407
41 183 17 407
56 183 5 407
67 183 9 407
83 183 13 407
94 183 11 407
102 183 1 407
104 183 15 407
147 183 19 407
162 183 3 407
163 183 27 407
184 183 29 407
189 183 39 407
199 183 33 407
202 183 35 407
212 183 37 407
230 183 43 407
232 183 49 407
241 183 31 407
248 183 41 407
272 183 45 407
296 183 47 407
304 183 51 407
309 183 5 389
325 183 58 407
328 183 53 407
329 183 53 685
353 183 59 685
365 183 55 407
371 183 7 389
484 183 3 389
1 111 25 66
4 82 22 729
5 82 25 729
10 34 25 165
35 82 31 729
48 82 37 729
50 34 28 165
58 111 13 66
66 82 34 729
71 111 7 66
79 34 16 165
84 111 10 66
86 82 40 729
96 34 4 165
97 82 43 729
99 111 3 66
104 34 31 165
107 34 1 165
112 82 49 729
116 34 13 165
116 82 46 729
122 34 7 165
123 34 34 165
128 111 16 66
129 111 19 66
143 82 52 729
154 111 31 66
155 111 34 66
158 34 10 165
160 34 19 165
175 34 37 165
176 82 55 729
183 34 22 165
183 111 28 66
188 34 40 165
198 82 58 729
205 111 22 66
205 82 1 75
208 34 55 165
209 34 43 165
219 34 46 165
227 82 4 75
262 34 49 165
263 34 52 165
269 82 9 75
273 34 1 619
273 111 37 66
276 82 13 75
285 111 40 66
298 82 16 75
302 111 46 66
304 111 55 66
312 82 19 75
316 111 10 77
324 111 52 66
325 111 43 66
332 82 22 75
336 34 58 165
355 82 25 75
362 34 7 619
369 111 49 66
377 34 10 619
379 82 46 75
388 34 13 619
396 111 13 77
398 82 28 75
404 34 4 619
408 111 58 66
409 82 49 75
412 34 16 619
414 111 19 77
416 34 19 619
431 34 25 619
432 82 31 75
456 82 37 75
457 34 22 619
457 82 34 75
465 34 28 619
473 111 22 77
481 34 31 619
482 34 37 619
487 34 40 619
29 181 15 62
52 181 25 62
61 181 9 62
70 181 17 62
74 181 19 62
83 181 27 62
84 181 21 62
101 181 29 62
116 181 31 62
129 181 35 62
165 181 33 62
173 181 53 62
195 181 39 62
217 181 37 62
275 181 43 62
276 181 41 62
278 181 45 62
294 181 47 62
323 181 49 62
330 181 51 62
336 181 5 633
410 181 55 62
416 181 57 62
421 181 59 62
441 181 17 633
476 181 23 633
482 181 29 633
490 181 11 633
491 181 35 633
25 35 51 46
50 35 55 46
62 35 49 118
65 35 55 118
74 35 15 176
100 35 25 176
129 35 1 176
139 35 31 176
145 35 7 176
165 35 43 176
168 35 49 176
255 35 37 176
265 35 9 389
288 35 13 389
311 35 37 389
328 35 19 176
347 35 55 176
351 35 19 389
370 35 43 389
387 35 25 389
415 35 31 389
422 35 55 389
460 35 37 636
462 35 49 389
470 35 7 636
479 35 13 636
482 35 1 636
487 35 43 636
489 35 19 636
3 15 11 505
3 63 55 21
6 32 16 481
6 63 57 21
11 32 11 481
12 73 41 10
19 73 39 10
21 15 23 505
21 63 59 21
23 32 5 481
24 15 17 505
28 32 19 481
29 32 13 481
29 63 17 81
30 32 7 481
32 32 1 481
32 63 11 81
35 73 46 10
40 73 43 10
40 63 23 81
46 73 49 10
48 32 21 481
57 32 28 481
57 63 5 81
58 73 51 10
62 15 29 505
89 32 9 481
89 15 5 505
91 63 29 81
94 73 53 10
95 63 35 81
97 15 41 505
107 73 55 10
108 32 23 481
113 32 31 481
119 63 41 81
125 32 3 481
127 73 59 10
128 32 25 481
133 32 41 481
137 63 53 81
140 63 47 81
141 73 47 190
153 63 59 81
156 32 37 481
160 15 47 505
163 32 39 481
163 63 5 97
165 15 31 505
168 32 35 481
169 73 57 10
171 73 28 190
175 32 33 481
179 15 53 505
181 73 41 190
184 32 43 481
185 73 53 190
190 15 59 505
197 63 11 97
201 73 59 190
202 15 1 182
204 15 3 182
205 32 46 481
212 73 40 156
215 63 23 97
218 32 53 481
226 32 49 481
230 63 17 97
242 15 7 182
251 73 46 156
251 63 29 97
257 15 10 182
263 73 59 156
265 73 53 156
272 32 51 481
273 32 59 481
279 15 13 182
292 73 1 166
293 15 15 182
298 73 4 166
304 32 5 726
313 32 55 481
324 63 47 97
327 63 35 97
332 32 17 726
333 73 7 166
336 32 11 726
338 63 41 97
339 32 23 726
341 63 53 97
345 63 59 97
348 73 9 166
352 15 17 182
366 63 13 229
367 63 16 166
369 15 5 182
371 73 13 166
375 15 23 182
379 63 19 166
380 15 25 182
380 63 22 166
382 63 25 166
383 32 57 481
388 63 11 166
390 63 27 166
391 15 27 182
411 15 19 182
416 63 37 166
421 73 29 166
422 73 35 166
422 15 29 182
423 32 29 726
426 15 21 182
433 15 31 182
442 32 35 726
450 73 39 166
451 63 31 166
456 73 41 166
456 63 43 166
458 63 33 166
461 32 37 726
461 73 47 166
462 73 53 166
464 63 45 166
475 32 47 726
479 73 49 166
483 63 3 412
488 73 55 166
494 32 53 726
499 63 51 166
500 32 59 726
500 73 57 166
2 47 9 632
35 47 13 632
52 47 27 632
78 47 16 632
105 47 4 632
121 47 31 632
147 47 1 632
159 47 19 632
173 47 22 632
176 47 37 632
185 47 40 632
189 47 43 632
192 47 34 632
214 47 31 38
232 47 51 632
266 47 55 632
271 47 37 38
286 47 58 632
326 47 43 38
334 47 34 38
363 47 46 632
387 47 40 38
395 47 46 38
399 47 58 38
400 47 49 38
469 47 9 593
491 47 1 593
13 136 11 114
30 136 17 114
43 136 29 114
81 136 5 114
117 136 23 114
118 136 35 114
131 136 41 114
140 136 53 114
168 136 47 114
188 136 59 114
191 136 17 13
195 136 23 13
217 136 47 13
228 136 29 13
248 136 35 13
249 136 41 13
253 136 59 13
263 136 17 87
264 136 19 87
306 136 21 87
327 136 23 87
352 136 25 87
389 136 31 87
417 136 27 87
469 136 29 87
500 136 53 13
2 2 13 610
11 2 25 610
22 2 37 610
45 2 19 610
47 2 31 610
48 2 43 610
77 2 49 610
79 2 55 610
82 2 9 610
91 2 37 65
93 2 3 610
166 2 55 65
180 2 43 65
184 2 1 459
192 2 49 65
195 2 7 459
202 2 25 459
209 2 19 459
213 2 13 459
229 2 45 459
247 2 49 459
278 2 31 459
306 2 7 560
315 2 37 459
329 2 1 560
360 2 13 560
364 2 55 459
406 2 19 560
413 2 25 560
463 2 1 25
473 2 37 560
478 2 1 187
480 2 43 560
2 43 55 338
4 43 17 341
11 43 29 341
30 43 31 341
52 43 33 341
61 43 19 341
73 43 21 341
100 43 37 341
109 43 15 341
140 43 35 341
149 43 39 341
151 43 41 341
156 43 43 341
170 43 25 341
181 43 47 341
186 43 45 341
207 43 49 341
222 43 53 341
225 43 27 341
248 43 59 341
256 43 51 341
285 43 5 237
299 43 55 341
365 43 57 341
386 43 11 237
408 43 23 237
414 43 17 237
427 43 29 237
485 43 35 237
3 125 57 75
19 125 31 393
40 125 13 393
46 125 25 393
85 125 9 393
88 125 37 393
97 125 49 393
130 125 43 393
136 125 19 393
138 125 1 393
141 125 49 560
154 125 55 393
172 125 31 560
193 125 1 172
203 125 7 172
208 125 19 172
211 125 55 560
227 125 13 172
236 125 7 399
238 125 49 172
242 125 31 172
272 125 37 172
287 125 25 172
295 125 13 399
296 125 19 399
310 125 1 399
349 125 43 172
351 125 25 399
357 125 55 172
373 125 31 399
393 125 43 399
394 125 49 399
416 125 39 399
448 125 7 583
465 125 55 399
24 143 33 182
85 143 41 182
121 143 35 182
127 143 37 182
128 143 39 182
151 143 43 182
160 143 45 182
182 143 47 182
243 143 49 182
259 143 53 182
269 143 55 182
291 143 51 182
322 143 59 182
333 143 4 358
341 143 1 358
345 143 7 358
349 143 9 358
363 143 57 182
374 143 11 358
423 143 17 358
436 143 19 358
442 143 13 358
457 143 15 358
465 143 22 358
483 143 25 358
497 143 27 358
1 132 31 588
2 81 19 706
3 81 13 706
3 127 19 51
4 147 25 557
4 127 31 51
6 146 49 163
13 127 25 51
16 146 55 163
17 132 37 588
19 127 43 51
23 147 37 557
26 132 19 588
28 132 15 588
31 147 31 557
32 132 43 588
33 127 37 51
39 132 49 588
42 127 49 51
43 147 43 557
52 127 55 51
56 146 49 361
66 132 55 588
70 132 31 311
73 147 49 557
75 127 25 105
77 132 25 588
78 127 19 105
86 146 55 361
86 127 7 105
87 127 15 105
91 127 43 105
98 146 25 336
106 147 3 557
115 81 1 706
119 146 55 488
124 127 31 105
132 147 55 557
139 146 1 336
143 146 7 336
148 146 19 336
152 127 1 105
162 132 27 311
165 146 13 336
170 146 37 336
172 132 1 588
177 147 7 557
185 132 7 588
187 147 57 32
188 127 49 105
191 146 43 336
195 127 55 105
201 146 31 336
204 147 13 557
205 81 33 706
206 146 49 336
206 147 43 177
211 146 1 418
213 132 55 311
215 147 1 324
220 147 49 177
225 146 7 418
228 147 55 177
235 146 55 336
239 132 13 311
241 146 21 418
242 146 13 418
244 147 19 557
255 147 33 177
256 146 37 418
261 81 25 706
263 127 37 105
271 132 49 311
272 81 7 706
276 81 7 122
278 132 1 311
280 132 7 311
287 81 55 706
294 147 37 177
295 146 25 418
301 132 19 311
301 147 7 324
304 81 39 706
307 81 43 706
308 127 7 169
310 147 13 324
314 146 37 462
315 146 31 418
321 147 19 324
326 127 1 169
331 146 51 418
333 146 49 462
355 147 31 324
356 132 37 311
357 146 31 462
361 146 13 504
363 146 1 504
366 132 43 311
374 81 13 122
381 147 25 324
383 127 19 169
384 81 25 122
385 132 1 263
386 132 7 263
390 127 13 169
394 81 31 122
397 81 19 122
397 147 37 324
401 132 13 263
401 147 25 23
403 127 25 169
409 132 19 263
409 147 55 324
410 146 57 418
412 147 43 324
413 147 19 23
413 127 31 169
417 132 31 263
420 132 43 263
420 147 31 23
426 146 43 418
428 127 25 363
430 146 55 462
435 147 43 23
439 132 37 263
439 81 43 122
439 146 19 504
440 146 43 462
440 147 55 23
443 81 49 706
444 132 49 263
447 132 37 435
448 147 13 96
450 132 25 263
453 127 51 169
456 146 25 504
458 132 55 263
462 147 37 23
464 81 37 122
470 81 49 122
485 127 37 169
486 132 7 435
489 147 49 324
494 81 1 124
494 127 43 169
496 81 13 124
497 81 55 122
498 81 25 124
500 146 31 504
5 40 29 117
7 11 29 608
11 40 23 117
30 11 23 608
44 40 35 117
54 40 41 117
56 11 35 608
66 11 17 608
73 40 47 117
73 11 11 608
75 11 5 608
82 75 23 168
83 75 49 366
84 40 16 117
95 75 5 168
110 75 29 168
111 11 41 608
115 40 53 117
116 75 17 168
121 75 7 168
129 40 59 117
132 11 47 608
134 75 47 168
135 40 5 293
141 40 17 293
151 75 59 168
158 75 35 168
162 75 41 168
182 75 53 168
183 75 34 87
194 11 53 608
197 40 23 293
200 40 11 293
206 11 59 608
212 75 43 87
214 40 29 293
218 75 37 87
221 40 37 293
223 40 53 293
223 11 41 37
225 40 35 293
239 40 43 293
247 40 59 293
247 75 46 87
250 11 29 37
258 75 52 87
271 75 40 87
277 11 35 37
277 75 55 87
278 40 47 163
290 11 47 37
291 75 49 87
302 75 57 87
303 40 1 66
312 40 41 163
314 75 59 87
322 11 53 37
326 40 53 163
327 11 1 82
334 40 59 163
356 75 1 631
357 40 47 202
366 40 53 202
366 11 59 37
367 11 5 82
372 11 3 82
376 75 7 631
378 11 23 82
383 11 7 82
384 11 13 82
387 40 59 202
391 40 25 380
395 75 9 631
404 75 11 631
405 40 37 380
408 40 3 631
411 40 5 631
424 75 22 631
430 40 19 631
435 11 11 82
440 40 13 631
443 40 15 631
449 11 25 82
465 11 9 82
466 11 19 82
471 75 28 631
485 11 28 82
487 11 17 82
491 11 31 82
493 11 33 82
495 40 17 631
500 40 25 631
2 135 25 271
6 135 28 271
15 71 34 508
18 135 37 271
26 71 25 508
36 71 19 508
55 71 22 508
74 71 4 508
76 71 15 508
79 135 19 271
81 135 13 271
86 71 28 508
100 135 16 271
113 71 10 508
145 71 43 508
159 71 1 508
177 135 31 271
180 71 31 508
206 71 7 508
218 135 1 271
220 71 46 508
228 135 4 271
249 135 7 271
255 135 10 271
260 71 58 508
262 135 22 271
264 71 37 508
293 135 34 271
298 71 55 508
299 135 49 271
300 135 52 271
308 135 46 271
318 135 40 271
320 71 7 537
322 135 43 271
324 71 1 537
337 71 40 508
345 71 40 75
346 71 49 508
350 71 52 508
356 135 13 609
363 135 7 609
365 135 1 609
366 71 4 537
368 71 10 537
369 135 10 609
383 71 43 75
385 71 16 537
386 135 55 271
388 71 19 537
397 71 13 537
404 135 16 609
418 71 52 75
420 71 22 537
431 135 58 271
454 135 4 609
458 135 19 609
458 71 25 537
467 71 33 537
472 71 37 537
500 135 22 609
1 172 23 19
22 14 59 702
32 14 17 263
37 172 19 19
53 14 29 263
64 14 11 263
65 172 17 19
68 14 23 263
72 14 5 263
78 172 25 19
79 172 27 19
79 14 35 263
90 14 41 263
92 14 47 263
93 14 53 263
111 172 21 19
114 14 59 263
118 14 1 511
128 14 5 511
129 14 7 511
141 14 3 511
157 172 31 19
160 14 11 511
194 14 9 511
197 172 33 19
206 14 17 511
211 14 13 511
216 14 15 511
222 172 35 19
231 172 52 19
239 14 23 511
244 14 25 511
245 172 29 19
250 172 37 19
255 14 29 511
275 14 19 511
276 14 31 511
278 14 27 511
301 172 40 19
312 14 35 511
318 14 21 511
321 172 47 19
330 172 45 19
348 14 33 511
350 172 43 19
361 14 37 511
372 14 39 511
383 172 49 19
388 172 55 19
392 14 41 511
400 172 59 19
402 172 1 412
403 14 47 511
411 14 43 511
413 172 11 412
418 14 49 511
462 172 57 19
467 14 53 511
480 172 5 412
485 14 45 511
493 172 7 412
493 14 51 511
499 172 9 412
14 100 28 435
17 152 34 304
25 100 25 435
27 100 31 435
27 152 25 498
29 152 19 498
31 100 1 435
37 152 22 498
44 152 31 498
46 100 22 435
47 100 19 435
57 152 13 498
83 100 15 435
83 152 7 498
85 152 16 498
88 152 28 498
94 100 34 435
114 100 43 435
119 152 34 498
129 152 37 498
132 100 49 435
139 100 46 435
163 152 1 498
172 100 55 435
179 152 10 498
196 100 4 435
211 100 52 435
225 100 1 122
231 100 58 435
241 100 25 305
246 152 40 498
265 100 1 305
283 100 4 305
284 152 4 498
288 100 22 305
302 100 7 305
304 100 10 305
315 100 13 305
323 100 16 305
330 100 1 307
343 100 19 305
343 152 43 498
347 152 46 498
355 152 51 498
364 152 13 721
372 100 28 305
373 152 25 721
375 152 16 721
397 152 57 498
401 152 37 721
409 100 52 305
430 100 49 305
440 152 31 721
445 100 37 305
452 152 28 721
471 100 55 305
474 152 34 721
476 152 40 721
488 100 31 305
488 152 43 721
494 100 34 305
500 100 43 305
57 96 35 588
61 198 7 99
68 198 10 99
69 198 23 99
75 198 29 99
80 96 5 588
91 96 11 588
97 198 1 99
105 96 13 588
111 96 23 588
121 96 29 588
143 198 3 99
152 96 41 588
164 198 5 99
168 96 53 588
180 96 47 588
200 96 59 588
209 198 17 99
225 96 51 244
230 198 13 99
237 198 15 99
238 198 21 99
242 198 19 99
245 198 25 99
260 96 53 244
270 96 59 244
281 198 33 99
282 198 35 99
286 198 27 99
289 198 37 99
299 198 31 99
305 96 55 244
317 96 55 414
341 96 37 414
373 198 39 99
406 96 57 244
408 198 41 99
411 198 45 99
419 96 45 414
420 96 47 414
421 198 43 99
427 96 43 414
442 198 47 99
454 198 53 99
458 198 59 99
470 198 41 633
487 96 49 414
492 198 49 99
13 112 23 39
28 112 11 39
40 112 17 39
44 187 59 166
51 187 13 355
53 112 35 39
68 112 41 39
75 112 47 39
77 112 29 39
78 187 11 243
80 112 53 39
90 187 17 243
94 187 7 138
109 187 1 355
119 112 5 39
140 112 59 39
148 187 5 243
149 112 11 116
158 112 5 116
164 187 7 355
167 187 23 243
171 112 23 116
175 187 35 243
199 112 17 116
216 112 25 116
233 112 31 116
234 187 47 243
249 187 5 543
256 112 41 116
266 112 47 116
271 112 53 116
274 112 59 116
277 187 41 243
281 112 5 309
317 187 29 243
319 187 59 243
320 187 53 243
328 187 11 543
341 187 17 543
346 187 23 543
353 112 11 309
354 112 23 309
355 112 17 309
376 187 29 543
377 112 29 309
381 187 35 543
382 112 35 309
384 187 41 543
386 187 47 543
390 187 53 543
407 187 59 543
438 187 34 619
443 112 41 309
447 112 47 309
453 187 46 619
4 85 37 631
6 85 31 631
84 85 43 631
115 85 49 631
131 85 31 307
171 85 7 307
196 85 55 631
217 85 13 307
247 85 19 307
299 85 25 307
313 85 57 307
322 85 1 362
331 85 39 307
347 85 51 307
348 85 13 362
364 85 43 307
372 85 7 362
384 85 31 362
386 85 49 362
398 85 37 362
400 85 19 362
408 85 7 651
420 85 55 362
446 85 25 362
459 85 1 651
466 85 43 362
470 85 13 651
471 85 19 651
479 85 31 651
480 85 1 691
488 85 37 651
495 85 55 651
14 119 31 358
34 119 34 358
60 119 49 358
77 119 37 358
92 119 40 358
95 119 52 358
108 119 43 358
109 119 46 358
134 119 55 358
147 119 58 358
152 119 55 619
154 119 9 682
159 119 49 619
162 119 43 619
192 119 58 619
245 119 52 619
254 119 1 682
258 119 4 682
270 119 13 682
273 119 16 682
301 119 25 682
307 119 19 682
309 119 22 682
324 119 31 682
327 119 28 682
347 119 43 682
360 119 46 682
376 119 37 682
389 119 34 682
390 119 49 682
405 119 40 682
407 119 52 682
417 119 55 682
437 119 1 170
439 119 4 170
468 119 58 682
497 119 13 170
16 175 23 401
40 175 11 401
59 175 29 401
105 175 17 401
134 175 53 401
147 175 35 401
153 175 5 401
174 175 41 401
239 175 47 401
245 175 5 410
289 175 11 410
311 175 17 410
316 175 59 401
323 175 23 410
325 175 25 410
329 175 35 410
331 175 47 410
340 175 41 410
343 175 53 410
368 175 59 410
377 175 17 585
390 175 5 585
395 175 11 585
396 175 23 585
413 175 35 585
417 175 25 585
431 175 41 585
433 175 47 585
444 175 15 82
463 175 35 82
33 140 49 82
36 140 37 82
39 140 43 82
51 140 55 82
62 140 25 489
92 140 21 489
112 140 55 489
116 140 33 489
144 140 7 489
149 140 49 489
154 140 13 489
168 140 1 489
173 140 25 609
198 140 43 489
208 140 27 611
245 140 31 609
271 140 25 73
272 140 31 611
327 140 43 609
353 140 37 489
374 140 37 609
390 140 57 609
417 140 9 611
420 140 1 73
432 140 49 609
19 22 11 577
28 22 21 577
31 22 17 577
36 22 23 577
88 22 13 577
116 22 5 577
131 22 1 577
165 22 3 577
196 22 7 577
204 22 19 577
244 22 9 577
264 22 25 577
265 22 15 577
267 22 31 577
270 22 27 577
306 22 29 577
329 22 33 577
348 22 51 577
355 22 35 577
379 22 37 577
389 22 39 577
402 22 41 577
408 22 47 577
411 22 49 577
415 22 43 577
423 22 45 577
427 22 53 577
431 22 55 577
443 22 57 577
485 22 59 577
491 22 39 414
40 126 25 644
45 126 31 644
48 126 10 644
50 126 34 644
52 126 40 644
161 126 7 644
191 126 1 644
241 126 28 644
248 126 4 644
280 126 13 644
286 126 19 644
294 126 16 644
342 126 22 644
395 126 37 644
396 126 43 644
422 126 46 644
434 126 55 644
468 126 1 665
472 126 4 665
498 126 49 644
8 18 29 518
11 18 35 518
25 18 41 518
81 18 11 518
106 18 47 518
107 18 23 518
156 18 5 518
176 18 53 518
181 18 17 518
191 18 59 518
193 18 47 633
230 18 53 633
247 18 31 60
294 18 59 633
321 18 41 60
328 18 47 60
335 18 53 60
342 18 47 65
354 18 59 60
380 18 59 46
402 18 59 65
409 18 5 77
431 18 7 77
468 18 53 65
495 18 29 77
498 18 41 65
86 121 31 530
114 121 25 530
130 121 13 571
148 121 37 530
155 121 55 530
187 121 3 571
267 121 33 571
319 121 43 530
320 121 19 571
322 121 25 571
332 121 37 571
352 121 7 571
359 121 45 571
369 121 1 329
372 121 55 571
414 121 49 571
425 121 15 329
27 70 28 152
28 70 25 152
61 70 31 152
85 70 13 152
133 70 1 152
143 70 16 152
182 70 4 152
184 70 7 152
185 70 21 152
200 70 46 152
216 70 49 152
247 70 10 152
264 70 34 152
268 70 37 152
269 70 57 152
312 70 43 152
317 70 1 326
325 70 40 152
326 70 7 326
342 70 52 152
390 70 10 326
394 70 15 326
414 70 22 326
435 70 4 326
453 70 25 326
473 70 19 326
484 70 28 326
489 70 31 326
76 142 25 294
81 142 37 294
104 142 43 294
105 142 9 294
111 142 55 294
147 142 49 294
153 142 13 294
165 142 49 161
167 142 3 294
181 142 37 161
218 142 25 161
219 142 19 294
256 142 3 466
258 142 55 161
280 142 55 326
281 142 7 466
291 142 31 294
307 142 31 161
311 142 43 161
324 142 37 326
339 142 25 466
341 142 13 466
344 142 19 466
345 142 31 466
360 142 51 326
383 142 51 466
404 142 39 466
425 142 3 493
447 142 49 493
449 142 55 466
451 142 7 493
456 142 45 326
3 177 25 381
13 182 19 391
27 177 34 381
27 123 49 302
30 123 28 302
37 177 28 381
38 76 21 453
41 123 52 302
48 76 15 453
48 123 55 302
58 177 16 381
58 123 58 302
61 177 37 381
62 177 22 381
65 76 28 453
70 186 43 731
77 76 31 453
81 123 28 460
87 182 1 391
108 177 4 381
109 76 43 453
110 186 13 231
113 186 57 731
117 177 40 381
117 186 34 231
120 186 19 231
124 177 13 381
124 182 16 391
128 177 7 381
129 182 22 391
136 186 1 231
140 123 4 307
144 76 37 453
150 177 10 381
152 123 19 460
156 123 7 460
163 182 13 391
165 76 55 453
167 186 7 231
171 123 13 460
174 177 1 381
175 76 25 453
177 123 25 460
183 123 1 460
187 76 49 453
192 76 46 453
194 182 4 391
196 182 9 391
197 182 25 391
198 186 4 231
203 123 16 460
209 177 46 381
213 182 37 391
217 76 52 453
220 182 28 391
221 186 10 231
228 186 25 231
228 76 34 453
233 186 16 231
235 123 4 460
239 123 49 460
240 177 19 381
246 177 43 381
246 123 10 460
248 123 31 460
250 123 22 460
254 177 49 381
254 182 40 391
255 76 58 453
257 123 43 460
259 182 31 391
263 182 43 391
268 123 34 460
270 123 1 487
273 186 28 231
274 182 49 391
274 186 22 231
280 123 4 487
283 182 52 391
286 123 37 460
289 76 40 453
291 76 1 479
292 123 55 460
293 186 31 231
303 76 4 479
307 76 13 479
315 182 58 391
320 186 45 231
323 177 43 466
326 123 58 460
334 76 7 479
337 182 34 391
338 182 55 391
340 186 37 231
343 123 40 460
345 123 9 487
349 186 40 231
351 186 1 734
355 186 55 231
355 76 19 479
359 123 13 487
361 123 21 487
362 182 10 444
364 76 22 479
366 76 10 479
367 177 31 381
367 123 46 460
368 186 49 231
369 177 52 381
369 182 7 444
370 182 3 444
376 76 16 479
382 177 55 381
383 177 46 466
389 123 16 487
390 177 43 537
394 186 58 231
395 123 25 487
396 182 46 391
397 123 28 487
398 182 22 444
400 123 52 460
403 123 31 487
406 177 28 537
407 177 55 537
410 182 13 444
410 186 52 231
413 186 13 734
423 182 19 444
426 182 16 444
429 186 55 511
431 182 31 444
436 186 4 734
437 76 25 479
439 182 28 444
451 186 58 511
456 177 52 537
458 123 37 487
459 76 34 479
461 177 40 537
464 76 28 479
465 76 31 479
466 186 21 734
468 186 7 734
470 186 25 734
473 76 49 479
476 186 31 734
477 186 16 734
479 177 7 73
482 186 40 734
482 123 49 487
485 123 55 487
486 123 34 487
487 76 37 479
490 182 25 444
493 76 46 479
500 177 46 537
10 8 17 262
16 8 25 262
31 8 23 262
32 8 28 262
49 8 31 262
59 8 1 262
92 8 4 262
134 8 7 694
138 8 7 262
146 8 19 262
175 8 40 262
214 8 9 262
222 8 11 262
255 8 43 262
258 8 13 262
273 8 21 262
279 8 15 262
303 8 47 262
328 8 37 262
343 8 33 262
348 8 53 262
353 8 35 262
358 8 45 262
385 8 53 731
386 8 58 262
392 8 49 262
393 8 11 122
401 8 55 262
446 8 17 122
460 8 23 122
461 8 51 262
462 8 29 122
467 8 41 122
12 134 16 402
71 134 19 402
79 134 22 402
91 134 1 402
120 134 31 402
123 134 28 402
127 134 9 402
131 134 4 402
133 134 13 402
136 134 34 402
137 134 37 402
140 134 43 402
152 134 46 402
159 134 40 402
163 134 49 402
169 134 25 402
172 134 10 468
179 134 55 402
213 134 19 468
223 134 58 402
226 134 52 402
311 134 1 468
333 134 13 468
342 134 4 468
379 134 7 468
380 134 27 468
436 134 22 468
449 134 37 468
451 134 33 468
454 134 16 468
458 134 40 468
26 124 28 574
34 124 31 574
54 124 22 574
93 124 7 574
98 124 1 574
104 124 25 574
113 124 19 574
125 124 10 574
137 124 4 574
178 124 13 574
186 124 40 574
201 124 37 574
221 124 16 574
222 124 43 574
261 124 49 574
293 124 46 574
303 124 52 574
327 124 55 574
332 124 34 574
344 124 1 647
367 124 7 647
381 124 58 574
400 124 46 561
401 124 4 647
423 124 10 647
429 124 13 647
448 124 25 647
454 124 22 647
487 124 55 647
12 37 55 169
29 37 31 647
45 37 43 647
78 37 37 647
82 37 19 45
86 37 49 647
121 37 13 45
143 37 27 45
166 37 7 45
167 37 49 45
177 37 37 45
233 37 7 385
244 37 31 45
258 37 15 385
268 37 45 45
274 37 7 388
285 37 19 385
291 37 43 385
292 37 25 385
303 37 55 45
305 37 1 385
331 37 31 385
341 37 3 388
345 37 13 388
354 37 55 385
377 37 37 385
484 37 31 388
498 37 37 388
500 37 49 385
4 16 19 342
11 16 31 342
12 16 25 342
23 16 16 342
38 16 34 342
39 16 10 342
42 16 28 342
48 16 40 342
51 16 37 342
72 16 43 342
93 16 22 342
99 16 13 342
129 16 46 342
135 16 49 342
179 16 7 342
188 16 1 342
211 16 7 572
232 16 4 342
245 16 55 342
253 16 1 572
263 16 46 415
306 16 13 572
319 16 10 572
323 16 4 572
330 16 16 572
334 16 19 572
345 16 22 572
362 16 52 342
394 16 45 572
412 16 28 572
415 16 25 572
418 16 40 572
437 16 31 572
443 16 37 572
446 16 34 572
459 16 58 342
469 16 58 414
47 194 5 706
78 194 23 706
95 194 17 706
99 194 29 706
115 194 11 706
125 194 47 706
136 194 31 706
144 194 13 412
146 194 37 706
148 194 53 706
159 194 59 706
176 194 19 412
185 194 15 412
201 194 17 412
207 194 23 412
253 194 21 412
292 194 29 412
300 194 25 412
331 194 27 412
335 194 31 412
357 194 35 412
365 194 33 412
375 194 39 412
381 194 41 412
387 194 43 412
396 194 37 412
415 194 51 412
432 194 47 412
433 194 45 412
494 194 49 412
31 31 51 414
67 31 13 665
94 31 16 665
101 31 21 665
105 31 25 665
106 31 7 665
140 31 10 665
150 31 37 665
153 31 52 665
177 31 34 665
205 31 49 665
227 31 43 665
244 31 28 665
247 31 55 665
286 31 40 665
305 31 31 665
307 31 58 665
315 31 1 208
318 31 25 208
322 31 13 208
342 31 19 208
372 31 16 208
377 31 46 665
388 31 28 208
396 31 31 208
405 31 34 208
406 31 4 208
432 31 37 208
1 178 29 541
36 139 59 228
61 139 43 231
73 178 23 541
74 139 37 4
76 178 35 541
79 139 29 294
86 139 17 294
88 178 41 541
94 139 23 294
96 139 35 294
103 139 1 4
112 178 47 541
119 178 53 541
148 178 59 541
149 139 41 294
150 178 5 697
152 178 17 697
166 178 11 697
180 178 23 697
183 178 41 697
185 178 29 697
194 139 1 294
207 139 47 294
222 139 7 294
239 139 59 294
251 178 35 697
254 178 47 697
263 139 5 12
266 139 53 294
267 139 11 12
285 178 53 697
286 178 7 170
294 178 9 170
295 178 11 170
300 139 17 12
306 178 16 170
326 139 23 12
328 178 59 697
329 139 29 12
335 178 22 170
337 178 19 170
349 139 35 12
362 139 41 12
364 139 47 12
368 139 55 152
381 139 53 12
391 139 59 12
421 139 19 152
438 139 25 170
442 178 29 170
452 139 35 170
463 139 40 170
469 139 27 170
486 139 37 170
7 66 55 99
33 66 25 242
61 66 45 242
101 66 1 242
112 66 25 493
120 66 37 242
136 66 37 493
143 66 19 242
145 66 13 242
169 66 31 242
173 66 7 242
188 66 55 242
244 66 49 242
246 66 13 493
262 66 31 493
302 66 49 651
309 66 25 651
312 66 55 493
330 66 7 708
334 66 25 708
337 66 15 708
347 66 19 493
355 66 43 493
356 66 43 651
359 66 31 708
407 66 37 708
449 66 1 708
453 66 21 708
472 66 7 42
474 66 43 708
482 66 13 42
4 60 11 728
24 60 23 728
55 60 19 728
61 60 17 728
67 60 21 728
74 60 31 728
83 60 5 728
87 60 7 728
102 60 27 728
144 60 15 728
163 60 25 728
178 60 1 728
181 60 3 728
183 60 13 728
187 60 9 728
189 60 29 728
190 60 35 728
212 60 45 728
219 60 41 728
236 60 43 728
277 60 37 728
284 60 39 728
310 60 49 728
336 60 47 728
343 60 51 728
347 60 59 728
433 60 33 728
439 60 11 522
457 60 53 728
481 60 55 728
483 60 5 522
497 60 17 522
7 33 31 590
13 74 37 611
29 33 25 590
34 33 37 590
51 33 43 590
75 33 49 590
78 74 55 412
89 33 21 590
100 74 43 611
106 74 49 611
109 74 19 611
113 33 33 199
137 74 13 611
160 74 55 611
169 33 49 708
169 74 19 96
174 74 55 96
178 74 7 96
184 74 45 96
188 74 25 96
189 74 49 96
192 33 1 590
193 33 7 590
204 74 27 343
219 33 13 590
220 33 55 590
231 74 1 96
241 74 37 96
244 33 1 199
259 74 1 343
260 74 7 343
262 74 13 343
268 33 7 199
311 74 7 732
336 33 37 199
345 33 25 199
346 33 55 708
365 33 43 199
368 33 13 199
371 74 19 343
382 74 31 96
383 74 31 343
392 74 57 343
400 33 7 370
410 74 1 732
411 74 37 343
416 33 51 199
419 33 19 199
419 74 49 343
420 74 7 48
438 74 43 343
440 33 1 370
450 74 55 732
452 74 13 732
455 74 49 732
460 74 43 732
467 33 13 370
477 33 55 199
484 33 43 350
491 74 25 732
499 33 31 370
14 29 34 310
17 29 31 310
21 29 25 310
22 29 28 310
47 29 22 161
48 29 49 310
66 29 21 310
74 29 39 310
95 29 58 310
105 29 52 310
127 29 15 310
142 29 46 310
148 29 43 310
156 29 10 310
163 29 55 310
170 29 46 721
185 29 49 721
200 29 7 310
211 29 25 42
225 29 4 42
289 29 52 721
300 29 1 42
375 29 28 42
379 29 55 721
427 29 58 721
432 29 34 42
440 29 19 42
471 29 37 42
494 29 22 42
10 168 49 734
23 168 43 734
31 168 55 734
34 168 43 363
36 168 31 363
39 168 19 363
71 168 37 363
80 168 49 363
86 168 13 363
104 168 55 363
108 168 31 364
118 168 3 363
142 168 1 648
144 168 49 364
145 168 55 364
169 168 43 364
179 168 13 364
184 168 55 479
195 168 13 648
200 168 49 648
204 168 43 648
221 168 55 648
232 168 7 363
246 168 19 648
253 168 7 648
278 168 49 720
289 168 7 25
291 168 19 720
324 168 13 25
343 168 13 300
362 168 25 648
371 168 25 720
382 168 37 648
390 168 31 648
393 168 31 720
396 168 25 25
398 168 31 25
402 168 37 720
412 168 19 25
453 168 1 300
28 7 37 25
37 7 40 25
40 7 45 25
46 7 51 25
58 7 55 25
67 7 58 25
68 7 15 321
87 7 25 321
93 7 10 321
94 7 28 321
103 7 3 321
122 7 40 321
124 7 19 321
128 7 31 321
156 7 45 321
168 7 7 321
199 7 22 321
211 7 34 321
222 7 37 321
229 7 52 321
230 7 49 321
242 7 55 321
247 7 1 367
307 7 4 367
321 7 13 367
328 7 7 367
332 7 19 367
365 7 10 367
369 7 22 367
381 7 16 367
391 7 31 367
397 7 25 367
417 7 37 367
425 7 28 367
430 7 52 367
451 7 55 367
461 7 34 367
490 7 49 367
33 46 23 522
51 46 29 522
55 46 35 522
68 46 53 522
73 46 41 522
127 46 47 522
157 46 59 522
167 46 11 436
174 46 17 436
189 46 23 436
198 46 29 436
251 46 37 436
262 46 5 436
284 46 47 436
332 46 53 436
334 46 5 669
369 46 35 436
404 46 59 436
419 46 17 669
479 46 23 669
2 106 43 487
2 190 31 593
26 190 37 593
27 190 43 593
44 190 25 593
49 106 43 208
54 190 49 593
56 190 19 593
63 106 49 208
65 190 31 691
69 190 55 593
76 106 55 208
77 106 21 285
84 190 49 691
86 190 19 691
93 106 15 285
99 190 37 691
101 190 25 691
104 106 37 285
111 106 7 285
121 106 43 285
143 106 33 285
154 106 37 425
172 106 19 388
179 190 49 23
197 106 1 285
198 190 13 593
212 190 7 691
222 106 55 285
237 190 7 348
240 106 25 285
243 106 51 285
248 106 7 425
250 106 55 388
252 190 13 691
255 106 45 388
288 190 25 348
293 190 55 691
300 106 27 388
300 190 13 348
309 106 31 425
321 190 1 348
333 106 19 425
337 190 55 222
338 106 13 425
345 106 1 425
346 106 25 425
349 106 27 452
372 106 19 72
374 106 57 425
380 106 55 452
393 190 25 430
414 106 43 425
417 190 43 691
427 190 19 348
437 106 49 388
451 190 1 430
463 190 7 430
473 106 1 72
481 106 49 425
483 190 43 222
486 190 39 348
493 106 9 72
495 190 13 430
13 91 31 548
20 91 34 548
24 91 37 548
51 91 25 548
85 91 28 548
98 91 40 548
115 91 25 622
121 91 49 548
122 91 55 548
127 91 19 622
134 91 58 548
190 91 1 622
212 91 52 548
214 91 4 622
217 91 7 622
232 91 13 622
243 91 16 622
321 91 28 622
325 91 22 622
339 91 10 622
340 91 31 622
375 91 34 622
402 91 43 622
426 91 49 622
429 91 37 622
435 91 16 353
452 91 40 622
497 91 19 353
20 137 49 636
30 137 33 636
37 137 55 636
57 137 49 222
64 137 25 636
119 137 49 289
124 137 55 289
130 137 49 376
166 137 19 430
190 137 55 376
225 137 31 376
232 137 55 430
240 137 1 529
257 137 25 529
259 137 7 529
301 137 13 529
315 137 49 430
319 137 37 376
353 137 31 430
357 137 37 430
358 137 31 529
365 137 37 529
373 137 21 529
399 137 31 538
452 137 43 376
489 137 43 430
496 137 1 538
35 133 58 291
48 133 58 381
51 133 34 326
56 133 13 187
60 133 16 187
78 133 27 187
86 133 37 187
118 133 31 187
120 133 22 187
139 133 43 187
202 133 49 187
203 133 46 187
254 133 19 187
275 133 7 187
276 133 34 187
307 133 40 187
318 133 10 187
326 133 55 187
328 133 39 300
346 133 19 300
350 133 31 300
382 133 52 187
443 133 22 300
475 133 7 300
491 133 10 300
499 133 43 300
3 185 31 73
9 185 43 73
58 185 37 73
76 185 37 124
94 185 49 73
127 185 31 124
134 185 19 73
135 185 55 73
137 185 43 124
145 185 19 124
162 185 55 124
163 185 19 218
164 185 9 124
169 185 37 218
178 185 25 218
194 185 49 124
208 185 1 218
223 185 13 73
261 185 13 218
265 185 45 218
277 185 7 218
279 185 31 218
283 185 55 218
286 185 51 218
287 185 7 387
308 185 25 300
316 185 13 387
395 185 19 387
397 185 31 387
416 185 43 367
417 185 1 387
423 185 37 387
426 185 55 300
429 185 49 300
435 185 25 387
457 185 1 645
469 185 43 387
479 185 51 387
481 185 15 645
489 185 7 645
497 185 31 645
22 158 41 435
26 158 23 438
86 158 11 435
96 158 17 438
105 158 29 438
107 158 13 435
133 158 5 438
138 158 11 438
155 158 41 438
164 158 35 438
165 158 47 438
178 158 59 438
193 158 17 610
204 158 53 438
226 158 7 610
227 158 49 561
243 158 41 561
268 158 23 610
272 158 29 610
283 158 1 610
287 158 47 610
305 158 41 610
308 158 55 561
320 158 35 610
343 158 59 610
368 158 7 632
372 158 53 610
374 158 25 632
385 158 19 310
397 158 49 632
413 158 37 310
414 158 34 444
418 158 25 265
432 158 7 682
433 158 13 310
463 158 47 444
468 158 37 444
494 158 40 444
29 80 43 720
42 80 37 734
89 80 46 720
98 80 34 734
139 80 55 720
146 80 28 734
151 80 7 286
173 80 1 286
177 80 43 286
190 80 10 734
228 80 10 73
230 80 58 720
235 80 10 286
260 80 4 286
275 80 16 286
293 80 22 286
431 80 13 286
465 80 25 286
474 80 19 286
1 28 35 173
2 13 53 325
3 13 29 358
5 13 35 467
8 28 41 173
16 13 29 467
28 13 23 467
31 28 29 173
35 28 17 173
44 13 11 467
64 28 47 173
67 13 41 467
71 28 23 173
75 28 53 173
83 28 59 173
96 13 47 467
103 28 11 173
115 13 5 467
117 28 5 173
123 13 53 467
142 13 13 467
142 28 5 311
145 28 11 311
150 13 3 718
160 13 59 467
165 28 17 311
168 13 5 718
170 13 11 718
187 13 7 718
195 28 41 311
196 13 1 718
197 13 9 718
198 28 23 311
207 13 13 718
207 28 35 311
217 28 59 311
243 28 47 311
262 28 25 311
279 13 17 718
280 13 19 718
284 28 53 311
301 13 23 718
305 28 58 305
338 13 21 718
344 28 35 302
346 28 41 302
351 28 47 302
357 28 5 324
358 28 40 305
370 13 29 718
372 28 11 324
374 13 27 718
376 28 47 305
377 13 31 718
384 28 17 324
391 13 34 718
400 28 23 324
404 13 25 718
411 13 15 718
427 13 41 718
429 28 29 324
444 28 35 324
446 28 53 324
469 28 41 324
499 28 47 324
Điểm tối ưu: 5995
Thời gian: 2.141883 giây
Trạng thái: GREEDY_DONE
