960
2 29 1 98
4 29 3 98
8 29 5 98
10 29 7 98
13 29 9 98
14 29 11 98
15 29 13 98
17 29 15 98
20 29 17 98
23 29 19 98
25 29 21 98
27 29 23 98
29 29 25 98
31 29 27 98
33 29 29 98
34 29 31 98
36 29 33 98
39 29 35 98
43 29 37 98
45 29 39 98
47 29 41 98
51 29 43 98
52 29 45 98
55 29 47 98
56 29 49 98
58 29 51 98
60 29 53 98
62 29 55 98
72 29 57 98
73 29 59 98
76 29 1 12
1 28 1 91
2 9 3 72
3 28 7 91
5 9 7 72
5 28 13 91
6 9 13 72
9 9 19 72
9 28 25 91
12 9 25 72
14 9 31 72
16 9 37 72
18 9 43 72
18 28 19 91
19 9 49 72
19 28 31 91
20 9 55 72
21 28 37 91
22 9 1 66
23 28 43 91
24 9 7 66
24 28 49 91
26 28 55 91
29 9 13 66
32 28 1 94
33 9 19 66
34 9 25 66
35 9 31 66
36 28 7 94
37 9 37 66
37 28 13 94
38 28 19 94
40 9 43 66
41 9 49 66
41 28 25 94
46 28 31 94
47 28 37 94
51 9 55 66
52 28 49 94
54 28 43 94
58 28 55 94
59 9 3 12
60 28 1 111
61 28 7 111
62 9 7 12
63 28 13 111
64 9 13 12
66 28 19 111
68 9 19 12
68 28 25 111
69 9 25 12
71 9 31 12
71 28 37 111
72 9 37 12
73 28 31 111
74 9 43 12
75 9 49 12
77 28 43 111
79 9 55 12
80 28 49 111
3 18 1 109
7 18 3 109
8 18 7 109
12 18 5 109
13 18 11 109
15 18 9 109
19 18 13 109
21 18 15 109
22 18 17 109
23 18 21 109
25 18 19 109
30 18 23 109
31 18 25 109
36 18 27 109
39 18 29 109
40 18 31 109
46 18 35 109
52 18 33 109
53 18 37 109
56 18 39 109
63 18 41 109
66 18 43 109
67 18 45 109
70 18 47 109
74 18 49 109
75 18 53 109
79 18 51 109
1 20 7 47
2 24 7 55
3 20 3 47
3 24 13 55
4 24 19 55
5 24 1 55
6 20 19 47
7 20 13 47
8 20 25 47
8 24 31 55
10 20 31 47
10 24 25 55
11 24 37 55
12 20 37 47
13 24 43 55
15 20 43 47
16 20 49 47
16 24 55 55
17 20 55 47
18 20 1 115
20 24 49 55
21 20 7 115
21 24 1 31
22 20 13 115
22 24 7 31
24 20 19 115
26 24 13 31
27 20 25 115
27 24 19 31
29 20 31 115
30 20 37 115
30 24 25 31
31 24 31 31
32 20 43 115
33 20 49 115
34 24 37 31
35 20 55 115
36 20 1 6
39 20 7 6
39 24 43 31
40 20 13 6
42 24 49 31
43 20 19 6
44 20 25 6
45 20 31 6
46 24 55 31
47 20 43 6
47 24 1 34
48 20 37 6
48 24 7 34
49 24 13 34
51 24 19 34
53 20 49 6
54 20 55 6
54 24 25 34
55 24 31 34
56 24 43 34
57 24 37 34
58 20 1 37
59 20 7 37
59 24 49 34
60 24 55 34
61 24 1 118
62 24 13 118
64 20 19 37
64 24 7 118
65 20 13 37
67 20 25 37
67 24 19 118
68 20 31 37
69 24 31 118
71 20 43 37
72 24 25 118
73 20 37 37
74 24 37 118
76 24 43 118
78 24 49 118
79 20 1 105
80 20 55 37
1 3 13 102
2 3 16 102
2 11 13 19
4 11 7 19
6 11 1 19
8 3 1 102
9 3 4 102
9 11 10 19
10 11 4 19
11 3 7 102
11 11 16 19
12 11 19 19
15 3 19 102
16 3 10 102
16 11 22 19
17 3 22 102
18 3 25 102
19 3 28 102
21 3 31 102
26 3 34 102
26 11 25 19
27 3 37 102
28 11 28 19
30 3 43 102
33 11 31 19
35 3 40 102
36 3 46 102
36 11 37 19
37 3 49 102
39 3 52 102
40 3 55 102
40 11 34 19
44 3 58 102
46 11 40 19
49 3 1 95
49 11 43 19
50 11 46 19
51 3 4 95
51 11 49 19
53 3 7 95
54 11 52 19
55 11 55 19
59 3 13 95
59 11 58 19
60 3 10 95
61 11 13 16
62 3 19 95
63 3 22 95
63 11 1 16
64 3 25 95
65 3 28 95
66 3 16 95
72 11 4 16
74 11 7 16
75 11 10 16
77 11 16 16
78 11 19 16
79 3 31 95
79 11 22 16
80 11 25 16
5 31 5 57
7 31 1 57
8 31 9 57
10 31 11 57
15 31 3 57
16 31 7 57
18 31 13 57
19 31 15 57
21 31 17 57
24 31 23 57
26 31 19 57
29 31 21 57
35 31 25 57
36 31 29 57
41 31 31 57
42 31 27 57
44 31 33 57
46 31 37 57
53 31 35 57
54 31 39 57
60 31 41 57
61 31 43 57
62 31 45 57
64 31 47 57
74 31 51 57
76 31 49 57
77 31 53 57
78 31 55 57
80 31 59 57
3 13 19 63
4 12 13 10
7 12 7 10
9 2 13 23
9 12 31 10
10 13 13 63
11 13 1 63
12 2 1 23
12 13 7 63
13 2 19 23
13 12 1 10
13 13 25 63
16 13 31 63
17 2 7 23
20 2 25 23
20 12 19 10
20 13 37 63
21 12 25 10
21 13 43 63
22 12 37 10
22 13 49 63
23 12 49 10
25 2 31 23
26 12 43 10
26 13 1 49
27 2 43 23
28 12 55 10
29 12 37 23
30 2 49 23
30 12 55 23
30 13 7 49
31 13 55 63
32 12 7 25
33 2 1 79
34 13 13 49
35 2 7 79
35 12 1 25
35 13 19 49
36 12 13 25
36 13 49 49
38 2 13 79
38 12 25 25
40 13 25 49
41 2 19 79
41 13 33 49
42 2 31 79
42 12 19 25
43 2 25 79
43 12 31 25
44 2 37 79
45 12 43 25
46 12 49 25
47 2 49 79
48 2 43 79
48 13 55 49
49 12 37 25
49 13 7 5
51 2 7 117
51 13 37 49
52 13 1 5
53 13 43 49
56 2 55 79
57 12 55 25
57 13 13 5
58 2 13 117
58 13 19 5
59 13 25 5
60 2 19 117
60 12 13 17
62 2 1 117
64 12 1 17
65 13 31 5
66 2 25 117
67 13 37 5
68 12 7 17
69 2 37 117
69 12 19 17
71 2 49 117
71 13 55 5
72 2 31 117
72 12 43 17
72 13 49 5
74 2 55 117
75 12 25 17
75 13 43 5
76 12 31 17
77 12 37 17
77 13 1 101
79 2 43 117
79 12 7 67
80 2 1 28
80 13 7 101
1 6 16 87
1 16 19 18
1 27 22 73
2 16 22 18
3 16 25 18
3 17 28 88
5 16 28 18
6 6 4 87
6 27 7 73
7 16 31 18
7 17 19 88
8 17 13 88
8 27 16 73
9 6 1 87
9 17 7 88
10 6 19 87
10 17 1 88
11 6 10 87
11 27 13 73
12 6 13 87
12 16 16 18
13 17 16 88
14 17 4 88
14 27 1 73
15 27 25 73
16 6 25 87
17 16 1 18
17 17 25 88
18 17 10 88
20 16 4 18
20 27 10 73
21 16 34 18
23 6 7 87
25 6 28 87
25 17 37 88
25 27 4 73
26 6 22 87
27 16 7 18
27 27 31 73
28 16 10 18
28 17 22 88
28 27 19 73
29 6 43 87
29 16 46 18
32 16 13 18
32 27 28 73
33 17 34 88
33 27 37 73
34 6 33 87
34 27 43 73
35 6 37 87
35 16 43 18
37 6 46 87
37 16 52 18
37 27 34 73
38 6 40 87
38 16 37 18
38 17 31 88
39 16 40 18
39 17 49 88
39 27 55 73
41 17 40 88
41 27 46 73
42 6 55 87
42 17 43 88
42 27 40 73
43 16 49 18
43 17 46 88
43 27 52 73
44 17 52 88
44 27 49 73
45 17 55 88
46 6 1 84
47 27 58 73
48 16 1 20
48 17 4 42
48 27 13 84
49 6 49 87
50 6 52 87
50 17 58 88
50 27 4 84
51 6 16 84
52 6 58 87
52 17 7 42
52 27 10 84
53 17 1 42
54 27 7 84
55 16 58 18
55 17 10 42
56 16 4 20
56 17 13 42
56 27 19 84
57 6 22 84
57 16 7 20
57 17 19 42
58 6 25 84
59 16 55 18
60 17 25 42
60 27 28 84
61 6 31 84
61 16 16 20
62 17 22 42
63 6 34 84
63 27 37 84
64 6 40 84
65 6 43 84
65 16 10 20
65 17 37 42
66 27 46 84
67 16 13 20
67 27 49 84
68 6 52 84
68 27 55 84
69 6 58 84
69 16 43 20
69 27 7 28
70 17 16 42
71 6 1 85
71 27 10 28
73 6 4 85
73 17 28 42
74 27 13 28
75 6 7 85
75 27 16 28
76 6 10 85
76 17 40 42
77 16 19 20
77 27 22 28
78 16 22 20
78 17 31 42
79 6 13 85
80 17 34 42
9 10 43 42
10 10 45 42
12 10 47 42
13 10 49 42
15 10 51 42
17 10 53 42
18 10 55 42
24 10 57 42
25 10 59 42
26 10 5 112
27 10 1 112
28 10 3 112
29 10 7 112
30 10 11 112
34 10 9 112
36 10 17 112
41 10 13 112
43 10 15 112
49 10 19 112
50 10 21 112
59 10 23 112
61 10 25 112
62 10 27 112
67 10 29 112
68 10 35 112
69 10 41 112
70 10 31 112
73 10 43 112
78 10 37 112
1 4 5 54
1 21 11 14
3 21 17 14
4 4 1 54
6 21 23 14
7 21 5 14
8 21 19 14
10 4 9 54
11 21 21 14
12 21 29 14
14 4 7 54
15 4 11 54
16 4 3 54
17 21 13 14
18 21 7 14
19 4 17 54
20 4 13 54
20 21 1 14
22 4 19 54
22 21 25 14
23 21 3 14
25 4 15 54
27 21 15 14
28 21 31 14
29 21 9 14
31 21 35 14
32 4 21 54
33 21 27 14
34 21 41 14
37 21 43 14
38 21 45 14
42 4 23 54
42 21 37 14
43 21 39 14
44 4 29 54
44 21 47 14
45 21 49 14
46 21 53 14
47 21 33 14
48 4 25 54
48 21 51 14
49 4 27 54
49 21 55 14
50 21 1 50
53 21 57 14
54 21 59 14
55 4 35 54
55 21 3 50
56 4 31 54
57 4 33 54
59 4 37 54
61 4 39 54
65 4 41 54
65 21 5 50
67 4 43 54
68 21 11 50
69 4 46 54
70 4 49 54
70 21 7 50
73 4 51 54
76 21 13 50
78 4 53 54
80 21 15 50
2 5 25 52
3 25 31 110
4 23 25 43
4 25 37 110
5 25 19 110
6 5 31 52
7 23 37 43
8 23 21 43
11 23 31 43
14 5 13 52
15 25 15 110
16 5 43 52
17 5 37 52
19 5 1 52
19 23 7 43
22 5 21 52
23 5 55 52
23 25 25 110
24 5 1 40
24 25 43 110
25 5 7 52
28 23 13 43
29 5 49 52
30 25 1 110
31 25 7 110
32 5 31 40
33 5 7 40
33 25 55 110
36 25 55 20
37 23 1 43
38 5 49 40
38 23 55 43
39 25 25 20
40 25 49 110
42 5 13 40
42 25 1 59
43 5 55 40
43 23 1 44
44 5 19 40
45 23 51 43
46 25 7 59
47 5 25 40
47 25 13 59
48 25 31 20
50 5 37 40
52 25 37 20
53 25 19 59
54 23 13 44
54 25 31 59
55 5 43 40
55 23 19 44
56 25 51 20
57 25 25 59
58 5 7 90
58 23 43 43
59 25 39 59
60 25 43 59
61 23 27 44
62 23 31 44
63 23 7 44
64 25 49 59
65 5 1 90
66 5 31 90
68 25 1 71
70 23 37 44
70 25 55 59
71 5 13 90
72 23 7 11
72 25 13 71
73 23 45 44
73 25 7 71
74 5 19 90
74 25 25 71
76 25 19 71
77 23 49 44
78 25 39 71
79 5 25 90
79 25 37 114
80 23 19 11
1 32 25 61
2 32 19 61
3 26 37 1
4 26 10 1
5 32 31 61
7 26 22 1
8 26 40 1
11 26 25 1
14 26 19 1
17 26 4 1
18 32 15 61
19 32 22 61
19 26 43 1
21 32 49 61
23 32 10 61
23 26 13 1
24 32 28 61
24 26 16 1
25 32 1 61
25 26 46 1
27 26 34 1
28 32 7 61
28 26 49 1
29 26 1 1
30 26 31 1
31 26 52 1
32 26 55 1
37 26 7 1
38 32 4 61
39 26 58 1
40 32 37 61
40 26 1 9
41 32 43 61
41 26 4 9
44 32 55 61
45 26 28 1
46 32 46 61
47 32 7 106
47 26 10 9
48 26 16 9
49 32 34 61
50 32 10 106
50 26 7 9
51 26 13 9
52 32 13 106
53 32 40 61
55 26 25 9
56 32 1 106
56 26 22 9
57 26 43 9
58 32 28 106
61 32 52 61
62 32 58 61
64 32 31 106
64 26 28 9
66 32 4 106
67 32 16 106
67 26 31 9
68 32 37 106
72 32 19 106
73 26 19 9
74 32 34 106
75 32 22 106
76 32 25 106
76 26 37 9
77 32 55 106
77 26 34 9
78 32 43 106
78 26 46 9
1 14 28 75
1 22 31 4
1 30 33 24
2 14 11 75
3 22 11 4
3 30 23 24
4 14 5 75
5 14 17 75
5 22 23 4
6 14 25 75
6 30 10 24
7 14 34 75
8 22 29 4
9 14 23 75
9 22 17 4
10 22 35 4
11 30 5 24
12 30 31 24
13 14 7 75
13 30 13 24
14 22 9 4
15 14 1 75
15 22 5 4
15 30 7 24
16 14 13 75
18 14 31 75
18 30 28 24
19 22 19 4
20 22 7 4
21 30 19 24
22 14 41 75
22 22 27 4
23 30 1 24
24 30 25 24
26 14 9 75
26 22 37 4
27 30 3 24
28 22 1 4
29 22 41 4
30 14 15 75
30 30 17 24
31 14 3 75
31 22 13 4
31 30 15 24
32 14 19 75
32 30 35 24
33 22 15 4
34 22 3 4
35 14 46 75
37 22 21 4
37 30 41 24
38 14 43 75
40 22 47 4
40 30 21 24
44 30 43 24
45 14 21 75
46 22 25 4
47 14 53 75
49 14 57 75
49 22 52 4
50 22 33 4
50 30 49 24
51 14 59 75
51 30 45 24
52 22 43 4
52 30 47 24
53 22 55 4
54 14 37 75
55 30 37 24
56 30 59 24
57 30 51 24
58 30 39 24
59 22 45 4
60 30 5 2
62 30 53 24
63 22 49 4
63 30 55 24
65 22 57 4
66 22 39 4
66 30 57 24
67 14 55 75
68 30 13 2
70 30 1 2
71 14 4 114
71 30 7 2
75 14 39 75
75 30 3 2
76 30 15 2
77 22 59 4
78 14 1 114
2 15 31 108
2 19 34 26
4 7 31 41
4 19 43 26
5 15 25 108
5 19 37 26
6 7 27 41
6 15 37 108
6 19 40 26
7 15 28 108
10 7 22 41
11 7 43 41
11 15 46 108
13 19 31 26
14 7 37 41
14 15 22 108
14 19 25 26
16 19 15 26
17 15 19 108
17 19 28 26
18 15 34 108
19 19 46 26
20 19 31 70
21 7 52 41
23 15 16 108
24 19 13 70
25 7 40 41
26 7 49 41
27 7 10 41
28 15 40 108
31 15 43 108
31 19 19 26
32 19 49 26
33 15 40 58
34 7 19 41
34 19 22 26
35 15 13 108
37 7 55 41
38 7 1 41
39 7 4 41
39 15 1 108
41 7 7 41
41 15 10 108
42 19 7 26
43 15 7 108
44 15 4 108
45 7 13 41
45 15 58 108
45 19 1 26
46 15 4 58
48 15 19 58
50 19 55 26
51 15 52 108
52 19 16 70
53 15 10 58
53 19 4 26
54 19 10 26
57 7 46 41
57 15 1 58
58 7 34 41
58 15 31 58
59 19 19 70
60 15 49 108
61 15 55 108
61 19 58 26
62 19 37 70
63 7 58 41
63 15 25 58
63 19 52 26
64 7 34 60
65 7 7 60
65 15 22 58
66 7 1 60
66 15 7 58
67 7 4 60
69 7 16 41
69 15 13 58
70 7 10 60
70 15 28 58
70 19 3 70
71 15 19 7
72 7 22 60
72 15 1 7
73 19 22 70
74 7 16 60
75 15 34 58
76 19 7 70
77 15 7 7
78 19 10 70
79 7 19 60
79 15 16 58
80 7 28 60
80 15 37 58
80 19 40 70
2 8 29 32
4 8 17 32
5 8 11 32
7 8 25 32
9 8 35 32
12 8 22 32
13 8 5 32
14 8 40 32
22 8 31 32
24 8 33 32
32 8 37 32
34 8 1 32
35 8 27 32
36 8 19 32
40 8 7 32
45 8 9 32
54 8 3 32
55 8 13 32
64 8 43 32
66 8 49 32
68 8 15 32
69 8 51 32
70 8 45 32
71 8 47 32
73 8 53 32
74 8 59 32
75 8 55 32
Điểm tối ưu: 960
Thời gian: 0.048011 giây
Trạng thái: GREEDY_DONE
