3509
2 18 1 243
2 114 7 262
3 91 1 71
4 16 1 211
4 91 7 71
5 57 1 117
7 16 7 211
8 114 1 262
12 58 1 75
13 18 7 243
15 18 13 243
16 114 13 262
17 107 1 189
20 107 7 189
20 117 1 184
21 117 7 184
21 57 13 117
22 82 1 130
27 16 13 211
27 114 19 262
32 107 13 189
32 82 7 130
32 117 19 184
34 16 19 211
37 114 25 262
38 114 31 262
41 114 37 262
41 57 7 117
41 58 13 75
42 114 43 262
43 91 13 71
43 82 19 130
44 57 19 117
46 114 49 262
46 117 13 184
46 58 7 75
47 117 25 184
47 91 19 71
48 114 55 262
48 58 19 75
50 91 25 71
56 16 25 211
56 117 31 184
58 82 13 130
58 117 37 184
59 91 31 71
60 114 1 292
63 57 25 117
64 91 37 71
67 114 7 292
67 82 25 130
67 91 43 71
68 107 19 189
68 57 31 117
70 82 31 130
70 117 43 184
73 82 37 130
73 91 49 71
74 91 55 71
75 82 43 130
75 117 49 184
75 57 37 117
77 82 49 130
79 107 25 189
80 107 31 189
83 16 31 211
84 16 37 211
85 16 43 211
86 18 19 243
87 57 43 117
88 16 49 211
89 57 49 117
90 16 55 211
90 58 25 75
92 114 13 292
94 57 55 117
95 57 1 336
96 91 1 236
97 107 37 189
98 58 31 75
99 18 25 243
99 58 37 75
99 91 7 236
101 18 31 243
101 82 55 130
103 107 43 189
103 58 49 75
104 16 1 161
107 114 19 292
111 16 7 161
111 117 55 184
113 58 43 75
114 114 25 292
115 91 13 236
115 57 7 336
116 18 37 243
118 58 55 75
119 91 19 236
120 16 13 161
120 117 1 313
121 107 49 189
121 117 7 313
121 57 13 336
122 18 43 243
124 18 49 243
126 57 19 336
128 58 1 119
128 18 55 243
129 16 19 161
129 91 25 236
130 16 25 161
131 16 31 161
131 58 7 119
132 117 13 313
133 82 1 358
133 57 25 336
134 114 31 292
134 18 1 271
134 57 37 336
136 16 37 161
139 16 43 161
140 114 37 292
142 82 7 358
144 57 31 336
144 91 37 236
145 117 19 313
145 58 13 119
148 18 7 271
148 57 43 336
151 18 13 271
151 57 49 336
152 114 43 292
153 82 13 358
156 16 49 161
156 91 31 236
157 58 19 119
161 114 49 292
161 117 25 313
163 114 55 292
168 18 19 271
168 57 55 336
171 107 55 189
171 82 19 358
173 82 25 358
174 18 25 271
175 58 25 119
177 82 31 358
178 18 31 271
179 16 55 161
180 58 31 119
182 18 37 271
183 18 43 271
185 18 49 271
191 82 37 358
192 107 1 143
192 82 43 358
193 82 49 358
194 82 55 358
195 58 37 119
199 107 7 143
202 91 43 236
204 18 55 271
205 91 49 236
208 107 13 143
214 107 19 143
215 107 25 143
216 117 31 313
219 91 55 236
221 117 37 313
221 58 43 119
227 107 31 143
227 117 43 313
232 58 49 119
235 117 49 313
240 58 55 119
241 107 37 143
247 107 43 143
262 107 49 143
266 107 55 143
268 117 55 313
1 2 1 368
1 8 4 64
1 111 7 19
1 112 10 299
2 112 13 299
3 80 7 351
4 112 16 299
7 111 1 19
9 65 1 355
9 118 4 98
13 39 1 37
13 112 4 299
13 80 13 351
14 2 4 368
15 65 4 355
16 39 4 37
16 111 10 19
16 118 1 98
17 112 7 299
19 39 7 37
20 68 13 219
21 68 1 219
22 39 10 37
22 80 16 351
23 2 7 368
25 118 7 98
26 2 10 368
26 30 1 315
27 2 25 368
27 80 1 351
28 111 4 19
28 80 10 351
31 2 13 368
32 2 28 368
34 80 4 351
37 2 16 368
38 65 7 355
38 68 4 219
39 68 7 219
40 118 10 98
41 112 1 299
41 118 19 98
42 65 10 355
42 2 19 368
43 2 31 368
44 65 13 355
44 8 1 64
47 8 7 64
50 65 16 355
50 118 13 98
51 68 10 219
52 65 19 355
52 39 13 37
53 39 16 37
54 118 16 98
55 111 13 19
57 112 19 299
59 65 22 355
62 8 10 64
62 30 4 315
63 65 31 355
63 118 22 98
65 118 25 98
66 80 19 351
66 30 7 315
67 2 22 368
69 2 34 368
72 112 22 299
74 68 16 219
76 112 25 299
76 118 28 98
78 65 25 355
78 68 19 219
81 39 19 37
81 118 31 98
82 8 13 64
82 118 34 98
84 111 16 19
84 30 10 315
85 65 28 355
85 80 22 351
87 8 16 64
88 8 19 64
89 2 37 368
90 39 22 37
90 111 19 19
91 8 22 64
93 118 37 98
94 2 40 368
94 30 13 315
95 2 43 368
95 39 25 37
97 65 34 355
97 39 28 37
98 8 25 64
100 65 37 355
100 118 40 98
102 8 28 64
102 80 25 351
103 2 55 368
103 80 28 351
104 39 31 37
105 118 43 98
106 65 40 355
108 65 43 355
109 68 22 219
110 65 46 355
112 39 34 37
112 112 28 299
113 65 49 355
115 68 25 219
117 2 46 368
117 8 31 64
117 30 16 315
118 2 49 368
118 118 46 98
118 30 19 315
119 80 31 351
120 68 28 219
120 39 37 37
124 68 31 219
125 8 34 64
125 111 22 19
126 111 25 19
126 112 31 299
127 80 34 351
128 39 40 37
129 111 31 19
129 118 49 98
131 8 37 64
136 8 43 64
136 111 28 19
137 118 52 98
138 80 37 351
139 2 52 368
140 65 52 355
141 111 34 19
141 112 37 299
145 8 40 64
147 112 34 299
149 111 37 19
149 30 22 315
151 112 40 299
153 111 40 19
153 30 25 315
155 68 34 219
156 68 37 219
157 39 43 37
157 8 46 64
157 30 28 315
158 65 55 355
158 39 46 37
159 8 49 64
160 111 43 19
160 118 55 98
162 39 49 37
163 65 1 54
165 8 52 64
166 65 58 355
166 68 40 219
167 2 58 368
168 2 1 2
168 80 40 351
168 30 31 315
169 118 58 98
170 8 55 64
171 2 4 2
172 80 43 351
173 65 4 54
173 39 52 37
174 39 55 37
175 8 58 64
175 80 46 351
177 111 46 19
177 118 1 124
178 65 7 54
180 68 43 219
180 80 49 351
181 65 10 54
181 8 1 338
181 111 49 19
182 39 58 37
182 8 4 338
183 112 49 299
186 80 52 351
186 30 34 315
187 2 7 2
187 112 43 299
189 8 7 338
189 111 52 19
190 2 10 2
192 112 52 299
192 30 37 315
193 112 46 299
195 30 43 315
196 111 55 19
197 39 1 113
198 111 58 19
198 118 4 124
200 39 4 113
200 8 10 338
201 68 46 219
202 39 7 113
202 8 13 338
202 112 55 299
203 65 13 54
203 39 10 113
203 30 40 315
204 68 49 219
205 118 7 124
206 118 10 124
209 118 13 124
210 65 16 54
210 68 52 219
211 80 55 351
213 65 19 54
214 118 16 124
215 112 58 299
216 2 13 2
217 30 46 315
218 118 19 124
219 65 22 54
220 65 25 54
221 80 58 351
222 65 28 54
223 80 16 338
224 30 49 315
226 118 22 124
228 65 31 54
230 68 55 219
230 8 19 338
233 118 25 124
234 8 22 338
236 2 16 2
236 8 25 338
238 65 34 54
238 68 58 219
239 65 37 54
239 39 13 113
239 112 1 441
239 118 28 124
244 68 1 323
245 80 28 338
246 68 4 323
246 39 16 113
247 65 40 54
248 80 31 338
250 68 7 323
250 39 19 113
250 112 4 441
250 118 31 124
251 2 19 2
251 112 7 441
251 118 34 124
252 8 34 338
253 80 37 338
255 65 43 54
255 80 40 338
258 8 43 338
258 112 10 441
258 30 52 315
259 118 37 124
259 30 55 315
260 68 10 323
260 112 13 441
261 68 13 323
265 118 40 124
266 80 46 338
267 118 43 124
269 68 16 323
269 80 49 338
271 39 22 113
273 8 52 338
274 80 55 338
275 118 46 124
276 2 22 2
276 68 19 323
277 80 58 338
278 2 25 2
278 39 28 113
279 39 25 113
282 68 22 323
284 65 46 54
285 65 49 54
286 65 52 54
286 68 25 323
288 68 28 323
289 30 58 315
290 30 1 356
291 30 4 356
293 118 49 124
296 68 31 323
298 39 31 113
299 65 55 54
299 2 28 2
299 39 34 113
299 118 52 124
299 30 7 356
300 39 37 113
3 83 5 360
3 95 10 363
5 105 5 439
7 86 4 12
9 25 7 120
10 105 1 439
11 86 1 12
11 25 3 120
12 25 5 120
16 83 7 360
16 25 17 120
17 83 10 360
18 86 7 12
19 25 1 120
21 95 4 363
24 25 9 120
25 83 1 360
26 86 13 12
26 25 15 120
30 25 11 120
31 25 19 120
36 86 9 12
37 83 3 360
39 83 13 360
43 41 1 50
45 95 1 363
46 86 11 12
48 41 3 50
48 86 15 12
51 25 13 120
53 105 3 439
54 25 21 120
55 41 5 50
56 95 7 363
57 41 7 50
57 25 23 120
59 25 25 120
59 95 13 363
61 83 15 360
64 105 7 439
64 86 17 12
69 83 17 360
72 25 27 120
77 83 19 360
79 105 9 439
83 83 21 360
84 25 29 120
88 41 9 50
88 86 22 12
89 83 23 360
90 86 29 12
94 25 31 120
95 25 33 120
96 41 11 50
98 105 11 439
100 86 19 12
102 95 15 363
103 105 13 439
104 95 17 363
105 83 25 360
107 41 13 50
107 83 27 360
108 41 15 50
108 105 17 439
111 95 19 363
114 83 29 360
116 95 21 363
117 41 19 50
117 105 21 439
118 95 23 363
121 25 35 120
123 86 25 12
125 95 25 363
127 86 27 12
127 25 37 120
130 105 15 439
130 25 39 120
132 83 31 360
133 41 17 50
133 86 31 12
138 25 41 120
139 105 19 439
139 95 27 363
140 83 33 360
143 83 35 360
144 86 35 12
145 105 23 439
145 25 43 120
147 25 45 120
148 95 29 363
149 95 31 363
152 41 21 50
153 41 23 50
155 25 47 120
156 41 25 50
157 95 33 363
162 95 35 363
163 41 27 50
165 25 49 120
165 95 37 363
166 25 51 120
166 86 33 12
167 25 53 120
169 83 37 360
169 86 39 12
176 41 29 50
176 86 37 12
177 105 25 439
177 25 55 120
180 41 35 50
180 83 39 360
181 25 57 120
181 95 39 363
186 105 27 439
186 83 41 360
189 86 41 12
190 86 43 12
193 105 29 439
197 105 31 439
201 83 43 360
203 41 31 50
204 83 45 360
205 95 41 363
207 83 47 360
208 86 45 12
210 83 49 360
216 95 43 363
218 83 51 360
225 25 59 120
227 105 35 439
232 41 33 50
233 86 47 12
234 41 37 50
241 41 41 50
242 105 33 439
243 83 53 360
247 95 47 363
248 41 39 50
248 86 49 12
248 25 1 426
249 41 43 50
258 86 55 12
259 86 51 12
261 86 53 12
266 105 37 439
267 25 3 426
270 41 45 50
272 95 45 363
274 105 39 439
274 86 58 12
276 41 47 50
277 105 41 439
279 95 49 363
284 41 49 50
288 105 43 439
289 86 1 206
290 41 51 50
292 105 45 439
294 86 3 206
294 25 5 426
296 41 53 50
296 86 5 206
300 83 55 360
30 69 1 306
61 69 7 306
64 69 13 306
69 69 19 306
75 69 25 306
80 69 37 306
91 69 31 306
92 69 43 306
98 69 49 306
108 69 55 306
120 69 7 280
137 69 1 280
140 69 13 280
143 69 19 280
144 69 25 280
149 69 33 280
163 69 37 280
171 69 43 280
187 69 49 280
197 69 55 280
198 69 7 212
199 69 1 212
200 69 13 212
209 69 19 212
255 69 25 212
261 69 31 212
268 69 37 212
271 69 43 212
281 69 49 212
7 31 13 309
8 72 7 74
14 73 1 17
18 73 4 17
18 31 1 309
24 31 4 309
28 31 7 309
29 31 10 309
38 31 16 309
41 72 4 74
47 73 10 17
48 31 25 309
49 72 1 74
50 73 7 17
52 72 10 74
57 72 13 74
59 73 15 17
61 72 19 74
61 73 22 17
64 73 19 17
73 72 16 74
74 72 22 74
75 72 31 74
77 31 21 309
82 31 28 309
86 31 31 309
87 31 34 309
91 72 25 74
92 72 28 74
102 31 37 309
106 73 25 17
109 72 34 74
109 31 40 309
110 73 28 17
112 31 43 309
118 31 52 309
119 72 37 74
133 72 40 74
134 72 43 74
135 73 31 17
137 73 34 17
144 31 46 309
147 31 49 309
151 73 37 17
153 73 43 17
153 31 55 309
158 72 49 74
163 31 4 332
165 73 40 17
169 31 1 332
170 72 46 74
172 72 52 74
173 72 55 74
175 72 1 22
178 73 46 17
178 31 58 309
185 72 58 74
188 73 49 17
190 72 4 22
190 31 7 332
193 73 55 17
195 73 52 17
199 73 58 17
200 73 1 118
201 31 10 332
203 72 7 22
206 72 13 22
208 73 4 118
209 31 16 332
210 73 7 118
212 31 13 332
215 73 10 118
215 31 19 332
216 31 22 332
224 72 10 22
232 72 16 22
237 31 25 332
240 31 28 332
241 73 13 118
241 31 31 332
242 73 16 118
246 72 19 22
249 72 22 22
249 73 19 118
264 31 34 332
266 73 22 118
267 72 25 22
273 72 28 22
275 73 25 118
277 72 31 22
287 72 34 22
289 72 37 22
290 73 28 118
293 73 31 118
294 31 37 332
298 73 34 118
300 73 40 118
3 66 13 38
7 78 11 415
9 66 9 38
12 101 7 200
15 66 1 38
19 66 3 38
22 104 5 402
23 87 1 248
25 104 3 402
26 101 4 200
31 101 1 200
32 66 5 38
33 104 1 402
33 87 3 248
34 104 7 402
35 101 9 200
36 78 1 415
38 78 13 415
39 78 3 415
45 104 9 402
45 43 3 386
46 66 17 38
49 66 7 38
49 104 11 402
50 43 1 386
51 66 15 38
54 78 5 415
57 43 5 386
58 87 5 248
59 87 7 248
60 43 7 386
62 101 13 200
63 104 13 402
64 43 9 386
65 78 7 415
70 87 9 248
71 101 11 200
71 87 13 248
74 87 11 248
75 104 15 402
80 66 11 38
80 43 13 386
81 43 11 386
81 78 9 415
82 66 19 38
84 78 19 415
85 66 25 38
86 66 23 38
86 104 17 402
87 104 19 402
87 43 21 386
91 104 28 402
91 78 15 415
94 66 21 38
96 87 15 248
97 66 31 38
97 101 15 200
98 66 28 38
99 78 17 415
101 87 17 248
104 43 15 386
106 104 21 402
110 87 19 248
114 104 23 402
114 87 21 248
116 101 17 200
116 43 19 386
117 101 23 200
117 87 25 248
118 66 33 38
119 43 17 386
122 101 19 200
123 87 23 248
124 43 23 386
125 101 27 200
125 78 29 415
127 87 29 248
128 43 25 386
130 87 31 248
131 104 25 402
134 104 35 402
134 78 21 415
136 43 31 386
137 104 31 402
138 101 21 200
138 43 27 386
139 66 35 38
141 66 40 38
142 87 27 248
144 101 29 200
147 87 37 248
149 104 40 402
151 43 29 386
152 87 33 248
155 66 37 38
156 66 43 38
159 104 33 402
159 43 35 386
159 78 23 415
159 87 39 248
160 104 37 402
161 43 33 386
164 43 37 386
166 43 43 386
167 87 35 248
174 101 31 200
176 66 45 38
178 104 43 402
181 78 25 415
185 104 45 402
186 101 25 200
189 43 39 386
191 78 27 415
193 43 41 386
194 78 31 415
196 66 47 38
197 43 45 386
198 104 47 402
202 104 49 402
203 66 49 38
203 43 47 386
204 78 33 415
206 66 51 38
207 104 51 402
211 104 53 402
211 43 49 386
213 43 51 386
214 43 53 386
218 101 33 200
219 101 35 200
220 101 37 200
220 87 41 248
221 104 55 402
225 101 39 200
226 66 53 38
226 78 35 415
231 66 55 38
233 66 57 38
233 87 43 248
234 43 55 386
235 78 37 415
238 104 5 271
238 43 1 273
239 43 57 386
240 43 59 386
241 87 45 248
243 101 41 200
245 101 43 200
247 104 57 402
247 43 3 273
249 66 59 38
250 104 59 402
250 43 10 273
251 87 47 248
254 101 45 200
254 104 11 271
254 78 39 415
260 104 17 271
260 78 41 415
262 43 5 273
263 43 7 273
264 78 43 415
265 101 47 200
268 66 1 384
269 104 23 271
270 43 13 273
271 104 29 271
271 43 15 273
271 87 49 248
272 101 49 200
277 104 35 271
277 78 45 415
279 101 51 200
279 43 17 273
282 66 3 384
284 87 51 248
285 104 41 271
286 78 47 415
288 66 5 384
289 101 53 200
290 43 19 273
299 78 49 415
300 66 7 384
300 43 21 273
5 81 7 1
6 26 1 347
8 26 13 347
9 45 13 434
10 26 7 347
11 81 13 1
12 42 9 343
15 81 19 1
17 42 13 343
19 42 19 343
19 45 25 434
19 81 31 1
23 81 3 1
30 81 25 1
35 45 1 434
36 26 19 347
39 42 25 343
41 45 31 434
42 81 37 1
47 42 1 343
47 45 37 434
52 81 43 1
54 42 31 343
62 81 49 1
66 26 25 347
68 42 37 343
71 26 31 347
72 26 37 347
76 81 55 1
77 45 7 434
80 26 43 347
82 42 43 343
91 45 43 434
93 45 19 434
93 26 49 347
94 45 49 434
96 81 7 387
98 81 1 387
105 81 13 387
109 81 25 387
114 81 31 387
115 26 55 347
117 81 37 387
118 26 1 168
120 45 55 434
121 26 19 168
122 81 21 387
124 45 1 312
125 26 7 168
127 42 49 343
128 45 7 312
129 42 55 343
130 26 33 168
142 81 43 387
143 45 13 312
146 45 19 312
152 81 49 387
154 42 1 268
154 26 13 168
155 45 25 312
158 81 1 436
159 42 7 268
159 81 55 387
161 45 37 312
163 42 13 268
164 26 25 168
167 45 31 312
172 81 7 436
176 26 39 168
178 42 19 268
183 45 55 312
184 45 43 312
185 42 25 268
188 81 13 436
188 26 43 168
194 45 49 312
199 45 13 95
201 26 49 168
202 81 19 436
204 45 1 95
204 26 7 85
208 42 31 268
214 45 7 95
217 26 55 168
218 81 25 436
229 42 37 268
232 26 1 85
236 45 19 95
237 81 31 436
244 42 43 268
244 81 37 436
244 26 13 85
248 45 25 95
249 45 31 95
249 26 25 85
252 45 37 95
252 81 43 436
255 26 19 85
263 45 43 95
264 81 49 436
266 26 31 85
268 42 49 268
269 42 55 268
269 45 1 122
270 45 49 95
272 26 37 85
278 81 55 436
279 81 1 94
280 45 55 95
283 26 43 85
285 45 7 122
295 42 1 163
296 42 7 163
297 45 13 122
298 26 49 85
299 45 19 122
2 9 16 238
6 9 7 238
6 88 10 235
8 9 10 238
11 9 19 238
12 48 13 61
15 88 7 235
18 48 9 61
21 88 19 235
25 88 13 235
27 71 4 32
28 9 1 238
29 88 1 235
30 71 7 32
30 9 13 238
31 71 10 32
32 71 1 32
37 71 13 32
45 88 16 235
50 9 4 238
51 48 1 61
51 88 4 235
53 9 22 238
53 48 19 61
54 88 25 235
55 9 25 238
57 88 28 235
60 88 22 235
65 9 28 238
68 9 43 238
71 48 4 61
72 48 16 61
76 71 16 32
79 48 22 61
84 88 31 235
88 71 25 32
88 9 31 238
93 88 34 235
99 9 34 238
101 71 19 32
101 48 25 61
106 71 28 32
106 48 31 61
106 88 37 235
108 88 40 235
110 88 43 235
121 48 28 61
123 9 37 238
127 9 40 238
130 88 46 235
131 71 22 32
135 48 34 61
139 48 37 61
142 71 31 32
145 9 46 238
147 71 39 32
148 88 49 235
149 9 49 238
150 71 34 32
152 71 55 32
155 71 43 32
156 71 46 32
156 9 55 238
158 9 52 238
160 48 40 61
163 9 7 246
164 71 49 32
167 71 1 346
168 9 4 246
170 48 43 61
172 48 46 61
173 9 58 238
173 48 49 61
174 9 1 246
179 9 10 246
182 88 52 235
183 88 1 245
186 9 13 246
189 48 55 61
190 71 52 32
191 9 16 246
191 88 55 235
192 88 58 235
193 48 58 61
194 71 4 346
207 48 55 212
207 88 4 245
209 88 7 245
213 9 22 246
215 88 13 245
217 88 10 245
223 48 52 61
226 88 16 245
228 71 58 32
234 71 7 346
235 9 19 246
238 9 25 246
241 71 10 346
241 48 58 212
243 88 19 245
244 88 22 245
246 88 25 245
250 88 28 245
255 88 31 245
256 71 13 346
256 9 28 246
257 88 34 245
258 71 16 346
259 88 40 245
261 88 37 245
266 88 43 245
273 9 31 246
274 9 34 246
275 88 49 245
289 88 46 245
290 9 37 246
292 9 40 246
293 9 43 246
296 71 19 346
296 9 46 246
297 9 49 246
298 71 22 346
298 88 55 245
300 88 52 245
2 37 5 195
3 77 15 147
8 85 5 47
10 85 3 47
14 77 7 147
14 85 9 47
17 21 5 265
18 77 13 147
20 37 11 195
22 37 7 195
22 77 19 147
23 85 11 47
25 77 5 147
29 21 7 265
29 85 13 47
30 37 16 195
30 85 19 47
33 21 9 265
34 37 1 195
40 37 3 195
42 37 13 195
46 85 1 47
48 85 7 47
51 85 17 47
54 37 9 195
60 85 15 47
65 21 1 265
66 85 22 47
67 37 19 195
67 21 3 265
68 37 23 195
68 77 1 147
73 77 3 147
74 37 25 195
74 21 13 265
75 21 11 265
76 37 21 195
77 21 15 265
80 37 27 195
83 85 25 47
85 77 9 147
86 77 11 147
89 77 17 147
89 85 27 47
96 77 21 147
97 85 41 47
99 77 23 147
103 21 17 265
105 77 27 147
106 37 34 195
109 21 19 265
111 77 25 147
113 77 29 147
120 85 31 47
126 77 34 147
126 21 23 265
128 21 21 265
134 21 25 265
135 77 37 147
138 21 29 265
141 77 31 147
146 21 27 265
147 77 43 147
148 85 33 47
153 85 29 47
156 85 35 47
157 77 39 147
161 77 41 147
162 21 31 265
162 85 37 47
163 37 29 195
163 21 33 265
167 37 37 195
169 37 31 195
170 21 35 265
172 85 39 47
173 77 45 147
175 77 49 147
177 21 37 265
182 85 43 47
184 37 39 195
190 37 41 195
194 77 47 147
200 21 39 265
204 21 41 265
205 77 53 147
212 37 43 195
212 77 51 147
217 21 43 265
218 77 55 147
218 85 45 47
219 21 45 265
224 85 47 47
225 37 45 195
226 37 47 195
227 77 57 147
227 85 49 47
228 37 49 195
229 85 51 47
231 37 51 195
235 77 59 147
237 85 53 47
238 85 55 47
245 77 1 220
246 77 7 220
247 37 53 195
247 77 5 220
248 77 3 220
251 21 49 265
251 85 57 47
256 85 59 47
257 85 1 88
257 21 47 265
258 77 13 220
258 21 57 265
265 37 55 195
265 77 9 220
268 37 59 195
272 85 3 88
273 37 57 195
274 21 51 265
275 85 5 88
280 85 7 88
282 37 1 427
283 37 3 427
287 21 53 265
288 85 9 88
292 21 55 265
293 37 5 427
293 85 11 88
295 21 59 265
296 85 13 88
298 21 1 310
300 37 9 427
1 98 13 123
2 3 19 418
4 3 25 418
5 3 13 418
6 32 13 162
10 32 19 162
20 98 19 123
23 98 25 123
24 3 31 418
29 32 25 162
33 98 31 123
35 98 37 123
37 3 7 418
38 32 37 162
46 98 3 123
51 98 43 123
59 98 9 123
60 3 37 418
70 32 1 162
71 98 49 123
78 32 7 162
79 3 1 418
85 98 55 123
85 3 49 418
93 3 43 418
94 32 33 162
95 32 49 162
96 3 55 418
98 32 43 162
110 98 1 21
112 98 7 21
112 3 1 107
113 98 13 21
114 3 7 107
115 32 1 60
116 3 13 107
119 98 25 21
122 3 25 107
125 32 55 162
127 3 19 107
132 98 19 21
132 3 33 107
134 32 7 60
136 98 33 21
139 3 55 107
141 98 43 21
148 32 13 60
151 98 55 21
152 32 25 60
155 3 39 107
156 32 19 60
158 98 37 21
160 98 49 21
164 32 31 60
170 98 1 55
172 32 55 60
176 98 7 55
183 32 37 60
186 3 43 107
190 98 13 55
191 3 49 107
195 32 1 129
196 3 1 440
206 3 19 440
215 3 31 440
221 32 49 60
222 3 7 440
224 32 43 60
225 32 7 129
225 98 19 55
242 98 25 55
243 32 13 129
252 32 19 129
256 98 31 55
257 3 13 440
262 98 37 55
263 3 25 440
264 3 37 440
265 32 25 129
266 3 49 440
267 98 49 55
272 98 55 55
277 3 1 421
279 3 43 440
281 32 31 129
281 3 55 440
283 3 7 421
289 3 13 421
291 3 19 421
293 98 1 316
296 98 15 316
5 79 19 244
12 79 16 244
21 89 22 90
31 79 3 244
40 79 7 244
44 89 4 90
49 79 13 244
51 79 22 244
61 79 25 244
63 79 10 244
70 79 28 244
72 79 31 244
73 79 34 244
80 89 1 90
81 79 37 244
81 89 13 90
86 89 7 90
101 79 40 244
108 89 10 90
109 79 43 244
110 89 16 90
111 89 27 90
115 79 46 244
115 89 19 90
119 89 34 90
121 79 55 244
123 89 31 90
124 89 37 90
132 89 40 90
144 89 43 90
150 79 49 244
161 79 58 244
164 79 52 244
164 89 46 90
168 89 49 90
172 79 1 51
172 89 4 318
179 79 4 51
184 79 7 51
184 89 52 90
207 79 10 51
209 89 55 90
210 79 13 51
211 89 58 90
214 79 25 51
229 79 16 51
230 89 1 318
232 89 7 318
245 79 19 51
262 89 10 318
263 79 22 51
263 89 13 318
271 89 19 318
272 79 28 51
275 79 31 51
278 79 34 51
279 89 22 318
283 79 37 51
287 79 40 51
287 89 16 318
294 79 43 51
15 116 10 49
36 116 3 49
37 116 1 49
61 116 5 49
69 116 7 49
93 116 13 49
107 116 15 49
114 116 17 49
115 116 22 49
126 116 28 49
132 116 25 49
136 116 19 49
150 116 31 49
167 116 39 49
184 116 33 49
192 116 35 49
212 116 37 49
218 116 41 49
244 116 47 49
248 116 43 49
253 116 45 49
270 116 53 49
273 116 49 49
284 116 55 49
3 7 19 227
4 7 31 227
4 109 19 134
5 53 25 137
7 109 25 134
7 53 19 137
8 53 31 137
9 7 25 227
10 7 13 227
10 109 31 134
17 7 37 227
24 7 43 227
24 109 13 134
25 109 37 134
26 7 49 227
34 53 9 137
35 53 13 137
38 109 43 134
38 53 49 137
39 109 49 134
40 7 55 227
40 109 13 58
42 109 1 134
43 109 7 134
45 7 19 274
50 7 31 274
56 7 1 227
58 109 55 134
62 109 19 58
62 53 37 137
63 53 1 137
66 109 1 58
76 109 7 58
79 53 43 137
84 109 25 58
89 53 55 137
90 7 7 227
90 53 1 16
95 7 7 274
96 53 25 16
102 7 1 274
102 53 7 16
104 109 37 58
107 7 37 274
108 109 31 58
110 53 21 16
112 7 13 274
127 109 43 58
133 109 49 58
137 109 55 58
140 7 25 274
145 53 31 16
149 53 13 16
150 109 1 99
154 109 7 99
158 7 7 128
170 53 37 16
179 7 43 274
179 53 49 16
180 53 55 16
184 7 55 274
184 53 1 305
186 109 19 99
186 53 7 305
188 53 19 305
192 53 13 305
195 7 13 128
196 109 13 99
197 109 25 99
199 109 31 99
199 53 43 16
205 7 1 128
206 7 25 128
210 7 19 128
211 53 25 305
212 109 39 99
213 109 43 99
214 7 49 274
214 109 55 99
217 7 31 128
221 53 31 305
222 109 49 99
223 7 37 128
228 109 1 234
229 109 7 234
230 7 43 128
232 109 19 234
232 53 37 305
234 53 43 305
242 7 49 128
251 7 1 106
253 109 13 234
253 53 49 305
254 7 55 128
254 53 1 430
255 7 7 106
256 109 37 234
260 109 25 234
262 7 13 106
264 109 45 234
268 109 31 234
270 53 55 305
275 109 55 234
276 7 25 106
278 7 19 106
287 109 49 234
288 53 13 430
289 53 7 430
292 7 31 106
296 109 1 394
10 19 25 341
17 19 19 341
29 19 4 341
53 19 7 341
55 19 1 341
57 19 10 341
70 19 13 341
108 19 22 341
126 19 16 341
141 19 28 341
142 19 34 341
153 19 31 341
169 19 43 341
227 19 37 341
231 19 40 341
239 19 46 341
241 19 49 341
248 19 52 341
249 19 55 341
259 19 58 341
261 19 1 401
263 19 4 401
272 19 7 401
283 19 13 401
292 19 10 401
1 10 17 105
6 10 5 105
8 61 17 381
12 61 19 381
15 10 23 105
24 10 1 105
26 61 7 381
27 61 9 381
35 61 5 381
43 10 3 105
43 61 11 381
49 10 9 105
52 10 7 105
54 61 1 381
55 10 11 105
58 10 19 105
59 61 3 381
60 10 13 105
65 61 13 381
72 10 25 105
83 61 15 381
87 10 27 105
91 61 35 381
101 10 15 105
111 10 21 105
113 10 31 105
120 61 21 381
125 10 37 105
136 10 41 105
136 61 23 381
138 10 33 105
141 61 25 381
145 61 27 381
162 10 29 105
163 61 31 381
183 10 35 105
185 61 29 381
187 10 39 105
188 10 47 105
195 61 33 381
196 61 37 381
201 61 39 381
207 61 41 381
210 61 43 381
222 61 45 381
247 10 49 105
250 10 43 105
251 10 45 105
260 10 51 105
261 10 55 105
272 61 47 381
274 61 49 381
276 61 51 381
277 10 53 105
285 10 57 105
294 10 59 105
2 115 25 391
6 90 19 151
10 115 37 391
13 115 19 391
16 90 25 151
19 90 13 151
20 90 31 151
21 90 37 151
23 90 43 151
36 115 13 391
53 115 31 391
60 90 9 151
62 90 55 151
63 115 43 391
64 90 1 151
71 115 7 391
77 90 1 348
88 90 13 348
93 115 1 391
94 90 7 348
96 115 49 391
97 115 55 391
100 90 49 151
101 115 1 43
104 90 19 348
120 115 33 43
121 115 37 43
123 115 7 43
124 115 13 43
127 115 55 43
128 90 27 348
135 90 39 348
139 90 31 348
148 115 19 43
151 115 25 43
152 115 1 165
177 90 49 348
191 115 43 43
199 90 19 275
200 115 49 43
204 115 13 165
206 115 31 165
209 90 43 348
211 115 7 165
222 115 19 165
222 90 55 348
223 115 25 165
225 115 49 165
228 90 7 275
230 90 13 275
237 115 37 165
238 115 43 165
242 90 1 275
246 90 31 275
258 90 25 275
261 90 43 275
268 115 3 270
272 90 51 275
275 115 7 270
278 90 37 275
280 90 1 231
282 115 55 165
283 115 19 270
285 115 13 270
287 90 55 275
3 64 25 213
10 64 28 213
14 64 13 213
15 64 31 213
26 64 19 213
32 64 34 213
35 15 19 3
37 15 22 3
39 15 10 3
41 15 25 3
46 64 22 213
48 64 9 213
51 15 7 3
52 15 1 3
59 64 37 213
64 64 43 213
87 15 4 3
93 15 15 3
96 15 31 3
100 15 28 3
109 64 1 213
112 64 40 213
113 64 4 213
126 64 46 213
129 64 16 213
140 64 49 213
146 64 52 213
150 64 55 213
156 15 40 3
161 64 1 250
165 15 34 3
192 64 7 250
203 15 37 3
204 15 52 3
210 64 58 213
213 64 4 250
221 15 1 373
225 15 55 3
229 15 43 3
234 64 10 250
236 15 46 3
237 15 49 3
250 15 13 373
257 64 19 250
268 15 7 373
274 64 13 250
276 64 16 250
286 15 58 3
297 64 22 250
300 64 25 250
4 55 5 67
6 4 17 30
6 55 23 67
13 55 11 67
16 55 19 67
18 4 15 30
22 4 13 30
24 55 7 67
30 4 5 30
30 55 21 67
31 4 7 30
38 4 1 30
42 55 15 67
62 55 1 67
68 55 3 67
75 4 3 30
83 55 9 67
93 4 9 30
100 55 13 67
116 4 11 30
116 55 25 67
118 4 25 30
121 55 17 67
125 55 31 67
131 4 19 30
139 4 21 30
140 55 29 67
143 4 23 30
148 55 27 67
150 55 37 67
152 4 29 30
157 4 31 30
161 55 35 67
166 55 45 67
175 55 33 67
181 4 27 30
182 4 33 30
194 4 35 30
200 4 37 30
205 55 39 67
209 55 41 67
212 4 45 30
216 4 39 30
216 55 47 67
222 55 43 67
223 55 49 67
229 4 41 30
231 4 43 30
233 4 49 30
237 4 47 30
253 4 53 30
259 55 53 67
263 55 51 67
268 4 10 193
279 55 55 67
286 55 55 246
296 55 57 67
14 12 19 115
17 12 25 115
20 12 37 115
24 47 19 352
25 12 31 115
25 47 25 352
39 47 15 352
43 12 43 115
44 12 7 115
52 12 49 115
52 47 31 352
62 47 43 352
70 47 37 352
74 47 1 352
75 12 55 115
76 47 49 352
78 47 55 352
108 47 1 370
114 12 1 115
123 12 13 115
128 47 13 370
137 47 7 352
143 12 1 214
148 47 37 370
151 47 7 370
160 47 19 370
167 12 7 214
170 12 13 214
171 12 25 214
183 47 25 370
188 47 31 370
191 47 1 135
194 47 43 370
198 12 19 214
212 47 55 370
224 47 13 135
228 12 37 214
234 12 31 214
236 12 49 214
237 47 7 135
240 47 49 370
253 12 55 214
258 47 19 135
262 47 25 135
265 12 43 214
272 12 13 329
275 47 37 135
281 47 43 135
282 47 31 135
284 12 1 329
285 12 19 329
2 46 11 185
4 46 13 185
9 46 17 185
36 46 5 185
56 46 9 185
59 46 1 185
69 46 3 185
73 46 7 185
74 46 19 185
96 46 23 185
110 46 25 185
113 46 21 185
115 46 28 185
122 46 15 185
154 46 31 185
179 46 33 185
180 46 37 185
181 46 35 185
182 46 41 185
206 46 39 185
207 46 43 185
235 46 45 185
242 46 47 185
244 46 49 185
267 46 53 185
290 46 55 185
292 46 51 185
8 22 19 70
10 22 43 70
19 22 37 70
23 22 13 70
29 22 31 70
49 22 25 70
57 22 1 70
67 22 49 70
68 22 7 70
96 22 37 41
102 22 55 70
113 22 7 41
119 22 1 41
128 22 31 41
141 22 13 41
164 22 19 41
166 22 25 41
168 22 43 41
171 22 49 41
185 22 1 86
193 22 7 86
195 22 55 41
196 22 19 86
213 22 13 86
214 22 31 86
224 22 25 86
231 22 45 86
242 22 37 86
255 22 49 86
277 22 7 154
282 22 13 154
290 22 57 86
296 22 25 154
9 6 19 286
27 6 28 286
54 6 13 286
60 6 25 286
70 6 16 286
81 6 1 286
92 6 4 286
105 6 7 286
110 6 10 286
117 6 34 286
124 6 40 286
126 6 37 286
134 6 46 286
135 6 22 286
148 6 52 286
149 6 43 286
158 6 31 286
176 6 49 286
197 6 4 226
201 6 55 286
211 6 1 226
214 6 13 226
224 6 58 286
225 6 16 226
227 6 7 226
238 6 10 226
268 6 19 226
283 6 25 226
295 6 22 226
1 62 19 269
3 62 28 269
5 62 22 269
8 62 25 269
13 62 16 269
15 62 34 269
16 62 31 269
27 62 37 269
28 62 13 269
29 62 40 269
32 62 43 269
42 62 7 269
46 62 46 269
54 62 49 269
57 62 52 269
79 62 55 269
82 62 1 269
87 62 10 269
92 62 58 269
103 62 4 269
121 62 46 51
123 62 49 51
143 62 52 51
144 62 55 51
170 62 58 51
176 62 1 136
180 62 4 136
187 62 10 136
188 62 7 136
190 62 19 136
198 62 13 136
212 62 16 136
220 62 22 136
221 62 25 136
233 62 28 136
283 62 31 136
284 62 34 136
289 62 40 136
292 62 37 136
299 62 43 136
3 106 17 59
10 106 5 59
13 20 23 322
17 20 17 322
18 106 19 59
28 106 21 59
30 20 29 322
33 106 7 59
37 20 5 322
40 106 1 59
43 20 25 322
47 106 13 59
48 20 1 322
58 106 3 59
61 106 11 59
63 20 7 322
66 20 10 322
73 20 13 322
75 20 19 322
77 20 27 322
79 106 15 59
81 106 23 59
88 20 3 322
92 106 9 59
93 106 25 59
99 106 29 59
104 20 34 322
115 106 31 59
127 106 47 59
129 106 34 59
129 20 37 322
136 106 49 59
136 20 15 322
137 106 27 59
139 20 40 322
141 20 21 322
145 20 49 322
146 106 37 59
164 106 39 59
165 20 31 322
178 106 41 59
179 20 47 322
188 20 52 322
197 20 43 322
198 106 43 59
204 20 59 322
217 106 51 59
219 20 1 101
228 20 45 322
240 106 45 59
246 20 55 322
259 20 3 101
260 106 53 59
273 20 5 101
275 106 59 59
280 20 9 101
295 106 55 59
297 20 57 322
1 44 22 109
9 92 22 79
23 44 19 109
33 92 13 79
44 44 16 109
45 44 13 109
50 92 10 79
52 92 4 79
55 92 7 79
58 44 7 109
64 44 25 109
67 44 31 109
73 44 10 109
78 44 1 109
78 92 16 79
90 44 34 109
95 44 28 109
97 92 1 79
99 92 19 79
100 92 25 79
105 92 31 79
113 92 34 79
116 92 28 79
121 92 43 79
131 44 4 109
133 44 37 109
137 92 37 79
138 92 46 79
140 92 55 79
147 44 52 109
157 92 49 79
160 44 46 109
163 92 52 79
171 44 40 109
180 44 1 284
186 92 58 79
192 44 49 109
203 92 55 30
206 44 43 109
216 92 58 30
219 92 40 79
227 44 4 284
262 44 55 109
263 92 1 349
273 92 7 349
274 44 7 284
282 44 10 284
288 44 58 109
288 92 19 349
290 92 4 349
291 92 10 349
292 92 13 349
298 44 13 284
4 93 37 35
23 93 31 35
41 93 43 35
56 93 13 35
64 93 49 35
71 93 19 35
86 93 1 35
101 93 7 35
107 93 55 35
113 93 25 35
115 93 33 68
129 93 1 68
130 93 7 68
138 93 13 68
158 93 19 68
159 93 25 68
169 93 49 68
170 93 7 239
183 93 13 239
191 93 19 239
195 93 25 239
198 93 37 68
211 93 43 68
233 93 1 239
234 93 57 68
237 93 43 239
239 93 31 239
245 93 37 239
255 93 55 239
257 93 49 239
260 93 1 80
5 51 31 177
11 51 7 177
12 51 21 177
24 51 25 177
27 97 31 196
41 51 28 177
44 97 25 196
44 51 34 177
56 51 37 177
60 51 43 177
69 97 9 196
69 51 13 177
73 97 19 196
83 51 1 177
85 97 1 196
87 51 40 177
100 97 4 196
101 97 22 196
103 97 34 196
109 97 13 196
116 97 43 196
124 51 10 177
132 51 4 177
139 51 16 177
147 97 16 196
150 51 46 177
151 51 1 344
154 97 28 196
155 51 49 177
158 97 58 196
172 97 49 196
173 51 7 344
174 97 37 196
174 51 52 177
177 51 57 177
178 51 4 344
183 51 10 344
194 51 13 344
202 97 40 196
203 97 52 196
216 97 55 196
218 97 57 360
220 97 46 196
223 51 19 344
231 51 16 344
233 97 7 146
233 51 22 344
235 97 1 146
237 51 28 344
242 51 43 344
246 97 10 146
249 97 4 146
257 97 22 146
258 97 31 146
262 51 31 344
282 51 25 344
287 97 13 146
291 97 16 146
299 97 25 146
3 119 23 39
3 29 31 46
5 60 11 86
8 29 23 46
11 60 5 86
15 60 17 86
16 29 21 46
20 29 5 46
21 29 11 46
22 60 23 86
23 29 17 46
25 29 19 46
28 60 29 86
30 119 31 39
37 119 11 39
47 60 35 86
48 119 5 39
49 119 16 39
53 60 41 86
58 29 1 46
62 29 7 46
64 29 28 46
69 29 25 46
71 60 43 86
72 60 53 86
76 119 1 39
78 29 13 46
88 60 55 86
89 119 3 39
106 60 7 196
107 60 1 307
108 119 7 39
110 119 13 39
111 29 3 46
128 119 19 39
130 119 21 39
132 29 9 46
133 29 15 46
140 60 3 307
140 119 9 39
141 29 47 46
146 119 25 39
149 119 27 39
151 60 5 307
154 60 11 307
156 29 53 46
162 60 7 307
162 29 33 46
169 29 35 46
171 60 9 307
177 119 29 39
179 119 35 39
181 119 33 39
194 119 37 39
196 119 39 39
210 119 41 39
211 119 47 39
214 60 23 307
215 60 16 307
221 29 41 46
222 29 37 46
223 119 43 39
224 60 19 307
227 60 13 307
227 29 51 46
229 119 49 39
229 60 21 307
230 119 51 39
230 29 39 46
231 60 25 307
242 119 53 39
244 119 55 39
247 60 27 307
252 119 57 39
252 29 49 46
253 60 29 307
255 29 59 46
260 29 43 46
261 29 57 46
264 29 55 46
264 119 59 39
268 119 45 39
268 60 35 307
270 29 1 293
277 60 37 307
280 29 45 46
281 60 39 307
287 60 31 307
288 119 1 148
288 60 33 307
289 119 3 148
291 60 41 307
293 119 7 148
294 60 46 307
297 29 3 293
11 5 25 14
33 5 19 14
39 5 31 14
49 5 37 14
51 5 49 14
52 5 55 14
59 5 43 14
60 5 31 233
68 5 13 14
71 5 15 233
77 5 37 233
93 5 27 233
107 5 3 14
117 5 7 14
130 5 1 233
134 5 49 233
147 5 7 233
160 5 1 217
174 5 19 233
187 5 55 233
200 5 43 233
228 5 13 217
235 5 7 217
252 5 25 217
259 5 19 217
275 5 1 283
282 5 37 217
1 63 25 396
2 63 23 396
18 63 17 396
29 63 15 396
34 63 13 396
45 24 5 420
47 24 15 420
49 63 4 396
53 63 1 396
55 24 17 420
58 63 10 396
65 63 19 396
72 24 1 420
76 63 31 396
89 63 7 396
96 63 29 396
99 24 3 420
100 24 7 420
102 24 11 420
105 63 21 396
109 24 9 420
110 63 33 396
111 24 13 420
112 63 37 396
130 63 41 396
132 24 23 420
143 24 25 420
144 63 49 396
146 24 29 420
150 24 19 420
154 63 35 396
157 63 52 396
160 63 27 396
165 63 43 396
166 24 21 420
174 63 45 396
181 63 47 396
184 63 59 396
185 24 31 420
185 63 39 396
196 24 27 420
207 63 1 10
209 63 3 10
212 63 5 10
217 63 7 10
222 24 33 420
229 24 35 420
239 63 55 396
240 24 37 420
240 63 9 10
241 63 16 10
243 24 39 420
245 63 57 396
249 24 41 420
250 24 45 420
254 63 13 10
260 24 47 420
260 63 19 10
264 63 11 10
265 63 21 10
267 63 23 10
270 24 43 420
284 63 25 10
288 24 49 420
289 63 27 10
291 24 51 420
292 63 29 10
1 36 27 36
2 36 31 36
5 110 37 8
6 110 25 8
12 36 37 36
14 110 31 8
21 110 43 8
26 110 55 8
28 36 43 36
36 110 49 8
37 110 31 84
45 110 25 84
58 36 21 36
65 36 3 36
78 36 49 36
80 110 7 8
89 110 13 8
91 36 7 36
92 36 19 409
92 110 37 84
98 110 19 8
102 110 19 84
104 36 55 36
105 110 1 8
107 110 7 84
112 36 49 409
114 36 13 36
124 36 25 409
135 110 1 84
144 36 1 409
146 36 7 409
158 110 13 84
175 36 13 409
175 110 51 84
176 36 31 409
178 110 13 364
180 110 7 364
187 36 1 447
189 36 43 409
189 110 1 364
192 110 19 364
217 36 37 409
220 36 55 409
227 110 25 364
231 36 7 447
232 36 25 447
232 110 43 84
235 36 13 447
237 110 55 84
241 36 19 447
242 110 55 364
245 36 31 447
253 110 31 364
256 36 43 447
266 110 39 364
273 110 43 364
274 110 1 408
279 36 37 447
279 110 7 408
291 110 25 408
300 110 13 408
13 56 25 4
24 56 28 4
35 56 22 4
42 56 31 4
47 56 43 4
49 56 19 4
65 56 9 4
70 56 49 4
72 56 3 4
74 56 34 4
79 56 37 4
81 56 16 4
90 56 13 4
133 56 46 4
146 56 40 4
171 56 1 116
187 56 13 116
197 56 52 4
216 56 4 116
226 56 55 4
234 56 16 116
246 56 58 4
253 56 7 116
271 56 10 116
288 56 22 116
289 56 19 116
7 40 31 201
10 11 49 138
12 40 25 201
19 40 43 201
31 11 21 138
32 11 37 138
35 11 25 138
58 40 49 201
60 40 55 201
69 11 43 138
78 11 31 138
83 40 37 201
87 40 49 374
103 40 7 201
104 11 7 138
106 40 1 201
108 40 25 374
118 40 13 201
125 11 1 138
126 40 1 374
129 11 7 445
132 40 43 374
138 40 7 374
138 11 55 138
142 40 19 201
146 40 13 374
146 11 1 445
148 11 55 445
150 40 21 374
155 11 13 138
159 11 13 445
162 40 39 374
165 11 19 445
168 40 7 279
171 40 31 374
172 40 13 279
189 40 19 279
192 11 25 445
194 40 25 279
200 40 55 374
215 40 1 279
216 11 49 445
218 11 37 445
220 11 31 445
221 11 7 40
228 11 19 40
230 40 31 279
236 40 37 279
238 40 49 279
243 40 43 279
243 11 1 40
248 11 45 445
256 40 55 279
257 40 3 65
265 11 13 40
267 11 31 40
272 40 19 65
281 11 25 40
282 11 43 40
286 11 37 40
290 11 7 202
295 11 49 40
299 11 1 202
300 40 31 65
6 108 31 422
19 108 10 422
23 108 22 422
28 108 16 422
31 108 25 422
40 108 19 422
55 108 28 422
66 108 13 422
77 108 34 422
83 108 4 422
97 108 7 422
105 108 37 422
116 108 1 422
117 108 43 422
121 108 58 422
132 108 49 422
141 108 52 422
161 108 46 422
166 108 55 422
177 108 40 422
189 108 10 192
198 108 1 192
203 108 4 192
226 108 7 192
230 108 22 192
232 108 13 192
236 108 28 192
245 108 16 192
246 108 37 192
261 108 19 192
266 108 25 192
272 108 31 192
4 28 11 367
11 28 17 367
20 94 16 412
24 28 23 367
29 28 19 367
45 94 7 412
46 94 19 412
48 94 13 412
50 28 21 367
53 94 5 412
65 28 15 367
66 28 5 367
67 94 1 412
82 94 9 412
88 94 11 412
90 28 31 367
95 94 21 412
103 94 23 412
107 94 25 412
111 28 1 367
118 28 7 367
120 94 40 412
130 28 13 367
134 94 27 412
142 94 3 412
159 94 29 412
162 94 43 412
166 28 3 367
174 94 33 412
178 94 35 412
179 94 31 412
187 28 25 367
194 28 9 367
208 94 37 412
212 94 47 412
213 28 27 367
221 28 29 367
226 94 45 412
228 28 34 367
231 28 37 367
251 94 51 412
254 94 49 412
256 28 41 367
261 94 59 412
266 94 53 412
267 28 39 367
271 28 47 367
271 94 55 412
277 28 43 367
278 28 45 367
284 28 53 367
289 94 5 81
290 94 11 81
297 28 55 367
300 94 57 412
11 34 49 439
14 76 16 254
29 34 52 439
31 34 55 439
32 76 25 254
33 34 58 439
34 34 15 202
35 34 31 202
44 34 28 202
51 76 19 254
56 76 22 254
61 76 1 254
65 76 31 254
68 34 25 202
76 34 34 202
79 76 34 254
85 34 19 202
98 76 7 254
103 76 37 254
105 76 10 254
115 76 40 254
119 76 13 254
146 34 43 202
150 34 39 202
154 34 22 202
159 76 4 254
160 34 58 202
169 34 46 202
191 76 58 254
192 34 55 202
199 34 49 202
204 34 19 255
205 34 10 255
205 76 28 254
209 76 49 254
213 34 1 255
219 34 52 202
223 34 4 255
225 34 13 255
231 34 22 255
233 34 16 255
240 76 1 303
245 76 45 254
246 34 28 255
250 34 25 255
256 34 7 255
264 34 31 255
269 34 34 255
276 76 55 254
286 76 4 303
291 76 7 303
293 34 37 255
294 34 40 255
298 34 43 255
15 74 25 53
25 74 10 53
33 74 5 53
40 74 17 53
51 74 27 53
66 74 29 53
70 74 7 53
84 74 1 53
95 74 13 53
104 74 23 53
106 74 15 53
122 74 3 53
150 74 43 53
165 74 45 53
180 74 19 53
190 74 31 53
196 74 33 53
208 74 21 53
212 74 35 53
242 74 41 53
249 74 37 53
251 74 39 53
252 74 47 53
254 74 51 53
257 74 53 53
265 74 49 53
267 74 55 53
297 74 59 53
13 96 28 156
13 14 31 188
20 14 23 188
26 96 17 156
28 96 19 156
36 96 7 156
55 14 19 188
63 14 5 188
66 14 16 188
67 96 5 156
68 96 11 156
69 14 1 188
71 96 1 156
72 96 9 156
76 96 3 156
80 96 15 156
81 96 25 156
85 96 13 156
88 96 34 156
90 14 11 188
91 14 3 188
92 96 23 156
94 96 37 156
94 14 25 188
102 96 31 156
102 14 13 188
103 96 21 156
113 14 37 188
133 96 43 156
137 96 40 156
154 14 33 188
155 96 52 156
155 14 7 188
164 14 9 188
167 96 45 156
167 14 21 188
172 14 27 188
176 96 47 156
182 96 49 156
184 14 29 188
185 14 35 188
190 96 55 156
194 14 39 188
201 14 41 188
205 96 57 156
207 14 45 188
216 96 1 125
218 14 43 188
220 96 59 156
223 96 7 125
236 14 53 188
239 14 49 188
242 14 59 188
252 14 51 188
256 14 47 188
258 14 1 327
260 14 55 188
263 14 57 188
270 96 3 125
283 96 5 125
286 14 7 327
287 96 9 125
291 96 13 125
297 14 5 327
5 54 17 96
17 54 22 96
38 54 10 96
43 54 5 96
100 54 1 96
102 54 33 96
122 54 7 96
168 54 13 96
175 54 19 96
188 54 3 96
197 54 15 96
209 54 25 96
210 54 27 96
211 54 29 96
225 54 31 96
238 54 37 96
240 54 35 96
247 54 51 96
249 54 39 96
274 54 41 96
294 54 49 96
297 54 43 96
6 103 37 333
27 103 43 333
36 103 25 333
39 103 19 333
40 103 31 333
47 103 49 333
49 103 55 333
57 103 31 335
75 103 7 333
82 103 21 335
107 103 43 335
120 103 49 335
131 103 13 333
143 103 7 335
172 103 19 253
175 103 37 335
176 103 13 335
201 103 1 333
206 103 1 335
208 103 25 335
219 103 3 253
224 103 31 253
230 103 7 253
234 103 25 253
253 103 1 28
281 103 13 253
299 103 37 253
8 67 28 285
26 67 22 285
37 67 19 285
53 67 10 285
63 67 15 285
66 67 31 285
78 67 4 285
134 67 55 285
139 67 1 285
140 67 43 285
143 67 37 285
152 67 7 285
161 67 55 40
163 67 46 285
181 67 52 285
182 67 25 285
183 67 19 408
188 67 40 285
201 67 34 285
215 67 49 285
232 67 58 285
236 67 58 40
243 67 22 408
251 67 31 408
264 67 1 152
269 67 37 408
278 67 49 408
290 67 34 408
9 59 31 13
12 23 31 142
12 59 34 13
13 23 34 142
16 59 37 13
18 59 21 13
30 23 37 142
38 23 19 142
40 59 25 13
43 59 28 13
54 59 40 13
64 23 22 142
72 23 13 142
79 59 49 13
84 59 3 13
89 59 9 13
91 59 52 13
93 59 55 13
97 23 4 142
99 23 43 142
100 59 15 13
105 59 46 13
109 23 16 142
124 23 7 142
125 23 40 142
127 23 1 142
131 23 27 142
133 23 10 142
135 23 46 142
138 23 49 142
142 23 52 142
142 59 58 13
154 59 43 13
156 59 1 325
166 23 7 56
178 23 55 142
183 23 4 56
188 59 10 325
195 23 10 56
196 23 58 142
212 23 1 56
214 23 28 56
222 23 13 56
223 59 13 325
250 59 16 325
252 59 4 325
254 23 16 56
262 59 7 325
264 23 19 56
267 59 19 325
270 23 22 56
271 23 25 56
273 59 22 325
280 59 25 325
2 33 37 114
14 100 25 229
18 100 31 229
34 33 25 114
39 33 43 114
41 100 49 229
61 100 37 229
70 33 19 114
77 100 43 229
78 33 37 132
86 33 13 114
90 33 49 114
98 100 13 229
100 100 9 229
101 33 43 132
106 33 9 114
108 33 49 132
110 33 55 114
111 33 31 114
111 100 15 223
112 100 19 229
114 100 55 229
122 100 9 223
124 33 19 132
144 33 7 132
145 100 1 229
150 100 25 223
164 100 1 223
182 100 19 223
186 33 1 114
193 100 31 223
195 33 19 141
196 33 7 141
208 33 55 132
210 100 37 223
213 33 31 132
214 100 43 223
217 33 1 132
224 100 1 194
233 100 51 223
239 33 51 141
251 100 13 194
253 33 25 132
255 100 1 7
256 100 19 194
264 100 7 194
280 33 13 132
284 100 57 223
286 100 31 194
291 33 31 141
4 35 43 125
5 49 34 190
7 35 16 125
9 35 34 125
14 49 37 190
26 49 25 190
29 35 21 125
31 35 28 125
34 35 31 125
44 49 31 190
52 35 25 125
53 35 37 125
54 35 46 125
59 35 40 125
62 49 15 190
67 49 40 190
69 35 49 125
74 35 52 125
74 49 7 190
82 35 55 125
86 49 28 190
92 49 1 190
116 49 4 190
119 35 58 125
122 35 31 197
123 49 19 190
130 49 43 190
131 35 1 197
142 35 13 197
143 49 46 190
145 35 7 197
147 49 22 190
151 49 19 48
152 35 10 197
154 49 49 190
155 35 4 197
162 49 10 190
165 49 55 190
170 49 52 190
173 35 16 197
174 35 40 197
175 35 21 197
182 35 28 197
191 49 7 48
199 35 25 197
199 49 28 48
202 35 34 197
213 49 58 190
217 35 13 416
217 49 16 48
226 49 1 48
229 35 46 197
230 49 4 48
231 49 13 48
235 35 55 197
237 35 1 416
240 35 4 416
243 35 49 197
247 35 37 197
252 35 7 416
257 35 43 197
258 35 34 416
261 35 10 416
263 35 16 416
269 35 52 197
275 35 19 416
276 49 10 48
281 35 22 416
285 35 25 416
287 49 22 48
292 35 58 197
294 49 25 48
17 27 31 133
34 27 37 133
35 27 43 133
39 27 55 133
40 27 49 133
52 27 37 193
83 27 27 133
84 27 21 133
86 27 43 193
89 27 19 193
99 27 13 133
107 27 31 193
109 27 49 193
111 27 37 344
114 27 49 344
123 27 1 133
126 27 7 133
145 27 55 193
149 27 1 193
160 27 13 193
165 27 25 193
170 27 19 389
176 27 55 344
179 27 13 389
189 27 25 389
191 27 31 389
244 27 7 389
245 27 3 389
254 27 7 414
281 27 1 414
283 27 49 389
284 27 37 389
296 27 37 414
16 50 23 207
32 50 11 207
39 50 1 207
55 50 21 207
65 50 17 207
73 50 5 207
82 50 7 207
84 50 13 207
86 50 25 207
88 50 28 207
104 50 41 207
123 50 34 207
127 50 9 207
131 50 43 207
141 50 3 207
143 50 31 207
151 50 45 207
157 50 15 207
171 50 37 207
182 50 47 207
193 50 19 207
198 50 49 207
200 50 53 207
206 50 55 207
207 50 39 207
220 50 51 207
221 50 4 383
223 50 57 207
226 50 59 207
227 50 1 383
228 50 11 383
232 50 23 383
243 50 7 383
263 50 9 383
266 50 13 383
273 50 15 383
295 50 17 383
7 13 37 218
18 13 25 218
22 13 31 218
28 13 49 218
34 13 43 218
38 13 55 218
46 13 25 377
53 13 43 377
56 13 49 377
62 13 31 377
82 13 37 377
98 13 55 377
112 13 55 81
132 13 27 81
135 13 7 218
147 13 1 218
162 13 13 218
167 13 13 377
176 13 19 218
177 13 7 377
179 13 19 377
187 13 19 81
190 13 33 81
205 13 13 81
217 13 19 215
226 13 37 81
248 13 7 81
262 13 1 377
270 13 7 215
297 13 45 81
1 102 31 171
7 102 43 171
57 102 16 171
63 102 19 171
69 102 27 171
77 102 55 171
79 102 40 171
80 102 4 171
91 102 37 171
98 102 37 300
104 102 46 171
129 102 13 171
135 102 49 171
142 102 16 300
144 102 22 171
155 102 1 171
157 102 7 171
162 102 52 171
169 102 10 171
174 102 58 171
195 102 7 300
207 102 34 171
208 102 1 300
215 102 22 300
219 102 10 300
220 102 4 300
229 102 13 300
240 102 19 300
244 102 25 300
255 102 34 300
282 102 28 300
283 102 40 300
284 102 31 300
285 102 43 300
294 102 51 300
7 84 49 77
22 84 25 77
24 84 37 77
61 84 31 77
86 84 55 77
87 84 55 294
105 84 49 294
122 84 37 294
142 84 37 80
143 84 27 294
170 84 31 294
174 84 7 77
180 84 13 77
197 84 19 77
201 84 13 294
202 84 1 77
229 84 1 294
243 84 9 294
257 84 55 415
271 84 51 415
274 84 43 77
279 84 13 80
290 84 21 294
293 84 19 80
295 84 43 294
9 17 11 23
11 17 22 23
18 17 29 23
19 17 5 23
32 17 17 23
33 17 25 23
41 17 35 23
42 17 27 23
46 17 31 23
56 17 19 23
65 17 37 23
79 17 7 23
83 17 13 23
87 17 1 23
92 17 33 23
95 17 15 23
114 17 39 23
123 17 41 23
129 17 43 23
135 17 52 23
171 17 47 23
179 17 59 23
185 17 9 23
189 17 49 23
193 17 3 23
202 17 5 169
208 17 7 169
239 17 9 169
265 17 57 23
276 17 45 23
280 17 11 169
21 38 25 176
55 38 31 176
56 38 40 176
71 38 28 176
75 38 21 176
80 38 49 176
85 38 4 176
91 38 55 176
97 38 10 176
119 38 7 176
128 38 37 176
136 38 1 176
169 38 13 176
175 38 43 176
181 38 16 176
210 38 34 176
213 38 7 353
224 38 52 176
236 38 1 353
241 38 4 353
248 38 58 176
259 38 46 176
262 38 19 353
287 38 25 353
293 38 13 353
298 38 10 353
21 52 28 208
25 52 16 208
27 52 34 208
35 52 49 208
45 52 31 208
55 52 37 208
61 52 43 208
66 52 40 208
71 52 25 208
76 52 13 208
119 52 10 208
135 52 19 208
136 52 4 208
137 52 22 208
153 52 1 208
164 52 55 208
168 52 52 208
169 52 7 208
183 52 7 337
197 52 10 337
200 52 19 337
211 52 4 337
215 52 46 208
218 52 1 337
247 52 13 337
254 52 22 337
259 52 16 337
270 52 25 337
280 52 28 337
281 52 7 443
285 52 31 337
292 52 1 443
6 120 29 9
8 120 35 9
11 120 10 9
25 120 21 9
36 120 17 9
42 120 5 9
44 120 23 9
50 120 19 9
57 120 25 9
61 120 13 9
74 120 27 9
80 120 41 9
83 120 7 9
92 120 31 9
95 120 37 9
101 120 47 9
109 120 53 9
112 120 59 9
116 120 33 9
120 120 43 9
148 120 1 9
153 120 49 9
164 120 15 9
184 120 5 237
185 120 55 9
195 120 17 237
197 120 39 9
199 120 11 237
208 120 51 9
219 120 7 237
222 120 3 9
225 120 1 237
236 120 9 237
255 120 13 237
269 120 45 9
271 120 57 9
294 120 15 237
1 113 34 104
11 113 29 104
14 113 11 104
15 113 27 104
31 113 16 104
34 113 23 104
36 113 31 104
44 113 37 104
50 113 39 104
54 113 3 104
56 113 5 104
72 113 7 104
78 113 41 104
81 113 43 104
83 113 19 104
94 113 1 104
97 113 13 104
99 113 46 104
119 113 49 104
122 113 51 104
123 113 53 104
124 113 55 104
128 113 59 104
133 113 21 104
135 113 25 104
153 113 9 104
158 113 5 160
159 113 1 160
161 113 7 160
167 113 11 160
184 113 13 160
187 113 16 160
198 113 23 160
199 113 35 160
209 113 27 160
211 113 19 160
222 113 25 160
235 113 29 160
243 113 57 104
261 113 40 160
269 113 9 160
278 113 3 160
287 113 37 160
293 113 46 160
21 75 31 209
28 75 25 209
40 75 22 209
42 75 34 209
45 75 37 209
47 75 46 209
50 75 43 209
60 75 19 209
63 75 40 209
67 75 13 209
73 75 28 209
81 75 4 209
85 75 16 209
89 75 31 399
125 75 49 209
131 75 52 209
140 75 58 209
149 75 7 209
161 75 10 209
165 75 1 209
168 75 15 399
173 75 1 399
188 75 55 209
206 75 7 399
230 75 25 399
244 75 4 399
259 75 10 399
265 75 34 399
266 75 19 399
270 75 28 399
280 75 22 399
281 75 10 31
291 75 37 399
295 75 40 399
299 75 46 399
2 70 43 157
4 70 46 157
17 70 49 157
19 70 52 157
20 70 25 157
22 70 37 157
23 70 40 157
27 70 55 157
31 70 31 157
33 70 16 157
35 70 34 157
36 70 58 157
37 70 37 362
48 70 28 157
49 70 22 157
58 70 25 362
77 70 31 362
82 70 4 157
84 70 7 157
94 70 3 362
95 70 40 362
118 70 10 157
122 70 34 362
137 70 13 157
146 70 46 362
147 70 19 157
149 70 10 362
152 70 13 362
154 70 19 362
173 70 22 362
193 70 16 362
200 70 7 362
201 70 28 362
245 70 49 362
249 70 1 157
253 70 10 174
263 70 19 174
276 70 58 362
284 70 43 362
285 70 52 362
297 70 7 174
298 70 3 174
14 99 43 110
20 99 49 110
22 99 55 110
33 99 27 110
43 99 37 110
45 99 43 289
48 99 31 110
68 99 49 289
70 99 55 289
73 99 43 18
106 99 49 18
113 99 39 289
117 99 1 110
126 99 55 18
137 99 43 141
138 99 1 289
152 99 37 18
153 99 19 110
157 99 1 18
160 99 7 110
166 99 13 110
185 99 13 289
190 99 25 289
207 99 19 289
238 99 13 18
277 99 19 18
278 99 7 289
279 99 31 289
285 99 1 141
295 99 7 18
Điểm tối ưu: 3509
Thời gian: 0.187502 giây
Trạng thái: GREEDY_DONE
