143
1 9 1 13
2 9 7 13
3 9 13 13
4 9 19 13
5 9 25 13
6 9 31 13
7 9 37 13
8 9 43 13
9 9 49 13
10 9 55 13
1 1 5 1
2 1 1 1
3 1 3 1
4 1 7 1
5 1 9 1
6 1 11 1
7 1 13 1
8 1 15 1
9 1 17 1
10 1 19 1
11 1 21 1
12 1 23 1
13 1 25 1
14 1 27 1
15 1 29 1
16 1 31 1
17 1 33 1
18 1 35 1
19 1 37 1
20 1 39 1
1 4 7 17
2 4 3 17
3 4 19 17
4 4 13 17
5 4 31 17
6 4 25 17
7 4 43 17
8 4 37 17
9 4 55 17
10 4 49 17
1 7 13 5
2 7 16 5
3 7 7 5
4 7 1 5
5 7 4 5
6 7 19 5
7 7 10 5
8 7 22 5
9 7 25 5
10 7 28 5
11 7 31 5
12 7 34 5
13 7 37 5
14 7 40 5
15 7 43 5
16 7 46 5
17 7 49 5
18 7 52 5
19 7 55 5
20 7 58 5
1 3 11 13
1 5 16 24
2 3 23 13
2 5 11 24
3 3 5 13
3 5 1 24
4 3 17 13
4 5 4 24
5 3 29 13
5 5 7 24
6 3 35 13
6 5 9 24
7 3 41 13
7 5 19 24
8 3 47 13
8 5 13 24
9 3 53 13
9 5 21 24
10 3 59 13
10 5 23 24
11 5 25 24
12 5 27 24
13 5 29 24
14 5 31 24
15 5 33 24
16 5 35 24
17 5 37 24
18 5 39 24
19 5 41 24
20 5 43 24
1 8 19 6
2 8 25 6
3 8 31 6
4 8 9 6
5 8 13 6
6 8 1 6
7 8 49 6
8 8 55 6
9 8 37 6
10 8 43 6
11 8 45 24
12 8 49 24
13 8 55 24
1 6 23 10
1 10 25 28
2 6 13 10
2 10 19 28
3 6 10 10
3 10 17 28
4 6 25 10
4 10 23 28
5 6 1 10
5 10 11 28
6 6 5 10
6 10 7 28
7 6 3 10
7 10 1 28
8 6 7 10
8 10 3 28
9 6 15 10
9 10 5 28
10 6 17 10
10 10 9 28
11 6 19 10
11 10 13 28
12 6 21 10
12 10 15 28
13 6 27 10
13 10 21 28
14 6 29 10
14 10 33 28
15 6 31 10
15 10 27 28
16 6 33 10
16 10 29 28
17 6 35 10
17 10 31 28
18 6 37 10
18 10 41 28
19 6 39 10
19 10 35 28
20 6 41 10
20 10 37 28
Điểm tối ưu: 143
Thời gian: 0.007247 giây
Trạng thái: GREEDY_DONE
