1794
10 20 1 99
14 20 7 99
16 20 13 99
17 20 19 99
19 20 25 99
23 20 31 99
24 20 37 99
30 20 43 99
46 20 49 99
47 20 55 99
50 20 1 179
57 20 7 179
58 20 13 179
70 20 19 179
79 20 25 179
100 20 31 179
105 20 37 179
106 20 43 179
111 20 49 179
122 20 55 179
1 33 1 132
9 33 7 132
13 33 13 132
14 33 19 132
26 33 25 132
35 33 31 132
44 33 37 132
56 33 43 132
60 33 49 132
69 33 55 132
72 33 1 174
81 33 7 174
84 33 13 174
86 33 19 174
90 33 25 174
92 33 31 174
93 33 37 174
95 33 43 174
96 33 49 174
105 33 55 174
108 33 1 225
109 33 7 225
127 33 13 225
129 33 19 225
136 33 25 225
142 33 31 225
8 9 1 209
19 9 7 209
40 9 13 209
41 9 19 209
48 9 25 209
49 9 31 209
55 9 37 209
58 9 43 209
67 9 49 209
79 9 55 209
82 9 1 65
88 9 7 65
90 9 13 65
93 9 19 65
94 9 25 65
104 9 31 65
106 9 37 65
108 9 43 65
113 9 49 65
118 9 55 65
134 9 1 122
137 9 7 122
141 9 13 122
148 9 19 122
149 9 25 122
1 22 7 198
4 22 1 198
7 22 4 198
9 26 1 14
10 60 7 21
11 60 1 21
12 60 4 21
12 22 10 198
12 26 7 14
14 60 13 21
15 60 10 21
16 26 4 14
18 22 13 198
23 22 16 198
24 60 16 21
26 22 19 198
29 22 22 198
30 60 19 21
35 22 25 198
37 26 10 14
39 22 28 198
40 26 19 14
40 60 22 21
44 22 31 198
45 22 34 198
45 60 25 21
46 60 28 21
48 26 13 14
49 60 37 21
54 60 31 21
56 60 34 21
57 26 16 14
58 26 22 14
58 60 40 21
61 22 37 198
62 60 43 21
64 60 46 21
67 60 55 21
68 60 49 21
69 22 40 198
72 26 25 14
73 22 43 198
73 60 52 21
75 26 28 14
76 60 58 21
77 26 31 14
78 22 46 198
80 22 49 198
84 60 1 183
87 60 4 183
89 22 52 198
90 22 55 198
92 22 58 198
96 26 34 14
98 26 37 14
100 22 1 12
101 22 4 12
101 26 40 14
105 60 7 183
106 60 10 183
110 60 13 183
111 22 7 12
113 60 16 183
115 22 10 12
120 60 19 183
121 26 43 14
122 60 22 183
123 60 25 183
124 26 46 14
125 22 13 12
126 22 16 12
127 22 19 12
129 60 28 183
130 22 22 12
134 22 25 12
136 60 31 183
139 22 28 12
139 60 34 183
141 60 37 183
142 22 37 12
143 26 49 14
146 26 52 14
148 60 40 183
149 60 43 183
6 43 1 43
7 43 7 43
9 53 4 216
10 43 5 43
11 43 9 43
13 53 1 216
14 43 3 43
14 53 11 216
16 43 11 43
18 43 16 43
18 53 7 216
19 53 13 216
23 43 13 43
27 43 19 43
30 43 22 43
38 43 25 43
43 53 9 216
45 43 28 43
48 43 31 43
49 53 15 216
52 53 17 216
53 43 33 43
55 43 35 43
59 53 19 216
61 43 40 43
69 53 21 216
71 53 23 216
72 43 37 43
74 43 43 43
77 53 25 216
78 43 49 43
81 53 27 216
84 53 29 216
89 53 31 216
91 53 33 216
93 43 45 43
95 53 35 216
98 53 40 216
107 53 37 216
109 53 43 216
120 53 45 216
126 53 47 216
130 43 47 43
131 53 49 216
132 53 51 216
133 43 51 43
135 43 53 43
137 43 55 43
138 53 53 216
139 43 57 43
139 53 55 216
144 53 57 216
145 43 59 43
146 43 1 109
147 43 3 109
4 10 7 9
8 10 13 9
9 10 19 9
10 10 25 9
12 10 31 9
14 10 37 9
20 10 1 9
21 10 43 9
34 10 49 9
35 10 55 9
43 10 1 96
44 10 7 96
46 10 13 96
54 10 19 96
56 10 25 96
57 10 31 96
58 10 49 96
59 10 37 96
72 10 43 96
86 10 55 96
91 10 1 44
113 10 7 44
115 10 13 44
116 10 19 44
135 10 25 44
137 10 31 44
2 49 1 75
6 49 4 75
10 49 10 75
31 49 7 75
34 49 13 75
35 49 16 75
42 49 19 75
44 49 22 75
46 49 25 75
49 49 28 75
54 49 34 75
61 49 31 75
63 49 37 75
64 49 40 75
66 49 43 75
80 49 46 75
82 49 49 75
83 49 52 75
87 49 55 75
91 49 58 75
98 49 31 12
101 49 34 12
105 49 43 12
109 49 40 12
111 49 46 12
115 49 49 12
116 49 52 12
118 49 1 106
122 49 4 106
123 49 55 12
130 49 58 12
131 49 7 106
132 49 10 106
133 49 13 106
135 49 16 106
136 49 19 106
3 13 1 181
7 54 1 23
11 3 4 8
15 13 3 181
19 54 3 23
21 13 5 181
22 3 1 8
23 3 7 8
25 13 7 181
27 3 9 8
28 3 11 8
28 54 5 23
31 13 10 181
33 13 13 181
35 54 7 23
39 3 13 8
39 54 9 23
43 54 11 23
45 13 15 181
47 13 17 181
48 3 16 8
49 13 19 181
49 54 13 23
51 54 15 23
52 3 19 8
53 54 17 23
55 3 21 8
56 3 23 8
56 54 19 23
58 3 25 8
59 3 27 8
59 13 21 181
62 54 21 23
64 3 29 8
65 3 31 8
66 3 33 8
71 3 35 8
71 54 25 23
72 13 23 181
74 3 37 8
74 54 23 23
75 13 25 181
76 3 39 8
76 54 27 23
79 3 41 8
80 13 27 181
83 3 43 8
86 54 29 23
87 54 31 23
91 13 29 181
92 3 45 8
93 3 47 8
96 54 37 23
97 3 49 8
97 13 31 181
97 54 33 23
99 3 51 8
100 3 53 8
101 3 55 8
101 54 43 23
102 3 57 8
108 13 33 181
108 54 35 23
110 54 39 23
113 13 35 181
116 54 41 23
118 13 37 181
119 13 39 181
124 54 49 23
125 54 45 23
126 3 59 8
130 54 51 23
131 3 1 51
134 3 5 51
134 13 41 181
138 3 3 51
139 13 43 181
140 3 7 51
140 13 45 181
141 54 47 23
144 54 53 23
146 54 55 23
148 54 57 23
1 41 13 74
2 39 7 117
3 41 3 74
3 58 7 203
4 58 13 203
5 17 1 45
6 58 19 203
7 39 13 117
8 39 19 117
8 41 7 74
9 58 25 203
10 45 13 38
11 17 13 45
12 45 19 38
12 17 25 45
13 41 19 74
15 45 25 38
16 39 25 117
17 39 1 117
17 41 25 74
18 41 31 74
19 58 31 203
20 58 37 203
22 17 7 45
22 58 3 203
23 41 37 74
24 41 43 74
24 17 19 45
25 58 43 203
26 39 31 117
26 17 37 45
27 58 49 203
28 41 49 74
30 39 37 117
30 45 1 38
30 58 55 203
31 17 31 45
32 39 43 117
32 45 7 38
32 58 1 71
33 58 7 71
35 39 49 117
36 45 31 38
37 41 55 74
39 58 15 71
43 41 13 146
44 58 25 71
45 41 1 146
46 45 37 38
46 17 43 45
47 41 7 146
48 17 49 45
50 39 55 117
50 17 7 48
50 58 19 71
52 39 1 213
53 17 55 45
54 39 7 213
55 17 1 48
57 39 19 213
59 39 13 213
59 17 31 48
60 41 19 146
61 39 25 213
64 45 49 38
65 39 33 213
65 17 13 48
66 45 55 38
67 41 25 146
69 45 43 38
69 17 25 48
70 39 37 213
70 41 31 146
70 45 1 147
71 39 43 213
71 45 7 147
72 58 31 71
72 45 13 147
75 41 37 146
76 41 43 146
76 17 19 48
78 45 19 147
79 39 49 213
80 39 55 213
82 39 7 97
82 41 55 146
82 17 37 48
83 45 25 147
84 41 49 146
88 17 43 48
88 58 37 71
90 17 49 48
91 45 37 147
94 45 31 147
95 58 49 71
96 58 43 71
97 39 1 97
100 39 13 97
101 58 57 71
101 17 7 168
102 41 1 127
102 17 13 168
103 39 19 97
103 17 55 48
105 41 13 127
106 45 49 147
106 58 1 191
109 39 25 97
110 39 31 97
110 41 7 127
111 39 37 97
112 41 19 127
112 17 1 168
113 45 43 147
113 17 19 168
114 39 43 97
114 45 55 147
115 58 19 191
116 17 25 168
117 17 31 168
117 58 7 191
119 17 43 168
120 39 49 97
120 41 25 127
122 39 7 114
123 17 37 168
124 58 13 191
124 41 31 127
124 45 1 13
125 41 37 127
126 45 7 13
127 41 43 127
128 39 55 97
128 45 13 13
129 45 31 13
131 17 51 168
132 17 55 168
133 17 55 183
135 39 1 114
137 17 49 183
138 39 13 114
138 17 7 187
138 58 25 191
139 41 49 127
140 45 19 13
141 58 31 191
142 58 43 191
144 17 1 187
144 58 37 191
145 58 49 191
147 39 19 114
147 17 13 187
147 58 55 191
149 45 37 13
149 17 19 187
150 17 25 187
150 58 1 63
2 15 4 53
4 15 19 53
8 15 25 53
10 15 22 53
12 15 1 53
21 15 7 53
22 15 13 53
23 15 10 53
27 15 16 53
28 15 28 53
33 15 31 53
36 15 37 53
39 15 34 53
57 15 40 53
59 15 43 53
61 15 46 53
62 15 49 53
65 15 52 53
73 15 55 53
74 15 58 53
78 15 1 76
84 15 4 76
95 15 7 76
102 15 10 76
103 15 13 76
104 15 16 76
105 15 19 76
107 15 22 76
109 15 31 76
112 15 25 76
113 15 28 76
116 15 34 76
117 15 37 76
119 15 49 76
120 15 40 76
137 15 43 76
138 15 46 76
149 15 52 76
150 15 55 76
1 36 5 58
2 36 11 58
2 56 13 31
4 56 4 31
6 18 7 151
7 18 9 151
8 38 5 35
11 38 7 35
12 18 13 151
13 36 3 58
15 38 1 35
20 18 5 151
20 56 7 31
23 38 3 35
23 18 1 151
24 18 3 151
26 56 1 31
27 18 11 151
28 18 15 151
28 56 9 31
29 38 9 35
31 36 1 58
33 56 11 31
35 18 19 151
38 38 11 35
39 56 19 31
41 56 15 31
47 18 21 151
48 36 7 58
48 38 19 35
49 56 17 31
50 36 13 58
50 56 23 31
51 38 13 35
51 18 17 151
51 56 21 31
52 38 15 35
52 18 23 151
54 38 17 35
55 38 23 35
57 38 25 35
63 36 9 58
63 18 25 151
64 36 15 58
65 56 25 31
67 56 29 31
68 18 27 151
69 36 17 58
69 56 31 31
73 38 21 35
74 36 19 58
75 36 21 58
77 56 27 31
77 38 29 35
78 18 29 151
79 56 33 31
81 38 31 35
84 38 27 35
85 36 23 58
86 18 31 151
87 36 25 58
88 36 27 58
88 56 35 31
89 38 33 35
92 38 35 35
92 56 37 31
93 18 33 151
94 38 37 35
94 18 35 151
96 18 39 151
97 36 29 58
97 38 39 35
98 36 34 58
99 38 41 35
100 18 37 151
104 38 43 35
104 56 39 31
105 36 31 58
111 18 41 151
111 56 43 31
112 38 45 35
112 56 41 31
113 56 47 31
117 18 43 151
118 36 39 58
118 38 47 35
119 38 52 35
119 56 55 31
121 36 37 58
121 38 49 35
121 18 46 151
122 36 41 58
123 56 45 31
125 36 43 58
126 56 49 31
127 36 47 58
127 56 51 31
128 38 59 35
129 36 45 58
131 36 55 58
132 38 1 129
135 18 49 151
136 38 55 35
138 36 49 58
138 18 51 151
140 36 51 58
140 38 57 35
140 18 53 151
141 18 55 151
144 18 59 151
145 18 57 151
145 56 53 31
146 38 3 129
147 38 5 129
148 38 7 129
149 18 5 127
150 18 11 127
1 6 19 36
1 48 25 184
2 6 15 36
3 6 25 36
3 44 13 197
4 44 25 197
6 40 9 37
6 50 13 82
7 40 19 37
8 6 31 36
8 48 37 184
10 50 31 82
14 6 43 36
14 50 25 82
15 6 37 36
15 40 13 37
16 6 7 36
16 44 19 197
17 40 31 37
21 6 1 36
21 48 13 184
22 40 25 37
23 6 49 36
26 40 3 37
27 48 1 184
29 44 1 197
29 48 31 184
32 44 31 197
33 48 19 184
34 44 7 197
35 6 1 95
37 6 13 95
37 44 37 197
38 6 55 36
38 40 37 37
38 50 1 82
39 6 21 95
40 40 43 37
41 44 43 197
41 48 7 184
41 50 37 82
42 6 7 95
42 40 49 37
42 50 43 82
43 50 19 82
44 40 55 37
44 50 49 82
45 40 7 223
45 48 43 184
46 6 31 95
48 6 37 95
49 6 43 95
51 40 1 223
52 50 7 82
53 48 49 184
53 50 1 159
55 48 55 184
58 44 55 197
60 6 25 95
60 40 13 223
61 50 55 82
62 40 25 223
62 44 1 177
62 50 7 159
63 6 49 95
63 40 19 223
63 48 57 58
63 50 13 159
65 40 37 223
65 50 19 159
66 6 1 110
66 50 25 159
67 48 1 138
68 6 55 95
69 48 7 138
70 44 49 197
71 44 13 177
72 40 49 223
73 44 7 177
73 50 31 159
74 6 7 110
74 40 31 223
74 44 25 177
76 50 49 159
77 40 43 223
77 50 37 159
78 48 13 138
79 40 1 119
79 48 19 138
80 50 1 204
81 40 55 223
83 40 7 119
83 44 19 177
83 48 31 138
85 40 13 119
86 44 33 177
86 48 25 138
87 48 37 138
89 6 13 110
89 40 19 119
89 48 43 138
89 50 55 159
90 6 19 110
90 50 43 159
91 48 49 138
92 48 1 161
95 44 37 177
95 50 13 204
97 48 55 138
99 48 7 161
100 50 7 204
102 6 25 110
104 6 45 110
104 48 19 161
108 48 13 161
109 48 45 161
110 50 19 204
113 50 31 204
114 40 25 119
114 44 49 177
114 48 31 161
114 50 37 204
115 6 31 110
115 40 37 119
117 48 25 161
119 50 25 204
121 44 55 177
122 6 37 110
123 48 49 161
126 6 51 110
126 44 43 177
126 50 55 204
127 44 1 182
128 48 37 161
129 40 49 119
130 40 31 119
130 48 1 137
130 50 43 204
131 48 57 161
134 44 7 182
135 6 55 110
135 50 7 102
136 48 7 137
137 40 57 119
138 6 19 55
139 50 1 102
140 40 1 176
140 50 13 102
141 6 1 55
141 40 43 119
143 48 13 137
145 44 13 182
145 48 19 137
145 50 25 102
146 50 19 102
147 50 49 204
148 6 9 55
148 40 13 176
150 6 13 55
2 51 19 81
4 27 22 18
5 27 7 18
6 51 25 81
8 51 28 81
9 28 13 22
12 27 15 18
12 28 37 22
16 35 1 101
17 51 7 81
18 28 1 22
19 35 15 101
19 51 22 81
20 51 10 81
21 51 31 81
23 35 19 101
26 35 7 101
26 28 10 22
28 35 22 101
28 51 1 81
29 51 13 81
29 27 19 18
30 35 10 101
30 28 7 22
31 35 4 101
35 27 10 18
36 27 1 18
36 51 4 81
36 28 16 22
37 51 34 81
37 27 4 18
37 28 19 22
39 35 25 101
40 28 4 22
40 27 25 18
41 28 25 22
42 27 28 18
43 27 31 18
43 28 28 22
44 35 34 101
45 28 22 22
47 35 28 101
47 27 34 18
48 35 43 101
49 27 40 18
50 51 16 81
52 28 31 22
53 51 37 81
53 28 40 22
54 27 37 18
54 28 43 22
55 28 46 22
56 35 31 101
59 51 46 81
60 51 40 81
62 35 37 101
62 51 52 81
62 27 46 18
63 28 34 22
64 28 55 22
65 27 43 18
66 51 49 81
66 28 52 22
68 28 1 88
68 51 43 81
70 27 55 18
70 28 58 22
71 27 49 18
72 51 55 81
75 35 46 101
75 27 52 18
76 35 55 101
79 27 7 16
81 27 1 16
82 28 13 88
83 28 49 22
85 27 58 18
85 28 4 88
87 35 49 101
88 51 58 81
88 27 4 16
90 35 40 101
95 27 10 16
96 27 13 16
98 35 52 101
99 35 58 101
99 27 16 16
100 35 4 170
100 27 19 16
103 27 25 16
104 28 7 88
106 51 7 153
107 27 28 16
108 35 7 170
109 51 1 153
110 51 4 153
110 28 16 88
111 35 1 170
113 27 37 16
113 28 25 88
114 51 10 153
114 28 19 88
115 28 28 88
116 27 31 16
116 28 10 88
117 35 13 170
117 28 22 88
118 35 10 170
119 28 31 88
120 27 22 16
123 27 34 16
126 28 34 88
127 51 22 153
128 27 43 16
129 35 16 170
129 28 37 88
129 51 13 153
130 28 40 88
131 27 40 16
134 28 43 88
136 27 46 16
138 51 31 153
142 35 19 170
142 51 16 153
143 28 46 88
144 35 22 170
149 35 31 170
150 35 34 170
1 23 10 107
3 37 11 71
3 23 17 107
4 2 11 48
5 23 5 107
6 2 17 48
8 2 23 48
9 37 23 71
10 37 29 71
13 23 7 107
16 23 23 107
17 23 13 107
19 37 5 71
21 2 29 48
22 37 35 71
25 23 1 107
27 37 13 71
31 23 15 107
33 23 3 107
36 2 35 48
37 37 41 71
38 37 47 71
40 37 53 71
40 23 28 107
41 2 5 48
41 37 55 71
44 23 19 107
46 2 41 48
46 37 5 161
47 23 25 107
49 37 11 161
50 37 29 161
55 2 53 48
56 23 21 107
58 37 17 161
61 2 59 48
62 2 5 84
62 23 31 107
63 37 23 161
67 37 35 161
67 23 33 107
72 2 47 48
72 37 41 161
73 23 35 107
74 37 53 161
75 37 43 161
76 2 1 84
77 2 3 84
77 37 55 161
78 23 37 107
79 2 10 84
81 37 4 29
81 23 39 107
85 2 7 84
86 23 41 107
87 2 13 84
87 23 43 107
90 23 47 107
92 37 7 29
93 37 1 29
93 23 49 107
95 23 53 107
98 37 9 29
99 23 45 107
100 23 51 107
102 2 17 84
103 2 23 84
103 23 59 107
104 2 25 84
105 37 11 29
106 37 13 29
107 37 15 29
107 23 55 107
108 2 19 84
108 23 57 107
109 37 17 29
111 37 19 29
111 23 4 211
112 2 15 84
112 23 7 211
115 23 1 211
116 2 29 84
116 23 13 211
117 2 35 84
117 37 29 29
120 2 31 84
121 37 21 29
127 2 27 84
129 23 9 211
131 37 23 29
132 2 21 84
132 23 15 211
135 2 33 84
137 37 25 29
142 23 11 211
143 23 17 211
144 37 27 29
145 37 31 29
146 23 23 211
2 32 22 121
3 47 19 1
6 32 28 121
7 32 25 121
8 32 43 121
10 32 19 121
13 32 9 121
13 47 25 1
14 32 16 121
15 47 7 1
19 32 37 121
25 47 3 1
29 32 40 121
29 47 16 1
30 47 13 1
33 32 34 121
33 47 28 1
34 47 22 1
39 32 1 121
39 47 31 1
42 32 4 121
45 32 31 121
45 47 37 1
50 47 34 1
55 32 13 121
56 32 49 121
57 32 46 121
64 32 58 121
64 47 10 1
67 47 40 1
75 47 49 1
83 32 55 121
85 32 52 121
87 47 45 1
93 32 3 143
93 47 52 1
103 32 7 143
107 32 10 143
108 32 21 143
110 32 25 143
112 32 28 143
114 47 1 70
119 47 57 1
120 32 13 143
122 47 49 16
123 32 16 143
124 32 37 143
125 32 31 143
125 47 52 16
132 47 4 70
133 47 7 70
135 47 13 70
139 47 10 70
142 47 55 16
145 47 33 70
147 32 34 143
2 19 25 90
3 55 22 118
5 52 43 1
6 19 23 90
7 19 11 90
8 19 17 90
9 5 11 172
9 19 29 90
10 55 17 118
11 55 11 118
12 5 23 172
13 19 5 90
14 55 1 118
15 5 5 172
16 19 31 90
16 52 55 1
17 19 15 90
18 5 9 172
20 55 13 118
22 5 16 172
22 55 19 118
23 55 5 118
24 5 1 172
25 55 9 118
27 19 7 90
32 19 13 90
32 52 5 150
33 55 15 118
34 5 3 172
34 52 1 1
35 55 28 118
36 5 7 172
37 5 25 172
37 52 1 150
37 55 7 118
38 5 13 172
38 19 9 90
40 52 7 150
40 55 31 118
41 19 1 90
43 5 34 172
43 19 37 90
44 5 29 172
47 19 3 90
50 52 11 150
52 5 21 172
52 19 27 90
52 55 25 118
53 19 19 90
53 55 35 118
56 52 3 150
56 55 37 118
57 55 3 118
58 55 33 118
61 19 21 90
61 52 9 150
63 52 17 150
63 55 40 118
65 52 23 150
66 5 19 172
67 19 43 90
67 52 13 150
68 52 15 150
69 19 33 90
70 52 25 150
73 52 19 150
76 19 35 90
77 5 41 172
77 19 47 90
78 5 27 172
80 52 21 150
82 55 43 118
83 5 37 172
84 52 31 150
84 55 45 118
85 5 31 172
85 19 39 90
88 5 47 172
92 52 27 150
92 55 47 118
94 5 39 172
94 55 49 118
96 5 53 172
96 19 41 90
98 19 45 90
99 52 29 150
101 55 51 118
102 19 49 90
103 19 51 90
104 19 53 90
105 55 53 118
106 55 55 118
109 19 55 90
110 52 35 150
114 19 59 90
117 5 45 172
122 5 43 172
124 5 51 172
125 5 49 172
125 55 57 118
126 19 1 111
126 52 37 150
127 5 55 172
128 19 3 111
128 52 33 150
129 55 59 118
133 55 1 125
134 55 11 125
135 19 5 111
137 5 1 4
142 55 3 125
143 5 57 172
143 52 39 150
145 55 5 125
146 5 59 172
147 19 7 111
150 19 9 111
150 52 41 150
1 30 31 109
5 24 13 34
6 24 31 34
7 30 37 109
15 24 19 34
19 24 43 34
20 30 15 109
21 24 25 34
24 24 7 34
25 24 37 34
30 30 25 109
32 24 49 34
35 30 21 109
38 24 15 111
39 24 55 34
42 30 55 109
43 30 43 109
44 24 1 34
44 30 13 167
46 30 7 109
49 24 21 111
49 30 49 109
51 24 25 111
51 30 7 167
53 24 43 111
58 30 1 167
60 30 31 167
61 24 49 111
62 30 55 167
69 30 49 167
70 30 27 167
71 24 31 111
74 30 39 167
77 24 57 111
80 24 37 111
81 30 19 167
82 24 19 180
85 30 43 167
86 30 1 25
88 30 13 25
89 30 7 25
91 24 7 180
92 24 13 180
94 30 19 25
96 24 1 180
97 24 25 180
98 30 25 25
99 30 31 25
103 24 31 180
107 24 39 180
111 24 55 180
115 24 43 180
118 30 43 25
119 24 1 186
120 30 55 25
121 24 51 180
123 24 7 186
125 30 1 152
127 30 37 25
129 24 55 186
131 30 13 152
133 24 19 186
133 30 25 152
134 30 49 25
136 30 37 152
137 30 19 152
139 24 13 186
145 24 37 186
146 24 25 186
146 30 7 152
150 30 43 152
1 16 37 20
2 34 27 87
4 34 31 87
4 16 34 20
5 34 10 87
11 16 19 20
12 34 40 87
13 34 34 87
17 34 37 87
18 34 4 87
18 42 19 164
18 16 22 20
19 16 40 20
20 34 19 87
21 34 22 87
21 42 10 164
23 42 22 164
24 42 13 164
24 16 25 20
27 16 28 20
28 42 25 164
29 42 28 164
30 42 16 164
31 42 37 164
33 42 40 164
34 34 16 87
35 34 13 87
36 42 43 164
42 42 1 164
42 16 13 20
47 42 31 164
51 42 34 164
52 16 43 20
54 16 1 20
56 16 7 20
58 34 7 87
60 34 1 87
64 42 4 164
65 16 4 20
68 34 46 87
68 42 7 164
68 16 10 20
70 16 16 20
71 34 52 87
75 42 55 164
76 42 3 222
77 42 49 164
78 42 52 164
80 42 7 222
81 16 46 20
82 16 31 20
83 42 46 164
90 34 58 87
91 34 43 87
92 42 10 222
95 34 55 87
97 34 7 195
99 42 13 222
100 42 58 164
101 16 1 135
102 34 19 195
103 42 16 222
104 34 49 87
105 16 49 20
106 42 19 222
106 16 57 20
108 34 10 195
112 34 31 195
113 42 40 222
114 16 4 135
115 34 3 195
117 34 16 195
118 34 13 195
121 34 25 195
121 16 7 135
122 34 28 195
124 34 22 195
124 42 25 222
125 34 34 195
125 42 22 222
126 34 39 195
127 42 31 222
128 42 28 222
130 42 37 222
131 16 10 135
132 42 34 222
133 16 16 135
136 42 43 222
136 16 52 20
139 42 46 222
140 34 9 49
141 34 49 195
141 16 19 135
143 34 43 195
143 42 52 222
144 34 46 195
147 34 25 49
148 42 49 222
148 16 25 135
150 42 58 222
3 12 29 2
5 8 17 104
6 14 35 5
7 8 23 104
9 14 16 5
11 8 25 104
13 14 23 5
14 8 5 104
15 12 17 2
17 8 10 104
18 14 11 5
21 12 19 2
25 8 13 104
25 12 11 2
26 8 15 104
31 12 13 2
32 8 19 104
34 12 5 2
36 12 9 2
37 14 27 5
39 14 4 5
41 12 3 2
46 12 1 2
48 12 21 2
51 14 19 5
54 8 27 104
56 12 15 2
57 8 1 104
57 14 13 5
58 8 29 104
59 14 1 5
60 12 7 2
64 14 7 5
66 8 7 104
66 14 9 5
67 8 21 104
71 14 21 5
72 14 29 5
73 12 23 2
79 14 31 5
80 8 31 104
80 12 25 2
82 14 25 5
85 14 33 5
86 12 37 2
86 14 39 5
87 14 41 5
89 14 37 5
94 12 41 2
96 8 47 104
96 12 27 2
99 12 35 2
100 14 43 5
102 8 33 104
102 12 31 2
103 14 45 5
104 8 3 104
105 8 35 104
105 14 47 5
108 12 39 2
109 14 49 5
110 14 51 5
111 8 53 104
111 14 59 5
112 12 43 2
112 14 53 5
114 8 41 104
117 14 55 5
119 12 47 2
120 12 33 2
122 14 1 89
127 8 49 104
136 14 57 5
137 8 37 104
140 12 49 2
140 14 5 89
143 8 55 104
149 12 55 2
149 14 3 89
1 59 43 40
2 59 31 40
3 29 31 131
4 29 37 131
11 59 27 40
17 29 43 131
18 29 25 131
22 59 21 40
24 29 49 131
25 59 15 40
26 29 55 131
28 59 37 40
29 59 49 40
31 59 55 40
36 59 19 188
38 59 27 188
41 59 31 188
46 59 55 188
50 59 37 188
51 29 37 154
54 59 13 188
54 29 49 154
55 59 7 40
57 59 49 188
59 59 3 40
60 59 9 188
63 29 1 131
67 59 45 188
68 29 19 131
71 59 1 188
73 29 13 131
74 59 1 83
76 59 7 83
79 29 13 154
82 59 27 83
83 59 13 83
84 29 7 131
86 59 43 83
88 59 19 83
91 29 19 154
93 29 7 154
94 29 1 154
96 59 55 83
98 59 1 134
99 59 37 83
104 29 27 154
107 59 31 83
107 29 43 154
109 29 57 154
118 29 31 154
121 59 13 134
121 29 3 4
123 29 19 4
124 59 7 134
129 59 1 140
132 29 25 4
133 59 31 134
134 59 19 134
138 59 37 134
139 29 37 4
141 59 25 134
141 29 7 4
142 29 49 4
143 59 7 140
146 29 13 4
148 29 31 4
149 59 57 134
1 11 17 26
2 7 37 195
3 7 52 195
5 11 19 26
5 25 21 77
7 4 17 160
9 11 31 26
10 7 55 195
11 11 22 26
13 25 17 77
14 11 29 26
15 4 23 160
16 4 29 160
16 11 33 26
17 4 5 160
20 11 25 26
20 25 23 77
22 4 11 160
22 11 37 26
24 4 31 160
25 4 19 160
25 11 27 26
26 11 13 26
27 7 57 195
28 7 59 195
28 11 7 26
30 25 5 77
32 4 15 160
32 7 11 32
33 4 1 160
33 25 25 77
34 7 19 32
34 11 11 26
34 25 27 77
36 25 11 77
38 11 5 26
40 4 9 160
40 25 1 77
41 11 35 26
43 25 7 77
45 11 40 26
47 7 1 195
47 11 15 26
51 11 43 26
52 11 46 26
53 4 7 160
53 25 9 77
55 11 49 26
59 11 9 26
60 4 35 160
61 11 1 26
64 11 53 26
64 25 13 77
66 4 13 160
69 11 3 26
74 4 21 160
75 7 1 32
75 11 58 26
78 4 25 160
78 25 31 77
81 4 33 160
83 4 3 160
84 7 17 32
84 25 19 77
85 4 27 160
85 25 29 77
86 4 47 160
87 25 15 77
88 7 23 32
89 7 3 32
89 11 1 52
89 25 35 77
90 4 37 160
91 11 55 26
91 25 41 77
93 4 41 160
94 4 43 160
94 11 51 26
94 25 45 77
95 11 3 52
95 25 33 77
97 25 37 77
98 7 5 32
98 11 7 52
99 25 3 77
100 7 25 32
101 11 11 52
106 4 53 160
106 11 5 52
107 25 47 77
110 4 45 160
116 4 39 160
118 4 49 160
118 7 7 32
119 11 9 52
120 7 9 32
120 25 43 77
124 4 55 160
125 4 59 160
128 7 21 32
128 25 49 77
130 4 5 174
132 7 13 32
132 25 39 77
133 7 29 32
133 11 23 52
134 7 15 32
135 4 51 160
136 11 13 52
137 7 27 32
137 25 53 77
140 4 17 174
142 4 23 174
142 25 58 77
143 7 31 32
144 4 11 174
144 7 33 32
145 11 17 52
147 4 29 174
148 4 35 174
148 11 28 52
148 25 55 77
149 4 41 174
1 21 23 19
5 21 25 19
17 21 17 19
18 21 29 19
20 21 27 19
22 21 31 19
25 21 21 19
27 21 5 19
29 21 7 19
42 21 11 19
48 21 1 19
50 21 41 19
55 21 19 19
60 21 37 19
73 21 3 19
78 21 9 19
79 21 35 19
80 21 13 19
87 21 33 19
90 21 53 19
101 21 15 19
102 21 39 19
103 21 43 19
108 21 47 19
109 21 51 19
116 21 45 19
122 21 59 19
124 21 57 19
128 21 1 141
135 21 11 141
136 21 49 19
150 21 5 141
5 46 27 70
11 46 37 70
21 46 49 70
24 46 55 70
31 46 19 70
42 46 31 113
57 46 27 113
66 46 15 113
70 46 43 70
73 46 37 113
76 46 13 169
80 46 33 169
81 46 49 113
97 46 19 113
101 46 45 113
102 46 43 169
107 46 1 113
110 46 55 113
115 46 55 169
119 46 19 169
123 46 1 169
133 46 37 169
134 46 31 185
138 46 55 185
149 46 7 113
4 31 43 30
11 31 31 30
29 31 25 30
31 31 28 30
32 31 21 30
36 31 13 30
45 31 49 30
51 31 46 30
54 31 4 30
59 31 52 30
60 31 55 30
61 31 16 30
65 31 1 30
68 31 34 30
69 31 37 30
70 31 7 30
71 31 40 30
81 31 13 64
82 31 16 64
84 31 58 30
92 31 19 64
93 31 25 64
95 31 22 64
97 31 10 30
98 31 49 64
107 31 7 64
112 31 10 64
115 31 52 64
116 31 1 64
118 31 4 64
121 31 28 64
122 31 31 64
123 31 58 64
128 31 46 64
130 31 55 64
134 31 37 64
141 31 40 64
142 31 7 112
143 31 34 64
144 31 43 64
146 31 31 112
150 31 19 112
5 57 31 15
7 57 43 15
9 57 37 15
13 57 49 15
15 57 55 15
19 57 49 205
20 57 31 205
26 57 43 205
27 57 21 15
31 57 43 220
32 57 25 15
34 57 37 205
38 57 19 205
42 57 37 220
43 57 55 205
47 57 49 220
48 57 3 15
65 57 7 15
68 57 37 78
75 57 13 15
88 57 31 220
90 57 1 205
91 57 13 205
131 57 25 205
132 57 43 78
144 57 7 205
147 57 9 220
Điểm tối ưu: 1794
Thời gian: 0.165178 giây
Trạng thái: GREEDY_DONE
