3554
10 1 1 1
13 1 4 1
28 1 7 1
40 1 10 1
63 1 13 1
73 1 16 1
75 1 19 1
95 1 22 1
116 1 25 1
127 1 28 1
169 1 31 1
172 1 34 1
193 1 37 1
202 1 40 1
291 1 43 1
6 57 1 173
8 6 1 397
10 6 7 397
10 57 13 173
13 57 7 173
20 6 13 397
21 16 1 86
21 57 19 173
26 57 25 173
28 57 31 173
30 57 37 173
33 16 7 86
33 57 43 173
39 57 49 173
48 16 13 86
50 6 19 397
51 6 25 397
51 16 19 86
55 57 55 173
57 6 31 397
58 16 25 86
59 57 1 117
64 16 31 86
69 16 37 86
74 6 37 397
75 6 43 397
76 57 7 117
78 57 13 117
86 57 19 117
89 6 49 397
91 16 43 86
92 6 55 397
94 16 49 86
97 6 1 278
101 16 55 86
102 57 25 117
104 57 31 117
105 16 1 174
107 57 37 117
117 16 7 174
118 16 13 174
123 16 19 174
126 57 43 117
128 16 25 174
145 6 7 278
148 16 31 174
154 16 37 174
155 57 49 117
158 57 55 117
159 6 13 278
160 6 19 278
164 6 25 278
174 16 43 174
175 6 31 278
177 6 37 278
202 6 43 278
206 16 49 174
208 16 55 174
209 6 49 278
210 6 55 278
1 99 1 303
1 43 4 2
2 47 1 373
2 21 4 439
3 23 1 272
3 62 4 329
5 72 1 252
6 49 7 88
7 21 1 439
10 40 4 377
10 111 19 436
10 23 22 272
11 104 1 447
11 49 4 88
12 62 1 329
13 47 13 373
14 12 1 289
14 111 4 436
14 54 7 60
15 72 4 252
17 72 7 252
17 104 4 447
17 40 1 377
17 23 10 272
18 23 4 272
19 99 4 303
20 54 1 60
20 23 7 272
22 79 1 56
23 102 1 269
23 53 4 185
25 99 7 303
25 21 10 439
25 62 13 329
26 54 4 60
27 49 1 88
28 102 4 269
28 54 10 60
29 54 13 60
32 72 10 252
32 111 1 436
32 21 7 439
33 23 13 272
34 104 7 447
34 23 16 272
35 43 1 2
37 102 7 269
37 104 10 447
37 54 16 60
38 99 10 303
38 49 13 88
38 21 16 439
39 79 4 56
39 53 1 185
41 12 4 289
42 99 13 303
42 43 7 2
42 54 19 60
42 62 10 329
43 43 10 2
43 54 22 60
43 62 7 329
48 21 19 439
49 104 13 447
49 43 16 2
50 43 13 2
50 12 7 289
50 53 10 185
51 47 4 373
52 54 25 60
53 54 28 60
53 62 16 329
56 62 19 329
57 79 7 56
59 102 10 269
59 104 16 447
59 54 31 60
60 104 19 447
60 53 7 185
60 21 13 439
61 104 22 447
61 21 25 439
62 47 7 373
64 12 10 289
64 21 22 439
65 102 13 269
65 43 19 2
66 99 16 303
66 12 13 289
66 49 10 88
67 47 10 373
67 53 13 185
68 40 7 377
68 62 22 329
70 23 19 272
71 12 16 289
72 99 19 303
72 62 25 329
74 99 22 303
74 72 13 252
74 47 16 373
76 49 16 88
78 79 10 56
78 49 19 88
78 53 22 185
79 104 25 447
79 23 28 272
80 54 34 60
80 62 28 329
81 99 25 303
81 79 13 56
81 47 19 373
81 23 31 272
82 111 7 436
82 49 22 88
83 102 16 269
83 40 10 377
83 111 13 436
84 49 25 88
85 72 16 252
86 104 28 447
86 43 25 2
86 21 31 439
87 40 13 377
87 43 22 2
88 53 16 185
89 72 19 252
90 49 28 88
91 104 31 447
91 23 25 272
92 102 19 269
93 43 28 2
94 111 10 436
94 23 34 272
95 23 37 272
96 40 16 377
96 111 22 436
96 54 37 60
97 72 22 252
98 43 31 2
98 54 40 60
98 23 43 272
99 40 19 377
99 43 34 2
100 12 19 289
100 47 22 373
101 102 22 269
101 40 25 377
101 111 16 436
101 62 31 329
102 99 31 303
102 21 34 439
103 102 25 269
103 49 31 88
103 23 40 272
104 62 37 329
105 53 19 185
105 23 46 272
106 104 34 447
106 49 37 88
106 62 40 329
108 12 22 289
108 23 49 272
109 99 28 303
110 104 37 447
110 72 25 252
112 99 34 303
113 43 37 2
113 53 25 185
114 43 40 2
114 54 43 60
115 102 28 269
115 111 25 436
115 54 46 60
116 47 28 373
117 53 28 185
118 102 31 269
118 12 25 289
118 53 34 185
119 12 28 289
119 21 37 439
119 54 49 60
119 53 31 185
119 62 34 329
120 99 37 303
120 47 25 373
120 21 28 439
121 99 40 303
121 53 37 185
121 62 43 329
122 12 31 289
122 53 40 185
123 99 43 303
123 102 34 269
123 111 28 436
125 43 43 2
125 21 40 439
126 23 52 272
127 72 31 252
127 43 46 2
127 79 16 56
128 111 31 436
129 72 28 252
129 104 40 447
129 12 34 289
130 72 34 252
131 62 46 329
132 40 22 377
132 111 34 436
133 23 55 272
133 62 49 329
134 102 37 269
134 49 34 88
134 53 43 185
135 40 28 377
135 111 37 436
136 62 52 329
137 40 31 377
137 47 34 373
138 104 43 447
138 21 46 439
140 23 58 272
141 111 40 436
144 12 37 289
144 53 46 185
145 99 46 303
145 47 31 373
145 23 1 263
148 43 49 2
148 47 37 373
149 104 46 447
150 99 49 303
150 62 55 329
151 49 40 88
152 40 34 377
152 49 43 88
152 23 4 263
152 54 52 60
153 47 40 373
153 21 43 439
154 47 43 373
155 40 37 377
155 104 55 447
155 53 58 185
156 72 37 252
156 49 46 88
156 21 49 439
159 72 40 252
159 40 43 377
159 21 52 439
160 79 25 56
160 53 49 185
160 23 7 263
162 49 49 88
162 53 52 185
164 49 52 88
165 12 40 289
165 54 55 60
166 102 40 269
166 12 43 289
166 49 55 88
167 72 43 252
168 111 43 436
168 49 58 88
169 43 52 2
170 104 49 447
170 53 55 185
170 62 58 329
171 40 40 377
173 102 43 269
173 21 55 439
174 102 49 269
174 23 10 263
175 54 58 60
176 12 46 289
176 23 13 263
177 99 52 303
177 102 46 269
178 104 52 447
179 43 55 2
179 12 49 289
179 54 1 152
180 99 55 303
180 72 46 252
181 104 58 447
183 12 52 289
184 21 58 439
185 23 16 263
187 40 46 377
187 53 1 239
188 104 1 224
188 43 58 2
189 12 55 289
189 111 46 436
190 104 4 224
190 23 19 263
191 111 49 436
191 49 1 140
191 23 22 263
191 54 4 152
192 99 58 303
192 102 52 269
192 72 49 252
192 49 4 140
193 40 49 377
193 53 4 239
194 111 52 436
194 79 19 56
195 72 52 252
196 104 7 224
196 53 10 239
197 43 1 22
197 47 46 373
198 104 10 224
198 72 55 252
198 43 4 22
200 72 58 252
200 111 55 436
201 104 13 224
201 47 49 373
203 43 7 22
203 79 22 56
203 49 10 140
203 47 52 373
204 72 1 171
204 12 58 289
204 79 28 56
204 54 7 152
205 104 16 224
205 72 4 171
206 79 31 56
207 21 1 40
208 12 1 62
208 47 4 74
209 99 1 120
209 102 55 269
209 72 7 171
210 40 52 377
210 104 19 224
211 12 4 62
212 23 25 263
213 40 55 377
213 21 4 40
214 53 7 239
215 102 58 269
215 23 28 263
216 99 4 120
216 79 34 56
217 111 58 436
219 43 10 22
220 40 58 377
220 12 7 62
220 79 37 56
221 111 1 271
222 12 10 62
222 111 4 271
222 47 55 373
223 47 58 373
223 23 31 263
224 12 13 62
225 72 10 171
225 47 1 74
225 79 40 56
225 53 13 239
226 79 43 56
226 62 34 263
227 102 1 181
227 104 22 224
227 53 16 239
227 21 7 40
227 54 10 152
228 21 10 40
228 53 19 239
229 47 7 74
229 21 13 40
231 40 1 43
231 21 16 40
232 12 16 62
232 111 7 271
232 21 19 40
233 47 10 74
234 72 13 171
235 40 4 43
235 72 16 171
236 12 19 62
240 102 4 181
240 43 13 22
240 47 16 74
242 102 7 181
242 111 10 271
242 21 22 40
243 104 25 224
244 99 7 120
245 102 10 181
245 111 13 271
246 99 10 120
246 23 37 263
247 104 28 224
247 12 22 62
250 40 7 43
250 54 13 152
251 99 13 120
251 40 10 43
251 23 40 263
251 54 16 152
252 43 16 22
254 99 16 120
254 102 13 181
255 99 19 120
255 53 22 239
255 54 25 152
256 47 13 74
256 23 43 263
256 54 19 152
260 40 13 43
260 79 46 56
260 21 25 40
262 102 16 181
262 40 19 43
262 79 49 56
263 111 16 271
263 62 46 263
264 54 22 152
264 62 49 263
265 49 7 140
265 62 52 263
268 99 22 120
268 53 25 239
269 99 25 120
269 47 19 74
270 104 31 224
270 79 52 56
273 54 28 152
274 47 22 74
276 102 19 181
276 62 55 263
277 99 28 120
277 72 19 171
277 47 25 74
278 72 22 171
278 54 31 152
279 102 22 181
279 79 55 56
280 40 16 43
280 53 28 239
281 23 58 263
284 72 25 171
284 111 19 271
284 53 31 239
285 72 28 171
285 12 25 62
285 49 13 140
286 12 28 62
286 79 58 56
288 72 31 171
289 72 34 171
290 40 22 43
290 12 31 62
291 102 25 181
294 43 19 22
295 43 22 22
295 47 28 74
295 53 34 239
296 99 31 120
296 79 1 33
297 40 25 43
298 99 34 120
298 102 28 181
298 12 37 62
298 54 40 152
299 49 16 140
300 47 31 74
300 54 34 152
1 70 7 402
6 70 5 402
7 106 5 397
7 52 7 205
8 71 5 49
9 103 1 410
10 89 11 176
11 70 9 402
11 103 7 410
11 106 11 397
12 106 17 397
14 103 10 410
16 89 1 176
18 89 7 176
19 106 23 397
21 71 7 49
22 103 4 410
22 52 9 205
24 106 29 397
33 89 3 176
36 52 1 205
40 71 1 49
41 65 1 267
42 89 5 176
44 103 13 410
45 71 3 49
52 52 3 205
53 103 19 410
54 103 15 410
54 71 9 49
55 52 5 205
56 71 11 49
57 89 13 176
58 52 11 205
61 103 17 410
67 89 16 176
68 52 13 205
68 89 19 176
69 52 15 205
70 89 9 176
72 106 35 397
73 52 19 205
75 70 1 402
79 70 3 402
79 106 41 397
80 71 13 49
82 103 25 410
82 89 27 176
83 103 21 410
85 65 3 267
87 89 25 176
88 65 5 267
92 70 11 402
94 52 17 205
99 71 15 49
100 103 27 410
100 106 47 397
100 52 25 205
101 89 29 176
102 70 13 402
105 70 15 402
105 89 22 176
107 71 17 49
109 103 23 410
111 106 53 397
113 71 19 49
114 106 59 397
114 52 21 205
115 89 31 176
118 65 7 267
125 52 23 205
126 52 27 205
129 70 17 402
130 103 29 410
132 70 19 402
133 106 1 357
134 65 9 267
135 103 31 410
136 65 11 267
136 71 21 49
136 106 3 357
137 71 23 49
139 65 13 267
139 89 33 176
140 106 5 357
141 65 15 267
141 70 21 402
143 70 23 402
143 71 25 49
144 106 7 357
146 65 17 267
147 65 19 267
152 65 21 267
153 106 9 357
154 103 33 410
156 65 23 267
157 103 35 410
157 106 11 357
158 89 35 176
159 71 27 49
159 103 37 410
160 65 28 267
160 103 39 410
160 70 31 402
160 106 13 357
161 65 25 267
165 65 31 267
166 70 25 402
167 70 27 402
167 103 41 410
168 71 29 49
168 52 31 205
169 65 34 267
169 52 29 205
171 71 31 49
177 65 41 267
177 106 15 357
179 71 33 49
181 106 17 357
182 52 33 205
184 52 35 205
187 103 43 410
188 103 45 410
188 89 37 176
189 65 37 267
189 106 19 357
193 89 40 176
196 70 29 402
196 89 43 176
198 106 21 357
199 65 39 267
200 65 43 267
201 65 45 267
202 70 33 402
203 70 35 402
204 103 47 410
205 70 37 402
205 71 35 49
206 103 53 410
209 52 37 205
210 89 45 176
211 106 23 357
214 70 39 402
214 71 37 49
215 65 47 267
215 70 41 402
216 103 49 410
217 106 25 357
219 106 27 357
219 89 47 176
222 106 29 357
222 89 49 176
223 52 39 205
224 65 49 267
225 70 43 402
225 89 51 176
226 103 51 410
226 89 53 176
227 89 55 176
228 65 51 267
229 103 55 410
230 70 45 402
231 70 47 402
233 65 53 267
236 89 57 176
237 71 39 49
240 89 59 176
241 65 55 267
242 103 57 410
243 89 1 123
248 103 59 410
248 52 41 205
249 52 43 205
252 103 1 98
254 89 3 123
256 106 31 357
258 103 3 98
261 52 45 205
262 65 57 267
266 103 5 98
267 52 47 205
268 70 49 402
270 70 55 402
272 71 41 49
275 103 7 98
275 71 43 49
275 106 33 357
275 52 49 205
277 103 9 98
278 70 51 402
280 71 45 49
285 52 51 205
287 89 5 123
290 70 53 402
294 70 57 402
294 106 35 357
295 65 59 267
295 70 1 82
296 65 4 412
296 89 7 123
298 103 11 98
7 42 9 322
14 42 13 322
15 11 1 277
19 11 7 277
31 11 3 277
41 11 9 277
42 11 16 277
45 42 1 322
46 11 5 277
54 42 3 322
62 42 5 322
65 11 11 277
70 11 13 277
75 42 7 322
80 42 11 322
93 42 15 322
95 42 17 322
114 11 19 277
116 42 19 322
119 11 21 277
127 11 23 277
129 11 25 277
139 11 27 277
142 11 29 277
144 42 21 322
155 11 31 277
161 11 33 277
175 42 23 322
183 11 35 277
188 42 25 322
190 11 37 277
192 11 39 277
196 11 41 277
197 42 27 322
210 11 43 277
219 11 45 277
221 11 47 277
236 11 49 277
237 42 29 322
241 42 31 322
251 11 51 277
254 42 33 322
255 42 35 322
264 42 37 322
269 42 39 322
272 42 43 322
273 42 41 322
277 11 53 277
286 11 55 277
287 42 45 322
291 11 57 277
293 11 59 277
294 42 47 322
16 76 3 199
20 76 19 199
25 76 25 199
30 76 7 199
37 76 31 199
39 76 13 199
50 76 37 199
52 76 43 199
65 76 49 199
97 76 55 199
100 76 1 249
105 76 7 249
106 76 13 249
124 76 19 249
126 76 31 249
137 76 25 249
143 76 37 249
153 76 49 249
185 76 43 249
206 76 55 249
220 76 1 418
238 76 7 418
241 76 13 418
243 76 19 418
256 76 25 418
257 76 31 418
263 76 37 418
264 76 43 418
278 76 55 418
289 76 49 418
290 76 1 422
4 118 1 101
12 109 4 306
12 118 7 101
16 109 7 306
17 118 13 101
19 109 1 306
19 118 10 101
26 118 16 101
30 118 4 101
31 118 19 101
33 118 22 101
45 109 10 306
46 109 13 306
48 118 25 101
56 109 16 306
71 109 19 306
84 118 28 101
85 109 22 306
87 118 31 101
90 118 34 101
91 118 37 101
92 118 40 101
93 109 25 306
94 109 28 306
96 118 43 101
107 109 31 306
110 109 34 306
116 109 37 306
117 109 40 306
119 118 46 101
123 109 46 306
124 109 43 306
127 118 49 101
138 109 49 306
146 118 52 101
147 118 55 101
151 118 58 101
152 109 55 306
155 118 1 167
168 118 4 167
172 109 52 306
175 109 1 109
180 118 7 167
182 118 10 167
189 118 13 167
192 118 16 167
196 118 19 167
201 109 58 306
201 118 22 167
231 109 4 109
232 109 10 109
241 109 7 109
250 118 25 167
256 118 33 167
257 109 13 109
263 109 19 109
273 109 16 109
280 118 37 167
283 118 28 167
287 109 22 109
290 118 40 167
2 66 7 148
4 2 49 322
4 66 13 148
5 66 19 148
6 66 25 148
9 2 55 322
15 2 7 340
15 66 31 148
17 66 37 148
30 66 43 148
35 66 49 148
40 66 3 148
44 66 55 148
48 2 1 340
51 2 13 340
56 66 1 420
95 2 25 340
100 2 31 340
106 66 7 420
109 2 19 340
113 2 43 340
114 2 49 340
115 2 37 340
118 66 19 420
132 2 55 340
133 66 13 420
140 2 1 346
142 66 25 420
144 2 9 346
152 66 37 420
153 66 31 420
154 66 49 420
155 66 43 420
159 66 55 420
161 2 13 346
169 2 19 346
176 66 1 70
191 66 7 70
195 2 25 346
197 66 13 70
200 2 31 346
204 66 19 70
205 2 39 346
206 66 25 70
211 66 31 70
213 2 43 346
214 2 49 346
215 66 37 70
222 66 43 70
223 2 1 358
224 2 55 346
246 2 13 358
261 2 7 358
267 66 49 70
281 2 19 358
282 66 55 70
284 66 1 57
286 66 7 57
287 66 13 57
288 2 25 358
291 66 19 57
297 2 31 358
297 66 37 57
299 2 37 358
1 119 9 193
2 3 13 362
5 3 4 362
10 67 25 184
12 3 10 362
18 3 1 362
18 119 13 193
23 3 7 362
24 67 1 184
26 119 1 193
40 119 16 193
42 3 22 362
42 67 28 184
45 67 7 184
47 3 16 362
47 119 4 193
51 119 31 193
56 3 25 362
57 67 4 184
63 119 19 193
65 67 16 184
69 3 19 362
70 119 22 193
72 67 10 184
72 119 28 193
77 119 25 193
81 119 34 193
97 119 37 193
104 119 40 193
107 3 28 362
109 3 31 362
113 119 49 193
116 119 43 193
118 3 37 362
119 3 40 362
120 67 13 184
120 3 34 362
121 3 46 362
128 119 46 193
129 67 19 184
132 3 43 362
134 67 22 184
136 67 31 184
139 3 49 362
140 119 52 193
141 3 52 362
144 119 55 193
148 119 58 193
158 119 1 426
161 67 37 184
164 119 4 426
166 119 7 426
174 67 34 184
180 67 40 184
186 119 10 426
187 67 49 184
188 67 52 184
189 3 58 362
191 119 13 426
193 67 43 184
194 119 16 426
198 67 46 184
200 67 1 446
202 3 55 362
204 119 25 426
206 119 19 426
207 3 4 37
208 3 7 37
213 67 58 184
217 119 22 426
225 3 16 37
229 3 1 37
229 67 4 446
230 3 10 37
234 3 19 37
244 67 55 184
249 119 28 426
250 67 10 446
251 67 7 446
252 119 31 426
253 67 13 446
258 3 13 37
259 67 16 446
262 67 22 446
266 119 34 426
268 67 19 446
268 119 37 426
270 3 22 37
274 67 25 446
277 119 40 426
279 119 43 426
280 67 31 446
285 67 34 446
300 67 28 446
9 28 3 282
13 28 19 282
16 13 13 438
22 28 13 282
24 28 7 282
25 74 1 384
35 74 7 384
38 13 1 438
39 13 7 438
40 74 19 384
40 13 25 438
45 13 19 438
46 13 31 438
47 28 25 282
57 28 37 282
58 74 13 384
59 13 37 438
60 28 31 282
68 28 43 282
75 13 49 438
78 13 43 438
79 74 31 384
82 13 55 438
83 13 1 51
87 74 27 384
97 28 49 282
98 74 49 384
99 28 55 282
102 28 1 315
104 74 43 384
110 28 7 315
114 13 7 51
120 28 19 315
121 13 13 51
122 74 55 384
124 13 25 51
126 74 37 384
128 13 19 51
129 74 1 13
134 74 13 13
136 28 13 315
138 74 7 13
157 28 25 315
162 13 31 51
169 28 37 315
171 74 19 13
176 28 31 315
177 28 55 315
178 28 43 315
181 28 49 315
183 28 1 85
185 74 25 13
185 28 7 85
186 74 31 13
193 28 13 85
194 74 37 13
199 13 43 51
202 28 19 85
203 28 25 85
209 13 39 51
217 28 31 85
218 74 43 13
218 28 37 85
220 13 49 51
221 13 55 51
224 13 1 149
232 74 49 13
236 28 43 85
237 74 55 13
245 13 19 149
252 74 3 31
253 74 7 31
254 28 49 85
258 74 19 31
260 74 31 31
264 74 13 31
265 74 25 31
269 74 43 31
271 28 55 85
276 28 1 391
281 13 7 149
282 74 37 31
284 13 13 149
285 28 7 391
290 28 13 391
291 74 49 31
292 28 19 391
296 28 25 391
298 74 55 31
300 74 1 90
8 92 7 90
10 92 17 90
27 92 5 90
45 92 13 90
55 92 9 90
79 92 11 90
80 92 15 90
87 92 19 90
94 92 21 90
95 92 29 90
110 92 23 90
120 92 31 90
144 92 25 90
162 92 27 90
169 92 41 90
171 92 33 90
190 92 35 90
194 92 43 90
197 92 37 90
207 92 39 90
213 92 47 90
227 92 45 90
229 92 49 90
237 92 51 90
254 92 53 90
262 92 55 90
267 92 57 90
270 92 59 90
271 92 1 388
273 92 3 388
278 92 5 388
284 92 7 388
299 92 9 388
9 38 7 35
18 38 19 35
22 38 25 35
27 38 13 35
40 38 31 35
46 38 1 35
48 38 37 35
50 38 43 35
51 38 49 35
54 38 55 35
56 38 7 335
58 38 1 335
73 38 21 335
75 38 13 335
80 38 37 335
84 38 31 335
100 38 43 335
111 38 25 335
136 38 55 335
150 38 1 404
164 38 7 404
165 38 49 335
170 38 13 404
185 38 19 404
192 38 25 404
198 38 31 404
206 38 37 404
214 38 43 404
227 38 49 404
230 38 55 404
234 38 1 165
242 38 13 165
244 38 19 165
247 38 7 165
255 38 31 165
264 38 25 165
270 38 37 165
271 38 43 165
288 38 49 165
291 38 1 284
3 110 7 115
4 110 4 115
7 110 13 115
7 29 16 36
8 110 10 115
9 29 13 36
21 110 16 115
35 29 4 36
42 110 1 115
44 110 19 115
48 110 22 115
53 110 25 115
55 29 1 36
57 110 28 115
59 110 34 115
63 29 7 36
67 110 31 115
72 110 37 115
73 110 40 115
84 110 43 115
84 29 10 36
89 29 22 36
94 29 25 36
95 110 46 115
99 110 49 115
101 110 52 115
105 29 28 36
111 29 19 36
118 110 55 115
123 110 58 115
127 29 34 36
131 110 1 182
131 29 31 36
132 29 37 36
137 29 40 36
139 110 4 182
142 110 7 182
145 29 43 36
146 29 46 36
149 110 10 182
157 29 49 36
175 29 52 36
178 110 13 182
183 110 16 182
186 110 19 182
191 29 55 36
196 29 58 36
199 29 1 241
207 110 22 182
211 29 7 241
218 110 25 182
219 110 31 182
227 110 28 182
230 29 4 241
233 29 13 241
239 110 34 182
240 110 37 182
246 110 40 182
251 110 43 182
257 29 10 241
258 29 16 241
260 110 49 182
261 110 52 182
261 29 19 241
262 110 46 182
263 29 22 241
273 29 25 241
288 110 55 182
291 110 7 191
293 110 1 191
298 110 4 191
300 29 37 241
3 82 10 19
10 82 28 19
13 82 1 19
17 91 16 349
29 91 1 349
30 91 11 349
31 82 5 19
34 82 3 19
36 82 7 19
36 117 3 25
38 91 5 349
41 91 7 349
47 91 9 349
55 82 13 19
58 91 19 349
59 117 5 25
60 117 1 25
67 82 19 19
69 82 17 19
73 117 7 25
75 82 22 19
77 117 9 25
80 91 3 349
81 82 37 19
88 117 11 25
90 117 13 25
95 82 15 19
96 82 25 19
99 117 17 25
109 91 13 349
111 117 15 25
112 82 31 19
113 117 21 25
114 117 23 25
117 91 21 349
120 82 40 19
120 117 43 25
124 82 33 19
126 117 19 25
133 117 25 25
136 117 27 25
140 82 35 19
143 91 27 349
149 91 23 349
154 82 46 19
154 91 25 349
161 82 43 19
161 91 29 349
162 91 35 349
165 117 29 25
170 82 52 19
174 117 31 25
182 91 31 349
184 117 33 25
187 82 55 19
187 117 35 25
190 91 33 349
194 117 41 25
195 117 37 25
205 82 49 19
209 117 45 25
216 117 39 25
220 117 47 25
223 82 5 212
226 117 49 25
231 117 51 25
233 82 57 19
239 82 59 19
239 91 37 349
243 117 53 25
244 82 1 212
244 117 58 25
245 82 3 212
249 82 7 212
249 91 39 349
266 82 9 212
267 117 55 25
269 82 11 212
273 117 1 34
274 82 13 212
275 82 15 212
276 82 17 212
280 82 19 212
283 117 3 34
295 82 25 212
297 82 21 212
297 91 41 349
298 82 23 212
300 82 40 212
300 117 5 34
4 31 7 59
30 31 13 59
38 31 19 59
52 31 31 59
61 31 1 59
64 31 25 59
69 31 43 59
103 31 49 59
115 31 55 59
128 31 37 59
135 31 1 281
139 31 7 281
149 31 13 281
153 31 19 281
184 31 25 281
186 31 37 281
193 31 31 281
229 31 43 281
246 31 49 281
252 31 55 281
256 31 1 238
259 31 7 238
270 31 13 238
4 26 19 381
17 26 22 381
20 105 4 223
23 105 10 223
24 26 4 381
32 105 13 223
34 105 19 223
36 105 16 223
36 26 9 381
44 105 1 223
61 26 13 381
62 26 1 381
64 105 7 223
66 26 25 381
69 105 22 223
72 105 31 223
79 105 37 223
85 26 28 381
97 105 25 223
98 26 16 381
101 26 34 381
111 105 34 223
113 105 28 223
115 26 43 381
122 105 43 223
129 26 31 381
137 26 37 381
145 105 40 223
146 26 40 381
151 105 46 223
161 26 46 381
173 26 49 381
177 105 49 223
180 105 52 223
181 105 55 223
182 26 52 381
182 105 58 223
184 105 1 103
202 26 58 381
211 105 10 103
211 26 55 381
221 26 4 45
222 105 7 103
238 26 1 45
250 26 16 45
252 26 7 45
254 105 19 103
259 105 4 103
278 26 10 45
279 26 13 45
281 26 25 45
286 105 13 103
291 105 16 103
292 26 28 45
5 15 7 424
9 50 19 297
11 15 13 424
11 50 25 297
13 15 25 424
14 45 15 131
18 50 9 297
23 45 19 131
25 15 19 424
29 45 3 131
31 45 7 131
33 15 31 424
37 45 25 131
38 45 31 131
39 15 37 424
40 45 37 131
41 15 43 424
46 45 43 131
49 15 1 424
51 15 55 424
54 45 49 131
57 15 49 424
58 45 55 131
62 15 13 326
65 50 1 297
66 15 1 326
71 45 1 61
71 50 31 297
73 15 9 326
74 15 25 326
75 45 9 61
85 50 37 297
87 50 43 297
91 50 13 297
92 45 13 61
100 45 37 61
109 50 49 297
114 45 25 61
118 50 1 11
119 45 55 61
121 50 55 297
126 50 7 11
130 45 19 61
137 45 43 61
148 50 13 11
149 45 31 61
150 15 19 326
150 50 25 11
151 15 31 326
153 15 55 326
156 50 19 11
164 15 37 326
164 50 31 11
170 45 1 95
175 15 43 326
178 15 1 347
184 45 49 61
190 15 49 326
191 15 25 347
192 45 7 95
197 15 7 347
199 45 13 95
200 45 19 95
202 45 25 95
203 15 13 347
203 50 37 11
205 50 43 11
210 15 31 347
212 50 49 11
217 45 37 95
221 50 7 273
224 45 31 95
228 15 37 347
230 45 49 95
231 50 55 11
234 15 43 347
235 50 19 273
238 45 43 95
239 50 1 273
242 50 25 273
246 45 55 95
246 50 31 273
247 15 49 347
249 15 19 347
254 50 37 273
255 15 55 347
261 50 13 273
262 45 1 330
269 15 1 350
270 45 7 330
271 50 49 273
272 15 7 350
274 45 15 330
274 50 43 273
277 45 31 330
278 45 25 330
279 15 25 350
280 45 21 330
294 15 13 350
6 112 10 264
12 112 13 264
14 112 19 264
21 112 25 264
27 112 7 264
30 112 1 264
36 112 22 264
56 112 28 264
62 112 31 264
73 112 4 264
77 112 16 264
82 112 34 264
104 112 49 264
141 112 37 264
150 112 40 264
163 112 43 264
169 112 46 264
183 112 55 264
190 112 58 264
192 112 1 12
193 112 52 264
211 112 13 12
235 112 7 12
253 112 4 12
255 112 10 12
263 112 25 12
265 112 16 12
296 112 19 12
1 32 13 331
1 51 15 228
5 36 11 99
7 33 11 220
8 51 13 228
18 51 17 228
20 36 17 99
21 51 5 228
22 33 7 220
25 32 5 331
25 36 23 99
28 51 1 228
29 32 7 331
33 36 1 99
35 32 11 331
37 33 1 220
38 32 23 331
38 36 7 99
41 33 13 220
44 32 9 331
46 32 16 331
47 33 19 220
48 33 5 220
48 36 9 99
48 51 7 228
49 32 19 331
51 33 9 220
52 32 1 331
52 33 15 220
55 36 15 99
57 51 10 228
61 32 28 331
62 33 17 220
79 33 21 220
83 32 25 331
85 33 25 220
87 32 3 331
88 51 3 228
90 51 19 228
96 36 3 99
97 32 31 331
100 36 5 99
104 33 3 220
106 36 19 99
108 51 25 228
112 36 13 99
117 32 33 331
118 36 28 99
125 32 21 331
130 33 23 220
131 32 35 331
136 32 37 331
141 36 25 99
142 33 31 220
143 32 41 331
144 32 43 331
150 51 23 228
152 32 46 331
155 33 27 220
156 32 52 331
157 32 39 331
158 33 29 220
162 36 21 99
166 32 49 331
172 51 21 228
177 51 27 228
179 36 31 99
180 33 33 220
181 36 33 99
182 33 35 220
182 36 37 99
191 32 58 331
196 32 55 331
196 33 37 220
197 36 35 99
204 32 4 434
205 32 1 434
207 36 41 99
212 36 39 99
212 51 29 228
215 32 7 434
215 36 43 99
217 33 41 220
218 32 9 434
219 33 39 220
219 36 49 99
220 36 45 99
224 32 11 434
226 36 47 99
226 51 31 228
228 51 33 228
230 33 43 220
234 32 16 434
235 36 51 99
235 51 35 228
236 32 13 434
238 36 53 99
247 51 37 228
248 33 45 220
249 33 47 220
253 32 19 434
257 32 21 434
259 36 55 99
262 51 39 228
266 33 49 220
274 33 51 220
278 32 29 434
279 36 58 99
279 51 41 228
281 51 43 228
282 32 23 434
284 32 34 434
287 32 25 434
289 33 53 220
289 36 1 449
292 32 31 434
294 32 27 434
294 36 3 449
296 32 37 434
299 33 55 220
3 108 13 34
7 108 19 34
13 108 16 34
14 108 22 34
18 108 25 34
29 108 9 34
36 108 28 34
44 108 31 34
47 108 34 34
58 108 37 34
70 108 40 34
71 108 43 34
79 108 46 34
89 108 55 34
95 108 49 34
110 108 52 34
112 108 58 34
114 108 1 66
121 108 4 66
129 108 7 66
132 108 10 66
133 108 19 66
147 108 13 66
155 108 16 66
160 108 33 66
163 108 22 66
174 108 25 66
178 108 28 66
179 108 37 66
196 108 45 66
198 108 40 66
218 108 49 66
236 108 52 66
238 108 55 66
242 108 1 78
249 108 58 66
252 108 10 78
284 108 22 78
293 108 4 78
299 108 13 78
7 35 22 369
9 93 23 103
15 17 11 134
20 35 10 369
23 35 13 369
25 35 16 369
29 93 25 103
31 35 1 369
34 17 1 134
35 35 19 369
36 17 5 134
38 17 25 134
38 93 27 103
41 17 15 134
45 93 29 103
46 93 35 103
54 93 31 103
55 35 7 369
61 93 33 103
68 17 3 134
70 35 3 369
80 35 5 369
83 93 37 103
86 93 39 103
88 17 7 134
89 35 25 369
96 93 41 103
101 93 43 103
102 35 29 369
103 93 45 103
106 35 27 369
106 93 47 103
108 93 52 103
109 17 9 134
121 17 17 134
124 17 13 134
124 93 49 103
126 35 35 369
126 17 21 134
128 93 55 103
138 17 19 134
138 93 57 103
140 35 31 369
147 17 23 134
151 35 37 369
152 17 27 134
153 35 46 369
155 17 29 134
156 35 33 369
164 17 35 134
167 93 59 103
170 35 39 369
173 93 1 246
179 35 41 369
180 17 31 134
184 93 4 246
186 17 41 134
189 17 33 134
193 35 55 369
197 35 43 369
198 35 49 369
199 17 37 134
208 93 10 246
213 35 51 369
216 35 53 369
216 93 7 246
217 17 43 134
223 35 7 365
225 17 45 134
227 93 13 246
232 35 57 369
237 17 47 134
238 17 39 134
242 35 59 369
248 17 49 134
254 35 1 365
256 35 5 365
257 93 16 246
263 93 28 246
264 17 52 134
270 93 19 246
271 17 59 134
275 17 55 134
279 35 3 365
280 35 9 365
283 93 21 246
286 93 23 246
288 17 45 228
290 93 25 246
291 93 31 246
292 35 11 365
295 35 13 365
295 17 57 134
1 114 19 231
5 114 13 231
29 114 27 231
30 114 31 231
47 114 37 231
49 114 7 231
57 114 43 231
85 114 49 231
153 114 1 231
177 114 1 159
181 114 7 159
186 114 55 231
195 114 13 159
202 114 49 159
204 114 31 159
214 114 19 159
218 114 55 159
226 114 25 159
228 114 43 159
236 114 37 159
240 114 7 42
246 114 1 42
262 114 25 42
272 114 13 42
273 114 19 42
284 114 37 42
300 114 43 42
27 37 10 234
28 37 13 234
34 37 22 234
49 37 25 234
65 37 7 234
66 37 19 234
86 37 1 234
89 37 4 234
116 37 16 234
117 37 37 234
131 37 28 234
132 37 31 234
136 37 34 234
138 37 40 234
139 37 43 234
155 37 4 379
165 37 46 234
173 37 52 234
187 37 57 234
208 37 49 234
229 37 10 379
239 37 7 379
267 37 1 379
272 37 19 379
291 37 13 379
297 37 16 379
299 37 22 379
16 60 10 200
33 60 5 200
44 60 7 200
55 60 17 200
58 60 21 200
67 60 1 200
73 60 13 200
81 60 3 200
91 60 19 200
97 60 15 200
107 60 23 200
108 60 27 200
125 60 25 200
166 60 29 200
173 60 31 200
184 60 37 200
198 60 35 200
199 60 33 200
208 60 39 200
211 60 41 200
237 60 43 200
247 60 45 200
2 48 19 442
12 48 25 442
20 48 31 442
24 48 13 442
37 48 3 442
45 48 37 442
72 48 43 442
75 48 55 442
80 48 7 442
88 48 49 442
90 48 1 48
92 48 7 48
96 48 27 48
97 48 33 48
103 48 13 48
104 48 19 48
110 48 43 48
115 48 49 48
116 48 55 48
119 48 1 296
142 48 37 48
165 48 7 296
177 48 19 296
186 48 13 296
192 48 31 296
197 48 39 296
201 48 25 296
210 48 1 301
211 48 43 296
233 48 49 296
238 48 13 301
246 48 19 301
256 48 55 296
261 48 25 301
287 48 7 301
3 59 16 237
5 59 25 237
8 59 19 237
15 59 13 237
24 59 22 237
36 59 31 237
43 59 1 237
45 59 34 237
61 59 7 237
68 59 10 237
69 59 4 237
70 59 28 237
71 59 37 237
76 59 40 237
78 59 49 237
92 59 43 237
102 59 46 237
132 59 52 237
134 59 55 237
135 59 58 237
137 59 1 258
142 59 4 258
150 59 7 258
159 59 10 258
176 59 16 258
177 59 31 258
198 59 13 258
209 59 19 258
224 59 22 258
230 59 25 258
231 59 28 258
244 59 34 258
250 59 37 258
260 59 40 258
264 59 55 258
267 59 43 258
268 59 46 258
283 59 49 258
1 18 25 7
35 18 13 7
38 18 37 7
53 18 1 7
62 18 10 7
74 18 4 7
82 18 16 7
91 18 7 7
93 18 19 7
94 18 31 7
100 18 49 7
104 18 28 7
108 18 34 7
111 18 22 7
115 18 1 83
140 18 40 7
143 18 43 7
153 18 13 83
166 18 46 7
167 18 52 7
171 18 55 7
200 18 4 83
202 18 7 83
232 18 22 83
247 18 58 7
265 18 10 83
266 18 16 83
267 18 19 83
274 18 28 83
286 18 25 83
297 18 43 83
9 61 11 265
12 61 19 265
21 61 9 265
35 61 16 265
41 61 21 265
54 61 1 265
61 61 5 265
76 61 3 265
77 61 7 265
88 61 13 265
90 61 23 265
111 61 29 265
113 61 31 265
133 61 27 265
135 61 25 265
138 61 33 265
140 61 37 265
142 61 35 265
153 61 53 265
162 61 39 265
165 61 43 265
167 61 46 265
185 61 41 265
189 61 49 265
191 61 11 207
193 61 57 265
205 61 51 265
239 61 55 265
240 61 1 207
243 61 59 265
267 61 4 207
270 61 17 207
285 61 19 207
289 61 7 207
294 61 9 207
296 61 13 207
1 73 31 143
2 73 25 143
13 73 37 143
19 73 13 143
22 73 19 143
43 73 43 143
48 73 49 143
56 73 55 143
58 73 7 143
67 73 3 143
75 73 3 163
90 73 7 163
110 73 13 163
111 73 37 163
141 73 27 163
143 73 19 163
151 73 49 163
168 73 33 163
171 73 43 163
174 73 55 163
207 73 7 242
222 73 13 242
237 73 1 242
239 73 19 242
243 73 31 242
254 73 25 242
257 73 37 242
260 73 55 242
273 73 43 242
284 73 49 242
297 73 1 406
6 56 13 15
12 56 21 15
15 27 16 64
16 27 19 64
18 94 28 27
19 27 25 64
22 27 31 64
23 94 15 27
26 27 7 64
27 64 19 236
29 56 16 15
31 27 13 64
32 94 4 27
36 94 19 27
39 56 25 15
42 94 25 27
43 27 4 64
46 94 7 27
49 64 22 236
50 27 1 64
52 27 10 64
52 94 22 27
55 56 28 15
60 64 3 236
61 56 10 15
63 94 1 27
67 56 7 15
69 56 1 15
71 27 22 64
76 27 28 64
79 94 43 27
81 56 39 15
81 27 43 64
81 94 10 27
83 94 31 27
84 64 7 236
84 27 37 64
84 94 40 27
86 64 10 236
88 27 34 64
89 56 31 15
92 27 46 64
93 64 31 236
93 56 4 15
97 56 43 15
97 27 40 64
102 64 15 236
104 56 52 15
105 56 34 15
117 56 46 15
121 56 49 15
124 56 55 15
124 27 51 64
126 64 49 236
130 27 55 64
135 64 34 236
139 94 37 27
151 94 55 27
157 64 43 236
157 56 58 15
157 94 46 27
159 56 31 109
164 64 46 236
167 27 1 67
173 94 34 27
175 56 25 109
179 64 25 236
181 64 28 236
183 27 58 64
185 27 4 67
188 64 39 236
195 56 34 109
205 64 55 236
208 56 28 109
214 64 58 236
218 56 52 109
222 56 37 109
222 27 19 67
223 27 9 67
226 94 58 27
231 56 40 109
241 64 52 236
241 94 49 27
243 56 43 109
244 56 46 109
245 27 16 67
246 27 25 67
248 56 55 109
250 64 28 241
255 64 40 241
257 64 43 241
259 56 49 109
263 56 58 109
264 27 31 67
267 56 7 133
269 27 13 67
274 94 1 151
276 56 10 133
281 64 31 241
283 56 13 133
285 64 46 241
289 56 3 133
291 27 28 67
293 56 16 133
294 27 22 67
297 27 46 67
299 27 34 67
300 27 49 67
7 86 25 57
9 90 16 243
11 90 19 243
13 86 11 57
16 86 17 57
25 86 29 57
35 90 21 243
39 90 11 243
40 86 23 57
41 86 27 57
53 90 4 243
58 90 23 243
63 90 25 243
68 86 5 57
70 86 31 57
82 86 41 57
86 86 34 57
90 90 31 243
98 86 46 57
103 90 1 243
105 90 13 243
111 86 43 57
122 86 49 57
123 90 7 243
125 86 51 57
128 90 9 243
131 90 37 243
133 86 53 57
143 90 29 243
147 90 27 243
162 90 41 243
163 90 33 243
164 86 55 57
165 86 58 57
170 86 5 179
170 90 35 243
175 86 7 179
176 90 39 243
183 90 43 243
187 86 9 179
203 86 1 179
204 86 11 179
210 86 13 179
212 90 45 243
215 86 3 179
224 86 16 179
229 90 47 243
230 90 53 243
234 90 49 243
241 86 19 179
247 86 25 179
248 90 51 243
251 86 21 179
255 90 59 243
268 90 55 243
269 90 57 243
274 86 31 179
276 86 23 179
281 86 28 179
282 86 33 179
8 8 15 79
14 8 25 79
24 8 31 79
26 8 19 79
36 8 37 79
74 8 7 79
77 8 1 79
103 8 55 79
113 8 1 266
122 8 51 79
133 8 43 79
137 8 7 266
170 8 19 266
178 8 31 266
227 8 37 266
236 8 15 266
244 8 25 266
250 8 43 266
258 8 49 266
265 8 55 266
266 8 1 336
280 8 49 336
286 8 19 336
290 8 7 336
298 8 13 336
2 4 16 30
6 4 19 30
24 4 25 30
28 4 22 30
34 4 10 30
46 4 28 30
53 4 7 30
57 4 1 30
74 4 31 30
83 4 34 30
87 4 37 30
129 4 13 30
140 4 43 30
146 4 4 30
175 4 40 30
182 4 46 30
185 4 49 30
194 4 55 30
201 4 52 30
245 4 58 30
253 4 1 144
254 4 7 144
259 4 13 144
266 4 19 144
285 4 4 144
289 4 10 144
300 4 16 144
6 95 16 20
7 95 27 20
15 95 19 20
31 95 11 20
47 95 1 20
59 95 7 20
62 95 21 20
74 95 29 20
76 95 5 20
79 95 9 20
93 95 13 20
103 95 3 20
118 95 23 20
122 95 25 20
138 95 31 20
171 95 35 20
172 95 37 20
184 95 39 20
264 95 41 20
274 95 33 20
275 95 45 20
286 95 43 20
15 100 21 254
29 100 31 254
52 100 37 254
66 100 43 254
105 100 49 254
109 100 1 254
117 100 13 254
130 100 7 254
147 100 1 356
149 100 25 254
158 100 7 356
161 100 55 254
163 100 13 356
169 100 25 356
218 100 19 356
219 100 51 356
226 100 37 356
234 100 31 356
258 100 43 356
260 100 1 160
276 100 13 160
277 100 55 356
281 100 37 160
293 100 7 160
9 25 25 209
18 25 31 209
33 25 16 209
45 25 43 209
47 25 13 209
53 25 10 209
65 25 22 209
92 25 1 209
93 25 7 209
98 25 4 209
107 25 19 209
108 25 37 209
115 25 34 209
120 25 46 209
123 25 40 209
128 25 49 209
145 25 28 209
171 25 52 209
183 25 7 432
197 25 55 209
206 25 1 432
207 25 58 209
217 25 4 432
223 25 13 432
232 25 25 432
233 25 16 432
253 25 21 432
259 25 28 432
283 25 10 432
288 25 34 432
297 25 49 432
1 22 17 121
2 22 11 121
3 22 19 121
4 22 22 121
10 68 31 105
21 22 13 121
26 68 10 105
32 22 25 121
37 22 29 121
39 22 31 121
49 68 5 105
50 68 16 105
56 22 5 121
57 22 15 121
61 22 35 121
63 68 22 105
64 22 1 121
71 22 7 121
72 68 1 105
78 68 3 105
87 22 9 121
90 22 37 121
94 68 7 105
96 68 13 105
105 22 39 121
115 22 41 121
116 68 33 105
124 68 29 105
135 68 19 105
135 22 43 121
139 22 46 121
145 68 25 105
152 22 49 121
160 68 37 105
168 22 27 121
172 68 27 105
178 68 35 105
185 22 33 121
189 22 3 121
190 22 53 121
191 22 16 316
200 22 51 121
201 68 39 105
210 22 59 121
211 68 47 105
212 22 55 121
215 68 45 105
216 22 57 121
219 22 1 316
224 22 5 316
235 68 41 105
237 68 49 105
245 22 7 316
247 68 43 105
249 68 51 105
255 22 3 316
261 22 11 316
263 22 9 316
276 68 53 105
279 68 1 275
280 22 13 316
282 68 59 105
282 22 19 316
289 22 21 316
292 22 23 316
300 68 55 105
4 75 25 232
8 75 22 232
27 75 28 232
50 75 4 232
60 75 10 232
70 75 15 232
71 75 40 232
72 75 7 232
80 75 19 232
85 75 31 232
92 75 34 232
107 75 1 232
118 75 43 232
120 75 49 232
122 75 37 232
124 75 46 232
125 75 55 232
127 75 52 232
128 75 58 232
141 75 1 309
150 75 10 309
151 75 4 309
162 75 7 309
168 75 13 309
174 75 16 309
182 75 19 309
183 75 22 309
186 75 25 309
190 75 28 309
194 75 31 309
195 75 39 309
196 75 34 309
207 75 43 309
208 75 46 309
216 75 1 94
232 75 4 94
234 75 51 309
239 75 10 94
244 75 13 94
272 75 55 309
275 75 58 309
281 75 16 94
283 75 7 94
285 75 21 94
286 75 31 94
3 98 21 126
9 98 28 126
11 98 17 126
16 98 23 126
17 98 19 126
18 9 23 100
20 98 25 126
22 9 11 100
26 98 13 126
41 98 11 126
41 9 17 100
43 98 15 126
43 9 13 100
53 98 31 126
64 9 3 100
65 98 5 126
65 9 25 100
66 9 5 100
67 9 21 100
77 9 19 100
84 9 1 100
91 98 1 126
92 9 27 100
93 98 34 126
95 9 7 100
108 98 3 126
109 9 15 100
110 98 40 126
110 9 29 100
112 9 9 100
117 98 43 126
122 9 34 100
123 98 9 126
127 9 37 100
134 9 31 100
137 98 47 126
138 98 37 126
141 98 7 126
142 98 45 126
144 98 49 126
146 98 55 126
147 98 51 126
150 98 53 126
157 9 41 100
158 98 59 126
163 98 57 126
163 9 39 100
171 9 47 100
182 9 43 100
194 98 1 18
195 9 45 100
196 98 3 18
212 98 5 18
218 98 7 18
219 9 55 100
221 9 49 100
227 98 19 18
233 98 21 18
242 98 17 18
242 9 51 100
251 9 53 100
258 98 9 18
258 9 57 100
272 98 11 18
278 98 13 18
283 9 59 100
287 9 1 188
290 98 27 18
290 9 5 188
299 9 3 188
19 10 19 425
27 10 31 425
28 10 25 425
31 10 37 425
48 10 43 425
54 10 33 83
59 10 49 425
67 10 55 425
75 10 37 83
84 10 3 425
117 10 49 83
121 10 7 425
125 10 13 425
136 10 7 23
145 10 55 83
154 10 1 23
158 10 13 23
164 10 19 23
178 10 37 23
187 10 25 23
208 10 31 23
210 10 7 44
216 10 43 23
238 10 49 23
241 10 57 23
255 10 13 44
269 10 31 44
288 10 1 44
291 10 37 44
298 10 19 44
6 107 22 58
7 5 31 177
11 85 21 93
13 107 31 58
15 5 25 177
21 85 28 93
22 107 34 58
26 107 37 58
28 107 16 58
29 85 37 93
30 85 25 93
32 107 19 58
35 85 31 93
37 85 13 93
44 107 4 58
46 107 10 58
50 107 25 58
52 5 7 177
52 107 28 58
54 5 19 177
55 85 34 93
60 5 16 177
60 107 40 58
62 5 28 177
64 107 13 58
69 85 7 93
71 107 46 58
76 5 13 177
76 107 43 58
77 5 22 177
77 85 40 93
83 107 7 58
86 5 4 177
90 5 39 177
96 107 49 58
98 85 1 93
99 5 1 177
102 107 52 58
102 85 10 93
112 5 43 177
112 85 4 93
114 107 55 58
117 85 55 93
119 5 10 177
122 5 46 177
124 5 58 177
130 85 16 93
131 5 49 177
132 85 46 93
135 5 52 177
135 107 7 190
135 85 49 93
139 107 1 58
141 107 58 58
142 5 55 177
148 85 43 93
149 5 1 21
158 107 4 190
163 5 4 21
170 5 7 21
171 5 10 21
175 5 13 21
176 5 19 21
179 85 52 93
185 5 37 21
192 5 22 21
194 5 34 177
200 5 16 21
201 5 31 21
205 85 58 93
217 5 27 21
221 107 13 190
231 5 34 21
238 107 19 190
243 107 10 190
244 5 40 21
244 85 3 408
245 5 43 21
248 107 1 190
256 85 7 408
259 107 22 190
261 85 22 408
262 107 31 190
265 5 46 21
266 107 25 190
271 5 3 355
271 85 10 408
272 5 49 21
275 85 19 408
285 85 16 408
292 85 13 408
293 85 25 408
297 85 28 408
299 107 28 190
299 85 31 408
3 7 25 321
11 44 31 166
14 7 31 321
28 44 37 166
31 7 43 321
32 7 37 321
33 7 49 321
42 7 55 321
43 7 25 449
49 44 43 166
63 44 27 166
64 44 49 166
70 7 33 449
70 44 55 166
72 44 3 166
77 7 43 449
88 7 19 321
89 44 7 166
106 7 1 321
110 7 19 449
112 44 15 166
126 44 1 38
127 44 19 166
131 7 7 321
134 44 25 38
141 7 9 449
143 7 13 321
143 44 7 38
151 7 13 449
154 7 55 449
156 44 13 38
158 44 19 38
163 44 49 38
166 44 31 38
168 44 37 38
174 44 37 18
176 44 55 38
183 7 37 449
184 44 43 38
200 7 7 135
203 7 3 135
203 44 31 18
213 44 7 129
214 7 13 135
215 7 49 449
223 7 19 135
230 7 31 135
242 7 37 135
243 7 49 135
249 44 1 129
259 44 43 18
260 7 7 183
267 44 13 129
287 7 27 135
289 7 43 135
290 7 55 135
298 44 49 18
3 58 31 210
10 63 33 47
13 58 34 210
14 58 37 210
15 63 28 47
23 58 25 210
26 63 40 47
39 63 19 47
46 58 19 210
56 58 13 210
56 63 22 47
58 63 43 47
59 58 22 210
64 63 16 47
77 63 13 47
86 63 7 47
88 58 28 210
106 58 43 210
109 58 40 210
113 58 7 210
117 63 1 47
121 63 25 47
132 58 1 210
138 63 4 47
143 58 4 210
143 63 46 47
144 58 16 210
145 63 37 47
147 63 10 47
153 58 16 230
156 63 55 47
159 63 49 47
161 58 10 210
166 58 51 210
176 58 7 230
178 58 55 210
180 58 58 210
181 58 46 210
182 58 1 230
185 63 52 47
186 63 1 339
188 63 4 339
190 63 7 339
195 63 58 47
199 63 10 339
200 63 13 339
214 63 25 339
220 58 10 230
221 58 19 230
228 63 16 339
232 63 28 339
235 58 13 230
239 63 31 339
241 58 4 230
241 63 21 339
243 58 28 230
251 58 25 230
252 63 34 339
253 58 31 230
257 58 46 230
263 58 34 230
272 63 37 339
275 58 22 230
277 58 37 230
279 63 46 339
281 63 49 339
282 58 43 230
284 63 43 339
293 58 40 230
296 63 40 339
1 96 23 17
3 96 29 17
5 96 17 17
19 14 31 17
26 14 33 17
27 96 25 17
27 14 35 17
32 96 27 17
34 96 5 17
40 14 7 17
42 96 37 17
45 14 15 17
47 14 11 17
49 96 39 17
51 14 1 17
54 14 13 17
60 14 43 17
62 96 19 17
65 96 41 17
73 14 45 17
75 14 47 17
78 14 52 17
86 96 49 17
88 14 9 17
89 14 58 17
90 96 21 17
99 96 52 258
106 14 55 17
107 96 58 258
108 96 5 321
119 14 23 144
142 14 33 144
149 96 17 321
151 14 25 144
154 14 27 144
158 14 31 144
161 14 3 17
165 96 11 321
169 14 43 144
174 96 23 321
181 96 35 321
187 14 29 144
190 14 39 144
195 96 29 321
197 14 49 144
198 96 53 321
198 14 37 144
201 96 41 321
216 14 41 144
217 96 47 321
224 14 35 144
230 14 47 144
231 96 59 321
234 96 11 388
249 14 45 144
253 14 51 144
256 14 53 144
260 96 16 388
264 14 58 144
272 14 33 246
273 96 13 388
276 14 7 34
294 96 25 388
295 14 55 144
298 96 31 388
4 84 57 105
12 20 29 9
17 84 25 138
32 84 16 138
34 20 13 9
35 84 23 138
43 20 17 9
46 20 22 9
48 84 11 138
54 84 5 138
69 84 13 138
71 20 5 9
73 20 1 9
74 20 11 9
76 84 1 138
82 84 3 138
91 20 3 9
96 84 7 138
98 84 9 138
99 20 7 9
102 84 19 138
107 20 9 9
111 84 31 138
113 20 15 9
116 84 21 138
122 20 19 9
129 84 37 138
131 20 25 9
133 84 29 138
134 20 40 9
139 84 35 138
145 20 34 9
146 20 27 9
163 20 31 9
166 84 27 138
168 84 41 138
170 84 33 138
172 20 43 9
180 20 37 9
187 20 52 9
199 20 47 9
217 20 45 9
220 84 43 138
231 20 49 9
240 20 55 9
240 84 45 138
241 20 1 283
248 20 4 283
249 20 9 283
250 20 57 9
259 84 39 138
264 84 47 138
265 20 59 9
270 20 11 283
276 84 49 138
284 84 53 138
292 20 7 283
294 84 51 138
299 20 19 283
8 88 25 154
12 88 31 154
14 88 40 154
21 88 34 154
34 88 28 154
53 88 13 154
80 88 22 154
85 88 7 154
91 88 10 154
111 88 1 154
116 88 4 154
123 88 16 154
168 88 19 154
173 88 37 154
188 88 49 154
204 88 43 154
206 88 46 154
228 88 55 154
229 88 52 154
230 88 1 24
247 88 4 24
250 88 19 24
253 88 58 154
256 88 10 24
270 88 25 24
295 88 7 24
53 120 21 127
72 120 13 127
92 120 4 127
114 120 11 127
128 120 1 127
157 120 7 127
169 120 9 127
172 120 15 127
195 120 17 127
220 120 19 127
237 120 23 127
261 120 29 127
271 120 25 127
273 120 31 127
274 120 35 127
281 120 41 127
286 120 37 127
289 120 27 127
296 120 43 127
13 78 43 125
16 78 25 125
17 78 31 125
24 101 37 441
28 101 43 441
31 78 49 125
32 78 55 125
47 78 21 125
49 101 31 441
50 78 31 406
51 101 37 41
55 78 37 125
62 101 49 441
66 78 37 406
68 101 15 441
73 101 25 441
78 78 25 406
82 101 43 41
83 78 43 406
84 78 13 125
85 101 55 441
86 101 13 41
89 78 13 406
90 78 49 406
100 101 7 441
108 101 7 41
112 101 19 441
116 101 49 41
122 101 1 441
125 101 1 41
127 101 55 41
128 101 3 360
131 78 19 406
140 78 7 125
142 101 19 41
144 78 1 125
146 78 7 406
147 101 31 41
148 101 25 41
160 78 55 406
163 101 27 212
166 101 13 360
167 101 31 212
181 78 37 37
199 101 49 212
200 101 45 212
202 101 1 172
207 101 25 360
211 78 25 37
212 101 57 212
213 101 19 360
213 78 31 37
228 78 1 46
236 101 7 360
236 78 25 46
237 101 31 360
255 78 43 37
258 101 37 360
271 78 13 46
272 101 45 360
278 78 37 46
283 101 55 360
288 101 19 140
3 24 34 204
4 34 28 6
5 34 31 6
19 34 34 6
21 34 37 6
24 34 19 6
27 34 22 6
37 34 40 6
41 34 49 6
49 34 52 6
51 24 43 204
53 24 37 204
54 34 25 6
63 24 4 204
70 34 43 6
81 24 7 204
87 34 16 6
94 34 1 6
96 24 10 204
101 24 1 204
110 34 4 6
112 24 25 204
123 34 13 6
124 34 7 6
130 34 46 6
131 34 55 6
134 34 58 6
146 24 13 204
149 34 4 201
156 34 10 6
164 24 16 204
165 34 1 201
169 24 49 204
175 34 9 201
183 34 13 201
193 34 19 201
194 24 22 204
206 34 16 201
213 24 28 204
215 34 22 201
219 34 34 201
222 24 31 204
225 24 19 204
226 24 55 204
228 34 25 201
233 24 40 204
235 34 28 201
236 34 31 201
240 24 52 204
243 24 46 204
252 34 37 201
259 24 58 204
261 24 1 317
269 34 49 201
275 34 40 201
277 34 43 201
287 24 19 317
295 34 46 201
2 97 23 53
8 77 29 95
20 97 27 53
22 97 17 53
25 77 35 95
33 97 11 53
37 97 19 53
44 97 15 53
51 97 7 53
55 77 11 95
60 97 25 53
64 77 5 95
71 97 9 53
74 77 41 95
78 97 1 53
82 77 47 95
93 77 17 95
94 77 23 95
95 77 53 95
97 77 59 95
103 77 5 240
104 77 1 240
107 77 7 240
112 97 29 53
126 77 11 240
130 97 3 53
140 77 13 240
151 97 21 53
155 77 9 240
157 77 3 240
167 77 15 240
171 97 5 53
173 77 17 240
175 97 35 53
183 77 19 240
185 97 13 53
212 97 31 53
216 97 37 53
218 97 33 53
221 77 22 240
225 97 47 53
237 97 41 53
238 77 25 240
240 77 27 240
241 77 29 240
243 77 35 240
245 97 39 53
247 77 31 240
249 77 33 240
251 77 37 240
252 77 40 240
253 97 43 53
262 97 52 53
265 97 49 53
269 97 55 53
271 97 7 81
272 77 52 240
279 97 5 81
286 97 45 53
293 77 43 240
5 19 37 371
8 113 31 186
12 19 43 371
16 80 31 147
21 113 43 186
23 30 31 342
24 80 43 147
24 19 49 371
25 30 37 342
29 19 19 371
31 19 25 371
34 80 37 147
34 30 43 342
36 19 55 371
40 19 43 262
44 113 25 186
45 113 49 186
58 30 49 342
60 113 55 186
64 30 55 342
65 19 31 371
66 113 31 343
68 30 25 342
73 19 31 262
74 19 49 262
76 113 19 186
77 19 55 262
78 80 55 147
78 30 31 77
79 113 13 186
82 113 37 186
83 19 27 262
85 19 43 378
88 80 37 52
91 80 21 147
93 113 37 343
94 30 13 342
95 30 1 342
98 19 19 262
99 80 9 147
101 113 7 186
102 19 37 262
103 113 7 343
104 30 7 342
105 80 55 52
107 113 13 343
107 30 43 77
108 113 43 343
113 80 33 52
115 30 19 342
120 80 1 147
129 30 49 77
130 80 25 147
130 113 49 343
130 30 37 77
131 30 13 77
132 80 13 147
136 30 39 82
140 80 15 52
144 80 51 147
145 113 19 343
147 19 37 378
148 19 1 371
148 30 7 77
154 19 7 371
158 30 25 77
159 80 1 52
163 30 7 82
167 80 7 52
172 113 1 186
176 113 25 343
177 19 7 262
178 30 19 77
188 30 13 82
189 80 21 52
189 19 7 378
194 80 25 52
199 113 55 343
208 80 13 139
210 30 25 82
211 80 49 52
213 30 13 396
220 19 13 371
224 113 7 164
229 19 19 378
233 80 43 52
234 30 55 77
239 113 13 164
239 19 25 378
242 19 31 378
245 19 49 378
248 30 19 82
253 80 25 149
257 80 49 149
258 113 25 164
258 30 31 82
259 19 31 189
266 80 37 149
269 19 7 189
274 113 37 164
277 80 1 139
282 30 1 77
283 19 37 189
288 19 13 262
292 19 1 262
293 19 55 378
295 30 3 82
299 80 43 149
2 55 31 155
4 83 31 116
6 83 34 116
32 83 22 116
39 83 28 116
44 55 22 155
52 55 19 155
63 83 10 116
67 55 25 155
76 55 34 155
77 83 37 116
80 55 43 155
87 55 40 155
103 83 19 116
104 55 13 155
108 55 16 155
125 55 7 155
138 55 1 155
141 55 4 155
142 55 10 155
152 55 58 155
154 83 13 116
158 83 40 116
173 83 3 116
174 55 28 155
179 83 7 116
180 83 16 116
181 83 25 116
186 55 46 155
193 55 1 156
195 83 49 116
197 55 51 155
201 83 55 116
207 83 46 116
209 55 4 156
216 83 9 341
223 83 43 116
223 55 55 155
228 55 7 156
233 83 1 341
234 55 37 155
236 83 4 341
250 83 52 116
253 83 16 341
257 83 58 116
260 83 19 341
265 55 13 156
268 83 13 341
282 83 25 341
283 55 16 156
285 83 31 341
292 83 34 341
6 46 37 309
20 46 49 309
23 46 52 21
28 46 55 21
29 46 57 21
66 46 59 21
98 46 25 21
106 46 21 45
109 46 34 45
121 46 19 45
139 46 23 45
146 46 31 45
149 46 37 45
161 46 40 45
164 46 43 45
207 46 49 45
212 46 47 45
221 46 45 45
230 46 59 45
248 46 53 45
250 46 55 45
252 46 51 45
261 46 57 45
263 46 1 81
278 46 3 81
292 46 9 81
5 69 34 164
9 69 31 164
11 69 43 164
16 69 46 164
19 69 49 164
30 69 19 164
47 69 52 164
56 69 31 133
62 69 55 164
68 69 58 164
69 69 25 133
85 69 19 133
93 69 1 164
95 69 34 133
147 69 43 133
148 69 22 164
150 69 37 133
172 69 40 133
173 69 22 133
174 69 4 164
176 69 49 133
190 69 46 133
207 69 52 133
209 69 28 133
214 69 55 133
218 69 1 142
221 69 16 142
225 69 58 133
234 69 7 142
248 69 10 142
267 69 22 142
271 69 19 142
282 69 13 142
287 69 31 142
17 81 49 230
30 39 17 310
33 39 19 310
44 39 11 310
57 39 21 310
61 39 31 310
63 39 33 310
66 81 51 230
67 39 23 310
89 39 1 310
101 39 4 310
112 39 7 310
125 81 53 230
133 81 58 230
134 39 29 310
137 81 55 230
146 81 1 5
147 81 5 5
149 39 35 310
149 81 7 5
157 81 9 5
167 81 11 5
172 81 13 5
176 81 22 5
178 81 16 5
179 81 19 5
180 39 13 310
184 39 9 310
186 39 43 310
187 81 31 5
188 39 27 310
195 39 47 310
199 81 25 5
202 39 15 310
202 81 29 5
206 39 41 310
212 81 3 5
221 39 25 310
235 39 37 310
238 81 27 5
245 39 53 310
245 81 33 5
246 39 45 310
266 39 51 310
268 39 57 310
271 39 39 310
279 81 35 5
280 81 40 5
281 81 45 5
282 39 49 310
288 81 37 5
289 81 47 5
296 81 49 5
300 81 52 5
19 115 37 413
27 115 43 413
37 115 21 413
40 115 49 413
63 115 55 413
76 115 49 387
81 115 55 387
91 115 49 68
98 115 27 413
123 115 1 413
127 115 7 413
154 115 19 387
162 115 13 413
178 115 7 387
192 115 43 387
201 115 1 387
205 115 31 413
208 115 19 68
219 115 13 387
224 115 25 387
233 115 31 387
240 115 31 68
254 115 43 68
261 115 37 387
263 115 3 68
266 115 55 68
267 115 25 68
287 115 37 68
1 116 55 5
2 87 34 168
4 116 34 24
5 116 58 5
6 116 31 24
8 87 37 168
18 116 37 24
22 87 40 168
23 116 28 24
23 87 43 168
31 87 16 168
39 116 22 24
43 87 19 168
50 116 49 24
59 116 13 24
63 87 46 168
68 116 40 24
69 87 10 168
99 116 43 24
99 87 4 168
111 87 7 168
116 116 46 24
128 87 13 168
133 116 7 68
137 87 49 168
148 87 52 168
151 87 1 168
156 116 58 24
159 87 22 168
162 116 55 24
163 87 46 179
171 116 16 24
172 116 10 68
173 87 25 168
180 116 1 334
184 87 55 168
188 87 31 168
203 87 58 168
204 87 55 18
209 116 13 68
210 116 16 68
213 87 37 179
215 87 55 179
218 87 28 168
222 87 58 18
228 116 13 334
232 116 31 334
235 87 43 179
239 116 52 24
247 116 16 334
265 87 40 179
266 116 22 334
268 116 4 334
275 116 9 334
276 87 58 179
278 116 19 334
280 87 1 313
290 87 49 179
293 116 28 334
296 87 52 179
2 41 29 192
15 41 35 192
16 41 37 192
20 41 23 192
26 41 31 192
30 41 41 192
35 41 25 192
43 41 33 192
59 41 19 192
84 41 17 192
89 41 11 192
109 41 5 192
125 41 27 192
146 41 21 192
150 41 13 192
152 41 1 192
156 41 3 192
167 41 39 192
168 41 7 192
172 41 45 192
179 41 15 192
226 41 9 192
229 41 57 192
231 41 43 192
232 41 47 192
233 41 55 192
235 41 49 192
251 41 59 192
257 41 53 192
276 41 51 192
277 41 5 298
Điểm tối ưu: 3554
Thời gian: 0.201595 giây
Trạng thái: GREEDY_DONE
