162
1 1 16 9
1 2 37 9
1 3 43 23
1 4 21 6
1 5 41 30
1 6 11 11
1 7 31 29
1 8 52 27
1 9 28 1
1 10 4 13
2 2 1 9
2 3 19 23
2 4 28 6
2 5 16 30
2 6 5 11
2 8 58 27
2 9 22 1
2 10 25 13
3 1 49 9
3 3 16 23
3 4 9 6
3 5 26 30
3 6 23 11
3 7 55 29
3 8 43 27
3 10 38 13
4 3 46 23
4 4 16 6
4 5 37 30
4 6 9 11
4 7 19 29
4 8 1 27
4 9 55 1
4 10 13 13
5 1 10 9
5 3 7 23
5 4 40 6
5 5 23 30
5 6 13 11
5 7 43 29
5 8 34 27
5 9 15 1
5 10 52 13
6 1 7 9
6 3 22 23
6 4 35 6
6 5 5 30
6 6 17 11
6 7 1 29
6 8 46 27
6 9 43 1
6 10 10 13
7 3 13 23
7 4 33 6
7 5 43 30
7 6 21 11
7 8 4 27
7 9 58 1
7 10 7 13
8 1 58 9
8 3 55 23
8 4 7 6
8 5 13 30
8 6 15 11
8 8 10 27
8 9 49 1
8 10 1 13
9 3 49 23
9 4 31 6
9 5 21 30
9 6 7 11
9 8 25 27
9 9 38 1
9 10 43 13
10 1 52 9
10 3 34 23
10 4 46 6
10 5 39 30
10 6 26 11
10 8 31 27
10 9 19 1
10 10 22 13
11 1 55 9
11 2 19 9
11 3 25 23
11 4 23 6
11 5 51 30
11 6 49 11
11 8 28 27
11 9 1 1
11 10 16 13
12 1 13 9
12 3 31 23
12 4 19 6
12 5 11 30
12 6 3 11
12 7 7 29
12 8 16 27
12 9 25 1
12 10 49 13
13 1 46 9
13 3 52 23
13 4 37 6
13 5 19 30
13 6 43 11
13 8 49 27
13 9 7 1
13 10 31 13
14 3 10 23
14 4 25 6
14 5 7 30
14 6 32 11
14 7 39 29
14 8 19 27
14 9 52 1
14 10 58 13
15 1 43 9
15 2 25 9
15 3 58 23
15 4 13 6
15 5 46 30
15 6 34 11
15 8 37 27
15 9 10 1
15 10 55 13
16 3 1 23
16 4 52 6
16 5 28 30
16 6 40 11
16 8 7 27
16 9 4 1
16 10 19 13
17 3 28 23
17 4 11 6
17 5 32 30
17 6 1 11
17 8 55 27
17 9 34 1
17 10 46 13
18 2 32 9
18 3 40 23
18 4 4 6
18 5 2 30
18 6 38 11
18 7 13 29
18 8 22 27
19 3 37 23
19 4 1 6
19 5 34 30
19 6 19 11
19 7 50 29
19 8 40 27
19 9 31 1
19 10 28 13
20 3 4 23
20 4 49 6
20 5 9 30
20 6 29 11
20 7 25 29
20 8 13 27
20 9 46 1
20 10 34 13
Điểm tối ưu/tốt nhất tìm được: 162
Thời gian: 19.963076 giây
Trạng thái: VALID
