1157
1 1 13 119
1 3 19 69
1 5 57 43
1 9 38 83
1 15 7 115
1 16 9 29
1 17 23 59
1 19 53 33
1 20 45 41
1 21 1 36
1 26 26 60
1 28 34 44
1 30 4 42
1 32 16 93
2 2 19 22
2 3 45 77
2 5 51 43
2 7 23 44
2 8 31 97
2 10 25 111
2 11 57 65
2 12 15 49
2 14 38 75
2 15 49 53
2 17 3 59
2 20 13 35
2 24 55 19
2 27 8 107
2 29 35 77
3 1 10 32
3 3 13 69
3 5 31 43
3 9 52 99
3 11 2 50
3 14 25 75
3 18 21 114
3 19 57 33
3 20 7 41
3 21 29 36
3 23 46 61
3 25 5 1
3 28 37 79
3 29 17 32
3 32 34 93
4 3 1 77
4 7 37 44
4 9 25 83
4 11 28 64
4 13 55 51
4 14 8 75
4 17 23 38
4 18 13 114
4 19 17 16
4 21 31 3
4 23 43 61
4 24 15 19
4 26 39 60
4 27 19 82
4 29 33 11
5 1 10 94
5 3 44 69
5 4 17 15
5 6 13 2
5 9 22 99
5 12 40 67
5 13 3 51
5 14 55 75
5 15 29 53
5 17 1 6
5 23 49 103
5 24 25 39
5 29 7 11
5 31 31 5
5 32 19 93
6 1 58 94
6 2 49 89
6 7 3 62
6 8 32 72
6 11 13 50
6 12 25 4
6 17 1 59
6 19 43 33
6 20 21 35
6 24 53 19
6 25 9 18
6 28 16 44
6 29 37 11
6 32 28 93
7 1 28 15
7 3 19 47
7 5 43 10
7 6 49 13
7 7 7 13
7 10 55 111
7 11 4 64
7 12 31 49
7 20 34 41
7 21 9 3
7 23 25 61
7 27 13 110
7 29 1 11
7 31 39 34
7 32 46 93
8 1 19 15
8 3 7 69
8 5 22 78
8 6 25 86
8 7 29 13
8 8 45 30
8 11 40 64
8 12 4 80
8 15 16 53
8 16 31 29
8 21 13 3
8 25 11 18
8 27 49 31
8 28 1 79
8 29 43 11
9 1 55 94
9 4 27 106
9 6 13 102
9 8 37 73
9 12 20 67
9 15 44 53
9 17 33 59
9 18 47 74
9 20 10 41
9 23 7 113
9 27 50 65
9 28 58 20
9 29 29 11
9 31 1 5
10 1 13 94
10 4 1 106
10 5 3 78
10 6 32 86
10 7 51 62
10 15 27 115
10 16 47 29
10 17 11 38
10 18 25 74
10 20 17 35
10 24 19 109
10 26 7 100
10 27 38 110
10 30 21 23
10 31 43 25
11 1 31 32
11 3 37 69
11 4 52 106
11 5 19 107
11 7 59 44
11 13 11 57
11 18 5 114
11 19 41 33
11 20 47 35
11 23 15 109
11 24 3 19
11 27 43 110
11 29 50 11
11 30 56 9
12 1 1 15
12 3 7 77
12 5 34 43
12 8 56 117
12 9 46 99
12 12 28 67
12 17 51 59
12 18 31 74
12 19 26 33
12 21 19 36
12 24 21 19
12 25 38 1
12 31 13 5
12 32 4 93
13 1 19 94
13 2 51 22
13 3 37 77
13 5 16 43
13 11 13 64
13 12 3 67
13 16 34 29
13 20 32 41
13 24 41 19
13 25 29 18
13 26 43 101
13 27 25 82
13 29 9 11
13 32 22 93
14 3 13 47
14 4 25 106
14 5 46 43
14 10 1 111
14 11 34 64
14 15 21 53
14 20 17 41
14 22 28 56
14 23 43 109
14 25 55 1
14 26 37 101
14 28 52 44
14 29 11 11
14 30 8 9
14 32 49 63
15 2 27 105
15 5 43 78
15 6 32 13
15 7 47 13
15 9 8 99
15 11 1 64
15 14 37 112
15 16 52 29
15 19 25 16
15 20 11 35
15 21 23 36
15 23 13 103
15 24 4 39
15 31 19 31
15 32 49 93
16 1 28 94
16 2 13 89
16 7 5 62
16 8 7 72
16 9 19 83
16 11 43 50
16 13 51 66
16 18 3 74
16 20 31 35
16 21 1 3
16 22 25 76
16 25 33 18
16 26 37 100
16 30 22 9
17 2 39 109
17 5 22 43
17 7 31 62
17 9 34 83
17 14 45 23
17 15 9 39
17 17 43 38
17 18 15 114
17 20 3 41
17 21 13 36
17 24 37 19
17 28 26 20
17 30 51 9
17 32 55 63
18 4 46 106
18 5 31 84
18 6 7 86
18 8 13 117
18 11 57 50
18 12 34 80
18 14 50 112
18 16 25 29
18 18 11 74
18 20 19 35
18 23 22 61
18 29 29 77
18 31 1 63
19 4 37 106
19 5 58 78
19 8 8 117
19 9 49 83
19 11 1 65
19 12 46 67
19 14 31 118
19 17 5 6
19 18 15 74
19 20 52 41
19 23 25 103
19 25 19 1
19 28 39 44
19 29 13 32
19 30 28 23
20 3 31 77
20 6 21 119
20 8 2 30
20 9 49 99
20 12 10 80
20 14 45 75
20 18 19 74
20 19 55 61
20 20 53 35
20 22 40 96
20 25 58 1
20 26 13 100
20 27 25 31
20 29 17 11
20 32 7 63
21 1 46 32
21 2 37 22
21 5 43 43
21 8 7 73
21 12 56 17
21 13 11 51
21 14 13 112
21 18 34 74
21 19 5 33
21 23 21 109
21 24 19 19
21 27 50 107
21 28 31 44
21 30 1 42
21 32 27 63
22 4 9 106
22 5 13 78
22 8 31 117
22 11 22 50
22 13 25 57
22 15 37 53
22 16 49 29
22 17 5 38
22 18 53 114
22 19 19 61
22 20 39 41
22 21 11 3
22 25 3 18
22 27 27 107
22 31 43 5
23 4 29 106
23 7 53 13
23 8 25 30
23 11 13 65
23 18 23 74
23 19 21 33
23 20 5 41
23 21 55 36
23 23 37 61
23 24 31 19
23 26 44 100
23 27 7 82
23 29 19 77
23 30 33 42
23 31 1 34
24 1 28 32
24 2 9 22
24 5 46 84
24 7 26 13
24 9 34 99
24 11 22 64
24 13 16 66
24 18 13 74
24 21 4 3
24 22 31 96
24 24 7 19
24 25 19 18
24 29 59 107
24 30 1 9
25 1 40 94
25 3 44 47
25 4 31 106
25 5 8 43
25 7 49 44
25 13 57 57
25 19 1 33
25 20 29 35
25 21 15 3
25 22 19 56
25 23 3 103
25 24 59 19
25 25 38 18
25 27 25 110
25 32 33 63
26 1 43 94
26 2 19 89
26 5 25 43
26 6 55 13
26 9 37 99
26 11 40 65
26 12 52 49
26 17 46 6
26 19 1 61
26 20 50 35
26 21 3 36
26 27 31 110
26 30 14 42
26 31 7 5
27 3 49 69
27 5 14 84
27 7 1 13
27 10 7 111
27 11 28 65
27 12 22 17
27 15 3 115
27 17 17 59
27 19 11 33
27 20 19 41
27 22 37 56
27 23 55 103
27 24 33 19
27 29 5 77
27 32 25 93
28 2 55 105
28 4 11 91
28 5 13 43
28 6 51 2
28 12 7 4
28 13 16 57
28 16 59 29
28 18 21 74
28 19 49 33
28 20 1 41
28 21 31 36
28 23 46 103
28 27 33 107
28 29 41 77
28 30 4 23
29 1 16 94
29 2 43 105
29 5 25 10
29 6 51 102
29 7 13 13
29 10 37 111
29 14 19 75
29 19 23 16
29 21 49 36
29 22 1 96
29 23 28 103
29 27 7 110
29 29 4 11
29 31 32 34
29 32 57 93
30 1 3 32
30 2 51 105
30 3 32 47
30 4 23 15
30 8 19 30
30 11 16 64
30 12 58 67
30 15 37 39
30 16 7 29
30 17 13 59
30 20 1 35
30 21 26 36
30 27 43 82
30 28 55 20
30 30 28 9
31 1 25 32
31 6 7 2
31 7 11 86
31 8 49 117
31 9 31 99
31 11 43 64
31 14 37 23
31 18 1 74
31 19 34 33
31 26 13 101
31 27 55 31
31 28 22 20
31 29 17 107
31 31 3 25
32 2 43 15
32 4 55 15
32 6 14 86
32 7 47 86
32 10 20 111
32 14 1 75
32 15 25 53
32 16 27 29
32 18 9 74
32 19 5 16
32 25 7 18
32 26 49 60
32 28 40 20
32 29 37 107
32 31 31 31
33 1 50 94
33 6 55 102
33 7 23 13
33 8 31 30
33 9 2 99
33 11 19 50
33 15 27 53
33 17 8 6
33 19 53 16
33 20 43 35
33 21 15 36
33 24 13 39
33 30 40 42
33 32 37 63
34 4 11 106
34 5 19 78
34 6 27 2
34 9 1 83
34 13 37 66
34 15 55 53
34 16 16 29
34 17 23 6
34 20 25 41
34 22 31 76
34 25 13 1
34 28 4 44
34 29 58 11
34 30 39 9
34 31 7 34
35 1 7 32
35 4 35 106
35 5 22 84
35 6 37 86
35 7 29 62
35 9 55 99
35 13 4 57
35 17 14 6
35 18 20 90
35 19 27 16
35 22 46 76
35 24 25 19
35 25 2 1
35 26 49 100
35 32 10 63
36 2 1 105
36 3 25 77
36 4 39 106
36 5 7 78
36 6 31 2
36 7 53 86
36 8 44 72
36 13 5 51
36 15 57 53
36 17 19 6
36 20 41 35
36 21 17 3
36 29 21 11
36 32 10 4
37 5 55 78
37 11 46 64
37 16 19 29
37 17 21 6
37 18 1 90
37 19 13 33
37 24 7 39
37 25 16 18
37 26 49 50
37 27 3 82
37 28 33 20
37 29 43 32
37 31 37 31
37 32 9 93
38 1 46 94
38 2 25 89
38 5 4 84
38 6 37 2
38 9 7 83
38 13 23 66
38 15 14 53
38 17 16 38
38 19 29 33
38 21 43 36
38 22 34 76
38 24 32 109
38 28 1 20
38 29 11 77
38 31 19 34
39 3 49 77
39 4 31 15
39 6 27 102
39 10 44 111
39 12 55 67
39 15 11 39
39 16 37 29
39 17 25 6
39 18 14 90
39 21 7 3
39 23 16 61
39 25 9 1
39 26 3 101
39 28 19 20
39 30 22 106
40 2 43 22
40 4 17 106
40 6 1 2
40 7 59 13
40 8 19 73
40 9 40 99
40 14 13 75
40 16 5 5
40 18 35 114
40 19 9 33
40 20 26 35
40 21 28 3
40 22 37 96
40 26 31 50
40 29 53 77
41 1 31 94
41 4 26 15
41 8 37 30
41 13 13 66
41 15 34 53
41 16 43 29
41 18 8 114
41 22 49 56
41 23 28 61
41 24 15 39
41 26 2 100
41 27 20 65
41 28 10 44
41 30 46 9
42 2 14 22
42 5 28 78
42 11 25 64
42 12 43 67
42 13 7 51
42 16 55 29
42 18 10 114
42 20 50 41
42 22 4 96
42 23 52 109
42 26 31 101
42 28 1 44
42 30 46 42
42 31 57 5
43 3 7 47
43 4 11 15
43 5 3 43
43 6 44 2
43 7 19 62
43 8 14 72
43 9 52 83
43 19 49 61
43 20 59 35
43 21 22 3
43 23 37 103
43 27 55 110
43 29 26 11
43 31 32 25
44 3 55 69
44 4 5 106
44 5 28 43
44 6 37 102
44 7 43 62
44 10 49 111
44 12 14 80
44 14 7 112
44 15 59 53
44 18 11 90
44 20 34 35
44 21 46 36
44 25 53 18
44 26 19 105
44 27 1 110
45 3 55 77
45 6 49 86
45 8 25 117
45 9 10 83
45 15 5 115
45 16 3 29
45 19 59 33
45 20 37 41
45 23 16 103
45 24 1 39
45 25 23 18
45 28 20 44
45 29 47 107
45 30 43 42
45 32 31 93
46 2 38 89
46 6 19 13
46 7 1 62
46 9 16 99
46 11 27 50
46 12 34 67
46 16 45 29
46 20 8 35
46 22 13 56
46 23 3 61
46 24 51 19
46 25 11 1
46 26 55 101
47 5 19 43
47 8 37 117
47 9 4 83
47 12 26 80
47 13 1 51
47 15 23 53
47 17 8 59
47 18 55 114
47 19 29 16
47 20 45 35
47 21 41 3
47 25 14 18
47 26 31 100
47 30 58 42
47 32 16 4
48 2 31 22
48 7 29 86
48 8 43 73
48 12 25 67
48 14 19 118
48 15 3 53
48 17 40 6
48 21 58 36
48 23 10 103
48 24 7 109
48 25 35 1
48 27 49 82
48 28 37 20
48 31 13 31
49 2 7 105
49 4 58 15
49 6 2 102
49 7 11 13
49 9 31 83
49 14 43 112
49 15 19 53
49 19 39 33
49 21 21 36
49 23 25 109
49 24 17 19
49 25 41 18
49 28 28 44
49 29 23 11
50 4 44 106
50 5 10 78
50 8 56 72
50 9 25 99
50 10 14 111
50 11 7 50
50 13 5 66
50 16 21 29
50 17 3 38
50 19 19 33
50 21 39 36
50 22 46 56
50 23 33 103
50 24 1 109
50 30 52 42
51 1 4 119
51 2 57 22
51 5 19 84
51 11 7 65
51 12 49 4
51 13 13 51
51 16 11 42
51 18 17 74
51 24 27 19
51 25 15 1
51 26 37 50
51 28 44 44
51 29 31 11
51 30 33 23
51 32 1 4
52 3 56 47
52 5 34 84
52 6 1 86
52 7 13 62
52 8 19 117
52 9 16 83
52 12 28 49
52 14 43 118
52 17 10 6
52 18 7 74
52 21 41 36
52 27 37 82
52 28 25 44
52 29 5 107
53 1 22 94
53 3 1 69
53 4 59 106
53 9 28 83
53 11 25 65
53 13 9 57
53 14 31 75
53 17 7 38
53 18 52 74
53 19 37 33
53 24 39 19
53 25 5 18
53 27 43 107
53 32 13 93
54 1 52 32
54 2 33 15
54 5 10 84
54 6 43 13
54 8 2 117
54 14 37 118
54 15 15 115
54 19 55 33
54 23 49 109
54 24 13 19
54 28 7 44
54 31 25 5
54 32 20 63
55 3 37 47
55 4 41 106
55 6 20 102
55 7 59 86
55 9 56 83
55 12 50 80
55 15 7 53
55 18 27 90
55 20 4 35
55 22 16 96
55 26 9 101
55 27 32 82
55 30 1 23
55 32 43 93
56 2 7 89
56 5 25 84
56 7 17 13
56 9 46 83
56 12 31 67
56 15 1 115
56 18 28 74
56 19 40 61
56 21 34 3
56 22 19 96
56 23 58 61
56 26 3 22
56 27 49 110
56 29 56 11
56 32 13 63
57 2 31 89
57 11 37 64
57 12 49 67
57 14 7 118
57 16 13 29
57 20 15 35
57 21 11 36
57 23 52 61
57 25 43 18
57 27 19 110
57 28 46 20
57 30 25 9
57 31 2 31
57 32 40 63
58 1 19 32
58 2 38 105
58 6 9 102
58 7 22 86
58 11 4 65
58 13 29 57
58 14 25 112
58 20 56 35
58 23 43 103
58 25 7 1
58 26 31 60
58 29 47 11
58 31 13 34
58 32 52 93
59 2 37 15
59 3 25 69
59 6 55 86
59 7 3 13
59 11 7 64
59 12 31 80
59 14 19 112
59 15 1 53
59 18 29 114
59 19 23 33
59 23 34 61
59 25 41 1
59 28 14 20
59 30 43 9
59 31 50 5
60 2 25 22
60 3 21 77
60 4 19 106
60 7 33 62
60 8 50 30
60 9 43 83
60 12 7 67
60 15 31 53
60 17 29 38
60 18 3 114
60 19 16 33
60 20 39 35
60 22 10 56
60 25 1 18
60 28 13 44
61 3 1 47
61 4 15 106
61 7 5 13
61 8 37 72
61 9 25 78
61 12 28 17
61 14 55 112
61 17 33 6
61 18 17 114
61 19 51 33
61 20 21 41
61 21 43 3
61 25 23 1
61 29 19 11
61 30 8 23
62 2 56 89
62 4 13 106
62 5 49 84
62 7 5 86
62 11 16 65
62 14 1 112
62 16 23 42
62 17 35 59
62 21 20 3
62 23 7 103
62 24 10 19
62 25 26 18
62 29 39 11
62 31 43 34
63 4 4 15
63 6 31 102
63 8 51 73
63 9 22 83
63 11 46 50
63 15 41 53
63 17 29 6
63 20 27 41
63 22 55 56
63 23 58 103
63 27 13 107
63 29 35 32
63 30 8 42
63 32 43 63
64 7 17 62
64 8 51 97
64 10 31 111
64 11 37 65
64 12 10 67
64 13 1 57
64 16 23 29
64 18 4 90
64 19 7 61
64 20 41 41
64 22 43 76
64 23 20 103
64 26 25 100
64 27 55 82
64 30 14 9
65 1 7 15
65 7 44 86
65 8 56 30
65 9 19 99
65 11 10 64
65 16 5 29
65 17 16 6
65 18 1 114
65 19 3 33
65 21 33 36
65 27 39 107
65 28 52 20
65 29 13 11
65 30 49 42
66 1 2 94
66 2 43 89
66 4 33 106
66 5 16 78
66 6 56 2
66 14 50 75
66 17 27 6
66 18 5 74
66 19 11 16
66 20 37 35
66 23 40 103
66 24 19 39
66 28 8 20
66 30 13 23
67 1 40 32
67 3 31 69
67 5 1 84
67 8 19 97
67 15 46 53
67 18 43 74
67 21 35 36
67 24 29 19
67 26 56 100
67 27 13 82
67 28 25 79
67 29 49 32
67 30 37 42
67 31 8 25
67 32 4 4
68 2 1 89
68 5 28 84
68 8 43 117
68 9 34 78
68 12 40 80
68 13 25 51
68 14 55 118
68 18 16 90
68 19 32 61
68 21 52 36
68 22 13 96
68 24 5 19
68 26 19 101
68 29 23 107
68 31 8 31
69 4 13 15
69 7 25 62
69 11 16 50
69 16 1 29
69 21 5 36
69 22 49 96
69 23 10 109
69 24 23 19
69 26 45 80
69 27 55 107
69 29 43 77
69 30 20 42
69 31 37 5
70 1 25 94
70 5 43 84
70 6 37 119
70 7 11 62
70 8 51 72
70 12 1 80
70 15 5 53
70 17 9 38
70 21 7 36
70 24 49 19
70 25 21 18
70 26 56 60
70 27 32 65
70 32 16 63
71 4 7 106
71 5 38 84
71 7 19 86
71 8 9 30
71 11 44 65
71 12 56 80
71 13 17 51
71 14 1 118
71 17 31 6
71 20 15 41
71 22 22 96
71 24 13 109
71 28 33 79
71 29 53 11
71 30 27 42
72 3 14 77
72 5 7 84
72 6 37 13
72 7 41 13
72 8 26 73
72 9 58 99
72 11 31 64
72 12 52 67
72 13 20 66
72 17 1 38
72 18 22 90
72 23 10 61
72 27 43 4
72 30 4 9
73 1 34 94
73 2 3 109
73 3 49 47
73 6 19 2
73 8 27 72
73 11 10 65
73 16 57 29
73 18 25 90
73 19 7 33
73 21 37 36
73 24 46 19
73 25 17 1
73 29 15 11
73 30 31 9
73 32 39 93
74 1 22 32
74 5 52 84
74 9 43 99
74 13 27 57
74 15 10 53
74 18 19 114
74 19 47 33
74 20 13 41
74 21 17 36
74 22 7 96
74 24 1 19
74 29 15 32
74 30 34 9
74 31 55 34
75 1 37 94
75 4 56 106
75 7 47 44
75 9 28 99
75 12 20 80
75 14 31 112
75 16 11 29
75 17 35 6
75 19 45 33
75 20 23 35
75 21 9 36
75 22 4 56
75 23 13 61
75 31 50 34
75 32 1 93
76 3 25 47
76 6 45 102
76 7 23 62
76 8 19 72
76 12 7 80
76 14 13 118
76 15 52 53
76 16 29 29
76 17 10 59
76 18 33 114
76 19 31 33
76 24 57 19
76 28 4 20
76 30 49 106
77 2 49 15
77 7 7 62
77 8 3 72
77 9 13 83
77 12 37 80
77 18 23 114
77 19 1 16
77 20 29 41
77 22 40 56
77 26 25 101
77 28 43 20
77 29 35 11
77 30 55 42
77 31 19 5
78 2 31 105
78 4 3 106
78 7 9 62
78 9 13 99
78 12 37 67
78 16 40 29
78 17 29 59
78 20 43 41
78 22 16 76
78 23 52 103
78 25 35 18
78 26 19 100
78 28 55 44
78 29 59 77
78 31 25 34
79 1 7 94
79 2 13 105
79 5 38 43
79 7 35 62
79 8 31 73
79 11 19 64
79 17 3 6
79 20 23 41
79 22 10 96
79 24 43 19
79 27 45 31
79 28 49 20
79 30 25 23
79 32 52 63
80 2 55 109
80 4 53 15
80 5 31 78
80 7 37 62
80 9 49 78
80 11 10 50
80 12 14 67
80 13 7 57
80 14 25 118
80 15 39 53
80 24 35 19
80 29 41 11
80 30 19 9
80 32 46 63
Điểm tối ưu/tốt nhất tìm được: 1157
Thời gian: 180.024559 giây
Trạng thái: VALID
