150 100 40
32 7 8 9 11 13 14 15 18 24 28 31 0
32 33 37 40 8 12 19 20 22 24 29 30 0
33 2 35 4 10 11 16 18 19 26 28 31 0
1 4 5 6 36 14 15 23 25 27 30 31 0
34 3 36 8 9 10 11 17 24 27 30 31 0
32 2 35 37 39 11 14 19 21 22 25 29 0
33 6 7 8 9 12 14 16 20 21 22 28 0
35 5 38 39 40 37 8 19 21 24 25 31 0
2 35 4 37 38 7 39 14 15 17 23 24 0
33 35 36 4 9 11 12 15 17 25 29 31 0
32 4 40 13 14 15 16 19 20 25 26 29 0
32 37 38 11 13 14 16 19 21 22 30 31 0
1 37 39 8 10 16 18 20 24 26 27 28 0
33 34 35 5 6 7 13 14 17 23 25 26 0
33 2 4 37 38 8 10 11 14 15 16 27 0
33 5 6 38 8 10 13 14 20 23 24 25 0
1 3 36 38 39 6 40 10 12 15 22 26 0
33 3 5 7 39 9 14 15 18 20 28 30 0
3 35 5 38 13 18 20 21 22 27 29 30 0
33 4 36 5 40 12 17 21 22 24 27 30 0
35 3 38 7 8 11 13 18 22 24 28 31 0
32 4 37 38 12 14 15 18 20 21 22 24 0
35 37 9 11 13 15 17 19 24 25 27 31 0
35 4 37 36 8 11 13 15 19 26 29 31 0
1 36 6 39 7 40 11 15 16 19 25 31 0
33 34 35 4 2 8 13 17 18 20 24 31 0
32 3 36 5 39 7 11 20 24 25 27 31 0
33 34 35 36 37 14 19 21 26 27 29 30 0
1 2 3 5 38 6 8 39 14 18 21 31 0
33 3 4 37 6 11 17 20 21 27 28 31 0
33 38 8 11 12 14 15 20 22 25 29 31 0
35 5 37 39 40 9 16 17 22 24 25 26 0
35 4 38 39 9 11 12 15 16 18 19 27 0
38 39 40 8 11 12 15 18 21 22 27 29 0
32 38 9 12 17 18 19 20 27 28 29 30 0
4 36 6 7 11 12 17 18 24 25 28 29 0
32 2 3 5 38 6 11 16 18 23 26 28 0
1 2 36 9 16 21 22 23 28 29 30 31 0
32 2 3 4 6 7 40 11 12 23 25 31 0
33 34 4 36 8 9 16 22 25 29 30 31 0
35 7 40 11 13 15 16 17 20 21 27 30 0
33 4 37 7 39 40 15 16 21 22 23 26 0
33 2 3 35 37 1 7 13 18 20 22 24 0
2 5 39 7 9 14 16 21 22 24 28 31 0
34 35 37 38 7 8 9 15 28 29 30 31 0
33 35 5 6 37 9 23 25 26 28 29 30 0
32 33 3 6 38 40 13 15 17 19 27 31 0
3 4 36 37 39 11 13 14 16 17 19 31 0
33 2 34 5 40 12 13 16 19 21 24 25 0
32 3 36 5 8 16 18 19 23 27 28 30 0
2 4 10 13 14 15 16 18 20 23 26 27 0
36 37 39 11 12 15 17 23 25 26 27 29 0
32 35 3 13 19 20 21 22 26 29 30 31 0
32 2 3 5 10 12 19 24 25 27 29 30 0
33 34 35 36 3 38 9 12 17 20 27 28 0
32 2 35 3 10 14 16 22 24 26 28 29 0
33 3 10 15 18 22 23 24 25 29 30 31 0
33 36 5 4 6 40 39 13 18 19 20 28 0
32 33 3 37 6 5 40 38 14 18 22 27 0
2 34 4 35 37 10 15 18 23 28 30 31 0
32 34 36 5 6 39 40 38 18 23 25 31 0
33 34 38 6 39 12 13 14 17 23 26 28 0
32 33 5 37 40 8 10 12 21 22 26 29 0
33 3 5 6 9 11 13 14 18 20 26 29 0
34 36 8 10 16 17 18 20 21 22 25 27 0
32 34 3 38 7 40 9 18 21 25 28 31 0
33 36 4 7 39 8 10 17 19 21 24 30 0
32 33 35 4 37 36 40 8 13 16 23 30 0
2 36 5 39 8 10 11 13 14 24 25 31 0
34 37 6 39 40 7 10 11 20 22 27 28 0
32 33 34 3 35 5 38 36 8 12 18 23 0
1 37 6 36 9 12 15 17 18 19 23 29 0
34 35 7 40 9 13 15 20 28 29 30 31 0
32 2 35 37 40 8 10 13 19 25 28 29 0
33 3 35 6 40 10 13 14 17 27 28 30 0
33 2 3 7 40 10 12 14 18 19 21 29 0
4 36 37 7 40 12 14 23 24 25 28 30 0
3 4 37 6 8 10 16 19 21 23 26 29 0
32 2 36 38 40 10 11 12 19 22 23 30 0
34 5 38 39 40 10 13 14 23 24 30 31 0
32 2 37 8 10 11 13 16 17 19 23 24 0
36 39 8 7 9 13 18 19 24 27 29 30 0
3 7 40 39 12 14 15 18 21 26 27 29 0
4 37 5 39 8 7 40 13 18 21 27 30 0
2 3 36 7 8 11 15 18 19 22 28 30 0
32 2 3 35 38 7 9 14 19 20 21 22 0
1 35 37 39 9 13 14 18 19 26 27 29 0
1 37 6 8 10 13 17 21 25 28 29 31 0
2 6 39 8 12 16 17 22 24 28 30 31 0
32 33 3 4 8 40 11 16 17 20 25 29 0
34 36 5 6 38 8 7 11 13 14 25 31 0
34 3 4 35 8 12 16 17 20 21 26 27 0
2 3 7 9 10 13 14 17 22 23 29 30 0
2 35 4 5 7 39 11 16 17 20 28 31 0
2 5 6 39 12 16 17 24 25 27 28 30 0
2 7 8 40 11 12 16 17 18 19 23 31 0
2 3 35 34 14 16 17 18 26 27 28 29 0
2 3 36 5 6 7 35 11 12 13 16 18 0
1 39 9 13 17 19 21 22 24 27 28 29 0
2 34 40 15 16 21 22 24 26 27 28 29 0
1 0
0
27 20 23 7 0
34 0
4 0
0
32 34 35 5 6 37 38 10 11 16 24 27 28 29 0
0
17 39 0
33 0
0
37 27 28 5 0
16 32 36 0
0
26 0
26 3 22 0
9 0
0
25 0
32 2 33 34 40 21 25 27 28 0
0
33 6 38 8 9 27 31 0
32 0
3 5 39 15 16 17 18 27 0
0
40 17 38 0
3 35 10 20 29 30 0
32 7 8 9 39 11 13 15 28 29 0
34 27 0
31 0
2 3 4 5 35 9 15 17 0
36 6 40 9 12 16 20 22 25 26 0
4 28 7 0
40 0
5 0
38 0
36 7 40 24 0
0
0
36 0
0
5 0
25 13 22 0
0
20 29 0
34 5 17 25 28 29 0
32 13 0
0
11 13 15 16 22 24 29 0
0
33 3 15 17 21 29 0
2 3 34 36 38 10 12 14 16 17 29 0
35 0
0
38 0
2 0
33 5 0
29 0
32 4 5 6 21 24 0
32 9 7 0
7 0
38 22 0
27 0
34 6 11 16 21 26 27 28 31 0
0
0
0
4 6 15 17 23 0
33 0
0
25 33 0
4 39 40 20 21 0
20 0
0
0
32 2 35 4 5 6 7 38 39 13 21 22 24 26 27 0
2 3 5 37 10 13 21 24 28 0
33 0
2 33 38 39 9 10 11 13 16 17 19 20 0
0
2 15 18 22 26 28 29 0
0
36 0
26 0
0
17 37 0
9 13 17 21 25 0
2 3 36 37 39 9 11 21 22 24 26 29 0
32 33 5 6 15 0
17 31 0
0
0
0
9 28 13 0
9 35 0
40 0
3 0
0
0
37 0
26 0
29 0
11 0
35 4 5 39 40 9 13 24 26 0
6 0
5 0
17 31 0
35 30 0
27 0
0
28 0
2 0
37 39 11 16 21 24 27 31 0
0
3 4 0
0
0
0
40 0
11 0
40 11 16 17 20 25 0
3 0
32 4 0
9 27 0
32 9 0
35 20 39 15 0
0
20 29 0
0
32 0
15 0
0
0
2 3 4 6 7 10 20 24 26 27 31 0
0
2 0
21 38 0
39 0
38 15 0
11 31 0
14 0
33 0
10 0
21 0
36 0
26 28 0
0
16 0
36 29 0
33 34 40 9 15 19 21 27 28 0
4 2 3 3 3 4 3 4 2 3 3 3 2 4 4 2 4 3 3 2 4 2 4 4 3 2 3 2 2 3 4 3 2 4 2 2 4 4 4 2
