225 150 60
32 34 5 41 45 49 52 21 20 25 60 31 0
3 37 7 9 41 43 45 46 51 22 55 28 0
32 3 36 4 10 12 13 47 51 54 24 25 0
4 5 40 9 44 15 47 19 56 24 59 31 0
1 35 8 42 43 44 46 14 16 49 58 31 0
1 35 26 5 38 41 42 13 23 55 58 27 0
5 6 39 11 45 46 47 19 51 55 24 25 0
2 4 37 6 7 9 10 44 15 16 17 31 0
32 6 40 11 44 28 46 48 49 24 27 60 0
32 34 36 4 39 11 45 16 18 20 53 57 0
36 8 40 27 43 10 46 14 56 57 59 31 0
32 3 4 37 38 41 42 21 24 57 29 31 0
35 40 8 43 15 16 17 50 52 55 26 29 0
34 35 3 38 39 8 60 17 52 56 28 30 0
36 37 41 43 44 45 48 17 52 21 24 28 0
32 2 8 44 15 47 17 51 21 53 56 58 0
35 36 39 41 42 11 44 16 23 59 28 29 0
1 5 39 10 12 28 19 22 25 60 29 31 0
32 10 12 47 48 16 20 21 22 55 25 27 0
32 35 5 10 12 17 21 53 54 24 28 29 0
32 33 37 6 40 42 13 20 21 55 27 31 0
32 2 5 7 41 43 16 50 18 52 57 58 0
34 3 41 11 43 46 15 48 17 54 56 58 0
34 3 4 2 38 7 9 42 16 19 24 26 0
2 36 8 41 43 12 13 16 50 52 21 25 0
37 38 39 8 43 12 13 45 15 53 22 30 0
26 36 8 41 45 14 18 51 53 58 59 29 0
58 39 42 45 15 49 20 53 25 26 27 30 0
36 37 10 11 14 46 47 19 54 23 57 26 0
35 38 40 9 42 48 17 19 23 56 24 57 0
33 3 36 10 11 12 45 14 50 55 24 30 0
32 36 38 11 45 49 20 52 53 55 25 29 0
2 37 38 41 43 45 46 16 21 22 27 30 0
1 5 7 40 10 52 55 22 23 57 27 25 0
36 5 37 38 6 11 13 16 22 23 54 57 0
32 33 3 11 17 51 52 53 25 59 28 31 0
1 6 8 41 12 14 46 20 52 24 57 27 0
33 34 4 5 40 12 45 13 48 51 22 56 0
1 37 9 42 44 46 15 47 19 52 57 31 0
3 4 37 5 7 8 43 12 16 50 23 59 0
33 6 9 46 18 21 54 25 26 27 29 30 0
33 35 3 5 39 47 49 51 52 53 24 30 0
32 3 12 45 13 47 48 14 20 55 25 31 0
1 3 6 7 9 42 14 46 17 52 21 24 0
34 2 36 35 39 41 10 13 47 56 30 31 0
4 42 43 46 16 49 19 20 52 55 24 60 0
3 4 7 40 9 41 12 13 14 50 60 31 0
32 37 8 9 27 45 46 17 51 24 59 60 0
1 10 43 45 14 47 16 50 55 57 28 29 0
33 12 48 16 51 52 19 22 23 56 25 60 0
32 11 12 47 17 19 20 21 56 57 30 31 0
1 40 8 43 12 13 15 17 22 25 59 30 0
32 35 37 42 13 46 47 20 21 55 26 27 0
2 7 39 41 10 43 14 55 25 26 59 29 0
1 7 8 9 11 44 14 15 52 22 58 30 0
33 2 41 43 44 12 46 16 49 23 59 60 0
33 34 3 38 11 14 19 21 53 54 55 31 0
33 3 37 41 12 14 17 19 21 54 58 59 0
1 35 36 37 9 43 44 47 48 16 55 60 0
3 9 13 48 18 19 20 53 54 52 59 28 0
3 36 5 8 9 42 10 44 19 20 21 55 0
1 37 8 43 15 47 17 18 19 20 21 27 0
32 37 7 44 13 16 18 51 21 53 23 60 0
33 34 35 37 38 40 43 45 21 22 57 26 0
2 5 8 45 46 51 20 52 22 21 55 60 0
2 4 6 27 45 48 51 54 55 24 57 59 0
1 3 4 35 42 11 46 14 16 17 52 23 0
33 34 6 39 12 15 50 51 21 23 57 60 0
8 10 43 44 13 47 49 20 53 26 30 31 0
1 3 39 8 9 42 10 44 41 17 20 28 0
3 36 5 8 12 45 16 49 22 55 24 26 0
2 35 27 42 13 15 20 23 24 57 59 29 0
36 38 7 10 43 13 46 50 21 53 57 25 0
58 5 8 9 10 46 47 52 21 26 27 29 0
1 36 45 14 16 49 51 20 21 22 60 29 0
35 36 39 7 9 15 16 51 54 23 26 28 0
33 2 36 6 38 44 48 56 24 26 60 30 0
3 37 39 8 42 14 47 48 18 50 25 26 0
4 37 40 9 10 43 15 51 23 55 26 28 0
1 3 39 43 12 13 46 47 25 58 59 31 0
32 2 13 46 49 51 20 21 57 58 28 30 0
3 8 9 43 45 46 15 14 22 25 27 29 0
5 40 9 42 43 14 47 48 53 22 59 29 0
36 5 44 45 47 16 18 52 20 21 60 31 0
34 35 9 43 11 12 46 49 55 25 26 30 0
33 4 39 8 42 43 44 48 19 57 60 30 0
42 10 44 13 15 17 50 19 20 21 56 30 0
2 3 6 7 9 47 50 20 57 26 28 30 0
1 7 44 13 19 21 23 24 56 60 30 31 0
33 37 5 39 8 12 21 54 53 26 60 31 0
33 4 5 39 41 42 43 46 51 53 22 57 0
33 8 11 12 47 50 53 55 56 57 28 29 0
32 35 5 39 14 47 16 50 20 55 27 30 0
6 39 9 59 13 47 48 49 24 25 26 27 0
43 11 13 12 44 16 18 51 53 21 23 29 0
35 37 7 42 12 13 44 48 17 51 22 29 0
32 35 38 44 50 19 56 57 58 60 30 31 0
32 2 41 42 16 17 53 21 23 54 57 27 0
2 34 4 37 38 8 44 53 22 23 27 29 0
32 41 11 13 17 50 19 52 18 55 24 59 0
33 35 37 40 42 50 19 21 53 26 29 30 0
34 2 12 45 46 48 49 16 18 54 57 58 0
34 35 36 6 44 48 51 52 53 22 58 28 0
3 39 41 42 14 15 16 49 50 19 54 26 0
2 3 41 44 46 16 20 21 23 27 29 31 0
38 7 8 43 13 60 48 49 50 22 58 28 0
34 5 41 12 47 51 21 54 55 25 29 30 0
4 5 10 48 17 50 52 23 56 57 59 24 0
32 2 5 37 10 46 16 49 56 24 27 30 0
33 35 8 41 10 44 14 49 18 19 22 31 0
4 37 40 41 11 16 48 17 18 20 28 29 0
34 5 38 9 59 44 45 14 15 23 57 27 0
34 35 36 11 43 46 47 17 51 21 29 30 0
33 35 3 37 6 39 8 41 47 16 18 25 0
3 38 9 47 16 17 50 52 21 54 26 59 0
33 5 42 12 45 28 48 50 51 55 58 60 0
2 3 4 37 44 13 14 46 12 51 21 54 0
34 3 4 38 43 48 19 20 53 57 26 29 0
36 5 38 7 39 11 16 19 52 25 26 31 0
2 4 37 8 9 41 11 23 55 57 28 30 0
34 35 40 41 10 43 44 45 50 53 54 27 0
1 40 10 46 14 15 49 51 22 58 60 31 0
2 35 36 39 7 40 14 19 52 55 56 29 0
33 34 35 3 5 38 55 22 54 24 25 59 0
32 39 41 10 14 49 21 22 56 58 30 31 0
32 38 8 41 45 19 20 23 22 54 26 31 0
33 35 10 43 15 48 49 50 21 54 53 56 0
36 7 40 9 10 44 16 20 21 53 26 60 0
1 26 3 39 44 47 21 56 58 27 28 30 0
2 5 39 42 13 15 17 49 56 25 59 31 0
4 41 10 11 12 14 54 56 57 26 59 29 0
40 41 10 42 9 45 16 49 50 25 60 30 0
5 37 6 48 49 50 51 24 25 60 29 57 0
32 33 4 37 5 8 9 10 56 24 27 28 0
4 37 36 5 44 60 54 57 26 59 28 31 0
37 38 7 8 12 17 18 52 53 22 25 60 0
35 5 8 45 16 17 48 53 54 23 56 60 0
1 7 9 42 11 45 15 47 50 18 22 56 0
33 37 6 9 42 10 45 46 18 50 54 28 0
33 2 7 8 39 43 12 55 56 57 26 60 0
35 36 7 39 59 41 42 12 44 51 27 31 0
32 2 26 8 9 27 45 51 58 59 28 31 0
3 4 10 48 18 22 25 57 59 60 30 31 0
1 34 35 41 42 43 44 45 16 48 19 56 0
6 7 8 9 11 12 15 48 50 22 56 60 0
4 5 40 43 12 14 50 52 22 27 29 30 0
37 7 40 9 11 12 50 53 21 27 30 31 0
1 4 36 10 43 46 49 22 55 26 28 31 0
4 6 43 45 46 16 18 19 52 53 26 59 0
2 26 36 37 6 8 10 12 18 56 24 58 0
1 0
56 0
10 11 13 46 16 21 26 59 0
6 41 13 16 50 53 25 26 60 29 57 0
0
25 59 7 0
3 36 6 7 40 46 48 49 19 53 24 59 29 0
25 18 0
32 2 35 5 41 42 12 46 16 49 19 51 21 24 59 0
43 0
2 4 40 11 13 47 52 53 55 27 0
0
16 19 0
35 36 37 38 42 48 21 24 25 0
34 51 52 13 0
17 0
12 0
36 37 41 14 15 48 17 18 19 21 22 54 26 60 29 31 0
51 26 35 5 0
48 41 0
49 59 45 0
0
34 35 41 42 43 16 17 18 19 48 25 28 31 0
0
16 18 0
34 3 40 41 42 59 48 49 18 21 54 26 27 28 29 31 0
32 41 13 0
16 51 0
4 0
33 0
19 20 0
36 37 6 38 40 41 13 16 49 52 0
33 34 4 6 7 9 10 14 16 48 18 49 52 22 24 60 31 0
51 4 0
4 38 7 16 18 21 22 53 54 27 0
0
42 23 0
9 41 48 49 18 51 55 54 23 24 26 0
18 0
26 5 6 0
35 4 7 41 46 15 48 49 19 52 21 53 25 0
2 4 39 46 53 55 25 0
0
6 0
48 43 0
21 0
53 54 0
33 4 5 36 7 40 10 43 16 48 49 19 51 52 24 31 0
0
4 36 58 42 12 46 15 52 24 26 60 31 0
42 0
11 0
32 56 36 55 0
55 0
34 0
2 0
17 0
34 3 5 40 10 43 12 14 15 48 23 26 59 60 29 31 0
32 34 36 37 38 39 11 43 46 24 56 59 0
32 33 3 6 39 42 17 52 21 53 23 54 25 26 27 28 0
0
53 0
0
33 3 35 40 41 59 11 12 14 17 52 27 60 0
56 34 0
0
41 18 43 0
19 0
0
56 0
23 0
32 2 3 4 35 36 41 12 13 15 19 21 59 60 0
58 54 0
32 33 37 6 7 40 42 11 43 46 48 60 0
37 40 42 46 49 52 22 54 60 0
24 14 0
60 0
8 24 51 0
0
50 51 0
32 0
60 38 0
6 0
0
43 39 0
37 38 11 21 26 0
39 15 0
56 46 0
33 0
53 38 0
34 37 15 19 24 0
14 0
0
0
56 44 53 0
33 0
31 0
32 34 3 38 41 15 17 18 56 29 0
0
48 0
18 0
42 43 0
21 0
0
54 0
43 21 0
56 0
34 4 6 39 10 42 13 17 54 27 60 29 0
31 0
4 0
33 0
0
32 28 0
6 7 10 42 46 22 54 56 27 29 0
55 0
2 4 10 13 15 16 17 18 22 24 28 33 35 38 41 48 56 57 60 0
21 14 0
32 0
0
16 37 0
59 0
32 51 52 22 0
29 0
18 12 0
43 12 23 0
33 34 3 4 7 12 15 17 19 20 27 29 0
21 5 0
3 0
0
0
0
0
54 30 0
0
6 22 0
34 45 0
39 0
5 0
32 0
29 54 7 0
41 60 6 0
32 34 6 39 10 13 16 17 49 51 21 53 23 54 59 29 0
24 10 29 13 0
34 4 6 38 42 11 60 51 53 22 27 28 0
59 0
48 0
46 0
0
29 0
2 60 0
49 21 13 0
16 34 14 0
17 0
27 13 0
26 60 13 0
16 51 46 0
49 36 0
32 5 37 46 48 17 18 21 25 27 0
28 60 0
2 36 7 39 40 42 43 44 16 49 52 21 53 26 29 0
43 7 0
0
51 17 0
35 27 0
56 51 39 23 0
48 0
23 0
7 0
46 55 0
42 0
0
32 10 46 55 29 0
51 39 6 31 0
54 0
32 2 39 8 43 12 46 16 17 19 51 22 55 24 25 26 31 0
10 28 0
10 14 23 0
18 39 38 31 0
41 14 0
18 0
6 0
3 4 37 15 49 53 22 54 56 28 0
33 3 39 14 60 53 56 25 28 0
35 36 7 43 48 19 54 23 26 27 28 0
0
41 10 12 0
34 4 36 7 41 12 46 52 22 56 26 28 29 0
32 34 35 36 42 12 48 17 18 52 54 55 24 29 0
0
37 0
27 4 0
33 10 39 0
0
2 36 5 37 38 19 51 53 56 25 59 28 31 0
25 0
38 11 48 17 19 53 54 56 26 59 29 0
32 0
5 6 38 42 43 13 18 51 54 24 56 59 0
3 12 52 0
0
0
33 0
32 2 37 38 7 39 42 13 46 16 19 26 59 60 0
24 0
53 0
0
49 0
0
16 0
0
0
18 51 0
0
46 0
59 53 0
32 33 5 6 10 11 13 14 49 19 21 53 60 0
11 12 0
37 13 0
30 0
0
41 6 31 0
0
42 55 0
35 4 5 6 39 41 42 43 48 17 21 56 0
0
2 3 3 4 3 3 3 3 4 2 2 4 4 3 2 2 3 3 3 4 4 3 4 3 4 4 2 2 4 3 3 2 2 3 4 3 3 2 2 2 4 2 2 4 3 4 2 4 2 3 4 3 2 4 2 3 4 4 2 4
