120 80 32
1 3 5 6 8 9 12 13 19 20 21 27 0
2 10 12 14 15 16 21 22 24 25 26 28 0
4 5 6 7 10 11 13 15 18 21 22 24 0
2 3 4 13 15 17 20 21 25 28 30 31 0
2 3 4 7 11 15 16 18 20 23 24 30 0
32 3 4 8 10 13 15 20 21 22 24 31 0
32 2 3 4 8 14 15 19 24 25 27 29 0
4 6 14 15 17 19 21 22 23 27 28 31 0
32 3 4 7 8 9 12 16 19 21 23 26 0
4 5 7 8 9 13 14 25 26 28 30 31 0
32 3 5 12 13 16 17 19 25 26 29 31 0
1 4 6 9 13 14 16 17 19 20 21 24 0
1 3 4 7 10 11 13 15 25 26 29 31 0
1 4 5 9 10 15 16 24 26 28 29 30 0
2 4 9 10 11 12 14 16 18 21 23 27 0
1 6 12 14 16 19 21 24 25 26 28 31 0
1 3 4 5 17 18 19 20 21 22 24 31 0
3 5 7 10 11 15 17 18 19 25 28 31 0
1 5 9 10 11 12 14 16 18 21 25 27 0
32 2 3 7 14 18 19 22 24 28 29 30 0
32 2 3 8 14 15 19 20 22 27 30 31 0
1 8 10 14 15 17 19 20 21 23 26 28 0
32 5 7 10 11 12 13 18 22 23 25 28 0
4 5 8 10 15 16 17 19 20 21 26 29 0
1 3 5 8 12 13 16 19 25 26 28 31 0
32 13 14 15 18 19 21 23 24 28 30 31 0
32 9 10 11 12 13 16 18 21 23 24 29 0
32 2 8 10 11 12 16 21 22 23 29 30 0
32 2 6 9 11 13 16 18 22 27 30 31 0
1 3 4 10 13 18 19 24 26 28 29 31 0
3 4 5 6 11 15 17 20 21 23 29 30 0
3 4 5 8 9 17 21 23 25 26 28 30 0
1 10 12 16 20 21 22 24 25 26 27 30 0
1 2 4 6 15 20 22 23 24 26 28 31 0
3 4 7 9 14 16 18 19 20 25 27 30 0
32 4 6 7 8 9 15 25 26 27 29 31 0
5 6 9 14 17 18 20 21 22 26 27 30 0
1 4 7 9 12 15 21 24 26 28 29 31 0
32 4 5 8 13 15 16 18 26 27 29 30 0
1 6 9 14 18 24 25 27 28 29 30 31 0
32 3 4 6 9 17 18 20 22 26 28 29 0
2 5 6 11 13 16 19 20 23 25 29 31 0
6 7 8 9 13 17 19 20 23 24 27 28 0
1 5 6 7 8 10 14 17 21 23 28 29 0
2 3 4 6 13 16 18 19 22 23 25 29 0
4 13 14 15 18 19 22 25 27 28 30 31 0
3 8 10 11 13 14 15 16 18 20 22 31 0
3 5 6 14 15 16 17 18 19 24 25 27 0
1 3 5 6 8 14 16 18 20 21 24 29 0
4 6 8 13 18 20 22 23 25 26 28 30 0
32 4 6 11 12 13 14 16 19 20 21 29 0
2 3 4 10 12 16 18 20 22 24 28 30 0
3 4 5 7 11 15 17 19 21 23 25 31 0
1 6 9 11 13 14 15 16 17 20 24 29 0
5 6 7 8 11 14 16 17 19 23 25 30 0
3 7 10 11 12 13 16 18 19 20 22 24 0
32 3 4 6 8 13 15 17 18 23 28 29 0
1 3 8 9 13 14 19 21 24 29 30 31 0
1 2 4 6 9 10 14 15 17 20 29 30 0
2 5 7 8 12 14 18 21 22 28 30 31 0
32 7 8 14 16 17 18 20 26 27 29 31 0
2 4 7 9 10 12 14 15 19 21 24 31 0
2 7 8 11 18 19 22 23 24 25 28 29 0
32 3 10 13 14 17 19 22 24 26 28 29 0
32 4 5 9 11 12 13 18 19 24 26 31 0
2 3 5 7 8 9 10 12 18 21 27 30 0
6 9 15 16 18 19 20 21 22 23 25 27 0
1 8 9 11 12 13 16 17 18 19 20 25 0
2 5 9 11 13 18 19 20 21 22 23 25 0
32 2 5 7 8 17 19 21 24 27 28 30 0
2 5 7 9 10 12 19 22 23 27 28 31 0
4 7 9 12 14 15 18 22 23 28 29 30 0
1 6 7 12 15 18 19 24 27 28 30 31 0
32 3 5 8 9 13 15 16 18 25 28 29 0
3 8 9 10 11 12 13 15 18 19 26 28 0
32 3 6 15 16 20 21 24 25 27 28 30 0
2 3 5 7 10 12 13 17 18 22 23 30 0
1 6 9 10 14 19 20 23 24 28 29 30 0
2 3 4 8 10 12 22 25 27 28 29 31 0
6 7 8 9 11 12 16 18 19 23 27 31 0
1 0
21 6 22 0
0
0
0
25 5 0
0
5 15 21 25 27 28 0
2 3 5 8 11 14 21 24 29 0
9 4 14 30 0
25 10 19 23 0
15 0
32 0
0
0
7 8 13 16 23 0
25 26 12 22 0
32 6 7 8 14 18 0
11 28 6 0
4 0
0
0
5 15 0
3 0
0
22 0
9 11 17 18 21 0
0
25 0
0
16 32 12 0
0
0
0
29 0
26 0
32 5 6 7 9 10 11 12 15 20 27 29 0
16 12 0
0
0
10 31 0
29 0
21 0
0
0
0
17 27 21 0
0
0
0
0
0
14 7 0
2 3 13 14 17 18 21 28 0
0
0
0
26 0
0
28 15 0
26 0
0
3 11 15 25 26 27 31 0
32 3 7 22 25 29 0
32 5 8 9 16 17 18 25 27 29 0
0
30 0
0
23 0
18 0
32 12 26 28 29 0
19 0
0
18 0
0
0
8 10 17 22 25 26 27 29 0
0
14 0
10 0
0
2 5 7 8 15 16 26 29 0
20 0
32 10 23 25 31 0
20 22 0
25 3 0
0
0
6 0
0
0
16 20 21 23 0
0
0
16 0
2 22 0
2 5 10 14 17 31 0
15 0
2 6 11 18 22 26 29 0
8 9 10 17 20 24 0
6 9 12 15 16 20 25 27 28 0
20 0
9 11 0
0
8 0
6 0
0
3 31 21 15 0
2 18 20 0
16 0
2 5 8 11 18 20 27 28 31 0
0
18 21 23 0
6 31 0
32 5 6 7 9 28 29 0
6 0
22 31 0
12 0
26 7 0
5 8 15 16 20 21 22 28 29 31 0
2 3 2 3 4 4 3 3 3 2 3 2 3 4 4 2 3 4 2 2 2 3 4 4 4 4 3 4 3 2 3 2
