200
1 28 45 18
1 33 41 10
1 50 1 12
2 15 19 21
2 28 38 18
2 31 56 11
3 24 9 14
3 29 1 10
3 40 44 3
4 14 13 18
4 46 43 19
4 50 2 7
5 1 19 1
5 2 13 10
5 38 55 20
6 7 58 17
6 18 32 28
6 40 15 3
6 45 35 13
7 6 46 20
7 8 33 16
7 22 37 26
8 2 9 10
8 49 26 21
9 8 27 16
9 17 19 4
9 28 13 30
9 46 37 19
10 12 13 20
10 35 10 26
11 5 19 23
11 24 31 14
11 25 14 8
11 50 39 7
12 31 14 11
12 38 52 20
12 39 38 13
12 40 8 20
12 44 17 8
13 31 28 11
13 45 7 13
13 50 51 7
14 3 40 9
14 4 9 15
14 14 26 18
15 15 8 21
15 16 49 6
15 44 28 29
16 30 27 25
16 41 21 22
17 4 22 15
18 14 49 18
18 24 57 14
19 2 37 10
20 1 38 24
20 5 43 23
20 28 49 17
20 50 9 12
21 3 1 9
21 6 32 20
21 34 13 15
21 44 22 8
22 7 44 17
22 42 3 9
22 45 1 13
22 50 33 12
23 34 55 15
24 22 57 26
24 50 38 12
25 9 26 10
25 18 4 3
25 22 19 26
25 37 14 21
25 49 55 21
26 14 7 6
26 29 1 6
26 46 57 19
27 10 31 15
27 17 13 4
27 18 49 28
27 29 3 22
28 14 9 18
28 38 1 3
29 28 2 18
29 44 46 29
30 6 49 20
30 37 44 21
31 25 17 2
32 17 32 4
32 30 51 16
32 35 14 26
32 50 7 7
33 3 49 1
33 24 21 14
34 4 19 25
34 25 51 19
34 41 57 22
35 5 34 23
35 35 40 26
36 37 15 1
36 46 25 19
37 3 27 1
37 5 39 23
38 14 21 18
38 26 55 3
38 34 13 13
38 39 32 25
39 1 22 24
39 2 43 10
39 25 13 2
39 40 50 3
40 10 19 7
40 24 13 14
40 31 45 11
40 43 26 24
41 17 9 4
41 46 15 19
42 7 55 17
42 14 34 18
42 22 43 26
42 31 3 11
43 18 25 28
43 34 3 15
43 48 29 14
44 9 32 10
44 32 15 12
45 16 55 27
45 30 1 16
45 31 31 11
46 5 8 23
47 16 13 6
47 32 25 12
48 14 58 18
48 24 1 14
48 34 50 15
49 10 28 7
49 30 13 16
49 46 2 19
49 50 51 12
50 32 20 12
50 42 44 9
51 16 50 27
51 33 21 28
52 1 1 1
52 18 33 3
52 30 3 16
52 32 7 5
53 8 25 5
53 9 49 10
54 33 44 29
54 42 56 9
55 7 19 17
55 22 37 29
55 35 4 26
55 39 9 13
56 4 20 19
56 25 40 29
57 5 3 23
57 6 40 20
57 31 49 11
57 35 26 26
57 41 33 22
58 25 32 2
58 29 27 6
58 37 39 21
58 40 19 20
58 41 43 22
59 3 21 9
59 28 27 30
59 48 40 24
60 10 25 7
60 35 1 26
60 50 13 23
61 5 57 23
61 17 38 4
61 22 7 26
61 33 15 29
62 18 28 3
62 39 49 13
63 9 59 10
63 10 33 7
63 15 50 21
64 45 25 13
65 17 45 4
65 22 49 26
65 45 52 13
65 46 32 19
66 18 9 28
66 32 45 5
67 1 56 1
67 32 45 12
68 8 37 16
68 15 28 21
69 2 21 10
69 15 58 21
69 39 3 13
69 49 33 21
70 17 57 4
70 40 26 20
70 50 49 23
Điểm tối ưu/tốt nhất tìm được: 200
Thời gian: 45.002370 giây
Trạng thái: VALID
