148
1 2 7 2
1 8 17 9
1 16 19 10
1 19 51 1
2 4 15 2
2 11 9 10
2 17 28 4
3 1 31 5
3 6 44 3
3 13 13 9
4 10 50 6
4 11 7 7
4 12 55 2
5 3 5 7
5 12 31 2
5 16 50 10
6 3 53 7
6 8 31 9
6 14 28 8
6 16 7 9
7 1 50 5
7 6 19 8
7 12 37 2
7 13 25 3
8 9 22 6
8 13 15 3
8 16 44 5
9 1 10 1
9 4 39 2
9 18 15 4
10 8 11 9
10 9 1 4
10 16 33 10
11 1 7 1
11 9 51 4
11 13 31 1
12 4 27 2
12 7 17 6
12 16 20 9
12 17 46 4
12 18 33 7
13 8 49 9
13 11 1 3
14 2 33 2
14 6 22 8
14 14 2 8
14 16 8 5
14 20 31 10
15 4 1 2
16 6 55 8
16 9 35 4
16 12 53 2
18 3 37 7
18 14 10 8
18 16 51 9
19 2 21 2
19 8 46 9
19 10 37 6
19 20 7 10
20 12 47 2
20 13 32 3
21 1 25 5
21 6 34 8
21 13 56 1
21 17 40 4
22 10 5 6
22 14 7 8
22 20 34 5
23 3 58 7
23 16 26 10
23 19 13 1
24 7 39 6
24 11 15 7
24 13 21 3
24 18 31 4
25 9 49 4
26 13 3 9
26 17 25 4
27 6 55 5
27 12 49 2
27 14 44 8
28 6 39 3
29 1 25 1
29 8 29 9
30 3 11 7
31 6 55 3
31 9 3 4
31 12 19 2
31 19 37 1
32 1 28 1
32 11 3 10
32 16 13 10
32 18 7 4
32 20 1 10
33 6 50 3
33 8 1 9
33 13 9 3
34 6 40 5
35 6 58 5
35 14 39 8
36 1 2 5
36 8 35 9
37 9 21 4
37 11 1 7
37 17 31 8
38 6 49 8
38 9 34 6
38 12 11 2
38 14 13 8
39 7 8 6
39 9 15 6
39 12 5 2
39 19 21 1
40 2 43 2
40 14 16 8
40 16 55 10
41 2 57 2
41 7 2 6
41 16 21 5
41 19 45 1
41 20 41 10
42 3 47 7
42 14 52 8
42 17 58 8
43 11 43 10
43 18 19 7
44 1 28 5
44 8 44 9
45 8 27 9
45 12 25 2
45 18 39 7
46 16 38 9
46 19 2 1
47 6 37 5
47 9 43 4
47 14 25 8
47 16 13 5
47 18 49 7
48 7 10 6
48 11 37 10
48 17 55 4
48 20 17 10
49 3 31 7
49 9 19 6
49 12 13 2
49 16 56 9
50 3 56 7
50 12 51 2
Điểm tối ưu/tốt nhất tìm được: 148
Thời gian: 20.002777 giây
Trạng thái: VALID
