318
1 4 23 12
1 17 39 34
1 55 2 40
2 9 7 33
2 14 13 7
2 21 59 24
3 9 1 33
3 21 49 24
4 2 38 25
4 4 13 12
4 52 19 40
4 58 31 38
5 24 2 18
5 43 55 6
5 56 31 4
6 24 57 26
6 29 25 36
6 47 3 13
6 55 8 40
7 9 21 33
7 15 5 15
7 25 32 9
7 31 53 1
8 42 26 12
9 42 15 12
9 50 19 9
9 56 8 4
10 5 53 32
10 12 56 2
10 39 37 4
11 24 25 26
11 38 55 33
11 53 14 14
11 60 38 2
12 8 39 6
12 34 56 19
13 42 26 35
14 14 27 7
14 30 49 11
14 32 32 24
15 12 27 2
15 37 55 28
15 44 20 28
15 46 10 23
16 8 16 6
16 24 58 18
17 29 19 36
17 57 14 22
17 60 33 2
18 30 21 11
18 38 45 33
18 50 26 9
19 11 28 34
19 29 34 36
19 34 2 19
19 54 10 39
20 9 13 11
20 40 20 3
21 11 58 34
21 34 21 19
21 44 26 28
21 54 3 39
21 58 44 38
22 6 33 37
22 57 44 9
22 58 1 14
23 47 29 13
23 54 40 39
23 56 13 4
24 13 31 20
24 29 10 36
24 30 26 29
24 59 33 34
25 3 32 5
25 4 35 12
25 22 8 3
25 41 50 21
25 49 1 5
26 28 26 6
26 36 45 7
26 43 20 37
27 8 10 6
28 17 39 23
28 33 2 35
28 39 23 4
28 54 25 39
29 29 22 36
29 43 49 6
29 54 4 32
29 60 47 2
30 6 2 37
30 21 39 24
30 34 49 19
30 48 21 15
30 52 14 40
31 12 5 2
31 25 13 9
31 36 39 7
31 39 58 4
32 10 1 13
32 50 39 9
33 16 50 27
33 51 13 16
34 1 7 8
34 41 10 17
35 3 7 39
35 28 59 6
35 52 51 36
35 57 9 9
36 30 19 18
36 36 51 7
36 39 46 11
36 44 14 28
37 32 49 36
37 58 1 38
38 16 3 27
38 28 47 6
38 43 39 37
39 25 56 9
39 45 9 26
39 47 32 13
39 49 27 5
40 2 9 25
40 35 39 33
40 48 35 27
40 49 44 5
40 59 27 30
41 6 11 37
41 14 20 7
41 31 58 1
41 59 5 10
42 9 3 11
42 54 14 39
43 2 55 25
43 27 22 16
43 59 26 34
44 1 14 31
44 16 55 27
44 17 50 23
44 41 7 17
44 51 31 16
45 18 9 35
45 28 53 6
45 46 31 23
46 16 14 27
46 27 58 16
46 28 1 6
46 38 39 19
46 51 7 16
47 6 8 37
47 18 13 2
47 44 2 28
47 60 49 2
48 8 32 6
48 14 19 12
49 17 13 23
49 33 39 22
49 56 25 4
49 58 43 14
50 17 45 23
50 24 49 26
50 60 53 2
51 2 16 25
51 11 43 13
51 30 32 11
51 45 20 21
51 56 2 4
52 16 7 27
52 22 49 3
53 8 37 13
53 58 9 14
54 4 4 12
54 33 44 22
54 47 25 13
54 56 19 4
54 57 23 9
55 28 35 6
55 29 28 36
55 32 57 36
55 46 37 23
56 6 44 37
56 32 1 36
56 44 33 28
56 56 39 4
56 60 31 2
57 34 33 19
57 41 16 21
57 43 3 6
57 52 55 40
57 58 27 38
58 12 29 2
58 27 25 16
58 33 20 22
58 47 14 13
58 58 39 38
59 31 33 1
59 42 43 28
59 54 39 32
59 56 19 38
60 3 23 24
60 32 3 24
60 33 34 22
60 60 45 2
61 39 22 5
61 58 9 38
62 5 7 32
62 13 41 31
62 21 10 24
62 54 22 32
63 1 22 8
63 21 29 26
63 30 25 14
64 12 20 2
64 27 28 16
64 41 2 17
65 21 40 26
65 52 33 40
66 17 21 23
66 57 49 22
66 60 1 2
67 34 45 19
68 8 10 13
68 27 2 16
68 32 40 36
68 44 58 28
69 13 21 31
70 24 15 26
70 56 55 38
71 3 28 39
71 11 8 34
71 18 15 35
71 24 22 26
71 45 45 26
72 30 26 11
72 39 35 4
72 42 7 28
73 37 51 28
73 55 5 40
74 15 7 22
74 35 51 33
74 36 56 7
75 28 13 6
75 34 26 19
76 13 35 30
76 59 2 30
77 33 10 22
77 35 27 23
77 44 40 28
78 6 59 37
78 27 38 16
79 17 33 23
79 28 37 21
80 41 43 17
80 42 49 12
81 8 7 6
81 13 5 20
81 17 55 23
81 56 45 4
82 1 2 31
82 21 31 26
82 45 33 26
83 30 39 29
83 33 16 3
83 46 5 23
84 9 13 33
84 15 32 22
84 40 43 3
84 60 11 2
85 15 28 15
85 47 59 13
86 4 37 12
86 11 4 34
86 52 20 35
86 54 50 39
87 5 58 32
87 17 1 23
87 38 9 20
87 59 15 34
88 2 44 25
88 43 19 6
89 16 19 27
89 32 5 36
89 59 3 10
90 21 37 26
90 39 49 4
91 15 2 22
91 36 33 7
91 58 49 38
92 25 15 24
92 34 7 19
93 1 32 8
93 13 41 25
93 31 29 1
93 42 9 12
94 8 20 13
94 46 25 23
94 56 13 38
95 12 40 2
95 25 1 9
95 30 56 11
96 9 31 33
96 29 13 36
96 45 9 8
96 54 58 39
97 30 37 11
97 60 8 2
98 17 45 34
98 36 3 7
98 39 17 4
98 56 51 4
99 14 7 7
99 40 26 3
99 42 2 26
99 47 23 13
100 9 9 11
100 25 52 9
100 43 43 6
100 57 5 22
Điểm tối ưu/tốt nhất tìm được: 318
Thời gian: 45.005555 giây
Trạng thái: VALID
