169
1 4 40 4
1 17 3 20
1 19 13 1
1 27 33 19
1 29 51 6
2 8 56 20
2 19 52 20
2 22 27 16
2 28 32 15
3 6 13 9
3 27 57 19
4 1 1 3
4 2 22 10
4 3 33 11
4 10 11 9
5 8 25 4
5 21 10 8
6 4 49 17
6 7 58 2
6 21 21 8
6 29 53 6
7 18 52 14
7 21 7 8
7 22 20 16
7 30 45 5
8 1 51 3
8 9 14 18
8 11 43 17
8 20 38 4
8 28 21 15
9 4 47 17
9 9 39 18
9 16 14 10
10 1 19 3
10 2 40 10
10 3 32 1
10 28 15 15
11 1 46 10
11 4 7 20
12 6 51 2
12 11 55 17
12 18 10 11
12 22 44 16
13 10 5 9
13 11 19 6
13 18 57 14
13 21 45 8
14 2 10 10
14 4 31 17
14 20 53 4
14 24 27 18
14 26 8 14
15 11 58 17
15 28 37 15
15 30 1 5
16 2 3 10
16 8 43 20
16 9 31 18
16 26 41 15
16 29 8 6
17 2 51 10
17 4 3 17
17 20 13 4
18 6 25 2
18 11 19 17
18 21 1 8
18 22 7 16
18 29 11 6
19 4 41 17
19 17 8 3
19 18 52 11
20 7 27 15
20 11 13 17
20 22 33 16
20 28 2 15
21 1 4 3
21 4 46 9
21 6 7 9
21 17 21 20
21 27 27 19
22 4 53 17
22 8 1 4
22 22 55 16
22 25 43 13
22 26 49 14
23 4 16 17
23 16 19 10
23 17 33 20
23 27 43 19
23 30 9 5
24 14 3 6
24 25 15 12
24 28 49 15
25 3 1 1
25 20 47 4
25 28 57 15
26 3 8 1
26 6 39 9
26 11 33 17
26 12 4 8
27 2 37 10
27 4 26 17
27 14 1 7
27 22 50 16
28 17 14 20
28 21 3 2
29 10 55 9
29 24 51 18
30 19 51 1
30 24 2 18
30 25 27 12
30 27 19 19
31 11 28 17
31 21 37 2
32 2 56 10
32 11 10 17
32 22 37 16
33 9 46 18
33 14 52 7
34 17 57 3
34 22 13 16
34 24 19 18
34 28 9 15
35 3 57 7
35 11 38 17
35 30 15 5
36 9 7 18
36 10 33 9
37 5 50 5
37 10 43 9
37 15 3 16
37 29 1 6
38 2 7 10
38 9 55 18
38 18 2 11
38 25 49 13
38 27 13 19
39 16 32 10
39 19 46 1
39 21 13 3
40 2 43 10
40 9 10 18
40 10 25 9
40 29 23 6
41 25 56 12
42 1 33 3
42 26 23 14
43 5 19 5
43 10 37 9
43 27 49 19
44 5 26 5
44 6 45 2
44 18 56 11
44 25 38 13
44 30 33 5
45 23 4 13
45 27 9 19
46 6 21 2
46 10 31 9
46 26 13 14
47 7 10 2
47 28 43 15
47 30 39 5
48 1 27 3
48 18 3 14
49 8 9 20
49 23 32 13
50 6 13 2
50 16 26 10
Điểm tối ưu/tốt nhất tìm được: 169
Thời gian: 20.003177 giây
Trạng thái: VALID
