167
1 10 26 18
1 26 38 2
2 10 8 10
2 17 20 15
2 37 55 26
2 41 39 7
2 46 32 24
3 38 13 10
3 42 10 23
4 4 58 18
5 12 21 18
5 14 3 23
5 19 43 12
5 47 52 23
6 29 31 28
6 35 5 17
7 14 2 22
7 21 28 21
8 9 39 11
8 28 46 21
8 38 31 10
9 20 44 14
9 25 9 9
10 9 19 9
10 34 9 8
10 49 1 25
11 44 19 7
12 24 31 13
12 25 57 9
12 46 49 20
12 49 44 25
13 16 51 4
13 24 14 13
13 37 3 26
14 2 55 6
14 4 40 18
14 19 9 12
14 24 2 13
15 16 53 10
15 22 27 29
15 32 55 24
15 45 15 24
16 4 16 18
16 17 9 15
16 24 37 13
16 32 1 9
17 14 31 23
18 2 3 6
18 25 14 9
18 28 44 27
18 32 37 9
18 41 33 7
19 10 20 10
20 20 9 14
20 26 27 16
20 39 41 30
20 42 13 23
21 21 15 21
21 25 1 16
21 36 10 4
21 45 19 24
22 41 1 7
23 41 50 7
23 50 2 12
24 1 56 12
24 47 52 22
25 14 1 23
25 36 58 3
26 14 41 23
27 17 2 15
27 46 39 24
28 6 31 30
28 16 27 5
28 25 19 16
29 9 2 11
29 42 32 1
30 10 3 18
30 11 51 27
30 15 25 15
30 26 27 2
31 37 58 26
31 46 9 20
32 1 15 12
33 1 50 16
33 6 38 1
34 10 50 18
34 21 1 21
34 39 39 30
34 49 13 25
35 12 57 13
35 15 40 15
35 23 32 6
35 33 29 4
36 9 33 11
36 15 17 15
36 47 15 22
37 23 13 6
37 37 39 26
37 47 26 23
38 4 46 18
38 22 39 29
38 34 22 19
38 48 25 3
39 20 20 14
39 35 4 20
39 37 44 28
39 47 34 23
40 14 56 23
40 17 43 15
40 50 51 26
41 11 20 13
41 19 45 12
41 39 13 11
41 40 51 1
42 7 38 25
42 44 57 7
43 26 50 2
43 34 4 19
44 13 57 5
44 17 50 15
45 1 25 12
45 19 23 12
45 29 3 28
45 32 44 9
46 14 43 23
46 25 26 9
47 16 15 4
47 22 33 29
48 11 25 13
48 21 17 19
48 40 51 29
50 16 39 10
50 20 56 14
50 22 8 29
50 42 29 1
50 50 13 26
51 9 15 11
51 39 28 15
52 37 15 28
52 50 32 26
53 11 44 13
53 20 25 14
54 27 1 29
54 34 28 19
54 37 21 26
55 40 13 1
56 2 45 6
56 12 50 13
56 49 21 25
57 9 26 11
57 26 31 16
57 28 16 27
57 44 9 25
57 49 51 25
58 2 39 6
58 9 7 11
58 28 22 27
58 29 19 28
58 38 50 17
59 11 7 27
59 17 56 15
59 49 31 25
60 13 4 5
60 24 9 13
60 27 13 29
60 38 21 17
60 49 27 25
Điểm tối ưu/tốt nhất tìm được: 167
Thời gian: 44.969945 giây
Trạng thái: VALID
