1415
1 1 56 27
1 5 1 23
1 7 34 82
1 8 44 34
1 10 14 68
1 11 29 139
1 12 5 106
1 17 25 86
1 18 37 130
1 23 50 32
1 28 7 111
1 30 41 85
1 32 46 39
1 37 20 77
2 4 7 55
2 5 21 23
2 10 28 68
2 11 59 145
2 15 10 107
2 16 5 54
2 17 31 79
2 21 19 88
2 27 35 98
2 28 16 134
2 30 47 93
2 31 1 70
2 32 13 39
2 36 25 72
2 39 43 75
3 1 55 106
3 6 25 95
3 7 16 82
3 8 11 44
3 11 5 139
3 12 29 46
3 13 34 56
3 14 22 36
3 17 49 86
3 21 31 40
3 22 19 138
3 24 37 100
3 26 1 104
3 33 43 140
3 38 7 74
4 3 43 132
4 4 14 15
4 5 20 12
4 6 25 30
4 10 31 71
4 11 11 58
4 18 1 123
4 20 9 84
4 24 33 100
4 26 49 104
4 28 4 111
4 31 56 102
4 35 16 80
4 39 27 52
5 6 10 30
5 13 43 66
5 14 7 16
5 16 17 54
5 17 20 79
5 18 55 123
5 19 1 78
5 21 46 40
5 24 37 3
5 25 4 25
5 27 27 98
5 31 13 102
5 33 34 121
5 37 52 77
6 5 37 23
6 8 29 34
6 9 34 46
6 10 7 68
6 15 10 2
6 19 19 126
6 20 45 116
6 24 49 145
6 25 13 92
6 26 25 125
6 27 41 102
6 34 21 69
6 37 31 83
6 38 1 127
6 39 55 52
7 3 40 132
7 8 15 34
7 11 47 139
7 16 31 9
7 21 13 88
7 24 25 135
7 25 49 92
7 27 5 98
7 28 10 48
7 30 53 85
7 31 19 102
7 36 34 13
7 39 55 5
7 40 3 28
8 4 35 15
8 5 31 23
8 6 29 30
8 11 7 103
8 13 19 66
8 16 15 54
8 18 40 130
8 19 9 133
8 23 56 149
8 24 25 139
8 25 1 60
8 26 43 99
8 32 52 39
8 36 37 72
9 1 19 106
9 6 49 16
9 11 25 145
9 13 13 66
9 14 16 16
9 16 23 9
9 19 29 133
9 20 45 84
9 21 37 88
9 22 27 128
9 25 4 92
9 26 9 125
9 32 1 8
9 35 34 136
9 40 7 5
10 2 7 41
10 11 11 139
10 14 43 62
10 21 3 29
10 22 21 138
10 25 16 92
10 27 23 41
10 31 49 70
10 33 28 140
10 34 1 69
10 35 13 136
10 38 32 74
10 40 19 28
11 1 37 106
11 4 13 55
11 7 7 17
11 11 31 145
11 12 53 26
11 13 20 56
11 19 15 133
11 22 41 138
11 23 49 91
11 25 1 92
11 29 46 89
11 32 43 39
11 33 28 121
11 34 17 69
12 12 45 26
12 14 1 36
12 17 55 79
12 19 23 78
12 20 27 116
12 22 17 128
12 24 37 145
12 25 7 25
12 28 20 134
12 30 15 93
12 31 31 37
12 32 4 57
12 34 11 69
12 36 49 13
12 40 13 5
13 2 19 41
13 4 10 55
13 6 15 30
13 10 23 71
13 20 4 84
13 22 1 128
13 24 25 100
13 25 37 25
13 26 43 125
13 33 58 121
13 36 40 72
13 39 31 5
13 40 7 115
14 5 19 109
14 6 23 30
14 7 7 82
14 8 5 44
14 15 25 2
14 16 28 9
14 17 39 79
14 22 37 138
14 30 17 93
14 31 1 102
14 33 31 121
14 36 52 72
14 38 13 74
14 40 10 5
15 11 19 145
15 16 13 54
15 17 56 33
15 18 51 130
15 19 43 78
15 23 25 91
15 26 31 99
15 28 37 134
15 29 4 89
15 32 40 8
15 33 7 140
15 36 16 143
15 39 21 75
16 7 4 17
16 8 25 44
16 12 53 106
16 13 1 56
16 16 39 9
16 17 7 33
16 19 17 133
16 20 19 116
16 21 31 88
16 25 22 92
16 26 57 104
16 27 29 98
16 33 13 140
16 34 45 69
17 6 27 30
17 9 16 96
17 11 59 139
17 16 21 9
17 20 25 116
17 25 4 60
17 29 10 89
17 30 31 85
17 33 13 121
17 36 7 72
17 38 49 76
17 39 33 75
17 40 19 5
18 2 43 130
18 7 19 82
18 9 49 96
18 10 3 71
18 19 40 78
18 23 13 149
18 27 57 98
18 29 37 89
18 30 25 85
18 32 8 8
18 33 22 121
18 35 34 147
18 39 27 117
18 40 1 5
19 6 5 30
19 8 15 44
19 10 13 71
19 11 17 139
19 13 28 66
19 15 34 107
19 21 10 40
19 22 47 138
19 23 1 91
19 27 49 98
19 28 7 134
19 36 31 143
19 37 44 77
19 38 39 127
20 3 21 132
20 4 5 55
20 6 17 30
20 9 52 96
20 11 1 145
20 12 31 26
20 13 25 56
20 14 14 62
20 19 11 126
20 20 3 116
20 24 55 56
20 28 28 48
20 31 7 70
20 37 33 77
21 4 27 15
21 6 22 95
21 8 40 34
21 11 29 145
21 17 2 33
21 20 35 116
21 21 14 40
21 23 7 3
21 24 49 56
21 27 32 98
21 28 19 111
21 30 16 85
21 34 11 144
21 37 37 83
21 38 55 74
22 3 19 132
22 6 29 95
22 8 27 44
22 10 1 68
22 12 25 148
22 15 58 107
22 16 35 9
22 18 10 123
22 20 17 116
22 24 3 145
22 27 7 98
22 31 13 70
22 33 31 140
22 39 21 112
23 7 13 82
23 9 50 46
23 11 31 103
23 12 7 148
23 13 4 56
23 16 16 9
23 18 58 123
23 21 28 29
23 22 23 138
23 25 1 25
23 28 25 48
23 30 39 85
23 31 19 37
23 37 10 77
23 39 43 117
24 3 15 132
24 6 35 30
24 7 55 17
24 8 17 44
24 9 1 96
24 11 23 103
24 13 43 56
24 15 40 107
24 18 4 130
24 23 31 149
24 26 7 99
24 27 38 98
24 30 13 93
24 35 58 136
24 39 19 117
25 3 9 132
25 4 29 15
25 5 25 109
25 8 2 44
25 9 58 46
25 11 16 103
25 12 20 26
25 15 55 107
25 19 45 78
25 21 4 88
25 26 32 104
25 27 22 98
25 30 7 93
25 36 13 13
25 40 37 127
26 1 43 106
26 5 13 12
26 8 37 34
26 9 1 46
26 17 56 42
26 18 7 130
26 19 28 78
26 22 39 138
26 23 32 91
26 26 20 104
26 29 25 89
26 30 11 85
26 34 5 69
26 36 49 72
26 40 17 115
27 3 33 132
27 4 23 81
27 5 13 109
27 7 19 17
27 8 31 44
27 14 1 62
27 17 9 79
27 18 28 130
27 20 7 84
27 27 17 98
27 31 43 70
27 32 4 39
27 33 37 121
27 37 40 77
27 39 49 5
28 4 4 15
28 5 43 23
28 7 1 93
28 10 11 68
28 11 23 139
28 12 13 26
28 15 31 2
28 18 34 130
28 21 26 88
28 22 55 138
28 25 7 60
28 32 52 8
28 36 28 143
28 37 15 83
28 38 19 74
29 5 1 109
29 7 52 82
29 10 28 71
29 12 23 26
29 14 25 62
29 18 40 123
29 20 32 116
29 25 10 92
29 32 20 39
29 36 49 143
29 39 43 95
29 40 14 28
30 4 19 55
30 6 10 95
30 8 1 34
30 13 7 66
30 17 37 2
30 18 52 123
30 22 13 138
30 24 21 145
30 28 4 141
30 29 31 19
30 33 44 121
30 34 50 144
30 37 34 47
30 39 55 117
31 3 45 132
31 7 10 93
31 10 29 131
31 14 22 62
31 16 19 9
31 19 31 78
31 24 49 100
31 26 55 12
31 27 5 102
31 33 7 121
31 35 15 147
31 37 26 77
31 38 1 74
31 39 37 52
31 40 13 115
32 7 1 82
32 9 13 46
32 10 22 68
32 11 7 145
32 12 40 26
32 13 4 66
32 30 46 85
32 31 25 93
32 32 37 39
32 34 19 69
32 35 16 136
32 36 10 13
33 4 17 55
33 5 1 12
33 8 13 34
33 9 46 96
33 10 25 131
33 14 9 62
33 15 37 107
33 20 15 116
33 30 33 85
33 31 49 102
33 32 22 57
33 33 19 121
33 34 7 69
33 36 43 72
34 1 7 27
34 5 13 23
34 8 46 34
34 11 49 103
34 12 34 26
34 14 31 36
34 15 43 107
34 17 38 42
34 19 51 126
34 20 11 84
34 26 55 99
34 33 20 47
34 37 4 77
34 38 26 127
35 4 3 81
35 7 49 17
35 8 31 34
35 9 28 96
35 14 55 16
35 16 1 54
35 19 5 133
35 22 7 138
35 23 43 3
35 26 37 24
35 27 9 98
35 28 13 141
35 33 20 140
35 37 58 83
36 12 58 26
36 15 28 2
36 20 13 84
36 21 53 29
36 28 19 141
36 29 10 19
36 30 35 85
36 33 55 121
36 34 33 69
36 35 37 147
36 38 44 76
36 39 1 117
36 40 16 28
37 6 15 95
37 14 4 62
37 15 25 107
37 17 45 42
37 20 43 116
37 21 35 88
37 23 7 32
37 29 21 19
37 31 55 37
37 34 13 144
37 36 28 72
37 37 37 77
37 39 31 112
37 40 1 28
38 1 1 27
38 4 37 55
38 6 5 95
38 8 58 34
38 11 13 58
38 13 34 66
38 14 16 36
38 16 7 9
38 21 52 40
38 22 26 138
38 25 19 25
38 26 39 99
38 35 28 136
38 36 10 143
38 40 22 5
39 4 43 55
39 10 9 71
39 11 2 139
39 12 28 26
39 20 21 84
39 24 37 139
39 25 31 25
39 30 7 85
39 31 56 93
39 33 25 121
39 34 52 69
39 35 4 80
40 6 13 95
40 9 26 46
40 12 15 148
40 14 1 16
40 15 51 107
40 19 29 126
40 20 23 116
40 24 19 100
40 28 10 134
40 30 49 85
40 34 40 69
40 35 4 147
40 39 43 112
40 40 7 28
41 1 38 27
41 3 23 132
41 4 1 55
41 6 13 30
41 7 10 17
41 8 25 34
41 14 52 62
41 15 7 107
41 17 19 86
41 23 43 32
41 29 49 19
41 30 27 85
41 33 4 47
41 38 56 76
41 39 15 52
42 5 39 109
42 7 52 17
42 9 10 46
42 20 37 116
42 27 17 102
42 28 31 141
42 30 14 85
42 34 49 69
42 35 7 136
42 36 4 72
42 37 34 83
42 38 19 127
42 39 43 52
43 2 25 41
43 3 31 132
43 8 22 44
43 9 19 96
43 10 5 71
43 12 13 148
43 14 10 16
43 17 37 86
43 19 47 133
43 21 15 29
43 24 33 139
43 31 43 37
43 32 7 39
43 35 49 147
43 36 2 13
44 4 15 55
44 5 43 109
44 6 5 16
44 7 28 17
44 16 7 54
44 17 55 3
44 18 31 123
44 24 19 139
44 30 9 85
44 31 37 93
44 34 3 69
44 36 25 143
44 39 49 112
44 40 35 127
45 1 19 27
45 4 8 15
45 5 43 12
45 6 31 16
45 9 37 46
45 11 1 103
45 14 28 62
45 17 49 79
45 19 13 126
45 24 33 145
45 28 55 141
45 33 16 140
45 35 10 147
45 36 3 143
45 37 58 47
46 2 56 41
46 9 34 96
46 10 7 71
46 11 27 103
46 12 4 26
46 15 13 2
46 17 37 21
46 18 1 130
46 21 9 29
46 22 11 128
46 27 25 98
46 32 31 8
46 37 19 83
46 38 49 127
47 3 47 132
47 10 11 71
47 17 7 42
47 18 22 123
47 19 19 78
47 21 17 88
47 22 34 138
47 23 25 3
47 24 55 100
47 26 13 125
47 30 29 93
47 32 4 8
47 35 31 147
47 36 1 72
48 3 7 132
48 4 3 55
48 14 31 62
48 17 55 2
48 19 23 126
48 21 17 29
48 22 5 138
48 24 37 135
48 26 13 24
48 28 34 141
48 31 25 70
48 35 50 136
48 38 19 76
48 40 10 115
49 7 4 82
49 12 16 26
49 13 39 56
49 14 13 36
49 16 33 54
49 20 2 84
49 22 31 128
49 23 8 91
49 24 43 145
49 25 19 60
49 26 25 104
49 27 29 41
49 31 55 70
49 37 50 83
49 40 23 127
50 5 25 23
50 6 41 16
50 7 31 82
50 9 22 96
50 10 47 68
50 14 34 62
50 17 43 21
50 19 13 78
50 20 5 116
50 21 19 29
50 23 37 32
50 24 15 100
50 25 7 92
50 28 1 48
50 39 49 75
51 3 5 132
51 4 13 81
51 6 19 30
51 7 32 17
51 9 8 96
51 18 37 123
51 20 47 116
51 24 21 135
51 32 16 39
51 33 43 47
51 35 1 136
51 37 28 83
51 39 49 117
51 40 11 28
52 2 50 41
52 7 16 17
52 12 55 26
52 14 19 36
52 16 11 9
52 19 40 133
52 23 31 3
52 28 22 111
52 30 4 85
52 31 7 102
52 32 58 39
52 33 1 121
52 34 47 69
52 39 25 75
53 4 1 15
53 6 37 16
53 11 3 58
53 12 43 26
53 14 34 36
53 19 5 78
53 25 14 25
53 26 19 125
53 27 59 98
53 30 29 85
53 32 10 39
53 33 55 140
53 35 40 147
53 37 52 47
53 40 17 5
54 1 25 27
54 2 37 41
54 4 11 81
54 6 41 30
54 7 43 17
54 11 5 58
54 13 31 66
54 14 19 62
54 16 9 54
54 19 7 126
54 23 1 149
54 28 34 48
54 32 14 8
54 34 23 69
54 35 46 147
55 15 28 107
55 16 5 9
55 21 56 29
55 27 45 98
55 28 16 111
55 30 37 85
55 31 1 37
55 33 50 121
55 34 9 144
55 35 58 147
55 36 39 143
55 39 31 52
55 40 21 28
56 4 9 81
56 8 4 34
56 9 40 46
56 10 17 71
56 11 31 139
56 16 22 54
56 22 43 138
56 23 49 3
56 28 1 134
56 29 46 19
56 30 59 85
56 32 55 8
56 33 25 47
56 39 13 117
57 3 38 132
57 4 33 15
57 14 46 62
57 16 31 54
57 17 55 21
57 19 13 133
57 22 5 128
57 23 1 32
57 25 22 60
57 26 49 125
57 27 53 98
57 31 25 102
57 33 8 47
57 35 19 147
57 37 16 77
58 5 7 109
58 6 29 16
58 7 55 82
58 8 22 34
58 14 26 16
58 19 59 78
58 23 37 91
58 26 31 24
58 29 14 89
58 31 49 37
58 32 46 8
58 35 19 136
58 37 1 77
58 40 5 28
59 6 2 95
59 7 25 17
59 14 37 62
59 16 33 9
59 19 17 126
59 21 47 88
59 22 31 138
59 24 13 145
59 26 55 24
59 27 23 102
59 31 8 37
59 35 20 80
59 38 50 74
59 40 29 5
60 3 3 132
60 5 49 109
60 9 31 46
60 10 7 131
60 13 46 66
60 14 43 36
60 15 16 107
60 17 9 21
60 18 13 123
60 20 28 84
60 26 19 24
60 31 37 102
60 35 25 136
60 36 34 143
60 39 55 95
61 4 25 15
61 5 55 23
61 6 7 30
61 7 43 82
61 10 9 68
61 15 19 2
61 17 37 33
61 19 1 126
61 20 17 84
61 21 11 88
61 24 13 135
61 29 4 19
61 31 50 93
61 32 31 39
61 36 22 72
62 1 13 106
62 2 55 130
62 4 17 81
62 7 40 82
62 9 22 46
62 12 37 26
62 13 25 66
62 14 9 36
62 18 19 123
62 20 7 116
62 24 49 139
62 25 28 92
62 26 31 125
62 29 1 89
62 37 46 47
63 2 13 41
63 4 31 15
63 11 17 58
63 12 25 26
63 13 40 66
63 15 46 107
63 16 44 54
63 18 4 123
63 25 22 25
63 26 7 24
63 28 1 111
63 30 57 85
63 34 37 69
63 35 27 147
64 3 1 132
64 4 27 55
64 14 52 16
64 20 39 116
64 22 29 138
64 26 8 104
64 27 15 98
64 30 22 85
64 32 49 39
64 33 4 121
64 34 25 69
64 35 43 147
64 37 55 47
64 39 31 95
65 3 56 132
65 7 58 17
65 8 7 44
65 9 31 96
65 16 13 9
65 22 2 138
65 23 19 91
65 32 49 8
65 33 34 140
65 34 15 144
65 37 4 83
65 38 37 74
65 39 27 112
65 40 25 5
66 1 32 27
66 5 49 23
66 7 1 17
66 17 43 79
66 18 25 130
66 21 28 40
66 22 17 138
66 23 20 149
66 25 10 60
66 26 37 104
66 28 4 134
66 31 13 37
66 36 7 143
66 39 55 112
67 3 27 132
67 4 20 15
67 7 22 17
67 9 16 46
67 11 53 139
67 12 7 26
67 13 55 66
67 14 13 16
67 16 25 9
67 20 9 116
67 22 11 138
67 23 1 3
67 29 34 89
67 37 31 47
68 4 11 15
68 10 17 68
68 12 47 26
68 13 8 56
68 15 51 2
68 18 43 123
68 20 49 116
68 24 13 139
68 25 55 25
68 26 25 99
68 28 4 48
68 39 19 52
68 40 2 115
69 1 7 106
69 8 13 44
69 11 19 103
69 12 11 26
69 14 57 62
69 15 43 2
69 17 1 79
69 23 25 149
69 25 38 92
69 29 31 89
69 32 34 39
69 34 15 69
69 35 46 80
70 6 40 95
70 7 25 82
70 13 22 66
70 16 49 9
70 18 19 130
70 19 7 78
70 20 51 84
70 24 55 139
70 29 37 19
70 31 32 93
70 32 28 39
70 35 10 136
70 37 1 83
70 39 44 5
70 40 59 127
71 7 37 82
71 8 17 34
71 9 25 96
71 11 11 103
71 14 40 62
71 15 22 2
71 17 1 42
71 21 5 29
71 23 7 149
71 25 14 60
71 26 43 104
71 28 49 141
71 29 34 19
71 34 28 69
71 36 31 13
72 3 11 132
72 7 40 17
72 14 49 62
72 15 1 2
72 17 43 33
72 20 13 116
72 28 15 48
72 29 25 19
72 31 32 102
72 34 19 144
72 35 22 147
72 37 7 83
72 40 4 115
73 3 35 132
73 6 17 95
73 7 13 17
73 11 5 103
73 17 1 86
73 21 11 29
73 22 45 138
73 24 7 139
73 28 25 111
73 29 28 89
73 30 55 85
73 34 43 69
73 35 40 136
73 36 22 13
73 40 47 127
74 1 32 106
74 3 25 132
74 6 21 30
74 7 46 82
74 8 19 44
74 14 49 36
74 16 1 9
74 18 16 123
74 21 3 40
74 23 37 149
74 24 55 145
74 29 43 19
74 32 27 8
74 36 52 143
74 39 8 112
75 6 44 16
75 17 25 33
75 18 49 123
75 19 11 78
75 23 55 91
75 25 31 92
75 26 13 99
75 29 1 19
75 31 37 70
75 33 46 140
75 35 52 147
75 36 22 143
75 38 7 127
75 40 5 127
76 9 43 46
76 13 1 66
76 15 4 107
76 16 19 54
76 18 46 123
76 23 49 149
76 25 58 60
76 29 40 89
76 32 55 39
76 34 21 144
76 37 25 83
76 39 8 52
76 40 15 5
77 1 25 106
77 3 29 132
77 4 41 15
77 5 31 109
77 15 19 107
77 17 49 33
77 20 1 116
77 24 9 145
77 25 38 60
77 28 22 48
77 32 13 57
77 33 16 47
77 37 57 77
77 38 43 74
77 39 3 52
78 2 43 41
78 4 1 81
78 5 37 12
78 6 7 95
78 7 22 82
78 9 56 96
78 14 28 36
78 28 10 111
78 29 52 19
78 30 41 93
78 33 3 140
78 34 35 69
78 36 19 13
78 38 14 76
79 4 17 15
79 7 46 17
79 10 43 68
79 17 25 42
79 18 7 123
79 21 23 88
79 23 32 32
79 26 19 99
79 27 40 98
79 28 1 141
79 32 37 8
79 33 50 140
79 35 4 136
79 38 13 127
79 40 53 127
80 1 15 27
80 3 50 132
80 6 3 30
80 9 55 46
80 10 5 131
80 12 9 26
80 16 29 54
80 20 37 84
80 25 26 25
80 31 20 70
80 34 1 144
80 35 44 136
80 38 31 127
80 39 39 5
81 5 7 23
81 8 11 34
81 11 41 139
81 13 28 56
81 20 31 84
81 25 34 92
81 26 2 24
81 31 37 37
81 32 25 39
81 35 55 147
81 36 13 143
81 37 19 42
81 40 17 127
82 2 31 41
82 9 43 96
82 12 29 106
82 15 22 107
82 16 3 54
82 18 25 123
82 19 35 78
82 20 52 116
82 26 14 104
82 27 19 98
82 28 7 141
82 32 40 39
82 33 10 121
82 37 37 47
82 40 5 5
83 5 7 12
83 6 19 95
83 10 21 71
83 13 15 56
83 17 49 135
83 20 11 116
83 24 1 135
83 25 25 92
83 27 43 98
83 29 40 19
83 32 58 8
83 34 13 69
83 35 55 136
83 39 31 117
84 2 1 41
84 4 7 81
84 8 19 34
84 9 37 96
84 10 16 131
84 15 13 107
84 16 11 54
84 17 31 33
84 22 58 138
84 24 43 100
84 27 55 98
84 29 22 89
84 34 9 69
84 36 28 13
84 39 49 52
85 6 1 30
85 7 4 93
85 9 19 46
85 11 7 58
85 12 50 26
85 20 35 84
85 22 53 138
85 23 43 149
85 28 13 111
85 29 28 19
85 33 58 140
85 35 22 136
85 38 31 76
85 39 37 112
85 40 11 127
86 7 28 82
86 8 49 34
86 9 4 46
86 10 25 71
86 14 21 16
86 18 34 123
86 20 19 84
86 23 14 91
86 24 55 135
86 26 51 99
86 27 11 98
86 32 1 39
86 33 40 121
86 35 37 136
86 38 7 76
87 3 17 132
87 4 23 15
87 6 32 30
87 8 9 34
87 11 27 145
87 12 11 23
87 13 37 66
87 14 4 36
87 15 1 107
87 23 13 3
87 29 19 89
87 30 51 85
87 34 7 144
87 38 55 127
88 5 55 109
88 9 13 96
88 16 3 9
88 17 31 42
88 20 21 116
88 21 1 29
88 22 51 138
88 24 44 135
88 26 37 125
88 33 25 140
88 39 8 117
88 40 35 5
89 4 5 81
89 6 19 16
89 7 49 82
89 8 33 34
89 11 47 145
89 15 16 2
89 18 10 130
89 21 21 29
89 22 29 128
89 28 7 48
89 30 43 85
89 31 25 37
89 33 40 47
89 37 13 77
89 40 3 5
90 1 43 27
90 6 27 95
90 8 53 34
90 12 5 148
90 13 50 66
90 17 13 79
90 19 17 78
90 21 25 29
90 24 8 135
90 26 1 99
90 27 47 98
90 28 19 48
90 31 33 70
90 32 22 8
90 34 31 69
91 1 1 106
91 4 15 81
91 6 47 16
91 7 37 17
91 9 7 46
91 11 40 103
91 18 22 130
91 20 29 116
91 26 49 24
91 27 13 98
91 28 10 141
91 30 17 144
91 32 34 8
91 35 31 136
91 38 25 74
92 1 51 27
92 4 22 55
92 13 16 66
92 17 26 79
92 18 13 130
92 19 31 126
92 20 41 116
92 23 44 91
92 25 19 92
92 27 5 41
92 29 7 89
92 34 56 69
92 36 10 72
92 38 1 76
93 1 49 106
93 6 34 16
93 9 40 96
93 10 46 71
93 14 25 36
93 16 9 9
93 19 4 126
93 26 55 125
93 28 16 141
93 30 2 85
93 31 19 93
93 32 43 8
93 36 13 72
94 5 31 12
94 7 58 82
94 11 29 58
94 15 7 2
94 16 35 54
94 19 11 133
94 21 13 29
94 23 20 32
94 27 1 98
94 31 43 93
94 33 16 121
94 34 4 144
94 38 25 76
95 3 13 132
95 5 25 12
95 11 53 145
95 15 4 2
95 17 49 42
95 21 1 88
95 26 43 24
95 28 22 141
95 29 15 19
95 33 39 140
95 34 58 69
95 36 19 143
95 37 10 83
96 3 52 132
96 6 39 16
96 11 41 145
96 12 46 46
96 13 58 66
96 15 31 107
96 17 14 42
96 20 23 84
96 22 49 138
96 23 25 32
96 32 19 8
96 33 10 140
96 34 29 144
96 35 1 147
96 36 34 72
97 4 20 81
97 6 58 16
97 8 7 34
97 11 17 145
97 14 46 36
97 18 28 123
97 20 56 116
97 22 9 138
97 25 25 60
97 27 3 98
97 28 13 134
97 29 43 89
97 36 52 13
97 37 49 77
97 38 37 76
98 3 58 132
98 8 56 34
98 10 19 71
98 11 21 58
98 12 1 26
98 13 10 66
98 18 31 130
98 23 14 32
98 26 3 125
98 33 28 47
98 35 7 147
98 38 43 127
98 39 38 117
99 4 29 55
99 9 4 96
99 10 1 131
99 11 23 58
99 13 31 56
99 18 16 130
99 20 26 84
99 24 43 139
99 25 10 25
99 29 7 19
99 30 20 85
99 33 13 47
99 37 49 47
100 5 49 12
100 7 10 82
100 10 4 68
100 11 35 58
100 16 37 9
100 17 19 33
100 20 15 84
100 23 55 32
100 24 31 135
100 26 26 24
100 31 45 102
100 33 1 47
100 37 7 77
100 39 39 75
Điểm tối ưu/tốt nhất tìm được: 1415
Thời gian: 180.028318 giây
Trạng thái: VALID
