4471
1 3 13 232
1 6 25 364
1 12 23 276
1 23 49 297
1 26 7 1
1 30 1 415
1 41 40 86
1 55 21 181
1 69 17 45
1 72 33 278
1 80 4 61
1 86 51 421
1 108 15 278
1 109 45 257
1 113 37 136
2 4 7 62
2 17 34 399
2 35 13 177
2 39 3 337
2 70 37 106
2 74 40 222
2 81 28 445
2 86 5 421
2 90 19 18
2 96 11 304
2 101 58 384
2 103 52 383
2 111 25 209
2 113 22 191
2 120 44 157
3 5 23 448
3 13 31 82
3 15 25 178
3 28 13 216
3 33 11 225
3 35 19 267
3 37 4 242
3 38 57 72
3 39 17 153
3 54 39 194
3 75 7 117
3 85 27 434
3 111 49 41
3 114 44 266
3 119 1 17
4 16 27 306
4 40 41 158
4 42 23 130
4 44 45 206
4 48 16 47
4 55 1 133
4 68 31 64
4 71 7 430
4 78 9 429
4 79 51 195
4 87 3 332
4 96 19 29
4 97 43 135
4 110 37 134
4 118 49 183
5 11 4 345
5 24 19 317
5 30 17 405
5 33 21 14
5 46 49 214
5 48 1 47
5 58 8 97
5 62 41 387
5 66 31 230
5 71 13 430
5 87 37 227
5 91 44 176
5 106 15 320
5 116 55 104
5 117 28 191
6 5 32 420
6 33 35 188
6 40 11 158
6 43 19 342
6 45 17 71
6 49 22 296
6 75 7 303
6 92 4 348
6 95 1 167
6 97 38 440
6 100 49 413
6 101 43 222
6 105 28 108
6 107 13 322
6 117 25 204
7 3 15 232
7 8 9 99
7 10 31 75
7 25 25 374
7 32 37 277
7 47 43 343
7 49 20 89
7 55 17 181
7 60 49 89
7 61 34 359
7 66 3 65
7 68 40 352
7 86 7 326
7 92 52 442
7 107 55 110
8 6 7 397
8 9 49 12
8 10 46 228
8 17 31 120
8 26 22 122
8 37 1 378
8 44 25 206
8 45 53 71
8 60 43 352
8 68 13 315
8 75 37 303
8 80 16 61
8 81 57 246
8 82 19 380
8 93 34 250
9 9 19 12
9 16 49 186
9 24 58 317
9 27 39 327
9 38 7 71
9 40 5 158
9 48 46 47
9 54 44 194
9 68 55 315
9 79 31 229
9 90 13 298
9 96 1 29
9 102 25 123
9 119 16 17
10 3 4 232
10 19 7 407
10 20 23 160
10 34 57 119
10 39 35 153
10 46 31 73
10 61 13 132
10 67 49 316
10 69 53 91
10 77 59 409
10 79 25 126
10 80 1 61
10 86 21 421
10 87 45 332
10 99 55 55
11 11 51 178
11 18 16 365
11 23 43 297
11 30 49 415
11 31 46 153
11 36 25 247
11 70 1 106
11 82 9 392
11 94 31 354
11 97 13 36
11 100 37 413
11 112 7 203
11 117 19 448
11 119 28 17
11 120 4 157
12 3 57 232
12 30 11 405
12 43 34 263
12 51 19 240
12 62 3 34
12 79 37 399
12 81 44 28
12 83 31 200
12 92 22 442
12 97 5 440
12 109 17 286
12 110 25 151
12 112 41 8
12 117 13 2
12 118 9 133
13 2 58 404
13 6 13 397
13 17 43 120
13 51 49 253
13 65 37 285
13 70 46 106
13 74 7 204
13 82 41 380
13 92 31 65
13 98 17 267
13 104 27 389
13 105 3 201
13 106 22 259
13 114 1 250
13 120 10 287
14 23 26 297
14 28 5 233
14 36 57 223
14 44 16 146
14 53 39 32
14 56 43 27
14 61 13 342
14 70 34 158
14 73 47 23
14 74 28 430
14 76 50 190
14 86 3 326
14 88 53 196
14 103 7 383
14 116 19 403
15 1 13 18
15 7 1 19
15 9 25 441
15 13 49 292
15 18 46 365
15 24 55 317
15 28 53 93
15 37 8 378
15 45 41 71
15 46 37 21
15 47 3 343
15 63 43 429
15 98 59 156
15 109 57 31
15 112 33 8
16 5 35 369
16 9 25 12
16 20 29 160
16 30 13 415
16 42 43 130
16 48 19 83
16 71 16 42
16 75 49 252
16 84 22 307
16 93 5 264
16 101 38 417
16 109 9 257
16 114 46 266
16 115 56 103
16 120 1 260
17 16 37 244
17 24 33 317
17 25 25 333
17 43 55 342
17 48 58 83
17 50 11 223
17 57 49 1
17 66 1 247
17 87 19 386
17 97 7 135
17 98 9 116
17 102 43 388
17 106 35 320
17 110 13 134
17 119 52 192
18 3 32 232
18 7 15 33
18 10 9 228
18 32 52 167
18 34 7 175
18 42 49 99
18 44 40 146
18 49 34 89
18 55 23 233
18 63 45 429
18 68 55 231
18 79 19 377
18 84 37 430
18 85 25 281
18 107 1 420
19 4 19 62
19 13 55 89
19 16 1 306
19 28 13 175
19 36 32 223
19 41 25 258
19 44 7 206
19 49 37 296
19 55 49 181
19 62 23 387
19 77 51 409
19 80 16 330
19 96 5 29
19 103 46 425
19 120 10 157
20 3 23 232
20 8 1 155
20 9 43 367
20 23 37 200
20 25 50 333
20 35 19 201
20 58 34 97
20 64 7 114
20 65 39 246
20 79 13 399
20 103 59 239
20 105 55 201
20 106 47 320
20 108 5 266
20 118 17 133
21 40 31 195
21 53 17 307
21 61 14 359
21 64 43 62
21 66 19 65
21 78 25 56
21 79 57 130
21 88 53 215
21 89 37 168
21 93 5 250
21 97 28 135
21 104 41 389
21 108 1 142
21 118 3 183
21 120 7 287
22 4 43 358
22 14 7 294
22 17 28 399
22 23 34 200
22 24 3 160
22 38 37 35
22 39 5 337
22 44 31 206
22 46 49 122
22 79 56 195
22 89 13 235
22 92 25 372
22 93 1 264
22 107 19 295
22 118 47 183
23 5 4 369
23 20 15 180
23 35 37 201
23 42 7 47
23 47 19 196
23 53 52 32
23 73 13 184
23 78 49 56
23 83 46 200
23 85 31 173
23 90 58 106
23 93 9 264
23 94 25 69
23 96 29 29
23 112 55 8
24 4 32 335
24 10 13 142
24 31 50 286
24 37 22 378
24 40 9 158
24 49 40 135
24 50 53 203
24 56 55 108
24 61 43 359
24 74 2 31
24 76 27 118
24 80 37 61
24 81 16 28
24 99 5 55
24 113 46 136
25 4 19 50
25 5 31 85
25 16 37 125
25 22 49 376
25 36 25 223
25 64 43 23
25 73 9 23
25 77 3 409
25 78 55 429
25 87 13 248
25 91 29 176
25 92 34 65
25 93 23 169
25 97 5 36
25 99 11 257
26 12 23 139
26 25 19 159
26 27 51 327
26 28 17 216
26 32 46 40
26 33 35 45
26 45 5 303
26 46 37 183
26 54 53 194
26 57 55 63
26 71 33 42
26 78 43 188
26 84 2 270
26 86 29 326
26 99 11 374
27 8 25 99
27 13 49 133
27 15 41 353
27 20 21 160
27 29 55 215
27 42 33 130
27 71 17 268
27 73 15 417
27 78 37 50
27 81 4 28
27 87 7 332
27 91 13 176
27 95 43 167
27 96 1 304
27 98 11 137
28 12 27 266
28 22 4 376
28 45 35 177
28 48 31 47
28 51 16 190
28 61 37 132
28 70 40 36
28 71 9 430
28 78 13 188
28 93 46 264
28 99 21 55
28 105 57 201
28 106 1 320
28 107 50 148
28 108 23 163
29 1 50 283
29 5 11 369
29 8 43 126
29 13 1 360
29 21 7 56
29 29 26 414
29 58 14 25
29 73 20 23
29 76 55 118
29 78 40 50
29 84 23 224
29 91 5 31
29 92 37 242
29 106 57 320
29 116 33 13
30 24 45 317
30 27 31 327
30 44 1 146
30 47 25 169
30 51 4 256
30 55 33 181
30 57 13 63
30 62 7 387
30 68 49 64
30 74 55 204
30 82 11 392
30 84 35 114
30 113 19 136
30 114 17 35
30 120 39 287
31 4 13 358
31 5 5 161
31 6 25 398
31 14 1 276
31 27 29 73
31 31 34 286
31 35 8 255
31 43 19 117
31 47 49 77
31 51 43 253
31 67 31 316
31 93 37 264
31 102 56 123
31 106 17 259
31 118 41 183
32 14 19 294
32 29 31 215
32 33 35 14
32 34 55 119
32 38 43 35
32 52 17 38
32 61 49 359
32 62 15 34
32 68 58 315
32 76 4 240
32 79 37 126
32 93 13 250
32 95 1 235
32 105 11 201
32 110 7 82
33 13 7 292
33 16 21 306
33 22 44 437
33 25 55 374
33 29 49 255
33 30 4 415
33 46 25 115
33 57 16 63
33 68 1 315
33 87 31 332
33 93 59 264
33 101 37 222
33 113 40 136
34 7 7 182
34 12 25 139
34 17 10 120
34 20 27 160
34 28 4 216
34 34 34 119
34 48 37 83
34 57 40 63
34 68 58 352
34 71 47 430
34 79 19 195
34 82 32 380
34 86 23 421
34 98 17 156
34 116 51 104
35 8 8 155
35 13 37 133
35 29 1 338
35 43 25 263
35 45 5 184
35 64 43 296
35 71 19 42
35 80 49 61
35 84 29 114
35 95 31 167
35 111 58 41
35 114 41 266
35 115 13 340
35 116 21 104
35 120 34 441
36 3 53 232
36 8 43 156
36 14 25 140
36 17 7 412
36 21 1 443
36 27 55 327
36 32 13 350
36 33 41 161
36 65 37 147
36 72 57 278
36 80 10 330
36 84 59 114
36 94 49 69
36 115 31 340
36 120 19 287
37 10 55 228
37 27 37 327
37 37 3 225
37 39 1 355
37 47 25 196
37 57 22 40
37 67 10 316
37 69 7 45
37 82 53 380
37 84 17 114
37 85 45 281
37 90 33 390
37 92 40 348
37 105 29 201
37 110 49 121
38 6 43 450
38 8 50 126
38 20 10 180
38 22 28 437
38 57 31 63
38 60 7 450
38 61 57 359
38 62 34 387
38 67 19 345
38 68 13 231
38 70 16 440
38 72 1 73
38 93 3 250
38 101 38 127
38 118 5 133
39 1 43 21
39 2 13 390
39 11 58 345
39 20 17 180
39 21 1 172
39 22 37 437
39 28 5 175
39 43 34 117
39 49 25 89
39 58 28 417
39 64 49 382
39 80 22 61
39 82 15 380
39 91 11 176
39 118 7 133
40 9 7 367
40 17 56 120
40 28 27 93
40 37 45 26
40 44 31 124
40 47 37 51
40 48 1 83
40 53 35 32
40 58 49 97
40 60 13 89
40 61 4 132
40 81 16 445
40 100 52 47
40 102 19 353
41 14 43 149
41 23 5 200
41 27 13 327
41 36 27 223
41 41 22 86
41 52 32 425
41 54 55 194
41 62 10 387
41 63 25 429
41 68 7 231
41 73 37 57
41 83 19 200
41 102 1 353
41 114 39 250
41 118 15 183
42 3 13 14
42 20 35 180
42 23 23 200
42 25 55 371
42 30 49 405
42 45 41 177
42 60 7 352
42 65 19 285
42 71 33 430
42 73 31 57
42 78 16 50
42 95 28 167
42 103 26 383
42 105 1 201
42 107 43 295
43 29 55 40
43 38 33 72
43 39 7 337
43 51 4 187
43 55 13 181
43 76 11 52
43 78 15 234
43 89 43 235
43 91 27 176
43 94 49 60
43 98 9 267
43 101 1 384
43 106 29 259
43 108 22 266
43 111 19 209
44 1 31 187
44 9 55 367
44 22 16 437
44 26 20 272
44 41 10 86
44 46 37 115
44 49 46 259
44 52 25 425
44 53 27 32
44 58 43 417
44 83 7 396
44 91 35 303
44 94 50 354
44 100 4 413
44 118 1 383
45 1 13 283
45 6 7 110
45 7 11 182
45 18 49 365
45 20 40 160
45 27 33 327
45 30 1 405
45 36 23 247
45 70 58 388
45 71 31 430
45 75 3 252
45 76 25 190
45 80 52 330
45 83 37 410
45 89 19 235
46 3 49 232
46 23 28 297
46 32 34 40
46 46 51 183
46 52 23 37
46 60 13 352
46 69 11 45
46 96 40 29
46 100 1 413
46 102 7 353
46 103 16 425
46 106 4 320
46 107 19 100
46 108 31 142
46 110 56 151
47 10 4 228
47 11 52 345
47 20 47 180
47 22 49 437
47 35 13 255
47 42 17 99
47 49 37 216
47 67 34 316
47 68 40 231
47 70 58 158
47 72 28 278
47 101 25 222
47 111 19 41
47 115 43 46
47 120 1 287
48 28 17 175
48 29 9 215
48 35 13 161
48 37 37 270
48 58 52 97
48 60 43 283
48 63 19 429
48 68 21 231
48 85 55 239
48 91 1 176
48 92 46 421
48 93 7 264
48 98 3 116
48 112 5 57
48 120 40 157
49 5 28 369
49 23 35 297
49 51 25 253
49 58 55 25
49 64 39 297
49 65 31 285
49 75 13 153
49 82 1 392
49 87 9 248
49 89 3 107
49 93 17 169
49 106 59 320
49 108 7 266
49 113 22 136
49 119 49 192
50 4 56 358
50 5 46 369
50 9 1 441
50 14 49 23
50 23 19 297
50 29 37 213
50 48 43 83
50 62 31 34
50 65 7 446
50 72 13 73
50 74 16 222
50 75 27 117
50 86 41 421
50 100 34 413
50 111 22 41
51 9 37 367
51 16 13 125
51 30 28 405
51 42 17 130
51 45 35 104
51 47 57 77
51 81 25 28
51 85 7 281
51 88 23 215
51 94 31 60
51 95 2 309
51 101 19 222
51 106 11 320
51 114 43 41
51 120 52 157
52 1 55 18
52 3 7 232
52 9 19 343
52 21 49 443
52 22 25 294
52 36 11 27
52 37 13 378
52 42 9 130
52 45 29 303
52 50 1 223
52 84 44 307
52 94 32 431
52 95 39 42
52 104 17 115
52 116 3 301
53 7 16 19
53 33 43 45
53 64 31 382
53 66 25 230
53 67 37 326
53 84 1 307
53 89 49 107
53 91 58 176
53 92 46 348
53 97 11 440
53 98 53 156
53 107 7 298
53 116 3 403
53 117 13 191
53 120 22 441
54 2 5 404
54 5 25 369
54 7 7 33
54 18 34 365
54 21 19 163
54 41 55 58
54 42 23 184
54 46 43 214
54 53 9 32
54 64 15 62
54 87 37 248
54 89 49 87
54 95 27 208
54 110 1 121
54 118 13 383
55 7 31 19
55 11 28 178
55 15 11 123
55 24 35 317
55 42 7 99
55 52 41 167
55 67 43 316
55 73 46 57
55 82 13 392
55 90 19 277
55 91 15 176
55 94 55 431
55 97 4 135
55 108 22 414
55 114 51 250
56 1 31 129
56 12 35 276
56 23 21 297
56 24 47 317
56 33 53 161
56 37 16 270
56 46 7 214
56 54 19 9
56 58 1 97
56 70 37 158
56 87 43 248
56 95 13 42
56 105 41 201
56 109 59 257
56 115 25 340
57 6 55 225
57 14 19 276
57 18 4 20
57 31 49 93
57 34 23 175
57 51 7 190
57 58 13 97
57 59 40 355
57 69 11 91
57 84 52 307
57 85 25 173
57 99 32 55
57 109 37 286
57 113 43 136
57 117 1 249
58 12 29 139
58 17 50 399
58 18 7 365
58 25 31 371
58 29 20 338
58 36 43 223
58 49 4 89
58 55 45 181
58 56 13 404
58 67 1 442
58 87 25 164
58 95 55 42
58 100 58 424
58 116 37 104
58 119 10 94
59 12 39 91
59 33 55 14
59 36 16 247
59 37 28 270
59 47 9 196
59 61 46 132
59 62 53 387
59 67 25 345
59 85 57 281
59 92 43 65
59 96 7 304
59 104 50 389
59 107 32 322
59 109 19 257
59 111 13 41
60 6 13 398
60 9 7 12
60 21 39 443
60 27 57 327
60 28 34 216
60 52 59 38
60 60 1 352
60 62 5 34
60 63 37 429
60 72 11 73
60 76 29 118
60 87 51 386
60 93 44 264
60 96 17 304
60 101 22 222
61 1 19 129
61 4 27 358
61 8 43 182
61 20 11 117
61 24 9 317
61 25 51 371
61 27 25 327
61 31 4 93
61 46 13 115
61 50 59 223
61 57 34 63
61 63 39 429
61 77 47 129
61 105 23 201
61 119 1 325
62 3 21 232
62 4 1 358
62 8 13 442
62 33 49 14
62 45 17 303
62 49 40 296
62 67 43 326
62 83 7 435
62 85 31 38
62 92 46 65
62 95 27 42
62 99 51 55
62 106 37 320
62 108 5 163
62 109 35 257
63 12 49 91
63 31 27 153
63 33 41 188
63 38 56 71
63 49 22 135
63 68 4 231
63 69 25 45
63 74 37 63
63 77 47 409
63 85 13 281
63 86 33 421
63 87 7 386
63 92 43 348
63 100 52 424
63 117 19 204
64 1 49 18
64 17 37 412
64 20 11 160
64 25 7 374
64 27 22 327
64 31 33 93
64 38 13 35
64 51 19 253
64 56 1 85
64 67 25 316
64 69 47 45
64 71 40 430
64 77 31 409
64 87 43 227
64 113 28 136
65 8 19 182
65 26 58 272
65 39 31 136
65 40 23 158
65 42 3 184
65 52 34 425
65 56 13 127
65 62 46 387
65 74 25 424
65 76 8 118
65 83 10 435
65 84 1 224
65 101 55 384
65 102 49 353
65 108 5 414
66 17 10 412
66 32 16 167
66 39 31 337
66 51 22 240
66 59 43 355
66 67 58 214
66 71 19 430
66 72 13 278
66 73 7 23
66 97 1 36
66 99 35 340
66 103 55 383
66 114 26 250
66 116 50 301
66 118 29 183
67 6 1 397
67 7 17 33
67 39 29 337
67 45 41 303
67 48 34 47
67 51 58 253
67 59 55 275
67 64 13 114
67 77 23 129
67 86 10 421
67 93 27 264
67 98 5 280
67 101 7 127
67 106 21 320
67 117 31 191
68 11 40 205
68 29 7 414
68 31 37 93
68 32 4 277
68 35 49 161
68 36 27 247
68 38 20 72
68 55 15 181
68 57 46 63
68 71 11 401
68 76 31 240
68 96 13 304
68 101 33 378
68 110 55 82
68 113 1 77
69 5 13 448
69 18 38 365
69 20 1 160
69 37 19 378
69 47 31 77
69 53 46 307
69 60 16 26
69 61 43 132
69 63 5 450
69 68 26 352
69 69 9 45
69 87 49 78
69 93 3 264
69 113 55 76
70 16 7 144
70 20 25 180
70 22 52 437
70 26 55 122
70 41 49 86
70 48 28 83
70 67 22 316
70 76 16 118
70 77 35 409
70 79 43 293
70 87 31 227
70 94 37 69
70 101 19 417
70 110 1 134
71 23 47 297
71 26 34 1
71 35 43 177
71 40 52 150
71 41 4 258
71 43 40 165
71 50 50 203
71 59 31 367
71 64 13 100
71 65 19 446
71 66 55 247
71 68 1 64
71 73 23 57
71 75 25 252
71 110 7 121
72 5 10 448
72 19 25 376
72 20 19 180
72 24 29 317
72 51 1 240
72 55 5 181
72 60 7 283
72 75 13 303
72 83 31 410
72 84 41 307
72 108 50 414
72 111 58 397
72 115 43 241
72 116 37 301
72 119 22 325
73 4 7 358
73 5 5 420
73 16 43 144
73 20 31 160
73 27 53 327
73 32 13 40
73 43 25 165
73 58 2 25
73 61 22 132
73 63 11 147
73 67 40 326
73 68 37 315
73 76 20 118
73 95 34 167
73 115 49 103
74 3 45 232
74 6 19 450
74 20 41 180
74 22 7 72
74 26 38 272
74 28 15 233
74 33 58 45
74 34 27 119
74 36 5 247
74 37 49 270
74 44 31 146
74 54 10 170
74 62 43 34
74 77 13 409
74 110 1 151
75 42 7 39
75 45 53 177
75 49 19 259
75 63 17 450
75 69 2 45
75 74 44 31
75 84 10 307
75 86 31 421
75 98 5 145
75 99 47 374
75 101 49 384
75 109 34 281
75 111 22 192
75 113 55 136
75 120 40 441
76 3 59 232
76 15 23 353
76 19 49 211
76 25 19 374
76 34 40 175
76 38 13 71
76 44 28 206
76 48 37 309
76 57 55 69
76 75 43 433
76 78 7 188
76 80 1 330
76 111 10 41
76 114 53 250
76 116 31 403
77 12 51 91
77 40 3 404
77 42 1 130
77 44 58 206
77 47 31 272
77 50 56 285
77 63 5 306
77 64 7 296
77 66 25 48
77 73 11 417
77 80 43 61
77 87 19 227
77 100 13 335
77 112 39 57
78 1 32 18
78 4 50 358
78 6 15 81
78 7 3 182
78 27 1 168
78 35 37 177
78 39 13 136
78 47 43 77
78 54 11 9
78 86 27 326
78 95 58 444
78 106 9 320
78 115 19 33
78 120 55 157
79 37 13 225
79 41 16 58
79 42 52 130
79 43 28 165
79 55 26 181
79 59 34 367
79 75 37 252
79 76 43 240
79 80 7 330
79 85 45 173
79 94 55 60
79 107 1 322
79 111 22 397
79 113 49 136
79 119 31 17
80 2 28 390
80 18 22 365
80 20 52 180
80 24 31 317
80 32 46 431
80 41 19 58
80 44 13 146
80 47 1 169
80 65 8 285
80 79 55 377
80 83 49 396
80 86 34 326
80 92 25 442
80 110 37 121
80 117 16 191
81 6 7 76
81 7 59 33
81 15 29 353
81 21 44 56
81 24 17 317
81 31 25 286
81 41 40 58
81 45 5 82
81 47 1 226
81 49 37 259
81 59 34 275
81 60 31 89
81 69 13 91
81 79 19 130
81 109 53 31
82 3 11 232
82 18 13 365
82 22 34 126
82 24 37 317
82 32 31 40
82 38 50 30
82 55 39 181
82 64 43 382
82 71 17 430
82 83 25 435
82 85 55 173
82 86 21 326
82 95 4 167
82 110 7 151
83 2 5 239
83 6 31 225
83 9 43 441
83 24 58 160
83 26 7 315
83 31 52 153
83 42 20 47
83 46 13 21
83 50 41 285
83 68 22 352
83 76 38 240
83 90 49 149
83 92 25 242
83 95 10 167
83 103 28 383
84 17 40 412
84 25 19 333
84 26 4 1
84 43 43 263
84 44 10 124
84 49 1 89
84 52 38 425
84 64 25 62
84 85 50 173
84 88 7 215
84 92 16 348
84 98 29 156
84 99 13 55
84 104 34 389
84 115 55 369
85 4 7 229
85 6 49 76
85 16 37 306
85 17 20 120
85 25 25 371
85 34 29 175
85 44 58 146
85 70 43 106
85 73 15 57
85 86 2 421
85 95 4 444
85 99 53 55
85 105 35 201
85 113 46 76
85 115 31 369
86 8 19 156
86 14 37 276
86 24 53 160
86 28 15 216
86 30 23 405
86 34 11 281
86 38 43 64
86 40 51 404
86 43 31 165
86 58 34 25
86 82 3 392
86 101 55 417
86 103 29 425
86 107 25 295
86 111 7 41
87 6 1 398
87 8 26 182
87 12 31 91
87 14 55 276
87 18 13 20
87 29 7 139
87 42 11 184
87 44 34 206
87 45 23 71
87 51 40 240
87 53 44 32
87 96 37 29
87 98 5 116
87 116 19 13
87 119 16 192
88 19 15 205
88 29 31 213
88 43 10 263
88 44 1 206
88 47 49 226
88 49 19 216
88 51 46 253
88 68 25 231
88 78 4 188
88 81 22 445
88 88 40 215
88 96 56 304
88 97 28 440
88 105 13 108
88 117 37 204
89 3 43 232
89 14 37 140
89 16 32 125
89 23 45 297
89 26 55 272
89 28 1 175
89 43 16 77
89 50 53 285
89 74 49 204
89 76 58 240
89 77 21 409
89 79 3 427
89 98 23 156
89 109 27 257
89 117 8 191
90 3 47 232
90 11 37 205
90 13 31 33
90 17 25 412
90 28 1 233
90 29 14 139
90 31 7 93
90 39 45 337
90 45 35 82
90 47 55 182
90 51 10 253
90 74 28 424
90 89 20 107
90 115 49 340
90 117 3 448
91 19 31 211
91 20 55 246
91 29 43 338
91 32 37 40
91 34 40 119
91 42 47 99
91 44 10 146
91 49 27 216
91 56 2 300
91 63 59 429
91 71 35 430
91 84 49 307
91 86 25 326
91 91 51 176
91 93 53 169
92 1 27 21
92 23 4 273
92 26 22 1
92 32 37 350
92 39 51 337
92 42 25 130
92 44 34 146
92 53 11 32
92 71 49 42
92 74 1 204
92 76 13 240
92 81 19 28
92 82 43 380
92 85 15 239
92 111 40 192
93 4 43 335
93 33 59 14
93 36 37 223
93 47 49 196
93 48 4 47
93 58 19 334
93 61 22 342
93 72 9 278
93 84 57 307
93 87 31 78
93 92 1 242
93 102 39 325
93 107 26 410
93 109 53 257
93 110 13 151
94 13 19 292
94 27 47 327
94 30 40 405
94 33 43 14
94 41 28 58
94 43 37 117
94 46 55 183
94 50 5 223
94 56 33 85
94 65 13 147
94 67 10 345
94 87 1 386
94 93 31 264
94 97 7 440
94 99 23 55
95 6 13 364
95 20 44 160
95 27 7 73
95 29 56 414
95 31 10 93
95 37 22 28
95 43 40 117
95 45 17 177
95 64 1 46
95 86 27 421
95 91 49 342
95 98 5 156
95 101 46 384
95 102 32 353
95 108 19 414
96 2 37 390
96 5 53 85
96 7 17 182
96 26 32 315
96 36 55 223
96 39 43 337
96 41 57 258
96 52 35 38
96 57 10 63
96 66 49 377
96 67 40 316
96 81 13 445
96 83 7 410
96 111 46 397
96 116 2 13
97 3 23 14
97 14 37 294
97 16 19 125
97 20 43 180
97 25 3 333
97 41 10 58
97 45 29 71
97 52 27 425
97 77 33 409
97 80 13 61
97 82 1 380
97 99 16 55
97 100 7 413
97 103 49 383
97 108 47 201
98 18 25 365
98 20 45 180
98 29 13 213
98 36 11 247
98 37 34 28
98 48 4 83
98 57 1 11
98 73 59 23
98 77 53 409
98 87 7 227
98 89 19 7
98 90 40 277
98 95 28 284
98 104 17 389
98 111 49 209
99 2 35 239
99 8 31 156
99 16 25 125
99 22 40 437
99 29 1 414
99 35 43 255
99 37 22 270
99 56 49 108
99 90 55 277
99 95 10 42
99 102 15 353
99 111 19 192
99 113 58 76
99 117 7 282
99 119 37 17
100 1 49 21
100 5 17 420
100 12 46 91
100 14 9 149
100 19 19 407
100 21 13 443
100 35 55 36
100 44 4 124
100 57 27 11
100 58 38 25
100 61 1 359
100 86 7 421
100 93 33 264
100 103 31 383
100 120 43 260
101 1 8 129
101 6 1 50
101 12 41 91
101 17 34 120
101 38 55 35
101 41 43 86
101 47 26 272
101 61 15 242
101 73 13 23
101 87 49 227
101 91 21 176
101 100 46 413
101 101 31 384
101 113 38 77
102 8 27 155
102 16 43 143
102 19 19 211
102 20 5 180
102 28 3 175
102 40 23 404
102 45 56 184
102 76 25 118
102 78 52 56
102 81 37 445
102 89 33 107
102 99 10 55
102 102 13 149
102 112 31 203
102 120 7 157
103 8 37 442
103 9 13 367
103 11 55 188
103 36 19 247
103 37 21 144
103 39 28 355
103 50 53 399
103 53 5 307
103 55 3 133
103 64 7 382
103 69 33 91
103 74 25 430
103 77 1 409
103 82 31 392
103 117 45 448
104 16 31 144
104 19 13 211
104 20 9 160
104 30 7 415
104 32 55 19
104 35 27 255
104 40 1 150
104 42 49 130
104 63 3 450
104 84 59 307
104 86 25 421
104 97 19 440
104 109 39 257
104 114 21 250
104 119 44 192
105 1 51 129
105 34 32 281
105 36 13 247
105 42 40 130
105 47 27 51
105 67 37 316
105 71 25 42
105 73 11 23
105 75 19 153
105 76 49 118
105 85 1 281
105 102 7 388
105 103 5 425
105 108 16 266
105 113 43 191
106 7 5 255
106 15 29 123
106 24 23 317
106 30 7 405
106 38 37 71
106 63 13 51
106 64 55 297
106 70 46 158
106 75 50 433
106 93 41 169
106 100 25 413
106 101 34 384
106 103 1 39
106 109 43 281
106 118 3 383
107 4 3 229
107 18 31 365
107 20 46 160
107 21 37 163
107 47 27 343
107 48 55 83
107 53 25 32
107 67 58 326
107 75 13 433
107 76 22 118
107 82 41 392
107 83 34 410
107 88 1 215
107 101 19 127
107 120 49 157
108 2 43 390
108 15 13 123
108 19 45 211
108 21 25 163
108 23 59 297
108 32 49 167
108 46 55 115
108 51 7 240
108 68 10 315
108 90 31 277
108 91 16 342
108 102 37 353
108 114 41 41
108 117 1 2
108 119 4 17
109 2 49 239
109 9 51 343
109 19 38 211
109 24 21 317
109 33 31 45
109 39 59 355
109 43 13 263
109 49 8 259
109 55 3 181
109 62 29 387
109 77 19 224
109 87 25 386
109 91 23 31
109 100 43 413
109 104 47 389
110 1 26 344
110 3 9 232
110 15 41 123
110 19 37 376
110 32 3 19
110 51 13 187
110 52 11 37
110 56 45 85
110 59 16 275
110 63 7 429
110 69 22 91
110 89 56 168
110 90 52 106
110 95 19 167
110 108 1 75
111 8 31 182
111 10 19 228
111 27 43 327
111 32 28 144
111 37 49 144
111 39 10 355
111 44 16 206
111 47 45 169
111 58 22 25
111 68 25 315
111 79 1 195
111 82 7 392
111 84 59 270
111 88 5 215
111 96 13 29
112 7 35 33
112 11 44 178
112 12 47 276
112 13 21 133
112 16 1 125
112 23 5 297
112 34 31 119
112 46 7 115
112 64 49 114
112 66 39 247
112 69 19 91
112 75 25 385
112 76 33 240
112 78 16 188
112 112 14 203
113 6 31 76
113 10 10 75
113 15 5 178
113 17 46 412
113 19 21 48
113 20 29 180
113 21 1 56
113 26 38 1
113 46 49 364
113 59 7 275
113 70 13 294
113 82 19 392
113 91 56 176
113 102 25 388
113 118 17 183
114 17 16 120
114 30 41 415
114 39 23 120
114 43 7 342
114 49 46 135
114 57 43 40
114 65 25 285
114 72 35 278
114 75 55 117
114 85 37 239
114 89 1 87
114 94 31 69
114 104 11 115
114 107 49 410
114 109 59 31
115 5 13 369
115 9 49 367
115 15 1 178
115 47 25 77
115 79 7 399
115 86 17 421
115 87 3 248
115 88 38 215
115 90 44 226
115 97 11 135
115 106 29 104
115 108 23 252
115 114 31 266
115 115 19 369
115 120 55 287
116 2 19 390
116 3 33 14
116 4 49 50
116 15 22 123
116 21 1 163
116 39 25 355
116 43 13 165
116 44 10 206
116 55 47 181
116 61 27 132
116 73 41 23
116 81 7 246
116 83 58 200
116 111 55 41
116 120 44 287
117 13 25 292
117 28 9 233
117 29 49 213
117 36 35 247
117 42 57 47
117 51 1 253
117 53 37 32
117 67 31 345
117 69 5 45
117 79 13 130
117 82 29 380
117 96 7 29
117 106 19 104
117 108 11 266
117 114 59 250
118 15 19 178
118 20 3 180
118 23 11 297
118 38 49 71
118 42 37 130
118 44 16 124
118 50 35 285
118 69 1 91
118 70 43 158
118 76 33 118
118 79 7 377
118 81 46 445
118 92 40 65
118 102 25 353
118 112 31 8
119 7 51 19
119 13 55 292
119 25 8 333
119 36 5 27
119 38 31 35
119 39 53 337
119 42 1 99
119 63 21 429
119 64 25 114
119 79 43 195
119 90 16 187
119 93 29 264
119 100 13 424
119 108 35 414
119 120 37 441
120 2 23 398
120 20 37 160
120 27 27 327
120 33 1 225
120 37 34 26
120 39 5 136
120 46 13 214
120 48 10 83
120 51 31 253
120 63 47 429
120 79 19 229
120 86 52 326
120 99 17 340
120 115 55 355
120 120 7 260
121 5 59 369
121 7 14 19
121 17 1 120
121 26 7 122
121 28 53 216
121 29 55 213
121 41 4 86
121 42 23 99
121 62 21 387
121 68 45 231
121 71 43 430
121 75 37 300
121 83 49 200
121 93 11 250
121 120 16 287
122 1 19 384
122 5 51 369
122 7 23 33
122 21 13 163
122 43 10 342
122 56 32 140
122 59 38 275
122 64 1 114
122 69 5 91
122 75 44 252
122 89 25 107
122 101 56 378
122 119 7 325
123 5 31 448
123 14 19 140
123 25 55 333
123 28 37 233
123 34 1 119
123 48 40 83
123 53 17 32
123 59 25 233
123 63 34 429
123 69 23 45
123 75 9 252
123 79 13 195
123 98 7 156
123 106 47 104
123 116 43 403
124 1 8 344
124 3 34 232
124 21 43 443
124 31 28 286
124 32 22 167
124 34 25 175
124 53 1 32
124 54 19 194
124 62 5 387
124 65 49 147
124 71 3 268
124 72 59 278
124 85 37 38
124 106 13 320
124 120 15 157
125 3 31 14
125 5 29 161
125 12 55 165
125 16 37 322
125 20 27 180
125 37 52 28
125 42 11 130
125 43 7 263
125 52 57 425
125 63 23 429
125 67 19 316
125 69 13 45
125 80 49 330
125 115 15 355
125 117 34 448
126 3 37 232
126 16 13 144
126 18 7 20
126 30 23 415
126 36 19 223
126 46 49 73
126 56 43 404
126 77 17 129
126 96 5 304
126 98 3 280
126 105 25 201
126 107 39 295
126 109 21 257
126 112 1 203
126 116 32 301
127 8 37 156
127 10 58 228
127 12 5 139
127 26 34 122
127 44 55 146
127 57 1 35
127 61 10 132
127 69 29 91
127 76 45 240
127 84 41 270
127 87 20 332
127 100 16 335
127 107 49 322
127 120 26 157
128 7 19 19
128 8 38 358
128 13 9 33
128 18 4 365
128 19 21 376
128 21 31 56
128 32 1 277
128 50 43 203
128 59 51 275
128 63 13 306
128 64 55 382
128 77 45 409
128 88 29 196
128 95 15 284
128 100 25 335
129 2 5 398
129 3 39 232
129 9 13 441
129 10 44 142
129 17 19 363
129 22 22 437
129 38 25 71
129 39 7 153
129 58 31 97
129 65 49 246
129 81 58 28
129 87 1 78
129 92 55 242
129 103 11 239
129 114 9 250
130 4 37 406
130 7 5 182
130 27 9 73
130 64 19 382
130 72 23 278
130 74 55 430
130 78 13 50
130 89 26 87
130 94 1 431
130 95 51 444
130 106 45 320
130 113 58 136
130 117 32 204
130 120 16 321
131 12 35 91
131 13 43 360
131 17 13 120
131 25 38 159
131 41 52 86
131 43 49 165
131 51 55 240
131 57 58 11
131 61 16 132
131 65 25 168
131 69 3 91
131 94 19 60
131 101 32 417
131 102 7 123
132 2 1 390
132 4 3 335
132 6 37 225
132 19 13 407
132 20 47 246
132 21 31 209
132 33 49 45
132 39 59 337
132 65 19 168
132 66 7 247
132 89 43 87
132 110 25 27
132 112 23 8
132 113 52 136
132 117 55 191
133 17 1 399
133 22 4 294
133 30 25 405
133 39 59 120
133 60 14 450
133 62 51 387
133 64 55 296
133 66 7 223
133 79 43 229
133 83 27 200
133 93 11 169
133 96 20 304
133 102 37 123
133 108 17 163
133 113 22 76
134 6 37 364
134 11 49 188
134 16 25 186
134 21 55 56
134 29 1 213
134 32 43 19
134 37 19 242
134 48 16 83
134 56 7 85
134 64 31 296
134 70 52 376
134 81 13 28
134 83 22 410
134 95 46 167
134 109 29 257
135 4 49 229
135 13 43 292
135 29 7 338
135 37 1 144
135 49 4 259
135 51 55 253
135 53 15 175
135 61 31 132
135 63 53 429
135 80 25 330
135 104 23 115
135 107 38 110
135 112 47 8
135 117 58 448
135 120 20 157
136 23 53 297
136 44 19 146
136 46 31 214
136 55 51 181
136 59 46 233
136 61 22 359
136 69 27 45
136 74 10 204
136 75 3 385
136 76 13 190
136 87 37 386
136 98 1 156
136 100 43 151
136 103 29 239
136 115 55 33
137 23 1 273
137 24 13 160
137 25 8 159
137 30 21 415
137 54 57 194
137 58 43 334
137 62 38 387
137 70 34 388
137 72 19 73
137 74 16 424
137 80 25 61
137 88 47 215
137 109 55 257
137 113 4 77
137 120 28 321
138 3 9 14
138 7 41 182
138 28 13 233
138 54 1 194
138 55 11 233
138 57 43 63
138 71 5 430
138 73 7 417
138 79 31 437
138 88 35 215
138 89 51 7
138 90 19 106
138 110 56 121
138 112 3 8
138 115 15 241
139 3 41 232
139 7 46 19
139 25 13 374
139 27 29 327
139 32 22 350
139 37 57 26
139 42 55 130
139 62 31 387
139 66 25 65
139 72 51 278
139 75 1 303
139 81 19 445
139 89 9 107
139 105 7 108
139 109 17 257
140 8 51 182
140 20 21 180
140 22 16 294
140 27 11 168
140 31 43 93
140 43 1 263
140 57 25 40
140 64 31 114
140 70 13 158
140 81 28 28
140 83 4 396
140 87 39 78
140 91 46 176
140 112 37 203
140 116 7 104
141 6 31 99
141 9 1 367
141 19 43 48
141 22 40 446
141 39 38 337
141 40 7 158
141 41 52 258
141 42 17 184
141 56 9 404
141 58 25 25
141 66 13 107
141 77 5 409
141 82 35 380
141 85 19 38
141 90 28 277
142 2 47 239
142 5 49 369
142 6 43 364
142 16 55 125
142 31 4 286
142 47 31 169
142 56 13 27
142 67 7 345
142 74 39 118
142 81 22 246
142 88 17 196
142 90 51 390
142 101 25 378
142 113 19 76
143 11 31 178
143 21 1 209
143 27 8 327
143 45 5 71
143 51 10 256
143 55 13 133
143 58 26 97
143 67 40 345
143 70 34 106
143 83 15 435
143 84 47 114
143 89 55 321
143 95 43 42
143 100 49 424
143 117 22 204
144 1 25 18
144 14 19 149
144 20 31 180
144 26 49 272
144 27 23 73
144 42 55 47
144 61 52 132
144 74 10 222
144 75 13 252
144 92 57 421
144 94 43 69
144 95 7 235
144 96 29 304
144 102 1 388
144 106 41 104
145 6 25 76
145 10 52 228
145 32 16 350
145 45 11 303
145 47 19 77
145 65 1 147
145 69 9 91
145 80 31 61
145 81 43 445
145 98 7 145
145 99 23 340
145 111 40 397
145 112 5 8
145 114 13 266
145 117 58 204
146 2 52 239
146 3 3 14
146 6 19 398
146 17 49 120
146 28 17 233
146 33 46 14
146 42 27 130
146 44 40 124
146 47 31 196
146 52 5 38
146 69 15 45
146 70 55 158
146 73 10 57
146 92 58 334
146 113 43 76
147 3 55 232
147 10 37 338
147 43 34 165
147 48 43 47
147 51 15 253
147 52 40 425
147 53 13 32
147 62 1 387
147 79 27 377
147 87 19 78
147 93 5 169
147 95 7 284
147 106 31 320
147 113 58 69
147 114 53 35
148 22 7 126
148 24 13 317
148 26 4 272
148 32 22 277
148 42 45 130
148 44 1 124
148 51 34 253
148 53 47 32
148 54 10 194
148 60 26 450
148 71 52 430
148 82 15 392
148 84 29 307
148 100 19 413
148 101 37 384
149 6 25 397
149 25 13 333
149 26 45 122
149 34 59 119
149 36 21 247
149 56 37 108
149 74 31 31
149 75 49 303
149 79 1 126
149 91 29 31
149 93 19 264
149 98 41 156
149 116 7 403
149 119 56 17
150 7 37 19
150 18 19 365
150 22 4 437
150 23 25 200
150 33 41 14
150 39 9 337
150 59 31 275
150 62 27 387
150 63 1 429
150 70 52 209
150 76 13 332
150 88 59 215
150 90 15 390
150 93 23 264
150 112 39 8
151 13 31 292
151 14 57 149
151 19 49 407
151 21 43 163
151 40 7 195
151 53 55 307
151 56 26 85
151 60 2 26
151 66 21 80
151 68 16 315
151 73 9 417
151 76 35 118
151 91 47 31
151 97 19 135
151 100 37 231
152 18 55 365
152 28 37 253
152 35 7 177
152 40 3 158
152 45 5 218
152 49 31 135
152 65 25 147
152 67 52 316
152 68 22 315
152 81 34 445
152 86 1 326
152 89 13 168
152 91 19 176
152 99 45 55
152 118 29 133
153 21 49 143
153 29 43 213
153 33 39 45
153 43 55 263
153 48 28 47
153 67 4 316
153 77 8 409
153 81 31 28
153 82 21 380
153 87 13 227
153 92 34 348
153 101 25 384
153 111 1 192
153 119 10 325
154 21 55 443
154 42 29 184
154 49 19 296
154 58 7 25
154 67 14 316
154 76 51 118
154 78 37 188
154 81 10 246
154 95 22 42
154 96 44 29
154 107 25 298
154 110 32 121
154 113 1 136
154 117 4 249
154 119 40 17
155 17 4 412
155 21 55 172
155 27 59 327
155 34 20 119
155 36 50 27
155 52 23 38
155 53 13 307
155 74 31 222
155 76 10 118
155 84 39 307
155 85 43 38
155 99 37 257
155 100 28 335
155 102 15 123
155 117 34 191
156 10 43 228
156 17 46 399
156 33 51 14
156 45 7 9
156 51 15 240
156 56 1 127
156 59 22 275
156 60 31 283
156 62 49 387
156 65 26 246
156 67 55 214
156 73 13 57
156 77 41 129
156 96 39 304
156 113 19 191
157 4 19 358
157 7 7 19
157 14 55 140
157 15 35 123
157 20 13 180
157 23 9 297
157 55 59 233
157 59 4 275
157 61 37 359
157 65 49 398
157 68 28 315
157 75 44 303
157 90 40 149
157 112 53 8
157 116 31 104
158 6 49 397
158 23 7 280
158 32 9 19
158 35 1 255
158 41 28 258
158 43 16 263
158 50 5 285
158 51 57 190
158 56 31 147
158 62 37 34
158 81 19 81
158 90 25 390
158 100 22 39
158 117 13 249
158 120 40 260
159 4 31 50
159 5 51 448
159 12 43 91
159 29 55 129
159 40 25 404
159 41 13 258
159 50 23 285
159 55 35 181
159 72 41 278
159 90 10 277
159 95 7 42
159 100 46 424
159 107 1 110
159 111 37 192
159 119 16 325
160 5 19 85
160 8 14 44
160 14 25 276
160 20 35 160
160 32 39 19
160 46 1 214
160 53 37 307
160 64 55 114
160 73 29 23
160 76 45 118
160 77 10 409
160 82 5 380
160 87 31 248
160 92 7 442
160 105 22 108
161 2 49 390
161 13 1 292
161 22 10 126
161 25 31 159
161 28 7 233
161 48 25 47
161 53 55 32
161 67 38 139
161 68 13 64
161 76 43 118
161 98 17 280
161 102 51 388
161 111 45 41
161 112 19 57
161 118 59 183
162 2 22 390
162 4 43 50
162 8 7 44
162 19 39 99
162 29 49 215
162 46 55 21
162 57 19 69
162 59 31 233
162 77 15 409
162 91 37 176
162 94 2 69
162 97 53 135
162 105 59 201
162 107 25 100
163 5 23 369
163 20 49 180
163 32 43 431
163 33 33 45
163 35 7 161
163 41 25 58
163 49 1 296
163 53 21 32
163 66 57 8
163 72 55 278
163 78 14 429
163 90 4 390
163 92 28 348
163 112 35 203
163 119 51 325
164 4 37 229
164 9 55 441
164 35 31 255
164 37 22 26
164 47 13 272
164 52 5 37
164 57 50 11
164 58 10 25
164 65 1 285
164 83 7 200
164 85 26 38
164 102 43 353
164 114 35 35
164 119 19 17
165 1 1 21
165 5 5 85
165 11 25 224
165 16 37 144
165 34 8 119
165 38 14 72
165 41 22 58
165 56 55 127
165 62 59 387
165 85 43 134
165 89 31 168
165 93 35 169
165 98 47 156
165 100 28 413
165 102 50 17
166 6 49 450
166 34 25 119
166 38 27 72
166 39 59 107
166 45 35 71
166 56 31 108
166 60 55 283
166 61 10 242
166 68 1 231
166 75 14 117
166 89 43 7
166 90 22 18
166 91 7 176
166 107 37 433
167 5 1 369
167 19 25 211
167 23 17 297
167 26 51 315
167 38 19 35
167 40 11 195
167 52 49 38
167 54 32 194
167 69 29 45
167 83 34 396
167 91 3 176
167 96 43 304
167 101 40 384
167 108 46 278
167 116 13 301
168 3 25 14
168 13 55 133
168 14 1 140
168 22 34 376
168 29 19 215
168 32 49 40
168 34 29 119
168 56 14 85
168 58 37 97
168 70 31 158
168 75 8 433
168 87 43 78
168 91 40 31
169 1 43 333
169 6 31 397
169 16 49 125
169 24 1 317
169 27 35 168
169 35 37 161
169 45 5 9
169 59 13 275
169 67 28 316
169 82 3 380
169 87 21 248
169 89 8 7
169 90 58 390
169 105 19 108
169 114 41 250
170 16 8 306
170 17 28 120
170 29 19 255
170 39 23 384
170 42 47 130
170 45 13 9
170 47 15 226
170 52 32 37
170 74 34 424
170 92 55 348
170 97 1 440
170 100 52 413
170 102 3 123
170 116 37 13
170 119 25 17
171 20 33 180
171 21 56 163
171 27 35 327
171 45 47 177
171 48 49 83
171 50 11 399
171 52 1 425
171 54 3 194
171 83 19 410
171 85 39 173
171 100 22 413
171 104 5 115
171 107 25 110
171 113 8 77
171 116 13 13
172 1 19 283
172 3 39 14
172 10 13 228
172 19 1 211
172 33 41 225
172 34 10 119
172 36 47 27
172 46 32 183
172 71 23 430
172 73 8 57
172 75 25 303
172 82 37 380
172 95 58 42
172 104 29 389
172 113 16 76
173 26 46 272
173 27 53 168
173 32 33 19
173 35 15 201
173 41 55 86
173 53 49 178
173 61 58 342
173 65 1 446
173 70 37 36
173 84 7 307
173 92 43 421
173 97 9 440
173 102 19 388
173 108 29 252
173 120 26 287
174 13 25 360
174 14 37 23
174 17 31 399
174 31 1 286
174 35 49 177
174 38 13 334
174 51 19 190
174 54 5 194
174 55 41 181
174 58 22 334
174 59 10 275
174 93 17 250
174 106 29 170
174 117 7 448
174 118 59 383
175 3 1 65
175 12 59 276
175 28 40 216
175 38 31 71
175 40 47 195
175 43 37 342
175 52 49 425
175 59 43 275
175 69 16 91
175 80 28 61
175 86 23 326
175 92 51 242
175 100 13 413
175 106 19 320
175 112 57 203
176 1 7 21
176 5 16 448
176 29 43 215
176 32 58 19
176 48 13 83
176 53 19 175
176 57 22 69
176 62 29 34
176 64 33 46
176 72 5 73
176 76 31 118
176 79 1 377
176 84 11 224
176 92 37 65
176 105 27 201
177 5 1 448
177 6 55 398
177 10 37 228
177 26 13 122
177 43 22 117
177 52 20 325
177 57 7 63
177 58 46 334
177 60 3 283
177 62 16 387
177 74 52 222
177 83 43 200
177 87 25 332
177 103 10 425
177 107 32 148
178 12 55 91
178 17 1 412
178 26 19 1
178 28 22 93
178 41 7 258
178 56 49 127
178 57 27 63
178 61 40 342
178 67 57 316
178 71 15 430
178 92 31 348
178 94 43 354
178 98 10 145
178 99 53 340
178 119 34 17
179 11 37 178
179 26 10 1
179 28 1 216
179 49 34 412
179 52 7 37
179 64 27 382
179 65 3 168
179 66 19 8
179 76 47 240
179 77 25 409
179 86 14 326
179 94 49 431
179 102 43 17
179 103 57 383
179 119 31 192
180 4 37 62
180 5 28 448
180 7 23 182
180 25 7 371
180 29 13 338
180 42 25 184
180 50 55 203
180 54 51 194
180 55 53 181
180 77 49 409
180 85 43 239
180 89 1 7
180 90 19 226
180 91 31 176
180 112 11 203
181 13 57 205
181 26 52 272
181 32 25 167
181 41 21 258
181 42 1 184
181 57 49 63
181 60 9 89
181 63 19 306
181 65 13 446
181 80 37 330
181 93 55 264
181 97 45 440
181 98 7 137
181 99 34 55
181 114 4 41
182 6 19 99
182 8 49 156
182 23 17 200
182 37 31 270
182 40 7 150
182 47 55 196
182 52 41 38
182 57 34 11
182 60 4 352
182 76 47 118
182 85 13 173
182 87 37 332
182 100 10 413
182 104 29 115
182 116 43 301
183 7 49 19
183 40 23 195
183 41 34 58
183 50 16 223
183 67 46 326
183 81 39 28
183 86 10 326
183 88 7 196
183 95 51 42
183 97 19 36
183 104 4 389
183 105 31 201
183 111 1 41
183 117 25 448
183 120 13 287
184 8 55 126
184 18 28 365
184 22 1 376
184 53 25 307
184 57 4 11
184 59 39 233
184 62 35 34
184 64 13 296
184 80 19 61
184 89 49 168
184 96 17 29
184 107 45 322
184 110 7 134
184 111 22 209
184 115 31 36
185 3 1 14
185 6 43 398
185 9 37 12
185 14 49 276
185 15 13 178
185 16 55 144
185 33 11 188
185 66 31 247
185 71 3 430
185 76 25 240
185 77 17 409
185 96 15 29
185 99 23 374
185 114 19 250
185 115 7 369
186 24 5 160
186 25 19 371
186 32 52 277
186 35 43 201
186 37 49 378
186 40 29 158
186 58 55 97
186 60 10 352
186 63 16 306
186 64 25 23
186 74 13 222
186 75 1 433
186 89 37 87
186 90 31 226
186 99 41 55
187 6 19 364
187 22 15 376
187 23 3 297
187 30 37 415
187 42 31 130
187 46 43 183
187 53 29 32
187 66 50 247
187 68 55 64
187 75 33 252
187 88 41 196
187 89 25 7
187 109 47 257
187 117 7 2
187 118 1 183
188 13 8 360
188 23 41 200
188 28 43 233
188 39 57 337
188 51 4 253
188 70 25 106
188 72 37 73
188 73 22 23
188 82 45 380
188 90 49 277
188 92 1 348
188 93 39 264
188 97 59 36
188 111 52 41
188 117 28 204
189 5 41 85
189 19 31 407
189 30 15 415
189 32 4 144
189 35 20 177
189 40 49 404
189 41 7 58
189 50 45 203
189 57 52 63
189 69 37 45
189 76 2 118
189 92 10 348
189 94 26 431
189 104 39 389
189 115 55 340
190 11 49 345
190 15 5 353
190 18 52 365
190 19 55 407
190 36 29 223
190 38 19 71
190 50 17 285
190 61 31 359
190 69 37 91
190 80 46 61
190 91 34 176
190 99 7 55
190 110 1 27
190 113 13 77
190 116 25 13
191 11 58 178
191 25 1 371
191 28 13 253
191 39 19 337
191 42 37 99
191 51 7 253
191 53 31 32
191 57 21 63
191 65 44 285
191 67 28 345
191 68 16 231
191 70 49 158
191 88 25 215
191 117 10 2
191 120 33 287
192 6 7 364
192 14 31 276
192 20 49 160
192 22 1 437
192 45 11 84
192 50 13 223
192 58 46 97
192 61 25 359
192 70 22 106
192 80 56 61
192 92 37 348
192 101 4 384
192 106 28 320
192 113 15 370
192 120 19 441
193 4 55 244
193 21 25 443
193 32 34 350
193 33 19 188
193 34 4 119
193 43 43 165
193 59 1 275
193 68 7 64
193 70 10 106
193 73 21 57
193 83 14 200
193 85 51 38
193 105 17 108
193 112 49 57
193 120 31 441
194 6 33 364
194 15 11 178
194 18 58 365
194 35 25 36
194 36 29 247
194 37 22 225
194 38 44 71
194 50 41 399
194 63 5 429
194 70 19 158
194 81 1 28
194 88 53 76
194 90 16 106
194 109 31 257
194 118 37 383
195 2 39 390
195 8 13 182
195 14 7 276
195 18 55 20
195 43 58 263
195 56 43 300
195 59 49 233
195 61 34 342
195 67 1 316
195 68 4 64
195 75 19 252
195 88 47 196
195 94 25 60
195 95 52 319
195 100 31 424
196 1 1 129
196 19 44 407
196 27 5 327
196 33 15 32
196 38 37 334
196 46 19 115
196 47 7 226
196 56 27 404
196 69 58 91
196 91 41 176
196 97 17 36
196 106 52 320
196 107 32 295
196 114 49 250
197 6 38 76
197 12 11 276
197 13 43 33
197 14 13 140
197 37 56 270
197 44 7 124
197 53 33 307
197 56 25 127
197 58 4 97
197 62 47 34
197 66 50 223
197 78 1 234
197 96 31 29
197 99 59 55
197 110 19 82
198 3 28 232
198 25 49 159
198 32 37 431
198 39 47 337
198 40 1 404
198 52 59 425
198 58 40 97
198 65 43 168
198 68 31 231
198 71 5 268
198 87 55 386
198 99 3 55
198 107 13 410
198 112 8 105
198 114 11 35
199 3 7 14
199 21 21 56
199 22 33 205
199 35 45 60
199 48 25 83
199 58 28 25
199 72 37 278
199 75 1 153
199 88 59 196
199 93 51 264
199 106 43 320
199 108 31 278
199 109 57 257
199 111 10 192
199 119 13 325
200 8 31 358
200 12 53 276
200 15 7 178
200 21 19 443
200 23 15 297
200 31 1 93
200 43 4 342
200 68 46 352
200 83 10 410
200 89 37 235
200 90 43 277
200 99 29 55
200 101 49 417
200 108 17 414
200 110 25 134
201 7 1 33
201 24 15 317
201 27 3 73
201 34 5 281
201 48 22 47
201 72 7 278
201 74 58 118
201 84 53 114
201 89 9 87
201 90 34 226
201 91 25 176
201 94 37 354
201 97 51 135
201 99 27 55
201 104 20 389
202 14 7 109
202 30 25 415
202 32 21 19
202 39 40 337
202 54 11 229
202 58 31 25
202 60 34 283
202 61 49 132
202 68 52 64
202 74 4 204
202 77 27 409
202 79 55 399
202 88 1 196
202 101 46 378
202 116 13 104
203 18 1 365
203 27 41 327
203 28 29 233
203 40 53 404
203 43 16 165
203 45 5 177
203 46 19 214
203 47 7 51
203 55 27 133
203 59 58 275
203 60 13 26
203 72 25 73
203 74 50 31
203 83 55 200
203 103 35 383
204 12 19 266
204 17 52 412
204 29 27 338
204 37 49 28
204 38 1 71
204 43 31 263
204 45 11 71
204 46 38 214
204 49 16 412
204 81 13 246
204 82 25 380
204 90 55 390
204 100 46 151
204 101 34 222
204 104 9 389
205 6 7 225
205 9 55 12
205 10 33 142
205 11 1 345
205 15 52 123
205 19 37 407
205 20 23 180
205 29 15 215
205 31 49 153
205 43 25 342
205 50 59 399
205 56 19 300
205 57 28 35
205 70 4 106
205 82 11 380
206 5 11 420
206 11 58 188
206 34 46 119
206 46 50 115
206 47 7 169
206 53 3 307
206 60 38 283
206 62 13 34
206 69 21 45
206 76 1 190
206 84 5 224
206 86 19 326
206 87 25 248
206 89 31 7
206 101 43 127
207 4 55 62
207 23 7 297
207 48 13 47
207 75 31 433
207 81 4 246
207 91 53 176
207 93 11 264
207 99 19 55
207 103 40 383
207 104 25 389
207 106 23 320
207 108 1 252
207 110 27 82
207 111 37 41
207 116 43 13
208 5 41 420
208 20 57 180
208 43 19 263
208 47 7 272
208 54 34 194
208 63 31 306
208 64 50 296
208 70 26 158
208 73 17 57
208 77 29 409
208 93 13 264
208 97 15 36
208 100 38 424
208 103 22 383
208 107 2 295
209 7 3 33
209 10 34 228
209 13 49 360
209 15 7 165
209 37 25 144
209 45 53 303
209 48 16 309
209 52 43 425
209 55 29 181
209 60 10 26
209 75 55 303
209 78 31 429
209 81 40 445
209 82 5 392
209 89 20 444
210 5 47 161
210 9 55 343
210 25 31 374
210 31 43 153
210 34 29 281
210 40 17 404
210 51 22 253
210 62 25 387
210 66 9 8
210 78 50 429
210 80 4 330
210 85 13 38
210 103 20 425
210 112 7 8
210 115 39 369
211 6 1 76
211 25 43 374
211 28 31 175
211 39 13 337
211 43 37 165
211 46 27 122
211 52 33 325
211 58 58 157
211 59 49 355
211 63 25 306
211 73 23 417
211 85 19 239
211 86 5 326
211 92 7 348
211 110 15 121
212 17 7 120
212 35 25 177
212 37 45 270
212 38 51 334
212 50 59 203
212 53 49 32
212 73 29 57
212 77 57 409
212 79 15 377
212 86 19 421
212 92 40 242
212 98 5 267
212 112 13 8
212 114 31 250
212 117 2 191
213 17 13 412
213 30 29 415
213 41 31 258
213 46 19 183
213 50 46 223
213 58 4 334
213 60 25 26
213 65 49 285
213 85 7 38
213 93 57 169
213 100 1 424
213 109 23 257
213 111 43 397
213 112 16 8
213 116 37 403
214 13 50 33
214 19 55 211
214 25 43 371
214 35 25 161
214 39 17 384
214 40 29 195
214 51 10 240
214 56 19 147
214 71 1 401
214 74 13 31
214 89 32 87
214 94 37 60
214 95 7 167
214 98 3 156
214 118 5 383
215 3 16 14
215 25 2 374
215 26 37 122
215 28 9 175
215 41 46 86
215 45 59 303
215 47 31 51
215 57 25 35
215 62 11 34
215 69 7 91
215 70 28 106
215 74 19 31
215 78 22 188
215 100 43 424
215 104 14 389
216 12 41 276
216 19 43 376
216 28 25 216
216 30 27 415
216 34 17 281
216 36 59 247
216 39 1 107
216 65 7 147
216 72 19 278
216 81 31 246
216 88 3 215
216 91 34 31
216 92 13 348
216 114 11 97
216 115 21 355
217 1 43 18
217 4 31 62
217 7 47 182
217 8 19 44
217 14 49 294
217 44 4 206
217 72 35 73
217 94 7 354
217 98 13 267
217 100 58 413
217 102 38 388
217 110 25 121
217 112 1 105
217 117 55 448
217 118 11 133
218 10 33 338
218 22 13 437
218 23 1 297
218 24 49 317
218 26 4 122
218 37 52 270
218 44 22 146
218 53 16 178
218 56 37 404
218 66 9 65
218 73 26 57
218 98 7 267
218 104 43 389
218 107 55 295
218 108 31 414
219 2 35 404
219 4 49 335
219 5 53 369
219 22 16 126
219 29 27 215
219 35 43 36
219 38 37 64
219 49 31 412
219 60 7 26
219 76 5 52
219 95 10 444
219 97 1 135
219 100 13 39
219 105 3 108
219 115 19 340
220 8 55 156
220 17 52 120
220 26 1 1
220 28 28 253
220 32 25 19
220 39 49 337
220 52 7 425
220 70 31 106
220 75 43 117
220 79 38 195
220 88 35 196
220 92 10 372
220 114 15 250
220 117 20 208
220 119 4 284
221 7 13 33
221 12 5 276
221 13 55 360
221 19 1 48
221 21 37 56
221 37 25 270
221 40 9 195
221 49 50 216
221 54 28 194
221 57 16 40
221 66 43 247
221 84 35 307
221 92 19 348
221 114 47 250
221 120 32 157
222 5 37 369
222 12 25 338
222 16 43 306
222 24 7 317
222 42 49 47
222 49 9 216
222 50 58 285
222 55 19 233
222 70 55 388
222 71 4 42
222 72 21 73
222 95 13 167
222 96 23 29
222 98 33 267
222 114 16 41
223 8 32 442
223 11 55 345
223 24 3 317
223 36 39 223
223 37 7 445
223 43 28 263
223 54 37 194
223 67 43 345
223 72 21 278
223 73 53 57
223 90 58 277
223 98 1 280
223 101 25 417
223 103 13 425
223 118 47 383
224 1 37 18
224 9 31 12
224 12 1 266
224 43 22 165
224 46 15 73
224 49 44 216
224 51 3 190
224 54 49 194
224 61 8 359
224 86 13 421
224 103 11 383
224 104 57 389
224 112 27 203
224 116 51 403
225 5 15 369
225 18 10 20
225 19 2 407
225 29 25 213
225 36 22 223
225 43 51 342
225 61 40 132
225 63 35 147
225 65 31 398
225 68 19 315
225 72 17 278
225 82 49 392
225 112 29 8
225 115 43 340
225 117 37 448
226 7 1 182
226 12 53 165
226 16 49 306
226 25 21 11
226 36 3 223
226 46 31 115
226 62 19 34
226 86 35 421
226 87 25 227
226 88 5 196
226 89 55 235
226 90 7 277
226 94 14 354
226 100 10 424
226 112 37 8
227 3 17 232
227 14 33 294
227 15 9 178
227 28 47 93
227 41 49 258
227 42 5 99
227 52 52 119
227 54 59 229
227 56 43 108
227 64 1 382
227 79 20 399
227 89 55 87
227 90 40 106
227 96 25 304
227 111 13 192
228 7 17 255
228 20 55 180
228 24 39 317
228 36 7 27
228 44 4 146
228 48 22 83
228 51 52 253
228 62 57 387
228 81 10 445
228 83 1 410
228 97 35 36
228 99 49 55
228 107 25 322
228 109 15 257
228 115 31 355
229 2 31 390
229 10 25 228
229 17 43 412
229 27 15 327
229 29 19 213
229 30 38 405
229 49 28 412
229 53 4 32
229 56 33 127
229 66 51 65
229 67 55 326
229 74 40 204
229 83 1 200
229 113 58 370
229 116 7 49
230 4 1 62
230 12 35 266
230 19 31 48
230 25 7 11
230 47 19 51
230 49 37 135
230 50 29 285
230 56 43 140
230 64 49 100
230 70 16 158
230 73 5 26
230 90 25 277
230 95 57 167
230 98 40 137
230 113 13 309
231 24 19 160
231 29 43 129
231 39 4 355
231 40 17 195
231 47 9 343
231 52 25 325
231 64 31 297
231 69 41 45
231 74 52 204
231 79 56 437
231 84 21 430
231 109 7 257
231 113 13 76
231 114 23 35
231 120 1 157
232 2 10 390
232 4 37 335
232 14 49 140
232 16 56 306
232 42 35 130
232 44 25 124
232 54 15 194
232 57 2 40
232 61 7 242
232 73 5 417
232 87 31 386
232 90 45 390
232 101 28 384
232 109 13 257
232 120 22 287
233 6 55 50
233 24 7 160
233 26 16 122
233 34 41 281
233 35 1 60
233 44 28 124
233 45 59 177
233 48 52 83
233 59 37 355
233 62 13 387
233 84 43 270
233 91 9 176
233 93 21 264
233 104 45 389
233 106 34 259
234 4 57 335
234 5 17 161
234 7 9 182
234 10 31 228
234 18 1 20
234 21 49 163
234 23 11 273
234 25 37 371
234 42 7 130
234 44 21 206
234 46 44 115
234 50 19 203
234 74 13 300
234 76 4 118
234 116 25 104
235 3 2 232
235 6 7 398
235 14 14 276
235 17 58 412
235 18 32 20
235 39 11 337
235 58 50 25
235 68 4 315
235 77 19 409
235 89 37 7
235 90 55 106
235 102 44 325
235 103 41 239
235 115 25 33
235 118 23 183
236 10 28 228
236 13 14 360
236 28 31 216
236 38 7 35
236 39 55 337
236 55 33 133
236 63 11 51
236 66 57 65
236 85 19 173
236 105 35 108
236 110 37 151
236 111 25 41
236 115 43 103
236 116 2 104
236 120 49 287
237 12 29 276
237 15 47 353
237 33 55 412
237 38 49 72
237 39 34 337
237 42 3 99
237 57 40 40
237 66 13 65
237 77 23 409
237 85 19 281
237 100 9 39
237 102 43 123
237 109 1 257
237 111 31 41
237 116 57 403
238 15 47 165
238 18 19 20
238 23 22 273
238 47 43 51
238 54 1 9
238 64 55 23
238 71 31 42
238 74 13 204
238 82 17 380
238 85 49 134
238 100 34 231
238 107 26 420
238 109 4 257
238 114 37 250
238 116 7 13
239 1 31 21
239 9 43 12
239 37 51 225
239 41 58 86
239 47 38 226
239 49 22 216
239 52 56 38
239 62 3 387
239 72 11 278
239 76 14 118
239 82 17 392
239 92 19 442
239 109 25 257
239 112 9 203
239 116 27 301
240 1 25 129
240 15 1 123
240 21 32 163
240 25 37 374
240 27 47 168
240 34 16 119
240 41 13 86
240 46 55 73
240 47 49 169
240 53 41 32
240 65 43 246
240 80 10 61
240 88 23 196
240 100 3 39
240 106 7 320
241 19 43 99
241 20 1 180
241 25 55 159
241 26 31 122
241 30 47 415
241 35 20 161
241 42 35 99
241 43 4 263
241 44 13 124
241 46 8 183
241 47 37 169
241 73 41 417
241 80 28 330
241 100 16 413
241 117 25 191
242 22 20 126
242 25 31 333
242 49 55 216
242 50 41 223
242 57 28 40
242 62 25 34
242 63 17 147
242 67 49 326
242 80 7 61
242 84 5 114
242 85 1 38
242 89 13 7
242 96 46 29
242 112 23 203
242 119 10 17
243 5 43 448
243 14 8 140
243 26 40 122
243 31 19 93
243 35 55 177
243 46 25 214
243 52 51 425
243 53 33 32
243 54 22 9
243 70 1 294
243 71 35 42
243 79 45 427
243 86 15 421
243 91 17 176
243 97 29 36
244 25 37 11
244 26 58 122
244 31 31 153
244 35 1 177
244 40 7 404
244 48 9 47
244 49 43 89
244 80 22 330
244 81 19 246
244 87 13 386
244 96 34 29
244 101 52 384
244 108 29 266
244 109 41 257
244 116 25 403
245 15 23 178
245 33 45 45
245 46 7 286
245 56 56 85
245 58 16 97
245 72 39 278
245 73 2 23
245 83 4 410
245 95 25 309
245 109 43 257
245 110 19 134
245 113 33 136
245 114 28 250
245 118 31 133
245 119 13 17
246 21 13 209
246 23 51 297
246 26 10 122
246 27 3 327
246 28 47 216
246 33 17 225
246 58 19 97
246 70 7 106
246 71 5 401
246 73 43 57
246 90 26 149
246 96 31 304
246 103 22 425
246 104 1 389
246 107 55 433
247 1 7 18
247 13 19 360
247 24 5 317
247 33 28 225
247 45 23 303
247 47 13 196
247 54 46 194
247 61 40 359
247 71 33 401
247 73 1 417
247 81 55 28
247 84 11 114
247 97 17 135
247 101 49 222
247 113 25 136
248 5 17 369
248 6 39 450
248 8 9 156
248 12 27 91
248 15 20 123
248 20 37 180
248 27 45 327
248 54 13 194
248 63 1 450
248 73 15 23
248 97 43 440
248 102 31 123
248 104 7 389
248 115 3 319
248 118 25 133
249 7 29 33
249 18 43 365
249 29 1 139
249 30 9 405
249 44 22 124
249 57 58 63
249 63 41 306
249 64 37 114
249 68 55 352
249 70 15 171
249 73 51 57
249 93 49 264
249 97 35 135
249 103 33 383
249 109 25 31
250 1 1 18
250 5 43 85
250 14 31 23
250 16 8 125
250 25 45 159
250 32 15 277
250 33 35 225
250 59 25 275
250 61 19 359
250 64 37 382
250 87 55 227
250 88 13 215
250 104 23 389
250 109 53 281
250 111 28 192
251 21 38 209
251 30 11 415
251 42 29 130
251 45 3 82
251 49 22 412
251 61 19 132
251 66 13 48
251 76 35 240
251 83 52 200
251 88 5 76
251 93 55 169
251 99 57 55
251 112 1 8
251 115 7 340
251 116 43 104
252 2 31 404
252 10 49 228
252 11 46 345
252 12 33 266
252 19 7 48
252 26 1 122
252 33 52 45
252 55 23 181
252 64 13 382
252 91 39 176
252 92 25 348
252 93 41 264
252 94 19 431
252 114 44 250
252 117 55 2
253 17 19 412
253 28 29 93
253 30 17 415
253 33 37 14
253 51 7 256
253 56 49 85
253 60 46 283
253 62 43 387
253 77 40 409
253 85 25 239
253 90 34 277
253 94 13 60
253 100 55 413
253 108 11 163
253 112 3 203
254 4 25 50
254 13 37 360
254 15 53 353
254 27 1 327
254 32 19 40
254 35 32 161
254 60 16 89
254 63 5 147
254 70 13 106
254 79 43 377
254 84 41 114
254 96 22 304
254 99 47 55
254 100 55 424
254 101 10 127
255 11 16 345
255 13 31 360
255 16 1 244
255 34 23 281
255 37 52 378
255 43 49 117
255 51 55 187
255 58 44 25
255 60 58 283
255 78 7 50
255 82 13 380
255 83 10 200
255 94 27 354
255 107 19 186
255 115 38 340
256 3 51 232
256 20 25 160
256 29 7 213
256 39 11 136
256 42 49 184
256 58 22 97
256 75 2 117
256 80 34 61
256 84 19 307
256 87 55 332
256 95 38 167
256 96 15 304
256 103 43 383
256 104 59 389
256 106 41 320
257 4 55 229
257 8 25 156
257 13 13 292
257 20 59 180
257 22 19 437
257 43 50 263
257 45 11 177
257 56 37 85
257 65 7 168
257 70 31 388
257 81 1 246
257 92 22 242
257 105 5 108
257 117 45 204
258 5 40 448
258 17 25 399
258 24 43 317
258 33 19 32
258 34 37 119
258 37 13 270
258 45 29 177
258 53 7 32
258 55 58 181
258 57 9 40
258 61 4 359
258 71 1 430
258 107 49 295
258 112 47 203
258 118 17 383
259 1 13 384
259 4 7 335
259 11 37 224
259 12 25 91
259 18 27 20
259 30 31 405
259 49 4 296
259 52 11 38
259 53 23 32
259 61 46 359
259 75 19 433
259 77 35 129
259 80 40 330
259 85 49 281
259 112 33 203
260 30 19 415
260 31 13 93
260 37 25 445
260 41 40 258
260 48 32 83
260 55 43 181
260 67 37 345
260 74 10 31
260 85 1 239
260 87 51 248
260 92 22 348
260 93 35 264
260 114 7 250
260 117 16 204
260 118 5 183
261 24 17 160
261 27 49 327
261 38 32 334
261 42 4 130
261 47 43 196
261 50 41 203
261 68 25 64
261 72 2 278
261 82 8 380
261 97 10 36
261 99 38 55
261 100 51 151
261 110 20 151
261 114 55 250
261 115 13 103
262 5 43 369
262 12 25 266
262 21 32 443
262 40 1 158
262 53 27 307
262 73 53 23
262 75 37 26
262 85 7 239
262 92 58 348
262 95 19 319
262 97 15 135
262 103 3 425
262 105 13 201
262 111 55 397
262 117 45 208
263 5 11 161
263 8 13 155
263 17 37 120
263 28 25 93
263 30 33 405
263 35 7 201
263 54 41 194
263 55 21 233
263 62 19 387
263 63 17 429
263 68 52 352
263 87 27 78
263 97 23 36
263 98 3 267
263 105 5 201
264 23 13 297
264 29 55 255
264 46 25 183
264 55 31 181
264 63 41 429
264 74 22 424
264 85 2 173
264 89 33 444
264 91 29 342
264 93 53 264
264 94 7 69
264 96 11 29
264 98 15 137
264 106 39 320
264 109 50 257
265 9 33 343
265 10 40 228
265 14 1 149
265 25 49 374
265 30 31 415
265 36 17 27
265 37 7 270
265 49 58 135
265 65 26 446
265 68 10 231
265 74 55 222
265 84 45 430
265 89 13 444
265 90 37 187
265 94 20 354
266 1 13 129
266 23 22 280
266 24 41 317
266 28 11 175
266 39 1 337
266 45 17 104
266 46 43 73
266 62 55 387
266 64 25 296
266 72 53 278
266 74 4 222
266 75 37 153
266 81 34 246
266 83 19 396
266 116 7 301
267 39 26 337
267 43 4 165
267 47 37 196
267 59 46 275
267 68 16 352
267 70 52 158
267 71 2 42
267 72 43 278
267 73 41 57
267 74 33 195
267 80 13 330
267 95 7 444
267 104 11 389
267 116 55 301
267 119 22 17
268 2 41 390
268 23 39 200
268 24 53 317
268 29 13 414
268 34 22 119
268 35 49 201
268 38 25 334
268 43 46 263
268 61 19 301
268 77 29 129
268 89 55 7
268 101 43 384
268 106 33 320
268 113 7 236
268 115 1 103
269 3 5 14
269 4 49 62
269 8 13 99
269 11 21 205
269 21 7 443
269 32 40 431
269 52 29 325
269 53 57 32
269 63 3 429
269 73 19 184
269 86 37 421
269 94 31 100
269 95 25 235
269 104 53 389
269 110 44 121
270 11 34 345
270 24 25 317
270 38 49 35
270 42 37 47
270 57 4 35
270 65 44 446
270 71 59 430
270 76 17 332
270 84 31 307
270 89 13 87
270 94 55 354
270 101 1 222
270 105 53 108
270 111 19 397
270 119 7 192
271 5 49 448
271 11 28 205
271 25 13 159
271 28 31 93
271 31 43 286
271 39 7 107
271 43 22 263
271 47 37 343
271 58 58 97
271 65 33 446
271 76 11 332
271 87 1 227
271 96 9 304
271 105 26 108
271 120 52 287
272 2 17 398
272 19 57 376
272 21 43 209
272 28 7 216
272 37 19 270
272 39 22 337
272 51 27 240
272 56 9 108
272 80 52 61
272 90 49 106
272 97 55 135
272 111 34 41
272 116 13 403
272 117 40 191
272 120 37 157
273 1 1 344
273 2 7 390
273 8 57 99
273 11 40 178
273 34 50 119
273 36 47 247
273 44 13 206
273 61 52 359
273 73 35 23
273 77 55 409
273 78 27 429
273 86 31 326
273 94 9 431
273 103 45 383
273 109 19 286
274 9 49 441
274 12 59 165
274 16 55 322
274 19 26 407
274 20 39 180
274 27 17 327
274 33 53 14
274 41 31 58
274 58 1 334
274 64 43 114
274 73 4 23
274 74 7 78
274 78 14 56
274 107 19 322
275 7 28 19
275 11 55 178
275 41 10 258
275 43 38 263
275 58 43 97
275 67 13 345
275 72 25 278
275 74 7 31
275 75 19 303
275 78 1 188
275 84 4 270
275 86 16 326
275 95 46 42
275 112 50 8
275 115 31 103
276 10 43 75
276 22 13 126
276 26 19 122
276 33 49 412
276 48 39 47
276 54 22 194
276 65 1 112
276 68 58 64
276 81 16 246
276 91 27 31
276 92 52 348
276 97 9 135
276 106 25 320
276 112 33 57
276 114 37 266
277 4 19 335
277 15 11 165
277 17 4 399
277 19 7 211
277 28 16 93
277 35 43 161
277 44 25 146
277 46 55 286
277 63 1 51
277 78 28 56
277 91 49 176
277 98 35 156
277 100 52 231
277 104 32 389
277 111 37 397
278 2 13 239
278 3 25 232
278 4 15 229
278 9 7 441
278 26 43 272
278 29 37 129
278 30 4 405
278 33 19 14
278 43 1 165
278 62 21 34
278 68 49 352
278 82 27 380
278 93 29 169
278 100 31 413
278 103 23 239
279 10 16 228
279 40 49 195
279 41 7 86
279 51 51 240
279 53 59 32
279 60 31 352
279 65 37 398
279 68 34 352
279 73 55 57
279 75 25 433
279 93 57 264
279 96 3 304
279 101 46 222
279 115 19 103
279 119 13 94
280 2 47 404
280 14 43 276
280 17 40 120
280 24 11 317
280 38 7 334
280 41 49 58
280 43 1 342
280 56 32 300
280 57 52 40
280 68 19 352
280 74 4 424
280 77 38 409
280 96 57 29
280 113 22 370
280 116 13 49
281 1 51 187
281 3 28 14
281 15 17 173
281 20 15 160
281 36 37 247
281 37 10 270
281 39 31 107
281 48 46 83
281 50 39 203
281 52 55 167
281 59 19 275
281 77 43 409
281 101 7 222
281 115 2 340
281 118 13 183
282 9 25 367
282 16 43 125
282 22 8 437
282 44 19 124
282 55 56 181
282 63 17 51
282 76 37 118
282 81 1 445
282 84 34 270
282 92 49 348
282 94 39 100
282 98 52 116
282 102 13 388
282 111 4 192
283 7 53 19
283 50 29 203
283 54 26 194
283 60 10 283
283 67 7 316
283 72 49 278
283 88 3 196
283 91 5 176
283 97 13 135
283 100 31 39
283 101 46 127
283 102 55 325
283 110 19 121
283 112 1 57
283 113 15 136
284 13 55 252
284 17 43 399
284 22 46 294
284 24 51 317
284 34 13 119
284 48 7 83
284 55 10 181
284 66 25 8
284 67 22 345
284 98 1 267
284 99 29 340
284 100 19 424
284 103 15 383
284 106 49 320
284 112 17 203
285 27 11 327
285 35 1 161
285 43 19 165
285 52 53 425
285 60 27 283
285 61 43 342
285 68 40 315
285 73 58 57
285 81 8 28
285 87 49 332
285 93 25 264
285 96 47 304
285 107 13 295
285 110 31 151
286 5 53 448
286 7 35 255
286 13 43 133
286 15 59 353
286 19 7 205
286 21 31 172
286 31 40 93
286 46 1 115
286 54 49 9
286 56 25 300
286 58 19 25
286 73 17 23
286 91 23 176
286 94 13 69
286 116 55 13
287 22 25 437
287 23 10 46
287 30 13 405
287 40 41 404
287 41 28 86
287 47 37 182
287 50 34 223
287 61 7 132
287 62 1 34
287 63 47 306
287 64 20 114
287 69 56 45
287 83 3 435
287 87 43 386
287 105 15 108
288 1 9 384
288 8 13 156
288 9 1 12
288 27 17 168
288 30 35 405
288 55 7 181
288 61 56 132
288 66 39 107
288 69 19 45
288 71 37 42
288 75 31 303
288 89 21 87
288 92 43 242
288 114 29 97
288 115 25 103
289 6 55 450
289 11 25 205
289 21 7 209
289 25 39 333
289 47 19 169
289 55 37 181
289 59 28 275
289 62 17 34
289 68 46 315
289 82 23 380
289 83 1 396
289 92 4 442
289 94 13 431
289 110 31 134
289 116 50 13
290 4 27 229
290 47 13 169
290 52 41 37
290 66 43 107
290 72 4 278
290 76 31 72
290 84 17 224
290 88 35 76
290 101 22 127
290 103 20 383
290 105 1 108
290 112 25 203
290 115 37 103
290 117 10 208
290 119 7 17
291 15 11 353
291 17 4 120
291 39 23 153
291 44 37 206
291 49 13 259
291 50 17 399
291 52 47 38
291 53 21 178
291 54 25 229
291 59 34 233
291 89 55 107
291 99 1 55
291 108 19 142
291 111 28 41
291 113 7 136
292 20 7 180
292 22 31 126
292 23 23 297
292 24 27 317
292 25 13 371
292 35 56 161
292 39 17 337
292 55 19 181
292 65 43 147
292 71 3 401
292 74 49 430
292 78 10 50
292 85 37 281
292 92 34 242
292 112 21 203
293 3 11 14
293 9 20 367
293 17 25 120
293 26 1 272
293 33 45 225
293 34 43 119
293 40 5 195
293 49 31 259
293 59 52 355
293 80 40 61
293 93 16 264
293 96 37 304
293 107 7 295
293 111 28 209
293 112 35 57
294 5 11 85
294 15 13 353
294 21 55 209
294 23 38 46
294 39 15 337
294 51 40 253
294 54 7 194
294 55 1 181
294 57 3 63
294 61 28 359
294 76 49 240
294 83 22 396
294 106 17 320
294 109 33 257
294 118 9 383
295 1 19 21
295 13 39 292
295 34 35 175
295 35 31 177
295 45 1 84
295 53 15 307
295 54 59 194
295 62 23 34
295 79 25 195
295 90 46 277
295 92 10 442
295 100 7 424
295 102 55 353
295 104 37 389
295 119 4 325
296 7 5 33
296 14 31 149
296 17 46 120
296 18 10 365
296 33 57 14
296 55 3 233
296 59 7 355
296 68 37 352
296 70 49 36
296 76 53 118
296 87 14 78
296 99 25 55
296 100 40 413
296 106 55 320
296 110 20 27
297 11 52 188
297 31 10 153
297 38 19 64
297 40 33 404
297 44 7 146
297 58 58 25
297 61 1 132
297 66 43 8
297 74 16 31
297 89 26 444
297 91 37 31
297 96 35 304
297 97 49 135
297 109 47 123
297 114 23 250
298 5 52 420
298 13 39 33
298 15 3 178
298 23 37 297
298 26 43 315
298 27 20 327
298 43 31 117
298 61 34 132
298 65 13 285
298 71 11 430
298 74 28 222
298 75 55 153
298 112 5 203
298 114 47 35
298 115 7 103
299 3 19 232
299 21 7 163
299 30 43 405
299 35 37 255
299 43 52 117
299 52 55 425
299 56 21 85
299 67 46 316
299 77 5 129
299 79 32 377
299 86 29 421
299 92 49 442
299 97 25 135
299 101 58 222
299 111 16 249
300 9 13 12
300 20 56 160
300 33 25 188
300 41 37 258
300 45 1 218
300 49 58 216
300 52 27 325
300 54 17 194
300 56 19 404
300 70 52 36
300 73 3 57
300 85 31 239
300 99 43 55
300 107 8 322
300 112 35 8
Điểm tối ưu/tốt nhất tìm được: 4471
Thời gian: 360.174406 giây
Trạng thái: VALID
