3600
1 34 37 156
1 3 1 391
1 26 55 372
1 37 33 310
1 7 43 99
1 72 59 48
1 108 28 16
1 21 41 20
1 22 52 212
1 89 17 48
1 90 9 379
1 25 23 24
2 98 35 22
2 99 55 21
2 42 53 6
2 46 49 369
2 111 43 193
2 14 39 170
2 83 10 60
2 52 27 204
2 55 7 53
2 59 21 53
2 61 17 4
2 30 58 27
3 96 23 23
3 64 47 87
3 65 15 177
3 10 49 128
3 12 58 353
3 77 53 36
3 110 19 424
3 19 43 47
3 21 31 20
3 91 27 120
3 61 35 448
3 30 37 37
4 99 4 21
4 70 49 260
4 72 55 177
4 11 7 231
4 45 47 313
4 114 37 65
4 84 11 14
4 54 43 166
4 87 25 412
4 90 15 168
4 28 19 67
4 63 59 104
5 65 51 216
5 35 37 442
5 70 28 113
5 105 55 125
5 51 57 333
5 53 33 8
5 54 1 7
5 94 9 154
5 59 15 88
5 28 21 304
5 29 7 55
5 30 4 243
6 67 43 268
6 58 19 182
6 74 34 63
6 43 23 31
6 45 37 9
6 113 11 399
6 50 46 168
6 55 49 282
6 89 41 400
6 26 7 372
6 29 13 304
6 31 59 30
7 96 37 23
7 65 43 162
7 4 31 69
7 5 23 3
7 10 57 131
7 108 1 419
7 79 35 50
7 85 19 317
7 57 25 341
7 27 11 197
7 61 15 106
7 94 51 82
8 32 55 120
8 7 58 183
8 107 49 266
8 75 16 76
8 13 46 55
8 110 7 423
8 16 23 44
8 85 1 240
8 118 35 335
8 25 5 24
8 28 19 177
8 94 25 64
9 33 53 14
9 69 28 323
9 5 11 438
9 101 40 328
9 107 45 417
9 113 13 19
9 20 33 207
9 53 3 399
9 27 17 87
9 61 23 160
9 95 55 97
9 31 49 30
10 32 58 103
10 98 5 48
10 37 27 348
10 102 45 94
10 7 10 183
10 40 16 38
10 78 23 2
10 50 34 27
10 114 31 65
10 85 51 57
10 23 3 86
10 59 39 195
11 32 55 437
11 33 19 141
11 35 28 63
11 39 59 33
11 14 1 47
11 81 45 410
11 18 21 334
11 82 31 366
11 22 10 212
11 86 52 430
11 88 17 411
11 26 13 413
12 64 57 347
12 65 27 96
12 69 40 199
12 39 53 210
12 41 34 10
12 73 9 233
12 9 4 17
12 107 19 206
12 48 25 98
12 20 49 268
12 85 15 14
12 90 43 119
13 2 7 241
13 5 53 438
13 73 15 259
13 43 35 31
13 44 31 59
13 82 57 110
13 20 49 350
13 52 43 3
13 116 1 5
13 87 27 447
13 93 37 284
13 61 41 141
14 89 49 272
14 2 43 149
14 99 10 27
14 38 46 90
14 110 33 91
14 82 13 253
14 117 57 404
14 87 25 230
14 56 52 38
14 24 21 413
14 58 3 357
14 61 19 448
15 64 19 87
15 66 53 26
15 36 3 320
15 101 22 132
15 72 35 61
15 8 43 148
15 44 57 112
15 15 49 205
15 52 39 208
15 21 13 20
15 55 17 331
15 59 7 2
16 3 9 17
16 70 46 153
16 71 31 233
16 105 5 145
16 74 58 136
16 75 1 275
16 50 16 27
16 119 34 397
16 86 55 126
16 87 37 342
16 118 23 168
16 30 28 27
17 34 40 54
17 36 19 275
17 39 43 33
17 59 3 62
17 109 25 276
17 14 13 185
17 51 7 279
17 85 55 317
17 54 53 395
17 86 49 356
17 91 9 56
17 94 45 381
18 32 37 154
18 97 49 423
18 39 55 323
18 42 59 6
18 107 15 147
18 44 1 314
18 49 7 408
18 50 43 422
18 51 31 137
18 21 57 439
18 23 13 246
18 120 34 54
19 32 10 7
19 26 1 73
19 8 31 148
19 9 40 293
19 42 57 54
19 76 21 244
19 115 47 8
19 83 28 60
19 88 19 21
19 90 13 306
19 29 49 421
19 62 52 71
20 98 59 140
20 66 29 26
20 6 1 56
20 102 25 424
20 46 13 263
20 111 9 255
20 47 19 237
20 17 31 363
20 117 49 222
20 54 47 404
20 30 22 307
20 31 43 406
21 67 31 340
21 3 1 148
21 37 51 310
21 75 25 399
21 108 16 16
21 17 57 436
21 114 55 289
21 22 22 212
21 57 28 410
21 91 45 308
21 28 7 304
21 93 37 265
22 5 29 3
22 37 49 111
22 71 41 338
22 69 25 443
22 105 59 405
22 110 3 423
22 79 23 50
22 17 45 239
22 82 13 141
22 119 55 141
22 28 37 67
22 93 31 12
23 67 7 201
23 68 25 381
23 8 31 76
23 45 5 310
23 110 51 155
23 13 55 298
23 48 49 288
23 49 13 324
23 79 11 50
23 85 37 371
23 62 58 71
23 63 41 104
24 64 55 87
24 96 11 96
24 12 37 112
24 111 27 131
24 15 43 172
24 79 23 91
24 87 7 342
24 120 49 68
24 90 1 363
24 91 15 56
24 61 47 232
24 30 52 402
25 32 19 103
25 89 59 421
25 34 25 156
25 100 9 447
25 41 37 48
25 43 53 31
25 81 29 202
25 84 43 104
25 21 55 20
25 86 16 178
25 25 1 32
25 58 33 289
26 96 19 300
26 34 52 343
26 3 31 390
26 36 15 183
26 68 9 79
26 69 25 170
26 103 4 27
26 107 37 347
26 11 57 290
26 14 45 185
26 112 23 267
26 55 55 418
27 66 19 291
27 4 43 69
27 7 34 183
27 104 59 29
27 109 4 113
27 78 11 13
27 80 39 181
27 50 55 332
27 19 25 199
27 21 23 355
27 25 49 24
27 29 31 421
28 66 19 308
28 101 34 132
28 9 46 17
28 43 37 349
28 44 13 317
28 109 40 428
28 78 11 151
28 107 25 90
28 110 21 380
28 82 55 253
28 20 1 207
28 92 5 172
29 97 31 35
29 34 55 400
29 67 52 429
29 68 1 413
29 39 19 70
29 105 35 89
29 75 58 76
29 81 29 319
29 51 7 333
29 119 22 397
29 90 43 228
29 62 40 71
30 97 1 361
30 100 37 114
30 41 31 214
30 108 22 16
30 78 53 108
30 79 55 50
30 113 7 291
30 83 46 60
30 119 25 220
30 86 43 244
30 23 49 131
30 54 11 321
31 97 33 1
31 58 43 227
31 6 49 56
31 103 37 322
31 12 40 353
31 111 55 229
31 47 13 405
31 18 15 368
31 86 4 244
31 55 25 99
31 24 19 375
31 56 7 223
32 64 7 87
32 98 13 140
32 3 25 45
32 100 39 43
32 105 37 228
32 47 55 140
32 15 51 449
32 29 5 39
32 58 43 86
32 59 31 62
32 61 49 177
32 62 16 71
33 96 55 23
33 34 58 343
33 99 52 21
33 70 7 332
33 74 1 394
33 108 43 419
33 45 17 287
33 78 31 93
33 51 29 83
33 52 25 12
33 23 49 150
33 24 33 301
34 97 15 140
34 38 58 90
34 44 37 314
34 109 49 279
34 15 21 167
34 16 29 441
34 80 33 189
34 17 1 228
34 50 43 307
34 84 7 14
34 87 9 230
34 89 53 242
35 32 31 232
35 97 1 100
35 35 58 259
35 3 25 212
35 10 13 80
35 45 41 194
35 78 55 230
35 118 37 74
35 56 10 38
35 58 43 289
35 59 21 19
35 60 49 244
36 97 25 140
36 2 10 81
36 34 4 57
36 104 29 29
36 8 37 148
36 47 49 363
36 48 35 426
36 16 59 201
36 53 19 356
36 23 55 349
36 57 43 341
36 59 15 20
37 96 19 98
37 33 29 446
37 3 1 45
37 36 49 140
37 6 43 205
37 112 59 202
37 113 21 338
37 19 25 292
37 24 31 160
37 56 55 38
37 59 37 63
37 95 13 97
38 65 49 173
38 67 34 429
38 40 19 38
38 74 43 387
38 107 7 266
38 45 53 287
38 80 27 217
38 49 55 324
38 81 59 43
38 118 17 335
38 26 37 372
38 59 3 20
39 100 19 294
39 5 55 210
39 102 3 434
39 108 52 16
39 110 13 155
39 47 11 65
39 17 33 436
39 118 9 359
39 120 58 296
39 24 27 213
39 61 1 448
39 30 46 74
40 96 29 427
40 99 52 257
40 100 21 347
40 37 55 433
40 38 34 90
40 6 37 282
40 14 7 94
40 83 16 251
40 84 31 167
40 53 25 48
40 120 13 164
40 91 43 49
41 97 51 35
41 33 35 14
41 4 37 446
41 70 46 81
41 8 16 326
41 72 13 383
41 114 57 65
41 18 25 49
41 55 3 99
41 86 22 331
41 118 41 74
41 26 31 73
42 64 11 200
42 4 1 69
42 59 55 248
42 42 35 6
42 45 59 313
42 16 43 44
42 51 31 5
42 61 49 448
42 117 27 306
42 86 46 244
42 91 51 381
42 93 39 121
43 2 22 308
43 4 52 18
43 6 43 56
43 103 1 412
43 105 35 228
43 11 55 231
43 14 9 377
43 47 25 33
43 19 15 15
43 51 59 247
43 120 4 296
43 27 37 1
44 35 28 191
44 4 25 159
44 69 31 123
44 9 34 17
44 111 39 83
44 18 49 393
44 51 59 5
44 115 53 8
44 85 3 41
44 90 15 228
44 60 45 128
44 94 19 64
45 35 31 434
45 100 1 385
45 4 19 446
45 37 45 356
45 73 13 34
45 10 27 289
45 45 57 380
45 53 51 150
45 54 43 7
45 26 37 362
45 91 7 381
45 29 55 282
46 35 16 381
46 67 28 429
46 68 45 304
46 6 37 205
46 39 35 33
46 106 58 270
46 12 52 293
46 46 31 369
46 51 43 4
46 86 1 126
46 60 9 133
46 94 19 142
47 33 47 251
47 98 53 191
47 35 58 18
47 104 17 29
47 42 23 6
47 44 1 293
47 13 43 188
47 45 55 287
47 15 39 10
47 108 31 16
47 19 19 47
47 58 27 211
48 65 49 75
48 34 40 337
48 3 27 391
48 38 1 272
48 104 19 417
48 110 43 424
48 80 7 181
48 112 25 291
48 114 47 274
48 119 16 397
48 120 34 296
48 92 55 189
49 32 25 232
49 35 4 18
49 36 43 306
49 9 28 151
49 73 9 34
49 44 13 112
49 80 21 217
49 17 51 228
49 82 39 396
49 50 31 63
49 21 59 439
49 85 55 163
50 100 55 279
50 40 37 292
50 78 17 272
50 15 1 375
50 47 41 65
50 46 25 369
50 29 45 127
50 114 53 1
50 49 49 324
50 86 31 419
50 61 5 218
50 62 10 71
51 66 11 26
51 34 22 131
51 67 49 340
51 80 55 447
51 17 13 239
51 18 31 393
51 21 59 355
51 117 25 441
51 86 46 199
51 88 43 386
51 92 7 236
51 61 35 275
52 65 1 373
52 101 16 132
52 69 46 123
52 105 37 163
52 41 55 170
52 79 7 137
52 50 31 442
52 83 22 251
52 117 51 296
52 119 28 397
52 25 19 24
52 57 40 401
53 36 19 306
53 39 55 273
53 105 17 145
53 43 41 265
53 44 9 235
53 45 13 287
53 78 53 2
53 83 43 223
53 84 37 14
53 86 4 126
53 60 31 246
53 63 29 104
54 69 7 405
54 101 52 132
54 42 41 6
54 43 49 167
54 108 28 363
54 110 37 398
54 49 13 46
54 61 35 232
54 51 43 404
54 85 19 50
54 118 55 74
54 29 17 127
55 65 37 406
55 33 55 124
55 98 41 172
55 69 43 123
55 37 27 356
55 107 13 347
55 112 21 267
55 21 19 20
55 53 1 377
55 26 51 158
55 59 57 20
55 29 35 39
56 36 43 176
56 6 21 281
56 39 35 114
56 42 55 194
56 106 49 5
56 13 16 49
56 78 37 272
56 47 47 33
56 82 31 110
56 52 27 176
56 25 3 300
56 61 39 218
57 34 7 197
57 35 31 283
57 2 49 308
57 104 11 29
57 9 19 266
57 105 5 228
57 81 43 135
57 114 25 1
57 83 40 158
57 21 47 58
57 85 13 28
57 30 1 307
58 64 3 87
58 97 25 361
58 41 22 10
58 108 55 385
58 109 34 113
58 111 15 373
58 49 45 370
58 18 39 368
58 118 13 74
58 89 59 93
58 62 49 188
58 95 52 114
59 33 13 251
59 66 37 26
59 39 23 323
59 74 31 188
59 76 55 244
59 111 3 155
59 80 25 181
59 48 11 196
59 82 51 156
59 115 49 185
59 57 16 337
59 28 7 67
60 65 27 406
60 38 10 90
60 70 37 45
60 73 57 383
60 106 40 216
60 45 25 287
60 109 13 339
60 83 4 158
60 24 43 213
60 57 52 337
60 30 19 145
60 31 55 30
61 32 19 1
61 97 43 245
61 65 7 162
61 67 16 429
61 9 4 446
61 42 55 6
61 43 35 388
61 44 49 426
61 17 31 409
61 85 57 351
61 59 25 195
61 61 41 266
62 4 13 409
62 69 25 123
62 41 28 10
62 77 23 36
62 110 39 118
62 78 1 230
62 16 55 44
62 79 7 50
62 52 19 440
62 119 10 397
62 25 43 24
62 57 31 254
63 98 23 35
63 37 7 187
63 106 46 216
63 108 13 16
63 14 49 403
63 15 25 347
63 47 57 55
63 17 37 436
63 79 41 166
63 51 35 98
63 56 43 420
63 59 1 88
64 96 43 23
64 3 55 225
64 4 10 409
64 101 28 132
64 39 13 433
64 40 31 331
64 11 1 105
64 80 15 181
64 82 19 366
64 83 40 395
64 119 46 397
64 31 37 30
65 33 53 61
65 100 3 176
65 58 15 111
65 6 33 133
65 109 25 113
65 13 22 49
65 50 7 27
65 19 49 47
65 54 55 395
65 55 19 53
65 90 37 179
65 27 1 180
66 2 22 81
66 66 59 291
66 101 52 94
66 73 3 1
66 105 25 96
66 75 46 76
66 59 31 248
66 77 13 174
66 56 49 38
66 24 37 31
66 27 17 403
66 30 19 398
67 32 7 232
67 37 31 329
67 103 55 322
67 104 41 29
67 107 21 396
67 78 13 75
67 48 43 271
67 114 45 89
67 52 37 408
67 87 27 34
67 28 3 67
67 30 52 74
68 65 19 392
68 33 25 124
68 4 37 79
68 104 43 29
68 9 55 266
68 106 34 216
68 48 53 209
68 112 41 202
68 19 7 47
68 58 13 211
68 92 49 428
68 63 17 104
69 13 28 7
69 46 19 263
69 18 49 334
69 117 31 404
69 86 4 262
69 120 55 164
69 25 59 102
69 59 7 248
69 60 39 310
69 29 25 373
69 24 43 375
69 63 53 104
70 64 49 87
70 100 45 347
70 39 25 433
70 8 52 66
70 105 21 163
70 103 40 380
70 16 37 44
70 86 4 178
70 24 27 25
70 90 7 168
70 28 15 75
70 94 57 135
71 35 31 18
71 101 7 132
71 77 19 36
71 111 49 193
71 16 47 116
71 82 37 366
71 51 59 83
71 20 15 158
71 21 13 179
71 87 1 34
71 89 23 48
71 25 43 32
72 33 45 274
72 34 34 343
72 3 9 124
72 6 13 148
72 74 52 124
72 43 55 257
72 44 57 426
72 47 47 95
72 18 37 276
72 88 41 411
72 26 3 372
72 30 31 37
73 64 47 161
73 35 49 434
73 37 15 348
73 71 13 401
73 11 21 105
73 13 52 7
73 112 7 289
73 87 55 34
73 23 37 226
73 24 25 165
73 89 29 272
73 58 43 2
74 70 40 113
74 72 55 48
74 40 22 216
74 14 33 311
74 47 7 33
74 48 53 201
74 113 31 19
74 18 27 368
74 50 19 168
74 86 1 182
74 27 37 354
74 28 13 143
75 36 19 370
75 101 25 138
75 72 3 297
75 43 15 289
75 112 53 367
75 81 43 9
75 17 57 114
75 117 33 222
75 56 37 38
75 57 28 337
75 28 7 203
75 95 49 440
76 96 59 23
76 3 15 390
76 36 3 140
76 69 19 123
76 104 45 129
76 105 47 77
76 75 25 76
76 13 34 7
76 15 49 347
76 114 55 274
76 25 39 247
76 30 28 243
77 96 53 23
77 99 13 270
77 68 55 427
77 4 49 144
77 102 31 327
77 73 25 251
77 75 1 76
77 44 39 140
77 82 7 366
77 84 5 389
77 90 43 299
77 29 29 39
78 2 10 347
78 36 45 320
78 90 31 353
78 8 7 324
78 43 17 255
78 48 3 288
78 81 59 9
78 84 43 187
78 55 41 138
78 87 55 412
78 26 21 136
78 59 13 248
79 89 31 48
79 100 37 294
79 5 7 111
79 75 43 115
79 76 55 399
79 107 21 417
79 78 29 222
79 79 25 215
79 49 1 437
79 53 33 336
79 117 49 264
79 57 10 337
80 64 35 87
80 33 1 14
80 67 40 429
80 37 9 37
80 70 25 81
80 111 19 229
80 83 28 158
80 116 49 28
80 51 23 192
80 118 13 292
80 25 7 24
80 58 45 260
81 5 29 438
81 70 52 401
81 8 22 66
81 74 46 136
81 106 16 216
81 44 25 302
81 50 40 27
81 18 3 334
81 20 57 329
81 91 31 49
81 61 35 177
81 94 7 142
82 5 23 438
82 74 58 288
82 110 13 342
82 113 19 209
82 114 41 280
82 18 1 393
82 53 27 336
82 54 25 7
82 21 49 139
82 88 43 21
82 22 34 212
82 62 46 71
83 37 27 388
83 105 25 89
83 107 13 90
83 108 37 385
83 13 4 133
83 60 21 283
83 15 7 205
83 17 31 239
83 118 55 381
83 23 43 326
83 92 19 189
83 94 49 382
84 99 58 123
84 68 43 413
84 5 19 184
84 70 31 322
84 103 28 417
84 74 4 232
84 11 13 316
84 75 40 275
84 113 17 19
84 19 21 401
84 54 7 31
84 92 49 22
85 39 33 114
85 9 55 17
85 10 3 4
85 76 37 309
85 14 7 309
85 111 13 229
85 80 21 189
85 17 25 228
85 84 29 14
85 56 43 38
85 25 11 117
85 94 49 444
86 69 13 123
86 37 25 244
86 12 4 321
86 76 31 399
86 48 47 171
86 52 57 121
86 25 49 152
86 22 1 212
86 87 19 151
86 120 40 296
86 57 7 192
86 30 52 145
87 5 27 111
87 42 53 418
87 110 19 91
87 79 37 137
87 111 3 211
87 50 46 34
87 20 31 175
87 21 7 20
87 52 15 440
87 85 55 420
87 119 49 290
87 94 39 64
88 70 37 113
88 71 35 402
88 107 15 266
88 44 31 317
88 111 51 116
88 80 55 67
88 49 27 116
88 114 13 274
88 113 43 19
88 53 19 94
88 56 4 223
88 62 40 164
89 32 10 370
89 66 33 249
89 8 46 66
89 105 25 4
89 77 13 416
89 47 1 91
89 112 17 3
89 114 41 1
89 84 55 14
89 53 27 8
89 22 49 125
89 20 37 175
90 65 15 392
90 97 49 102
90 34 4 197
90 106 7 302
90 109 19 113
90 16 33 228
90 82 55 366
90 18 43 377
90 116 27 84
90 56 22 311
90 120 10 281
90 30 37 29
91 101 49 132
91 7 40 240
91 40 25 224
91 11 55 105
91 110 7 155
91 47 17 159
91 87 45 235
91 23 35 246
91 56 52 406
91 89 13 305
91 26 19 224
91 61 43 266
92 34 22 337
92 4 25 69
92 74 34 323
92 10 1 425
92 43 19 31
92 15 39 167
92 48 37 172
92 53 51 336
92 24 9 25
92 61 59 179
92 94 55 64
92 63 17 430
93 98 7 228
93 37 45 403
93 101 10 20
93 103 19 311
93 8 13 326
93 105 43 96
93 16 55 206
93 18 51 241
93 55 1 418
93 56 31 223
93 57 40 188
93 27 59 257
94 98 45 147
94 6 25 275
94 70 16 260
94 72 29 188
94 44 3 317
94 77 39 189
94 79 49 50
94 47 57 257
94 115 47 302
94 117 31 186
94 88 11 21
94 26 19 372
95 69 40 42
95 9 58 337
95 120 1 98
95 46 49 263
95 47 23 363
95 49 9 116
95 114 47 289
95 20 13 175
95 24 33 433
95 57 43 401
95 59 27 53
95 92 17 428
96 66 27 324
96 98 41 228
96 71 55 426
96 41 58 10
96 109 22 364
96 112 11 267
96 49 37 393
96 113 7 19
96 119 19 200
96 57 13 337
96 26 49 362
96 94 43 161
97 67 1 135
97 68 7 135
97 39 49 33
97 12 31 85
97 76 21 449
97 15 55 70
97 114 15 335
97 85 51 50
97 23 47 22
97 27 17 152
97 62 34 71
97 31 29 56
98 65 55 162
98 99 31 334
98 10 25 425
98 107 37 90
98 13 52 49
98 14 3 403
98 78 23 415
98 16 19 186
98 84 49 14
98 85 43 317
98 23 21 150
98 29 41 304
99 33 55 251
99 2 34 81
99 98 47 147
99 36 37 135
99 7 22 202
99 10 1 387
99 108 25 280
99 110 43 118
99 80 49 63
99 117 57 192
99 85 13 57
99 88 7 21
100 98 21 35
100 37 43 433
100 5 59 111
100 70 37 401
100 105 41 405
100 108 49 16
100 77 53 399
100 46 55 313
100 49 27 255
100 120 10 54
100 24 31 165
100 95 13 408
101 32 16 370
101 3 31 376
101 58 55 2
101 8 22 326
101 16 59 211
101 114 39 280
101 115 13 8
101 84 27 14
101 117 7 264
101 53 3 150
101 57 49 337
101 90 43 122
102 68 55 417
102 39 37 33
102 103 25 380
102 71 53 338
102 8 34 326
102 77 31 36
102 111 1 193
102 80 49 189
102 82 21 166
102 57 46 314
102 93 15 208
102 94 39 444
103 32 31 103
103 68 55 413
103 5 5 111
103 37 25 28
103 101 1 132
103 40 43 181
103 44 49 2
103 78 47 174
103 86 7 419
103 56 34 223
103 89 21 399
103 60 15 352
104 4 40 69
104 41 4 10
104 107 49 147
104 75 13 76
104 45 43 380
104 110 25 5
104 49 21 46
104 118 53 168
104 22 1 80
104 89 31 242
104 94 7 108
104 63 37 104
105 64 31 87
105 34 10 376
105 58 55 156
105 6 15 296
105 9 7 106
105 10 27 128
105 44 33 238
105 52 1 144
105 23 49 129
105 90 51 126
105 61 41 232
105 94 21 135
106 100 27 234
106 70 52 45
106 75 13 115
106 107 19 147
106 15 1 205
106 80 9 189
106 111 37 193
106 16 49 44
106 19 33 47
106 57 55 337
106 25 31 332
106 63 43 373
107 37 27 310
107 59 1 195
107 106 43 216
107 43 23 289
107 91 55 245
107 29 11 373
107 23 39 326
107 117 51 398
107 55 49 418
107 88 25 21
107 27 37 352
107 61 41 247
108 70 16 113
108 71 59 402
108 102 25 162
108 45 53 445
108 46 7 313
108 80 33 67
108 114 51 297
108 119 43 397
108 120 1 127
108 89 31 274
108 93 37 55
108 30 22 402
109 99 10 270
109 101 19 132
109 103 25 260
109 71 55 335
109 72 1 383
109 106 52 5
109 74 28 232
109 9 34 359
109 14 39 82
109 115 43 8
109 55 59 287
109 27 57 258
110 64 25 87
110 40 55 181
110 9 43 446
110 109 13 276
110 77 27 189
110 48 35 271
110 116 37 28
110 20 19 350
110 55 51 138
110 56 16 223
110 89 23 186
110 92 3 428
111 33 35 274
111 2 4 210
111 98 31 304
111 37 51 186
111 38 25 387
111 39 55 182
111 104 43 150
111 103 40 365
111 45 17 194
111 115 49 8
111 116 7 28
111 30 19 243
112 68 49 408
112 38 7 90
112 105 1 405
112 44 37 59
112 12 19 353
112 109 25 311
112 20 43 350
112 85 3 91
112 120 55 296
112 25 29 181
112 91 15 359
112 60 33 128
113 96 43 42
113 97 7 102
113 3 37 390
113 100 49 108
113 7 4 166
113 80 13 332
113 81 31 410
113 21 21 411
113 23 33 356
113 56 28 420
113 27 45 157
113 61 59 232
114 76 31 108
114 16 35 134
114 48 25 288
114 114 57 297
114 61 29 448
114 20 21 230
114 117 3 189
114 87 49 412
114 89 47 297
114 91 15 449
114 29 13 55
114 63 55 104
115 64 37 87
115 70 4 81
115 109 22 113
115 78 47 222
115 13 55 49
115 14 51 185
115 47 17 257
115 114 49 114
115 50 7 307
115 52 25 121
115 93 43 242
115 94 39 161
116 65 7 177
116 3 39 391
116 26 43 280
116 8 55 66
116 105 17 89
116 14 3 170
116 47 25 254
116 78 21 222
116 55 49 331
116 90 51 354
116 92 37 22
116 30 58 341
117 2 16 81
117 67 43 429
117 99 46 27
117 102 49 327
117 8 31 80
117 43 7 392
117 78 21 174
117 111 37 81
117 82 1 366
117 52 25 440
117 53 57 197
117 31 55 119
118 98 29 147
118 66 59 209
118 35 34 191
118 5 37 140
118 44 9 317
118 78 7 303
118 18 13 377
118 52 19 408
118 21 49 20
118 87 51 69
118 88 31 57
118 62 55 71
119 4 1 79
119 70 40 322
119 6 13 281
119 107 21 90
119 13 10 303
119 80 31 217
119 81 7 9
119 18 25 334
119 115 45 264
119 54 37 7
119 55 55 331
119 58 49 227
120 65 13 389
120 69 10 42
120 44 45 255
120 111 1 229
120 113 5 209
120 114 43 335
120 52 31 440
120 117 51 103
120 86 55 57
120 120 7 296
120 90 21 126
120 93 25 208
121 96 13 23
121 97 3 19
121 98 29 48
121 101 7 138
121 43 35 167
121 45 51 313
121 113 49 338
121 24 37 160
121 89 33 305
121 58 21 227
121 30 58 37
121 31 25 146
122 6 9 349
122 103 4 153
122 41 22 110
122 42 43 6
122 75 40 246
122 43 29 205
122 77 37 36
122 44 15 314
122 84 51 167
122 85 55 378
122 57 19 314
122 28 31 203
123 96 47 262
123 99 4 444
123 58 13 227
123 71 59 8
123 76 7 208
123 14 27 309
123 112 55 291
123 49 43 53
123 83 22 158
123 88 1 21
123 26 49 275
123 27 37 403
124 96 25 23
124 68 7 413
124 76 1 271
124 44 31 320
124 111 43 25
124 47 19 363
124 18 13 293
124 83 58 60
124 115 55 8
124 117 51 161
124 92 21 422
124 30 37 217
125 2 52 149
125 3 9 225
125 26 25 413
125 100 45 279
125 9 55 277
125 76 15 412
125 14 33 170
125 48 39 74
125 50 22 63
125 22 49 450
125 23 37 350
125 58 3 411
126 97 39 19
126 33 57 200
126 98 13 84
126 4 46 18
126 38 22 146
126 74 16 308
126 77 7 36
126 46 27 218
126 111 51 131
126 81 49 9
126 27 43 352
126 28 9 143
127 3 21 225
127 5 47 3
127 102 9 327
127 42 41 7
127 52 55 204
127 94 1 161
127 118 31 335
127 30 52 217
127 89 7 268
127 29 35 304
127 62 37 71
127 31 43 30
128 32 40 253
128 3 3 124
128 4 37 100
128 103 25 417
128 73 45 183
128 109 7 418
128 47 49 70
128 113 35 139
128 18 55 241
128 53 13 162
128 55 23 314
128 61 29 266
129 3 39 183
129 68 3 179
129 8 52 87
129 41 16 10
129 104 55 238
129 11 45 448
129 77 19 159
129 20 57 230
129 22 10 217
129 87 33 342
129 91 27 359
129 63 49 104
130 103 13 307
130 72 23 73
130 40 28 102
130 12 25 353
130 110 45 91
130 16 55 208
130 17 39 382
130 51 35 262
130 119 49 397
130 87 31 151
130 25 11 32
130 29 59 357
131 4 28 100
131 102 21 162
131 103 1 417
131 74 4 384
131 11 13 290
131 12 10 85
131 76 49 309
131 15 55 375
131 117 43 441
131 57 7 410
131 60 33 233
131 29 25 127
132 96 43 265
132 70 16 322
132 40 13 102
132 9 34 126
132 12 37 290
132 14 45 281
132 80 19 332
132 50 31 307
132 53 9 356
132 86 55 178
132 54 7 257
132 31 1 30
133 69 1 323
133 70 22 96
133 6 25 296
133 43 55 428
133 79 37 50
133 16 19 44
133 48 17 196
133 83 40 251
133 21 53 355
133 118 7 74
133 60 9 310
133 29 13 421
134 2 40 311
134 99 22 282
134 35 1 18
134 101 37 132
134 102 49 27
134 38 58 260
134 74 25 394
134 48 53 288
134 21 43 20
134 22 7 212
134 56 13 38
134 61 19 106
135 65 7 328
135 35 43 18
135 4 46 144
135 76 19 208
135 45 27 187
135 44 33 294
135 80 15 67
135 83 1 223
135 54 23 7
135 55 25 331
135 27 59 354
135 31 29 94
136 103 55 311
136 7 25 421
136 104 21 129
136 110 43 58
136 19 15 53
136 116 1 109
136 86 40 178
136 55 31 53
136 26 33 236
136 60 7 128
136 29 49 55
136 30 52 387
137 66 55 26
137 2 34 241
137 59 43 248
137 107 7 240
137 78 11 2
137 54 31 7
137 55 41 418
137 120 28 389
137 26 19 362
137 88 37 21
137 29 1 39
137 30 25 144
138 35 25 429
138 67 31 98
138 103 43 27
138 41 22 218
138 12 7 321
138 110 1 118
138 112 59 67
138 50 28 332
138 19 39 379
138 53 55 356
138 23 19 349
138 24 13 213
139 96 13 335
139 3 15 188
139 38 7 141
139 9 4 311
139 108 25 16
139 49 37 255
139 83 19 357
139 116 51 84
139 24 57 301
139 26 33 413
139 27 49 349
139 92 11 274
140 96 55 346
140 40 31 224
140 12 16 85
140 76 1 309
140 78 23 303
140 51 29 192
140 19 43 15
140 21 41 213
140 115 57 62
140 55 59 282
140 57 7 341
140 94 25 135
141 2 46 149
141 3 49 17
141 68 27 358
141 72 25 184
141 74 19 124
141 47 53 65
141 48 5 74
141 113 11 139
141 25 37 102
141 90 33 55
141 59 55 88
141 60 1 206
142 2 31 241
142 71 25 158
142 103 28 260
142 9 13 257
142 7 49 183
142 43 59 388
142 45 3 287
142 112 35 29
142 83 43 5
142 115 55 101
142 52 19 204
142 23 47 226
143 96 49 23
143 3 51 120
143 67 28 340
143 101 25 132
143 70 16 96
143 38 43 430
143 74 13 167
143 43 55 290
143 75 37 76
143 109 34 85
143 20 21 405
143 23 59 246
144 32 49 7
144 33 45 72
144 69 16 301
144 43 55 55
144 112 47 291
144 80 57 365
144 55 23 418
144 57 52 341
144 59 19 62
144 92 31 22
144 61 35 141
144 31 37 119
145 99 28 320
145 103 16 118
145 40 52 237
145 105 23 163
145 71 55 423
145 107 33 206
145 110 37 424
145 79 47 50
145 20 7 380
145 85 3 378
145 117 43 232
145 61 31 141
146 66 31 26
146 40 19 102
146 9 46 266
146 73 27 190
146 8 43 66
146 108 4 59
146 45 55 380
146 16 33 169
146 52 37 204
146 24 49 165
146 28 7 368
146 31 13 30
147 71 5 426
147 44 13 235
147 12 28 290
147 16 25 44
147 113 7 355
147 83 40 60
147 119 10 290
147 56 55 406
147 89 19 48
147 57 46 341
147 30 22 145
147 95 31 280
148 33 31 14
148 98 7 140
148 100 25 294
148 70 19 96
148 73 33 367
148 75 16 135
148 77 49 36
148 109 46 339
148 61 43 179
148 118 23 335
148 91 37 56
148 29 55 127
149 99 22 21
149 70 52 81
149 72 19 61
149 73 43 171
149 74 25 323
149 75 4 76
149 43 7 56
149 49 39 285
149 52 55 440
149 56 1 38
149 60 31 352
149 62 13 71
150 89 17 164
150 65 31 309
150 38 55 272
150 41 22 141
150 43 43 55
150 76 27 433
150 18 49 377
150 19 1 199
150 51 7 224
150 83 46 158
150 23 13 131
150 57 10 341
151 64 43 359
151 37 49 178
151 74 40 384
151 44 55 235
151 109 4 276
151 47 1 70
151 48 17 209
151 115 15 264
151 52 33 288
151 55 7 287
151 28 19 203
151 93 9 284
152 97 7 353
152 100 15 279
152 103 25 153
152 104 45 182
152 9 31 266
152 71 43 426
152 8 40 148
152 12 22 342
152 18 55 276
152 87 1 235
152 23 35 349
152 92 37 428
153 97 55 361
153 5 27 91
153 9 43 210
153 106 34 308
153 107 37 417
153 77 13 36
153 15 15 205
153 111 7 422
153 20 19 207
153 24 49 413
153 25 31 185
153 61 1 141
154 97 1 245
154 3 27 17
154 36 19 183
154 37 33 273
154 70 16 98
154 7 7 183
154 10 43 131
154 47 11 127
154 49 37 370
154 85 55 41
154 54 41 107
154 28 49 67
155 34 49 121
155 67 40 201
155 100 27 108
155 28 15 55
155 113 31 313
155 51 3 137
155 117 9 398
155 88 1 57
155 58 33 111
155 60 55 233
155 93 19 175
155 31 53 176
156 33 29 141
156 38 58 40
156 104 31 150
156 105 19 405
156 42 13 6
156 12 49 60
156 76 37 449
156 46 3 445
156 15 25 172
156 82 15 246
156 25 53 117
156 58 7 16
157 34 49 210
157 35 40 434
157 6 25 148
157 104 1 238
157 10 7 425
157 13 13 51
157 109 16 276
157 79 5 407
157 80 45 447
157 49 55 116
157 17 19 434
157 45 35 287
158 89 29 186
158 65 43 384
158 34 31 156
158 99 34 21
158 40 49 292
158 12 4 290
158 17 19 239
158 84 15 277
158 116 9 84
158 57 25 337
158 94 37 334
158 95 52 443
159 67 58 340
159 103 22 260
159 72 5 143
159 9 19 285
159 11 49 231
159 77 55 36
159 46 13 369
159 111 27 155
159 118 31 342
159 87 43 151
159 24 39 25
159 30 10 9
160 39 11 70
160 10 19 425
160 12 28 250
160 77 53 189
160 111 13 193
160 112 47 367
160 49 31 370
160 18 57 377
160 84 25 155
160 23 35 82
160 119 40 220
160 62 43 112
161 4 13 144
161 102 51 352
161 39 23 182
161 72 11 73
161 42 33 360
161 79 31 50
161 81 9 109
161 82 43 366
161 51 41 137
161 85 25 351
161 56 37 223
161 60 55 128
162 37 39 348
162 5 5 3
162 73 33 225
162 75 43 76
162 11 27 316
162 111 57 422
162 113 7 399
162 18 9 59
162 52 1 440
162 26 21 236
162 92 31 189
162 30 16 402
163 98 29 22
163 68 39 272
163 6 43 234
163 7 49 240
163 9 16 446
163 11 33 105
163 60 9 100
163 15 21 235
163 111 3 362
163 83 55 60
163 119 52 200
163 28 25 203
164 96 1 23
164 64 21 161
164 8 7 66
164 106 52 160
164 47 25 55
164 16 41 388
164 20 33 405
164 118 31 74
164 119 13 397
164 24 55 33
164 27 5 157
164 62 43 71
165 64 23 95
165 71 27 233
165 103 37 365
165 42 49 6
165 18 57 59
165 50 31 27
165 52 15 288
165 55 21 287
165 25 43 300
165 29 11 304
165 62 1 178
165 95 4 443
166 96 5 300
166 66 19 26
166 69 1 217
166 72 7 48
166 43 35 255
166 76 27 339
166 77 57 118
166 11 13 12
166 20 9 175
166 56 37 311
166 59 43 62
166 28 49 203
167 35 22 18
167 40 58 255
167 107 15 9
167 77 5 36
167 13 43 140
167 47 1 254
167 14 39 185
167 78 31 222
167 50 25 31
167 15 9 375
167 88 49 256
167 60 51 233
168 97 9 18
168 2 22 291
168 38 37 430
168 109 13 418
168 77 1 36
168 81 31 9
168 17 25 239
168 83 52 357
168 116 45 28
168 57 49 394
168 27 5 349
168 61 33 106
169 26 25 236
169 103 10 307
169 104 3 85
169 9 43 156
169 107 51 396
169 12 19 117
169 13 58 139
169 60 15 206
169 22 22 143
169 90 39 119
169 31 35 120
169 95 55 147
170 68 55 358
170 90 13 119
170 5 53 184
170 27 11 289
170 41 28 130
170 91 7 245
170 11 21 448
170 44 45 293
170 45 35 194
170 26 49 136
170 59 37 248
170 62 31 71
171 101 13 132
171 38 31 260
171 105 43 209
171 75 7 76
171 82 21 301
171 20 1 350
171 53 37 392
171 24 51 435
171 90 27 354
171 59 45 200
171 61 17 275
171 95 55 408
172 96 7 23
172 97 27 18
172 71 5 401
172 9 43 17
172 74 34 338
172 10 9 4
172 77 13 399
172 46 55 369
172 84 1 277
172 52 21 121
172 93 37 242
172 31 31 56
173 38 7 83
173 39 29 220
173 8 19 66
173 73 55 190
173 109 49 85
173 13 13 49
173 16 47 169
173 113 37 19
173 49 43 393
173 119 40 250
173 88 27 68
173 120 31 296
174 96 35 300
174 65 31 389
174 34 37 329
174 73 49 171
174 76 7 449
174 109 1 113
174 45 57 194
174 49 27 393
174 18 19 377
174 20 43 207
174 85 13 218
174 57 40 410
175 65 31 384
175 66 1 26
175 26 43 35
175 7 55 133
175 80 27 67
175 113 13 338
175 20 15 268
175 85 51 218
175 52 7 3
175 55 5 245
175 57 58 213
175 90 21 228
176 34 19 77
176 35 28 259
176 37 43 388
176 6 55 234
176 71 25 160
176 109 52 113
176 48 47 426
176 50 22 27
176 83 49 251
176 114 5 204
176 118 39 359
176 119 10 448
177 64 1 347
177 39 47 114
177 72 19 215
177 73 33 392
177 13 7 49
177 113 21 273
177 49 51 370
177 84 43 14
177 21 17 58
177 25 55 32
177 91 25 449
177 94 3 64
178 65 7 329
178 98 19 22
178 37 49 187
178 72 1 61
178 10 39 177
178 45 13 9
178 79 53 166
178 16 5 304
178 114 11 114
178 51 35 5
178 18 57 334
178 22 22 80
179 66 49 26
179 98 29 201
179 73 7 251
179 42 59 44
179 107 1 9
179 41 46 110
179 77 13 139
179 14 21 170
179 48 15 271
179 53 31 94
179 54 19 289
179 119 37 141
180 100 55 249
180 101 25 299
180 39 51 291
180 8 37 66
180 10 13 425
180 75 34 115
180 48 23 196
180 50 46 63
180 55 5 418
180 25 49 32
180 94 1 108
180 63 19 104
181 64 55 161
181 33 41 14
181 2 16 210
181 98 1 46
181 7 4 398
181 39 53 70
181 75 28 143
181 114 25 335
181 52 43 440
181 86 58 126
181 24 7 433
181 26 37 35
182 66 35 291
182 4 10 406
182 36 13 3
182 9 55 46
182 45 1 194
182 79 59 321
182 17 45 434
182 116 21 109
182 87 39 447
182 56 7 311
182 89 53 196
182 25 31 128
183 2 13 81
183 103 19 322
183 9 58 120
183 106 22 302
183 76 9 271
183 44 39 302
183 49 1 370
183 18 51 276
183 83 43 60
183 57 16 341
183 58 33 86
183 31 25 56
184 67 1 429
184 4 19 69
184 101 43 132
184 38 46 146
184 11 49 112
184 110 55 58
184 17 25 409
184 50 37 124
184 117 9 186
184 22 13 212
184 23 7 150
184 95 34 382
185 97 7 361
185 102 55 435
185 8 25 386
185 45 15 313
185 78 29 173
185 48 1 426
185 93 33 142
185 22 4 365
185 119 22 200
185 24 37 433
185 61 49 247
185 30 43 398
186 34 25 384
186 5 17 438
186 72 13 48
186 15 1 449
186 19 55 199
186 21 41 439
186 85 31 34
186 54 5 192
186 24 37 375
186 25 7 32
186 56 22 43
186 30 10 145
187 96 29 308
187 99 40 270
187 38 7 40
187 71 5 233
187 75 25 246
187 76 55 309
187 80 43 365
187 82 49 366
187 116 15 101
187 84 1 150
187 118 53 292
187 95 19 76
188 97 13 361
188 98 23 172
188 66 49 42
188 100 7 122
188 69 31 42
188 38 52 225
188 6 1 121
188 104 5 182
188 11 19 432
188 109 37 339
188 50 25 27
188 85 55 240
189 2 43 276
189 5 49 58
189 102 13 384
189 39 1 445
189 105 19 4
189 13 37 49
189 46 3 369
189 18 27 241
189 20 51 230
189 55 11 418
189 88 31 21
189 93 55 239
190 99 37 270
190 101 31 299
190 74 55 167
190 43 25 428
190 45 41 187
190 112 15 267
190 50 43 34
190 83 22 120
190 22 19 80
190 119 58 250
190 88 13 21
190 24 49 208
191 97 51 245
191 2 31 308
191 5 35 348
191 103 46 307
191 41 16 365
191 74 13 124
191 105 59 125
191 11 19 231
191 46 7 369
191 82 27 33
191 60 37 128
191 94 1 142
192 99 19 257
192 71 17 426
192 44 57 294
192 109 28 276
192 116 51 76
192 117 9 103
192 54 13 7
192 53 3 336
192 92 1 22
192 93 45 121
192 95 40 385
192 31 33 315
193 32 37 103
193 7 10 269
193 15 31 375
193 16 35 122
193 80 1 63
193 116 51 29
193 85 57 161
193 118 43 168
193 84 29 187
193 56 40 38
193 89 49 399
193 59 25 248
194 39 7 323
194 8 1 66
194 71 11 401
194 11 13 231
194 48 9 172
194 113 25 338
194 114 47 280
194 112 29 275
194 83 40 77
194 53 19 133
194 54 37 391
194 92 57 428
195 65 45 389
195 98 49 172
195 67 55 429
195 69 52 265
195 38 28 430
195 101 58 132
195 111 7 193
195 83 4 60
195 88 37 312
195 59 33 373
195 61 1 106
195 30 13 37
196 97 37 245
196 35 55 18
196 69 16 35
196 37 25 273
196 71 29 423
196 73 19 171
196 74 13 63
196 43 3 289
196 9 49 293
196 114 7 114
196 21 45 179
196 59 33 2
197 38 10 146
197 102 25 201
197 70 22 179
197 9 46 156
197 10 55 425
197 75 40 115
197 11 13 105
197 43 43 31
197 79 51 215
197 48 37 98
197 115 7 210
197 25 53 24
198 32 43 154
198 101 49 445
198 102 21 61
198 38 4 90
198 73 27 383
198 11 9 301
198 109 31 418
198 112 39 202
198 80 57 172
198 51 13 197
198 27 55 100
198 63 37 422
199 2 16 241
199 4 58 100
199 69 13 170
199 38 40 430
199 73 51 190
199 10 31 388
199 108 1 59
199 112 55 275
199 17 9 434
199 53 43 399
199 88 7 189
199 60 25 133
200 97 43 361
200 98 13 172
200 38 58 272
200 103 55 27
200 78 7 75
200 47 31 257
200 113 1 19
200 49 33 116
200 86 37 419
200 23 19 326
200 57 49 341
200 27 11 352
201 68 49 358
201 38 31 146
201 74 58 387
201 81 19 100
201 20 43 175
201 117 3 264
201 21 37 213
201 62 10 112
201 120 25 281
201 93 15 44
201 30 55 387
201 95 28 269
202 97 33 269
202 66 3 308
202 99 22 320
202 41 19 130
202 74 46 288
202 75 37 275
202 44 7 12
202 45 55 9
202 47 13 254
202 30 28 387
202 23 11 226
202 94 49 142
203 34 7 156
203 68 37 57
203 58 45 211
203 104 41 58
203 41 49 365
203 10 21 374
203 12 58 293
203 113 53 380
203 20 25 207
203 23 29 226
203 90 31 119
203 92 19 274
204 64 37 359
204 2 31 347
204 4 34 69
204 105 1 4
204 12 28 85
204 79 13 50
204 51 41 4
204 118 25 359
204 119 4 448
204 26 51 372
204 92 7 379
204 95 58 408
205 64 1 87
205 69 58 443
205 37 51 236
205 12 13 353
205 113 17 139
205 52 3 208
205 53 39 336
205 22 43 254
205 23 37 131
205 24 33 213
205 30 10 402
205 31 29 392
206 65 57 96
206 100 1 122
206 6 7 207
206 103 37 171
206 39 5 35
206 48 13 328
206 113 47 209
206 82 25 253
206 114 35 171
206 18 31 293
206 81 11 43
206 93 49 284
207 35 28 283
207 6 19 234
207 41 43 10
207 9 34 257
207 75 25 115
207 13 31 83
207 78 13 230
207 16 1 44
207 112 7 389
207 84 51 283
207 20 55 158
207 88 39 227
208 99 25 320
208 3 15 391
208 69 7 265
208 42 53 100
208 43 59 55
208 107 33 9
208 14 49 281
208 79 43 137
208 83 37 60
208 52 1 12
208 59 19 195
208 61 23 278
209 68 31 358
209 5 59 184
209 101 22 391
209 103 40 235
209 74 46 387
209 44 1 294
209 15 49 374
209 20 55 405
209 52 9 144
209 118 29 342
209 88 35 68
209 31 17 94
210 4 46 446
210 101 4 132
210 38 49 90
210 100 13 108
210 40 43 237
210 41 19 10
210 107 57 396
210 49 31 285
210 88 35 411
210 58 37 411
210 60 27 352
210 93 7 242
211 32 25 103
211 66 7 26
211 38 46 225
211 70 19 179
211 8 10 148
211 14 3 402
211 114 43 1
211 50 28 422
211 85 55 28
211 86 13 262
211 89 33 93
211 95 37 155
212 104 19 29
212 42 23 161
212 75 43 246
212 108 40 327
212 60 51 206
212 111 33 211
212 51 31 4
212 85 27 371
212 87 3 151
212 28 55 203
212 61 25 141
212 63 47 115
213 98 53 48
213 6 13 234
213 9 31 337
213 74 58 186
213 110 25 118
213 111 7 229
213 18 37 93
213 19 19 292
213 115 51 153
213 83 55 357
213 87 45 230
213 25 1 24
214 8 13 66
214 106 52 359
214 47 55 65
214 113 45 19
214 19 3 292
214 52 57 3
214 118 19 359
214 23 43 347
214 89 7 186
214 93 31 44
214 62 10 426
214 31 49 388
215 33 41 347
215 67 7 429
215 36 27 370
215 37 45 310
215 7 37 99
215 103 19 260
215 79 23 407
215 48 31 171
215 19 55 15
215 51 13 186
215 26 51 280
215 60 15 128
216 34 43 173
216 99 16 123
216 70 52 98
216 71 31 158
216 83 58 395
216 19 7 15
216 55 19 99
216 120 1 296
216 57 4 341
216 91 33 381
216 93 21 242
216 95 37 95
217 64 37 412
217 99 43 257
217 5 11 157
217 27 31 1
217 75 34 135
217 108 19 384
217 13 49 49
217 81 5 135
217 86 52 356
217 118 1 74
217 91 39 308
217 29 23 127
218 67 13 448
218 36 1 306
218 71 31 402
218 104 9 88
218 41 25 6
218 42 21 7
218 15 43 167
218 83 55 77
218 20 49 329
218 90 39 168
218 60 33 244
218 31 7 30
219 32 55 103
219 98 7 22
219 100 9 30
219 72 43 184
219 12 52 85
219 45 5 187
219 48 41 162
219 82 13 396
219 114 17 1
219 54 37 257
219 23 49 226
219 30 19 73
220 64 29 412
220 3 45 390
220 101 52 299
220 6 55 207
220 38 19 40
220 109 1 276
220 78 17 174
220 119 31 397
220 88 13 411
220 120 4 68
220 61 11 160
220 31 41 406
221 34 10 77
221 5 13 348
221 37 49 273
221 106 19 160
221 14 1 422
221 110 55 398
221 48 31 271
221 21 29 101
221 58 45 357
221 91 15 245
221 94 25 142
221 63 7 158
222 64 5 412
222 4 1 159
222 101 16 138
222 77 11 266
222 78 47 303
222 80 43 189
222 17 51 409
222 22 28 365
222 57 19 394
222 26 7 362
222 60 55 448
222 61 41 160
223 96 17 427
223 2 55 81
223 100 49 234
223 39 43 114
223 109 28 311
223 16 41 441
223 82 45 396
223 20 33 268
223 84 39 150
223 88 7 86
223 25 31 32
223 31 53 311
224 97 31 361
224 98 39 190
224 100 57 108
224 6 21 419
224 40 25 36
224 10 51 177
224 47 19 33
224 113 37 445
224 117 9 58
224 54 55 7
224 23 29 405
224 63 1 163
225 2 46 342
225 69 31 95
225 6 51 207
225 8 4 186
225 9 43 120
225 12 34 117
225 112 9 152
225 51 39 4
225 84 11 149
225 56 13 113
225 27 23 87
225 62 1 71
226 67 19 429
226 100 7 322
226 36 57 370
226 6 31 234
226 109 16 418
226 46 43 313
226 47 35 140
226 51 49 262
226 115 25 8
226 87 39 34
226 88 51 330
226 92 55 22
227 34 13 156
227 67 22 429
227 72 49 48
227 106 40 30
227 11 43 432
227 20 1 268
227 88 59 330
227 25 25 32
227 90 27 126
227 91 55 449
227 61 7 278
227 24 51 33
228 89 29 280
228 34 25 365
228 105 47 96
228 43 49 257
228 108 10 171
228 114 31 416
228 20 3 230
228 52 19 12
228 22 43 212
228 57 52 410
228 92 39 274
228 95 34 277
229 34 16 422
229 3 7 121
229 37 31 178
229 72 19 297
229 75 55 76
229 44 37 426
229 108 49 384
229 111 21 444
229 88 29 330
229 89 1 48
229 31 11 315
229 95 13 269
230 65 15 406
230 4 28 69
230 7 1 398
230 10 37 374
230 44 51 320
230 13 46 192
230 45 19 187
230 111 57 444
230 17 7 436
230 115 35 151
230 23 11 150
230 89 43 305
231 3 45 376
231 35 16 283
231 9 13 151
231 76 51 175
231 109 7 113
231 110 19 423
231 116 31 28
231 87 37 230
231 89 35 200
231 57 1 337
231 30 55 402
231 95 28 408
232 96 53 427
232 2 25 104
232 37 15 273
232 38 10 260
232 41 1 10
232 73 49 383
232 79 59 215
232 115 31 8
232 23 37 86
232 54 41 404
232 55 47 418
232 30 19 307
233 33 43 251
233 34 55 384
233 69 52 405
233 72 49 61
233 40 40 237
233 104 19 88
233 47 59 363
233 25 37 32
233 57 7 337
233 91 21 56
233 60 25 38
233 30 10 387
234 3 7 188
234 36 45 425
234 68 37 243
234 38 31 90
234 35 19 259
234 75 1 316
234 79 53 137
234 20 55 359
234 53 13 94
234 117 49 141
234 55 5 53
234 28 27 264
235 65 7 384
235 3 25 183
235 7 31 272
235 8 16 186
235 40 22 414
235 43 11 388
235 12 19 293
235 46 39 313
235 15 49 375
235 116 1 28
235 24 57 165
235 26 45 106
236 66 47 435
236 67 31 429
236 3 3 225
236 7 25 269
236 9 19 337
236 42 7 312
236 18 37 377
236 50 58 63
236 24 9 213
236 58 15 86
236 92 29 172
236 63 13 158
237 65 55 373
237 98 23 78
237 99 40 257
237 67 1 421
237 102 19 352
237 104 17 182
237 40 31 181
237 107 49 417
237 77 5 416
237 48 59 2
237 82 45 40
237 115 13 210
238 98 39 228
238 101 19 445
238 102 45 327
238 39 11 433
238 105 55 4
238 10 57 391
238 75 7 316
238 16 51 441
238 84 35 150
238 21 25 58
238 118 41 381
238 58 15 7
239 65 9 259
239 35 37 434
239 7 40 316
239 8 31 66
239 75 13 388
239 12 34 290
239 13 19 303
239 77 53 416
239 49 55 393
239 21 23 439
239 25 5 380
239 93 45 208
240 33 17 124
240 5 53 111
240 8 19 386
240 11 45 290
240 77 41 62
240 14 1 281
240 79 59 407
240 109 25 364
240 81 51 43
240 22 55 212
240 89 49 297
240 63 13 104
241 99 34 270
241 8 49 66
241 106 31 216
241 43 17 31
241 109 37 85
241 83 13 357
241 51 11 5
241 20 27 350
241 115 1 8
241 120 43 98
241 91 21 381
241 31 59 406
242 96 11 427
242 33 41 446
242 64 23 412
242 39 47 182
242 105 13 4
242 16 17 441
242 49 49 53
242 81 57 220
242 21 1 20
242 54 29 404
242 88 33 154
242 56 4 38
243 3 49 376
243 4 7 406
243 99 55 123
243 71 13 423
243 40 19 181
243 11 27 112
243 47 23 159
243 115 59 210
243 52 37 3
243 85 33 240
243 55 41 53
243 58 43 111
244 33 23 446
244 67 37 340
244 4 43 144
244 105 13 163
244 45 15 187
244 115 7 8
244 116 55 29
244 93 9 239
244 55 59 418
244 120 25 164
244 28 19 55
244 61 31 2
245 32 28 437
245 34 25 427
245 67 19 421
245 36 31 275
245 100 7 385
245 4 37 159
245 12 49 321
245 77 43 36
245 51 11 333
245 20 55 175
245 53 45 133
245 60 15 133
246 64 5 87
246 65 27 51
246 5 59 438
246 101 55 342
246 11 13 432
246 108 7 92
246 107 31 417
246 47 39 88
246 114 1 1
246 56 43 311
246 28 19 264
246 29 25 282
247 99 49 21
247 4 16 144
247 9 22 277
247 106 46 139
247 75 58 115
247 11 25 432
247 77 41 416
247 42 11 331
247 49 33 208
247 19 37 109
247 53 3 392
247 92 29 274
248 65 1 389
248 6 33 205
248 103 58 311
248 72 31 177
248 43 55 31
248 12 37 321
248 18 15 334
248 83 7 5
248 116 19 28
248 24 49 301
248 57 25 188
248 95 40 147
249 33 53 316
249 36 7 320
249 39 31 433
249 106 13 437
249 12 34 60
249 109 16 339
249 50 28 168
249 116 37 84
249 26 43 362
249 27 55 180
249 61 47 278
249 62 25 71
250 33 53 446
250 5 31 395
250 71 7 402
250 7 43 272
250 103 58 307
250 17 1 436
250 114 25 171
250 86 34 419
250 120 55 68
250 89 37 297
250 90 9 228
250 94 13 142
251 64 53 412
251 70 37 260
251 76 13 309
251 77 23 416
251 13 40 139
251 49 9 393
251 115 25 264
251 52 1 16
251 51 59 445
251 20 33 158
251 90 49 379
251 94 43 334
252 32 31 437
252 98 19 201
252 71 47 338
252 42 1 226
252 10 37 289
252 46 57 263
252 78 23 151
252 83 49 395
252 54 5 404
252 89 53 274
252 26 43 73
252 25 11 223
253 32 7 437
253 97 45 423
253 100 3 249
253 101 25 445
253 11 55 432
253 57 37 341
253 111 13 444
253 83 34 357
253 117 51 404
253 25 31 152
253 60 21 17
253 63 1 104
254 36 9 176
254 70 28 322
254 39 37 182
254 102 39 222
254 41 13 10
254 42 1 6
254 8 4 66
254 76 31 412
254 47 45 88
254 58 51 289
254 27 25 40
254 95 19 385
255 34 19 343
255 35 4 429
255 102 27 82
255 105 11 415
255 77 59 416
255 15 55 222
255 17 37 363
255 114 33 204
255 120 52 164
255 90 45 126
255 88 17 154
255 60 7 352
256 34 31 343
256 36 43 275
256 74 58 181
256 12 55 117
256 45 47 9
256 112 51 389
256 18 37 241
256 21 35 439
256 54 17 404
256 87 25 235
256 25 7 153
256 94 9 444
257 65 51 373
257 37 1 185
257 9 58 285
257 12 31 112
257 60 19 233
257 47 7 65
257 81 5 9
257 21 29 45
257 55 35 418
257 25 45 301
257 92 23 422
257 30 16 217
258 64 41 412
258 101 55 94
258 6 19 148
258 76 7 244
258 109 43 339
258 48 13 98
258 114 17 274
258 117 33 306
258 118 1 335
258 22 37 333
258 24 51 433
258 91 3 381
259 43 41 392
259 14 1 342
259 16 11 441
259 48 17 271
259 83 19 5
259 19 13 120
259 84 23 442
259 52 37 288
259 119 49 200
259 91 33 245
259 60 57 352
259 29 55 219
260 3 25 390
260 4 40 79
260 69 7 123
260 103 10 365
260 104 1 29
260 41 37 145
260 108 46 59
260 17 51 9
260 117 57 264
260 21 5 439
260 60 31 100
260 63 17 115
261 32 40 437
261 3 7 391
261 4 4 406
261 5 33 184
261 41 55 10
261 10 25 80
261 80 51 332
261 53 19 8
261 119 37 200
261 58 45 407
261 91 13 204
261 92 35 379
262 96 47 427
262 98 17 304
262 99 19 282
262 68 7 358
262 102 37 239
262 103 25 322
262 74 49 232
262 50 43 124
262 115 5 421
262 116 57 109
262 21 11 439
262 31 35 406
263 97 1 269
263 66 57 50
263 3 49 148
263 41 13 87
263 44 21 255
263 110 37 91
263 52 9 440
263 84 5 442
263 22 43 143
263 23 31 82
263 56 34 38
263 25 27 24
264 99 1 444
264 4 7 409
264 37 45 187
264 39 11 273
264 105 41 415
264 43 51 255
264 44 25 238
264 81 53 415
264 17 19 436
264 51 35 4
264 120 31 54
264 94 15 82
265 97 27 35
265 2 49 311
265 103 43 153
265 76 3 44
265 45 53 447
265 44 39 2
265 46 31 218
265 48 9 209
265 113 35 445
265 85 15 420
265 62 58 86
265 31 23 30
266 102 9 435
266 7 46 437
266 38 19 418
266 9 58 446
266 74 43 63
266 39 23 33
266 78 1 222
266 16 7 388
266 18 13 59
266 21 29 439
266 86 49 199
266 63 55 430
267 3 7 390
267 36 31 387
267 72 5 383
267 107 15 398
267 43 13 31
267 110 55 91
267 18 51 368
267 115 29 421
267 118 11 74
267 89 23 421
267 26 39 413
267 29 59 304
268 65 45 373
268 69 37 123
268 101 49 342
268 6 57 56
268 40 28 414
268 108 25 420
268 13 4 154
268 111 21 25
268 118 53 417
268 24 31 25
268 59 7 373
268 94 15 161
269 97 39 40
269 67 7 98
269 71 11 166
269 12 49 353
269 13 4 51
269 77 17 416
269 19 27 379
269 53 57 336
269 119 52 321
269 56 22 420
269 58 43 411
269 95 31 382
270 2 52 121
270 34 1 376
270 67 49 135
270 38 16 387
270 7 34 235
270 8 46 80
270 43 11 392
270 13 19 226
270 15 55 374
270 117 25 444
270 57 40 95
270 94 7 82
271 39 13 323
271 40 34 414
271 14 27 185
271 113 59 207
271 114 43 297
271 115 53 421
271 81 17 415
271 87 7 151
271 120 55 281
271 90 39 122
271 92 11 428
271 93 1 239
272 96 5 427
272 3 19 376
272 101 46 445
272 6 37 234
272 42 31 6
272 107 27 206
272 14 15 47
272 116 51 73
272 118 11 417
272 119 7 200
272 89 41 93
272 26 57 35
273 2 1 241
273 88 13 78
273 11 7 432
273 81 5 415
273 82 15 375
273 17 21 382
273 117 51 192
273 119 25 397
273 120 31 281
273 24 57 160
273 91 43 48
273 30 40 144
274 67 1 201
274 68 25 57
274 27 31 354
274 73 21 29
274 10 49 425
274 42 47 6
274 80 9 334
274 21 53 20
274 59 55 195
274 60 13 233
274 61 43 141
274 31 17 30
275 96 47 23
275 101 13 138
275 105 35 415
275 9 52 106
275 76 43 309
275 110 19 155
275 79 29 407
275 112 41 3
275 115 17 421
275 20 1 329
275 118 59 417
275 59 31 333
276 100 21 250
276 5 49 3
276 39 17 445
276 104 53 88
276 76 33 339
276 45 5 447
276 48 1 288
276 115 47 421
276 22 28 333
276 24 7 160
276 92 41 22
276 61 25 448
277 99 34 282
277 6 7 339
277 9 40 156
277 41 49 10
277 43 31 31
277 91 55 308
277 13 52 133
277 52 1 204
277 20 21 359
277 55 15 99
277 27 11 152
277 63 47 430
278 2 43 342
278 70 1 401
278 71 23 426
278 9 31 277
278 74 52 188
278 107 15 240
278 43 13 265
278 77 29 416
278 119 4 200
278 93 57 242
278 30 40 341
278 95 19 407
279 32 52 437
279 97 9 414
279 4 49 18
279 5 47 438
279 38 34 146
279 27 27 157
279 9 4 120
279 111 55 155
279 22 16 450
279 119 1 200
279 91 19 245
279 93 43 142
280 96 13 96
280 99 58 320
280 37 3 353
280 102 39 435
280 107 25 240
280 44 21 59
280 80 43 332
280 17 51 239
280 21 35 20
280 53 15 150
280 58 31 227
280 95 10 382
281 97 55 269
281 102 1 424
281 9 10 293
281 43 29 31
281 46 25 313
281 81 47 415
281 83 7 77
281 54 23 404
281 57 43 337
281 26 15 372
281 61 31 106
281 62 19 71
282 97 49 361
282 4 46 69
282 6 13 275
282 70 10 113
282 11 55 316
282 12 40 85
282 43 3 388
282 15 33 449
282 47 17 405
282 48 29 98
282 86 37 216
282 92 59 428
283 68 1 416
283 101 22 328
283 104 13 29
283 43 29 428
283 11 37 12
283 75 19 143
283 78 49 174
283 48 53 172
283 29 31 127
283 52 43 16
283 22 10 450
283 61 7 448
284 35 37 191
284 69 52 95
284 7 49 437
284 39 13 220
284 73 25 367
284 48 17 328
284 50 40 422
284 52 45 204
284 54 10 107
284 24 3 435
284 90 33 354
284 59 19 333
285 67 22 268
285 7 19 240
285 104 31 129
285 12 7 85
285 44 55 12
285 111 51 83
285 47 5 405
285 15 13 374
285 50 28 442
285 87 39 151
285 24 45 196
285 88 43 68
286 56 40 420
286 26 31 362
286 5 19 111
286 3 57 148
286 43 49 289
286 12 25 321
286 50 10 442
286 114 47 416
286 84 35 442
286 24 3 25
286 90 13 126
286 94 43 382
287 99 16 21
287 36 33 425
287 4 13 18
287 7 10 437
287 103 40 260
287 10 27 374
287 107 19 9
287 76 49 339
287 16 53 441
287 23 5 82
287 61 1 177
287 94 45 444
288 32 22 437
288 68 43 358
288 69 10 443
288 6 57 419
288 72 17 383
288 104 47 29
288 45 19 313
288 79 35 407
288 49 13 285
288 82 3 396
288 20 37 405
288 95 25 147
289 36 1 3
289 37 21 433
289 6 13 442
289 75 10 76
289 45 17 447
289 14 25 377
289 79 29 111
289 48 19 426
289 109 49 113
289 82 33 396
289 52 37 176
289 22 52 450
290 64 7 95
290 96 29 23
290 5 1 55
290 37 15 310
290 70 4 322
290 11 37 105
290 75 31 316
290 77 41 36
290 60 55 283
290 61 43 160
290 62 49 71
290 31 53 30
291 66 59 435
291 68 1 358
291 70 40 45
291 7 16 437
291 107 27 9
291 109 22 339
291 48 7 196
291 16 5 441
291 50 31 168
291 58 9 86
291 91 43 449
291 92 47 428
292 97 49 100
292 98 29 304
292 36 57 275
292 5 37 246
292 6 39 133
292 9 7 285
292 109 43 113
292 49 33 53
292 56 10 420
292 26 25 372
292 28 3 368
292 30 46 37
293 96 59 42
293 36 21 387
293 70 1 81
293 11 31 231
293 113 9 43
293 50 4 332
293 115 11 421
293 114 35 65
293 87 15 230
293 119 52 448
293 22 40 450
293 91 25 245
294 64 33 161
294 68 21 57
294 69 40 443
294 104 17 417
294 11 1 432
294 45 35 447
294 109 37 418
294 112 53 389
294 51 47 186
294 21 55 436
294 117 13 189
294 90 27 119
295 66 29 324
295 35 52 434
295 101 31 328
295 38 37 387
295 74 22 394
295 76 7 206
295 114 11 1
295 116 45 109
295 85 25 378
295 56 34 420
295 63 59 430
295 95 40 407
296 65 55 216
296 36 9 140
296 38 49 387
296 102 27 268
296 42 5 6
296 107 13 417
296 106 46 270
296 11 31 432
296 78 37 108
296 112 35 389
296 49 1 53
296 31 43 392
297 97 15 414
297 69 46 443
297 72 35 383
297 8 31 386
297 106 7 216
297 47 11 405
297 113 13 43
297 114 29 1
297 21 53 439
297 24 21 435
297 59 1 248
297 61 5 177
298 97 45 1
298 5 41 438
298 37 31 348
298 8 1 186
298 9 22 293
298 16 43 211
298 113 9 338
298 86 13 121
298 118 35 417
298 56 19 420
298 27 29 403
298 60 57 47
299 33 23 14
299 8 25 66
299 41 13 110
299 106 34 437
299 73 43 383
299 116 3 101
299 53 37 399
299 117 51 174
299 56 31 420
299 26 55 280
299 120 28 54
299 29 41 421
300 101 7 445
300 69 16 443
300 41 52 10
300 11 37 432
300 77 29 36
300 81 57 415
300 49 33 324
300 120 1 54
300 57 46 394
300 26 25 136
300 27 41 403
300 93 21 284
Trạng thái: OPTIMUM
Điểm tối ưu: 3600
Thời gian: 55.3551 giây
