1162
1 32 1 105
1 35 21 14
1 4 53 7
1 8 7 125
1 40 34 77
1 14 13 17
1 16 17 34
1 17 49 66
1 19 58 92
1 20 39 64
1 26 28 55
1 30 46 148
2 32 33 103
2 2 59 67
2 36 7 1
2 6 45 52
2 40 40 62
2 16 5 34
2 20 27 22
2 23 1 47
2 24 25 37
2 25 49 104
2 26 16 128
2 29 21 95
3 32 43 103
3 33 41 65
3 2 55 95
3 4 23 7
3 39 28 56
3 7 19 127
3 15 4 51
3 17 13 115
3 18 31 71
3 19 34 92
3 27 51 19
3 30 7 61
4 34 9 38
4 35 33 121
4 3 7 25
4 38 55 103
4 11 31 59
4 12 49 130
4 14 39 122
4 15 1 23
4 18 25 73
4 27 43 136
4 28 16 91
4 31 21 119
5 34 59 38
5 3 43 25
5 6 49 52
5 13 45 126
5 15 25 87
5 23 1 41
5 25 13 48
5 26 40 55
5 30 37 3
5 31 7 119
6 3 31 25
6 4 5 7
6 36 13 107
6 5 59 68
6 10 33 70
6 11 25 59
6 17 37 61
6 19 1 92
6 24 19 93
6 26 46 55
6 28 43 91
6 31 27 119
7 37 7 103
7 38 55 79
7 6 41 52
7 9 5 54
7 10 19 150
7 13 43 13
7 18 13 73
7 21 37 84
7 25 16 97
7 27 25 10
7 30 22 126
8 34 1 71
8 3 7 150
8 36 28 1
8 37 40 118
8 6 57 52
8 4 17 7
8 38 21 142
8 9 11 72
8 21 25 21
8 28 31 40
8 30 43 61
9 33 23 65
9 3 13 25
9 36 4 1
9 5 7 82
9 6 25 52
9 40 28 62
9 9 59 131
9 10 49 36
9 18 34 71
9 20 43 22
9 27 51 136
9 28 37 40
10 33 59 65
10 35 39 44
10 6 47 78
10 7 35 112
10 8 25 125
10 9 45 131
10 11 13 138
10 21 16 84
10 25 10 18
10 27 51 10
10 28 19 91
11 2 55 83
11 3 1 25
11 4 19 124
11 5 25 82
11 10 41 110
11 12 37 11
11 14 27 36
11 16 31 34
11 17 51 115
11 18 43 73
11 23 11 41
12 36 46 107
12 5 17 68
12 7 9 112
12 40 58 123
12 8 51 72
12 10 7 36
12 11 35 61
12 15 13 87
12 20 31 22
12 26 4 131
13 35 19 121
13 36 16 1
13 4 47 7
13 6 7 52
13 40 52 62
13 8 25 132
13 10 35 36
13 14 55 38
13 23 43 41
13 24 41 149
13 30 49 78
13 31 1 119
14 33 7 101
14 34 23 148
14 3 3 25
14 11 55 59
14 12 43 11
14 16 1 26
14 19 37 92
14 26 10 55
14 27 19 10
14 28 25 40
14 30 40 78
15 32 49 105
15 4 11 7
15 6 13 78
15 7 41 127
15 10 55 36
15 13 21 141
15 14 31 143
15 15 7 87
15 16 39 34
15 28 16 40
15 29 1 54
15 31 43 60
16 33 17 65
16 34 19 38
16 4 27 7
16 5 1 68
16 40 37 62
16 9 47 131
16 12 55 130
16 13 13 141
16 15 34 23
16 16 23 34
16 27 9 19
17 32 39 105
17 33 15 65
17 3 35 25
17 35 25 14
17 38 51 79
17 6 11 52
17 40 22 77
17 9 37 72
17 13 1 13
17 21 46 19
17 22 57 12
17 30 19 78
18 32 31 131
18 36 22 107
18 6 53 52
18 7 55 14
18 40 4 77
18 38 39 123
18 15 49 87
18 23 37 41
18 28 7 91
18 31 13 119
19 32 51 131
19 34 7 38
19 35 15 44
19 4 43 7
19 7 5 14
19 12 25 11
19 14 55 143
19 17 1 126
19 19 46 92
19 25 19 27
19 29 33 95
20 33 13 101
20 3 15 25
20 37 28 118
20 6 17 78
20 7 1 127
20 40 43 62
20 11 25 138
20 12 21 128
20 19 55 92
20 26 40 131
20 27 33 10
20 30 58 61
21 35 51 121
21 37 28 103
21 39 46 58
21 40 4 62
21 7 21 112
21 10 25 150
21 11 31 138
21 14 39 36
21 16 7 34
21 18 1 73
21 27 57 2
21 28 10 40
22 33 5 65
22 36 22 1
22 5 13 68
22 37 7 118
22 39 31 56
22 11 3 70
22 13 49 141
22 17 25 143
22 18 46 73
22 21 34 84
22 24 17 93
22 27 55 10
23 32 51 3
23 33 13 65
23 35 15 121
23 36 25 107
23 12 37 130
23 17 9 115
23 18 58 73
23 19 1 20
23 20 43 17
23 21 31 84
23 24 29 37
24 34 1 38
24 3 23 94
24 36 49 1
24 5 31 82
24 37 13 118
24 7 37 14
24 40 55 62
24 15 4 23
24 25 28 97
24 26 7 55
24 30 16 61
25 32 15 103
25 2 55 67
25 35 1 14
25 40 37 142
25 9 49 131
25 16 23 144
25 23 41 47
25 24 43 37
25 27 31 2
25 28 52 40
25 29 45 71
25 31 27 35
26 32 27 131
26 33 11 101
26 6 51 52
26 39 4 56
26 11 41 59
26 12 31 130
26 17 13 66
26 18 55 73
26 21 58 84
26 24 7 37
26 28 19 40
27 36 40 107
27 6 9 52
27 8 49 125
27 14 1 143
27 15 46 23
27 16 13 34
27 19 22 28
27 24 5 93
27 25 19 48
27 27 55 19
27 30 25 148
27 31 15 35
28 2 17 67
28 35 57 14
28 5 47 68
28 9 35 54
28 11 11 59
28 16 53 144
28 19 40 92
28 23 1 114
28 24 25 93
28 25 4 48
29 33 19 136
29 2 41 83
29 36 52 107
29 5 5 68
29 40 55 123
29 12 1 11
29 17 37 143
29 19 13 92
29 23 17 41
29 25 34 48
29 29 9 95
29 31 43 119
30 32 39 57
30 3 19 25
30 4 35 7
30 6 29 52
30 39 1 56
30 40 49 142
30 10 37 36
30 11 43 59
30 13 31 21
30 16 7 26
30 28 46 40
30 31 9 53
31 32 37 103
31 33 1 136
31 34 13 38
31 4 41 7
31 6 19 52
31 7 43 14
31 40 16 62
31 12 9 128
31 21 25 84
31 24 31 37
31 31 55 119
32 3 13 61
32 38 27 123
32 8 57 72
32 9 23 54
32 12 33 11
32 14 45 38
32 16 17 144
32 18 37 38
32 20 7 64
32 25 40 48
32 28 1 40
32 31 49 89
33 33 19 65
33 34 11 38
33 7 35 19
33 8 15 125
33 11 1 138
33 12 31 128
33 13 55 13
33 16 53 34
33 17 27 61
33 18 4 38
33 23 23 80
33 28 43 40
34 34 31 38
34 5 7 68
34 38 49 126
34 8 3 72
34 40 19 62
34 9 11 131
34 14 27 38
34 20 15 64
34 21 22 19
34 25 58 95
34 27 45 2
34 29 39 95
35 3 25 25
35 4 29 94
35 39 7 56
35 8 19 125
35 40 55 77
35 10 17 36
35 11 35 59
35 17 39 126
35 20 13 22
35 24 5 37
35 29 49 54
35 30 10 78
36 2 13 67
36 6 3 78
36 10 1 150
36 11 47 59
36 12 43 128
36 14 21 143
36 17 9 66
36 19 49 92
36 21 52 84
36 23 5 41
36 29 25 71
36 31 55 54
37 2 19 67
37 35 37 121
37 37 55 118
37 38 13 123
37 39 49 56
37 11 5 59
37 13 27 13
37 14 1 122
37 22 21 81
37 23 59 80
37 26 52 55
37 31 33 35
38 2 29 67
38 6 5 52
38 39 52 58
38 8 13 72
38 13 37 21
38 14 19 51
38 15 43 23
38 19 58 28
38 21 55 84
38 28 25 91
38 31 33 60
39 5 31 68
39 38 7 79
39 39 55 58
39 40 58 62
39 20 1 22
39 23 37 47
39 25 46 140
39 29 25 54
39 30 40 3
39 31 51 53
40 3 53 94
40 35 27 121
40 36 34 124
40 39 13 56
40 9 37 54
40 10 31 36
40 14 21 122
40 15 40 23
40 21 7 84
40 22 43 81
40 28 10 91
40 31 55 89
41 33 11 65
41 37 49 118
41 38 15 79
41 39 37 58
41 8 33 72
41 9 43 72
41 7 5 19
41 13 19 21
41 18 7 73
41 19 28 92
41 24 41 37
42 32 21 105
42 33 25 65
42 2 5 83
42 5 29 68
42 6 1 78
42 13 31 13
42 17 45 66
42 19 52 92
42 25 10 48
42 28 7 40
42 29 39 54
43 3 5 25
43 37 25 103
43 38 51 103
43 39 43 129
43 8 9 132
43 13 33 141
43 15 46 87
43 20 1 64
43 21 28 21
43 25 40 140
43 26 37 131
43 30 55 148
44 32 3 57
44 3 37 25
44 36 16 107
44 8 25 72
44 40 10 62
44 11 13 59
44 19 31 92
44 26 58 55
44 29 21 71
44 30 34 78
44 31 45 35
45 2 13 83
45 3 49 25
45 36 46 1
45 38 1 79
45 39 22 56
45 40 31 62
45 11 37 59
45 16 17 14
45 19 34 28
45 20 57 22
45 28 28 91
45 31 7 89
46 33 27 101
46 34 39 71
46 3 31 94
46 36 7 124
46 39 34 129
46 14 57 122
46 21 46 84
46 22 3 81
46 24 19 37
46 26 16 55
46 27 51 2
46 30 43 148
47 33 1 65
47 39 10 56
47 12 21 11
47 14 57 51
47 15 31 23
47 21 16 19
47 23 19 41
47 25 13 104
47 27 25 2
47 29 51 95
47 30 43 78
48 2 11 27
48 35 49 14
48 5 1 82
48 8 33 132
48 17 37 66
48 19 28 50
48 21 19 84
48 23 53 80
48 25 22 104
48 26 43 55
48 28 4 40
48 31 57 53
49 33 23 61
49 5 53 68
49 37 37 118
49 38 31 126
49 8 45 72
49 6 17 52
49 9 35 131
49 14 13 122
49 20 27 64
49 21 40 51
49 24 43 93
49 30 19 126
50 32 43 3
50 33 19 101
50 34 41 38
50 6 29 78
50 16 1 34
50 18 31 73
50 19 7 50
50 23 55 80
50 24 25 140
50 27 21 2
50 30 34 148
51 34 43 71
51 35 45 44
51 6 27 52
51 12 7 130
51 16 55 144
51 19 37 20
51 24 35 93
51 25 22 48
51 27 15 2
51 28 1 91
51 30 19 3
51 31 51 60
52 34 7 71
52 3 9 94
52 7 45 112
52 11 35 138
52 13 51 21
52 15 1 87
52 17 57 66
52 25 37 97
52 26 13 55
52 27 31 19
52 28 40 40
53 34 31 148
53 4 33 123
53 9 43 131
53 11 49 138
53 12 25 128
53 18 52 71
53 19 10 92
53 20 57 17
53 23 55 114
53 25 46 48
53 26 19 55
53 31 37 35
54 32 19 57
54 3 39 94
54 38 15 131
54 6 37 52
54 40 52 91
54 11 11 138
54 15 58 87
54 16 43 144
54 19 31 26
54 20 45 64
54 29 25 95
55 33 3 61
55 34 5 71
55 2 43 67
55 7 31 127
55 8 21 132
55 9 53 54
55 14 45 143
55 15 58 23
55 17 33 66
55 23 17 47
55 27 13 10
55 29 9 71
56 32 33 57
56 33 29 65
56 3 53 25
56 36 25 1
56 9 23 72
56 14 7 51
56 15 13 23
56 16 19 34
56 21 1 51
56 26 55 131
56 28 49 40
57 33 25 101
57 2 37 83
57 3 11 61
57 35 45 121
57 39 19 129
57 9 17 72
57 11 55 138
57 13 39 141
57 21 49 84
57 23 5 80
57 24 13 37
57 26 22 131
58 32 31 3
58 2 39 67
58 34 37 71
58 4 25 7
58 40 49 62
58 11 59 138
58 15 22 87
58 19 19 92
58 21 1 84
58 27 45 10
58 30 4 3
59 2 47 67
59 35 9 44
59 4 31 7
59 37 34 118
59 6 13 52
59 5 49 68
59 40 1 77
59 9 17 54
59 14 27 122
59 17 37 115
59 18 22 73
59 24 53 37
60 32 51 57
60 33 43 65
60 2 1 67
60 3 47 25
60 37 16 118
60 5 11 68
60 36 31 1
60 8 3 132
60 22 37 81
60 26 25 55
60 30 58 148
61 2 7 67
61 4 59 124
61 37 19 118
61 6 43 52
61 9 31 72
61 10 1 110
61 16 37 144
61 21 13 19
61 23 35 41
61 25 46 104
61 27 9 10
61 31 39 60
62 37 1 103
62 6 21 52
62 38 45 123
62 40 52 77
62 8 55 132
62 14 27 51
62 15 10 87
62 18 49 71
62 19 4 50
62 25 13 97
62 26 31 55
62 27 37 136
63 32 7 131
63 2 5 67
63 6 23 52
63 8 45 125
63 13 39 13
63 14 57 36
63 17 31 115
63 19 49 50
63 21 19 19
63 29 15 95
63 31 1 53
64 32 27 57
64 33 33 61
64 4 3 7
64 11 1 52
64 12 7 11
64 14 49 38
64 22 45 12
64 23 41 114
64 25 37 104
64 26 22 55
64 28 58 40
64 30 13 3
65 33 47 101
65 35 13 14
65 3 57 25
65 37 4 103
65 11 53 70
65 12 49 11
65 14 9 143
65 15 34 87
65 21 40 84
65 23 17 148
65 25 31 104
65 27 25 19
66 3 53 44
66 4 7 7
66 6 55 52
66 40 10 77
66 10 31 110
66 12 3 128
66 15 22 23
66 17 49 143
66 27 37 19
66 28 34 91
66 29 13 54
66 31 27 53
67 32 9 57
67 35 33 44
67 3 55 25
67 5 17 82
67 37 43 118
67 7 59 19
67 9 13 131
67 10 53 36
67 13 1 118
67 20 19 22
67 23 37 114
67 31 39 119
68 2 53 83
68 4 37 7
68 6 35 52
68 38 25 79
68 8 7 72
68 7 49 127
68 11 33 122
68 12 13 11
68 20 39 22
68 26 19 131
68 27 3 2
68 30 22 3
69 32 9 3
69 33 43 101
69 4 29 124
69 5 49 82
69 40 1 62
69 10 59 110
69 12 55 11
69 18 16 38
69 19 34 26
69 22 51 12
69 25 40 104
69 30 46 61
70 35 45 14
70 4 33 94
70 39 16 129
70 15 10 23
70 16 49 26
70 20 21 17
70 21 52 51
70 24 59 149
70 26 13 128
70 27 55 136
70 28 4 91
71 32 57 57
71 33 53 65
71 5 23 82
71 38 33 79
71 40 46 77
71 8 39 72
71 11 29 138
71 19 43 20
71 20 7 22
71 22 19 12
71 24 5 36
71 27 1 10
72 32 15 57
72 33 35 101
72 3 23 25
72 5 41 68
72 38 7 123
72 7 5 112
72 11 53 59
72 13 57 141
72 15 37 23
72 26 49 55
72 30 28 148
72 31 19 89
73 34 35 38
73 35 3 44
73 4 45 94
73 5 19 82
73 6 27 78
73 3 21 150
73 12 57 128
73 19 40 20
73 23 25 80
73 24 55 93
73 26 37 55
73 29 7 54
74 32 55 3
74 2 59 83
74 34 3 71
74 4 19 7
74 5 43 82
74 36 37 1
74 10 13 36
74 12 49 128
74 15 25 23
74 18 10 73
74 25 22 97
75 32 13 105
75 34 25 38
75 35 39 14
75 2 21 67
75 4 49 7
75 7 57 127
75 10 1 36
75 14 51 17
75 21 10 84
75 22 27 81
75 23 47 41
75 30 7 78
76 32 9 105
76 34 43 38
76 35 57 44
76 36 37 124
76 4 45 124
76 10 15 36
76 14 49 122
76 15 31 87
76 16 41 144
76 22 3 12
76 26 34 55
76 31 19 53
77 33 31 101
77 35 33 14
77 5 37 82
77 37 10 118
77 7 25 127
77 39 40 58
77 10 19 36
77 19 58 26
77 21 22 84
77 23 49 114
77 25 52 104
77 29 43 95
78 32 27 105
78 34 13 148
78 35 21 44
78 36 37 107
78 40 46 62
78 12 3 130
78 16 19 144
78 20 33 64
78 22 9 12
78 23 31 114
78 30 49 61
78 31 55 60
79 32 45 105
79 33 41 101
79 3 37 94
79 5 43 68
79 37 58 118
79 40 22 123
79 14 25 17
79 16 49 144
79 17 7 126
79 20 51 64
79 21 13 51
80 36 40 1
80 9 11 54
80 11 47 138
80 12 43 130
80 13 3 21
80 14 21 36
80 15 28 87
80 16 31 144
80 22 15 81
80 24 49 93
80 25 37 18
80 26 55 55
81 32 43 57
81 2 37 67
81 4 21 124
81 38 3 123
81 7 59 127
81 8 15 132
81 10 51 70
81 16 11 34
81 27 7 136
81 28 55 91
81 29 31 54
81 30 25 3
82 2 47 83
82 5 57 82
82 38 9 142
82 7 19 112
82 8 43 132
82 13 27 126
82 15 40 87
82 18 37 73
82 23 25 114
82 24 59 93
82 29 1 95
82 31 33 89
83 34 39 148
83 35 7 121
83 4 27 124
83 36 52 1
83 38 21 79
83 5 35 68
83 40 31 142
83 9 25 131
83 14 45 36
83 23 43 114
83 26 4 55
83 31 55 35
84 33 49 101
84 35 7 14
84 36 31 107
84 37 25 118
84 40 28 142
84 13 45 21
84 21 13 21
84 22 37 12
84 23 53 114
84 26 1 131
84 29 55 71
84 31 19 35
85 33 47 65
85 2 23 83
85 3 57 150
85 35 1 121
85 38 43 142
85 6 53 78
85 40 7 77
85 10 25 36
85 21 10 21
85 24 29 93
85 28 31 91
85 31 13 60
86 3 51 150
86 38 55 142
86 7 1 19
86 40 34 142
86 12 37 128
86 13 13 126
86 16 3 112
86 18 22 38
86 19 19 50
86 25 10 97
86 27 25 136
87 37 52 118
87 38 37 79
87 5 41 82
87 8 33 125
87 10 11 36
87 13 45 141
87 14 15 143
87 16 29 144
87 17 57 115
87 23 19 114
87 24 31 93
87 27 21 136
88 33 37 65
88 35 57 121
88 7 31 14
88 39 52 56
88 9 29 72
88 8 1 125
88 13 9 13
88 17 43 115
88 18 16 73
88 24 27 149
88 29 19 54
88 31 39 53
89 37 46 118
89 7 35 127
89 40 13 142
89 9 1 72
89 10 31 150
89 8 19 72
89 14 7 122
89 17 25 115
89 19 40 50
89 20 57 64
89 28 49 91
89 30 16 3
90 33 37 101
90 4 15 124
90 5 35 82
90 39 7 129
90 8 51 132
90 9 29 54
90 10 27 150
90 14 43 51
90 16 59 132
90 23 13 47
90 30 1 3
91 2 17 83
91 3 49 150
91 37 10 103
91 7 29 19
91 11 59 59
91 12 25 130
91 15 19 23
91 17 1 115
91 18 40 73
91 21 43 19
91 22 13 12
91 24 23 93
92 33 13 110
92 4 57 124
92 7 31 112
92 8 39 132
92 9 49 72
92 14 45 122
92 17 19 66
92 19 4 20
92 22 33 12
92 24 37 93
92 25 25 97
92 28 28 40
93 32 33 105
93 3 9 150
93 4 59 18
93 5 55 68
93 38 43 79
93 7 15 112
93 8 39 125
93 39 22 58
93 11 31 70
93 19 25 20
93 21 49 51
93 30 19 61
94 32 21 103
94 34 51 148
94 4 53 123
94 5 19 68
94 9 59 54
94 12 15 130
94 13 9 141
94 14 1 17
94 19 34 50
94 21 37 51
94 22 25 12
94 31 45 54
95 35 25 44
95 4 51 124
95 7 49 112
95 40 1 142
95 13 57 21
95 14 31 51
95 16 29 132
95 21 4 84
95 22 9 81
95 27 13 136
95 28 37 91
95 31 43 150
96 2 23 67
96 35 49 44
96 3 39 150
96 6 57 78
96 40 4 142
96 11 7 59
96 16 47 144
96 18 16 71
96 22 33 81
96 26 1 55
96 28 13 91
96 31 19 60
97 32 57 105
97 2 11 67
97 3 33 150
97 34 9 148
97 6 31 78
97 40 49 123
97 17 1 66
97 18 52 73
97 19 25 92
97 20 21 64
97 27 39 10
97 31 13 53
98 34 21 148
98 5 47 82
98 40 25 142
98 10 35 70
98 14 7 17
98 20 49 22
98 22 57 81
98 24 53 93
98 25 31 48
98 28 40 91
98 30 28 3
98 31 43 53
99 36 10 124
99 7 33 127
99 9 43 54
99 12 21 130
99 13 57 126
99 15 16 87
99 18 4 73
99 19 1 50
99 23 29 114
99 24 49 37
99 27 39 2
99 28 46 91
100 33 1 101
100 2 31 67
100 36 7 107
100 5 23 57
100 8 57 125
100 9 55 72
100 14 37 17
100 18 13 71
100 19 28 20
100 22 51 81
100 25 16 27
100 27 33 136
Trạng thái: OPTIMUM
Điểm tối ưu: 1162
Thời gian: 11.9615 giây
