318
1 4 1 12
1 17 7 23
1 55 43 40
2 9 19 33
2 14 25 10
2 21 5 24
3 9 21 11
3 21 59 26
4 2 41 25
4 4 59 19
4 52 51 40
4 58 1 14
5 24 4 17
5 43 7 29
5 56 45 38
6 24 1 17
6 29 28 1
6 47 49 13
6 55 59 40
7 9 37 28
7 15 53 22
7 25 58 24
7 31 7 1
8 42 21 35
9 42 50 28
9 50 1 9
9 56 15 4
10 5 55 32
10 12 57 2
10 39 19 11
11 24 10 18
11 38 25 33
11 53 34 14
11 60 59 2
12 8 7 6
12 34 33 19
13 42 51 35
14 14 55 10
14 30 45 11
14 32 53 36
15 12 43 2
15 37 10 28
15 44 1 28
15 46 59 23
16 8 16 13
16 24 55 17
17 29 19 36
17 57 59 30
17 60 11 2
18 30 15 11
18 38 51 33
18 50 27 9
19 11 58 34
19 29 13 1
19 34 1 19
19 54 31 39
20 9 57 33
20 40 1 3
21 11 55 13
21 34 49 19
21 44 58 28
21 54 1 32
21 58 19 14
22 6 59 37
22 57 31 9
22 58 25 14
23 47 37 13
23 54 46 32
23 56 1 4
24 13 59 31
24 29 1 1
24 30 21 29
24 59 19 10
25 3 59 39
25 4 39 19
25 22 9 3
25 41 46 17
25 49 1 5
26 28 59 38
26 36 37 20
26 43 45 29
27 8 22 6
28 17 1 23
28 33 58 35
28 39 11 1
28 54 49 18
29 29 1 36
29 43 21 37
29 54 40 17
29 60 55 2
30 6 31 37
30 21 51 24
30 34 9 19
30 48 59 32
30 52 25 35
31 12 45 2
31 25 52 9
31 36 1 7
31 39 57 11
32 10 7 13
32 50 45 9
33 16 15 27
33 51 7 2
34 1 45 31
34 41 16 17
35 3 27 24
35 28 7 30
35 52 55 40
35 57 41 3
36 30 39 11
36 36 25 7
36 39 21 5
36 44 55 28
37 32 1 24
37 58 55 38
38 16 19 27
38 28 47 21
38 43 13 6
39 25 55 24
39 45 21 21
39 47 1 13
39 49 13 25
40 2 37 25
40 35 15 33
40 48 49 8
40 49 31 5
40 59 1 10
41 6 27 37
41 14 37 7
41 31 5 1
41 59 19 20
42 9 7 11
42 54 31 32
43 2 1 25
43 27 34 21
43 59 43 10
44 1 35 8
44 16 1 27
44 17 27 23
44 41 10 17
44 51 57 16
45 18 55 8
45 28 43 38
45 46 21 23
46 16 55 27
46 27 7 16
46 28 3 34
46 38 39 33
46 51 13 16
47 6 1 37
47 18 15 8
47 44 4 28
47 60 19 2
48 8 13 13
48 14 33 7
49 17 13 23
49 33 1 35
49 56 27 38
49 58 51 38
50 17 33 23
50 24 28 18
50 60 25 2
51 2 59 25
51 11 34 13
51 30 55 29
51 45 1 8
51 56 13 38
52 16 45 27
52 22 33 3
53 8 25 13
53 58 9 14
54 4 31 19
54 33 55 3
54 47 9 13
54 56 37 4
54 57 43 3
55 28 37 30
55 29 49 1
55 32 23 38
55 46 31 23
56 6 41 37
56 32 51 36
56 44 25 28
56 56 1 38
56 60 33 2
57 34 55 19
57 41 7 38
57 43 15 29
57 52 19 13
57 58 49 14
58 12 21 2
58 27 13 3
58 33 31 30
58 47 59 13
58 58 37 14
59 31 37 1
59 42 43 35
59 54 52 17
59 56 57 4
60 3 27 39
60 32 49 24
60 33 10 30
60 60 23 2
61 39 53 11
61 58 57 14
62 5 43 14
62 13 41 31
62 21 11 26
62 54 37 17
63 1 51 8
63 21 35 26
63 30 1 29
64 12 37 2
64 27 25 21
64 41 55 21
65 21 47 26
65 52 15 35
66 17 55 23
66 57 35 30
66 60 5 2
67 34 25 19
68 8 55 6
68 27 4 3
68 32 25 24
68 44 28 28
69 13 53 18
70 24 1 26
70 56 19 38
71 3 5 5
71 11 16 34
71 18 1 2
71 24 7 17
71 45 39 26
72 30 1 11
72 39 11 4
72 42 25 12
73 37 28 8
73 55 1 40
74 15 7 15
74 35 1 33
74 36 31 31
75 28 17 30
75 34 19 19
76 13 1 18
76 59 3 10
77 33 40 35
77 35 13 10
77 44 22 28
78 6 57 37
78 27 1 16
79 17 19 34
79 28 37 38
80 41 49 17
80 42 25 26
81 8 4 13
81 13 25 30
81 17 45 34
81 56 7 4
82 1 23 31
82 21 49 26
82 45 19 8
83 30 33 18
83 33 28 3
83 46 45 23
84 9 33 28
84 15 17 15
84 40 58 3
84 60 51 2
85 15 13 15
85 47 23 13
86 4 39 12
86 11 22 1
86 52 13 40
86 54 58 17
87 5 25 32
87 17 39 34
87 38 7 33
87 59 49 30
88 2 25 25
88 43 39 29
89 16 21 18
89 32 59 36
89 59 29 34
90 21 39 24
90 39 19 4
91 15 33 15
91 36 7 7
91 58 45 14
92 25 10 24
92 34 43 19
93 1 37 31
93 13 7 20
93 31 59 1
93 42 31 12
94 8 1 6
94 46 51 23
94 56 31 4
95 12 31 2
95 25 7 9
95 30 57 18
96 9 13 28
96 29 25 31
96 45 9 8
96 54 28 32
97 30 13 18
97 60 47 2
98 17 25 34
98 36 7 31
98 39 17 1
98 56 39 38
99 14 49 10
99 40 37 3
99 42 7 26
99 47 47 13
100 9 49 11
100 25 19 9
100 43 31 29
100 57 55 30
Trạng thái: OPTIMUM
Điểm tối ưu: 318
Thời gian: 0.6237 giây
