6000
1 89 25 27
1 193 1 16
1 195 35 631
1 166 13 315
1 137 45 120
1 111 9 197
1 83 33 11
1 184 4 495
1 121 21 351
1 190 49 115
1 152 37 245
1 126 55 504
2 2 25 449
2 196 57 433
2 69 9 645
2 106 37 470
2 110 43 523
2 177 45 40
2 49 33 635
2 20 1 681
2 149 19 310
2 150 49 608
2 89 13 8
2 189 21 116
3 67 35 738
3 68 16 394
3 70 7 623
3 42 46 439
3 107 59 181
3 139 57 741
3 47 3 59
3 82 19 124
3 115 33 722
3 56 5 456
3 124 43 542
3 159 37 82
4 162 22 374
4 132 9 290
4 36 57 700
4 166 25 114
4 168 45 408
4 41 51 299
4 42 4 727
4 60 16 391
4 124 28 153
4 125 7 39
4 62 34 422
4 127 47 167
5 194 55 93
5 195 27 260
5 198 16 374
5 39 31 75
5 104 46 226
5 200 37 126
5 49 7 631
5 178 41 556
5 22 3 245
5 152 21 105
5 93 13 39
5 94 33 351
6 130 21 733
6 166 10 496
6 103 49 610
6 8 31 200
6 11 25 594
6 79 4 100
6 176 15 638
6 61 43 345
6 85 57 702
6 87 40 14
6 29 1 677
6 30 37 438
7 101 19 316
7 8 25 566
7 107 51 142
7 172 49 21
7 28 33 303
7 175 7 672
7 50 37 713
7 117 55 278
7 150 43 297
7 184 22 412
7 185 13 316
7 156 1 626
8 97 31 605
8 161 1 299
8 199 37 341
8 168 33 637
8 137 15 582
8 10 45 603
8 115 5 243
8 20 19 357
8 85 25 593
8 118 49 225
8 58 7 209
8 157 55 224
9 193 55 656
9 163 22 249
9 164 27 604
9 36 3 166
9 7 52 659
9 72 33 400
9 137 13 330
9 144 37 549
9 51 45 35
9 115 25 425
9 184 7 680
9 31 11 10
10 33 40 37
10 137 7 330
10 12 1 515
10 141 28 133
10 173 3 76
10 47 45 59
10 23 25 657
10 187 55 745
10 92 33 445
10 61 49 252
10 94 13 471
10 191 21 32
11 2 55 443
11 3 1 219
11 197 51 395
11 169 13 297
11 46 27 679
11 146 7 178
11 114 21 185
11 20 40 217
11 54 31 679
11 57 19 29
11 94 45 225
11 127 43 566
12 134 43 1
12 139 47 212
12 45 51 462
12 173 21 76
12 49 7 276
12 82 13 328
12 51 27 74
12 84 1 247
12 183 40 596
12 126 37 622
12 60 55 657
12 30 31 631
13 160 37 512
13 196 7 367
13 38 57 578
13 71 49 501
13 40 43 167
13 173 41 684
13 116 27 141
13 117 1 314
13 87 13 668
13 184 52 626
13 93 17 132
13 190 19 631
14 197 35 362
14 165 25 73
14 13 5 711
14 81 19 220
14 146 16 336
14 177 9 40
14 189 51 273
14 25 11 150
14 91 1 525
14 28 55 175
14 61 43 209
14 31 41 10
15 5 37 745
15 73 19 551
15 42 13 439
15 28 1 175
15 48 40 405
15 176 31 744
15 18 27 30
15 83 51 499
15 52 9 237
15 21 55 491
15 121 45 164
15 124 16 454
16 129 31 540
16 135 10 673
16 199 43 439
16 74 46 74
16 43 3 410
16 49 25 637
16 179 19 227
16 21 55 584
16 120 37 286
16 154 7 156
16 187 13 745
16 63 51 716
17 97 31 385
17 99 33 260
17 132 43 573
17 41 1 382
17 45 51 234
17 109 7 452
17 144 13 157
17 17 37 112
17 53 19 338
17 22 55 662
17 188 25 283
17 189 5 712
18 103 27 644
18 169 43 713
18 107 17 402
18 108 3 48
18 28 19 175
18 142 34 329
18 81 49 373
18 55 1 228
18 121 7 456
18 91 55 708
18 156 13 628
18 29 31 677
19 64 16 375
19 130 11 346
19 35 21 682
19 132 27 149
19 67 53 11
19 137 7 356
19 173 51 188
19 82 31 130
19 157 13 60
19 186 45 369
19 61 55 581
19 191 39 32
20 6 13 21
20 39 31 422
20 8 33 403
20 12 39 35
20 78 28 101
20 14 19 627
20 114 5 128
20 182 55 367
20 183 22 195
20 121 1 164
20 154 58 508
20 28 45 493
21 96 19 562
21 65 35 150
21 6 27 252
21 42 22 365
21 108 3 713
21 76 7 360
21 47 51 59
21 144 37 244
21 183 16 585
21 25 57 434
21 187 45 133
21 94 31 682
22 128 46 652
22 98 19 459
22 153 13 747
22 68 52 339
22 101 55 7
22 6 17 281
22 176 39 744
22 23 22 702
22 185 9 345
22 91 33 604
22 92 1 266
22 25 7 585
23 38 25 14
23 73 55 50
23 41 37 134
23 43 9 389
23 42 19 379
23 145 15 724
23 84 45 490
23 118 31 213
23 186 1 241
23 59 22 665
23 124 52 434
23 158 13 267
24 128 13 282
24 64 19 375
24 105 37 49
24 9 40 304
24 107 51 55
24 173 57 76
24 145 3 450
24 18 27 251
24 147 45 711
24 148 33 26
24 124 16 434
24 94 9 407
25 3 3 14
25 122 58 511
25 166 52 190
25 168 17 111
25 106 9 425
25 112 1 47
25 80 13 487
25 54 37 66
25 87 25 194
25 154 49 97
25 28 43 303
25 189 33 359
26 102 7 284
26 166 28 114
26 39 37 214
26 138 13 136
26 12 55 515
26 78 31 546
26 176 51 307
26 148 39 31
26 54 3 627
26 152 15 105
26 154 19 335
26 29 34 385
27 163 13 42
27 35 33 313
27 134 19 617
27 74 40 171
27 45 31 652
27 79 10 151
27 47 57 59
27 114 3 185
27 121 49 153
27 154 37 334
27 187 43 745
27 25 29 11
28 34 5 24
28 166 1 651
28 38 45 523
28 76 31 612
28 14 10 233
28 82 51 243
28 21 25 192
28 183 7 176
28 26 40 509
28 127 15 597
28 29 55 738
28 31 21 118
29 131 13 744
29 163 46 117
29 164 9 309
29 68 37 430
29 168 1 621
29 43 49 137
29 12 5 532
29 110 53 451
29 178 33 133
29 19 55 411
29 24 27 152
29 126 19 86
30 32 31 420
30 99 49 84
30 168 57 39
30 78 7 457
30 82 3 551
30 180 1 337
30 55 39 382
30 56 47 335
30 58 21 88
30 92 13 584
30 157 34 373
30 127 27 739
31 32 10 58
31 129 49 603
31 131 15 738
31 122 31 128
31 71 37 671
31 103 1 344
31 107 21 55
31 47 27 59
31 112 45 43
31 180 23 745
31 121 57 279
31 26 40 668
32 194 31 252
32 199 46 308
32 41 51 666
32 42 58 439
32 79 4 176
32 48 22 120
32 113 7 199
32 114 35 128
32 17 25 416
32 116 37 521
32 22 15 508
32 182 1 66
33 128 13 516
33 132 55 121
33 6 33 399
33 138 37 304
33 12 17 249
33 13 23 667
33 112 3 43
33 119 10 606
33 55 7 1
33 151 27 333
33 56 25 2
33 90 51 513
34 194 25 522
34 99 15 280
34 36 39 166
34 196 49 660
34 38 55 426
34 140 29 730
34 155 1 33
34 80 31 280
34 16 7 404
34 52 45 172
34 181 3 364
34 91 19 543
35 161 55 299
35 197 31 698
35 138 41 136
35 76 43 519
35 79 10 414
35 50 27 438
35 184 7 150
35 121 33 621
35 186 49 690
35 156 15 150
35 93 53 629
35 30 22 104
36 161 57 623
36 72 23 194
36 43 39 604
36 80 19 237
36 81 34 697
36 113 49 380
36 51 27 35
36 85 43 403
36 86 17 294
36 181 1 669
36 125 15 510
36 95 9 239
37 97 37 344
37 66 49 5
37 130 3 141
37 36 57 166
37 68 13 100
37 103 21 320
37 50 5 197
37 116 43 386
37 182 10 369
37 186 1 616
37 123 52 383
37 95 39 529
38 67 3 239
38 163 34 732
38 41 7 279
38 11 39 557
38 146 13 619
38 23 31 66
38 151 55 734
38 56 51 494
38 185 43 82
38 58 21 568
38 157 16 335
38 95 25 393
39 32 58 233
39 161 25 307
39 194 15 593
39 37 31 691
39 45 5 347
39 111 11 161
39 81 40 373
39 147 51 619
39 85 1 491
39 87 37 14
39 184 46 532
39 127 29 634
40 64 55 420
40 132 3 703
40 197 25 500
40 7 43 436
40 71 58 293
40 111 9 300
40 84 51 647
40 149 1 529
40 151 21 518
40 152 31 105
40 155 15 12
40 157 40 230
41 2 3 413
41 185 25 730
41 196 7 698
41 135 37 386
41 136 45 430
41 110 43 71
41 18 1 192
41 54 57 627
41 121 13 660
41 189 21 113
41 25 35 441
41 57 51 330
42 97 7 75
42 69 15 322
42 6 25 21
42 41 37 665
42 44 55 228
42 144 21 590
42 179 51 637
42 115 19 714
42 116 57 283
42 25 1 660
42 156 45 509
42 94 27 309
43 96 40 491
43 67 57 691
43 104 52 263
43 40 7 511
43 138 27 462
43 108 21 101
43 144 15 275
43 113 31 398
43 50 1 79
43 147 45 285
43 180 3 199
43 25 13 631
44 97 51 727
44 37 1 325
44 168 29 109
44 79 37 100
44 51 55 35
44 52 13 172
44 85 7 643
44 179 3 143
44 184 34 541
44 90 11 521
44 88 17 484
44 158 27 681
45 64 58 660
45 121 15 671
45 99 25 84
45 71 40 485
45 200 1 53
45 199 37 741
45 42 55 640
45 17 7 416
45 18 45 30
45 57 35 111
45 124 22 117
45 125 29 226
46 68 1 446
46 166 46 543
46 70 27 230
46 40 19 253
46 143 51 422
46 148 57 26
46 52 33 222
46 122 40 297
46 190 13 160
46 29 37 265
46 30 4 139
46 95 9 289
47 97 35 722
47 98 7 406
47 4 25 135
47 170 19 352
47 44 37 368
47 78 16 369
47 16 39 225
47 84 51 277
47 116 1 49
47 152 43 399
47 25 33 462
47 63 55 716
48 153 29 42
48 195 21 83
48 140 9 94
48 44 33 425
48 46 1 163
48 178 35 97
48 157 49 577
48 87 13 735
48 25 39 296
48 26 55 421
48 92 25 81
48 125 5 623
49 96 16 537
49 128 49 228
49 99 7 285
49 199 52 419
49 104 34 654
49 41 43 114
49 103 19 683
49 114 47 128
49 88 13 649
49 59 4 453
49 60 1 119
49 94 37 456
50 34 3 22
50 66 25 512
50 42 16 439
50 138 35 136
50 11 37 300
50 78 7 660
50 14 49 537
50 48 58 34
50 113 43 396
50 145 53 483
50 83 13 11
50 159 10 555
51 165 57 653
51 101 7 7
51 43 43 247
51 13 5 124
51 17 37 524
51 50 55 60
51 83 17 124
51 117 1 672
51 154 25 569
51 155 21 12
51 127 33 331
51 31 41 83
52 107 33 181
52 108 39 698
52 60 46 607
52 47 51 628
52 19 19 613
52 148 3 328
52 53 13 68
52 21 25 689
52 58 7 473
52 123 43 705
52 156 57 575
52 191 1 733
53 166 7 702
53 14 49 36
53 79 55 287
53 80 34 55
53 49 19 257
53 53 3 487
53 117 15 355
53 95 37 71
53 152 25 276
53 92 43 313
53 30 58 131
53 127 29 242
54 160 45 398
54 130 15 141
54 165 19 14
54 48 4 433
54 178 39 350
54 84 9 644
54 23 1 425
54 30 55 131
54 184 31 412
54 122 58 497
54 155 27 12
54 94 51 309
55 98 57 663
55 185 7 312
55 67 1 125
55 162 43 290
55 39 27 489
55 168 39 514
55 81 16 656
55 18 11 283
55 118 31 343
55 120 49 701
55 89 19 126
55 62 4 379
56 191 41 363
56 99 49 669
56 100 1 41
56 3 21 87
56 7 55 138
56 139 15 360
56 140 39 94
56 76 45 25
56 14 28 146
56 79 4 255
56 152 7 323
56 159 31 211
57 131 19 242
57 27 9 476
57 11 45 669
57 107 39 55
57 111 51 179
57 177 33 40
57 113 55 376
57 50 43 217
57 115 1 717
57 87 4 589
57 122 58 429
57 123 13 302
58 101 43 315
58 39 5 422
58 105 16 422
58 137 7 146
58 76 57 193
58 109 25 261
58 49 33 510
58 146 19 20
58 148 53 590
58 57 49 29
58 90 1 678
58 95 37 56
59 129 37 239
59 103 33 644
59 74 1 394
59 42 7 515
59 111 13 344
59 176 25 97
59 112 21 43
59 61 45 102
59 180 43 473
59 151 55 75
59 24 51 528
59 93 17 39
60 33 34 334
60 2 49 361
60 132 19 429
60 106 9 189
60 171 40 583
60 76 43 679
60 145 11 524
60 181 55 108
60 22 3 634
60 151 13 75
60 56 27 335
60 90 1 92
61 39 31 501
61 167 55 3
61 72 41 419
61 75 19 222
61 46 15 435
61 79 28 277
61 144 49 675
61 51 11 736
61 181 37 688
61 186 3 309
61 124 46 7
61 29 7 175
62 193 19 154
62 3 15 416
62 165 1 719
62 8 33 423
62 74 28 295
62 79 58 558
62 15 39 291
62 49 49 189
62 186 45 46
62 190 7 210
62 125 55 39
62 30 25 85
63 67 27 11
63 100 52 271
63 6 55 21
63 73 19 313
63 10 15 547
63 138 35 245
63 142 7 173
63 111 45 300
63 20 37 643
63 181 1 668
63 120 57 252
63 155 47 12
64 194 57 679
64 198 4 321
64 168 45 39
64 136 13 480
64 105 28 317
64 139 25 273
64 137 19 146
64 142 10 614
64 14 52 233
64 80 1 580
64 20 34 674
64 86 31 458
65 34 55 241
65 194 15 359
65 134 3 126
65 44 45 421
65 144 31 582
65 178 29 8
65 50 9 19
65 181 37 57
65 119 58 735
65 27 53 8
65 61 19 381
65 95 49 71
66 35 39 449
66 4 58 749
66 135 25 556
66 107 55 266
66 140 7 313
66 45 33 23
66 108 9 129
66 110 45 36
66 43 15 272
66 23 1 362
66 152 49 169
66 124 22 507
67 97 35 344
67 34 51 22
67 35 1 240
67 153 15 191
67 2 57 361
67 76 7 193
67 15 39 338
67 179 31 579
67 88 43 641
67 57 11 598
67 155 17 12
67 95 27 239
68 128 25 315
68 66 49 205
68 68 10 499
68 43 15 524
68 140 45 94
68 142 4 297
68 146 58 495
68 20 52 471
68 116 33 49
68 149 39 170
68 87 28 578
68 187 19 745
69 133 55 44
69 103 1 477
69 59 46 381
69 41 51 670
69 111 11 731
69 124 43 151
69 85 25 539
69 182 37 220
69 24 13 17
69 58 7 91
69 27 19 58
69 60 31 558
70 162 40 750
70 98 33 407
70 7 19 510
70 168 15 94
70 14 37 627
70 114 17 128
70 179 43 598
70 20 7 438
70 115 1 684
70 186 47 310
70 124 4 117
70 93 57 294
71 100 22 41
71 101 19 401
71 134 9 253
71 200 13 296
71 105 1 503
71 106 35 258
71 139 27 503
71 17 39 366
71 114 37 183
71 50 45 19
71 52 51 648
71 121 31 261
72 89 51 249
72 129 19 99
72 4 37 312
72 103 33 187
72 106 23 666
72 11 55 720
72 80 40 650
72 83 1 69
72 54 25 536
72 150 43 169
72 86 31 581
72 185 13 613
73 2 19 2
73 135 4 593
73 106 31 396
73 42 28 365
73 43 57 180
73 142 10 507
73 17 39 626
73 18 51 30
73 116 43 670
73 180 35 17
73 56 17 608
73 127 15 153
74 100 16 546
74 197 57 95
74 68 34 750
74 9 37 47
74 43 19 464
74 14 28 233
74 80 31 661
74 179 49 215
74 52 45 648
74 87 13 500
74 89 1 639
74 126 7 664
75 161 21 432
75 162 10 632
75 194 25 253
75 3 49 10
75 100 46 41
75 103 55 58
75 72 51 460
75 142 37 728
75 15 15 101
75 48 43 620
75 178 31 734
75 26 7 699
76 192 15 681
76 64 37 164
76 162 34 680
76 35 7 314
76 131 43 246
76 67 23 11
76 194 55 547
76 78 40 150
76 176 3 744
76 116 25 700
76 149 31 289
76 152 19 649
77 96 55 268
77 34 23 241
77 195 31 528
77 164 1 467
77 6 53 21
77 199 10 586
77 73 49 219
77 138 5 198
77 14 13 630
77 58 25 91
77 28 45 210
77 157 19 139
78 128 7 3
78 33 22 564
78 99 13 83
78 71 25 124
78 174 49 283
78 177 39 40
78 50 37 561
78 114 45 413
78 157 34 599
78 56 57 136
78 58 3 483
78 125 47 156
79 161 15 288
79 2 43 449
79 7 22 265
79 8 7 731
79 9 4 481
79 12 57 382
79 143 49 736
79 19 31 278
79 179 37 490
79 116 25 49
79 60 19 91
79 158 55 699
80 36 15 166
80 6 35 21
80 167 31 147
80 122 22 136
80 74 46 619
80 11 27 513
80 141 4 736
80 20 43 374
80 54 9 350
80 154 49 719
80 190 37 452
80 95 57 396
81 164 1 151
81 105 16 245
81 74 43 86
81 9 49 304
81 44 23 47
81 155 39 292
81 147 19 128
81 116 25 532
81 118 57 269
81 25 7 11
81 26 31 624
81 123 34 494
82 2 31 2
82 195 35 742
82 69 15 393
82 12 9 516
82 110 57 36
82 143 39 219
82 177 19 40
82 178 53 571
82 149 7 257
82 56 47 395
82 123 43 205
82 189 11 553
83 160 43 524
83 130 39 141
83 163 22 732
83 39 35 210
83 11 13 337
83 108 55 698
83 78 4 546
83 113 52 185
83 116 9 45
83 86 33 672
83 24 31 17
83 26 49 239
84 67 21 530
84 77 28 67
84 47 33 59
84 49 13 479
84 178 47 8
84 115 1 243
84 180 45 175
84 149 19 289
84 54 7 245
84 113 25 83
84 31 51 634
84 127 55 270
85 160 3 356
85 193 37 144
85 132 31 238
85 200 21 434
85 170 49 254
85 43 45 142
85 12 55 361
85 13 25 720
85 79 16 277
85 81 40 91
85 17 27 208
85 63 9 716
86 130 45 141
86 194 7 123
86 126 49 326
86 38 57 523
86 166 28 263
86 174 21 115
86 15 31 533
86 47 39 59
86 183 16 596
86 122 4 343
86 27 47 606
86 30 13 253
87 2 33 413
87 167 37 303
87 170 57 273
87 138 31 721
87 14 40 342
87 143 43 461
87 80 10 535
87 50 17 19
87 118 19 213
87 190 1 402
87 93 51 149
87 62 7 348
88 32 43 516
88 193 7 459
88 65 27 219
88 3 53 10
88 41 3 488
88 14 55 233
88 113 19 208
88 182 58 586
88 55 1 56
88 57 41 345
88 26 10 291
88 95 15 396
89 165 45 371
89 40 49 530
89 75 27 415
89 12 39 532
89 77 13 67
89 46 21 538
89 92 31 743
89 44 1 366
89 151 7 132
89 91 57 260
89 188 16 750
89 95 3 56
90 32 1 38
90 96 46 562
90 195 29 99
90 40 55 447
90 41 9 666
90 78 49 101
90 175 52 101
90 179 31 598
90 182 40 428
90 150 19 621
90 151 25 453
90 156 13 602
91 98 1 513
91 35 45 411
91 9 40 47
91 140 21 94
91 16 27 460
91 145 49 607
91 181 31 279
91 118 57 62
91 55 55 284
91 87 16 37
91 188 7 131
91 93 13 405
92 7 37 554
92 168 15 236
92 167 22 591
92 10 27 703
92 111 3 604
92 79 46 161
92 176 31 97
92 86 25 1
92 23 10 702
92 24 55 184
92 155 51 410
92 120 57 40
93 3 33 676
93 67 37 11
93 35 39 240
93 72 31 444
93 10 43 468
93 142 49 691
93 146 28 620
93 116 19 552
93 53 57 370
93 22 1 368
93 183 7 28
93 31 5 10
94 68 1 499
94 134 27 450
94 103 51 158
94 74 7 714
94 175 46 684
94 49 33 184
94 81 13 397
94 85 37 211
94 183 43 181
94 57 55 319
94 186 25 10
94 127 31 532
95 98 31 110
95 69 49 702
95 104 25 226
95 169 21 750
95 171 28 71
95 109 37 45
95 15 7 56
95 50 55 250
95 82 43 124
95 29 1 37
95 190 15 78
95 31 57 170
96 192 49 542
96 65 31 102
96 130 25 438
96 38 19 673
96 74 16 619
96 80 13 460
96 81 1 441
96 176 43 307
96 180 29 402
96 153 11 370
96 58 57 51
96 159 34 211
97 192 13 605
97 195 41 179
97 134 51 442
97 8 25 107
97 137 9 266
97 44 31 307
97 111 5 585
97 146 43 299
97 82 33 124
97 183 46 414
97 26 22 170
97 60 37 513
98 166 34 221
98 104 55 281
98 105 58 100
98 15 37 92
98 80 31 150
98 18 5 630
98 29 43 392
98 50 23 60
98 181 19 60
98 86 1 581
98 61 13 739
98 157 52 119
99 64 1 726
99 160 55 705
99 196 43 483
99 36 21 166
99 165 7 82
99 103 25 278
99 170 13 276
99 15 39 117
99 144 33 140
99 112 51 43
99 154 4 334
99 155 31 12
100 40 43 189
100 81 10 526
100 179 21 726
100 183 7 34
100 85 1 497
100 150 55 582
100 149 51 69
100 56 35 197
100 153 39 434
100 181 25 608
100 94 15 283
100 63 31 61
101 65 51 145
101 162 28 537
101 194 55 200
101 130 21 141
101 100 40 673
101 40 1 657
101 43 7 604
101 181 43 533
101 117 13 229
101 149 35 671
101 87 25 324
101 191 33 32
102 33 40 554
102 2 27 443
102 197 5 629
102 135 43 127
102 72 35 84
102 73 13 458
102 139 7 411
102 171 58 71
102 117 51 476
102 55 17 541
102 152 19 735
102 25 9 73
103 192 39 567
103 66 13 5
103 100 16 41
103 10 49 19
103 140 29 148
103 14 55 638
103 143 33 538
103 112 9 43
103 151 25 200
103 120 3 540
103 187 43 342
103 184 19 349
104 34 55 580
104 99 45 252
104 167 19 634
104 200 57 186
104 103 3 187
104 74 28 424
104 140 33 94
104 78 13 369
104 111 1 355
104 176 49 638
104 180 39 706
104 120 7 530
105 193 1 506
105 100 43 41
105 71 4 261
105 170 57 60
105 108 51 385
105 111 29 662
105 50 31 496
105 56 49 718
105 94 21 474
105 58 7 397
105 125 47 656
105 62 25 485
106 2 15 449
106 132 19 206
106 138 49 27
106 44 51 590
106 140 3 94
106 92 55 313
106 18 33 30
106 20 25 15
106 23 43 394
106 154 46 475
106 156 7 615
106 95 39 571
107 161 9 620
107 194 45 162
107 133 1 194
107 75 51 160
107 110 55 71
107 46 27 389
107 19 21 670
107 116 37 267
107 150 57 608
107 121 3 271
107 26 13 509
107 28 31 175
108 97 57 85
108 165 27 702
108 6 51 558
108 71 19 69
108 5 40 717
108 11 1 594
108 171 46 525
108 14 22 330
108 112 35 129
108 81 37 405
108 88 7 427
108 58 31 365
109 160 13 461
109 129 33 474
109 161 57 432
109 67 41 11
109 197 31 287
109 198 25 374
109 200 37 575
109 106 49 321
109 143 51 576
109 146 4 683
109 21 7 500
109 120 45 378
110 133 25 459
110 103 49 8
110 168 15 243
110 9 37 481
110 139 33 360
110 78 58 395
110 176 3 138
110 115 47 323
110 84 43 9
110 53 19 243
110 149 27 191
110 185 9 260
111 32 49 250
111 161 39 507
111 162 7 455
111 64 22 588
111 36 1 602
111 71 52 671
111 79 43 161
111 80 19 497
111 19 55 676
111 116 33 685
111 182 10 661
111 150 27 611
112 153 51 425
112 68 37 739
112 36 45 166
112 45 1 349
112 144 15 505
112 176 25 337
112 51 9 403
112 21 19 174
112 120 3 286
112 57 13 29
112 58 31 580
112 126 40 640
113 100 13 237
113 69 19 406
113 168 45 593
113 14 31 463
113 142 1 112
113 176 57 430
113 49 49 181
113 114 41 128
113 116 9 685
113 86 53 704
113 183 34 115
113 91 27 175
114 192 7 583
114 58 37 562
114 134 13 703
114 8 25 394
114 137 49 646
114 170 31 738
114 12 1 718
114 112 5 129
114 147 21 84
114 184 43 563
114 154 46 97
114 93 57 579
115 194 33 103
115 67 7 266
115 40 57 246
115 137 27 217
115 75 43 630
115 76 13 173
115 180 31 706
115 56 55 9
115 89 1 618
115 27 5 510
115 157 49 121
115 94 9 534
116 34 21 22
116 35 7 363
116 135 43 688
116 136 33 9
116 42 37 439
116 75 27 630
116 141 55 363
116 177 1 40
116 50 59 19
116 20 46 681
116 180 31 667
116 90 5 513
117 65 33 560
117 131 27 246
117 100 52 478
117 166 49 651
117 167 10 641
117 109 55 285
117 79 19 287
117 20 16 706
117 117 39 610
117 94 1 351
117 58 45 510
117 126 22 296
118 131 21 182
118 103 3 278
118 105 31 710
118 13 1 410
118 46 39 70
118 112 29 708
118 114 45 446
118 18 19 716
118 84 59 9
118 154 7 704
118 28 13 541
118 61 25 345
119 193 25 295
119 195 51 72
119 131 45 738
119 38 9 267
119 72 7 194
119 137 55 502
119 44 31 246
119 45 5 418
119 46 33 296
119 122 40 497
119 188 28 606
119 158 17 507
120 160 9 275
120 130 33 141
120 2 27 361
120 3 41 416
120 133 57 347
120 158 39 365
120 15 49 73
120 184 4 412
120 56 55 197
120 25 45 477
120 155 37 108
120 30 1 647
121 32 1 264
121 101 34 316
121 40 49 467
121 74 7 558
121 142 28 297
121 85 43 195
121 22 19 250
121 184 10 687
121 120 37 252
121 86 25 421
121 56 31 395
121 62 58 138
122 160 39 705
122 70 7 695
122 41 55 620
122 42 43 640
122 106 3 267
122 12 35 476
122 138 27 292
122 110 31 403
122 79 46 255
122 112 11 43
122 118 13 167
122 24 29 17
123 33 43 405
123 97 25 178
123 163 52 293
123 164 1 83
123 103 31 163
123 169 15 708
123 106 9 272
123 138 23 567
123 43 55 72
123 15 19 581
123 115 39 700
123 89 27 90
124 65 27 690
124 193 58 217
124 67 31 425
124 133 5 394
124 166 46 650
124 110 17 36
124 144 19 275
124 112 49 43
124 81 1 440
124 85 13 499
124 59 7 89
124 156 51 41
125 97 1 606
125 163 19 732
125 35 49 289
125 165 27 735
125 42 40 517
125 107 3 55
125 91 31 728
125 109 43 261
125 17 7 196
125 83 5 332
125 27 17 187
125 188 37 264
126 131 33 340
126 196 13 622
126 133 5 459
126 135 37 127
126 40 7 596
126 72 47 444
126 41 43 694
126 171 19 640
126 47 17 59
126 177 31 132
126 181 27 423
126 152 49 105
127 133 35 459
127 5 16 617
127 45 51 588
127 46 57 459
127 173 45 76
127 144 19 144
127 113 31 146
127 112 53 718
127 50 41 19
127 81 13 91
127 119 28 375
127 125 47 589
128 129 9 474
128 197 41 147
128 72 7 27
128 137 51 159
128 10 19 603
128 142 16 571
128 143 33 461
128 48 58 530
128 113 1 373
128 17 37 124
128 154 4 359
128 27 43 606
129 194 39 462
129 195 45 675
129 73 15 108
129 138 35 46
129 43 31 99
129 141 19 277
129 48 22 34
129 177 27 173
129 53 9 569
129 182 55 369
129 151 1 535
129 120 51 414
130 102 28 668
130 167 7 659
130 135 49 688
130 141 13 395
130 77 4 715
130 19 39 694
130 147 31 194
130 83 17 11
130 55 35 349
130 153 59 353
130 28 55 493
130 190 45 78
131 161 31 552
131 163 55 730
131 74 4 86
131 107 17 665
131 13 51 362
131 175 13 726
131 145 7 41
131 50 25 217
131 113 1 327
131 119 19 394
131 153 41 21
131 27 49 58
132 160 9 117
132 36 27 166
132 165 19 371
132 137 31 437
132 142 55 728
132 143 43 447
132 176 13 52
132 114 51 207
132 20 40 643
132 24 53 17
132 28 1 493
132 125 35 656
133 191 59 32
133 67 1 165
133 74 31 692
133 12 11 14
133 115 55 16
133 180 5 387
133 179 7 227
133 57 17 731
133 122 40 201
133 61 27 399
133 62 46 485
133 127 49 242
134 34 27 22
134 100 37 41
134 6 57 693
134 104 13 408
134 169 7 584
134 72 25 411
134 77 1 188
134 46 43 527
134 87 40 358
134 56 53 68
134 121 33 660
134 191 31 32
135 160 49 124
135 65 11 411
135 66 16 5
135 34 9 22
135 2 25 413
135 3 35 467
135 12 33 530
135 80 55 497
135 51 7 243
135 184 43 678
135 187 1 80
135 120 37 582
136 197 59 609
136 70 13 447
136 167 40 54
136 76 19 372
136 14 31 418
136 18 57 30
136 82 25 162
136 182 34 176
136 88 29 712
136 121 7 501
136 58 3 397
136 187 49 80
137 99 37 189
137 35 57 318
137 198 10 195
137 199 52 341
137 167 1 153
137 7 7 174
137 14 22 391
137 48 16 451
137 22 27 2
137 55 35 358
137 152 31 323
137 155 25 12
138 162 58 474
138 38 21 232
138 135 31 670
138 169 39 232
138 41 13 193
138 11 3 443
138 139 51 211
138 47 35 725
138 182 55 529
138 150 9 600
138 89 27 126
138 187 43 80
139 65 23 308
139 194 9 490
139 131 33 54
139 99 15 189
139 41 51 279
139 11 39 664
139 109 3 173
139 176 27 52
139 86 21 399
139 189 1 404
139 94 57 132
139 191 7 32
140 161 57 307
140 97 9 362
140 131 13 403
140 133 51 42
140 37 27 543
140 171 1 471
140 143 21 576
140 177 43 40
140 178 41 446
140 20 4 4
140 24 39 277
140 58 33 88
141 194 9 374
141 195 37 72
141 3 27 540
141 164 13 643
141 6 29 693
141 41 51 113
141 15 31 566
141 82 55 609
141 147 19 473
141 149 17 579
141 88 35 578
141 61 3 729
142 3 21 171
142 73 25 137
142 142 10 303
142 14 4 160
142 48 49 34
142 116 31 286
142 180 35 703
142 182 7 564
142 20 13 617
142 24 39 662
142 155 37 12
142 188 43 347
143 32 25 38
143 2 9 2
143 164 31 37
143 135 28 564
143 74 16 42
143 50 53 19
143 179 49 441
143 117 1 431
143 151 37 453
143 120 55 397
143 91 45 9
143 94 19 589
144 66 7 35
144 36 33 435
144 37 1 29
144 103 3 437
144 141 49 184
144 174 19 440
144 144 55 573
144 16 43 184
144 112 29 43
144 148 23 579
144 57 39 693
144 31 27 677
145 96 49 492
145 130 29 186
145 163 16 27
145 68 46 216
145 5 19 502
145 174 33 45
145 143 25 576
145 48 13 529
145 18 11 191
145 185 39 679
145 92 1 663
145 62 22 658
146 98 11 39
146 131 43 469
146 101 28 401
146 12 1 136
146 140 47 564
146 109 19 746
146 48 13 80
146 112 17 690
146 82 37 130
146 17 3 524
146 180 51 116
146 188 7 336
147 191 27 53
147 129 21 691
147 37 1 348
147 76 51 397
147 17 43 416
147 82 9 130
147 53 13 384
147 62 34 108
147 185 37 431
147 127 7 212
147 158 3 699
147 31 57 248
148 67 17 691
148 4 55 348
148 37 41 644
148 168 45 613
148 88 1 261
148 110 35 36
148 85 27 187
148 87 31 587
148 151 21 284
148 117 49 742
148 27 7 666
148 126 37 504
149 2 21 449
149 195 51 420
149 100 28 41
149 35 7 607
149 198 46 632
149 101 16 362
149 6 3 21
149 106 33 503
149 108 39 493
149 13 1 455
149 45 57 611
149 90 19 679
150 130 57 141
150 101 13 484
150 5 49 684
150 170 1 628
150 80 43 587
150 81 34 3
150 145 21 605
150 147 27 197
150 28 37 389
150 189 9 274
150 126 46 431
150 159 52 406
151 162 55 750
151 99 25 686
151 132 49 78
151 166 16 315
151 10 19 446
151 78 1 369
151 112 43 43
151 61 37 542
151 23 4 171
151 153 45 156
151 93 23 39
151 190 7 462
152 128 28 231
152 193 10 621
152 162 58 656
152 35 19 426
152 96 7 112
152 103 3 644
152 168 23 690
152 59 16 562
152 40 49 511
152 25 1 488
152 123 46 205
152 60 34 626
153 35 1 610
153 69 9 134
153 166 46 18
153 198 22 107
153 167 40 208
153 6 37 21
153 76 13 260
153 50 29 19
153 184 43 626
153 26 58 263
153 123 55 383
153 190 49 402
154 130 5 141
154 35 7 63
154 163 25 564
154 68 52 58
154 36 33 166
154 6 43 21
154 102 28 131
154 41 57 670
154 144 37 576
154 86 13 1
154 119 19 241
154 123 46 636
155 161 21 495
155 65 39 558
155 4 28 135
155 103 13 187
155 142 1 507
155 111 45 604
155 119 10 178
155 185 49 241
155 122 34 92
155 123 25 222
155 157 7 60
155 190 55 145
156 4 43 34
156 40 19 467
156 170 7 706
156 172 31 98
156 110 41 361
156 52 13 186
156 119 52 108
156 120 3 79
156 121 25 588
156 123 49 636
156 30 34 438
156 57 57 33
157 103 55 610
157 168 51 109
157 137 25 502
157 74 37 74
157 44 11 7
157 77 22 715
157 108 1 110
157 55 35 504
157 120 7 74
157 57 33 242
157 126 16 664
157 30 46 131
158 197 49 4
158 6 31 21
158 71 37 190
158 106 3 189
158 10 25 678
158 76 19 123
158 111 33 179
158 84 11 742
158 25 45 544
158 90 9 642
158 190 13 115
158 158 57 126
159 96 49 271
159 128 40 618
159 97 45 551
159 161 15 259
159 134 33 572
159 135 58 688
159 169 25 750
159 171 10 252
159 55 31 316
159 88 5 241
159 154 19 359
159 94 1 127
160 130 43 141
160 105 31 177
160 108 49 421
160 141 19 314
160 110 23 36
160 174 57 519
160 176 27 286
160 51 15 74
160 181 37 461
160 21 45 734
160 120 1 454
160 89 9 119
161 163 4 96
161 37 35 29
161 122 19 511
161 186 1 537
161 110 43 451
161 145 9 31
161 116 25 179
161 20 49 471
161 154 13 225
161 155 55 12
161 189 37 275
161 127 7 104
162 97 15 678
162 69 27 134
162 198 43 607
162 7 58 455
162 134 51 312
162 165 1 73
162 169 19 618
162 20 46 438
162 52 37 648
162 150 31 600
162 125 9 250
162 29 55 242
163 67 33 550
163 100 25 41
163 163 58 117
163 105 43 100
163 44 31 269
163 20 7 687
163 85 21 454
163 117 1 249
163 186 41 309
163 123 37 302
163 156 49 615
163 157 10 207
164 32 10 203
164 160 55 524
164 34 17 137
164 100 46 346
164 7 49 483
164 43 13 749
164 173 27 76
164 78 40 369
164 49 19 51
164 118 1 645
164 26 34 239
164 62 31 379
165 130 41 141
165 67 25 603
165 66 4 323
165 169 19 708
165 107 11 55
165 112 55 230
165 81 1 526
165 49 37 81
165 150 43 582
165 89 31 204
165 122 7 497
165 92 13 147
166 161 1 276
166 7 40 708
166 48 37 230
166 81 25 385
166 145 57 31
166 188 28 46
166 148 9 26
166 85 49 469
166 118 13 202
166 53 45 338
166 91 19 664
166 28 31 389
167 66 43 350
167 165 13 366
167 135 10 108
167 42 7 598
167 17 27 463
167 114 25 128
167 29 19 392
167 119 4 291
167 23 37 165
167 154 46 188
167 63 33 574
167 31 55 10
168 164 33 498
168 68 55 100
168 134 13 662
168 40 19 707
168 41 27 79
168 76 43 149
168 79 37 176
168 82 9 243
168 89 1 635
168 124 40 7
168 93 59 330
168 62 52 485
169 32 4 181
169 161 33 307
169 101 1 146
169 37 57 344
169 167 22 3
169 170 45 238
169 75 27 437
169 141 19 415
169 85 7 469
169 183 13 683
169 184 52 349
169 58 39 734
170 130 19 141
170 134 3 572
170 8 13 107
170 200 31 64
170 11 7 128
170 173 55 451
170 111 27 662
170 179 51 102
170 148 35 736
170 21 43 605
170 52 57 384
170 60 37 637
171 161 37 432
171 2 31 443
171 196 3 430
171 197 1 50
171 70 13 130
171 43 43 749
171 144 25 573
171 81 22 373
171 85 55 106
171 150 9 444
171 89 49 510
171 90 35 169
172 67 11 691
172 131 39 80
172 71 25 158
172 200 31 380
172 81 4 226
172 83 51 47
172 20 19 460
172 53 13 370
172 149 7 662
172 153 53 67
172 90 45 92
172 190 57 198
173 96 28 60
173 97 9 392
173 66 37 502
173 99 55 748
173 161 1 432
173 136 43 496
173 107 31 673
173 144 51 740
173 147 33 256
173 119 25 373
173 182 19 661
173 87 40 500
174 67 15 239
174 137 31 159
174 11 19 111
174 75 27 733
174 45 35 336
174 46 43 520
174 51 11 67
174 20 55 412
174 117 7 249
174 118 1 347
174 84 5 621
174 126 58 421
175 66 43 266
175 164 1 573
175 69 25 196
175 38 55 113
175 4 49 419
175 171 31 720
175 79 10 558
175 112 35 331
175 15 15 533
175 82 19 98
175 181 37 295
175 25 13 488
176 194 55 678
176 66 19 441
176 133 29 519
176 6 25 703
176 109 13 20
176 141 10 6
176 143 39 381
176 142 31 329
176 177 17 40
176 47 43 59
176 150 1 600
176 29 7 750
177 192 25 310
177 97 47 551
177 3 57 535
177 170 15 715
177 11 3 68
177 78 19 285
177 110 37 36
177 178 51 298
177 182 43 673
177 89 7 510
177 91 39 448
177 190 33 669
178 35 7 79
178 196 45 508
178 198 4 209
178 71 13 314
178 43 39 515
178 12 57 718
178 112 59 43
178 115 1 323
178 118 19 269
178 89 27 204
178 30 34 253
178 191 25 533
179 64 49 68
179 97 45 614
179 128 52 433
179 36 17 166
179 136 55 244
179 13 15 633
179 14 37 538
179 116 27 368
179 53 7 409
179 187 1 87
179 157 22 547
179 30 19 131
180 64 22 164
180 132 39 406
180 101 25 262
180 8 43 211
180 139 57 211
180 142 7 153
180 81 1 340
180 18 33 283
180 145 31 31
180 182 4 655
180 126 13 544
180 191 37 397
181 160 39 327
181 194 25 527
181 68 22 619
181 27 59 162
181 13 7 441
181 174 45 280
181 46 3 71
181 49 51 276
181 187 13 248
181 156 9 41
181 61 33 729
181 190 55 452
182 193 43 16
182 163 58 320
182 4 22 145
182 6 5 21
182 102 55 729
182 9 19 18
182 14 7 391
182 19 49 508
182 118 25 555
182 183 37 34
182 152 13 363
182 158 1 554
183 160 25 174
183 6 29 650
183 40 43 85
183 170 33 410
183 108 39 242
183 48 10 547
183 16 55 644
183 82 51 164
183 151 19 748
183 57 7 242
183 90 3 222
183 124 16 112
184 34 37 22
184 37 27 722
184 197 17 724
184 77 46 87
184 142 19 223
184 80 31 58
184 178 9 629
184 18 11 30
184 149 23 542
184 22 51 746
184 59 4 457
184 125 15 250
185 192 55 605
185 97 11 42
185 195 49 609
185 164 13 343
185 105 7 48
185 78 28 484
185 181 39 624
185 86 51 449
185 119 34 521
185 120 21 540
185 57 1 238
185 125 45 428
186 160 19 386
186 35 37 210
186 68 49 174
186 36 55 166
186 40 57 146
186 11 33 376
186 141 13 277
186 46 43 611
186 178 31 507
186 86 9 630
186 118 1 555
186 59 16 722
187 196 45 433
187 164 39 467
187 134 19 272
187 199 1 341
187 197 15 608
187 11 55 185
187 76 25 25
187 78 49 484
187 47 29 59
187 52 33 229
187 53 7 430
187 153 11 662
188 128 49 433
188 194 37 301
188 165 1 315
188 102 7 414
188 140 13 737
188 13 45 275
188 78 52 546
188 111 11 355
188 20 34 4
188 119 58 510
188 186 27 546
188 59 55 89
189 33 31 330
189 98 41 194
189 67 25 11
189 162 55 438
189 161 19 259
189 199 13 474
189 104 43 281
189 136 1 570
189 179 27 72
189 86 5 1
189 58 49 535
189 157 46 373
190 130 37 141
190 138 3 32
190 139 39 573
190 76 9 486
190 13 57 267
190 109 43 20
190 48 13 34
190 177 25 40
190 82 49 98
190 20 31 357
190 23 16 79
190 60 19 496
191 128 16 205
191 193 49 193
191 64 46 101
191 35 27 363
191 132 57 229
191 9 10 457
191 74 13 77
191 140 3 193
191 76 21 679
191 146 40 683
191 83 25 537
191 152 31 71
192 34 11 22
192 2 1 361
192 133 9 683
192 104 28 616
192 12 35 414
192 46 19 317
192 16 39 1
192 81 31 730
192 177 25 716
192 154 43 596
192 91 51 334
192 60 46 542
193 161 9 299
193 130 17 141
193 2 55 413
193 68 1 214
193 101 43 464
193 69 19 322
193 171 13 284
193 45 5 348
193 112 41 245
193 117 27 193
193 87 46 735
193 92 37 396
194 129 21 572
194 191 47 32
194 100 58 13
194 164 43 643
194 40 1 167
194 11 31 111
194 109 15 218
194 15 27 748
194 20 49 374
194 117 7 594
194 185 37 730
194 31 55 365
195 161 25 170
195 196 51 391
195 123 34 295
195 75 39 298
195 108 9 90
195 16 19 723
195 116 57 74
195 180 29 80
195 119 43 735
195 56 5 2
195 59 16 304
195 156 1 220
196 163 13 27
196 164 51 371
196 5 34 332
196 105 25 366
196 59 31 89
196 123 7 383
196 92 57 672
196 48 28 136
196 88 55 522
196 24 1 625
196 91 3 120
196 156 39 615
197 26 34 436
197 166 37 496
197 7 4 436
197 137 13 120
197 108 25 111
197 110 41 36
197 144 51 639
197 53 7 8
197 22 19 245
197 150 55 297
197 154 31 47
197 93 49 629
198 191 7 252
198 59 16 159
198 10 19 532
198 109 33 301
198 174 45 144
198 84 25 289
198 180 49 387
198 24 43 624
198 186 1 71
198 123 10 542
198 28 3 303
198 63 57 548
199 193 49 621
199 194 3 200
199 161 37 259
199 100 19 13
199 166 31 561
199 199 7 298
199 138 27 721
199 13 1 275
199 18 55 30
199 185 15 470
199 123 43 321
199 28 57 303
200 128 34 228
200 36 23 166
200 165 43 579
200 198 13 549
200 7 7 708
200 168 1 269
200 169 39 713
200 135 4 670
200 172 19 726
200 145 17 160
200 148 27 590
200 53 49 658
201 65 45 589
201 196 51 403
201 165 31 735
201 107 19 55
201 78 1 395
201 145 5 31
201 179 37 111
201 117 27 188
201 150 7 611
201 184 13 714
201 93 23 160
201 94 57 309
202 96 46 165
202 65 55 700
202 130 9 733
202 10 49 407
202 107 13 55
202 45 7 655
202 79 37 331
202 17 3 724
202 20 25 168
202 59 40 89
202 156 57 41
202 126 31 451
203 160 7 451
203 2 31 449
203 99 37 380
203 70 27 636
203 7 13 685
203 38 21 655
203 135 16 178
203 81 46 91
203 17 55 112
203 54 49 87
203 56 3 224
203 127 41 104
204 132 15 466
204 197 35 500
204 102 22 267
204 166 7 77
204 8 55 84
204 37 29 62
204 110 3 510
204 80 10 580
204 18 5 30
204 85 39 403
204 88 1 427
204 25 45 11
205 192 13 513
205 135 55 612
205 73 49 458
205 105 22 236
205 50 43 19
205 22 39 99
205 25 45 150
205 57 31 153
205 26 28 714
205 91 33 543
205 190 7 78
205 63 1 61
206 163 37 314
206 165 45 366
206 45 35 81
206 143 25 549
206 48 40 487
206 49 49 428
206 178 29 127
206 83 57 143
206 117 19 672
206 185 31 564
206 155 59 453
206 124 13 542
207 64 55 660
207 129 1 142
207 160 21 327
207 138 59 27
207 172 11 81
207 79 49 182
207 177 43 221
207 118 13 659
207 57 5 29
207 26 31 668
207 61 7 729
207 62 37 284
208 192 55 98
208 98 51 585
208 170 45 254
208 139 25 741
208 77 31 643
208 46 27 494
208 143 37 178
208 50 19 19
208 116 15 553
208 22 1 671
208 56 7 395
208 123 22 205
209 160 1 148
209 164 31 529
209 100 55 13
209 166 37 525
209 107 51 515
209 155 35 64
209 141 22 396
209 85 43 50
209 87 58 168
209 26 7 167
209 187 13 208
209 125 27 42
210 193 52 16
210 74 49 114
210 106 1 295
210 81 28 385
210 82 45 71
210 20 55 289
210 152 19 71
210 57 13 30
210 26 40 349
210 61 15 209
210 30 7 694
210 191 33 717
211 26 49 509
211 100 1 13
211 103 21 8
211 135 52 622
211 7 10 265
211 174 37 53
211 15 31 5
211 176 15 97
211 17 25 640
211 178 57 436
211 116 45 567
211 122 4 201
212 129 49 540
212 34 29 592
212 3 47 219
212 164 7 682
212 36 13 166
212 76 31 583
212 46 57 270
212 143 1 262
212 49 25 574
212 19 19 278
212 87 37 324
212 23 16 347
213 33 4 569
213 34 43 412
213 99 19 215
213 196 25 403
213 35 55 262
213 135 34 673
213 168 31 116
213 47 45 152
213 17 51 35
213 92 13 14
213 29 10 385
213 30 37 253
214 33 10 688
214 162 4 537
214 97 1 509
214 69 37 93
214 40 55 362
214 42 34 406
214 139 15 697
214 18 19 30
214 51 43 736
214 88 27 95
214 189 51 274
214 184 7 359
215 96 58 750
215 2 51 2
215 133 31 664
215 165 37 73
215 135 4 622
215 104 10 183
215 9 25 18
215 10 45 122
215 174 21 641
215 112 1 43
215 86 15 672
215 190 33 387
216 33 13 37
216 66 16 680
216 5 43 349
216 72 51 573
216 168 53 531
216 112 25 43
216 51 9 411
216 148 11 562
216 53 55 602
216 88 1 111
216 91 33 731
216 31 23 10
217 192 31 123
217 70 7 447
217 167 19 153
217 138 15 676
217 18 37 30
217 181 25 515
217 157 43 599
217 56 51 86
217 187 55 392
217 61 1 186
217 126 46 488
217 127 35 212
218 4 58 218
218 37 43 504
218 134 33 269
218 70 45 245
218 137 51 146
218 42 37 463
218 10 13 446
218 46 7 618
218 118 3 484
218 89 25 249
218 95 19 56
218 191 49 363
219 2 57 2
219 69 9 337
219 173 7 76
219 110 53 199
219 60 25 116
219 144 1 597
219 83 21 499
219 147 13 444
219 120 37 276
219 153 45 77
219 90 33 450
219 28 49 541
220 192 3 39
220 73 19 704
220 11 25 157
220 123 49 222
220 142 43 502
220 110 1 209
220 78 13 327
220 52 33 452
220 149 39 282
220 26 46 291
220 27 31 452
220 92 7 81
221 161 33 507
221 194 57 253
221 71 25 293
221 200 45 53
221 73 19 609
221 106 23 14
221 107 39 218
221 78 7 247
221 175 13 188
221 148 49 26
221 54 1 212
221 27 31 666
222 33 4 416
222 35 37 311
222 67 31 265
222 5 10 717
222 100 1 517
222 14 58 543
222 176 43 744
222 145 21 231
222 82 13 3
222 81 28 373
222 153 51 491
222 189 41 227
223 165 55 637
223 102 7 37
223 71 43 485
223 101 10 185
223 44 25 50
223 110 1 176
223 19 21 382
223 20 46 4
223 179 49 592
223 52 13 45
223 154 31 282
223 59 40 722
224 153 1 384
224 66 49 527
224 197 27 50
224 134 43 491
224 7 16 71
224 109 37 136
224 175 34 726
224 51 9 489
224 150 3 289
224 87 13 358
224 185 19 312
224 187 57 80
225 129 25 142
225 167 13 24
225 138 51 198
225 107 1 548
225 175 22 612
225 81 7 730
225 179 43 227
225 20 16 4
225 87 58 332
225 151 37 572
225 59 55 199
225 120 31 414
226 193 7 621
226 162 58 680
226 164 49 488
226 11 43 68
226 45 55 333
226 14 22 638
226 60 4 119
226 113 10 461
226 117 39 206
226 186 27 436
226 31 15 203
226 159 19 38
227 128 28 652
227 96 43 271
227 98 39 374
227 192 1 603
227 102 52 235
227 70 31 434
227 16 9 188
227 84 25 9
227 52 13 249
227 152 55 315
227 57 21 356
227 90 17 92
228 32 37 249
228 6 29 252
228 200 19 260
228 136 13 430
228 138 57 398
228 74 40 394
228 172 7 221
228 76 33 267
228 47 5 127
228 179 45 441
228 116 1 208
228 22 49 734
229 162 46 145
229 3 1 313
229 34 57 345
229 8 15 123
229 169 49 435
229 45 21 129
229 48 34 34
229 93 11 149
229 149 39 647
229 57 5 270
229 156 7 157
229 61 25 581
230 34 47 22
230 67 11 11
230 68 52 739
230 38 15 694
230 200 25 559
230 72 39 691
230 107 59 339
230 78 1 256
230 81 4 526
230 84 45 456
230 183 22 339
230 188 34 77
231 72 45 444
231 41 39 113
231 108 7 268
231 60 49 698
231 143 31 678
231 78 25 101
231 49 13 117
231 177 5 40
231 93 17 554
231 120 55 276
231 188 22 234
231 29 1 319
232 163 40 27
232 134 51 572
232 7 46 16
232 43 27 39
232 141 1 321
232 124 4 7
232 179 9 468
232 119 55 405
232 25 23 27
232 26 43 699
232 156 19 615
232 127 35 561
233 160 21 90
233 194 55 525
233 132 45 183
233 168 27 242
233 59 10 665
233 171 49 642
233 172 31 585
233 141 7 133
233 79 34 182
233 155 41 704
233 28 37 128
233 95 13 56
234 196 3 602
234 165 19 315
234 166 43 703
234 171 40 525
234 12 37 192
234 76 31 25
234 79 52 287
234 113 46 717
234 85 55 469
234 181 7 674
234 150 15 308
234 90 27 742
235 65 3 482
235 136 27 132
235 169 55 408
235 72 39 714
235 11 51 376
235 175 31 448
235 49 7 405
235 53 13 719
235 157 43 577
235 56 35 2
235 57 21 529
235 29 46 224
236 64 37 101
236 96 34 60
236 99 7 519
236 71 52 282
236 168 55 514
236 200 3 400
236 8 27 125
236 173 21 110
236 46 43 424
236 148 25 562
236 186 19 685
236 92 15 81
237 32 58 264
237 66 25 5
237 102 28 659
237 81 22 470
237 178 9 205
237 115 39 425
237 116 43 574
237 23 52 284
237 121 3 121
237 91 13 306
237 60 19 668
237 61 33 72
238 161 57 340
238 132 19 493
238 101 43 7
238 168 33 408
238 74 49 424
238 43 25 627
238 108 13 46
238 44 31 149
238 78 10 327
238 16 37 477
238 24 5 262
238 122 46 497
239 98 51 620
239 196 39 173
239 6 43 248
239 135 16 127
239 140 7 94
239 12 9 382
239 14 4 342
239 16 57 1
239 115 45 455
239 184 1 9
239 89 19 554
239 124 34 663
240 69 55 551
240 6 7 21
240 143 9 589
240 80 13 645
240 176 31 630
240 23 49 284
240 53 37 68
240 22 25 327
240 54 3 448
240 185 43 724
240 26 16 21
240 187 19 80
241 32 37 634
241 34 7 22
241 162 10 455
241 196 19 660
241 166 40 196
241 135 46 688
241 136 1 519
241 189 27 147
241 185 57 646
241 154 31 514
241 28 49 360
241 93 15 453
242 161 7 432
242 66 19 350
242 35 25 266
242 26 4 421
242 5 43 617
242 133 41 396
242 39 1 623
242 169 13 410
242 12 55 530
242 77 22 230
242 146 37 488
242 58 57 91
243 97 59 387
243 33 52 438
243 132 37 229
243 165 55 181
243 102 25 131
243 138 35 195
243 142 49 38
243 83 21 710
243 155 29 12
243 28 13 323
243 29 10 273
243 126 31 431
244 36 37 166
244 46 39 494
244 176 19 52
244 179 55 425
244 116 9 700
244 84 1 408
244 54 25 181
244 184 49 626
244 185 31 312
244 58 3 388
244 187 43 54
244 190 13 452
245 33 49 301
245 199 55 346
245 8 3 376
245 135 13 148
245 106 21 438
245 139 17 730
245 77 43 723
245 46 27 459
245 143 39 602
245 16 7 723
245 92 31 235
245 93 23 461
246 33 25 322
246 66 13 299
246 99 57 255
246 197 53 500
246 40 9 537
246 14 28 160
246 110 19 36
246 81 40 397
246 50 31 19
246 22 21 326
246 121 45 662
246 62 4 521
247 68 58 357
247 133 55 552
247 166 13 543
247 103 3 449
247 42 28 439
247 74 10 601
247 142 7 709
247 176 39 307
247 50 23 19
247 182 25 691
247 154 49 359
247 157 46 487
248 33 37 194
248 40 43 511
248 73 19 50
248 174 3 435
248 15 51 111
248 48 16 152
248 78 34 628
248 82 57 188
248 84 23 429
248 119 13 581
248 90 1 222
248 123 28 411
249 161 49 340
249 68 1 552
249 164 9 398
249 105 55 422
249 175 34 684
249 47 7 725
249 118 37 555
249 182 16 66
249 24 53 281
249 91 27 656
249 120 43 270
249 63 19 477
250 32 16 685
250 69 49 551
250 168 37 750
250 9 7 18
250 171 58 125
250 76 19 248
250 18 25 30
250 93 13 132
250 54 31 87
250 26 1 436
250 60 28 626
250 29 55 668
251 161 25 432
251 165 37 579
251 103 31 477
251 73 51 700
251 138 57 46
251 106 35 462
251 77 43 600
251 143 21 85
251 121 1 561
251 186 5 561
251 123 16 383
251 125 9 42
252 129 21 28
252 135 37 640
252 72 1 124
252 8 43 383
252 74 34 149
252 175 49 448
252 49 55 189
252 178 19 8
252 113 25 146
252 151 15 333
252 25 9 213
252 159 40 321
253 159 46 38
253 166 16 630
253 135 31 593
253 167 58 369
253 102 25 356
253 137 3 18
253 140 35 94
253 47 49 268
253 18 23 30
253 54 39 290
253 28 51 175
253 95 7 541
254 97 45 460
254 194 33 246
254 35 55 47
254 195 53 461
254 5 7 477
254 41 21 79
254 174 13 161
254 19 25 638
254 26 49 170
254 60 10 513
254 125 31 39
254 94 1 105
255 129 51 39
255 98 1 39
255 132 45 602
255 198 40 402
255 71 37 485
255 168 27 738
255 74 58 86
255 139 9 697
255 108 15 62
255 46 33 520
255 112 7 43
255 81 22 96
256 65 45 575
256 66 19 512
256 131 37 527
256 133 27 673
256 45 41 637
256 48 22 65
256 17 1 640
256 114 9 371
256 86 35 458
256 189 47 553
256 22 55 634
256 93 51 579
257 97 7 238
257 3 39 540
257 163 1 27
257 133 5 44
257 102 25 509
257 166 49 315
257 35 57 173
257 45 33 466
257 152 19 363
257 189 35 408
257 95 43 708
257 31 13 377
258 160 7 715
258 193 25 397
258 36 21 669
258 166 28 112
258 139 39 411
258 76 57 360
258 13 15 720
258 79 52 255
258 117 31 134
258 152 3 444
258 123 46 301
258 125 35 489
259 192 13 98
259 193 40 241
259 66 1 5
259 163 19 333
259 37 47 29
259 169 43 232
259 141 49 32
259 15 33 41
259 175 58 363
259 18 31 30
259 119 55 510
259 158 29 311
260 164 3 398
260 200 9 575
260 72 29 408
260 74 49 50
260 143 55 178
260 80 13 168
260 146 22 306
260 83 45 522
260 18 1 30
260 186 35 271
260 125 39 445
260 159 16 38
261 161 21 620
261 67 5 11
261 103 57 8
261 8 31 319
261 46 15 611
261 48 52 136
261 145 41 31
261 181 9 617
261 118 37 308
261 182 1 732
261 123 28 383
261 30 43 576
262 131 13 612
262 197 1 629
262 103 7 248
262 168 11 646
262 137 39 266
262 75 57 317
262 172 45 427
262 178 29 27
262 52 21 686
262 116 33 191
262 184 25 541
262 31 19 217
263 131 19 121
263 196 13 95
263 100 52 711
263 198 40 533
263 90 1 169
263 106 9 603
263 42 49 406
263 51 37 87
263 184 58 142
263 58 27 615
263 188 34 6
263 62 4 514
264 64 7 394
264 65 1 143
264 194 13 301
264 69 39 653
264 43 45 107
264 139 21 212
264 109 57 342
264 13 29 646
264 53 31 353
264 59 10 199
264 156 25 215
264 95 49 56
265 163 37 732
265 154 40 508
265 105 19 569
265 43 33 627
265 140 27 647
265 14 49 285
265 145 25 31
265 21 13 734
265 30 22 131
265 24 11 347
265 58 7 448
265 190 55 625
266 161 43 552
266 165 15 535
266 101 31 237
266 7 34 696
266 139 9 158
266 75 55 169
266 15 1 533
266 176 51 468
266 17 21 678
266 184 40 340
266 188 28 54
266 62 25 658
267 192 33 567
267 64 43 291
267 74 13 601
267 171 22 485
267 155 11 12
267 142 25 112
267 78 7 484
267 29 4 677
267 53 37 243
267 27 31 339
267 92 57 81
267 93 1 132
268 2 49 443
268 198 31 632
268 136 25 323
268 42 1 727
268 12 13 515
268 174 21 53
268 78 43 484
268 81 37 385
268 18 53 30
268 148 19 26
268 53 7 467
268 125 57 683
269 43 13 99
269 140 23 94
269 144 9 560
269 115 27 372
269 149 1 662
269 53 37 24
269 152 31 499
269 57 45 332
269 26 52 33
269 60 58 687
269 63 19 597
269 191 55 32
270 161 1 259
270 162 58 29
270 66 16 285
270 4 10 592
270 36 7 166
270 8 19 119
270 44 29 256
270 81 40 457
270 19 43 24
270 55 5 407
270 89 31 595
270 57 27 143
271 4 10 342
271 135 43 612
271 137 37 646
271 11 49 90
271 13 15 59
271 175 31 641
271 113 7 324
271 21 21 192
271 189 25 275
271 120 1 701
271 122 34 205
271 93 13 419
272 129 25 201
272 194 49 319
272 132 21 466
272 41 57 527
272 12 17 14
272 174 7 619
272 49 13 257
272 83 1 159
272 180 33 473
272 179 3 335
272 184 40 9
272 25 35 162
273 64 49 138
273 128 55 652
273 130 13 438
273 101 1 237
273 166 16 263
273 199 34 341
273 172 21 622
273 76 37 412
273 174 25 435
273 143 43 549
273 20 58 461
273 149 47 575
274 69 43 200
274 198 19 402
274 134 37 269
274 171 34 125
274 179 1 183
274 23 16 15
274 21 51 275
274 87 13 320
274 119 31 394
274 85 7 593
274 83 57 265
274 91 25 457
275 3 37 10
275 100 22 13
275 39 53 210
275 72 35 450
275 12 55 533
275 79 16 100
275 179 49 519
275 52 45 186
275 116 1 191
275 55 41 422
275 154 31 508
275 125 27 428
276 96 52 107
276 66 16 317
276 104 43 263
276 170 1 422
276 111 33 666
276 17 19 35
276 146 46 45
276 147 25 285
276 115 11 33
276 117 37 684
276 186 57 710
276 95 7 393
277 121 7 609
277 194 13 527
277 193 49 217
277 69 33 304
277 166 22 196
277 136 39 212
277 27 57 600
277 73 45 459
277 152 25 744
277 153 31 370
277 91 3 582
277 62 52 351
278 193 40 293
278 97 29 576
278 39 35 151
278 168 37 434
278 169 3 389
278 42 52 439
278 76 45 79
278 50 43 197
278 83 25 61
278 117 13 353
278 123 22 390
278 190 7 625
279 3 15 467
279 40 3 217
279 41 49 367
279 173 19 76
279 109 43 452
279 15 27 670
279 112 17 43
279 116 31 700
279 85 37 168
279 149 1 331
279 24 53 85
279 94 7 64
280 194 1 252
280 67 11 738
280 132 7 567
280 197 39 724
280 38 15 496
280 136 43 588
280 173 25 76
280 48 22 520
280 112 13 43
280 84 29 364
280 29 19 224
280 94 31 471
281 64 31 375
281 130 11 141
281 28 21 445
281 109 45 420
281 15 39 465
281 92 3 547
281 188 25 210
281 179 51 280
281 181 7 693
281 125 15 477
281 60 55 310
281 189 1 227
282 97 21 578
282 66 55 159
282 34 47 637
282 39 37 608
282 8 39 107
282 138 59 701
282 47 23 59
282 112 17 230
282 55 3 407
282 184 10 142
282 88 45 672
282 92 27 58
283 165 25 371
283 70 7 529
283 154 22 508
283 200 51 426
283 12 55 82
283 14 46 233
283 148 31 26
283 149 17 662
283 186 1 710
283 123 34 383
283 189 3 113
283 31 11 365
284 66 58 5
284 130 13 141
284 73 43 555
284 178 1 103
284 50 27 19
284 117 15 7
284 181 19 533
284 55 7 316
284 88 5 224
284 153 49 663
284 53 39 8
284 29 34 439
285 193 1 359
285 100 22 706
285 197 27 120
285 136 31 519
285 43 45 453
285 109 57 379
285 20 16 289
285 182 40 671
285 23 4 165
285 57 9 319
285 90 13 742
285 158 35 554
286 3 35 641
286 132 1 154
286 165 43 14
286 72 47 504
286 105 16 503
286 112 57 43
286 84 11 314
286 180 5 509
286 122 52 218
286 91 39 503
286 31 9 472
286 127 7 73
287 132 3 406
287 101 10 401
287 74 55 714
287 44 15 113
287 17 45 296
287 116 31 553
287 85 25 580
287 117 19 304
287 52 39 686
287 84 29 247
287 59 49 162
287 124 58 542
288 2 7 413
288 199 4 702
288 104 43 432
288 139 39 548
288 142 55 38
288 16 31 723
288 80 22 497
288 84 51 490
288 119 58 477
288 151 13 748
288 154 28 483
288 159 1 60
289 32 40 420
289 65 45 482
289 58 13 568
289 200 3 607
289 73 51 332
289 106 27 213
289 115 17 33
289 84 33 318
289 21 57 355
289 56 29 68
289 186 43 690
289 189 9 116
290 164 57 498
290 133 5 194
290 167 7 147
290 7 10 16
290 107 55 384
290 113 49 83
290 82 13 390
290 51 21 489
290 23 43 629
290 185 1 585
290 27 35 424
290 125 39 39
291 161 43 340
291 99 3 280
291 101 40 127
291 166 58 496
291 139 29 250
291 44 37 231
291 142 7 343
291 22 15 169
291 87 25 320
291 121 19 309
291 29 49 668
291 158 11 699
292 32 19 203
292 89 27 352
292 3 55 701
292 196 43 95
292 7 16 16
292 74 52 295
292 75 9 480
292 140 59 559
292 81 13 457
292 52 31 424
292 121 39 261
292 154 1 156
293 34 5 22
293 162 52 565
293 69 15 354
293 39 1 195
293 142 49 297
293 175 43 101
293 110 11 36
293 50 25 19
293 85 33 411
293 182 7 220
293 186 19 577
293 158 39 372
294 33 49 194
294 193 52 20
294 66 46 615
294 38 57 553
294 134 25 572
294 154 7 523
294 13 15 65
294 47 5 59
294 50 13 19
294 147 1 84
294 89 37 644
294 186 31 10
295 128 58 311
295 163 22 314
295 196 45 622
295 154 10 483
295 59 28 556
295 155 35 12
295 175 25 726
295 145 5 605
295 122 37 497
295 123 19 383
295 125 7 736
295 94 1 304
296 160 15 213
296 35 31 74
296 165 55 681
296 70 25 202
296 105 19 378
296 74 22 601
296 174 51 161
296 182 7 429
296 120 37 262
296 122 10 379
296 155 5 12
296 125 45 656
297 132 55 742
297 197 45 608
297 196 9 375
297 73 1 137
297 169 39 435
297 9 52 304
297 78 49 167
297 16 15 522
297 81 22 405
297 114 31 296
297 183 25 176
297 88 5 507
298 4 34 440
298 40 21 722
298 9 25 311
298 170 51 612
298 13 57 149
298 45 39 116
298 16 45 376
298 50 5 19
298 117 13 610
298 23 10 657
298 29 7 517
298 190 1 387
299 131 43 214
299 198 34 270
299 40 9 139
299 72 57 404
299 11 19 157
299 45 17 349
299 176 13 406
299 113 25 317
299 80 28 497
299 115 39 427
299 83 23 537
299 148 41 295
300 128 13 291
300 195 31 609
300 196 55 614
300 10 45 269
300 170 7 241
300 141 28 447
300 14 34 584
300 144 19 165
300 87 37 491
300 25 51 296
300 186 41 685
300 59 1 541
301 192 15 372
301 132 43 83
301 42 55 727
301 11 49 664
301 144 21 238
301 145 37 113
301 178 29 221
301 19 39 498
301 116 33 708
301 22 3 311
301 151 7 200
301 95 25 737
302 96 52 492
302 162 46 159
302 133 55 417
302 41 19 404
302 107 59 55
302 43 39 272
302 80 49 587
302 82 9 410
302 20 1 438
302 117 15 149
302 119 4 373
302 123 34 321
303 161 19 623
303 97 3 606
303 164 15 732
303 6 57 598
303 44 37 749
303 77 31 108
303 14 34 342
303 110 5 36
303 182 10 222
303 23 7 554
303 186 45 697
303 190 39 145
304 66 22 527
304 132 15 184
304 40 37 625
304 169 1 118
304 47 19 179
304 87 55 528
304 120 9 262
304 25 29 253
304 58 25 734
304 188 49 155
304 94 43 354
304 95 33 393
305 32 22 233
305 65 39 482
305 66 25 308
305 162 13 614
305 36 5 166
305 136 43 192
305 169 33 618
305 74 19 593
305 181 51 106
305 22 57 304
305 24 1 281
305 189 3 274
306 161 45 288
306 68 13 537
306 58 7 388
306 166 28 651
306 169 55 713
306 49 49 516
306 21 19 337
306 24 23 17
306 154 25 508
306 156 33 218
306 125 3 194
306 95 39 393
307 98 1 279
307 101 46 197
307 198 40 607
307 102 43 358
307 6 11 21
307 43 15 255
307 44 59 538
307 175 37 363
307 18 29 30
307 179 21 721
307 116 51 549
307 189 55 147
308 131 25 80
308 36 47 166
308 3 59 10
308 196 55 232
308 165 49 715
308 169 1 708
308 137 31 646
308 52 13 648
308 150 39 106
308 90 21 179
308 155 7 12
308 125 9 712
309 96 4 492
309 36 1 345
309 197 13 50
309 42 37 394
309 140 43 94
309 45 59 700
309 77 40 108
309 143 51 678
309 84 21 63
309 90 29 169
309 29 16 426
309 62 10 348
310 161 7 495
310 2 19 443
310 131 33 689
310 194 43 730
310 38 37 476
310 199 25 501
310 76 13 679
310 49 1 257
310 148 59 26
310 23 28 24
310 187 55 650
310 63 51 331
311 36 49 166
311 137 9 376
311 10 39 678
311 139 31 88
311 107 43 55
311 16 19 482
311 81 1 385
311 89 13 144
311 155 23 12
311 124 58 7
311 62 28 359
311 191 25 363
312 64 37 133
312 65 59 102
312 168 45 243
312 170 51 454
312 155 5 704
312 187 21 294
312 20 55 217
312 22 13 398
312 182 40 667
312 89 7 126
312 123 25 205
312 29 34 42
313 35 43 311
313 100 34 13
313 11 7 111
313 171 13 342
313 75 19 325
313 14 28 293
313 113 16 340
313 93 25 66
313 121 37 422
313 90 55 193
313 28 3 445
313 29 58 242
314 67 55 11
314 8 19 731
314 12 43 515
314 15 31 56
314 112 27 710
314 116 57 6
314 55 23 58
314 180 35 390
314 23 10 15
314 184 7 626
314 158 51 150
314 31 3 170
315 96 46 492
315 4 40 585
315 102 1 659
315 39 43 490
315 27 49 476
315 75 27 562
315 141 34 468
315 15 13 465
315 112 59 129
315 59 37 89
315 29 19 360
315 62 10 359
316 153 33 504
316 164 19 498
316 69 49 134
316 136 39 355
316 44 27 376
316 173 11 94
316 78 58 669
316 176 43 406
316 145 17 31
316 146 4 45
316 183 55 167
316 57 31 367
317 128 52 652
317 97 9 238
317 5 37 603
317 103 13 424
317 41 27 665
317 170 21 450
317 44 7 538
317 46 45 364
317 15 31 465
317 16 1 225
317 90 57 247
317 27 43 666
318 2 43 443
318 4 37 392
318 164 9 498
318 9 22 18
318 107 33 402
318 11 13 305
318 141 55 744
318 148 47 26
318 20 4 471
318 58 27 598
318 155 41 12
318 158 59 28
319 3 39 313
319 40 19 537
319 136 25 355
319 43 33 180
319 107 11 609
319 44 47 50
319 75 15 488
319 114 5 725
319 119 43 731
319 89 7 639
319 93 57 427
319 126 49 556
320 33 10 721
320 196 19 430
320 168 47 247
320 139 45 230
320 140 55 94
320 141 34 167
320 142 49 303
320 111 59 662
320 20 28 289
320 22 3 455
320 125 25 510
320 63 39 90
321 132 21 334
321 169 25 232
321 12 29 14
321 79 16 176
321 177 53 221
321 116 43 276
321 21 49 689
321 150 7 492
321 55 31 541
321 54 3 685
321 56 39 224
321 61 57 577
322 64 4 101
322 32 1 233
322 163 55 238
322 132 7 653
322 11 31 185
322 12 15 278
322 179 25 306
322 85 43 168
322 185 19 169
322 58 37 388
322 188 58 281
322 158 51 372
323 97 27 645
323 4 19 630
323 71 49 262
323 8 33 244
323 171 37 28
323 139 23 677
323 173 59 76
323 15 43 581
323 48 4 152
323 50 55 19
323 24 9 235
323 25 15 114
324 192 1 161
324 35 27 682
324 197 15 609
324 75 51 27
324 140 49 564
324 112 55 43
324 82 33 114
324 25 21 376
324 90 9 179
324 124 40 367
324 93 37 39
324 57 57 158
325 96 13 171
325 164 19 573
325 102 28 558
325 46 55 127
325 174 33 623
325 142 43 223
325 48 40 34
325 18 59 30
325 78 7 526
325 148 5 26
325 186 37 423
325 31 31 472
326 6 23 610
326 72 55 221
326 9 31 658
326 106 43 514
326 14 46 586
326 145 1 31
326 50 37 19
326 51 57 52
326 116 49 574
326 117 13 262
326 90 25 92
326 60 7 586
327 32 31 233
327 97 37 335
327 67 3 620
327 199 49 341
327 40 19 194
327 108 13 207
327 81 46 96
327 56 59 718
327 186 57 709
327 123 10 383
327 189 39 617
327 190 27 669
328 192 25 433
328 98 7 624
328 9 34 605
328 77 31 457
328 48 37 457
328 49 51 427
328 18 17 30
328 81 4 146
328 117 19 68
328 149 45 448
328 119 10 463
328 53 57 568
329 160 49 348
329 98 33 276
329 164 45 682
329 133 21 494
329 5 25 684
329 168 37 639
329 169 13 232
329 141 1 216
329 113 10 208
329 114 57 183
329 147 39 670
329 183 7 46
330 65 13 495
330 33 52 424
330 197 33 590
330 168 15 531
330 9 40 18
330 83 35 11
330 19 19 428
330 148 23 198
330 22 25 746
330 119 10 664
330 125 45 489
330 191 1 521
331 97 21 645
331 165 51 735
331 37 9 487
331 10 37 17
331 139 59 392
331 46 15 520
331 16 43 474
331 118 55 484
331 55 29 629
331 184 25 340
331 28 1 360
331 125 33 39
332 96 1 492
332 193 58 16
332 34 55 22
332 166 31 112
332 137 13 212
332 173 49 76
332 112 53 43
332 19 19 6
332 84 9 88
332 154 40 505
332 189 27 273
332 127 25 732
333 134 39 315
333 199 1 308
333 73 55 431
333 141 13 64
333 142 4 153
333 110 59 36
333 50 37 123
333 182 52 182
333 24 27 741
333 122 16 497
333 123 34 63
333 124 31 7
334 130 55 141
334 4 52 663
334 111 35 179
334 48 19 188
334 178 11 422
334 23 37 421
334 151 7 329
334 24 27 17
334 89 57 618
334 28 13 128
334 63 31 297
334 95 1 480
335 89 37 119
335 33 31 629
335 192 9 435
335 167 43 3
335 174 49 605
335 175 34 419
335 18 29 260
335 54 1 559
335 182 13 165
335 57 17 29
335 91 19 9
335 159 25 82
336 67 5 653
336 198 40 254
336 168 59 266
336 139 19 697
336 45 45 51
336 141 22 57
336 14 49 233
336 176 1 630
336 30 28 203
336 184 25 680
336 89 9 628
336 126 16 431
337 193 31 295
337 130 53 141
337 3 27 43
337 26 37 433
337 134 49 432
337 77 1 653
337 17 19 258
337 151 43 132
337 122 10 343
337 155 15 331
337 93 57 445
337 31 59 310
338 66 13 124
338 34 43 92
338 36 23 560
338 102 34 632
338 42 16 517
338 47 31 59
338 81 4 440
338 145 19 31
338 84 9 650
338 118 45 334
338 24 25 528
338 125 39 642
339 32 16 274
339 72 51 75
339 170 57 66
339 106 21 436
339 138 55 27
339 79 13 182
339 144 33 386
339 15 3 159
339 188 37 281
339 117 25 693
339 187 7 54
339 28 43 389
340 68 34 587
340 69 49 337
340 197 39 214
340 75 7 419
340 171 1 205
340 173 55 76
340 142 28 508
340 52 43 750
340 117 13 540
340 87 31 332
340 58 19 388
340 188 25 281
341 160 37 530
341 3 27 102
341 99 1 215
341 37 59 397
341 39 51 151
341 137 45 356
341 9 31 547
341 51 57 479
341 150 13 675
341 23 34 667
341 27 19 339
341 158 9 366
342 131 43 258
342 5 25 349
342 166 7 263
342 198 16 270
342 102 10 668
342 107 47 55
342 120 37 636
342 14 49 733
342 79 31 277
342 24 55 17
342 28 57 210
342 94 19 225
343 64 22 394
343 100 4 706
343 36 31 166
343 4 43 592
343 39 25 300
343 168 9 269
343 69 57 134
343 108 39 559
343 48 16 433
343 180 7 267
343 119 34 291
343 155 51 453
344 97 57 560
344 196 19 362
344 133 15 673
344 198 4 16
344 199 25 154
344 40 49 722
344 47 47 59
344 145 35 314
344 84 45 112
344 120 39 404
344 94 9 20
344 159 28 525
345 33 25 405
345 98 41 39
345 135 7 108
345 43 13 464
345 112 37 43
345 49 1 210
345 83 55 567
345 19 43 407
345 151 21 151
345 88 59 302
345 152 49 744
345 31 39 83
346 129 57 208
346 121 25 660
346 153 53 70
346 100 16 61
346 44 45 564
346 177 31 40
346 82 1 377
346 145 33 231
346 148 35 26
346 57 47 232
346 60 13 558
346 61 7 581
347 128 7 165
347 34 5 637
347 99 37 669
347 37 43 29
347 7 1 379
347 106 35 82
347 12 33 33
347 92 25 664
347 23 10 421
347 57 49 33
347 156 15 215
347 158 21 366
348 128 22 570
348 38 25 496
348 7 19 143
348 199 55 320
348 109 1 218
348 78 40 101
348 80 31 93
348 179 43 111
348 57 53 29
348 186 29 690
348 124 58 107
348 125 9 240
349 64 40 192
349 128 52 52
349 105 7 635
349 41 19 226
349 11 55 64
349 141 4 277
349 47 25 59
349 182 49 732
349 55 23 242
349 22 31 189
349 153 45 666
349 188 10 391
350 66 4 5
350 132 31 388
350 197 53 395
350 100 55 706
350 11 49 496
350 173 29 76
350 177 41 691
350 83 9 69
350 149 45 621
350 153 43 160
350 90 27 719
350 127 59 682
351 129 21 596
351 37 7 29
351 170 37 628
351 173 35 76
351 46 25 661
351 80 13 367
351 49 57 574
351 114 55 128
351 81 4 730
351 148 41 301
351 28 51 493
351 190 31 100
352 195 23 139
352 70 43 683
352 169 49 232
352 76 57 292
352 141 10 57
352 92 13 313
352 144 19 187
352 113 31 373
352 116 1 532
352 150 37 675
352 188 34 214
352 94 25 534
353 33 55 79
353 165 19 637
353 197 45 287
353 9 58 604
353 170 37 410
353 73 7 137
353 173 43 720
353 82 1 162
353 179 33 392
353 117 13 427
353 120 49 720
353 25 27 224
354 65 45 472
354 2 13 413
354 132 51 466
354 135 25 108
354 49 1 184
354 83 33 201
354 52 7 384
354 86 59 458
354 183 37 414
354 187 19 650
354 28 55 541
354 62 28 284
355 34 23 22
355 131 7 308
355 165 45 75
355 135 1 15
355 74 49 171
355 11 55 393
355 48 31 152
355 178 41 632
355 85 13 442
355 53 19 487
355 183 4 195
355 63 27 419
356 32 28 621
356 193 46 27
356 70 49 695
356 167 40 591
356 135 37 120
356 41 33 404
356 170 7 652
356 172 59 639
356 118 19 639
356 182 1 390
356 186 53 577
356 29 4 385
357 34 41 22
357 195 33 675
357 132 55 206
357 200 25 171
357 42 46 158
357 43 13 180
357 46 49 538
357 111 39 344
357 178 35 8
357 19 19 676
357 185 1 479
357 28 9 493
358 162 4 680
358 35 55 441
358 69 45 476
358 165 19 653
358 40 15 495
358 11 9 441
358 142 1 631
358 83 13 153
358 54 51 196
358 120 31 397
358 60 37 630
358 29 25 254
359 161 25 259
359 163 37 619
359 132 33 475
359 104 1 421
359 43 9 423
359 174 49 554
359 111 59 259
359 47 47 179
359 53 19 585
359 56 5 494
359 28 13 303
359 158 55 229
360 132 27 466
360 102 1 248
360 135 10 49
360 104 37 408
360 9 31 18
360 74 46 655
360 78 7 101
360 46 21 353
360 16 57 164
360 143 49 323
360 48 16 590
360 148 55 26
361 33 31 688
361 108 55 499
361 47 53 59
361 144 25 491
361 51 15 129
361 115 59 582
361 149 13 505
361 22 21 189
361 87 10 353
361 151 37 455
361 189 17 227
361 158 29 599
362 133 39 44
362 102 55 204
362 167 58 201
362 9 46 204
362 20 19 681
362 93 33 554
362 54 13 350
362 117 7 234
362 121 25 422
362 186 51 94
362 125 49 39
362 158 23 176
363 96 1 107
363 4 10 509
363 168 59 127
363 106 21 393
363 75 15 415
363 16 49 129
363 179 43 260
363 87 25 587
363 56 29 718
363 59 55 225
363 156 31 29
363 190 37 198
364 160 37 179
364 97 13 41
364 36 41 166
364 132 51 206
364 6 59 21
364 167 28 64
364 106 45 294
364 45 25 23
364 111 47 666
364 21 1 505
364 26 16 668
364 62 19 471
365 162 25 412
365 195 59 441
365 101 49 739
365 168 5 175
365 137 15 146
365 107 23 55
365 77 7 536
365 78 40 395
365 113 34 146
365 81 28 526
365 116 1 574
365 121 45 47
366 129 27 653
366 66 22 5
366 4 7 509
366 101 52 97
366 104 40 263
366 10 31 446
366 45 15 670
366 184 4 649
366 24 59 85
366 56 47 740
366 62 1 658
366 159 10 38
367 100 1 706
367 101 25 452
367 69 7 321
367 103 45 187
367 9 28 18
367 42 31 517
367 54 19 342
367 55 17 392
367 57 41 29
367 92 51 216
367 158 15 616
367 63 37 61
368 160 43 174
368 2 39 2
368 165 3 579
368 39 59 401
368 137 13 376
368 172 57 559
368 52 33 648
368 117 49 278
368 30 28 697
368 153 9 663
368 59 19 453
368 126 22 544
369 192 51 583
369 196 9 232
369 137 3 464
369 45 33 193
369 111 57 300
369 80 37 248
369 144 15 476
369 176 19 323
369 20 40 15
369 181 45 674
369 86 59 581
369 118 27 229
370 192 25 599
370 68 7 216
370 132 43 402
370 133 29 580
370 104 19 263
370 137 57 437
370 77 52 457
370 80 1 258
370 81 22 397
370 179 37 598
370 115 33 91
370 28 13 175
371 194 9 93
371 36 35 166
371 37 29 270
371 134 37 390
371 40 19 687
371 73 1 571
371 112 49 710
371 17 31 366
371 50 47 496
371 151 51 368
371 153 25 326
371 191 23 32
372 129 39 216
372 166 43 664
372 39 53 535
372 199 49 474
372 105 46 100
372 106 3 462
372 171 58 642
372 14 7 233
372 80 13 279
372 49 31 243
372 178 29 205
372 124 19 7
373 32 25 663
373 66 55 454
373 134 1 429
373 39 15 292
373 106 53 321
373 107 41 55
373 140 49 94
373 82 19 491
373 51 59 411
373 22 7 326
373 95 33 154
373 159 37 38
374 163 13 462
374 38 37 594
374 27 55 600
374 180 27 667
374 22 43 304
374 55 49 682
374 185 1 312
374 91 7 681
374 124 16 459
374 189 59 113
374 183 19 469
374 127 33 586
375 34 49 22
375 7 13 455
375 169 27 584
375 74 31 377
375 108 21 607
375 146 34 20
375 52 57 648
375 119 52 477
375 56 7 26
375 187 45 248
375 126 16 448
375 127 43 2
376 96 22 515
376 163 10 27
376 132 31 746
376 74 7 601
376 109 15 346
376 45 35 652
376 143 25 538
376 112 37 138
376 17 49 640
376 177 55 40
376 58 1 207
376 157 19 567
377 33 52 688
377 99 31 84
377 70 55 130
377 170 1 168
377 155 9 33
377 45 49 234
377 49 13 82
377 51 19 651
377 151 39 748
377 57 59 98
377 91 25 728
377 127 45 712
378 192 9 50
378 36 43 166
378 196 1 614
378 199 16 645
378 170 33 591
378 11 55 594
378 51 25 489
378 83 49 11
378 147 51 682
378 181 27 468
378 155 13 12
378 126 22 114
379 56 59 68
379 71 37 215
379 107 25 55
379 46 19 178
379 112 45 718
379 17 31 73
379 18 43 30
379 179 55 227
379 22 1 357
379 184 49 40
379 57 35 356
379 58 13 51
380 192 55 161
380 70 7 230
380 134 37 255
380 200 43 64
380 106 33 344
380 171 13 159
380 60 16 171
380 52 51 446
380 182 22 197
380 185 1 470
380 92 25 235
380 62 19 485
381 195 39 742
381 139 51 548
381 174 55 251
381 79 22 652
381 114 5 207
381 116 7 553
381 52 31 186
381 21 15 258
381 20 28 471
381 26 19 21
381 189 25 495
381 94 43 538
382 99 33 563
382 67 27 530
382 197 53 50
382 71 4 282
382 72 19 368
382 44 15 273
382 141 1 6
382 15 9 748
382 179 49 45
382 22 39 398
382 55 57 629
382 186 45 537
383 161 1 204
383 130 25 141
383 8 13 156
383 138 51 245
383 75 43 155
383 12 33 136
383 45 39 657
383 143 27 736
383 113 58 576
383 18 49 30
383 181 19 693
383 120 9 270
384 64 10 138
384 67 47 11
384 38 55 694
384 8 37 125
384 72 51 504
384 82 13 551
384 85 31 27
384 117 25 304
384 24 43 17
384 153 17 575
384 154 22 523
384 127 45 73
385 134 49 423
385 103 1 74
385 74 40 50
385 138 45 32
385 140 37 94
385 78 16 256
385 46 55 258
385 178 59 350
385 120 31 476
385 153 21 395
385 186 27 369
385 127 9 212
386 192 37 605
386 32 34 264
386 104 4 721
386 171 7 634
386 139 51 741
386 173 25 624
386 77 22 680
386 140 15 712
386 176 55 323
386 85 43 28
386 181 27 6
386 126 10 431
387 34 25 22
387 67 27 165
387 196 49 95
387 101 10 278
387 138 45 570
387 139 47 35
387 173 23 76
387 142 1 605
387 22 15 326
387 24 21 734
387 153 59 271
387 158 19 507
388 99 13 371
388 36 35 472
388 74 7 278
388 44 55 546
388 173 47 76
388 14 58 177
388 83 43 11
388 148 23 26
388 115 27 427
388 181 51 726
388 88 29 563
388 59 10 324
389 161 33 299
389 2 37 413
389 129 21 239
389 164 27 430
389 165 13 702
389 97 31 576
389 138 3 46
389 139 5 212
389 142 49 728
389 146 46 557
389 85 9 349
389 159 52 38
390 32 28 322
390 33 7 692
390 34 35 22
390 68 22 100
390 36 25 166
390 7 58 367
390 10 39 475
390 109 13 379
390 50 37 291
390 20 31 168
390 86 5 399
390 59 19 324
391 65 3 219
391 68 16 238
391 37 45 644
391 137 9 187
391 169 49 408
391 11 19 739
391 106 25 666
391 175 31 684
391 111 47 15
391 156 37 203
391 189 43 274
391 126 28 688
392 2 49 413
392 3 15 43
392 68 10 577
392 41 1 196
392 74 7 524
392 139 55 661
392 45 59 82
392 48 37 65
392 53 19 700
392 85 31 523
392 124 40 433
392 159 28 683
393 96 46 473
393 99 31 371
393 196 25 614
393 199 40 439
393 107 37 55
393 173 29 438
393 15 19 103
393 148 59 502
393 21 1 689
393 182 43 273
393 27 51 269
393 28 13 389
394 161 15 623
394 100 28 13
394 103 3 190
394 168 39 236
394 77 43 559
394 145 53 150
394 81 7 449
394 82 33 164
394 180 59 267
394 118 55 645
394 23 46 394
394 62 10 485
395 128 31 535
395 129 3 318
395 162 25 316
395 100 13 13
395 196 37 620
395 167 10 3
395 168 53 223
395 105 16 378
395 44 41 256
395 182 28 726
395 120 49 74
395 28 19 541
396 161 49 288
396 167 37 208
396 137 21 217
396 79 13 119
396 112 29 212
396 81 31 441
396 176 55 585
396 147 25 480
396 53 1 380
396 152 9 315
396 90 59 247
396 31 45 63
397 97 59 509
397 66 19 172
397 68 40 537
397 80 1 150
397 49 51 187
397 115 9 722
397 118 55 743
397 184 13 340
397 123 4 383
397 60 43 140
397 157 25 364
397 94 31 589
398 132 7 171
398 40 31 139
398 105 43 740
398 10 15 440
398 138 25 619
398 169 49 708
398 174 39 270
398 47 3 133
398 14 55 543
398 180 11 17
398 91 27 521
398 189 59 617
399 193 40 193
399 130 47 141
399 5 55 486
399 104 49 263
399 200 9 647
399 42 22 463
399 141 43 655
399 145 17 148
399 118 33 153
399 121 25 745
399 157 4 396
399 191 29 32
400 98 9 271
400 6 59 223
400 167 49 147
400 169 55 626
400 75 13 63
400 108 33 326
400 140 47 94
400 176 43 52
400 150 19 582
400 119 1 734
400 190 37 441
400 94 25 472
401 161 49 204
401 166 1 702
401 105 19 422
401 43 31 524
401 141 4 583
401 18 35 30
401 179 15 588
401 115 45 702
401 54 55 448
401 184 22 626
401 185 9 316
401 28 37 541
402 129 19 318
402 98 51 580
402 163 13 96
402 99 55 380
402 134 27 487
402 105 40 158
402 172 59 64
402 141 43 216
402 15 33 363
402 151 7 96
402 88 3 157
402 30 46 638
403 33 25 692
403 130 15 298
403 132 55 122
403 5 40 707
403 107 29 55
403 17 7 724
403 146 43 213
403 50 1 68
403 183 49 28
403 185 31 335
403 188 4 281
403 191 19 32
404 6 11 408
404 10 15 626
404 140 5 94
404 175 34 188
404 79 28 687
404 177 53 40
404 49 57 243
404 180 21 377
404 185 39 109
404 154 46 514
404 28 1 128
404 94 49 632
405 192 25 161
405 129 19 437
405 136 37 283
405 74 31 655
405 141 7 6
405 142 10 508
405 143 13 133
405 51 23 116
405 87 52 681
405 89 45 618
405 190 1 78
405 95 55 207
406 193 31 16
406 191 41 32
406 164 25 37
406 134 7 415
406 106 39 666
406 49 19 479
406 177 11 137
406 84 49 9
406 126 34 431
406 188 16 155
406 190 43 219
406 159 4 608
407 96 40 228
407 67 21 611
407 68 43 143
407 102 7 632
407 166 34 711
407 167 25 3
407 111 51 645
407 114 49 128
407 147 15 246
407 180 59 634
407 23 4 684
407 30 28 104
408 160 43 148
408 32 19 233
408 170 33 456
408 43 49 445
408 107 3 749
408 78 58 457
408 145 47 31
408 146 40 20
408 53 7 328
408 119 55 110
408 56 17 699
408 188 22 184
409 98 45 244
409 195 17 67
409 164 57 643
409 134 27 255
409 39 33 271
409 135 22 355
409 41 39 172
409 138 37 27
409 75 13 437
409 22 1 54
409 189 9 113
409 61 51 103
410 162 43 479
410 196 27 622
410 136 57 601
410 170 39 352
410 173 11 76
410 15 3 338
410 80 13 497
410 152 7 399
410 89 31 317
410 186 47 10
410 88 55 505
410 94 49 318
411 195 3 415
411 196 43 362
411 134 37 25
411 171 28 602
411 45 49 505
411 13 1 428
411 77 16 652
411 112 51 718
411 109 7 192
411 179 55 111
411 89 31 119
411 126 22 556
412 64 58 375
412 162 31 121
412 163 49 679
412 197 27 93
412 6 7 575
412 102 52 356
412 154 40 334
412 137 21 344
412 21 43 534
412 117 9 5
412 121 15 271
412 122 34 699
413 97 45 393
413 136 49 212
413 72 43 27
413 41 37 256
413 108 7 62
413 145 35 31
413 51 41 651
413 182 28 182
413 87 16 587
413 60 31 336
413 61 3 366
413 159 13 106
414 128 22 460
414 36 53 166
414 171 58 284
414 12 47 82
414 109 15 482
414 174 27 282
414 20 31 460
414 149 35 536
414 186 9 690
414 155 49 12
414 61 37 729
414 158 45 693
415 64 10 164
415 98 1 392
415 130 23 141
415 67 19 11
415 166 16 657
415 72 45 199
415 106 47 14
415 176 25 610
415 147 49 724
415 183 37 263
415 185 55 628
415 93 33 453
416 65 27 195
416 99 31 255
416 168 15 39
416 13 45 646
416 15 3 566
416 115 47 722
416 148 43 26
416 55 41 728
416 149 1 448
416 183 19 583
416 152 7 106
416 185 57 316
417 132 1 531
417 6 35 324
417 200 25 490
417 11 31 484
417 12 7 136
417 13 51 214
417 142 46 728
417 45 39 460
417 113 16 324
417 117 9 610
417 27 53 510
417 31 5 170
418 193 19 656
418 131 1 316
418 100 7 13
418 58 37 580
418 167 43 659
418 27 5 8
418 16 27 474
418 18 47 30
418 83 35 350
418 90 57 521
418 155 33 527
418 190 13 595
419 64 46 409
419 6 35 575
419 135 40 195
419 74 37 613
419 138 51 316
419 44 11 366
419 76 7 372
419 146 1 213
419 18 17 192
419 55 21 407
419 26 58 349
419 27 27 199
420 192 27 172
420 193 13 656
420 89 49 693
420 196 57 622
420 39 31 490
420 79 40 331
420 21 19 112
420 184 7 9
420 153 17 107
420 27 5 511
420 93 45 72
420 95 33 737
421 33 19 330
421 3 39 317
421 6 23 324
421 12 51 199
421 46 7 296
421 92 55 302
421 112 33 43
421 84 37 9
421 181 45 295
421 183 25 404
421 156 13 220
421 31 1 599
422 64 55 394
422 130 31 141
422 163 13 206
422 36 1 435
422 37 3 743
422 28 49 210
422 174 19 280
422 156 25 220
422 179 33 143
422 60 37 184
422 61 7 605
422 62 43 138
423 128 58 288
423 130 49 141
423 67 51 553
423 9 19 457
423 105 22 244
423 45 1 655
423 142 37 508
423 112 7 47
423 50 9 713
423 23 55 15
423 89 3 625
423 127 27 212
424 193 52 656
424 100 13 546
424 135 34 127
424 138 31 570
424 139 5 137
424 145 23 31
424 148 43 234
424 181 57 624
424 85 1 88
424 186 27 649
424 124 19 564
424 61 45 714
425 64 34 101
425 33 37 213
425 129 3 596
425 35 49 314
425 6 55 693
425 168 57 236
425 138 19 721
425 106 21 517
425 54 15 290
425 56 27 395
425 31 23 118
425 191 25 32
426 33 46 554
426 71 1 737
426 136 49 630
426 9 43 18
426 45 59 466
426 78 13 526
426 150 25 600
426 119 4 564
426 88 7 649
426 57 21 295
426 184 10 256
426 159 37 181
427 132 7 122
427 101 37 478
427 196 55 483
427 167 40 343
427 75 45 437
427 78 25 620
427 156 13 240
427 81 28 96
427 180 51 512
427 92 19 332
427 94 31 659
427 95 3 529
428 128 4 3
428 3 45 397
428 37 35 590
428 7 1 664
428 167 52 641
428 199 28 341
428 40 37 139
428 10 7 446
428 104 58 139
428 25 15 73
428 190 19 509
428 63 31 216
429 160 27 451
429 163 16 320
429 131 31 288
429 99 57 280
429 168 51 127
429 72 1 419
429 73 21 102
429 28 43 128
429 185 3 135
429 26 7 518
429 155 53 453
429 124 40 622
430 6 15 682
430 166 19 77
430 104 46 721
430 137 49 502
430 173 53 76
430 114 57 725
430 83 13 25
430 149 59 42
430 86 55 1
430 89 39 328
430 157 25 550
430 94 1 472
431 96 37 537
431 68 46 384
431 5 52 534
431 165 15 637
431 137 9 502
431 123 58 205
431 51 3 23
431 56 27 86
431 121 19 414
431 186 13 258
431 59 40 377
431 189 33 116
432 162 19 559
432 99 51 748
432 37 27 729
432 6 15 399
432 47 41 59
432 178 39 451
432 29 43 545
432 181 3 624
432 23 58 15
432 152 7 735
432 93 23 642
432 184 55 495
433 35 9 136
433 163 1 96
433 197 45 58
433 168 31 242
433 105 34 217
433 172 7 98
433 144 21 724
433 16 27 482
433 146 55 557
433 114 15 725
433 19 37 589
433 148 25 26
434 97 15 576
434 3 27 184
434 4 19 218
434 164 49 37
434 58 1 735
434 72 23 400
434 43 43 716
434 13 55 20
434 115 39 702
434 179 57 490
434 121 31 745
434 26 7 436
435 66 55 5
435 132 9 573
435 154 58 156
435 170 51 437
435 110 43 36
435 55 41 682
435 22 37 726
435 151 45 329
435 90 31 549
435 59 19 89
435 61 25 382
435 159 22 38
436 129 13 603
436 66 58 595
436 3 19 115
436 196 27 698
436 101 37 7
436 135 7 142
436 168 53 236
436 109 1 498
436 47 35 59
436 15 21 566
436 86 17 684
436 88 31 573
437 32 4 233
437 66 52 5
437 100 46 13
437 36 33 322
437 5 1 612
437 199 49 154
437 47 43 296
437 82 25 609
437 115 15 425
437 180 9 745
437 52 37 52
437 55 59 70
438 4 46 312
438 133 29 410
438 103 37 472
438 7 55 649
438 139 9 181
438 108 13 441
438 80 52 168
438 17 25 156
438 149 49 310
438 184 31 142
438 153 21 747
438 31 3 599
439 162 25 704
439 197 9 590
439 200 3 235
439 41 37 79
439 172 43 639
439 79 55 558
439 53 13 569
439 150 33 492
439 152 45 106
439 154 58 154
439 123 22 383
439 29 52 266
440 128 58 291
440 36 53 602
440 6 39 703
440 136 33 430
440 105 10 66
440 72 45 240
440 47 49 59
440 92 21 468
440 148 41 26
440 59 55 274
440 124 7 542
440 30 13 139
441 64 43 317
441 132 51 567
441 166 46 725
441 167 25 659
441 136 15 519
441 14 10 145
441 143 57 549
441 176 37 104
441 116 21 553
441 184 4 349
441 89 33 144
441 188 7 385
442 35 1 63
442 11 15 692
442 174 21 251
442 111 51 731
442 143 25 589
442 145 49 31
442 113 34 398
442 179 45 115
442 20 37 260
442 87 31 205
442 154 7 508
442 93 57 419
443 128 46 282
443 5 58 486
443 104 55 721
443 72 51 384
443 42 37 656
443 140 7 654
443 85 25 499
443 150 9 297
443 119 16 463
443 92 1 489
443 126 19 448
443 63 31 409
444 161 25 507
444 106 51 70
444 139 43 360
444 140 53 94
444 173 17 76
444 110 13 36
444 48 10 34
444 21 31 597
444 118 19 308
444 152 37 499
444 185 45 739
444 155 59 12
445 132 27 207
445 102 4 72
445 41 49 46
445 44 21 503
445 46 7 163
445 15 55 566
445 112 15 718
445 111 25 585
445 115 45 33
445 148 37 26
445 150 39 621
445 124 31 117
446 159 31 509
446 164 45 37
446 8 9 125
446 18 15 716
446 115 27 425
446 20 4 643
446 149 59 479
446 22 37 250
446 118 19 635
446 127 51 532
446 62 34 658
446 191 53 32
447 128 10 460
447 129 51 14
447 34 49 324
447 4 40 188
447 38 57 133
447 106 29 70
447 75 33 290
447 143 43 747
447 80 4 93
447 147 13 145
447 89 25 628
447 60 1 171
448 96 43 105
448 69 39 354
448 136 55 14
448 91 25 144
448 155 23 453
448 108 9 559
448 110 53 36
448 146 46 319
448 179 33 490
448 22 13 2
448 26 49 560
448 59 19 307
449 99 9 29
449 6 51 703
449 103 1 17
449 75 55 298
449 139 17 581
449 109 33 368
449 44 53 170
449 110 47 36
449 148 39 736
449 123 43 390
449 125 25 477
449 30 22 413
450 2 37 361
450 135 13 688
450 77 58 368
450 110 27 275
450 143 19 447
450 79 16 644
450 18 3 283
450 179 51 131
450 189 49 712
450 89 31 372
450 29 55 526
450 31 25 444
451 64 10 226
451 66 55 223
451 164 27 529
451 133 33 459
451 170 21 276
451 77 40 46
451 28 13 445
451 173 31 76
451 122 37 699
451 59 7 358
451 92 49 584
451 62 43 351
452 192 25 98
452 34 31 22
452 133 19 519
452 69 7 402
452 8 51 566
452 104 43 395
452 75 37 155
452 80 13 650
452 180 35 613
452 54 57 460
452 87 22 587
452 183 46 263
453 34 53 22
453 36 15 700
453 198 46 425
453 137 25 464
453 42 4 439
453 47 35 686
453 49 21 82
453 149 31 14
453 87 49 226
453 60 43 454
453 126 37 526
453 159 58 38
454 129 39 318
454 2 55 449
454 101 22 279
454 70 13 230
454 136 33 496
454 42 25 517
454 140 59 94
454 12 47 274
454 47 7 472
454 48 4 469
454 15 51 258
454 91 9 696
455 99 1 613
455 132 15 154
455 102 55 371
455 104 37 226
455 170 19 42
455 173 51 649
455 79 58 569
455 86 35 1
455 153 11 154
455 186 31 709
455 190 25 344
455 57 49 223
456 2 13 361
456 98 47 39
456 69 1 354
456 167 10 591
456 123 37 383
456 81 55 655
456 115 29 427
456 148 5 502
456 182 52 220
456 152 43 323
456 91 25 332
456 94 21 40
457 137 13 709
457 42 19 158
457 43 3 728
457 76 31 57
457 73 7 105
457 46 43 435
457 143 55 101
457 176 37 484
457 116 49 451
457 53 25 727
457 55 23 1
457 93 11 629
458 160 13 512
458 68 43 572
458 38 55 564
458 198 31 138
458 200 7 364
458 102 1 358
458 42 4 515
458 73 27 384
458 10 39 547
458 109 21 420
458 78 46 484
458 125 11 489
459 130 23 346
459 2 33 361
459 196 37 483
459 199 13 163
459 200 19 486
459 137 3 674
459 114 29 725
459 117 45 215
459 183 7 317
459 88 51 531
459 29 25 386
459 94 57 471
460 98 57 453
460 164 43 467
460 101 28 185
460 37 39 743
460 16 15 400
460 145 55 31
460 48 25 34
460 147 31 381
460 148 21 736
460 184 1 3
460 158 9 365
460 63 49 265
461 32 13 233
461 96 37 227
461 99 55 215
461 163 22 293
461 165 7 68
461 196 45 375
461 169 31 232
461 21 3 306
461 87 49 270
461 183 52 317
461 154 25 596
461 126 28 326
462 34 43 22
462 196 51 375
462 170 37 339
462 106 15 201
462 107 45 665
462 144 33 638
462 114 27 725
462 178 5 145
462 85 21 211
462 91 7 521
462 29 55 583
462 95 1 588
463 129 19 341
463 200 45 126
463 42 7 439
463 171 31 285
463 142 37 297
463 15 55 77
463 78 52 526
463 17 13 214
463 83 3 11
463 21 27 353
463 184 34 687
463 59 10 89
464 195 39 687
464 8 45 423
464 172 59 93
464 15 19 207
464 176 31 52
464 17 15 196
464 143 55 381
464 115 41 700
464 54 1 310
464 92 49 261
464 190 25 625
464 31 53 540
465 33 43 628
465 130 59 447
465 2 13 443
465 139 9 161
465 144 39 177
465 179 33 588
465 51 27 23
465 149 29 448
465 124 49 7
465 29 4 298
465 126 46 719
465 95 55 231
466 161 13 307
466 163 4 27
466 132 7 83
466 133 53 552
466 9 58 18
466 139 29 382
466 43 33 247
466 79 46 609
466 112 39 718
466 175 25 641
466 146 49 20
466 183 22 469
467 154 58 282
467 11 51 555
467 76 7 612
467 77 37 346
467 174 13 731
467 176 31 104
467 125 43 603
467 149 49 649
467 25 25 488
467 186 21 697
467 29 55 639
467 31 19 558
468 130 3 733
468 34 59 592
468 198 25 270
468 199 31 292
468 91 49 306
468 44 21 421
468 46 45 353
468 144 39 601
468 147 55 711
468 20 28 4
468 56 15 197
468 88 9 47
469 129 27 28
469 162 7 121
469 131 57 54
469 195 41 152
469 199 13 501
469 104 10 263
469 169 37 118
469 73 3 609
469 149 45 137
469 182 49 390
469 151 31 748
469 186 21 738
470 163 46 206
470 140 17 94
470 173 43 76
470 141 49 470
470 15 3 581
470 48 52 25
470 177 13 634
470 52 9 71
470 148 31 291
470 58 21 452
470 29 55 337
470 159 28 38
471 161 7 259
471 33 16 247
471 68 22 214
471 37 3 447
471 102 52 12
471 198 49 57
471 81 55 373
471 177 11 40
471 55 45 178
471 24 41 17
471 186 27 709
471 91 31 557
472 131 1 693
472 27 15 387
472 136 39 16
472 171 19 252
472 108 43 341
472 187 25 145
472 81 34 526
472 146 31 20
472 179 51 286
472 19 7 711
472 21 57 534
472 59 22 562
473 98 15 580
473 40 3 290
473 41 33 488
473 139 45 661
473 46 37 661
473 184 28 108
473 118 7 339
473 55 41 275
473 152 49 687
473 56 23 699
473 124 58 97
473 126 25 431
474 162 34 581
474 134 21 61
474 167 31 24
474 40 15 85
474 74 4 355
474 43 45 99
474 49 57 489
474 18 39 716
474 146 1 495
474 21 51 677
474 24 9 528
474 120 27 268
475 32 49 411
475 70 13 704
475 104 4 69
475 106 59 418
475 10 25 122
475 112 19 138
475 81 52 96
475 17 55 174
475 85 7 454
475 120 33 636
475 59 46 89
475 95 37 588
476 65 33 749
476 130 57 733
476 69 43 93
476 136 51 598
476 139 27 211
476 12 59 249
476 47 39 641
476 149 35 479
476 181 7 144
476 119 19 108
476 187 13 54
476 63 1 265
477 196 21 720
477 197 33 183
477 27 19 632
477 169 27 33
477 173 47 124
477 113 13 324
477 115 45 546
477 20 16 460
477 179 55 65
477 118 9 135
477 184 40 495
477 91 1 731
478 130 5 386
478 99 43 513
478 200 39 64
478 10 15 122
478 42 58 640
478 108 49 518
478 78 10 660
478 51 7 23
478 147 19 472
478 117 33 355
478 185 1 263
478 159 25 106
479 100 25 140
479 36 45 700
479 196 31 622
479 39 21 331
479 107 37 516
479 177 35 40
479 178 39 674
479 93 15 730
479 148 59 724
479 157 55 487
479 91 7 286
479 61 49 382
480 96 31 531
480 65 59 221
480 41 9 172
480 107 39 749
480 16 21 201
480 114 51 725
480 51 19 385
480 20 46 471
480 53 1 324
480 120 55 194
480 24 49 17
480 59 16 367
481 196 21 173
481 103 13 653
481 168 43 434
481 43 55 137
481 12 45 361
481 139 33 741
481 111 49 197
481 175 10 726
481 49 25 631
481 146 40 316
481 83 29 124
481 153 51 747
482 131 9 242
482 68 46 231
482 102 4 131
482 198 58 321
482 72 7 450
482 105 13 378
482 107 21 602
482 14 37 233
482 78 34 369
482 83 1 469
482 156 49 66
482 29 31 639
483 99 39 563
483 39 35 10
483 72 3 221
483 10 25 475
483 172 33 734
483 140 9 313
483 142 49 709
483 16 13 404
483 18 59 50
483 54 19 176
483 90 45 257
483 91 55 696
484 96 37 473
484 70 57 482
484 200 33 486
484 27 21 199
484 42 4 656
484 43 13 618
484 76 51 292
484 79 1 100
484 111 29 218
484 179 43 154
484 147 7 246
484 59 25 89
485 130 39 733
485 98 5 486
485 164 55 467
485 166 52 525
485 39 17 561
485 42 22 158
485 172 31 620
485 174 7 602
485 112 45 710
485 22 1 250
485 118 25 396
485 63 13 574
486 5 4 417
486 70 31 704
486 39 9 595
486 72 25 199
486 101 52 452
486 197 47 623
486 171 55 125
486 80 40 741
486 49 21 97
486 146 37 337
486 25 19 462
486 63 27 409
487 194 33 337
487 35 19 737
487 8 13 423
487 106 9 201
487 139 57 35
487 12 59 274
487 13 55 622
487 46 37 459
487 113 4 562
487 146 1 494
487 150 25 492
487 30 46 647
488 96 34 515
488 97 3 578
488 35 39 146
488 138 29 316
488 11 45 344
488 140 53 148
488 141 31 167
488 13 57 271
488 85 19 740
488 53 7 568
488 123 25 542
488 95 49 416
489 192 45 203
489 163 19 521
489 166 52 77
489 74 25 524
489 75 1 474
489 12 9 718
489 178 39 436
489 188 49 6
489 180 15 557
489 122 31 699
489 60 28 318
489 61 57 103
490 34 9 707
490 37 3 125
490 5 49 379
490 167 31 467
490 200 37 697
490 8 25 244
490 105 19 100
490 140 43 193
490 116 15 532
490 149 59 536
490 84 45 631
490 151 55 172
491 34 33 707
491 100 40 13
491 135 4 556
491 9 37 18
491 75 51 480
491 46 55 163
491 144 19 361
491 29 25 360
491 52 45 343
491 53 7 370
491 119 28 240
491 61 13 356
492 164 43 253
492 69 31 145
492 198 55 254
492 103 15 312
492 106 29 436
492 45 41 183
492 173 59 616
492 46 21 424
492 181 25 115
492 183 37 596
492 91 7 334
492 124 49 622
493 66 16 696
493 162 13 539
493 101 52 62
493 135 34 688
493 108 19 548
493 78 10 101
493 20 31 4
493 86 59 704
493 153 27 747
493 26 55 596
493 187 3 279
493 157 49 119
494 192 43 686
494 129 39 199
494 34 15 707
494 162 58 565
494 74 1 601
494 76 33 571
494 173 27 456
494 79 10 675
494 150 19 600
494 59 4 89
494 124 55 153
494 127 51 561
495 32 37 581
495 194 9 87
495 185 45 732
495 38 21 37
495 135 1 90
495 115 5 46
495 180 59 204
495 24 19 528
495 25 55 162
495 26 52 668
495 62 49 485
495 63 27 331
496 161 55 507
496 67 51 738
496 39 27 632
496 40 39 246
496 140 59 148
496 14 7 463
496 78 13 669
496 145 23 48
496 115 45 722
496 56 33 740
496 189 3 745
496 63 19 297
497 68 49 231
497 4 52 392
497 9 25 605
497 171 28 177
497 141 58 124
497 147 15 223
497 83 41 159
497 22 37 723
497 151 1 518
497 26 22 433
497 157 46 577
497 190 33 219
498 35 25 607
498 196 3 375
498 69 31 148
498 7 46 379
498 170 55 88
498 123 37 175
498 187 49 54
498 47 9 740
498 57 43 700
498 59 13 304
498 62 16 485
498 191 11 32
499 65 47 56
499 7 43 554
499 169 57 389
499 170 51 352
499 138 39 721
499 140 49 513
499 145 29 37
499 49 13 364
499 180 9 746
499 89 3 244
499 125 21 743
499 95 31 328
500 194 43 286
500 38 21 535
500 168 57 616
500 41 15 511
500 169 49 118
500 200 39 135
500 142 31 610
500 176 7 719
500 179 3 337
500 89 27 554
500 155 13 33
500 159 34 444
Trạng thái: OPTIMUM
Điểm tối ưu: 6000
Thời gian: 375.5958 giây
