1800
1 36 16 203
1 41 13 89
1 46 51 169
1 49 43 126
1 18 5 106
1 20 57 207
1 22 31 209
1 56 7 185
1 58 33 83
1 29 19 113
1 30 28 159
1 31 11 139
2 2 57 140
2 35 7 193
2 5 4 130
2 40 41 6
2 9 17 28
2 13 37 189
2 15 31 139
2 16 15 25
2 17 25 144
2 23 33 39
2 56 45 152
2 26 51 151
3 33 31 225
3 4 37 132
3 37 55 50
3 7 58 128
3 41 5 216
3 11 16 50
3 44 7 189
3 21 45 182
3 54 49 88
3 57 25 87
3 27 1 132
3 30 22 45
4 36 58 98
4 4 19 57
4 6 45 71
4 10 16 110
4 15 1 181
4 48 3 111
4 51 13 168
4 21 9 20
4 24 37 168
4 57 49 133
4 30 40 57
4 31 31 30
5 33 19 125
5 35 37 193
5 36 16 35
5 7 46 17
5 8 51 22
5 42 25 195
5 14 1 11
5 20 57 185
5 53 33 74
5 23 7 39
5 57 43 184
5 27 10 132
6 32 45 15
6 33 1 225
6 38 33 97
6 40 55 62
6 14 22 187
6 50 31 44
6 22 17 18
6 55 39 29
6 56 57 152
6 60 25 174
6 30 7 45
6 31 49 220
7 32 3 56
7 36 52 98
7 37 37 2
7 40 45 79
7 11 40 94
7 44 13 189
7 47 1 142
7 48 33 143
7 54 21 88
7 25 27 24
7 60 55 200
7 30 7 139
8 35 43 14
8 5 49 59
8 8 7 166
8 40 55 117
8 9 13 28
8 19 46 176
8 22 31 185
8 55 23 29
8 57 40 63
8 58 27 83
8 28 16 188
8 29 34 113
9 2 29 77
9 40 53 6
9 9 35 197
9 10 37 65
9 42 21 210
9 46 41 138
9 18 17 48
9 51 7 162
9 20 3 207
9 54 25 150
9 59 10 62
9 28 49 188
10 2 59 69
10 4 19 203
10 6 7 71
10 39 34 118
10 40 37 6
10 10 46 179
10 12 57 21
10 45 17 41
10 13 1 189
10 47 53 125
10 26 39 114
10 60 49 174
11 36 49 176
11 37 55 203
11 7 28 29
11 9 5 28
11 42 13 195
11 11 25 218
11 41 19 141
11 19 40 176
11 20 57 37
11 24 7 214
11 27 34 132
11 31 1 30
12 35 52 193
12 4 7 186
12 9 13 138
12 11 58 50
12 28 19 140
12 46 1 68
12 48 15 192
12 21 37 50
12 25 3 188
12 58 43 145
12 60 31 85
12 57 55 184
13 38 33 51
13 39 49 41
13 45 23 128
13 49 15 103
13 18 25 18
13 19 58 176
13 52 9 87
13 53 37 182
13 22 11 18
13 24 46 168
13 28 52 137
13 29 4 201
14 2 7 69
14 35 46 14
14 5 4 2
14 43 31 122
14 44 58 189
14 47 15 80
14 49 33 92
14 18 41 48
14 51 43 137
14 52 11 61
14 50 23 44
14 29 49 113
15 33 13 145
15 37 1 134
15 5 31 94
15 8 25 74
15 11 16 202
15 12 43 21
15 15 5 14
15 50 23 202
15 53 7 32
15 21 51 191
15 25 55 172
15 29 37 113
16 2 29 153
16 3 49 1
16 7 31 123
16 59 4 195
16 10 34 179
16 11 1 50
16 44 19 189
16 20 7 37
16 56 45 171
16 58 39 161
16 27 25 132
16 60 55 174
17 3 52 1
17 36 58 27
17 37 35 20
17 5 16 182
17 41 11 99
17 13 13 156
17 14 25 210
17 17 7 144
17 18 45 2
17 52 41 58
17 57 28 184
17 31 3 183
18 35 40 193
18 36 49 13
18 37 21 2
18 10 55 110
18 43 33 122
18 11 28 50
18 46 31 169
18 14 16 167
18 17 45 144
18 49 1 182
18 23 5 39
18 24 7 168
19 34 52 143
19 37 15 20
19 8 33 215
19 43 1 4
19 12 7 21
19 45 5 41
19 46 3 161
19 16 25 25
19 51 46 137
19 52 11 58
19 53 39 32
19 24 49 168
20 26 1 57
20 35 55 193
20 40 27 209
20 44 52 189
20 46 11 2
20 17 21 162
20 49 7 182
20 51 49 137
20 19 58 129
20 21 31 13
20 58 39 86
20 31 19 30
21 3 58 177
21 6 9 76
21 38 45 97
21 12 1 21
21 46 39 169
21 48 15 77
21 17 27 102
21 51 55 157
21 55 11 29
21 25 19 24
21 27 31 132
21 29 49 57
22 33 28 12
22 34 25 107
22 37 31 83
22 38 37 53
22 12 11 21
22 46 33 161
22 47 41 112
22 50 55 44
22 23 7 98
22 56 3 109
22 58 57 86
22 29 52 140
23 33 13 12
23 34 16 143
23 35 46 193
23 39 40 151
23 42 1 97
23 50 55 93
23 18 19 2
23 23 27 100
23 55 5 29
23 59 31 24
23 60 57 206
23 30 37 45
24 2 41 77
24 35 31 193
24 59 28 62
24 11 37 131
24 45 47 41
24 47 1 185
24 20 51 158
24 21 3 75
24 54 21 49
24 27 34 104
24 29 58 201
24 30 16 45
25 32 45 150
25 3 31 63
25 35 52 14
25 26 11 57
25 6 5 71
25 41 55 112
25 17 21 144
25 50 29 44
25 49 1 103
25 21 37 191
25 24 34 168
25 58 7 145
26 33 43 12
26 2 27 214
26 37 13 2
26 5 4 211
26 38 39 74
26 9 37 28
26 42 51 78
26 11 19 50
26 12 29 21
26 43 15 186
26 22 7 18
26 27 22 104
27 38 31 127
27 42 43 78
27 45 1 152
27 14 22 11
27 16 7 25
27 17 49 102
27 18 27 18
27 20 57 158
27 22 11 125
27 25 3 1
27 59 40 12
27 60 13 105
28 38 57 97
28 7 34 128
28 40 7 6
28 45 29 128
28 16 11 25
28 50 27 171
28 20 21 158
28 52 13 58
28 56 51 61
28 57 43 133
28 30 37 215
28 31 5 30
29 2 53 195
29 6 37 192
29 38 31 172
29 40 35 224
29 10 55 179
29 44 58 80
29 48 13 27
29 50 11 44
29 52 7 58
29 24 46 30
29 29 49 161
29 30 28 45
30 33 4 163
30 4 33 57
30 6 29 71
30 8 9 138
30 43 45 131
30 46 31 196
30 50 41 44
30 19 1 176
30 22 37 118
30 24 55 168
30 60 15 146
30 31 25 30
31 8 21 215
31 9 15 28
31 10 49 123
31 41 17 89
31 44 55 81
31 11 58 202
31 45 35 41
31 16 19 25
31 54 27 88
31 23 1 39
31 27 40 104
31 31 53 30
32 33 22 3
32 4 3 172
32 37 57 67
32 38 43 53
32 36 34 68
32 8 9 64
32 10 25 179
32 43 1 131
32 14 31 16
32 55 15 153
32 59 19 12
32 31 37 139
33 33 49 204
33 35 25 14
33 4 21 5
33 7 55 123
33 10 52 123
33 43 19 131
33 13 40 13
33 54 9 161
33 55 7 29
33 25 31 1
33 60 15 161
33 29 1 201
34 9 1 28
34 47 13 4
34 16 5 25
34 49 33 99
34 50 47 131
34 18 19 178
34 55 53 153
34 24 25 155
34 58 9 148
34 59 28 205
34 60 15 123
34 30 43 221
35 32 43 100
35 5 4 58
35 8 15 138
35 10 1 110
35 43 19 59
35 13 49 130
35 47 57 112
35 49 7 152
35 20 39 178
35 21 27 203
35 53 31 182
35 58 21 90
36 34 19 143
36 37 35 2
36 10 25 110
36 11 10 50
36 14 31 187
36 17 1 33
36 50 59 44
36 51 16 137
36 19 22 129
36 23 43 98
36 29 55 113
36 30 28 16
37 35 1 193
37 9 47 54
37 11 34 50
37 44 13 81
37 47 19 4
37 48 37 111
37 18 5 117
37 50 41 197
37 53 27 117
37 22 43 18
37 57 16 184
37 60 9 200
38 2 39 221
38 34 16 218
38 36 22 35
38 8 45 118
38 9 35 28
38 12 59 21
38 45 43 211
38 47 29 26
38 54 7 65
38 25 1 187
38 58 25 86
38 31 37 211
39 41 35 89
39 49 37 103
39 50 19 44
39 51 28 164
39 19 52 165
39 21 15 75
39 55 43 29
39 23 59 39
39 56 1 94
39 25 7 172
39 26 5 140
39 30 25 183
40 33 4 3
40 2 17 69
40 35 40 14
40 37 15 2
40 40 7 62
40 44 19 204
40 15 35 129
40 50 27 131
40 21 9 203
40 22 43 185
40 54 57 68
40 31 49 30
41 3 40 196
41 37 45 203
41 41 19 101
41 45 55 41
41 14 28 11
41 15 53 74
41 51 13 42
41 21 1 222
41 22 9 146
41 24 31 214
41 25 57 188
41 29 25 113
42 34 7 174
42 3 4 137
42 4 19 172
42 58 39 90
42 35 28 193
42 42 57 195
42 45 53 102
42 16 1 25
42 52 45 128
42 22 31 18
42 26 55 221
42 29 25 57
43 35 19 193
43 37 59 67
43 8 1 60
43 10 28 119
43 12 25 21
43 48 31 120
43 49 51 24
43 18 57 167
43 16 47 25
43 21 13 197
43 22 35 18
43 54 7 68
44 32 27 56
44 34 55 218
44 35 43 193
44 2 33 140
44 39 37 15
44 12 47 21
44 14 13 210
44 50 51 93
44 19 10 194
44 18 41 2
44 24 4 214
44 26 31 57
45 4 15 196
45 5 7 178
45 37 49 20
45 36 19 37
45 12 35 21
45 14 28 187
45 17 39 33
45 50 5 44
45 52 47 87
45 55 59 29
45 27 43 94
45 30 22 16
46 4 49 132
46 6 59 71
46 38 39 127
46 8 15 22
46 41 37 89
46 10 43 179
46 40 53 62
46 44 7 81
46 13 55 94
46 14 19 187
46 15 31 129
46 23 11 39
47 32 57 46
47 2 35 69
47 35 49 14
47 42 9 119
47 11 19 130
47 13 37 104
47 47 47 4
47 17 31 55
47 18 7 2
47 54 1 88
47 25 13 1
47 58 27 145
48 5 10 211
48 39 19 46
48 9 55 28
48 42 15 119
48 44 37 81
48 13 25 189
48 47 45 175
48 51 1 42
48 21 57 197
48 54 31 150
48 56 49 94
48 29 22 113
49 32 19 207
49 34 31 107
49 37 29 134
49 42 7 97
49 43 45 59
49 12 55 21
49 14 13 96
49 50 47 44
49 51 40 164
49 22 17 118
49 23 53 39
49 30 25 16
50 34 10 112
50 42 13 204
50 18 41 167
50 19 7 165
50 20 33 30
50 55 55 29
50 24 22 155
50 57 1 133
50 28 28 157
50 29 25 161
50 25 51 187
50 31 43 30
51 36 28 225
51 39 13 206
51 40 37 62
51 41 7 89
51 42 9 210
51 43 31 4
51 44 43 81
51 18 19 167
51 20 1 158
51 22 49 18
51 25 57 24
51 28 25 140
52 2 19 69
52 38 15 172
52 41 47 89
52 10 7 110
52 43 57 4
52 16 1 213
52 49 51 126
52 19 34 165
52 22 41 18
52 56 37 38
52 59 22 12
52 28 25 188
53 2 43 90
53 35 7 14
53 45 31 41
53 15 21 78
53 18 57 178
53 51 16 42
53 50 49 131
53 19 28 142
53 56 51 38
53 59 34 12
53 28 46 121
53 31 19 139
54 36 40 37
54 37 43 2
54 7 1 166
54 39 34 46
54 10 10 110
54 49 57 125
54 17 15 157
54 51 25 42
54 23 55 39
54 24 19 155
54 28 31 157
54 31 45 138
55 6 55 71
55 39 37 151
55 9 1 135
55 12 23 21
55 45 33 41
55 14 58 16
55 17 19 102
55 18 9 2
55 22 45 167
55 24 40 155
55 57 25 116
55 30 49 16
56 34 40 121
56 6 53 71
56 7 37 17
56 39 19 15
56 41 5 221
56 38 43 172
56 13 13 13
56 18 11 106
56 52 55 58
56 53 25 32
56 54 33 49
56 60 1 146
57 34 7 112
57 3 37 43
57 4 43 186
57 42 57 153
57 12 53 21
57 15 51 199
57 48 27 143
57 20 1 37
57 24 31 155
57 56 19 135
57 60 13 72
57 31 25 220
58 34 16 107
58 3 19 137
58 37 3 67
58 40 57 62
58 10 37 140
58 14 46 11
58 16 29 25
58 17 25 33
58 18 31 2
58 51 43 162
58 20 51 185
58 56 9 109
59 32 7 207
59 34 31 206
59 35 22 193
59 37 25 2
59 47 53 4
59 49 57 99
59 18 1 106
59 20 43 202
59 53 49 62
59 55 19 29
59 57 4 184
59 30 37 16
60 3 55 103
60 37 35 95
60 38 9 177
60 40 39 62
60 11 16 117
60 16 43 25
60 17 27 31
60 20 19 126
60 57 31 184
60 26 53 94
60 27 1 104
60 29 58 111
61 32 19 219
61 33 28 204
61 34 13 218
61 35 58 14
61 41 43 89
61 10 10 179
61 43 7 131
61 12 49 21
61 14 55 96
61 47 41 87
61 54 33 67
61 24 52 167
62 32 45 163
62 2 57 214
62 35 31 14
62 5 22 178
62 40 55 6
62 9 51 54
62 10 37 205
62 45 25 119
62 19 1 165
62 23 19 39
62 57 4 133
62 31 35 139
63 32 27 219
63 34 16 121
63 4 1 101
63 38 45 139
63 39 22 15
63 40 35 9
63 11 7 50
63 44 10 81
63 14 13 148
63 22 53 18
63 25 31 188
63 31 5 37
64 32 13 219
64 3 7 43
64 37 33 20
64 6 35 71
64 8 37 22
64 13 22 156
64 14 28 223
64 17 55 190
64 20 49 178
64 53 3 62
64 24 19 168
64 58 45 58
65 34 1 121
65 7 31 128
65 40 49 6
65 42 9 78
65 12 45 55
65 45 19 128
65 47 51 112
65 16 37 25
65 17 55 225
65 15 29 181
65 53 39 80
65 27 4 104
66 3 37 137
66 37 53 203
66 42 43 20
66 15 27 181
66 47 17 4
66 49 19 182
66 17 9 188
66 20 31 116
66 22 23 18
66 55 25 29
66 56 57 38
66 59 13 62
67 37 51 83
67 7 43 17
67 8 39 134
67 41 53 89
67 40 17 6
67 43 57 122
67 52 29 58
67 53 31 28
67 20 7 17
67 24 4 167
67 57 25 133
67 28 22 139
68 2 31 69
68 3 7 137
68 5 25 58
68 8 33 45
68 10 13 179
68 14 28 148
68 19 10 165
68 20 49 37
68 23 17 39
68 56 45 61
68 29 58 113
68 31 55 30
69 32 33 163
69 2 29 69
69 3 37 177
69 4 57 101
69 10 49 140
69 45 13 119
69 48 21 212
69 16 17 25
69 53 45 103
69 25 9 1
69 29 52 113
69 57 25 184
70 33 28 30
70 34 4 143
70 4 55 165
70 8 19 60
70 42 39 153
70 15 35 14
70 16 53 25
70 58 9 73
70 59 31 12
70 60 45 72
70 29 13 113
70 31 23 30
71 35 1 14
71 44 31 204
71 45 29 41
71 14 4 11
71 15 59 135
71 48 13 29
71 18 27 147
71 51 19 42
71 52 49 58
71 54 51 65
71 24 34 155
71 31 41 139
72 33 52 3
72 2 55 69
72 35 13 14
72 36 28 95
72 5 31 56
72 38 57 134
72 4 43 5
72 40 11 6
72 42 1 20
72 43 49 4
72 52 39 87
72 24 25 148
73 6 21 114
73 39 13 15
73 8 51 45
73 41 19 89
73 10 58 205
73 11 31 124
73 44 4 119
73 48 7 13
73 49 39 223
73 54 27 65
73 22 45 18
73 28 16 139
74 33 52 204
74 34 13 174
74 36 1 35
74 45 41 41
74 46 59 169
74 13 25 13
74 49 33 223
74 21 45 222
74 57 10 133
74 27 37 79
74 29 16 113
74 25 21 34
75 33 10 3
75 3 25 103
75 5 55 182
75 6 41 71
75 40 21 117
75 42 31 119
75 44 46 81
75 15 51 129
75 49 15 125
75 22 13 18
75 30 28 221
75 31 39 139
76 33 7 3
76 7 55 17
76 8 43 215
76 41 1 89
76 10 31 110
76 9 59 28
76 12 41 21
76 19 16 142
76 20 27 37
76 56 21 119
76 58 49 90
76 27 10 104
77 34 19 174
77 40 37 162
77 16 49 25
77 49 27 152
77 50 59 93
77 19 31 165
77 21 13 222
77 57 34 184
77 58 1 73
77 59 55 183
77 29 46 113
77 31 41 211
78 32 45 198
78 2 1 69
78 40 13 6
78 41 11 101
78 12 5 21
78 19 25 165
78 56 15 152
78 24 55 83
78 58 21 53
78 29 31 113
78 25 37 195
78 57 34 133
79 36 16 128
79 37 39 67
79 39 31 15
79 8 43 45
79 44 19 81
79 49 27 126
79 50 53 44
79 51 1 77
79 53 9 22
79 57 49 184
79 30 4 16
79 31 37 30
80 6 47 71
80 39 1 46
80 42 43 204
80 43 51 186
80 44 37 119
80 14 16 95
80 16 41 25
80 48 31 192
80 20 19 103
80 53 9 117
80 54 57 65
80 55 49 29
81 32 3 198
81 34 22 96
81 36 19 176
81 39 16 46
81 41 41 89
81 45 43 41
81 48 31 77
81 51 46 42
81 19 13 100
81 53 57 32
81 21 51 197
81 25 7 4
82 3 40 205
82 5 28 178
82 38 13 177
82 6 43 71
82 41 51 221
82 46 49 106
82 50 57 66
82 18 25 178
82 20 1 126
82 21 7 222
82 26 33 136
82 28 37 121
83 38 31 81
83 39 55 170
83 8 19 64
83 9 49 28
83 43 37 4
83 16 23 25
83 22 29 167
83 55 45 153
83 25 15 187
83 58 1 148
83 29 10 113
83 57 52 173
84 2 5 69
84 34 22 218
84 4 7 212
84 46 25 196
84 15 43 135
84 18 27 167
84 52 19 58
84 23 47 39
84 56 33 135
84 26 55 57
84 28 52 145
84 29 58 161
85 32 7 219
85 3 52 177
85 36 16 13
85 39 1 204
85 9 29 28
85 12 19 21
85 49 55 84
85 19 22 165
85 23 35 39
85 25 37 1
85 26 59 57
85 29 31 109
86 33 43 3
86 2 47 69
86 34 49 121
86 7 31 17
86 40 17 20
86 44 40 119
86 45 59 48
86 50 25 66
86 20 7 126
86 21 19 20
86 56 1 151
86 27 28 168
87 3 22 43
87 4 39 144
87 37 33 95
87 8 15 134
87 41 59 216
87 44 25 81
87 49 1 125
87 50 13 44
87 55 31 29
87 56 51 103
87 58 43 86
87 31 7 30
88 2 21 69
88 3 58 1
88 4 7 5
88 38 3 127
88 40 51 148
88 42 31 11
88 50 17 44
88 20 37 186
88 54 45 65
88 24 13 214
88 57 55 63
88 60 25 200
89 7 40 17
89 40 31 191
89 10 7 140
89 43 45 180
89 13 25 130
89 49 57 223
89 19 19 165
89 53 15 32
89 24 49 155
89 28 28 188
89 30 10 16
89 31 53 211
90 3 40 190
90 4 43 101
90 35 49 193
90 38 27 51
90 9 23 28
90 44 52 81
90 60 19 200
90 15 55 139
90 52 59 87
90 57 13 184
90 28 10 94
90 29 4 113
91 3 1 209
91 35 16 193
91 6 49 71
91 7 31 175
91 42 9 223
91 12 37 21
91 15 59 183
91 17 25 55
91 20 43 116
91 24 4 155
91 30 19 47
91 31 41 30
92 32 57 163
92 34 19 218
92 36 25 162
92 4 31 5
92 39 16 206
92 7 13 128
92 41 23 216
92 47 3 112
92 16 45 64
92 49 39 152
92 52 43 58
92 28 7 157
93 37 45 95
93 6 17 71
93 39 10 46
93 7 13 175
93 41 31 89
93 45 59 211
93 17 39 157
93 53 1 129
93 55 27 96
93 24 7 155
93 25 55 34
93 57 19 180
94 4 31 212
94 6 45 84
94 8 55 215
94 10 25 205
94 44 22 204
94 14 40 96
94 47 51 172
94 52 53 58
94 21 1 203
94 53 7 80
94 25 15 24
94 29 37 57
95 34 13 121
95 3 1 63
95 4 45 132
95 37 59 203
95 7 16 166
95 44 34 54
95 13 4 13
95 15 51 181
95 48 7 79
95 50 43 131
95 22 31 37
95 23 25 39
96 32 45 208
96 3 25 43
96 39 55 119
96 42 3 78
96 43 39 59
96 44 34 189
96 48 19 79
96 16 17 55
96 53 7 103
96 55 53 160
96 27 13 104
96 28 49 145
97 34 34 121
97 35 4 193
97 37 59 83
97 9 11 28
97 10 37 110
97 43 25 4
97 17 7 33
97 49 27 99
97 51 43 42
97 54 15 65
97 24 46 155
97 58 21 73
98 2 37 69
98 37 17 83
98 8 1 118
98 9 19 28
98 40 23 57
98 11 31 50
98 13 28 127
98 48 9 77
98 19 49 165
98 24 40 168
98 25 43 187
98 60 55 146
99 35 37 14
99 7 52 175
99 40 31 6
99 60 43 174
99 14 1 96
99 48 21 77
99 51 4 42
99 22 55 18
99 23 41 39
99 25 25 34
99 28 13 188
99 57 7 184
100 32 15 163
100 34 10 143
100 10 22 110
100 43 43 4
100 46 51 68
100 47 59 74
100 49 45 92
100 50 25 44
100 20 1 116
100 60 33 200
100 29 28 113
100 30 7 16
101 34 19 121
101 36 46 27
101 38 7 51
101 39 37 170
101 40 25 6
101 10 22 179
101 49 1 92
101 51 52 42
101 19 34 183
101 20 55 116
101 53 15 60
101 21 27 20
102 4 45 212
102 5 13 216
102 10 19 110
102 42 37 20
102 12 31 21
102 48 7 111
102 50 51 206
102 20 25 186
102 53 57 117
102 54 1 65
102 22 33 167
102 26 53 57
103 6 23 71
103 38 43 96
103 59 34 146
103 10 19 179
103 12 13 21
103 13 31 189
103 47 59 172
103 15 9 198
103 48 51 77
103 51 28 42
103 20 39 202
103 27 16 104
104 3 28 66
104 35 10 193
104 40 31 148
104 59 7 42
104 41 49 112
104 11 1 130
104 44 16 81
104 45 25 41
104 19 43 165
104 21 39 203
104 27 4 132
104 30 52 16
105 2 39 77
105 39 43 119
105 40 35 6
105 41 51 216
105 11 55 130
105 44 1 119
105 17 19 31
105 21 9 197
105 23 29 39
105 25 13 34
105 59 46 12
105 29 31 201
106 2 1 220
106 6 13 149
106 39 34 15
106 42 55 210
106 44 16 54
106 49 27 125
106 20 21 116
106 53 49 152
106 54 9 150
106 56 3 177
106 28 43 157
106 30 37 58
107 2 41 220
107 3 34 103
107 37 3 95
107 38 37 172
107 41 5 89
107 43 29 122
107 11 49 202
107 23 43 39
107 53 13 68
107 22 19 18
107 54 9 67
107 60 21 105
108 33 19 3
108 2 41 69
108 35 58 193
108 34 22 121
108 4 43 189
108 9 29 131
108 43 3 180
108 48 25 111
108 53 13 129
108 26 47 57
108 60 7 100
108 29 52 201
109 33 31 3
109 36 55 95
109 6 13 71
109 43 19 122
109 15 39 78
109 50 35 44
109 21 43 13
109 54 27 215
109 55 47 29
109 27 1 79
109 60 9 123
109 29 22 140
110 33 13 183
110 35 34 193
110 5 31 216
110 46 27 68
110 48 49 120
110 50 37 44
110 18 21 167
110 53 1 22
110 54 39 68
110 56 43 38
110 57 7 133
110 26 59 140
111 3 1 196
111 36 58 35
111 39 37 46
111 45 19 48
111 14 10 187
111 48 21 211
111 52 31 87
111 22 25 185
111 23 49 39
111 54 43 88
111 60 27 72
111 31 13 30
112 2 25 69
112 34 1 107
112 38 13 97
112 13 7 94
112 46 39 27
112 15 27 139
112 52 17 58
112 55 33 93
112 54 49 67
112 22 45 125
112 25 19 195
112 28 4 139
113 5 25 177
113 6 37 76
113 7 46 123
113 39 22 123
113 43 11 4
113 11 13 224
113 46 51 138
113 52 31 58
113 22 39 185
113 24 34 214
113 59 16 12
113 29 28 201
114 2 5 153
114 9 7 28
114 42 9 41
114 11 52 50
114 12 27 207
114 45 57 211
114 10 40 140
114 51 37 164
114 53 45 60
114 25 19 1
114 59 49 12
114 31 17 30
115 33 37 3
115 8 55 166
115 9 51 208
115 12 13 92
115 15 15 135
115 17 21 225
115 49 1 99
115 19 40 175
115 52 59 61
115 56 43 109
115 60 9 105
115 31 27 220
116 32 33 198
116 33 1 3
116 34 13 201
116 3 10 196
116 4 55 212
116 35 22 14
116 18 39 167
116 50 59 131
116 53 49 32
116 21 45 75
116 59 19 205
116 29 16 201
117 33 58 15
117 2 3 90
117 8 33 134
117 9 21 208
117 10 37 179
117 17 51 33
117 19 40 165
117 51 10 137
117 21 45 28
117 53 27 60
117 58 15 53
117 31 23 183
118 7 55 128
118 40 31 64
118 41 25 216
118 42 19 223
118 11 49 117
118 13 52 130
118 45 1 102
118 16 59 25
118 49 15 99
118 57 37 133
118 58 33 86
118 28 46 188
119 33 25 3
119 34 28 121
119 58 21 83
119 37 9 134
119 7 43 166
119 9 49 54
119 10 4 110
119 13 37 94
119 52 15 64
119 21 51 222
119 26 7 57
119 59 58 12
120 32 33 100
120 34 1 143
120 39 4 46
120 8 19 74
120 42 43 210
120 11 16 130
120 52 51 64
120 53 55 74
120 55 9 160
120 56 37 109
120 25 25 1
120 28 13 49
121 32 49 15
121 2 53 69
121 3 34 177
121 38 43 134
121 12 39 207
121 45 31 152
121 46 9 106
121 14 1 223
121 48 21 111
121 49 57 92
121 56 25 105
121 59 13 205
122 3 19 177
122 4 39 5
122 7 22 175
122 11 13 117
122 13 28 47
122 20 9 158
122 22 55 37
122 55 37 29
122 24 43 155
122 57 52 184
122 60 1 105
122 31 57 220
123 2 57 221
123 3 43 205
123 8 25 134
123 14 49 95
123 49 15 126
123 51 22 137
123 20 39 116
123 52 3 128
123 25 9 34
123 58 33 53
123 27 52 104
123 30 46 16
124 58 51 53
124 39 40 15
124 40 5 162
124 44 46 119
124 16 35 25
124 49 25 92
124 48 57 192
124 52 13 64
124 21 19 197
124 25 1 34
124 26 15 151
124 28 10 140
125 33 13 3
125 2 27 69
125 35 19 14
125 36 55 176
125 5 34 59
125 6 25 71
125 48 51 192
125 17 39 31
125 16 9 213
125 53 3 152
125 56 45 185
125 59 58 70
126 35 16 14
126 36 4 27
126 39 34 170
126 40 59 6
126 9 27 49
126 11 22 131
126 17 49 31
126 18 41 117
126 53 7 90
126 24 55 155
126 59 31 42
126 28 46 140
127 5 37 216
127 39 49 46
127 9 35 109
127 12 53 129
127 46 33 178
127 16 15 213
127 49 45 223
127 20 25 158
127 21 3 197
127 52 55 64
127 55 17 29
127 58 57 148
128 34 13 112
128 11 40 224
128 43 3 4
128 45 11 152
128 46 53 59
128 49 33 84
128 51 49 162
128 55 47 96
128 24 16 155
128 25 25 172
128 58 43 83
128 28 22 188
129 5 58 2
129 39 13 170
129 40 29 6
129 41 27 101
129 42 9 204
129 10 40 129
129 43 45 122
129 49 3 84
129 52 21 128
129 21 33 75
129 22 51 209
129 27 37 197
130 33 10 12
130 6 23 114
130 40 1 6
130 9 57 208
130 43 3 186
130 45 51 119
130 13 40 189
130 28 28 140
130 51 43 73
130 22 33 209
130 23 37 39
130 60 19 72
131 32 51 219
131 37 47 2
131 6 37 71
131 39 4 15
131 10 40 110
131 14 31 96
131 48 43 111
131 49 21 92
131 16 25 122
131 51 10 42
131 55 49 181
131 57 16 116
132 4 39 212
132 37 47 67
132 38 27 53
132 7 34 166
132 39 58 151
132 13 22 127
132 46 55 106
132 49 9 84
132 50 31 197
132 51 52 168
132 18 5 18
132 25 43 34
133 34 49 143
133 37 23 2
133 8 31 22
133 41 45 141
133 43 59 59
133 47 15 87
133 50 3 206
133 51 7 164
133 52 39 128
133 21 27 75
133 58 55 53
133 30 10 45
134 2 9 221
134 34 16 112
134 6 1 71
134 11 28 224
134 44 58 204
134 43 23 180
134 14 55 16
134 50 41 93
134 18 45 224
134 20 33 126
134 53 19 22
134 27 49 104
135 3 46 136
135 4 51 212
135 8 7 215
135 9 15 208
135 41 33 221
135 47 5 4
135 49 1 24
135 50 49 139
135 21 19 222
135 22 59 18
135 29 28 4
135 30 43 16
136 32 3 219
136 7 16 17
136 43 9 122
136 48 51 111
136 21 57 191
136 55 35 29
136 56 45 177
136 57 37 112
136 58 19 196
136 59 13 225
136 29 40 99
136 30 25 47
137 35 13 193
137 5 1 178
137 9 33 208
137 41 47 151
137 11 37 138
137 17 43 31
137 50 21 206
137 19 16 165
137 20 25 17
137 52 29 94
137 55 55 160
137 26 5 57
138 34 4 121
138 3 40 209
138 36 31 27
138 39 28 177
138 40 19 6
138 42 21 97
138 47 15 26
138 53 57 90
138 22 9 209
138 26 43 57
138 27 46 104
138 31 51 220
139 5 40 177
139 38 51 139
139 44 37 54
139 13 55 13
139 47 21 185
139 50 49 77
139 18 31 224
139 52 7 61
139 55 9 181
139 23 45 218
139 26 43 138
139 28 1 140
140 33 16 3
140 6 7 149
140 39 49 170
140 14 52 96
140 48 43 77
140 19 37 165
140 21 27 191
140 23 9 218
140 56 21 152
140 24 40 214
140 27 55 104
140 31 3 30
141 2 25 153
141 3 28 137
141 36 37 13
141 38 49 51
141 8 7 60
141 11 43 112
141 14 31 210
141 47 15 185
141 55 3 181
141 57 40 184
141 58 21 161
141 25 57 187
142 34 31 121
142 41 21 99
142 42 49 210
142 11 25 202
142 46 15 59
142 49 37 126
142 18 19 117
142 50 7 44
142 52 53 64
142 51 58 42
142 59 55 12
142 29 34 201
143 34 37 107
143 5 28 216
143 41 5 105
143 10 1 123
143 11 58 218
143 12 9 173
143 57 19 184
143 21 51 75
143 56 43 105
143 25 33 4
143 28 40 137
143 31 17 220
144 35 55 14
144 6 15 76
144 40 59 209
144 8 39 61
144 44 4 204
144 14 52 223
144 16 45 213
144 17 7 31
144 55 35 96
144 27 25 197
144 30 49 48
144 31 33 220
145 32 51 163
145 36 55 162
145 39 58 119
145 7 25 166
145 41 33 112
145 11 13 124
145 15 9 74
145 48 39 192
145 22 45 209
145 57 19 133
145 58 1 86
145 27 16 168
146 38 27 97
146 6 1 170
146 8 49 44
146 42 19 153
146 13 43 47
146 50 57 77
146 18 53 147
146 54 39 88
146 55 15 181
146 28 4 145
146 29 46 99
146 31 59 138
147 33 49 225
147 34 25 112
147 37 45 50
147 6 9 149
147 40 33 224
147 45 47 56
147 16 57 213
147 51 52 157
147 55 21 181
147 56 3 135
147 59 37 183
147 28 13 140
148 34 22 143
148 4 15 212
148 37 59 20
148 6 39 71
148 10 52 110
148 43 9 199
148 53 31 80
148 54 45 49
148 23 5 85
148 24 49 224
148 27 19 104
148 60 1 174
149 6 19 90
149 40 9 224
149 43 21 199
149 11 52 124
149 18 3 224
149 50 17 66
149 19 28 183
149 21 57 75
149 54 31 207
149 25 37 34
149 29 49 201
149 57 46 68
150 2 55 77
150 34 52 218
150 58 7 86
150 3 1 144
150 36 4 68
150 39 22 46
150 13 13 194
150 48 57 120
150 23 43 93
150 55 45 181
150 57 28 133
150 26 17 57
Trạng thái: OPTIMUM
Điểm tối ưu: 1800
Thời gian: 21.0225 giây
