284
1 42 49 13
1 52 27 17
2 12 46 26
2 37 1 34
2 42 59 31
3 1 33 30
3 16 52 16
3 49 25 40
3 59 57 36
4 8 46 10
4 16 7 16
4 23 1 37
4 43 49 16
4 52 19 17
5 16 55 16
5 26 1 36
5 34 59 27
5 48 46 25
5 57 4 29
6 8 22 10
6 9 39 9
6 19 58 1
6 55 4 23
7 49 51 40
7 59 45 36
8 35 28 34
8 41 39 39
8 49 3 40
9 10 1 22
9 23 58 37
9 38 5 11
10 6 55 9
10 29 9 17
11 21 25 25
11 55 19 23
12 38 5 26
12 44 19 32
12 50 13 14
13 4 37 27
13 14 1 7
13 38 21 11
14 20 21 3
15 15 28 2
15 43 55 29
15 54 1 35
16 6 25 9
16 46 4 8
16 57 13 29
17 12 1 8
17 34 49 11
17 53 5 30
17 59 19 36
18 11 33 5
18 21 26 3
18 46 22 6
19 4 57 30
19 55 40 40
19 57 52 19
20 5 1 21
20 34 31 11
20 42 23 31
21 27 33 3
21 47 25 19
21 49 55 40
21 52 7 13
22 5 45 21
23 17 23 35
23 32 9 1
24 10 15 22
24 18 7 4
24 38 59 11
25 39 28 23
25 40 1 24
25 42 55 31
25 48 10 7
26 9 35 9
26 18 23 4
26 32 51 1
27 33 1 10
27 48 34 25
27 59 51 36
28 11 13 33
28 13 4 39
28 30 1 32
28 47 25 14
29 32 31 19
29 35 4 34
29 54 10 35
30 14 21 7
30 41 1 2
30 46 52 8
30 58 59 21
31 42 53 31
31 47 1 29
31 53 7 30
31 55 16 40
31 56 55 6
32 12 7 8
32 27 44 3
32 29 1 9
32 60 55 28
33 7 49 4
34 21 55 25
34 30 37 18
34 32 1 1
34 50 7 11
34 56 53 6
35 9 23 26
35 42 41 15
35 57 55 33
36 3 46 28
36 27 39 3
36 30 53 18
36 32 13 16
36 38 1 11
37 6 1 5
37 9 59 26
37 48 46 7
37 59 33 36
38 38 9 26
38 58 35 10
39 6 21 9
39 10 43 22
39 24 7 38
39 49 25 39
40 8 28 31
40 41 19 26
40 52 57 17
40 53 1 14
41 6 57 2
41 8 31 31
41 13 13 39
41 19 16 1
41 22 1 18
42 20 3 3
42 57 31 39
43 3 4 28
43 24 25 38
43 47 40 29
44 23 55 37
44 33 19 15
45 3 10 31
45 48 13 7
45 52 55 27
46 3 1 28
46 14 57 7
46 57 49 33
46 59 15 36
47 4 33 8
47 33 13 15
47 46 43 15
47 47 49 19
47 58 41 21
48 5 25 21
48 27 57 3
48 50 13 11
49 39 40 34
49 44 15 32
49 59 9 36
50 7 57 4
50 16 1 16
50 49 19 39
50 54 4 35
50 59 37 36
51 18 35 22
51 55 49 23
51 59 25 36
52 12 7 12
52 38 29 11
52 60 43 20
53 12 25 26
53 52 57 13
54 31 13 34
54 43 19 29
54 49 51 39
54 58 47 13
55 4 21 27
55 42 29 13
55 43 34 16
56 33 58 15
56 44 7 32
57 4 37 8
57 24 33 38
58 18 31 4
58 57 40 19
59 7 25 4
59 20 45 16
59 34 41 11
59 46 10 6
60 16 58 16
60 25 23 19
61 35 10 34
61 57 58 33
62 17 37 11
62 23 4 37
62 25 55 12
62 34 45 27
62 56 1 6
63 30 1 17
63 57 46 2
64 34 11 27
64 43 52 29
64 60 1 20
65 4 21 30
65 18 59 22
65 23 28 37
65 39 1 23
66 7 43 4
66 42 5 24
67 26 4 36
67 43 16 29
68 33 58 39
68 43 22 29
68 55 7 23
69 17 59 35
69 25 1 12
70 12 25 28
70 20 49 3
70 44 55 32
70 49 9 40
71 25 5 12
71 27 15 3
72 18 1 4
72 49 45 40
73 6 15 5
73 12 49 12
73 20 25 16
73 25 59 19
73 52 1 13
74 3 7 28
74 4 15 8
74 17 19 11
74 19 43 1
74 42 37 15
75 1 13 38
75 5 33 21
75 10 49 22
75 13 46 39
75 50 55 5
76 1 45 18
76 19 37 1
76 24 1 38
76 43 7 29
77 23 46 37
77 24 19 38
77 48 37 31
77 52 25 13
78 33 10 10
78 55 52 23
79 8 7 10
79 14 39 10
80 6 45 14
80 10 19 22
80 23 31 37
80 39 58 23
80 43 37 16
81 7 9 4
81 16 4 16
82 35 34 34
82 42 7 15
82 43 25 29
82 50 52 5
82 56 3 6
83 1 27 18
83 7 3 4
83 49 31 40
84 5 19 21
85 5 51 21
85 13 55 39
85 39 31 23
85 42 13 13
86 8 40 31
86 41 17 26
86 42 13 31
87 13 10 39
87 50 43 5
88 9 51 9
88 15 10 22
88 22 3 18
88 43 22 16
89 9 43 9
89 43 37 29
90 17 53 35
90 53 7 14
Trạng thái: OPTIMUM
Điểm tối ưu: 284
Thời gian: 0.5604 giây
