545
1 2 49 6
1 4 19 59
1 6 45 58
1 9 13 44
1 10 31 72
1 11 7 50
1 12 40 2
1 13 1 22
1 15 37 61
1 16 23 64
1 18 59 15
2 2 34 6
2 3 57 5
2 4 52 59
2 6 7 3
2 9 49 44
2 10 19 51
2 14 37 8
2 16 3 29
2 18 11 15
2 20 17 37
3 3 31 22
3 4 19 72
3 7 17 67
3 8 13 28
3 9 4 37
3 10 46 3
3 12 55 13
3 15 23 43
3 20 25 37
4 3 37 5
4 4 4 59
4 10 55 51
4 11 33 50
4 12 25 2
4 14 59 3
4 16 31 64
4 19 7 7
4 20 47 37
5 1 19 1
5 3 7 24
5 5 15 74
5 6 49 3
5 8 22 70
5 11 57 50
5 12 25 13
5 13 31 70
5 14 41 8
5 16 55 64
5 18 53 63
5 20 13 37
6 3 19 34
6 4 37 59
6 5 1 74
6 7 15 67
6 8 52 70
6 10 49 72
6 12 43 13
6 14 11 8
6 15 5 43
6 18 47 15
6 20 57 37
7 1 58 1
7 4 1 72
7 5 49 58
7 7 55 36
7 8 10 70
7 9 37 44
7 11 23 50
7 14 13 3
7 15 35 43
7 16 53 30
7 18 27 15
7 20 41 37
8 2 7 67
8 3 37 24
8 4 10 59
8 7 17 35
8 8 34 28
8 9 22 37
8 10 4 51
8 12 52 2
8 15 43 61
8 17 57 54
8 18 19 15
8 20 49 37
9 4 25 72
9 5 31 74
9 6 1 58
9 7 23 24
9 8 7 70
9 9 43 44
9 11 49 28
9 12 58 2
9 13 13 70
9 15 11 52
9 20 35 22
10 1 55 1
10 4 1 59
10 7 43 29
10 10 22 3
10 11 31 50
10 12 10 13
10 13 27 22
10 15 41 43
10 16 25 64
10 19 45 52
10 20 33 37
11 2 19 67
11 3 43 34
11 8 1 28
11 9 49 5
11 10 34 51
11 11 9 50
11 15 17 61
11 16 59 30
11 18 13 15
11 19 39 52
12 2 55 6
12 4 22 59
12 7 29 67
12 8 43 70
12 9 4 44
12 10 25 51
12 14 19 8
12 15 1 52
12 17 9 54
12 18 53 15
12 19 49 7
13 1 16 1
13 6 45 28
13 8 10 28
13 9 52 44
13 10 34 72
13 12 1 2
13 14 39 8
13 15 59 52
13 16 19 30
13 18 29 15
13 20 23 22
14 3 15 24
14 4 58 59
14 6 51 43
14 8 1 70
14 10 7 72
14 11 37 50
14 14 43 8
14 15 25 52
14 20 31 37
15 1 43 1
15 9 16 5
15 10 28 72
15 11 25 50
15 12 4 2
15 13 19 22
15 14 11 3
15 15 31 61
15 16 9 64
15 19 37 7
15 20 13 22
16 2 40 6
16 4 58 13
16 5 21 74
16 7 1 67
16 10 52 72
16 11 5 50
16 12 49 2
16 13 15 36
16 14 7 8
16 15 9 61
16 16 31 30
16 20 37 37
17 3 7 34
17 5 25 74
17 9 31 5
17 10 40 3
17 11 21 50
17 12 34 2
17 15 11 61
17 16 43 64
17 18 37 15
17 20 59 37
18 2 1 6
18 3 55 34
18 5 25 58
18 6 13 43
18 7 31 24
18 9 34 44
18 11 53 50
18 13 7 36
18 15 41 61
18 16 51 64
18 20 43 37
19 1 4 1
19 3 7 5
19 6 15 3
19 7 51 67
19 8 46 70
19 10 43 72
19 11 59 50
19 12 31 2
19 15 55 61
19 16 41 64
19 19 27 52
20 1 52 1
20 6 31 43
20 8 25 28
20 9 10 44
20 10 46 51
20 11 55 28
20 13 15 22
20 14 21 8
20 16 57 64
20 17 1 54
20 18 19 63
21 4 28 59
21 6 51 28
21 7 41 5
21 8 55 70
21 10 4 72
21 11 35 50
21 12 43 2
21 16 21 64
21 18 13 63
21 19 15 7
21 20 11 37
22 2 28 6
22 3 1 5
22 4 49 59
22 8 19 28
22 9 16 44
22 10 40 51
22 12 22 13
22 15 47 43
22 18 31 15
22 19 57 7
22 20 11 22
23 4 40 59
23 6 25 43
23 7 51 29
23 9 19 44
23 11 1 50
23 12 13 13
23 13 57 36
23 14 23 8
23 16 55 29
23 18 17 63
23 19 43 7
24 6 1 43
24 7 37 67
24 8 40 70
24 9 58 44
24 10 43 51
24 12 46 2
24 13 33 36
24 14 9 8
24 17 49 54
24 19 13 52
24 20 5 22
25 1 1 1
25 3 57 24
25 6 19 43
25 8 49 70
25 11 47 50
25 12 28 13
25 13 37 36
25 14 25 8
25 16 17 30
25 17 43 54
25 18 41 15
25 20 53 22
26 2 4 6
26 4 43 59
26 5 9 58
26 9 13 5
26 10 37 72
26 11 27 50
26 12 52 13
26 14 25 3
26 15 49 61
26 18 47 63
26 20 35 70
27 1 25 1
27 3 31 34
27 4 46 13
27 5 57 58
27 6 37 43
27 10 28 51
27 11 53 8
27 14 3 8
27 16 19 64
27 18 9 63
27 20 55 22
28 1 7 1
28 6 55 43
28 7 47 67
28 8 31 28
28 9 28 44
28 10 16 51
28 14 45 8
28 15 23 61
28 16 25 29
28 17 37 54
28 18 43 15
29 3 49 34
29 4 55 72
29 7 33 35
29 8 7 28
29 9 22 44
29 10 58 51
29 12 37 2
29 15 25 61
29 16 13 64
29 18 41 63
29 20 27 37
30 2 46 6
30 3 33 24
30 4 58 72
30 6 19 58
30 7 43 35
30 10 10 51
30 11 17 50
30 12 28 2
30 13 49 36
30 16 1 29
30 20 15 37
31 2 10 6
31 3 3 24
31 7 13 24
31 9 25 44
31 10 7 51
31 11 39 50
31 12 22 2
31 15 59 43
31 16 37 64
31 17 15 54
31 18 35 15
32 1 37 1
32 8 4 28
32 9 40 44
32 10 22 51
32 11 45 50
32 12 7 2
32 13 49 22
32 14 55 8
32 15 19 61
32 18 59 63
32 19 25 7
32 20 43 22
33 3 27 24
33 4 34 59
33 6 1 3
33 7 23 36
33 8 40 28
33 9 46 44
33 10 43 3
33 11 15 50
33 12 49 13
33 14 31 8
33 19 19 52
34 3 19 24
34 4 31 59
34 5 55 74
34 8 28 28
34 9 7 44
34 11 41 50
34 12 4 13
34 14 15 8
34 15 17 52
34 18 37 63
34 20 51 37
35 1 46 1
35 6 57 28
35 8 25 70
35 9 19 37
35 10 37 3
35 11 51 50
35 12 1 13
35 14 5 8
35 15 53 61
35 16 7 64
35 17 31 54
35 20 29 37
36 2 13 6
36 5 49 74
36 6 31 58
36 7 41 35
36 8 16 28
36 9 1 37
36 12 10 2
36 13 19 36
36 14 29 8
36 15 7 61
36 16 27 30
36 20 39 37
37 2 22 6
37 3 45 5
37 6 55 3
37 7 25 35
37 8 19 70
37 9 34 5
37 10 37 51
37 14 49 8
37 16 11 29
37 18 9 15
37 20 7 37
38 2 10 67
38 3 37 34
38 4 16 59
38 8 58 70
38 9 1 44
38 10 49 51
38 12 19 2
38 13 45 36
38 16 41 30
38 20 53 37
39 2 43 6
39 4 46 59
39 5 13 58
39 7 39 29
39 9 55 44
39 11 1 8
39 14 35 8
39 15 51 61
39 18 49 15
39 19 31 52
39 20 9 37
40 2 22 67
40 3 45 24
40 5 39 58
40 7 35 29
40 9 58 8
40 10 13 51
40 11 3 50
40 14 31 3
40 15 27 61
40 16 29 29
41 4 13 59
41 6 43 43
41 8 37 70
41 9 52 5
41 10 31 51
41 11 55 50
41 12 34 13
41 13 1 36
41 18 27 63
41 19 19 7
41 20 25 22
42 3 25 34
42 4 10 72
42 7 47 29
42 8 37 28
42 11 19 50
42 12 55 2
42 14 17 8
42 18 29 63
42 19 1 7
42 20 45 37
43 1 34 1
43 3 13 34
43 4 31 13
43 5 7 74
43 6 27 3
43 7 59 35
43 8 22 28
43 10 40 72
43 16 11 64
43 19 55 52
43 20 17 70
44 2 52 6
44 4 22 72
44 5 37 74
44 8 4 70
44 11 11 50
44 12 16 2
44 13 45 22
44 14 13 8
44 16 25 30
44 17 27 54
44 18 7 15
44 19 31 7
45 3 49 24
45 6 9 43
45 9 31 44
45 10 13 72
45 11 43 50
45 12 16 13
45 13 25 36
45 14 5 3
45 16 7 30
45 17 19 54
45 18 3 15
46 3 1 34
46 4 19 13
46 7 15 29
46 10 46 72
46 14 27 8
46 15 39 61
46 16 55 30
46 18 57 15
46 19 51 52
47 1 13 1
47 3 57 22
47 10 1 51
47 11 49 50
47 12 7 13
47 13 39 22
47 14 33 8
47 15 29 61
47 16 53 64
47 18 43 63
47 20 35 37
48 4 25 59
48 5 45 74
48 8 28 70
48 10 19 3
48 11 13 50
48 12 40 13
48 14 53 3
48 15 33 61
48 18 11 63
48 19 7 52
48 20 55 37
49 1 10 1
49 3 21 5
49 4 7 59
49 6 33 3
49 7 39 67
49 9 25 5
49 10 16 72
49 11 43 28
49 12 13 2
49 14 51 8
49 20 37 22
50 2 19 6
50 3 7 22
50 4 55 59
50 7 31 35
50 10 52 51
50 11 29 50
50 12 37 13
50 14 47 8
50 16 49 64
50 18 15 63
50 19 3 52
Trạng thái: FEASIBLE
Điểm tối ưu: 545
Thời gian: 1000.0382 giây
