180
1 2 28 15
1 3 21 16
1 4 9 11
1 5 57 7
1 6 51 17
1 7 59 22
1 8 13 26
1 9 37 10
1 10 43 12
2 2 58 18
2 3 51 16
2 4 41 27
2 5 11 4
2 6 27 17
2 7 5 5
2 8 23 21
2 9 1 10
2 10 55 12
3 2 37 18
3 3 25 25
3 4 33 29
3 5 3 7
3 6 45 15
3 7 55 21
3 8 21 26
3 9 9 14
3 10 49 1
4 2 1 12
4 3 9 25
4 4 45 27
4 5 31 7
4 6 27 20
4 7 57 5
4 8 15 26
4 9 49 10
4 10 40 12
5 2 25 12
5 3 13 16
5 4 19 29
5 5 43 4
5 6 31 15
5 7 1 5
5 8 3 26
5 9 55 14
5 10 22 1
6 2 22 18
6 3 55 25
6 4 59 29
6 5 37 7
6 6 7 20
6 7 27 22
6 8 5 26
6 9 45 14
6 10 1 1
7 2 55 18
7 3 27 16
7 4 9 29
7 5 41 4
7 6 13 20
7 7 19 22
7 8 1 11
7 9 21 14
7 10 4 1
8 2 43 18
8 3 31 25
8 4 9 27
8 5 13 4
8 6 51 20
8 7 59 21
8 8 47 26
8 9 19 10
8 10 55 1
9 2 7 18
9 3 49 25
9 4 31 11
9 5 23 7
9 6 45 20
9 7 17 5
9 8 29 11
9 9 37 14
9 10 10 1
10 2 10 15
10 3 1 16
10 4 7 11
10 5 31 4
10 6 37 20
10 7 21 21
10 8 57 21
10 9 33 14
10 10 13 12
11 2 19 18
11 3 37 25
11 4 3 29
11 5 51 4
11 6 57 20
11 7 43 21
11 8 35 11
11 9 31 10
11 10 13 1
12 2 4 18
12 3 19 25
12 4 33 11
12 5 51 7
12 6 15 15
12 7 53 21
12 8 13 21
12 9 45 10
12 10 7 12
13 2 1 18
13 3 15 25
13 4 35 29
13 5 55 4
13 6 31 17
13 7 43 5
13 8 45 11
13 9 25 14
13 10 37 1
14 2 52 12
14 3 43 25
14 4 55 11
14 5 35 4
14 6 31 20
14 7 23 22
14 8 25 21
14 9 15 10
14 10 28 1
15 2 31 18
15 3 43 16
15 4 23 27
15 5 29 4
15 6 37 17
15 7 15 5
15 8 57 11
15 9 1 14
15 10 34 1
16 2 22 12
16 3 39 16
16 4 11 27
16 5 17 4
16 6 1 15
16 7 5 21
16 8 59 11
16 9 7 10
16 10 46 1
17 2 34 18
17 3 1 25
17 4 47 11
17 5 11 7
17 6 21 17
17 7 37 21
17 8 31 26
17 9 49 14
17 10 25 1
18 2 49 12
18 3 9 16
18 4 47 29
18 5 25 7
18 6 55 15
18 7 23 5
18 8 53 11
18 9 15 14
18 10 19 1
19 2 16 12
19 3 57 16
19 4 41 11
19 5 47 4
19 6 1 20
19 7 5 22
19 8 43 11
19 9 27 10
19 10 19 12
20 2 10 18
20 3 33 16
20 4 17 27
20 5 43 7
20 6 21 15
20 7 31 5
20 8 1 21
20 9 55 10
20 10 37 12
Trạng thái: OPTIMUM
Điểm tối ưu: 180
Thời gian: 0.2819 giây
