5890
1 66 39 404
1 3 19 542
1 9 3 449
1 139 13 548
1 12 16 681
1 120 31 206
1 109 43 181
1 156 55 540
1 145 9 613
1 154 52 107
1 28 29 286
2 65 23 69
2 35 37 24
2 133 45 569
2 103 13 379
2 11 4 354
2 19 31 396
2 116 19 554
2 56 11 90
2 58 7 380
2 123 29 505
2 156 25 540
2 127 51 104
3 99 16 160
3 134 55 26
3 39 45 321
3 46 59 350
3 81 1 583
3 18 31 480
3 150 7 409
3 87 47 4
3 89 49 82
3 127 37 17
3 191 9 476
4 98 57 44
4 72 33 604
4 139 11 110
4 143 53 692
4 16 25 445
4 82 46 333
4 50 7 664
4 180 22 180
4 86 15 461
4 119 19 205
4 152 1 55
4 120 39 76
5 32 13 56
5 193 27 621
5 38 1 551
5 6 7 703
5 112 49 107
5 146 31 734
5 180 34 180
5 154 58 415
5 91 47 12
5 29 10 598
5 190 17 54
6 97 57 119
6 107 5 58
6 173 13 291
6 46 21 407
6 113 28 118
6 52 31 16
6 55 19 327
6 151 51 325
6 120 43 236
6 185 53 734
6 57 7 306
6 127 33 33
7 98 39 460
7 194 15 200
7 5 46 66
7 167 9 433
7 42 35 9
7 43 25 416
7 45 55 481
7 17 49 221
7 83 7 7
7 184 59 122
7 153 31 240
7 123 53 47
8 34 37 146
8 3 7 542
8 101 33 427
8 37 52 551
8 8 15 99
8 105 46 6
8 106 1 701
8 138 10 79
8 168 19 660
8 73 31 479
8 148 57 72
8 159 25 667
9 128 1 461
9 64 15 492
9 5 19 66
9 134 57 296
9 103 49 452
9 9 45 231
9 109 11 226
9 188 7 600
9 149 53 650
9 124 27 243
9 94 31 60
10 153 7 588
10 163 52 103
10 165 43 592
10 73 59 479
10 172 3 60
10 110 13 484
10 81 25 583
10 18 39 144
10 86 21 304
10 22 55 568
10 25 49 553
10 187 31 591
11 4 37 439
11 102 57 177
11 136 1 167
11 41 52 323
11 200 43 97
11 108 45 579
11 117 29 655
11 53 40 428
11 149 5 466
11 85 9 187
11 189 27 110
11 190 7 54
12 161 10 241
12 56 37 90
12 69 41 658
12 42 31 265
12 140 49 19
12 15 51 729
12 50 57 402
12 54 7 139
12 120 43 510
12 57 22 306
12 26 15 341
12 125 19 123
13 4 43 564
13 103 46 379
13 168 23 124
13 199 19 336
13 60 13 204
13 48 31 20
13 83 5 7
13 85 27 187
13 125 52 335
13 153 7 714
13 92 37 464
13 93 57 539
14 194 45 200
14 2 15 580
14 165 1 592
14 69 41 27
14 40 37 417
14 42 39 695
14 171 22 147
14 12 28 77
14 141 7 321
14 186 31 562
14 62 57 222
14 159 52 667
15 129 3 17
15 161 58 594
15 195 11 193
15 163 46 658
15 165 13 592
15 73 37 189
15 74 51 59
15 177 7 628
15 117 33 235
15 55 49 327
15 188 29 600
16 33 33 196
16 104 37 490
16 105 28 617
16 106 57 404
16 171 16 637
16 142 1 429
16 79 31 132
16 80 53 110
16 82 19 333
16 62 9 674
17 98 7 342
17 164 1 218
17 166 31 46
17 10 49 646
17 173 22 32
17 82 34 701
17 182 55 383
17 86 15 53
17 121 11 32
17 157 25 191
17 62 39 674
17 191 45 259
18 35 34 24
18 102 57 168
18 172 27 138
18 144 41 643
18 49 55 281
18 116 3 438
18 85 21 187
18 150 13 409
18 88 19 130
18 90 37 3
18 61 49 81
18 30 7 734
19 131 21 605
19 165 55 592
19 134 33 682
19 170 43 728
19 76 37 18
19 108 49 689
19 146 25 573
19 21 11 68
19 185 7 2
19 26 17 744
19 157 28 191
19 31 31 419
20 193 19 275
20 98 33 342
20 136 7 660
20 13 13 162
20 176 43 370
20 81 3 83
20 114 25 505
20 52 51 382
20 84 57 696
20 119 23 205
20 89 39 467
20 90 47 3
21 32 55 179
21 3 19 214
21 4 46 439
21 100 27 260
21 7 4 422
21 136 37 139
21 47 13 160
21 154 49 415
21 158 10 197
21 28 31 75
21 30 33 21
21 159 16 117
22 65 59 586
22 99 49 37
22 163 40 370
22 5 4 671
22 28 13 75
22 175 33 540
22 20 43 62
22 117 53 235
22 186 15 73
22 188 19 600
22 126 27 447
22 63 45 250
23 160 9 635
23 89 33 421
23 4 58 439
23 14 37 11
23 16 21 12
23 81 25 392
23 82 43 333
23 150 47 409
23 153 1 325
23 123 29 47
23 126 49 627
23 57 40 636
24 33 9 350
24 164 22 713
24 74 57 338
24 107 51 58
24 75 16 567
24 114 34 286
24 86 43 407
24 26 1 744
24 124 13 243
24 61 3 317
24 158 31 197
25 193 33 488
25 37 49 407
25 102 45 262
25 136 19 678
25 12 52 77
25 45 7 324
25 16 37 724
25 50 13 664
25 152 3 650
25 121 27 302
25 91 1 106
25 127 55 235
26 129 55 686
26 162 46 617
26 70 37 57
26 72 43 148
26 138 16 344
26 92 1 464
26 48 34 20
26 16 25 259
26 82 22 333
26 149 29 67
26 54 13 257
26 124 19 279
27 66 51 404
27 7 55 476
27 104 46 448
27 172 3 138
27 78 22 231
27 49 13 5
27 147 16 490
27 182 31 116
27 28 29 201
27 125 37 647
27 62 7 222
27 31 25 216
28 64 7 192
28 39 37 202
28 168 11 124
28 167 15 346
28 142 55 519
28 92 39 390
28 156 51 566
28 81 25 395
28 114 1 704
28 52 49 16
28 60 19 293
28 95 4 137
29 97 59 14
29 4 13 564
29 69 5 27
29 169 53 633
29 74 7 582
29 11 46 183
29 10 21 170
29 46 11 1
29 112 55 165
29 183 1 649
29 58 31 637
29 157 43 191
30 192 40 684
30 131 13 576
30 6 1 221
30 199 22 63
30 70 51 57
30 138 34 276
30 12 37 77
30 116 7 708
30 181 11 203
30 24 45 699
30 57 58 306
30 92 27 390
31 129 43 651
31 165 49 133
31 38 33 740
31 102 1 730
31 8 7 62
31 139 13 110
31 110 57 552
31 143 47 299
31 116 15 438
31 151 27 358
31 158 22 197
32 96 34 202
32 65 19 69
32 185 17 2
32 122 21 27
32 12 40 681
32 45 27 695
32 147 58 73
32 57 1 636
32 58 46 737
32 187 51 672
32 60 9 410
32 126 13 354
33 64 33 192
33 132 10 398
33 4 13 439
33 134 25 199
33 139 57 612
33 22 43 78
33 30 49 257
33 151 17 3
33 94 37 225
33 56 31 90
33 27 7 156
33 126 21 633
34 130 28 268
34 68 19 149
34 133 31 105
34 105 58 100
34 11 55 394
34 78 40 495
34 16 49 510
34 180 43 549
34 87 7 4
34 124 37 243
34 63 9 349
35 165 39 281
35 135 19 625
35 76 37 621
35 174 27 122
35 15 17 34
35 144 47 405
35 117 13 39
35 149 11 67
35 21 55 352
35 85 3 457
35 121 51 412
35 124 59 243
36 105 7 224
36 76 11 18
36 45 33 635
36 14 47 175
36 78 49 176
36 110 57 484
36 84 19 663
36 55 29 327
36 26 45 341
36 59 1 224
36 29 25 513
36 63 13 287
37 196 37 392
37 37 58 551
37 70 1 57
37 73 41 189
37 169 35 103
37 9 45 635
37 77 9 143
37 115 21 298
37 150 19 409
37 119 31 369
37 122 13 181
37 123 43 47
38 96 31 512
38 161 1 690
38 4 49 439
38 103 13 452
38 173 34 84
38 17 23 65
38 83 41 7
38 119 43 205
38 181 17 21
38 87 29 437
38 154 7 445
38 125 25 497
39 98 49 418
39 41 1 48
39 74 25 338
39 42 21 527
39 172 45 356
39 48 10 544
39 82 4 333
39 87 31 455
39 120 15 76
39 124 23 243
39 29 58 743
39 31 13 216
40 194 23 200
40 68 4 679
40 102 37 210
40 135 49 313
40 199 31 63
40 12 1 77
40 176 28 309
40 83 17 7
40 116 57 412
40 119 45 369
40 59 13 140
40 28 21 335
41 169 59 103
41 11 52 535
41 173 7 84
41 175 3 400
41 178 47 272
41 116 55 482
41 121 13 505
41 59 37 140
41 124 31 243
41 157 22 191
41 94 25 558
41 63 15 250
42 160 15 582
42 130 52 304
42 132 22 471
42 164 7 675
42 104 58 565
42 79 11 132
42 112 41 107
42 143 29 299
42 186 31 389
42 31 47 486
42 62 43 748
42 159 4 257
43 130 31 331
43 100 25 715
43 133 13 89
43 69 29 335
43 71 45 109
43 167 55 745
43 10 37 646
43 112 1 487
43 177 3 38
43 116 7 650
43 53 52 163
43 126 21 135
44 195 43 737
44 3 22 214
44 199 46 37
44 136 3 473
44 169 59 690
44 71 27 690
44 107 31 492
44 142 7 429
44 51 15 573
44 22 37 568
44 119 1 205
44 95 55 650
45 160 39 477
45 35 13 256
45 100 1 654
45 8 27 593
45 74 19 176
45 43 57 653
45 139 23 126
45 48 46 544
45 18 31 144
45 116 7 219
45 90 25 3
45 155 16 174
46 97 35 14
46 35 7 632
46 197 33 364
46 171 58 84
46 44 49 504
46 45 39 294
46 174 23 122
46 117 15 500
46 86 19 461
46 55 27 327
46 60 45 10
46 63 1 612
47 89 17 82
47 32 1 215
47 96 19 512
47 100 13 342
47 4 55 564
47 190 31 54
47 48 46 524
47 53 58 101
47 185 11 2
47 28 29 75
47 30 37 257
48 97 31 89
48 129 3 691
48 164 52 359
48 166 17 46
48 43 39 80
48 12 22 681
48 141 19 233
48 140 49 312
48 112 47 107
48 188 11 721
48 124 15 243
48 94 25 150
49 66 7 604
49 35 31 256
49 2 29 370
49 99 58 81
49 40 23 417
49 20 1 35
49 183 19 32
49 153 45 347
49 123 49 47
49 126 39 633
49 127 15 146
50 160 9 524
50 163 55 36
50 165 49 592
50 105 34 100
50 106 29 558
50 171 37 738
50 118 43 363
50 55 15 359
50 120 1 76
50 123 23 47
50 93 19 568
50 191 25 217
51 39 25 202
51 41 52 298
51 123 11 85
51 60 1 410
51 146 49 39
51 114 40 704
51 182 45 383
51 27 7 736
51 92 33 464
51 29 58 254
51 95 55 515
52 192 10 155
52 36 28 32
52 11 19 394
52 13 57 159
52 47 25 315
52 82 49 701
52 115 1 160
52 116 14 708
52 148 37 562
52 180 7 726
52 57 34 306
52 156 44 616
53 65 49 586
53 39 31 289
53 154 58 468
53 73 3 189
53 10 9 526
53 45 15 695
53 175 45 400
53 115 37 584
53 119 5 597
53 88 41 130
53 58 28 640
54 166 19 46
54 198 29 307
54 107 43 58
54 156 45 504
54 145 37 586
54 18 9 144
54 51 5 580
54 118 15 307
54 89 13 746
54 126 21 307
54 60 49 200
54 158 1 478
55 3 22 247
55 5 37 66
55 134 13 26
55 41 19 42
55 142 31 685
55 111 51 105
55 177 57 528
55 181 9 496
55 153 1 131
55 90 41 3
55 61 25 253
55 191 43 603
56 32 39 179
56 130 46 489
56 197 17 226
56 6 28 221
56 43 19 345
56 108 33 689
56 173 4 601
56 112 1 608
56 149 25 67
56 87 51 700
56 188 49 600
56 31 31 216
57 64 25 492
57 128 35 38
57 161 43 70
57 195 7 193
57 44 39 504
57 51 1 580
57 148 15 504
57 179 3 366
57 22 55 685
57 181 21 388
57 123 47 47
57 92 51 267
58 34 19 662
58 35 10 24
58 199 37 336
58 136 15 431
58 111 47 320
58 144 55 405
58 175 31 514
58 176 25 440
58 118 3 21
58 56 29 685
58 125 40 209
59 99 34 160
59 35 22 24
59 3 10 596
59 70 57 57
59 200 29 169
59 168 55 124
59 171 13 147
59 76 31 18
59 43 1 653
59 50 43 664
59 117 7 500
59 157 16 191
60 96 49 249
60 33 33 383
60 4 1 564
60 106 39 228
60 142 7 519
60 178 41 272
60 182 13 639
60 124 11 243
60 61 19 520
60 190 43 54
60 95 58 501
61 96 40 512
61 35 4 24
61 169 55 514
61 47 37 302
61 144 1 405
61 176 49 517
61 82 13 333
61 112 17 107
61 55 7 327
61 120 31 76
61 62 25 222
61 159 58 667
62 195 49 193
62 199 37 63
62 200 11 97
62 106 1 204
62 141 16 642
62 78 7 495
62 114 4 286
62 117 21 202
62 181 53 21
62 25 43 387
62 27 40 156
62 94 57 78
63 129 37 651
63 98 15 547
63 100 27 87
63 133 49 195
63 49 23 163
63 51 21 500
63 52 43 16
63 21 13 352
63 149 5 67
63 153 9 343
63 29 55 494
63 126 45 485
64 36 16 286
64 166 29 46
64 76 55 18
64 173 43 135
64 48 58 524
64 49 3 392
64 50 33 57
64 18 21 480
64 180 46 693
64 26 41 341
64 30 9 563
64 31 7 584
65 185 15 378
65 38 43 119
65 39 13 202
65 12 1 681
65 16 55 510
65 49 33 582
65 82 10 333
65 84 39 696
65 184 37 484
65 24 49 699
65 187 21 52
65 94 25 514
66 129 49 430
66 130 22 343
66 98 13 221
66 153 33 472
66 137 40 95
66 175 57 738
66 50 9 344
66 52 53 16
66 185 29 2
66 29 43 677
66 158 4 197
67 36 1 45
67 69 57 516
67 38 7 740
67 199 25 336
67 7 52 422
67 41 4 136
67 154 13 415
67 79 43 132
67 52 45 426
67 117 21 248
67 126 37 447
67 62 33 560
68 98 3 91
68 6 37 160
68 8 31 62
68 42 1 9
68 106 13 6
68 108 9 308
68 81 15 395
68 116 49 438
68 86 21 53
68 60 45 351
69 192 58 29
69 194 55 418
69 35 1 529
69 197 29 576
69 70 43 169
69 172 39 698
69 180 25 675
69 22 51 568
69 86 15 486
69 155 10 332
69 61 31 476
69 95 4 606
70 193 49 488
70 70 7 169
70 199 1 37
70 11 40 183
70 12 28 681
70 172 45 378
70 142 57 429
70 118 13 96
70 189 17 720
70 154 31 717
70 29 34 743
71 192 46 371
71 6 37 267
71 198 17 214
71 72 33 164
71 102 55 167
71 177 19 183
71 50 49 402
71 148 25 562
71 156 13 288
71 63 1 334
72 194 7 200
72 74 21 582
72 172 49 310
72 44 9 715
72 140 35 19
72 46 15 54
72 115 57 201
72 181 1 515
72 151 13 3
72 88 55 130
72 126 45 447
72 159 4 237
73 98 21 44
73 102 51 547
73 198 1 241
73 173 10 274
73 114 58 514
73 178 17 272
73 119 55 712
73 53 28 246
73 183 45 181
73 59 31 224
73 30 39 734
74 3 40 263
74 197 1 375
74 198 5 1
74 7 58 458
74 101 43 427
74 170 49 728
74 43 21 330
74 76 33 621
74 49 29 5
74 146 13 61
74 25 7 377
75 2 21 626
75 26 5 744
75 164 25 291
75 66 9 532
75 167 57 433
75 9 39 449
75 110 15 546
75 111 37 135
75 51 19 248
75 87 33 83
75 154 52 415
75 95 28 137
76 131 57 576
76 100 21 634
76 90 7 3
76 200 1 401
76 43 39 601
76 108 33 134
76 110 13 154
76 82 25 701
76 21 19 352
76 58 52 303
76 123 3 47
76 62 45 435
77 66 19 572
77 35 40 529
77 38 33 119
77 42 29 242
77 17 1 65
77 146 11 39
77 120 57 236
77 185 31 2
77 155 46 332
77 157 37 251
77 126 25 266
77 95 43 137
78 193 37 13
78 129 57 300
78 34 27 403
78 132 52 278
78 134 1 296
78 167 15 505
78 45 21 322
78 50 31 409
78 147 46 73
78 182 7 345
78 88 13 130
78 57 43 636
79 2 33 580
79 100 21 87
79 107 17 58
79 172 9 194
79 13 49 162
79 143 31 692
79 49 5 5
79 145 45 613
79 84 57 663
79 54 28 718
79 94 13 119
79 31 7 216
80 97 15 475
80 196 55 661
80 135 21 519
80 104 37 630
80 105 52 324
80 72 49 266
80 7 1 271
80 170 28 728
80 112 13 107
80 51 33 484
80 151 35 363
80 27 10 276
81 161 22 690
81 197 13 108
81 69 1 727
81 135 15 95
81 140 53 19
81 174 49 122
81 18 7 480
81 84 45 663
81 118 3 121
81 57 25 306
81 155 55 174
81 61 37 42
82 6 52 160
82 135 43 105
82 71 39 109
82 74 7 176
82 77 1 538
82 79 55 132
82 18 27 144
82 120 57 218
82 154 16 415
82 29 19 415
82 184 5 380
83 160 7 575
83 164 31 291
83 197 55 399
83 166 23 46
83 41 34 365
83 57 37 636
83 147 28 490
83 94 45 540
83 153 19 510
83 124 49 243
83 158 52 478
83 63 1 164
84 65 5 442
84 130 52 296
84 40 7 417
84 41 49 298
84 106 17 701
84 110 37 552
84 14 29 11
84 112 15 719
84 113 58 607
84 155 1 174
84 188 43 600
84 189 45 136
85 130 28 218
85 98 3 585
85 102 21 448
85 38 15 589
85 138 43 79
85 15 1 34
85 177 7 328
85 84 51 663
85 182 37 521
85 55 47 359
85 59 57 273
85 29 31 415
86 131 19 649
86 166 23 516
86 136 43 380
86 107 55 58
86 140 7 19
86 157 58 251
86 54 31 448
86 87 1 190
86 91 37 12
86 188 41 721
86 125 10 647
87 132 7 131
87 100 31 634
87 102 51 232
87 39 49 202
87 103 55 379
87 137 40 353
87 48 46 40
87 180 10 180
87 117 29 721
87 150 25 409
87 25 13 709
87 62 3 435
88 164 37 433
88 40 13 417
88 73 11 189
88 106 29 6
88 15 21 717
88 144 45 643
88 52 17 16
88 53 31 246
88 88 5 130
88 91 43 106
88 95 58 137
89 65 37 69
89 130 13 141
89 103 1 379
89 74 33 338
89 106 41 228
89 140 21 459
89 49 29 275
89 18 49 480
89 146 39 39
89 82 55 333
89 87 5 4
89 31 19 216
90 162 58 493
90 69 49 421
90 197 5 108
90 137 46 95
90 10 15 170
90 141 40 276
90 110 25 219
90 174 55 529
90 52 37 161
90 181 43 546
90 87 1 584
90 26 7 341
91 192 31 711
91 97 1 14
91 34 51 172
91 100 25 273
91 70 5 57
91 7 55 63
91 13 21 353
91 145 45 152
91 150 29 409
91 56 7 685
91 27 13 79
91 95 58 316
92 132 58 53
92 5 25 66
92 196 15 129
92 41 31 48
92 137 28 240
92 143 37 692
92 119 5 205
92 121 1 32
92 91 3 106
92 60 43 293
92 190 23 54
92 191 51 603
93 159 43 667
93 153 57 360
93 163 7 354
93 135 1 307
93 110 37 219
93 81 49 392
93 147 46 100
93 181 19 21
93 184 17 484
93 25 10 387
93 92 13 665
93 191 21 603
94 33 57 375
94 129 45 691
94 99 52 260
94 72 41 164
94 109 15 548
94 79 21 132
94 143 33 299
94 147 49 157
94 30 1 372
94 120 37 723
94 60 9 293
94 94 27 448
95 96 31 202
95 66 55 708
95 196 51 387
95 40 1 485
95 136 19 674
95 137 25 207
95 155 40 332
95 187 15 266
95 14 47 651
95 90 29 517
95 59 43 28
95 94 9 430
96 64 39 192
96 72 45 604
96 75 49 173
96 16 27 156
96 17 13 65
96 178 37 272
96 114 7 704
96 20 17 35
96 182 55 208
96 56 23 90
96 25 19 145
96 126 31 307
97 32 19 56
97 129 49 733
97 8 1 62
97 169 53 514
97 80 23 110
97 21 33 352
97 186 15 562
97 155 7 550
97 189 37 682
97 158 58 197
97 159 46 667
98 32 1 260
98 35 16 256
98 39 41 202
98 74 37 338
98 123 55 357
98 141 58 140
98 144 5 405
98 113 28 452
98 55 45 327
98 24 49 574
98 91 11 123
98 126 7 633
99 32 15 215
99 162 37 537
99 79 29 132
99 80 31 110
99 53 49 735
99 55 5 327
99 87 53 733
99 152 1 578
99 122 43 557
99 91 11 12
99 94 57 287
100 193 9 680
100 34 55 139
100 3 46 542
100 132 49 278
100 70 13 169
100 102 39 138
100 167 3 505
100 198 17 385
100 138 25 79
100 11 34 394
100 178 15 404
100 95 19 446
101 67 27 468
101 5 46 671
101 105 19 471
101 74 9 338
101 171 58 136
101 76 1 18
101 11 43 394
101 82 40 333
101 179 49 229
101 52 7 16
101 184 15 22
101 157 31 251
102 67 7 61
102 100 39 87
102 163 10 658
102 4 22 564
102 199 43 618
102 169 29 657
102 79 13 471
102 113 25 51
102 178 1 272
102 151 31 159
102 157 34 251
102 126 57 447
103 160 13 365
103 193 25 590
103 163 52 370
103 133 31 474
103 102 9 502
103 135 21 543
103 9 57 541
103 173 40 563
103 46 29 217
103 81 43 395
103 17 7 65
103 181 1 225
104 96 49 188
104 2 13 22
104 195 19 193
104 34 39 323
104 6 46 160
104 200 21 169
104 170 4 728
104 110 9 564
104 151 23 25
104 25 31 443
104 62 57 748
104 63 27 428
105 193 43 196
105 194 31 200
105 42 25 609
105 173 58 233
105 110 21 546
105 179 9 199
105 148 1 25
105 54 13 610
105 123 5 47
105 190 49 54
105 63 39 303
106 130 52 673
106 163 58 370
106 105 25 585
106 42 1 521
106 10 45 646
106 44 33 504
106 78 49 626
106 174 5 122
106 20 17 238
106 87 7 455
106 183 13 93
106 30 39 295
107 128 47 38
107 129 55 691
107 34 27 162
107 68 49 149
107 69 53 27
107 102 39 448
107 135 33 479
107 70 19 57
107 45 1 294
107 48 13 524
107 62 21 563
108 162 55 206
108 196 51 129
108 101 1 427
108 102 39 290
108 38 19 589
108 199 13 688
108 43 33 416
108 108 27 198
108 78 16 495
108 114 46 704
108 146 5 339
108 181 23 313
109 162 40 617
109 198 35 662
109 166 27 633
109 103 4 379
109 46 47 545
109 178 55 272
109 51 25 374
109 180 7 581
109 116 21 708
109 54 1 212
109 118 49 271
109 157 13 191
110 96 28 512
110 194 43 200
110 3 46 596
110 100 13 87
110 9 33 231
110 137 10 95
110 140 23 312
110 109 53 730
110 144 17 405
110 51 5 39
110 61 57 253
110 93 49 343
111 97 11 14
111 197 37 108
111 137 43 314
111 79 31 471
111 112 23 107
111 177 27 528
111 147 34 157
111 86 7 461
111 184 21 716
111 89 5 82
111 56 59 685
111 61 13 81
112 97 19 14
112 2 21 370
112 130 46 298
112 102 31 168
112 135 51 601
112 136 57 46
112 105 43 224
112 167 25 672
112 180 13 726
112 149 1 471
112 154 10 211
112 61 39 253
113 192 1 336
113 193 57 13
113 200 35 97
113 136 13 705
113 171 37 381
113 79 33 471
113 180 28 523
113 181 51 441
113 183 9 181
113 155 25 332
113 156 45 587
113 62 21 560
114 129 7 351
114 43 1 36
114 13 51 503
114 77 37 143
114 78 16 231
114 45 57 695
114 145 43 252
114 115 25 372
114 87 33 584
114 151 31 358
114 153 19 207
114 184 5 527
115 128 23 38
115 97 7 14
115 3 34 263
115 37 10 153
115 73 29 525
115 75 55 173
115 79 5 132
115 115 39 672
115 151 43 159
115 156 15 616
115 157 1 191
116 33 51 383
116 153 55 483
116 196 33 129
116 108 39 283
116 14 21 651
116 47 13 626
116 13 1 488
116 182 9 521
116 89 59 467
116 122 25 684
116 156 45 273
117 194 55 200
117 35 22 463
117 200 7 97
117 137 19 410
117 43 9 549
117 83 29 7
117 148 15 411
117 179 37 229
117 151 57 25
117 121 1 441
117 27 46 276
117 190 35 608
118 128 1 38
118 162 58 617
118 68 55 149
118 165 33 133
118 38 51 522
118 7 16 311
118 8 9 593
118 199 28 63
118 74 39 582
118 46 5 15
118 186 43 389
118 28 19 75
119 100 19 715
119 68 40 739
119 166 35 301
119 103 1 452
119 102 31 703
119 198 45 3
119 13 57 353
119 143 17 299
119 179 27 229
119 88 51 615
119 28 11 201
119 95 7 421
120 130 22 268
120 38 49 119
120 9 27 661
120 108 45 286
120 172 57 310
120 146 55 39
120 116 15 650
120 52 11 16
120 55 25 327
120 57 19 306
120 123 41 357
120 157 4 191
121 34 15 208
121 162 22 617
121 4 31 439
121 102 55 443
121 41 19 365
121 50 7 512
121 179 49 127
121 20 11 312
121 53 37 750
121 147 43 73
121 157 4 251
122 5 49 66
122 38 45 522
122 133 25 41
122 104 37 234
122 142 31 429
122 15 5 34
122 111 15 424
122 147 52 73
122 180 19 180
122 116 9 378
122 186 1 387
122 187 57 104
123 98 25 321
123 199 58 336
123 72 21 216
123 71 3 208
123 137 7 207
123 139 1 186
123 108 37 198
123 45 43 294
123 136 33 529
123 155 13 550
123 30 51 295
124 64 21 192
124 32 31 56
124 2 19 719
124 36 13 465
124 9 49 449
124 10 9 646
124 44 25 465
124 16 33 724
124 80 1 110
124 122 39 557
124 188 47 721
124 190 59 75
125 98 21 576
125 66 39 49
125 102 49 11
125 106 55 6
125 139 45 126
125 48 4 262
125 176 16 245
125 18 57 144
125 184 1 527
125 121 35 32
125 127 9 235
126 132 16 285
126 69 27 325
126 73 29 479
126 138 1 544
126 140 25 19
126 109 33 181
126 21 37 352
126 118 9 307
126 86 55 461
126 22 43 568
126 150 47 639
126 126 21 627
127 4 25 564
127 104 31 615
127 108 19 695
127 46 55 163
127 14 37 190
127 145 43 586
127 82 28 701
127 148 15 535
127 94 1 552
127 155 40 174
127 126 49 633
127 127 7 104
128 34 9 100
128 5 34 66
128 6 58 252
128 104 55 448
128 169 7 103
128 105 37 341
128 75 13 42
128 59 45 227
128 173 25 461
128 115 49 372
128 118 1 486
128 187 21 494
129 34 31 662
129 196 55 225
129 74 13 473
129 45 45 322
129 47 40 697
129 113 4 51
129 146 27 48
129 179 49 469
129 117 1 40
129 28 11 75
129 95 22 501
129 127 7 107
130 160 21 286
130 198 45 440
130 137 55 95
130 42 31 9
130 123 7 210
130 170 52 542
130 77 15 538
130 115 27 678
130 181 1 313
130 87 41 554
130 187 33 104
130 127 3 33
131 129 57 17
131 163 7 658
131 39 23 202
131 135 45 585
131 170 34 728
131 17 51 65
131 147 40 73
131 84 27 663
131 55 37 327
131 120 3 206
131 122 13 684
131 27 19 156
132 32 5 56
132 37 28 153
132 71 15 542
132 72 35 275
132 105 25 100
132 106 19 590
132 200 21 368
132 74 31 59
132 175 9 614
132 58 43 640
132 27 46 79
132 188 51 600
133 193 43 219
133 2 51 501
133 39 19 202
133 12 4 681
133 45 39 635
133 80 17 110
133 49 7 5
133 50 25 664
133 117 21 222
133 182 57 521
133 88 53 498
133 190 1 54
134 194 57 418
134 196 9 242
134 165 1 214
134 172 27 60
134 45 21 635
134 176 13 710
134 178 31 272
134 118 51 121
134 150 37 639
134 27 46 156
134 125 34 209
135 97 29 14
135 194 11 200
135 67 7 214
135 131 37 649
135 170 58 542
135 43 1 549
135 77 19 143
135 179 25 209
135 185 45 38
135 58 52 556
135 27 31 86
135 156 15 273
136 65 25 442
136 66 57 604
136 71 1 520
136 104 43 448
136 9 39 223
136 12 7 77
136 79 23 132
136 16 33 259
136 17 29 433
136 52 19 16
136 57 13 306
136 157 49 191
137 193 13 712
137 132 19 278
137 100 57 654
137 103 22 452
137 9 3 260
137 13 25 131
137 82 49 333
137 153 9 20
137 91 7 106
137 125 40 730
137 126 33 135
137 191 45 642
138 128 51 659
138 6 58 718
138 10 45 526
138 109 41 181
138 46 49 1
138 79 37 132
138 147 19 490
138 179 9 229
138 21 39 68
138 87 53 508
138 88 31 130
138 191 13 29
139 194 19 418
139 99 31 160
139 131 49 576
139 197 17 362
139 154 22 239
139 172 3 378
139 80 55 110
139 83 25 7
139 26 59 341
139 155 10 174
139 188 47 600
139 61 27 317
140 193 21 13
140 134 3 26
140 167 27 346
140 13 7 629
140 174 25 122
140 49 31 5
140 82 52 701
140 117 57 533
140 116 37 482
140 59 15 28
140 127 43 415
141 192 58 155
141 97 47 14
141 34 1 339
141 164 37 713
141 197 31 545
141 134 21 164
141 71 15 312
141 70 5 169
141 141 10 321
141 143 45 299
141 54 40 266
141 187 49 494
142 66 33 8
142 131 43 576
142 38 9 119
142 44 25 504
142 13 51 64
142 142 15 429
142 19 37 706
142 150 7 639
142 119 49 730
142 62 55 563
142 126 1 135
142 95 22 446
143 99 31 37
143 9 45 260
143 75 7 157
143 44 39 465
143 15 43 34
143 48 34 146
143 146 21 61
143 21 49 352
143 119 19 244
143 26 37 744
143 60 25 293
143 63 57 250
144 161 25 450
144 194 53 200
144 67 47 61
144 195 13 193
144 65 37 183
144 135 15 159
144 75 55 96
144 46 29 1
144 15 23 34
144 111 35 391
144 151 5 170
144 158 10 478
145 128 31 38
145 3 16 263
145 38 7 33
145 75 43 42
145 141 13 316
145 46 47 424
145 176 1 472
145 49 19 5
145 16 49 259
145 25 40 259
145 27 22 86
145 92 27 464
146 129 25 455
146 3 19 596
146 8 31 525
146 9 9 277
146 73 29 729
146 142 15 361
146 156 57 413
146 177 1 183
146 83 39 297
146 20 13 238
146 124 55 243
146 95 52 176
147 160 3 311
147 193 57 94
147 98 7 44
147 100 45 87
147 5 25 671
147 70 53 169
147 81 21 392
147 23 13 82
147 117 39 178
147 119 17 205
147 56 29 90
147 26 11 744
148 130 16 579
148 171 34 266
148 14 29 406
148 143 27 692
148 112 19 315
148 50 57 664
148 52 45 655
148 152 51 55
148 126 21 719
148 59 37 162
148 62 1 234
148 159 13 676
149 129 45 455
149 40 51 720
149 106 1 715
149 107 13 58
149 138 7 276
149 46 57 588
149 21 3 68
149 86 27 547
149 149 15 343
149 122 21 684
149 187 33 672
150 33 37 213
150 130 25 8
150 165 13 281
150 138 43 190
150 44 19 541
150 173 55 660
150 14 53 11
150 16 1 445
150 112 33 346
150 151 51 43
150 27 58 496
150 159 10 237
151 33 1 291
151 194 41 200
151 130 58 398
151 162 22 62
151 98 25 305
151 135 51 519
151 137 34 172
151 140 17 19
151 49 31 678
151 147 10 73
151 20 45 62
151 26 55 744
152 96 4 512
152 129 57 455
152 161 7 594
152 69 15 218
152 39 53 573
152 40 11 485
152 74 45 59
152 140 29 24
152 77 49 538
152 177 31 183
152 20 25 35
152 61 39 686
153 197 19 443
153 134 43 584
153 43 3 416
153 123 49 210
153 173 28 570
153 60 31 351
153 92 21 464
153 180 16 180
153 152 51 657
153 59 9 64
153 156 37 288
153 30 57 295
154 64 3 492
154 128 45 624
154 131 33 195
154 100 49 273
154 133 55 175
154 6 7 436
154 136 25 371
154 12 10 681
154 78 22 495
154 56 59 90
154 27 13 86
154 127 39 425
155 129 33 455
155 100 27 183
155 197 15 455
155 168 43 124
155 74 49 338
155 108 39 657
155 79 19 132
155 118 21 96
155 88 1 615
155 186 3 495
155 61 9 93
155 31 45 419
156 32 55 56
156 160 39 534
156 162 49 617
156 168 59 124
156 9 43 277
156 172 25 356
156 110 7 552
156 22 15 78
156 56 3 685
156 157 52 191
156 30 33 295
157 161 16 594
157 167 3 745
157 139 59 532
157 76 49 18
157 14 1 11
157 144 19 405
157 178 29 371
157 148 37 314
157 181 55 21
157 119 41 205
157 90 31 620
157 92 45 464
158 66 57 572
158 132 13 285
158 90 55 3
158 69 43 27
158 170 37 542
158 174 29 122
158 111 53 26
158 17 41 65
158 113 49 51
158 89 31 541
158 154 10 239
158 127 1 710
159 5 28 66
159 135 21 562
159 139 51 532
159 140 9 356
159 92 33 390
159 48 55 40
159 115 39 372
159 117 37 605
159 60 13 351
159 94 45 552
159 159 58 97
160 66 1 524
160 7 46 422
160 10 15 646
160 91 5 12
160 172 21 138
160 109 43 548
160 46 55 245
160 111 31 135
160 176 49 508
160 22 27 78
160 155 7 174
160 29 52 128
161 96 7 188
161 165 45 15
161 133 25 184
161 168 37 124
161 200 41 97
161 173 52 85
161 175 15 615
161 182 21 182
161 59 3 273
161 127 57 625
161 95 10 420
161 63 31 555
162 163 49 36
162 7 40 368
162 91 43 12
162 13 55 488
162 112 37 107
162 146 59 39
162 147 31 157
162 20 19 62
162 82 46 701
162 181 29 21
162 56 3 90
162 155 25 550
163 160 51 332
163 68 46 149
163 37 13 738
163 103 34 379
163 8 57 593
163 11 37 394
163 141 16 265
163 147 31 73
163 52 9 215
163 179 3 469
163 125 22 209
163 62 25 234
164 194 47 418
164 5 13 671
164 197 17 576
164 199 52 336
164 70 45 57
164 105 34 324
164 171 31 102
164 14 55 11
164 188 59 600
164 88 25 570
164 91 43 125
164 92 3 390
165 129 27 351
165 5 37 671
165 134 33 322
165 39 25 312
165 8 57 525
165 117 15 248
165 57 10 636
165 186 43 325
165 127 49 425
165 29 1 677
165 126 19 485
165 31 47 584
166 162 4 617
166 130 58 89
166 37 46 551
166 167 51 346
166 107 1 58
166 76 41 621
166 46 43 1
166 180 34 149
166 23 15 30
166 183 23 278
166 125 19 209
167 161 13 594
167 103 31 452
167 105 28 100
167 75 37 666
167 78 7 732
167 15 47 34
167 116 51 221
167 21 35 352
167 127 19 710
167 189 45 237
167 159 4 667
168 98 39 722
168 68 43 149
168 197 55 108
168 100 1 634
168 103 52 452
168 104 31 373
168 12 46 77
168 141 49 561
168 14 59 113
168 174 7 293
168 21 9 68
168 151 27 201
169 65 11 442
169 163 7 195
169 196 1 120
169 200 13 368
169 140 51 52
169 109 47 181
169 16 21 545
169 145 33 252
169 21 53 352
169 151 57 547
169 120 15 723
169 189 25 237
170 164 19 713
170 165 45 133
170 38 57 33
170 138 34 544
170 12 16 77
170 15 25 34
170 16 1 156
170 52 55 16
170 117 11 221
170 123 23 587
170 60 37 10
170 63 49 559
171 65 41 442
171 130 43 398
171 97 49 14
171 196 51 233
171 129 21 686
171 195 29 193
171 9 55 260
171 139 33 680
171 187 37 591
171 20 35 35
171 25 16 553
171 91 31 106
172 130 7 651
172 4 4 564
172 198 27 85
172 75 31 173
172 171 43 17
172 45 19 294
172 144 49 405
172 177 39 528
172 17 47 65
172 120 13 653
172 124 29 243
172 95 58 689
173 129 25 691
173 3 34 542
173 100 51 654
173 69 29 426
173 40 17 417
173 8 13 593
173 52 11 471
173 21 41 68
173 22 7 548
173 55 31 327
173 57 37 306
173 61 55 639
174 136 49 431
174 9 55 223
174 75 31 255
174 45 1 635
174 174 13 297
174 81 9 395
174 17 53 65
174 117 43 691
174 119 59 597
174 184 5 397
174 188 35 600
174 62 15 748
175 99 28 37
175 195 47 193
175 67 19 61
175 171 13 17
175 110 7 484
175 15 53 34
175 143 39 299
175 21 59 352
175 149 1 103
175 57 43 306
175 31 41 216
176 128 55 38
176 164 10 675
176 37 40 305
176 75 58 173
176 78 16 626
176 174 27 224
176 80 25 498
176 82 7 701
176 22 19 78
176 55 53 679
176 154 34 239
176 125 49 497
177 3 31 263
177 195 41 193
177 5 1 66
177 99 49 260
177 105 16 100
177 42 13 490
177 10 37 170
177 76 25 621
177 174 55 730
177 116 9 438
177 22 19 721
177 63 57 163
178 167 57 672
178 7 25 271
178 137 52 240
178 108 9 164
178 46 45 217
178 80 43 110
178 146 5 61
178 116 15 412
178 148 1 309
178 54 22 300
178 55 55 327
178 94 37 38
179 64 21 492
179 130 49 651
179 100 43 228
179 41 28 323
179 107 41 58
179 140 57 90
179 79 53 471
179 48 25 20
179 17 55 433
179 182 1 116
179 55 31 679
179 94 13 540
180 2 55 22
180 167 19 641
180 168 25 124
180 39 47 202
180 138 16 717
180 11 58 183
180 78 1 732
180 16 9 724
180 146 29 39
180 83 7 80
180 152 39 578
180 93 49 573
181 6 34 639
181 198 41 423
181 104 28 373
181 169 37 103
181 14 9 58
181 175 21 400
181 148 57 641
181 87 3 417
181 55 47 327
181 63 43 722
181 158 25 478
181 191 49 476
182 96 31 188
182 194 19 200
182 68 40 227
182 7 43 116
182 136 9 709
182 41 4 357
182 75 1 96
182 108 57 308
182 109 15 226
182 178 23 371
182 22 49 78
182 184 27 52
183 129 39 430
183 98 21 585
183 26 53 744
183 134 1 315
183 200 37 97
183 106 33 702
183 75 16 173
183 171 46 102
183 143 5 299
183 21 35 68
183 120 57 723
183 58 49 380
184 192 34 684
184 129 7 146
184 33 1 104
184 66 13 49
184 102 49 168
184 103 19 452
184 106 37 599
184 79 17 132
184 181 41 21
184 155 25 174
184 189 31 611
184 190 53 54
185 67 41 61
185 133 45 672
185 43 33 601
185 12 13 681
185 171 49 212
185 113 1 543
185 19 19 706
185 147 28 157
185 117 39 691
185 23 9 30
185 187 57 591
185 28 43 273
186 33 9 96
186 69 7 614
186 138 13 282
186 43 51 231
186 28 17 75
186 47 43 676
186 114 37 704
186 184 55 4
186 24 19 574
186 59 25 419
186 156 1 500
186 29 58 486
187 163 31 569
187 4 49 564
187 135 43 625
187 136 57 554
187 138 4 185
187 77 27 143
187 141 16 332
187 174 19 224
187 113 22 668
187 116 9 482
187 58 1 601
187 123 37 47
188 33 31 350
188 68 16 149
188 197 51 362
188 78 10 495
188 14 23 11
188 177 37 628
188 179 19 199
188 180 25 180
188 88 53 130
188 154 4 717
188 187 45 266
188 124 41 599
189 5 22 66
189 198 47 1
189 73 31 189
189 107 33 58
189 11 58 535
189 80 41 110
189 17 55 65
189 117 39 235
189 119 49 205
189 88 35 130
189 27 52 86
189 152 1 657
190 65 23 442
190 130 40 343
190 34 15 139
190 69 13 27
190 134 51 99
190 109 37 181
190 112 19 107
190 177 45 328
190 21 25 68
190 54 31 658
190 86 27 124
190 57 55 306
191 32 25 260
191 98 39 547
191 130 58 8
191 68 34 739
191 8 51 593
191 42 15 9
191 12 31 77
191 82 43 701
191 19 9 706
191 118 19 655
191 93 27 568
191 31 55 474
192 68 28 149
192 164 7 713
192 168 47 124
192 107 23 58
192 28 31 584
192 53 25 246
192 25 52 662
192 26 55 341
192 156 57 138
192 157 40 191
192 31 37 216
193 34 39 523
193 163 19 632
193 104 13 338
193 139 3 590
193 119 51 244
193 53 25 536
193 86 7 407
193 23 43 82
193 90 59 3
193 61 55 242
193 158 31 478
194 89 19 430
194 36 58 45
194 133 9 622
194 164 52 675
194 71 27 520
194 8 39 525
194 37 49 305
194 134 31 433
194 147 13 157
194 87 45 565
194 153 21 443
194 61 3 736
195 192 52 29
195 69 47 199
195 134 19 270
195 168 7 124
195 200 25 97
195 173 10 84
195 18 43 480
195 82 31 701
195 86 1 304
195 91 5 123
195 125 37 497
195 30 13 295
196 96 1 188
196 192 46 684
196 70 55 169
196 39 27 292
196 71 21 447
196 104 43 615
196 43 13 36
196 81 9 83
196 83 37 7
196 118 31 505
196 185 25 2
196 154 52 211
197 137 7 95
197 142 1 361
197 15 13 34
197 146 43 39
197 83 47 7
197 117 53 248
197 182 39 358
197 55 29 378
197 88 59 130
197 188 27 721
197 157 19 191
197 191 15 596
198 36 28 454
198 69 49 27
198 70 7 57
198 134 19 661
198 40 43 417
198 198 9 355
198 165 31 281
198 106 37 6
198 178 53 272
198 51 25 500
198 89 23 82
198 91 39 106
199 96 46 249
199 130 55 371
199 164 10 713
199 167 19 745
199 168 5 660
199 14 17 11
199 80 53 210
199 114 1 514
199 147 31 340
199 88 29 130
199 187 49 591
199 158 34 197
200 98 25 460
200 99 43 37
200 132 22 131
200 38 9 248
200 9 3 541
200 10 57 526
200 171 37 131
200 142 51 429
200 174 29 730
200 113 19 51
200 181 15 349
200 60 31 10
201 195 1 193
201 132 13 102
201 131 31 68
201 199 16 37
201 103 43 452
201 14 25 11
201 81 39 291
201 19 9 396
201 151 29 710
201 24 19 699
201 189 27 265
201 94 49 661
202 193 37 654
202 35 46 256
202 4 10 439
202 70 3 169
202 198 31 558
202 78 34 326
202 179 49 366
202 84 19 696
202 152 13 168
202 56 53 90
202 155 28 550
202 60 57 204
203 100 49 416
203 38 57 522
203 135 9 562
203 72 47 604
203 7 4 63
203 13 13 488
203 109 1 226
203 79 53 132
203 180 37 180
203 120 25 723
203 124 23 599
203 61 43 391
204 65 49 442
204 121 37 412
204 102 45 210
204 199 34 618
204 142 39 255
204 176 52 208
204 178 59 404
204 84 9 663
204 184 29 52
204 153 19 140
204 126 25 176
204 30 1 734
205 163 34 370
205 104 40 565
205 44 21 465
205 143 49 299
205 124 53 243
205 82 58 333
205 148 1 314
205 118 9 745
205 88 5 615
205 187 27 591
205 188 25 600
205 30 13 734
206 161 49 450
206 195 29 737
206 69 47 27
206 168 39 124
206 171 58 381
206 172 19 60
206 14 17 714
206 175 13 369
206 145 1 613
206 24 43 574
206 190 25 75
206 159 55 667
207 64 45 492
207 65 1 69
207 35 16 24
207 200 23 97
207 12 55 77
207 14 29 715
207 116 51 708
207 54 19 232
207 94 31 454
207 90 9 534
207 126 37 485
207 159 13 667
208 68 22 149
208 90 25 238
208 198 15 578
208 134 37 576
208 140 47 19
208 45 55 294
208 76 45 18
208 174 59 730
208 16 1 545
208 114 19 704
208 186 49 562
208 93 33 253
209 130 25 22
209 163 55 632
209 100 7 273
209 135 15 381
209 136 3 709
209 144 41 405
209 50 51 664
209 52 49 460
209 149 23 67
209 152 43 588
209 90 35 591
209 120 19 723
210 99 40 148
210 199 43 688
210 123 15 297
210 141 52 246
210 15 35 34
210 47 10 86
210 19 25 396
210 149 59 67
210 54 1 300
210 21 17 68
210 27 4 276
210 31 21 474
211 65 55 69
211 99 22 81
211 67 53 61
211 75 49 608
211 141 46 265
211 15 29 236
211 81 25 83
211 180 58 317
211 117 9 336
211 22 39 78
211 187 33 494
211 159 13 462
212 163 37 36
212 42 47 9
212 108 15 198
212 77 9 538
212 60 57 10
212 48 4 40
212 51 1 484
212 84 33 696
212 21 45 352
212 185 29 413
212 124 43 243
212 62 49 222
213 64 51 492
213 165 39 133
213 73 13 189
213 76 29 18
213 176 19 472
213 113 43 51
213 178 23 272
213 20 35 238
213 54 58 567
213 122 25 557
213 27 16 86
213 191 31 61
214 64 3 192
214 133 9 637
214 9 19 122
214 45 27 284
214 78 13 326
214 110 31 154
214 15 49 34
214 175 43 514
214 85 55 187
214 21 51 68
214 186 39 241
214 124 17 243
215 2 49 22
215 163 19 354
215 135 37 472
215 109 29 181
215 47 43 610
215 15 41 34
215 83 23 297
215 117 51 178
215 55 3 359
215 123 9 587
215 188 53 600
215 31 17 216
216 131 55 649
216 56 41 90
216 105 49 100
216 138 13 185
216 42 53 9
216 175 27 369
216 178 11 272
216 51 9 227
216 149 47 67
216 182 31 616
216 120 19 206
216 154 1 239
217 192 58 392
217 160 43 575
217 99 34 37
217 133 39 474
217 8 3 593
217 73 19 189
217 19 13 396
217 180 31 180
217 185 37 2
217 188 11 600
217 158 22 478
217 191 27 422
218 3 58 596
218 35 19 547
218 200 45 405
218 76 3 18
218 173 34 291
218 13 49 350
218 176 7 208
218 86 13 219
218 183 31 283
218 91 17 12
218 92 25 267
219 193 43 488
219 69 11 27
219 102 31 547
219 9 7 449
219 137 22 240
219 171 16 428
219 108 1 258
219 80 51 210
219 185 41 2
219 58 13 380
219 188 55 721
219 127 27 107
220 131 43 605
220 35 55 24
220 104 25 373
220 42 17 9
220 143 31 299
220 15 29 34
220 146 59 734
220 149 7 67
220 54 1 610
220 57 10 306
220 122 21 181
220 157 52 251
221 132 43 629
221 167 13 641
221 72 7 215
221 40 19 417
221 74 55 582
221 103 28 379
221 136 49 660
221 145 9 586
221 29 31 3
221 125 1 335
221 62 21 234
221 95 37 328
222 160 31 334
222 33 25 560
222 162 58 537
222 98 9 91
222 32 49 56
222 6 22 692
222 105 13 100
222 46 17 1
222 17 35 65
222 117 45 425
222 54 55 415
222 149 39 256
223 193 39 329
223 2 59 339
223 7 16 422
223 44 43 541
223 141 10 265
223 47 19 466
223 176 22 258
223 80 5 498
223 148 49 397
223 25 31 215
223 122 55 557
223 92 27 665
224 129 1 733
224 2 41 22
224 67 31 83
224 163 34 632
224 8 43 593
224 74 25 473
224 75 19 373
224 43 57 80
224 173 52 291
224 175 37 35
224 80 9 210
224 190 15 75
225 160 39 270
225 33 43 715
225 98 25 342
225 102 7 87
225 135 57 212
225 136 49 139
225 198 31 1
225 145 1 393
225 146 33 734
225 83 23 7
225 84 15 663
225 62 19 146
226 66 15 583
226 131 3 195
226 68 28 679
226 41 10 48
226 75 52 173
226 139 37 110
226 175 39 400
226 114 43 704
226 119 31 205
226 156 19 273
226 29 7 45
227 161 46 697
227 164 25 598
227 101 7 427
227 134 39 20
227 71 49 447
227 7 58 368
227 16 33 726
227 80 31 210
227 116 1 219
227 27 19 86
227 125 43 335
227 31 15 419
228 128 41 134
228 35 25 24
228 68 22 679
228 165 55 133
228 37 46 163
228 7 52 63
228 72 11 148
228 143 43 299
228 15 9 320
228 84 13 696
228 24 1 574
228 155 28 174
229 160 7 270
229 165 43 281
229 198 15 408
229 6 49 153
229 5 52 66
229 73 35 578
229 12 58 681
229 174 1 122
229 51 41 248
229 148 25 314
229 90 39 620
229 61 3 93
230 133 13 590
230 8 21 593
230 109 7 181
230 111 27 424
230 18 1 480
230 116 45 438
230 93 33 64
230 121 37 32
230 122 9 557
230 92 51 464
230 189 41 711
230 30 57 257
231 96 52 188
231 66 55 648
231 37 31 407
231 9 27 272
231 138 22 186
231 139 43 590
231 12 7 681
231 78 13 727
231 112 25 157
231 19 37 396
231 186 1 385
231 156 45 679
232 132 22 102
232 37 55 387
232 196 9 129
232 44 25 541
232 173 34 377
232 16 37 545
232 178 13 630
232 19 1 396
232 115 43 201
232 118 15 655
232 25 19 709
232 122 51 181
233 160 49 477
233 65 11 710
233 58 37 501
233 70 41 57
233 107 25 58
233 45 43 284
233 21 1 68
233 87 7 105
233 56 33 536
233 90 35 3
233 61 3 253
233 184 29 649
234 97 1 166
234 98 21 305
234 41 40 365
234 106 11 6
234 107 15 58
234 16 49 156
234 17 17 65
234 84 31 663
234 53 7 246
234 22 3 78
234 125 25 123
234 95 37 137
235 133 19 569
235 103 10 452
235 172 1 698
235 79 25 132
235 144 7 405
235 145 51 726
235 82 28 333
235 115 45 678
235 27 37 79
235 92 57 267
235 61 15 317
235 126 31 329
236 64 37 492
236 161 52 594
236 2 59 22
236 197 35 108
236 104 19 92
236 73 43 189
236 11 25 393
236 174 11 122
236 82 55 701
236 180 7 180
236 123 13 47
236 188 41 600
237 131 3 605
237 68 13 149
237 122 25 103
237 72 19 164
237 137 22 257
237 11 31 394
237 179 55 229
237 184 29 4
237 186 9 553
237 59 51 224
237 61 43 317
237 30 37 22
238 164 43 713
238 197 23 108
238 102 1 177
238 69 27 443
238 200 13 97
238 20 11 35
238 184 37 218
238 58 31 640
238 123 53 147
238 92 19 665
238 29 34 677
238 31 17 657
239 97 31 14
239 101 19 427
239 199 16 688
239 137 43 95
239 10 39 526
239 111 1 659
239 143 53 299
239 156 57 587
239 85 25 457
239 56 13 685
239 188 23 721
239 125 7 123
240 98 21 658
240 35 7 24
240 4 34 564
240 101 27 636
240 80 25 110
240 145 49 152
240 115 43 591
240 148 55 504
240 184 13 4
240 56 47 90
240 156 15 587
240 191 39 642
241 32 23 215
241 2 3 126
241 35 28 381
241 7 25 476
241 167 51 505
241 39 11 202
241 42 43 9
241 168 19 124
241 140 13 19
241 103 58 452
241 180 37 475
241 59 31 227
242 6 7 634
242 40 49 417
242 104 37 373
242 106 15 18
242 140 33 356
242 44 19 504
242 78 52 506
242 48 10 150
242 179 25 127
242 86 3 407
242 88 23 130
242 59 45 32
243 97 17 14
243 5 10 671
243 167 37 641
243 40 33 736
243 41 13 136
243 10 27 526
243 44 51 465
243 174 7 143
243 46 1 1
243 185 41 139
243 27 4 496
244 99 37 37
244 4 34 439
244 69 15 516
244 196 27 493
244 199 40 63
244 39 31 292
244 79 51 471
244 15 11 34
244 145 19 152
244 82 7 333
244 187 57 52
244 125 1 209
245 130 40 331
245 195 23 193
245 199 49 63
245 143 37 299
245 176 28 472
245 81 1 395
245 80 31 498
245 146 7 39
245 50 19 344
245 122 33 27
245 187 43 104
245 189 9 720
246 130 16 8
246 195 21 737
246 102 51 177
246 103 10 379
246 170 7 728
246 111 39 135
246 49 57 5
246 19 33 706
246 179 1 127
246 182 25 616
246 184 31 361
246 188 37 600
247 165 25 214
247 7 49 422
247 103 43 379
247 145 1 586
247 82 37 333
247 61 7 253
247 23 33 30
247 186 57 241
247 27 16 736
247 28 5 75
247 125 40 282
247 127 19 17
248 96 58 188
248 161 55 410
248 100 15 654
248 166 37 46
248 40 5 417
248 74 19 473
248 108 49 198
248 45 33 481
248 50 39 23
248 153 9 78
248 187 45 52
248 127 27 17
249 97 43 14
249 5 28 671
249 6 25 153
249 134 33 46
249 8 1 99
249 12 49 77
249 44 13 715
249 175 7 400
249 112 55 107
249 145 19 296
249 50 45 23
250 129 37 53
250 36 34 376
250 165 49 214
250 199 19 63
250 9 13 272
250 138 58 276
250 111 1 547
250 16 7 12
250 59 25 592
250 28 23 75
250 63 45 559
251 98 9 717
251 131 43 649
251 5 22 671
251 104 4 448
251 137 25 240
251 110 57 154
251 146 17 39
251 54 37 468
251 152 31 650
251 124 1 279
251 29 40 486
251 191 13 603
252 35 46 24
252 4 31 564
252 172 57 194
252 12 43 77
252 143 7 299
252 83 53 7
252 180 19 225
252 117 9 169
252 118 25 256
252 88 49 130
252 55 13 327
253 2 31 22
253 35 52 24
253 198 15 558
253 199 10 688
253 200 5 97
253 6 37 153
253 172 19 194
253 174 7 122
253 49 43 5
253 83 13 7
253 91 45 123
253 30 57 372
254 66 39 572
254 2 35 22
254 3 28 263
254 100 49 563
254 171 13 80
254 13 1 64
254 113 46 51
254 148 31 414
254 86 57 407
254 151 5 281
254 88 21 130
254 90 23 3
255 138 49 185
255 140 41 19
255 141 4 534
255 173 43 377
255 109 1 497
255 80 7 110
255 175 13 400
255 148 57 125
255 184 47 520
255 24 37 574
255 120 19 218
255 94 25 549
256 121 1 289
256 161 40 594
256 9 13 223
256 107 55 492
256 171 37 84
256 79 7 471
256 47 49 44
256 16 45 750
256 178 9 371
256 179 33 7
256 87 5 55
256 89 27 119
257 128 29 247
257 129 57 430
257 163 13 658
257 68 25 149
257 5 43 66
257 73 53 189
257 45 37 481
257 78 16 56
257 15 23 84
257 184 5 716
257 56 11 685
257 28 1 75
258 165 55 15
258 136 27 705
258 11 49 354
258 79 9 132
258 113 4 86
258 115 43 354
258 116 21 438
258 181 7 21
258 22 13 481
258 21 25 352
258 123 19 47
258 188 31 600
259 162 4 493
259 67 31 249
259 131 7 649
259 6 40 703
259 43 33 80
259 79 17 471
259 144 25 405
259 112 43 171
259 19 13 706
259 122 49 684
259 155 58 174
260 96 4 188
260 131 25 649
260 71 45 690
260 41 16 42
260 44 51 541
260 77 39 538
260 46 9 163
260 111 31 561
260 80 29 210
260 144 43 405
260 125 13 123
261 130 37 167
261 3 22 263
261 132 52 322
261 105 40 324
261 43 27 172
261 15 19 34
261 144 11 405
261 84 43 696
261 181 1 21
261 117 15 605
261 91 31 12
261 92 57 464
262 192 16 737
262 98 27 717
262 34 57 302
262 2 19 22
262 197 49 108
262 7 40 311
262 74 33 176
262 106 7 6
262 172 21 356
262 45 43 695
262 147 4 73
262 182 9 358
263 161 49 697
263 34 45 162
263 135 21 450
263 9 37 541
263 137 1 609
263 41 4 323
263 171 16 17
263 47 58 367
263 116 31 554
263 156 26 288
263 191 7 642
264 33 43 222
264 68 4 149
264 132 40 398
264 72 51 164
264 178 25 272
264 115 7 678
264 83 1 84
264 182 19 309
264 87 27 178
264 121 17 32
264 92 13 267
264 29 58 111
265 192 19 95
265 162 37 387
265 2 11 22
265 42 9 9
265 76 5 18
265 174 45 529
265 176 16 627
265 114 22 704
265 55 35 378
265 54 25 537
265 23 57 30
265 120 1 723
266 129 7 686
266 197 15 443
266 38 25 603
266 12 37 681
266 144 13 405
266 83 19 7
266 148 49 314
266 116 1 482
266 50 45 547
266 125 58 323
266 190 29 54
267 195 43 193
267 36 46 316
267 37 28 163
267 71 19 312
267 138 31 169
267 108 1 283
267 16 13 259
267 178 5 272
267 88 17 130
267 157 55 251
267 63 49 514
268 64 57 192
268 70 19 169
268 199 25 618
268 168 53 660
268 138 43 344
268 79 7 132
268 143 41 299
268 150 5 409
268 54 37 301
268 185 1 2
268 26 23 744
268 31 11 216
269 193 3 693
269 129 39 351
269 133 15 421
269 101 33 636
269 102 57 210
269 42 13 9
269 146 31 573
269 182 27 420
269 89 55 82
269 155 52 174
269 189 1 237
269 31 49 486
270 192 37 684
270 161 43 594
270 162 13 537
270 6 7 370
270 139 35 548
270 18 57 480
270 115 51 584
270 116 19 219
270 89 27 430
270 26 17 341
270 191 31 596
271 159 19 117
271 193 37 740
271 99 7 37
271 9 25 223
271 10 1 526
271 11 52 394
271 77 13 143
271 53 49 374
271 154 31 486
271 28 23 727
271 30 57 266
271 31 29 216
272 98 55 91
272 167 15 433
272 104 52 373
272 9 43 223
272 138 25 344
272 77 21 538
272 144 31 643
272 116 33 226
272 57 7 636
272 155 37 155
272 62 3 146
273 129 3 349
273 135 7 543
273 40 37 720
273 73 57 710
273 105 13 224
273 77 49 143
273 147 22 490
273 22 43 582
273 119 31 712
273 87 55 402
273 150 35 409
273 59 25 140
274 162 49 142
274 35 37 529
274 132 40 315
274 133 25 637
274 74 45 338
274 12 55 681
274 179 7 127
274 182 1 358
274 183 29 254
274 57 16 306
274 91 23 125
275 66 57 454
275 67 7 618
275 68 34 679
275 36 16 632
275 135 49 364
275 104 37 565
275 169 9 225
275 42 1 242
275 136 45 660
275 11 31 535
275 14 3 190
275 113 19 258
276 65 35 69
276 3 7 247
276 100 37 273
276 70 13 57
276 71 43 312
276 168 1 660
276 42 3 684
276 10 57 646
276 174 53 122
276 57 49 306
276 62 27 674
276 159 22 632
277 97 17 635
277 98 55 489
277 161 22 594
277 100 25 563
277 197 43 108
277 7 49 116
277 74 1 59
277 75 52 649
277 150 31 639
277 91 33 123
277 60 37 410
277 126 45 719
278 128 11 38
278 96 49 512
278 165 31 214
278 200 29 97
278 108 57 283
278 142 39 429
278 116 3 226
278 20 45 535
278 23 21 30
278 151 27 205
278 187 15 52
278 62 7 234
279 162 4 537
279 98 21 105
279 130 28 343
279 132 40 102
279 10 33 526
279 173 16 570
279 19 55 396
279 23 51 30
279 21 1 352
279 87 9 700
279 119 7 205
279 28 43 75
280 4 19 439
280 101 55 427
280 138 22 544
280 45 13 284
280 174 31 529
280 80 47 498
280 115 49 201
280 51 5 548
280 153 25 700
280 59 37 224
280 61 9 42
281 153 25 117
281 195 45 193
281 197 1 620
281 102 55 232
281 134 9 99
281 139 5 590
281 172 19 310
281 79 13 132
281 19 51 706
281 94 37 661
281 30 31 563
281 191 15 304
282 129 9 458
282 127 57 513
282 113 1 310
282 114 16 704
282 147 4 340
282 180 22 405
282 20 13 35
282 56 33 90
282 124 19 243
282 189 27 611
282 190 49 75
282 159 37 667
283 128 29 444
283 36 52 45
283 69 55 475
283 43 39 653
283 44 3 715
283 111 7 79
283 177 57 615
283 188 13 600
283 178 11 552
283 118 21 645
283 92 15 464
283 127 43 146
284 194 35 200
284 132 55 285
284 100 37 342
284 107 21 58
284 171 25 102
284 75 43 173
284 79 47 132
284 118 31 271
284 184 7 505
284 185 1 402
284 122 51 263
284 155 4 243
285 34 1 100
285 132 58 613
285 75 40 173
285 108 7 198
285 111 33 211
285 16 51 445
285 80 5 210
285 119 31 730
285 184 55 380
285 185 13 2
285 123 17 47
285 188 45 721
286 200 55 97
286 113 40 475
286 114 10 286
286 19 45 706
286 85 3 187
286 54 34 747
286 120 19 559
286 153 49 347
286 93 13 131
286 184 27 189
286 95 37 487
287 160 39 359
287 100 27 283
287 134 9 576
287 12 19 77
287 155 55 550
287 108 31 198
287 19 43 396
287 151 59 547
287 153 51 468
287 91 3 12
287 94 15 448
288 64 25 192
288 129 31 686
288 191 21 642
288 72 29 148
288 168 5 124
288 172 7 60
288 110 1 148
288 175 55 400
288 148 39 566
288 151 15 43
288 120 49 653
288 95 46 401
289 2 1 208
289 130 52 8
289 4 28 564
289 7 7 204
289 105 10 585
289 42 45 661
289 144 39 405
289 112 21 487
289 184 15 189
289 126 3 329
289 62 55 146
290 97 9 89
290 99 40 37
290 6 1 398
290 71 49 580
290 40 45 720
290 137 13 410
290 9 27 449
290 39 7 202
290 174 11 730
290 113 4 103
290 122 57 684
290 126 31 485
291 192 49 473
291 33 37 166
291 134 27 296
291 7 22 116
291 136 3 554
291 10 55 170
291 14 35 406
291 175 13 518
291 49 17 5
291 182 31 521
291 122 7 27
291 63 45 428
292 97 5 14
292 98 43 375
292 35 1 381
292 33 49 213
292 104 55 373
292 73 17 189
292 106 31 715
292 12 58 77
292 51 47 294
292 90 53 476
292 93 37 363
292 95 13 137
293 160 51 276
293 36 16 45
293 166 11 609
293 135 57 102
293 27 46 86
293 72 9 216
293 9 1 277
293 108 27 400
293 12 31 681
293 112 41 307
293 91 23 123
293 31 5 216
294 2 17 22
294 163 34 36
294 165 25 15
294 197 47 108
294 42 15 289
294 175 3 475
294 48 49 262
294 49 1 360
294 178 21 272
294 28 7 75
295 65 5 69
295 72 15 493
295 169 49 103
295 79 41 132
295 21 19 68
295 85 43 457
295 181 11 21
295 22 7 412
295 121 21 412
295 55 1 327
295 59 57 227
295 92 51 266
296 194 25 418
296 37 34 407
296 39 27 289
296 71 21 109
296 104 58 234
296 42 11 9
296 142 45 519
296 16 39 445
296 23 1 30
296 151 31 740
296 152 13 55
296 56 7 90
297 193 25 13
297 98 39 81
297 99 19 37
297 36 49 45
297 72 47 215
297 41 10 393
297 170 58 728
297 47 43 86
297 180 31 549
297 26 13 341
297 155 52 550
297 62 15 674
298 192 46 29
298 40 11 417
298 171 37 173
298 139 35 126
298 12 40 77
298 111 21 179
298 125 28 647
298 118 3 623
298 56 15 536
298 124 7 243
298 157 49 251
299 97 23 14
299 194 21 200
299 7 40 682
299 136 57 674
299 46 1 217
299 112 31 565
299 117 15 39
299 183 51 33
299 57 4 306
299 154 37 717
299 156 33 273
299 126 7 627
300 160 13 731
300 198 35 332
300 12 10 77
300 173 1 603
300 79 41 471
300 112 7 315
300 179 21 669
300 183 39 33
300 184 45 305
300 91 19 12
300 125 4 209
300 31 55 486
301 64 15 192
301 4 40 439
301 37 43 153
301 70 23 57
301 7 4 682
301 136 27 139
301 118 49 655
301 87 31 342
301 154 46 456
301 125 10 282
301 190 33 75
301 191 19 422
302 89 29 421
302 197 59 108
302 8 43 525
302 138 40 544
302 12 19 681
302 173 1 43
302 110 25 484
302 25 7 177
302 184 33 520
302 121 13 32
302 188 17 600
302 126 49 485
303 161 25 410
303 132 10 53
303 169 3 225
303 170 43 542
303 172 31 378
303 144 19 643
303 147 52 100
303 56 5 90
303 57 55 636
303 26 47 341
303 91 13 12
303 63 15 612
304 196 21 129
304 102 45 167
304 6 16 155
304 15 37 34
304 176 25 348
304 17 39 514
304 148 7 314
304 21 57 68
304 185 59 2
304 156 51 23
304 125 1 741
304 95 34 666
305 194 29 200
305 100 1 228
305 132 31 315
305 199 40 618
305 103 37 452
305 104 58 92
305 136 19 167
305 42 13 428
305 114 55 704
305 117 9 747
305 154 52 548
305 94 15 514
306 161 7 697
306 162 10 537
306 100 49 342
306 7 16 458
306 137 13 609
306 172 43 140
306 142 55 123
306 23 19 82
306 24 37 699
306 187 1 672
306 94 32 583
306 127 26 625
307 3 7 263
307 136 31 413
307 40 5 720
307 44 15 541
307 143 51 299
307 80 43 210
307 17 45 65
307 188 1 721
307 85 21 457
307 23 37 82
307 31 29 419
307 95 55 651
308 34 33 553
308 70 31 57
308 103 16 452
308 142 45 361
308 113 52 171
308 146 1 39
308 182 27 345
308 119 3 205
308 89 9 746
308 155 19 155
308 158 58 478
308 57 22 636
309 130 28 489
309 99 25 37
309 7 19 204
309 43 1 172
309 172 13 138
309 81 39 395
309 83 17 498
309 55 43 327
309 119 37 205
309 26 7 744
309 62 9 560
309 31 23 216
310 66 25 349
310 131 43 195
310 164 55 359
310 198 9 453
310 38 19 522
310 169 23 103
310 11 40 394
310 173 16 135
310 119 33 597
310 31 49 584
311 192 19 29
311 162 16 617
311 66 43 653
311 195 59 737
311 41 55 323
311 106 49 6
311 171 34 381
311 112 41 744
311 180 22 672
311 118 27 745
311 182 3 642
311 159 7 667
312 99 28 160
312 154 25 335
312 8 39 62
312 110 1 154
312 145 57 393
312 50 31 344
312 151 45 292
312 153 19 347
312 186 49 495
312 123 35 47
312 94 9 583
312 127 13 303
313 2 53 22
313 74 37 473
313 140 23 19
313 44 9 541
313 175 31 400
313 50 19 402
313 147 1 157
313 180 55 180
313 21 59 68
313 182 49 616
313 22 27 582
313 125 4 741
314 129 31 691
314 2 27 208
314 97 49 643
314 166 1 506
314 103 40 452
314 199 43 738
314 168 35 124
314 48 52 618
314 21 29 352
314 24 55 699
314 122 7 684
314 158 19 478
315 96 37 188
315 33 51 96
315 98 43 717
315 133 15 474
315 72 19 148
315 138 40 185
315 44 1 465
315 142 27 255
315 15 33 293
315 80 47 110
315 52 9 16
315 149 57 256
316 65 49 69
316 66 43 571
316 69 25 711
316 133 51 349
316 137 19 90
316 74 7 473
316 138 28 185
316 47 55 86
316 144 15 643
316 179 37 469
316 26 3 341
317 132 52 398
317 104 34 373
317 11 49 394
317 140 1 19
317 143 17 692
317 83 55 7
317 84 3 663
317 85 9 457
317 118 57 623
317 116 25 438
317 121 31 441
317 62 21 435
318 160 13 477
318 67 59 399
318 131 27 605
318 165 1 15
318 4 43 439
318 103 49 379
318 186 21 387
318 138 52 185
318 108 55 164
318 119 33 244
318 122 9 103
318 59 39 32
319 159 31 676
319 65 13 442
319 131 39 605
319 163 4 632
319 37 22 153
319 40 29 720
319 15 27 38
319 113 34 51
319 178 59 272
319 184 11 305
319 158 55 478
319 63 7 559
320 163 31 36
320 198 29 262
320 73 23 189
320 74 49 582
320 107 47 58
320 45 9 481
320 50 19 664
320 83 43 84
320 149 53 67
320 183 5 351
320 27 37 86
320 28 35 75
321 161 46 594
321 34 7 361
321 134 15 661
321 199 31 618
321 41 55 298
321 140 27 331
321 12 22 77
321 77 3 143
321 86 39 407
321 54 58 610
321 58 43 263
322 69 13 531
322 9 9 661
322 107 49 58
322 78 1 326
322 146 53 48
322 20 55 35
322 53 4 428
322 22 21 481
322 185 43 2
322 154 34 456
322 189 59 237
322 126 25 135
323 159 46 344
323 193 27 147
323 98 21 418
323 105 7 585
323 77 31 538
323 114 10 704
323 147 16 157
323 178 53 532
323 120 49 723
323 154 58 239
323 155 1 155
323 191 39 476
324 160 55 334
324 107 7 58
324 13 49 490
324 142 25 519
324 47 40 611
324 48 43 730
324 51 5 248
324 150 9 409
324 23 31 82
324 120 21 498
324 157 37 191
324 127 13 625
325 163 1 516
325 133 31 184
325 40 55 417
325 137 22 95
325 60 45 204
325 110 25 546
325 144 53 405
325 122 49 557
325 188 57 721
325 157 10 251
325 94 15 549
325 95 37 613
326 58 58 380
326 103 16 379
326 104 28 548
326 141 22 332
326 174 41 224
326 114 1 286
326 148 7 535
326 85 37 457
326 26 49 341
326 157 55 191
326 126 51 329
327 163 13 370
327 40 39 417
327 41 28 298
327 170 55 542
327 107 43 492
327 44 33 715
327 48 58 40
327 81 51 83
327 177 19 528
327 22 45 548
327 183 3 107
327 120 9 236
328 129 49 348
328 130 31 182
328 196 55 120
328 198 39 340
328 38 13 33
328 200 47 97
328 6 28 402
328 144 59 643
328 116 19 226
328 22 43 412
328 185 35 2
328 187 9 52
329 194 11 418
329 166 39 347
329 39 31 500
329 169 45 103
329 75 1 694
329 46 53 1
329 184 9 397
329 121 59 505
329 154 19 239
329 155 4 332
329 124 25 243
329 31 27 474
330 192 55 29
330 34 19 139
330 163 1 632
330 4 25 439
330 5 31 66
330 132 34 53
330 100 15 283
330 107 37 58
330 13 39 64
330 48 28 20
330 17 5 182
330 181 53 313
331 58 46 601
331 196 19 120
331 8 37 593
331 111 13 346
331 112 25 257
331 83 59 7
331 20 23 35
331 21 3 352
331 150 27 639
331 87 33 489
331 154 55 428
331 157 7 251
332 37 52 153
332 8 31 593
332 9 57 635
332 107 13 492
332 171 1 147
332 48 40 524
332 81 21 291
332 50 9 402
332 51 45 75
332 54 4 92
332 118 25 653
332 183 15 93
333 161 37 163
333 33 25 747
333 102 15 167
333 73 13 525
333 9 31 277
333 107 45 58
333 173 49 609
333 81 19 395
333 182 7 116
333 57 40 306
333 58 4 662
334 34 37 656
334 3 1 247
334 133 25 673
334 28 33 335
334 110 57 148
334 146 47 48
334 18 13 144
334 83 11 7
334 119 17 597
334 183 35 436
334 92 7 267
334 29 4 176
335 193 55 219
335 4 16 439
335 5 7 671
335 7 13 568
335 40 35 417
335 12 43 681
335 141 37 246
335 112 3 171
335 147 19 73
335 60 25 10
335 125 46 11
335 31 51 419
336 76 35 18
336 28 41 335
336 78 25 277
336 144 29 405
336 147 19 340
336 52 15 347
336 87 23 4
336 151 7 292
336 186 57 389
336 187 43 494
336 156 1 288
336 157 10 191
337 3 10 415
337 68 31 149
337 167 21 346
337 137 4 3
337 75 1 173
337 171 43 102
337 45 51 294
337 144 35 405
337 152 25 55
337 91 49 12
337 188 15 600
337 95 7 137
338 96 4 202
338 161 22 241
338 3 10 542
338 163 49 516
338 164 46 218
338 134 15 322
338 171 1 80
338 16 38 726
338 115 25 584
338 85 31 457
338 57 52 306
338 191 55 642
339 133 45 89
339 10 27 646
339 109 17 730
339 14 41 11
339 143 57 692
339 145 19 586
339 178 25 630
339 17 37 65
339 183 59 32
339 186 9 374
339 157 13 251
339 190 43 608
340 192 43 29
340 128 9 624
340 36 34 45
340 39 57 202
340 103 19 379
340 137 13 207
340 76 53 18
340 172 1 220
340 51 25 39
340 53 46 246
340 87 59 733
341 163 52 569
341 101 15 427
341 139 45 532
341 76 23 18
341 44 9 504
341 143 59 692
341 146 37 48
341 181 29 411
341 150 3 409
341 117 49 186
341 154 31 617
341 125 55 647
342 128 43 38
342 97 41 14
342 130 28 182
342 36 13 345
342 37 46 153
342 8 49 62
342 168 35 660
342 138 10 185
342 107 31 58
342 13 19 503
342 114 4 514
342 61 37 597
343 32 15 179
343 3 19 263
343 8 27 62
343 168 53 124
343 76 7 18
343 144 31 405
343 145 37 152
343 23 43 30
343 56 49 90
343 156 9 554
343 157 58 191
343 95 34 586
344 34 33 31
344 130 49 536
344 98 13 585
344 104 40 92
344 174 43 122
344 46 21 245
344 144 3 643
344 115 25 354
344 182 7 182
344 23 57 82
344 123 55 47
344 191 45 304
345 33 37 453
345 34 1 343
345 66 7 653
345 97 29 563
345 133 15 20
345 98 25 708
345 109 35 181
345 49 23 5
345 116 45 84
345 53 58 246
345 55 21 327
345 121 31 32
346 34 57 230
346 195 25 193
346 5 52 671
346 101 27 427
346 135 45 543
346 104 13 10
346 171 16 662
346 109 3 628
346 59 21 227
346 92 31 267
346 93 9 626
347 131 31 605
347 8 45 99
347 40 25 417
347 72 55 148
347 145 49 565
347 146 27 573
347 52 15 177
347 21 43 68
347 87 11 401
347 56 29 536
347 61 1 391
347 158 37 478
348 65 37 442
348 5 55 671
348 76 23 621
348 77 27 538
348 14 59 175
348 79 43 471
348 142 45 429
348 49 53 5
348 114 31 704
348 152 7 55
348 88 25 130
348 62 1 560
349 132 31 613
349 165 19 133
349 198 11 355
349 100 7 228
349 73 49 578
349 43 27 601
349 12 46 681
349 109 5 730
349 182 37 616
349 56 35 90
349 123 59 436
349 158 16 478
350 128 41 38
350 33 33 570
350 35 25 381
350 69 15 711
350 198 7 717
350 156 21 540
350 179 45 229
350 120 51 297
350 57 28 306
350 59 37 28
350 28 9 335
350 29 1 493
351 32 47 56
351 198 9 569
351 40 41 417
351 43 27 36
351 139 23 532
351 108 31 695
351 140 37 19
351 15 55 34
351 79 49 471
351 179 3 229
351 121 7 32
352 131 55 195
352 99 4 37
352 103 52 379
352 75 1 666
352 108 13 689
352 45 25 322
352 142 7 255
352 139 37 532
352 178 59 630
352 19 19 396
352 123 39 505
352 188 31 721
353 64 33 492
353 33 13 63
353 5 7 66
353 109 49 181
353 16 51 724
353 113 10 390
353 54 19 212
353 119 45 712
353 90 59 517
353 127 1 412
353 191 37 304
354 97 13 14
354 33 49 587
354 131 57 605
354 66 9 281
354 69 55 27
354 75 46 157
354 142 37 685
354 87 43 401
354 23 27 82
354 59 19 55
354 189 3 611
354 158 16 197
355 160 43 270
355 3 1 596
355 36 16 709
355 141 28 534
355 111 39 640
355 52 47 16
355 148 49 484
355 53 25 330
355 184 37 305
355 88 21 428
355 120 55 209
355 191 33 603
356 96 7 249
356 39 39 321
356 8 55 99
356 105 10 341
356 45 19 324
356 60 3 204
356 83 43 7
356 84 27 696
356 21 45 68
356 151 15 4
356 28 37 75
356 157 34 191
357 33 55 440
357 162 40 206
357 4 7 439
357 196 25 631
357 198 59 662
357 39 11 573
357 136 33 380
357 135 19 509
357 173 49 570
357 83 15 313
357 155 43 332
357 93 1 4
358 133 45 622
358 69 59 717
358 7 1 476
358 200 53 97
358 41 37 393
358 109 23 730
358 78 40 277
358 146 15 48
358 86 25 53
358 88 7 197
358 94 33 225
359 35 49 529
359 200 43 368
359 139 27 532
359 140 47 187
359 175 13 597
359 116 3 84
359 182 7 616
359 119 25 205
359 87 35 508
359 187 37 52
359 189 33 651
359 127 55 303
360 32 7 260
360 128 29 38
360 167 9 346
360 136 49 709
360 84 39 663
360 181 31 21
360 86 33 304
360 150 37 409
360 153 25 539
360 186 43 553
360 60 55 293
360 191 1 259
361 199 46 63
361 9 49 223
361 43 37 330
361 174 59 224
361 111 21 640
361 48 43 524
361 52 23 16
361 182 25 521
361 120 7 209
361 89 57 746
361 29 1 151
361 95 31 743
362 38 9 603
362 169 15 103
362 138 49 282
362 47 37 611
362 175 27 197
362 113 55 51
362 20 41 35
362 87 45 131
362 55 23 327
362 183 21 436
362 28 53 75
362 95 1 743
363 98 21 489
363 105 34 173
363 106 53 6
363 141 1 276
363 142 25 685
363 45 37 284
363 80 15 110
363 177 43 404
363 82 31 333
363 120 9 76
363 57 4 636
363 124 59 279
364 33 7 573
364 132 22 705
364 133 49 179
364 197 17 108
364 38 57 740
364 8 37 99
364 105 46 173
364 10 31 646
364 138 43 185
364 12 13 77
364 149 41 256
364 28 55 75
365 162 37 617
365 36 10 247
365 107 29 492
365 11 52 393
365 12 34 681
365 174 15 529
365 82 4 701
365 147 7 490
365 146 25 339
365 118 45 393
365 184 59 4
365 189 27 136
366 128 49 38
366 98 21 591
366 195 19 737
366 100 37 634
366 199 13 336
366 41 46 323
366 9 31 661
366 43 25 231
366 12 4 77
366 107 59 58
366 56 9 536
366 191 55 714
367 96 37 249
367 3 13 247
367 197 55 362
367 136 31 47
367 170 16 728
367 43 45 345
367 14 29 714
367 46 21 217
367 154 52 717
367 156 1 540
367 152 9 546
368 130 52 145
368 68 40 149
368 167 7 641
368 104 4 373
368 173 16 660
368 46 59 15
368 111 31 247
368 82 22 701
368 116 43 226
368 85 33 187
368 25 1 553
368 63 27 434
369 129 39 733
369 98 7 375
369 3 46 247
369 37 31 551
369 165 13 133
369 8 1 525
369 139 53 590
369 77 55 143
369 109 25 181
369 143 21 299
369 154 28 239
369 159 49 117
370 34 49 319
370 195 37 193
370 135 1 159
370 172 19 378
370 109 55 226
370 174 59 297
370 47 31 697
370 176 40 93
370 91 29 106
370 156 45 500
370 157 25 251
370 191 15 217
371 33 1 105
371 130 58 11
371 198 15 212
371 154 55 472
371 10 25 170
371 93 43 631
371 149 23 529
371 120 33 653
371 122 19 557
371 187 39 494
371 61 51 736
371 94 7 362
372 96 58 512
372 130 4 8
372 38 25 551
372 199 1 23
372 104 46 373
372 138 43 186
372 106 35 6
372 110 51 546
372 146 21 48
372 51 9 75
372 124 15 279
372 191 31 217
373 128 59 38
373 36 1 345
373 200 49 97
373 41 22 365
373 42 19 9
373 139 31 532
373 12 52 681
373 13 45 403
373 140 29 19
373 148 25 248
373 24 15 699
373 60 33 204
374 130 28 145
374 98 43 91
374 198 37 340
374 103 7 379
374 170 25 728
374 16 57 445
374 182 51 521
374 121 15 205
374 91 21 106
374 29 40 222
374 25 4 553
374 127 31 17
375 67 33 327
375 165 7 133
375 167 19 433
375 105 25 617
375 9 13 449
375 45 57 324
375 14 29 259
375 145 43 48
375 50 1 664
375 85 37 187
375 124 47 243
375 93 49 293
376 193 45 94
376 34 57 523
376 133 19 421
376 166 49 46
376 10 1 646
376 15 31 434
376 175 51 3
376 50 15 23
376 147 37 73
376 56 33 243
376 121 43 32
376 122 25 200
377 160 1 270
377 33 27 213
377 40 53 417
377 41 16 136
377 44 31 465
377 79 45 471
377 47 37 466
377 144 51 643
377 49 25 5
377 26 9 744
377 124 41 243
378 32 59 56
378 161 22 697
378 193 1 640
378 130 7 8
378 100 43 654
378 14 35 175
378 46 19 1
378 52 29 16
378 85 51 457
378 57 31 306
378 187 13 494
378 124 17 279
379 161 1 450
379 194 59 200
379 101 51 427
379 103 22 379
379 7 31 311
379 44 43 465
379 12 25 681
379 113 19 241
379 180 4 180
379 26 57 341
379 59 13 64
379 92 7 464
380 130 31 147
380 37 34 153
380 38 51 589
380 74 25 59
380 108 43 164
380 78 4 240
380 47 40 44
380 18 15 480
380 182 19 420
380 87 29 190
380 184 9 122
380 154 37 239
381 164 40 713
381 7 25 311
381 8 51 525
381 75 13 173
381 142 1 519
381 47 31 607
381 176 28 258
381 151 45 740
381 58 37 263
381 155 22 550
381 93 55 438
381 126 7 447
382 130 28 8
382 195 53 193
382 196 13 120
382 67 5 620
382 135 43 560
382 170 10 728
382 138 1 79
382 76 31 621
382 174 37 122
382 15 59 34
382 115 21 201
382 55 35 327
383 33 37 105
383 161 49 635
383 35 52 632
383 70 43 57
383 41 10 365
383 73 47 189
383 16 13 510
383 149 35 392
383 182 57 420
383 94 1 207
383 91 41 106
383 62 31 234
384 32 17 260
384 194 5 200
384 163 10 195
384 5 55 66
384 173 28 233
384 50 31 23
384 51 35 580
384 181 59 21
384 157 46 191
384 118 19 121
384 153 37 498
384 189 7 265
385 100 13 634
385 72 27 215
385 41 4 365
385 170 37 728
385 14 11 11
385 111 33 519
385 146 7 339
385 116 51 219
385 121 55 32
385 58 58 640
385 60 43 410
386 194 37 200
386 163 52 658
386 2 39 339
386 102 19 11
386 39 29 289
386 71 1 453
386 77 33 143
386 146 23 39
386 115 57 354
386 152 45 546
386 26 25 744
386 127 7 17
387 99 55 81
387 37 16 153
387 166 13 46
387 41 1 365
387 174 41 122
387 16 25 545
387 113 37 596
387 82 58 701
387 120 51 209
387 154 43 239
387 88 47 392
387 188 9 721
388 128 59 745
388 162 43 617
388 131 13 649
388 167 37 745
388 12 34 77
388 54 55 92
388 184 11 505
388 56 9 685
388 28 5 727
388 157 1 251
388 62 25 146
388 63 49 334
389 194 17 200
389 163 25 324
389 69 37 27
389 200 49 169
389 149 55 67
389 22 1 568
389 184 59 305
389 158 13 478
389 156 43 741
389 29 52 513
389 94 31 606
390 69 19 27
390 104 22 373
390 9 13 277
390 10 49 526
390 110 3 712
390 47 31 610
390 50 25 23
390 180 40 302
390 55 53 327
390 28 9 727
390 126 55 135
391 192 4 371
391 100 49 228
391 200 31 97
391 16 19 724
391 18 25 480
391 181 33 693
391 157 16 251
391 21 57 352
391 26 1 341
391 31 35 216
391 61 43 93
391 159 10 462
392 128 17 38
392 163 31 516
392 166 1 46
392 42 49 9
392 107 35 58
392 11 22 393
392 19 57 706
392 52 45 234
392 87 25 178
392 184 43 4
393 128 13 164
393 160 25 635
393 162 7 617
393 5 49 671
393 70 3 57
393 11 10 354
393 75 40 567
393 14 43 11
393 177 15 6
393 118 45 368
393 125 34 282
393 30 21 295
394 129 19 733
394 194 9 418
394 99 31 248
394 37 37 735
394 199 58 23
394 200 51 405
394 74 15 59
394 173 1 717
394 47 4 697
394 178 49 272
394 117 45 665
394 24 25 699
395 153 19 249
395 131 25 195
395 66 49 722
395 3 10 263
395 198 33 548
395 135 45 556
395 110 57 669
395 84 1 696
395 183 53 32
395 152 37 588
395 185 55 2
395 155 7 332
396 192 37 737
396 3 40 542
396 132 16 329
396 37 4 153
396 104 7 373
396 171 13 662
396 110 25 154
396 16 31 510
396 49 55 5
396 117 45 235
396 152 21 577
396 126 51 307
397 64 43 192
397 160 27 353
397 192 22 711
397 99 19 260
397 67 35 61
397 6 10 37
397 38 55 321
397 109 5 628
397 17 15 182
397 150 39 639
397 61 51 578
397 94 1 430
398 33 19 580
398 3 37 415
398 100 13 260
398 197 11 108
398 72 31 497
398 104 49 234
398 110 33 669
398 177 27 615
398 148 43 248
398 53 52 470
398 24 7 574
398 157 40 251
399 129 9 733
399 131 27 68
399 10 33 170
399 12 49 681
399 172 45 220
399 110 37 546
399 76 43 18
399 81 13 83
399 146 19 39
399 30 3 266
399 62 55 435
399 127 21 235
400 104 40 373
400 169 55 103
400 27 58 79
400 139 9 612
400 42 7 9
400 46 3 688
400 176 37 254
400 58 34 341
400 155 19 550
401 97 51 302
401 193 9 13
401 137 34 609
401 105 28 324
401 113 37 543
401 178 55 485
401 179 15 229
401 180 43 278
401 87 21 31
401 121 13 441
401 59 57 64
401 30 3 563
402 192 31 684
402 2 47 22
402 35 25 632
402 68 1 739
402 108 7 134
402 110 37 564
402 146 45 61
402 178 51 630
402 21 23 352
402 184 21 430
402 122 57 27
402 124 55 599
403 132 1 53
403 73 7 189
403 74 55 176
403 51 59 294
403 147 19 157
403 149 49 67
403 181 39 693
403 126 25 307
403 91 33 125
403 156 51 554
403 157 22 251
403 190 47 54
404 98 15 44
404 195 35 737
404 198 49 666
404 135 39 506
404 9 1 223
404 179 19 127
404 115 7 201
404 22 45 481
404 119 55 205
404 90 29 3
404 187 25 104
404 63 57 694
405 160 51 270
405 65 47 69
405 101 39 427
405 135 1 644
405 41 22 579
405 112 15 315
405 179 43 114
405 149 17 67
405 182 57 679
405 21 9 352
405 155 34 550
405 157 19 251
406 128 31 461
406 195 59 193
406 5 40 66
406 197 19 108
406 70 49 57
406 138 25 185
406 142 55 361
406 46 13 1
406 177 21 565
406 93 1 577
406 125 46 394
406 159 34 676
407 66 21 583
407 199 46 688
407 138 49 344
407 13 1 353
407 174 13 122
407 109 11 497
407 189 37 440
407 182 31 278
407 119 29 597
407 185 53 2
407 156 25 735
407 157 7 191
408 160 51 353
408 129 45 686
408 69 33 537
408 135 9 707
408 41 55 365
408 78 58 715
408 49 13 678
408 19 3 706
408 180 16 225
408 117 23 425
408 119 39 369
408 58 19 556
409 193 55 621
409 198 59 119
409 11 13 393
409 172 39 356
409 78 34 626
409 179 43 127
409 116 27 226
409 181 21 693
409 23 51 82
409 184 25 4
409 123 3 749
409 28 17 335
410 162 46 537
410 69 31 27
410 37 13 153
410 199 25 63
410 186 1 389
410 74 37 59
410 146 53 39
410 115 7 672
410 182 33 309
410 26 59 744
410 27 49 496
410 30 21 22
411 33 15 372
411 194 3 418
411 35 31 632
411 133 51 184
411 199 7 23
411 72 19 497
411 73 55 189
411 78 37 732
411 149 43 67
411 119 29 712
411 25 22 377
411 60 25 204
412 128 47 285
412 193 55 275
412 34 1 302
412 197 29 108
412 176 31 109
412 48 52 544
412 146 25 734
412 20 49 35
412 183 21 283
412 186 39 325
412 63 13 293
413 197 9 108
413 166 19 506
413 38 31 716
413 174 27 730
413 16 1 724
413 148 45 309
413 55 41 327
413 182 13 21
413 22 49 84
413 54 55 693
413 124 21 243
414 2 15 741
414 39 43 202
414 103 4 452
414 169 25 657
414 77 45 143
414 63 51 555
414 116 57 378
414 87 29 178
414 186 21 349
414 125 31 209
414 158 1 197
414 127 37 625
415 5 31 671
415 102 19 290
415 135 55 585
415 73 59 189
415 11 25 394
415 82 10 701
415 115 37 354
415 86 51 486
415 151 43 3
415 56 1 536
415 189 49 265
415 95 16 743
416 162 43 537
416 8 55 62
416 105 25 341
416 107 53 58
416 50 15 409
416 178 23 404
416 116 31 438
416 146 37 39
416 118 9 363
416 26 39 744
416 62 1 108
416 63 19 350
417 164 13 713
417 39 17 202
417 75 37 61
417 141 1 316
417 113 4 203
417 177 31 404
417 178 45 630
417 184 49 4
417 25 55 626
417 29 22 653
417 127 7 710
418 33 49 375
418 38 33 321
418 199 46 618
418 41 7 309
418 59 19 592
418 123 27 733
418 106 55 498
418 45 57 284
418 109 29 628
418 24 15 574
418 27 1 86
418 29 4 254
419 197 27 399
419 103 58 379
419 7 1 422
419 72 41 215
419 11 19 535
419 110 7 712
419 79 39 132
419 150 49 409
419 56 13 90
419 27 31 506
419 31 45 474
420 164 58 291
420 5 4 66
420 165 33 592
420 199 19 23
420 100 13 228
420 169 51 225
420 172 37 310
420 108 25 308
420 81 45 83
420 151 9 39
420 154 22 456
421 96 22 512
421 166 55 584
421 134 1 433
421 7 10 271
421 167 43 346
421 199 52 37
421 43 13 172
421 176 25 508
421 112 59 107
421 117 37 186
421 23 39 30
421 126 33 633
422 66 21 362
422 34 25 553
422 165 1 133
422 200 33 405
422 138 13 190
422 139 51 612
422 29 10 106
422 117 19 747
422 56 17 90
422 124 57 599
422 125 43 282
423 129 55 351
423 2 21 741
423 65 29 442
423 102 25 210
423 199 1 63
423 40 45 736
423 49 47 5
423 114 52 704
423 183 9 278
423 27 16 79
423 190 59 54
424 65 53 442
424 97 9 34
424 35 31 463
424 5 1 671
424 198 59 269
424 42 55 9
424 10 21 646
424 141 4 321
424 18 49 144
424 179 27 469
424 91 47 125
424 29 40 677
425 32 59 260
425 33 51 196
425 100 1 542
425 6 40 575
425 135 43 562
425 40 31 417
425 174 57 122
425 156 19 413
425 86 13 407
425 22 27 116
425 187 33 52
425 28 49 286
426 64 7 492
426 131 33 576
426 196 27 318
426 163 16 569
426 36 4 45
426 135 51 381
426 104 1 373
426 175 43 518
426 150 11 639
426 152 39 650
426 25 22 709
426 154 58 355
427 97 57 14
427 131 25 576
427 26 13 744
427 72 39 275
427 106 41 6
427 11 22 354
427 45 9 322
427 82 16 333
427 179 45 469
427 20 7 404
427 57 1 306
427 154 49 239
428 65 15 183
428 98 21 375
428 4 28 439
428 37 25 163
428 7 34 368
428 74 9 59
428 50 43 402
428 84 51 696
428 53 31 178
428 118 1 363
428 93 57 499
428 158 37 197
429 32 37 56
429 133 57 637
429 167 51 745
429 187 13 591
429 142 45 685
429 156 1 587
429 116 39 708
429 181 31 101
429 91 21 125
429 31 25 486
429 127 9 513
430 129 37 455
430 168 41 124
430 136 27 238
430 107 19 58
430 174 15 730
430 49 49 5
430 82 1 333
430 113 22 51
430 20 33 208
430 83 31 7
430 152 55 657
430 187 9 591
431 98 57 460
431 69 25 27
431 135 13 105
431 169 41 103
431 106 43 6
431 108 19 308
431 175 51 400
431 26 27 744
431 59 37 592
431 156 9 313
431 158 34 478
431 63 45 177
432 197 45 362
432 136 57 431
432 73 55 729
432 169 47 103
432 74 1 338
432 173 25 413
432 144 9 643
432 115 15 201
432 54 34 658
432 88 37 130
432 153 39 511
432 157 28 251
433 97 27 168
433 164 10 291
433 103 40 379
433 41 7 393
433 187 13 104
433 48 37 150
433 16 55 545
433 52 51 215
433 86 31 114
433 90 49 274
433 155 1 550
433 61 21 666
434 66 27 623
434 99 19 160
434 70 11 57
434 138 46 185
434 170 13 728
434 45 3 284
434 46 37 1
434 109 1 181
434 20 7 35
434 87 31 508
434 29 52 111
434 190 55 54
435 2 51 741
435 5 58 671
435 70 27 169
435 105 55 224
435 139 45 590
435 76 9 621
435 109 31 181
435 178 21 630
435 147 1 73
435 55 39 327
435 152 33 577
435 88 47 130
436 69 27 600
436 74 45 473
436 42 23 9
436 76 13 18
436 173 37 719
436 14 35 11
436 106 51 715
436 16 1 282
436 177 9 565
436 52 57 716
436 121 49 32
436 159 31 462
437 32 7 56
437 192 40 500
437 39 55 202
437 42 37 406
437 140 33 738
437 82 25 333
437 178 9 630
437 180 1 581
437 85 51 187
437 114 28 704
437 157 46 251
438 128 29 111
438 34 1 139
438 133 57 105
438 7 31 458
438 167 43 745
438 10 15 526
438 112 11 107
438 146 35 39
438 83 21 739
438 149 41 67
438 182 7 385
438 27 52 496
439 193 57 157
439 132 31 53
439 200 29 401
439 142 43 255
439 143 47 692
439 50 37 344
439 147 34 73
439 188 15 721
439 120 3 510
439 57 19 636
439 187 7 494
439 60 49 351
440 163 1 658
440 102 21 246
440 59 57 28
440 138 4 79
440 13 33 12
440 173 49 461
440 82 40 701
440 85 15 457
440 86 25 407
440 119 45 597
440 91 9 125
440 159 52 237
441 100 27 542
441 10 49 170
441 172 19 220
441 109 33 497
441 110 57 712
441 46 3 245
441 175 9 738
441 81 39 583
441 28 45 727
441 190 37 54
441 191 13 714
442 65 53 69
442 131 15 195
442 198 57 214
442 73 27 729
442 141 40 265
442 46 55 350
442 143 33 692
442 115 3 298
442 118 21 271
442 183 59 99
442 91 45 125
443 97 27 750
443 5 13 66
443 166 25 46
443 102 33 177
443 11 1 535
443 141 19 321
443 174 57 529
443 115 7 372
443 119 11 205
443 28 39 727
443 93 45 687
443 94 49 454
444 162 37 493
444 163 58 569
444 66 19 215
444 5 40 671
444 74 31 473
444 45 51 695
444 110 15 552
444 80 45 110
444 81 25 596
444 145 3 152
444 49 23 366
444 124 9 599
445 2 27 741
445 36 13 275
445 49 29 360
445 18 39 480
445 19 49 396
445 115 57 231
445 119 23 369
445 186 33 714
445 158 43 478
445 189 3 720
445 62 9 748
445 31 47 216
446 164 25 713
446 69 29 321
446 101 15 636
446 134 33 296
446 48 43 20
446 81 55 583
446 145 37 527
446 17 23 221
446 118 51 290
446 182 3 521
446 155 46 550
446 189 13 611
447 65 31 442
447 164 46 713
447 139 9 186
447 43 21 80
447 15 33 34
447 61 3 686
447 148 15 314
447 86 39 114
447 55 59 359
447 157 43 251
447 93 55 618
447 158 52 197
448 3 55 596
448 5 43 671
448 197 49 455
448 138 58 186
448 143 41 692
448 17 53 182
448 49 21 5
448 113 46 472
448 20 25 698
448 120 33 559
448 190 5 54
448 95 7 743
449 96 43 188
449 32 53 56
449 199 13 37
449 170 49 542
449 78 46 495
449 142 19 361
449 17 31 65
449 118 1 368
449 23 25 30
449 24 55 574
449 121 9 505
449 188 39 721
450 193 39 571
450 194 45 418
450 35 49 632
450 38 3 522
450 138 31 185
450 111 21 124
450 145 57 48
450 113 25 499
450 85 13 187
450 21 23 68
450 89 1 200
450 30 9 266
451 128 27 54
451 192 10 711
451 131 49 605
451 195 55 193
451 133 43 112
451 102 37 168
451 173 1 233
451 14 31 11
451 116 33 482
451 148 57 722
451 54 16 468
451 59 21 28
452 66 43 8
452 195 35 193
452 196 7 238
452 7 37 204
452 168 3 124
452 74 13 176
452 107 11 58
452 141 49 316
452 47 31 626
452 117 59 62
452 58 55 662
452 95 19 743
453 67 23 618
453 132 55 131
453 196 27 129
453 102 45 502
453 46 7 1
453 79 3 471
453 48 19 40
453 20 33 354
453 89 31 467
453 91 15 125
453 190 25 54
453 191 9 217
454 197 59 362
454 133 37 590
454 71 15 109
454 39 55 289
454 10 43 170
454 13 19 159
454 16 7 259
454 17 11 65
454 178 31 630
454 20 53 35
454 89 27 746
454 59 33 162
455 32 1 56
455 196 43 129
455 166 39 609
455 134 57 199
455 6 16 398
455 73 33 189
455 106 9 558
455 39 53 321
455 40 21 736
455 173 49 665
455 154 4 239
455 159 25 676
456 65 7 442
456 4 16 564
456 134 37 26
456 140 25 156
456 82 19 701
456 180 34 317
456 84 9 696
456 86 51 586
456 24 3 699
456 94 55 207
456 125 46 647
456 30 27 734
457 192 22 29
457 33 9 506
457 131 3 649
457 67 43 61
457 197 47 399
457 70 51 169
457 71 13 520
457 73 45 729
457 9 31 223
457 79 57 471
457 184 35 4
457 124 7 599
458 121 57 505
458 2 9 741
458 67 29 61
458 37 31 739
458 46 23 1
458 21 21 352
458 54 37 40
458 183 51 680
458 89 15 746
458 61 1 639
458 190 11 54
458 95 25 743
459 64 49 192
459 160 21 573
459 195 9 737
459 196 31 120
459 163 25 569
459 166 47 46
459 73 29 189
459 46 35 688
459 143 45 692
459 112 43 107
459 122 1 27
459 125 16 209
460 133 33 655
460 169 31 103
460 105 10 173
460 140 25 451
460 16 45 496
460 81 57 83
460 114 49 599
460 150 41 409
460 22 27 481
460 86 21 114
460 60 3 10
460 31 1 216
461 161 37 594
461 136 13 554
461 73 57 729
461 11 4 394
461 108 25 579
461 146 55 48
461 180 46 675
461 151 21 261
461 152 51 588
461 25 34 85
461 155 43 174
462 33 57 425
462 195 11 737
462 35 13 632
462 5 16 66
462 171 7 381
462 45 31 294
462 14 45 243
462 80 35 110
462 114 1 599
462 119 53 205
462 56 51 685
462 63 27 164
463 34 39 462
463 35 43 632
463 66 55 719
463 37 49 739
463 134 7 682
463 41 52 252
463 48 13 544
463 148 3 647
463 53 19 454
463 184 27 4
463 60 33 410
464 160 39 237
464 131 7 605
464 140 27 738
464 45 45 324
464 174 33 730
464 48 1 262
464 177 13 565
464 145 49 48
464 146 17 61
464 83 59 313
464 124 21 599
464 61 55 436
465 66 57 215
465 10 9 170
465 107 19 492
465 139 21 548
465 13 25 64
465 51 47 60
465 52 35 298
465 85 43 187
465 153 13 498
465 187 1 591
465 93 31 539
465 62 51 748
466 129 49 300
466 162 55 682
466 163 25 712
466 168 59 660
466 40 39 736
466 13 31 131
466 179 15 469
466 116 19 482
466 23 9 82
466 186 43 241
466 187 3 494
467 163 31 370
467 7 16 476
467 167 39 346
467 74 55 473
467 49 51 731
467 182 43 358
467 25 1 244
467 152 7 657
467 62 19 748
467 29 4 581
467 184 27 716
468 34 21 462
468 196 13 622
468 68 4 227
468 138 40 232
468 174 43 529
468 16 27 724
468 145 9 152
468 21 51 352
468 184 31 527
468 25 34 215
468 90 49 3
468 61 45 81
469 96 16 249
469 129 45 430
469 37 13 387
469 134 33 733
469 198 51 749
469 8 7 525
469 17 21 514
469 149 59 707
469 55 1 359
469 58 55 263
469 92 37 665
469 127 25 33
470 32 11 56
470 133 45 44
470 134 57 322
470 71 7 477
470 5 34 671
470 9 21 223
470 43 1 330
470 80 51 498
470 82 13 701
470 182 39 182
470 185 19 2
470 30 25 21
471 64 57 492
471 35 37 632
471 3 52 247
471 133 21 20
471 103 25 452
471 11 16 394
471 108 43 308
471 78 40 240
471 176 49 506
471 49 33 731
471 152 7 578
471 187 3 52
472 65 41 69
472 162 28 682
472 131 33 649
472 163 25 726
472 198 39 119
472 166 43 46
472 89 3 200
472 154 19 673
472 187 15 672
472 28 51 727
472 61 9 666
472 94 57 558
473 160 57 270
473 66 27 571
473 195 33 737
473 196 45 709
473 100 19 654
473 37 16 738
473 175 51 475
473 112 55 307
473 114 13 704
473 25 40 268
473 60 1 293
473 94 7 606
474 192 43 155
474 33 55 586
474 102 7 168
474 7 34 63
474 173 40 377
474 46 11 15
474 116 13 84
474 23 1 82
474 88 51 130
474 187 25 494
474 157 31 191
474 30 21 372
475 98 3 460
475 167 45 433
475 200 9 405
475 168 31 124
475 72 11 215
475 43 39 549
475 144 21 643
475 20 59 238
475 149 33 707
475 21 15 352
475 30 55 734
475 158 49 478
476 161 7 725
476 130 10 8
476 194 27 418
476 33 45 573
476 103 55 452
476 73 15 729
476 78 40 176
476 81 51 395
476 24 31 574
476 26 21 744
476 124 23 279
476 62 3 674
477 128 53 192
477 33 15 196
477 133 43 700
477 136 3 678
477 76 19 621
477 109 47 452
477 44 9 465
477 146 31 39
477 56 37 536
477 153 39 158
477 187 21 104
477 95 28 743
478 192 13 155
478 193 45 13
478 101 49 636
478 102 33 167
478 122 19 103
478 71 57 109
478 78 16 727
478 46 39 688
478 51 41 39
478 26 3 744
478 93 7 101
478 94 27 606
479 71 7 183
479 136 27 167
479 79 45 132
479 48 16 150
479 124 59 599
479 178 33 630
479 112 47 608
479 52 51 716
479 118 1 689
479 119 21 730
479 60 37 293
479 159 13 117
480 193 37 432
480 161 43 725
480 131 21 195
480 68 28 227
480 164 16 675
480 75 10 590
480 50 51 409
480 85 57 457
480 149 47 252
480 24 33 699
480 120 3 559
481 193 51 275
481 164 55 675
481 5 16 671
481 165 37 709
481 9 1 661
481 149 45 707
481 86 7 46
481 119 49 597
481 90 25 534
481 187 21 266
481 188 33 721
481 158 13 197
482 32 9 260
482 192 46 336
482 98 3 468
482 42 21 521
482 170 31 728
482 109 19 181
482 47 52 123
482 176 34 109
482 52 27 177
482 58 58 245
482 92 15 390
483 34 15 358
483 164 49 675
483 198 45 749
483 72 59 275
483 15 3 729
483 80 9 498
483 176 52 254
483 111 21 236
483 19 27 706
483 51 5 696
483 184 39 716
483 26 33 744
484 65 13 586
484 66 33 585
484 3 7 415
484 5 58 66
484 167 19 505
484 105 43 100
484 138 55 278
484 116 1 708
484 181 49 91
484 54 52 602
484 123 27 749
484 159 16 676
485 131 13 68
485 102 9 448
485 42 25 695
485 77 55 538
485 18 1 144
485 114 34 704
485 86 27 304
485 62 39 108
485 94 51 207
485 123 21 749
485 190 45 608
486 35 13 463
486 90 45 476
486 103 7 452
486 105 10 224
486 28 27 727
486 174 51 730
486 111 39 391
486 18 21 144
486 57 58 636
486 122 33 557
486 188 3 721
486 189 5 110
487 194 31 418
487 69 35 719
487 43 55 549
487 172 9 138
487 13 43 503
487 145 27 565
487 177 51 528
487 25 19 377
487 90 33 748
487 159 22 667
488 193 21 196
488 99 49 148
488 68 52 149
488 200 27 405
488 9 33 449
488 74 43 176
488 79 15 471
488 144 57 643
488 145 1 565
488 17 9 514
488 31 29 486
489 130 49 371
489 198 39 749
489 173 52 135
489 47 19 115
489 112 33 565
489 177 57 328
489 18 43 144
489 178 25 485
489 180 16 302
489 119 55 244
489 91 27 125
489 191 7 422
490 165 51 15
490 9 19 277
490 105 25 471
490 10 1 170
490 76 45 621
490 109 9 730
490 110 15 669
490 15 33 729
490 112 59 315
490 139 57 680
490 114 28 599
490 187 39 104
491 134 19 682
491 70 57 169
491 14 39 11
491 178 53 485
491 146 49 61
491 20 51 321
491 87 59 131
491 24 9 699
491 153 3 588
491 122 13 557
491 156 27 56
491 152 33 657
492 98 1 489
492 131 39 195
492 36 43 269
492 168 27 660
492 138 46 186
492 10 19 526
492 76 15 621
492 142 33 361
492 149 51 707
492 119 9 369
492 90 59 274
492 94 55 150
493 66 21 722
493 102 9 290
493 166 49 349
493 8 25 99
493 104 4 497
493 106 59 330
493 39 55 378
493 17 7 514
493 51 57 573
493 115 31 372
493 86 51 114
493 156 45 313
494 130 37 296
494 38 15 551
494 8 19 525
494 105 1 324
494 139 47 680
494 140 51 738
494 112 27 171
494 83 45 739
494 116 57 226
494 54 34 516
494 152 9 577
494 27 40 86
495 65 31 69
495 129 3 348
495 185 57 735
495 5 10 66
495 70 25 57
495 138 22 282
495 110 51 669
495 46 33 688
495 16 45 724
495 52 39 262
495 56 13 536
495 24 27 574
496 128 27 230
496 100 9 654
496 137 49 240
496 106 59 590
496 107 29 58
496 77 43 538
496 178 3 630
496 55 15 327
496 183 21 680
496 124 1 243
496 125 31 323
496 126 37 252
497 66 51 150
497 5 19 671
497 134 37 199
497 104 22 92
497 169 43 103
497 74 55 59
497 12 25 77
497 81 31 395
497 182 7 679
497 88 59 428
497 57 46 306
497 95 28 586
498 160 51 693
498 128 35 164
498 164 43 218
498 198 23 269
498 40 27 736
498 74 19 59
498 110 3 546
498 115 9 298
498 147 40 157
498 123 33 749
498 94 15 430
498 191 57 304
499 65 25 69
499 66 49 487
499 100 39 416
499 104 34 448
499 200 3 405
499 40 57 736
499 75 22 33
499 43 9 231
499 53 28 330
499 54 31 623
499 118 45 623
499 184 15 716
500 132 52 436
500 70 39 169
500 141 28 642
500 115 3 231
500 147 49 73
500 117 21 747
500 116 33 412
500 55 11 327
500 22 15 116
500 57 46 636
500 123 57 749
Trạng thái: OPTIMUM
Điểm tối ưu: 5890
Thời gian: 620.9605 giây
