553
1 4 23 30
1 6 16 43
1 9 1 51
1 11 45 2
1 13 19 43
1 14 33 56
1 15 31 69
1 16 21 2
1 17 27 27
1 19 4 12
1 20 59 54
2 3 16 54
2 4 1 39
2 7 43 17
2 9 46 70
2 10 33 49
2 13 41 23
2 14 9 15
2 15 5 69
2 16 21 3
2 17 49 27
2 18 23 71
2 20 27 16
3 2 52 33
3 3 49 61
3 4 17 30
3 5 19 34
3 6 1 43
3 9 31 70
3 10 55 20
3 11 39 36
3 14 27 18
3 18 25 42
4 2 1 19
4 4 31 30
4 6 43 74
4 9 10 51
4 11 37 46
4 13 33 3
4 14 57 15
4 16 5 66
4 18 49 42
4 19 25 48
5 2 52 19
5 3 28 61
5 4 5 30
5 6 46 74
5 7 35 50
5 9 7 70
5 10 31 20
5 13 39 3
5 16 15 66
5 18 13 42
5 19 22 12
6 3 19 61
6 4 37 30
6 5 13 34
6 6 1 74
6 7 29 17
6 9 16 70
6 11 55 36
6 13 51 3
6 15 49 69
6 19 40 48
7 4 29 30
7 7 51 50
7 9 43 51
7 10 13 73
7 11 19 46
7 13 55 43
7 14 1 15
7 16 39 2
7 17 31 27
7 20 27 31
8 2 10 33
8 3 13 61
8 4 19 30
8 5 1 54
8 12 51 69
8 14 27 56
8 16 31 2
8 17 55 11
8 18 43 42
8 19 40 12
8 20 45 14
9 2 16 19
9 3 58 61
9 4 51 30
9 6 40 74
9 7 3 50
9 9 13 70
9 11 25 36
9 14 9 56
9 19 31 7
9 20 21 31
10 4 59 30
10 5 53 34
10 6 22 74
10 7 27 50
10 10 7 73
10 11 49 36
10 13 15 23
10 14 37 18
10 16 19 2
10 18 11 71
11 2 22 19
11 5 11 34
11 6 37 43
11 7 59 50
11 9 28 70
11 10 1 73
11 13 33 23
11 15 55 69
11 18 47 42
11 20 9 14
12 2 58 33
12 4 11 39
12 5 53 54
12 10 1 49
12 13 19 23
12 15 23 69
12 16 49 3
12 17 13 11
12 18 7 71
12 20 45 16
13 2 1 33
13 4 55 30
13 5 43 54
13 9 22 70
13 10 25 20
13 12 31 55
13 13 53 23
13 14 37 56
13 17 13 27
13 19 19 1
13 20 9 16
14 2 25 54
14 4 1 30
14 6 58 43
14 7 3 17
14 9 10 70
14 10 15 20
14 12 19 55
14 13 29 3
14 16 49 17
14 19 40 1
14 20 33 14
15 3 10 61
15 5 25 34
15 6 31 43
15 9 34 51
15 14 19 18
15 15 23 67
15 16 13 3
15 18 59 71
15 19 52 48
15 20 57 16
16 5 11 54
16 7 29 50
16 9 19 70
16 10 57 73
16 11 33 46
16 12 1 69
16 14 15 15
16 16 43 66
16 18 55 71
16 19 22 7
17 2 49 19
17 3 34 54
17 6 37 74
17 9 52 51
17 11 7 2
17 12 27 69
17 13 11 3
17 14 45 56
17 15 19 15
17 18 31 71
17 19 13 48
17 20 59 58
18 3 46 61
18 5 27 34
18 6 55 74
18 9 58 70
18 11 9 46
18 13 21 23
18 14 31 18
18 15 39 67
18 16 17 2
18 18 37 71
19 3 31 61
19 4 7 39
19 7 19 50
19 10 21 73
19 11 25 2
19 13 17 23
19 14 13 56
19 15 55 15
19 17 37 27
19 18 5 71
19 19 34 7
20 2 37 33
20 5 57 34
20 6 10 43
20 7 21 50
20 8 25 26
20 9 52 70
20 13 15 3
20 15 7 15
20 18 35 71
20 19 43 7
20 20 3 14
21 2 55 19
21 4 25 39
21 5 47 34
21 10 43 49
21 11 49 46
21 12 39 55
21 13 9 3
21 15 17 67
21 16 15 17
21 17 19 27
21 18 37 42
22 3 22 61
22 4 49 30
22 5 33 34
22 7 57 17
22 8 1 26
22 9 16 51
22 10 7 20
22 14 43 15
22 15 55 67
22 18 53 71
22 19 13 7
22 20 27 14
23 2 34 19
23 5 21 34
23 7 1 50
23 8 7 26
23 10 37 73
23 11 25 46
23 12 15 69
23 16 3 2
23 18 29 42
23 19 31 48
23 20 57 14
24 2 7 33
24 3 55 61
24 4 49 39
24 6 31 74
24 8 13 21
24 11 51 66
24 12 1 55
24 14 37 15
24 18 29 71
24 19 10 7
24 20 45 31
25 2 19 19
25 3 28 54
25 4 23 39
25 6 34 43
25 7 25 17
25 8 37 26
25 12 49 55
25 13 59 3
25 16 31 66
25 18 7 42
25 19 55 12
26 4 29 39
26 6 25 43
26 7 33 50
26 8 43 21
26 10 21 20
26 11 1 66
26 12 57 55
26 13 9 23
26 15 37 67
26 16 41 2
26 18 13 71
27 2 28 19
27 4 35 39
27 7 39 17
27 8 9 21
27 10 43 20
27 11 15 46
27 12 57 69
27 16 41 3
27 17 51 11
27 18 5 42
27 19 31 1
27 20 21 16
28 3 40 54
28 4 35 30
28 6 49 74
28 8 1 21
28 9 55 70
28 13 29 23
28 15 59 67
28 16 27 17
28 18 11 42
28 19 37 12
28 20 21 14
29 3 22 54
29 4 19 39
29 5 13 54
29 6 7 43
29 8 57 21
29 9 25 51
29 10 37 49
29 11 33 66
29 13 47 43
29 14 1 56
29 17 43 27
30 2 49 33
30 4 53 30
30 5 47 54
30 6 28 74
30 7 9 50
30 10 21 49
30 11 1 36
30 14 37 69
30 15 33 67
30 16 57 2
30 18 55 42
31 5 31 54
31 6 34 74
31 8 15 26
31 9 37 51
31 10 3 20
31 11 25 66
31 13 43 3
31 15 13 67
31 18 41 42
31 20 51 58
32 3 4 61
32 4 41 39
32 5 9 34
32 6 13 74
32 7 11 17
32 8 51 21
32 14 45 18
32 15 1 67
32 16 27 3
32 18 43 71
32 20 33 58
33 2 10 19
33 3 7 54
33 4 15 30
33 5 1 34
33 6 58 74
33 9 34 70
33 10 51 49
33 12 43 55
33 13 49 23
33 14 3 18
33 17 27 11
33 20 21 58
34 2 25 19
34 4 13 39
34 6 16 74
34 7 5 17
34 8 19 26
34 11 55 66
34 13 45 23
34 14 51 56
34 15 29 15
34 17 31 11
34 18 1 71
34 19 7 48
35 2 40 33
35 5 55 54
35 6 4 74
35 7 1 17
35 9 13 51
35 11 31 36
35 12 27 55
35 13 21 43
35 14 51 18
35 18 17 42
35 19 10 12
35 20 23 58
36 2 46 19
36 3 40 61
36 6 52 74
36 9 49 51
36 11 33 2
36 12 7 69
36 13 5 3
36 14 15 18
36 15 13 15
36 18 29 51
36 19 58 48
36 20 43 16
37 2 28 33
37 5 39 34
37 6 10 74
37 7 15 50
37 8 45 26
37 10 55 49
37 11 1 46
37 13 25 3
37 14 49 15
37 15 53 67
37 18 19 42
37 19 7 7
38 2 34 33
38 4 11 30
38 5 17 34
38 6 13 43
38 8 51 26
38 10 7 49
38 11 43 36
38 14 57 56
38 15 19 67
38 17 21 11
38 20 3 31
39 3 34 61
39 4 7 30
39 7 49 54
39 8 57 26
39 9 22 51
39 10 27 49
39 11 13 36
39 12 45 69
39 14 9 18
39 15 53 15
39 17 1 27
39 19 40 7
40 3 43 61
40 4 53 39
40 5 31 34
40 6 19 74
40 7 57 50
40 9 49 70
40 10 33 73
40 13 41 43
40 15 9 67
40 17 1 11
40 20 15 58
41 4 43 39
41 5 37 34
41 9 40 70
41 11 49 2
41 14 21 56
41 15 27 67
41 16 47 17
41 17 7 27
41 18 53 42
41 20 33 31
42 2 40 19
42 3 16 61
42 4 59 39
42 5 51 54
42 6 4 43
42 8 21 21
42 9 25 70
42 10 45 73
42 11 55 46
42 13 13 23
42 16 49 66
42 18 11 49
43 2 13 19
43 4 25 30
43 5 29 34
43 6 43 43
43 10 51 73
43 11 9 66
43 15 21 67
43 16 33 17
43 18 19 71
43 19 46 12
43 20 39 58
44 2 31 19
44 4 17 39
44 5 35 34
44 6 52 43
44 7 21 17
44 8 39 21
44 10 27 73
44 11 45 46
44 12 13 55
44 13 1 23
44 17 7 11
44 19 49 7
45 2 31 33
45 3 7 61
45 4 55 39
45 7 39 50
45 11 19 66
45 13 59 23
45 14 25 15
45 15 15 67
45 16 57 3
45 17 45 11
45 18 5 50
45 19 10 1
46 2 13 33
46 3 52 61
46 4 37 39
46 5 3 54
46 6 49 34
46 8 27 21
46 10 39 20
46 11 21 36
46 14 33 15
46 15 11 69
46 17 55 27
46 20 9 31
47 2 25 33
47 3 37 61
47 5 45 54
47 8 33 21
47 9 19 51
47 10 51 20
47 13 47 3
47 15 57 67
47 16 55 3
47 18 49 71
47 19 22 1
48 2 16 33
48 3 25 61
48 5 3 34
48 6 49 43
48 7 37 21
48 9 43 70
48 11 7 36
48 12 19 69
48 14 33 69
48 15 31 67
48 16 59 66
48 17 39 11
49 2 58 19
49 3 1 61
49 4 47 39
49 5 55 34
49 7 45 50
49 8 31 26
49 11 37 66
49 14 21 15
49 15 13 69
49 19 7 1
49 20 15 31
50 2 4 33
50 5 19 54
50 6 28 43
50 9 46 51
50 10 13 49
50 12 7 55
50 13 35 3
50 14 57 18
50 15 41 69
50 16 37 17
50 18 17 50
50 20 31 14
Trạng thái: OPTIMUM
Điểm tối ưu: 553
Thời gian: 1.6931 giây
