6000
1 131 15 54
1 132 37 191
1 105 27 545
1 170 58 265
1 42 43 74
1 172 23 181
1 141 49 455
1 111 55 464
1 178 5 17
1 23 33 4
1 57 9 679
1 28 41 174
2 2 27 166
2 135 10 50
2 9 15 30
2 106 51 452
2 43 35 409
2 13 49 334
2 47 7 346
2 17 13 167
2 81 57 367
2 150 17 608
2 157 4 115
2 190 45 330
3 162 39 163
3 102 4 84
3 104 46 710
3 13 13 31
3 15 41 161
3 81 7 535
3 63 33 169
3 177 22 698
3 56 15 713
3 185 57 690
3 125 51 439
3 127 27 568
4 65 25 536
4 195 15 125
4 43 1 64
4 108 49 498
4 16 7 352
4 82 31 29
4 147 37 133
4 51 57 54
4 85 21 128
4 60 5 690
4 61 52 483
4 127 45 449
5 167 7 634
5 40 51 176
5 105 39 74
5 170 34 129
5 13 43 231
5 78 15 79
5 110 46 398
5 82 1 9
5 51 21 54
5 88 19 713
5 26 57 417
5 191 31 137
6 32 25 11
6 160 49 109
6 159 57 514
6 135 10 98
6 110 16 675
6 145 13 500
6 146 33 727
6 19 31 614
6 51 37 691
6 85 39 651
6 93 27 525
6 63 7 506
7 33 33 315
7 66 9 119
7 38 3 146
7 138 39 440
7 11 23 305
7 77 21 45
7 110 55 201
7 45 31 136
7 144 28 722
7 87 52 428
7 151 1 696
7 188 13 561
8 64 55 131
8 68 16 686
8 105 33 74
8 28 21 264
8 110 13 398
8 173 10 138
8 17 19 44
8 18 51 234
8 116 37 375
8 183 45 350
8 88 39 405
8 92 25 258
9 68 37 201
9 101 55 504
9 38 27 28
9 167 45 738
9 105 51 74
9 49 3 456
9 17 21 371
9 183 43 17
9 185 13 268
9 58 10 556
9 27 7 605
9 94 34 259
10 130 15 685
10 162 31 154
10 34 22 25
10 195 9 463
10 200 1 488
10 169 25 553
10 168 43 479
10 8 7 35
10 78 39 120
10 21 55 351
10 25 3 180
10 188 51 604
11 32 43 11
11 64 57 56
11 2 19 610
11 163 16 298
11 36 7 57
11 131 33 54
11 6 51 35
11 40 37 654
11 43 47 447
11 16 40 435
11 18 31 380
11 55 5 354
12 64 55 207
12 4 31 658
12 37 37 221
12 134 22 273
12 73 41 394
12 16 13 225
12 84 4 90
12 53 7 172
12 180 45 48
12 86 16 508
12 188 27 466
12 61 19 360
13 129 9 464
13 136 1 115
13 74 15 539
13 108 4 18
13 109 11 378
13 112 43 605
13 113 28 376
13 182 31 224
13 122 51 592
13 91 40 512
13 30 19 2
13 127 55 198
14 128 25 56
14 97 55 681
14 161 31 454
14 163 22 223
14 100 43 281
14 165 37 543
14 170 19 276
14 148 1 111
14 119 7 358
14 27 49 68
14 29 16 395
14 30 57 596
15 71 31 463
15 200 21 96
15 103 1 426
15 167 55 612
15 77 53 535
15 179 13 458
15 115 37 497
15 21 45 351
15 118 10 91
15 19 25 6
15 120 27 630
15 25 49 224
16 162 21 26
16 195 43 279
16 69 31 687
16 166 15 32
16 8 9 265
16 13 41 494
16 175 25 620
16 144 4 162
16 146 27 150
16 83 51 474
16 84 58 569
16 149 13 486
17 132 13 311
17 69 37 70
17 102 7 332
17 170 31 402
17 141 34 514
17 49 25 664
17 84 19 521
17 152 49 86
17 25 43 346
17 56 57 649
17 29 22 678
17 184 27 575
18 128 1 38
18 164 49 375
18 101 57 451
18 199 55 17
18 135 43 705
18 144 7 151
18 49 33 65
18 19 35 317
18 118 19 325
18 151 15 626
18 184 39 557
18 150 41 62
19 160 31 522
19 192 21 139
19 167 43 687
19 73 5 496
19 173 1 659
19 48 51 160
19 22 37 667
19 95 40 397
19 150 7 637
19 125 57 658
19 30 9 2
19 127 27 238
20 193 19 740
20 97 7 174
20 195 15 68
20 39 37 614
20 200 35 547
20 137 43 376
20 72 31 693
20 144 58 162
20 149 27 458
20 89 4 185
20 58 55 224
20 91 52 172
21 174 43 63
21 15 5 566
21 61 52 515
21 93 9 148
21 84 58 523
21 151 27 693
21 184 31 11
21 25 33 383
21 156 41 675
21 29 13 29
21 30 21 596
21 63 39 719
22 193 31 250
22 2 37 560
22 67 7 173
22 5 57 316
22 14 35 121
22 48 21 160
22 149 51 647
22 184 5 645
22 26 13 9
22 155 25 392
22 29 1 686
22 158 47 152
23 32 23 445
23 98 57 16
23 4 9 491
23 102 13 120
23 168 27 439
23 173 52 475
23 16 4 69
23 115 33 76
23 147 45 23
23 21 19 211
23 93 39 148
23 95 16 647
24 64 51 180
24 161 21 408
24 162 9 495
24 72 37 243
24 12 43 413
24 15 1 562
24 143 47 300
24 113 4 744
24 150 11 476
24 56 33 40
24 91 58 353
24 60 15 749
25 161 3 27
25 35 19 92
25 100 7 281
25 69 52 202
25 166 39 32
25 45 45 420
25 18 27 401
25 114 31 429
25 86 58 654
25 90 15 339
25 92 49 169
25 189 55 328
26 131 51 54
26 132 57 711
26 71 7 209
26 190 19 644
26 78 27 436
26 92 31 161
26 48 49 704
26 179 37 229
26 84 13 523
26 158 3 610
26 124 34 96
26 62 47 310
27 131 31 584
27 164 46 375
27 100 28 492
27 70 1 63
27 99 57 314
27 177 49 253
27 23 21 4
27 151 5 339
27 152 34 513
27 123 10 605
27 189 37 738
27 190 13 705
28 32 17 445
28 162 49 26
28 67 19 258
28 196 31 123
28 132 57 435
28 70 1 66
28 7 37 486
28 13 23 31
28 173 10 359
28 112 5 750
28 20 13 177
28 22 7 102
29 32 1 535
29 33 39 48
29 99 25 315
29 37 49 210
29 101 57 543
29 80 22 492
29 17 43 44
29 181 15 616
29 152 4 344
29 56 9 532
29 92 31 201
29 63 17 52
30 32 37 367
30 164 10 425
30 6 25 606
30 136 55 610
30 137 45 326
30 43 15 114
30 11 29 11
30 141 22 606
30 123 4 278
30 79 39 553
30 154 57 503
30 59 33 53
31 130 55 405
31 100 46 392
31 4 1 179
31 168 33 745
31 8 21 265
31 104 25 612
31 147 49 715
31 117 15 131
31 22 9 510
31 28 13 286
31 61 28 483
31 31 37 362
32 32 21 452
32 161 27 742
32 132 57 431
32 8 29 552
32 14 41 450
32 21 15 186
32 118 1 91
32 24 52 444
32 122 43 403
32 120 37 582
32 62 13 310
32 63 23 134
33 191 55 29
33 66 19 550
33 101 57 310
33 140 25 382
33 173 1 629
33 46 47 750
33 145 13 215
33 84 10 523
33 56 29 40
33 127 39 51
33 95 52 78
33 159 33 696
34 33 9 200
34 5 19 152
34 69 1 663
34 165 28 546
34 168 57 427
34 92 52 618
34 176 41 14
34 17 17 44
34 118 31 213
34 119 13 102
34 124 43 224
34 159 37 534
35 3 52 690
35 133 7 402
35 199 15 74
35 73 33 355
35 47 10 38
35 176 27 49
35 49 43 709
35 82 37 491
35 50 45 312
35 183 19 721
35 28 57 465
35 93 21 383
36 97 51 579
36 90 1 339
36 166 7 225
36 71 28 141
36 168 19 665
36 139 47 194
36 140 33 142
36 83 39 34
36 22 43 594
36 120 15 180
36 122 57 157
36 159 3 522
37 97 23 736
37 131 19 215
37 36 46 57
37 165 43 599
37 7 31 501
37 167 51 213
37 137 57 691
37 172 9 363
37 177 1 602
37 53 55 291
37 152 4 534
37 59 15 196
38 3 4 742
38 166 21 32
38 102 37 83
38 105 27 74
38 76 1 267
38 16 16 225
38 17 9 167
38 83 33 529
38 117 55 1
38 55 41 155
38 92 52 150
38 61 46 483
39 64 7 56
39 67 25 173
39 4 13 658
39 132 39 333
39 168 57 625
39 104 49 612
39 140 3 155
39 109 55 378
39 77 33 45
39 16 19 192
39 122 43 36
39 94 22 24
40 130 19 159
40 196 51 426
40 39 3 279
40 7 28 132
40 73 31 606
40 10 33 738
40 175 7 407
40 112 55 572
40 184 11 718
40 125 57 75
40 126 43 653
40 63 13 515
41 192 45 139
41 3 40 240
41 99 25 680
41 44 29 484
41 141 55 86
41 20 1 177
41 116 35 396
41 52 10 108
41 183 59 188
41 151 7 626
41 26 5 72
41 123 19 580
42 65 21 536
42 162 19 739
42 99 51 67
42 68 43 88
42 164 28 375
42 41 34 415
42 79 9 693
42 48 11 277
42 16 25 429
42 80 4 141
42 148 40 132
42 127 57 84
43 161 15 711
43 97 39 130
43 3 28 216
43 164 25 674
43 36 34 246
43 199 57 509
43 136 31 594
43 138 3 746
43 147 49 228
43 157 10 115
43 27 22 482
43 61 19 483
44 40 21 600
44 138 57 319
44 107 49 533
44 13 31 574
44 144 10 162
44 49 19 500
44 86 52 654
44 152 7 629
44 89 16 162
44 154 45 503
44 187 35 604
44 190 27 456
45 97 41 736
45 2 21 447
45 99 25 211
45 162 35 26
45 37 45 440
45 101 15 337
45 48 1 160
45 53 31 9
45 62 19 251
45 24 4 282
45 122 51 303
45 126 10 93
46 128 22 38
46 100 43 391
46 7 7 515
46 167 15 622
46 73 25 59
46 171 52 601
46 50 3 312
46 116 35 203
46 189 49 282
46 27 58 482
46 125 39 643
46 94 19 29
47 64 43 331
47 194 1 729
47 163 28 223
47 100 10 580
47 196 57 735
47 2 37 624
47 4 49 15
47 138 21 289
47 48 3 160
47 180 25 693
47 189 31 282
47 29 34 521
48 32 1 692
48 2 57 518
48 99 51 613
48 133 10 583
48 76 7 551
48 16 25 557
48 82 13 105
48 118 19 458
48 24 31 236
48 123 43 733
48 29 46 578
48 126 4 367
49 193 33 390
49 98 41 684
49 197 15 368
49 8 9 562
49 106 27 135
49 141 37 456
49 17 23 44
49 115 51 478
49 83 45 254
49 157 19 749
49 27 1 98
49 93 57 148
50 162 35 724
50 35 49 178
50 68 7 465
50 34 22 165
50 9 41 30
50 170 10 174
50 174 25 145
50 17 5 470
50 150 55 637
50 23 57 4
50 25 45 257
50 126 31 487
51 64 45 56
51 33 31 44
51 133 13 630
51 140 57 609
51 187 55 476
51 46 35 723
51 144 19 565
51 16 28 414
51 117 1 377
51 57 7 434
51 91 16 712
51 191 51 436
52 98 15 16
52 43 35 227
52 47 55 38
52 176 13 14
52 113 22 376
52 181 1 474
52 24 28 569
52 25 49 471
52 59 7 283
52 93 45 148
52 126 25 483
52 127 3 4
53 160 49 6
53 101 33 388
53 102 16 654
53 72 57 29
53 104 22 612
53 174 10 692
53 14 1 516
53 112 39 306
53 20 25 177
53 87 7 5
53 120 3 480
53 61 43 483
54 5 51 114
54 122 43 518
54 40 33 631
54 12 39 550
54 144 19 668
54 51 11 399
54 56 49 40
54 153 13 370
54 90 31 716
54 124 1 613
54 190 27 348
54 159 57 145
55 71 1 670
55 104 7 20
55 103 16 461
55 12 49 162
55 45 11 11
55 46 45 218
55 78 31 216
55 51 25 524
55 52 13 259
55 26 57 269
55 60 21 271
55 93 43 200
56 69 10 525
56 133 7 300
56 200 21 511
56 11 3 472
56 146 15 361
56 19 51 187
56 180 57 48
56 20 25 246
56 183 1 693
56 56 23 40
56 190 37 248
56 191 33 714
57 96 9 357
57 32 21 167
57 36 1 730
57 68 25 687
57 197 39 368
57 72 45 155
57 137 57 363
57 83 53 276
57 84 16 135
57 152 13 324
57 61 34 483
57 63 41 429
58 64 9 40
58 160 19 6
58 6 51 133
58 7 31 458
58 27 43 482
58 73 35 355
58 77 15 45
58 111 4 172
58 48 7 277
58 177 28 230
58 185 57 674
58 123 1 697
59 36 49 57
59 68 25 88
59 166 33 32
59 104 55 20
59 8 1 564
59 72 3 693
59 175 7 697
59 83 9 34
59 88 11 274
59 59 13 551
59 188 19 561
59 62 45 251
60 97 9 736
60 130 3 569
60 67 13 309
60 133 43 696
60 104 28 710
60 144 22 565
60 119 49 411
60 148 46 132
60 87 52 136
60 151 39 693
60 122 57 604
60 159 33 735
61 192 15 139
61 66 51 547
61 70 4 63
61 198 43 332
61 43 1 341
61 139 27 228
61 177 55 297
61 53 41 9
61 181 19 714
61 117 33 666
61 57 21 679
61 60 49 164
62 35 43 47
62 140 19 616
62 15 35 733
62 156 7 244
62 49 3 65
62 179 13 543
62 177 28 592
62 149 1 207
62 21 37 256
62 55 31 7
62 188 49 510
62 62 57 251
63 165 25 500
63 106 9 635
63 107 46 533
63 176 7 14
63 49 51 326
63 179 13 444
63 117 57 289
63 57 39 679
63 59 19 296
63 156 33 584
63 95 1 335
63 191 23 132
64 98 45 16
64 3 55 565
64 105 43 509
64 137 39 204
64 44 23 656
64 141 16 595
64 14 9 558
64 110 13 150
64 145 34 215
64 179 19 637
64 28 1 676
64 157 4 316
65 64 37 563
65 161 45 27
65 67 33 173
65 35 13 679
65 165 22 599
65 197 9 368
65 76 19 41
65 172 27 270
65 48 57 160
65 151 47 54
65 61 49 483
65 190 3 210
66 159 55 23
66 65 1 724
66 132 39 421
66 103 28 58
66 200 21 232
66 41 49 277
66 11 35 631
66 50 15 312
66 82 52 423
66 89 7 49
66 29 46 739
66 95 10 78
67 160 55 247
67 192 1 376
67 98 25 55
67 102 19 84
67 7 4 458
67 171 13 601
67 12 51 558
67 13 9 240
67 144 28 668
67 183 45 84
67 60 39 420
67 31 34 425
68 160 49 522
68 102 16 55
68 198 5 333
68 7 34 642
68 103 31 189
68 170 19 489
68 166 27 32
68 46 29 522
68 14 57 59
68 112 55 459
68 144 13 162
68 49 45 65
69 163 28 298
69 198 31 99
69 44 5 143
69 12 49 697
69 78 45 336
69 20 34 177
69 53 9 222
69 148 25 132
69 25 15 450
69 58 19 240
69 188 1 241
69 190 57 47
70 192 57 139
70 161 27 27
70 131 41 54
70 132 33 670
70 138 1 615
70 107 22 533
70 19 45 660
70 180 15 48
70 181 9 413
70 84 49 523
70 186 19 509
70 188 37 233
71 64 55 40
71 36 7 475
71 101 33 301
71 134 19 22
71 168 51 28
71 105 25 74
71 111 46 66
71 148 10 462
71 54 1 197
71 153 13 497
71 28 29 711
71 159 37 541
72 192 27 139
72 161 53 53
72 98 9 16
72 196 11 365
72 102 4 384
72 14 7 647
72 16 13 696
72 51 29 525
72 20 49 177
72 21 43 180
72 120 55 180
72 154 33 503
73 5 33 556
73 167 57 703
73 40 31 359
73 11 23 11
73 43 21 688
73 108 40 276
73 46 27 128
73 178 49 550
73 51 15 160
73 147 51 420
73 52 1 580
73 148 37 462
74 160 9 680
74 35 57 689
74 199 1 433
74 71 49 741
74 9 21 30
74 139 45 153
74 107 31 533
74 83 25 266
74 181 47 69
74 60 15 649
74 29 4 640
74 94 52 29
75 33 15 350
75 198 37 12
75 39 33 614
75 11 31 163
75 48 45 160
75 112 7 84
75 114 1 359
75 115 39 478
75 55 13 677
75 153 27 50
75 28 51 652
75 127 57 566
76 36 34 144
76 4 15 687
76 71 40 209
76 106 49 296
76 12 7 593
76 142 43 37
76 145 37 584
76 178 1 170
76 120 19 630
76 185 3 205
76 188 57 454
76 57 27 147
77 128 4 38
77 97 11 541
77 2 15 158
77 132 49 333
77 103 22 426
77 106 57 605
77 76 7 677
77 112 55 723
77 23 27 4
77 55 45 580
77 119 31 22
77 157 19 519
78 194 45 676
78 133 22 350
78 37 13 451
78 169 9 615
78 74 51 60
78 172 1 383
78 47 19 38
78 149 57 715
78 21 33 351
78 87 37 428
78 187 29 619
78 127 3 528
79 2 39 459
79 163 13 298
79 196 45 385
79 34 34 420
79 134 22 22
79 135 55 154
79 139 9 496
79 172 27 617
79 14 1 511
79 86 52 508
79 88 31 197
79 89 19 15
80 96 41 553
80 192 39 139
80 163 31 223
80 67 25 309
80 168 51 484
80 9 49 30
80 144 34 668
80 17 59 167
80 112 5 720
80 179 22 438
80 83 57 244
80 23 45 4
81 65 37 46
81 163 49 298
81 164 10 375
81 102 46 552
81 135 34 271
81 104 43 612
81 136 25 594
81 142 57 12
81 18 27 215
81 179 13 229
81 57 19 295
81 123 4 669
82 2 37 531
82 37 55 227
82 200 9 568
82 105 51 499
82 59 27 283
82 75 13 35
82 72 43 308
82 17 21 201
82 149 1 647
82 155 3 215
82 93 33 148
82 159 15 63
83 163 55 298
83 196 15 583
83 100 19 744
83 69 25 663
83 199 7 17
83 75 37 240
83 60 41 692
83 181 53 600
83 183 23 17
83 152 1 604
83 28 11 432
83 157 49 141
84 162 1 441
84 40 15 176
84 111 43 165
84 176 17 204
84 117 9 639
84 85 31 307
84 30 57 716
84 150 3 726
84 181 13 413
84 59 51 268
84 93 35 148
84 190 25 138
85 98 39 16
85 70 34 22
85 170 1 26
85 45 51 107
85 143 37 57
85 92 28 517
85 117 15 666
85 53 41 69
85 152 25 629
85 91 7 550
85 120 43 480
85 125 57 172
86 130 19 658
86 133 55 413
86 37 45 221
86 71 7 566
86 168 15 472
86 139 33 294
86 146 49 742
86 82 58 292
86 121 3 447
86 158 1 621
86 190 25 214
86 127 37 341
87 161 11 27
87 165 34 736
87 102 7 725
87 7 37 111
87 69 49 106
87 144 22 668
87 84 55 523
87 182 25 537
87 55 29 618
87 24 19 498
87 60 31 114
87 127 1 363
88 4 31 15
88 200 27 427
88 41 22 155
88 170 4 101
88 144 1 668
88 178 15 594
88 22 35 537
88 152 40 580
88 59 7 405
88 156 17 212
88 125 45 567
88 95 49 78
89 32 43 445
89 65 25 686
89 162 1 467
89 33 51 225
89 15 45 505
89 80 37 172
89 113 7 556
89 51 33 329
89 115 57 670
89 53 13 419
89 56 3 240
89 62 15 310
90 128 1 590
90 130 21 532
90 196 41 385
90 155 37 392
90 14 35 196
90 50 55 312
90 83 11 92
90 148 31 462
90 52 7 395
90 57 49 188
90 187 59 387
90 95 28 596
91 96 1 357
91 97 9 673
91 2 49 649
91 36 31 246
91 134 13 712
91 104 43 710
91 105 41 545
91 138 25 273
91 153 55 467
91 154 19 503
91 127 37 363
91 63 11 576
92 98 9 335
92 68 28 480
92 199 45 55
92 8 51 670
92 169 15 459
92 140 33 484
92 14 31 94
92 145 22 676
92 119 25 503
92 184 47 11
92 57 55 188
92 59 39 53
93 2 57 459
93 164 34 474
93 199 25 17
93 104 52 20
93 7 37 695
93 106 21 425
93 14 1 402
93 16 16 696
93 115 9 683
93 84 46 523
93 150 19 145
93 124 4 39
94 128 10 255
94 100 34 454
94 7 22 39
94 73 15 710
94 139 57 602
94 155 49 215
94 77 37 121
94 45 59 429
94 183 41 193
94 185 25 285
94 187 7 355
94 31 43 608
95 194 21 75
95 99 57 120
95 6 49 90
95 75 37 663
95 45 39 429
95 149 11 455
95 157 7 264
95 119 43 22
95 184 19 11
95 58 1 150
95 29 46 626
95 63 5 379
96 34 22 135
96 41 40 510
96 139 1 394
96 12 15 303
96 77 5 535
96 44 13 23
96 13 9 485
96 115 57 277
96 118 25 485
96 88 19 328
96 92 28 378
96 158 53 438
97 198 25 12
97 104 4 612
97 109 27 278
97 92 7 499
97 15 1 85
97 17 43 53
97 82 10 423
97 125 39 567
97 26 21 63
97 188 15 110
97 93 45 525
97 94 52 394
98 98 19 16
98 26 43 9
98 171 22 660
98 107 37 533
98 110 13 471
98 80 52 641
98 146 57 397
98 21 27 678
98 58 34 178
98 91 4 66
98 124 46 497
98 189 10 282
99 194 1 427
99 163 25 298
99 68 16 201
99 102 7 406
99 77 45 176
99 111 10 329
99 16 22 696
99 79 39 157
99 21 33 302
99 24 19 582
99 90 51 330
99 190 57 334
100 35 27 123
100 197 33 368
100 102 52 283
100 135 37 22
100 74 57 412
100 43 9 595
100 109 1 397
100 174 43 533
100 48 23 514
100 86 49 508
100 151 25 113
100 56 13 186
101 97 19 130
101 66 39 645
101 101 55 521
101 41 10 201
101 138 21 392
101 10 3 450
101 9 33 30
101 141 28 94
101 181 31 206
101 92 25 284
101 190 51 361
101 31 7 460
102 39 57 522
102 200 31 390
102 9 7 30
102 79 17 19
102 188 19 554
102 115 45 486
102 53 43 172
102 54 1 747
102 183 11 17
102 184 53 11
102 89 40 15
102 60 33 438
103 160 39 714
103 98 31 16
103 101 7 278
103 165 1 599
103 7 28 59
103 197 15 707
103 139 37 602
103 110 25 587
103 180 11 258
103 21 49 432
103 84 43 523
103 28 21 252
104 34 7 135
104 200 39 725
104 104 13 612
104 106 57 452
104 105 41 74
104 168 31 598
104 45 47 2
104 142 25 600
104 48 5 160
104 23 51 4
104 183 45 407
104 124 1 387
105 96 13 136
105 129 1 573
105 102 43 83
105 142 57 343
105 47 37 252
105 175 5 299
105 17 23 371
105 120 31 333
105 58 16 390
105 29 10 686
105 158 25 195
105 31 40 22
106 67 19 134
106 164 25 375
106 167 57 2
106 199 49 17
106 41 7 155
106 74 43 526
106 113 10 376
106 18 1 199
106 147 3 67
106 19 17 387
106 156 33 400
106 31 40 344
107 128 7 38
107 34 46 609
107 101 57 704
107 103 43 662
107 73 17 384
107 109 15 378
107 174 34 692
107 113 4 376
107 18 23 468
107 84 31 523
107 157 40 141
107 158 51 117
108 32 23 692
108 97 11 130
108 166 3 32
108 168 45 581
108 177 52 115
108 114 25 675
108 51 13 158
108 150 17 153
108 119 34 682
108 56 5 267
108 25 57 652
108 27 37 482
109 161 31 101
109 4 41 491
109 39 19 724
109 154 25 446
109 74 57 528
109 43 55 688
109 76 52 453
109 119 10 248
109 120 1 333
109 58 7 690
109 187 15 618
109 30 43 76
110 64 3 563
110 97 1 144
110 89 34 49
110 99 43 314
110 67 13 323
110 130 27 684
110 195 51 273
110 75 9 691
110 153 37 250
110 186 31 641
110 188 19 451
110 159 55 78
111 96 45 531
111 128 16 38
111 163 52 223
111 167 27 634
111 106 39 386
111 11 37 11
111 172 1 609
111 107 7 533
111 142 33 166
111 12 57 656
111 56 11 123
111 92 13 667
112 128 58 129
112 192 9 139
112 66 13 128
112 69 43 333
112 199 53 55
112 72 1 174
112 104 37 20
112 140 21 244
112 178 7 594
112 82 34 406
112 21 49 680
112 122 27 415
113 32 17 11
113 33 39 415
113 130 51 284
113 131 35 202
113 6 43 429
113 71 58 413
113 108 4 276
113 77 55 45
113 173 28 187
113 115 31 146
113 186 10 400
113 124 13 725
114 100 7 158
114 196 45 345
114 102 31 83
114 41 25 339
114 12 37 546
114 14 35 622
114 149 57 170
114 54 22 206
114 23 29 423
114 121 51 17
114 90 1 79
114 27 16 386
115 64 51 40
115 194 9 412
115 162 41 26
115 102 28 83
115 40 17 631
115 13 31 31
115 81 37 650
115 115 43 220
115 85 57 356
115 150 35 637
115 56 13 40
115 91 1 674
116 34 16 13
116 130 43 532
116 197 29 368
116 75 31 296
116 12 51 127
116 140 9 86
116 144 25 151
116 82 4 1
116 181 1 7
116 22 39 476
116 57 19 440
116 122 57 36
117 136 29 520
117 169 57 553
117 72 25 8
117 107 40 533
117 45 55 226
117 173 10 151
117 177 19 93
117 179 4 543
117 184 31 287
117 186 13 606
117 28 7 408
117 94 43 24
118 133 13 682
118 166 1 32
118 167 27 349
118 136 35 606
118 168 51 300
118 77 17 670
118 14 31 655
118 145 4 176
118 52 46 380
118 149 21 162
118 151 41 696
118 92 43 150
119 102 22 27
119 9 49 255
119 137 9 613
119 173 13 163
119 112 17 745
119 146 55 481
119 178 43 241
119 55 37 382
119 184 25 122
119 153 27 390
119 152 40 499
119 63 1 454
120 66 1 235
120 99 39 547
120 133 25 376
120 134 7 652
120 108 28 276
120 78 21 624
120 79 45 689
120 17 35 470
120 21 57 688
120 57 31 188
120 186 49 400
120 62 15 251
121 96 39 724
121 37 9 660
121 169 15 580
121 106 57 208
121 75 1 346
121 12 25 697
121 110 22 587
121 143 37 278
121 47 19 21
121 117 33 131
121 26 7 188
121 91 43 105
122 34 31 736
122 67 57 134
122 154 19 95
122 7 10 453
122 45 55 215
122 174 1 42
122 179 7 389
122 148 43 132
122 90 23 716
122 91 13 445
122 157 28 115
122 95 34 78
123 64 57 17
123 34 49 13
123 164 43 375
123 5 9 452
123 134 22 285
123 166 17 32
123 102 25 725
123 171 34 95
123 13 5 240
123 54 40 83
123 23 53 723
123 93 13 148
124 160 57 6
124 65 27 331
124 191 3 137
124 36 13 730
124 7 16 40
124 137 9 514
124 44 47 547
124 173 37 89
124 177 34 417
124 115 51 357
124 182 43 564
124 127 21 341
125 32 45 452
125 128 31 38
125 194 51 438
125 196 15 203
125 6 1 597
125 169 19 643
125 173 55 475
125 49 43 65
125 20 7 177
125 180 37 100
125 124 34 332
125 95 58 345
126 195 3 125
126 68 43 135
126 196 39 385
126 199 37 17
126 45 1 2
126 110 46 516
126 176 9 204
126 17 41 44
126 51 11 135
126 56 7 95
126 58 22 516
126 155 57 400
127 65 39 266
127 134 7 745
127 73 31 461
127 46 47 334
127 143 59 433
127 79 25 696
127 117 55 549
127 23 17 4
127 185 51 437
127 122 27 157
127 91 43 554
127 29 13 197
128 64 37 331
128 32 51 167
128 98 23 16
128 197 13 707
128 7 10 367
128 42 25 539
128 14 35 263
128 143 47 618
128 111 16 353
128 49 5 65
128 177 58 563
128 24 31 623
129 35 57 46
129 197 17 368
129 5 43 551
129 40 9 185
129 42 21 385
129 14 1 642
129 111 25 254
129 16 31 314
129 181 15 625
129 182 4 385
129 88 47 68
129 152 49 324
130 128 13 675
130 163 4 223
130 131 37 54
130 4 29 687
130 137 33 553
130 170 22 489
130 9 17 446
130 141 1 153
130 117 57 377
130 121 49 212
130 125 39 681
130 25 45 327
131 134 13 379
131 136 55 530
131 105 17 74
131 138 33 440
131 170 49 3
131 79 47 19
131 145 28 500
131 83 25 244
131 85 1 288
131 22 5 395
131 59 7 196
131 94 19 280
132 65 25 359
132 161 19 590
132 164 37 510
132 165 55 599
132 100 46 492
132 42 21 288
132 11 31 660
132 78 9 126
132 17 7 44
132 179 1 89
132 116 35 216
132 147 51 149
133 32 35 496
133 192 51 139
133 67 7 323
133 195 3 273
133 101 21 257
133 70 28 30
133 134 43 652
133 165 31 599
133 72 57 155
133 145 16 366
133 17 55 470
133 158 49 478
134 164 1 375
134 165 34 653
134 103 43 189
134 8 57 513
134 75 11 638
134 175 55 283
134 84 46 620
134 86 49 654
134 119 28 210
134 185 13 226
134 91 37 102
134 61 22 567
135 162 55 123
135 67 3 258
135 102 13 84
135 40 1 269
135 44 25 23
135 16 10 225
135 48 19 160
135 19 39 487
135 185 49 205
135 58 43 626
135 59 57 196
135 62 33 251
136 66 51 31
136 194 35 132
136 68 58 531
136 164 7 375
136 134 40 201
136 21 1 513
136 54 13 274
136 118 55 200
136 120 21 333
136 57 45 441
136 186 37 494
136 125 25 672
137 161 5 27
137 185 39 416
137 134 13 201
137 72 45 243
137 200 51 556
137 74 57 411
137 77 37 45
137 180 33 48
137 89 25 408
137 155 7 36
137 124 19 387
137 63 1 719
138 162 11 26
138 163 34 223
138 131 45 383
138 199 39 434
138 8 49 132
138 41 22 356
138 83 13 34
138 54 7 322
138 151 51 121
138 24 4 737
138 125 55 426
138 158 1 510
139 35 27 46
139 100 40 492
139 5 45 726
139 69 55 126
139 133 4 94
139 77 21 164
139 80 49 559
139 146 15 202
139 114 33 222
139 50 9 312
139 23 31 4
139 151 1 94
140 4 17 658
140 6 55 83
140 134 1 379
140 200 35 79
140 136 33 354
140 43 43 62
140 110 4 452
140 112 49 460
140 23 31 391
140 123 28 733
140 31 22 343
140 63 9 326
141 160 3 109
141 40 39 744
141 73 51 496
141 14 31 609
141 145 34 437
141 83 19 34
141 19 17 409
141 125 57 686
141 157 46 103
141 58 7 597
141 92 25 499
141 93 23 148
142 99 49 684
142 168 13 672
142 169 9 643
142 13 1 521
142 29 4 608
142 115 39 281
142 84 25 523
142 51 37 329
142 89 31 178
142 155 45 215
142 28 21 324
142 61 28 640
143 129 9 89
143 66 19 242
143 164 55 275
143 37 31 638
143 198 13 99
143 70 58 648
143 106 39 316
143 146 51 602
143 82 25 269
143 23 23 213
143 151 17 627
143 191 49 14
144 161 25 27
144 194 39 211
144 3 13 240
144 101 27 399
144 168 57 331
144 140 45 484
144 173 7 348
144 76 52 241
144 84 4 680
144 122 21 18
144 60 37 581
144 191 35 158
145 162 3 593
145 153 49 477
145 66 31 242
145 35 9 290
145 71 16 604
145 72 25 174
145 168 19 427
145 78 45 359
145 84 37 569
145 185 57 416
145 90 5 440
145 28 29 252
146 160 21 714
146 194 1 497
146 8 37 366
146 41 49 415
146 108 40 115
146 80 34 708
146 51 57 680
146 150 7 575
146 86 31 718
146 56 15 335
146 27 28 151
146 30 3 637
147 131 45 54
147 39 15 279
147 173 7 336
147 142 37 207
147 175 1 392
147 47 28 556
147 53 53 9
147 119 4 604
147 183 11 594
147 27 34 482
147 94 25 200
147 191 43 440
148 160 51 379
148 194 5 132
148 167 39 634
148 109 7 3
148 178 27 113
148 146 43 418
148 149 1 37
148 56 23 717
148 121 57 447
148 187 31 19
148 29 10 578
148 94 13 135
149 6 1 35
149 199 19 136
149 72 39 345
149 9 53 421
149 43 31 338
149 139 45 723
149 140 57 240
149 112 5 116
149 83 11 381
149 115 25 670
149 184 7 668
149 159 15 453
150 191 15 132
150 69 10 70
150 72 57 551
150 44 43 23
150 13 51 146
150 17 5 371
150 177 7 104
150 178 39 287
150 180 35 573
150 155 21 90
150 94 1 200
150 31 28 729
151 160 15 495
151 65 45 304
151 43 19 27
151 75 29 35
151 78 57 280
151 143 37 30
151 80 34 704
151 84 4 523
151 148 10 132
151 118 7 145
151 56 1 400
151 188 49 534
152 96 11 94
152 134 37 153
152 77 45 512
152 144 49 151
152 178 25 544
152 50 13 702
152 119 52 392
152 153 7 497
152 26 41 509
152 123 22 557
152 127 57 169
152 159 27 541
153 72 31 464
153 142 25 727
153 175 1 568
153 156 5 628
153 113 7 376
153 115 21 478
153 153 39 477
153 154 49 95
153 27 58 559
153 31 10 342
153 93 53 148
153 63 15 320
154 5 45 237
154 101 25 563
154 106 51 193
154 140 1 82
154 141 16 606
154 111 13 686
154 115 57 76
154 119 40 682
154 185 21 566
154 26 37 26
154 59 9 53
154 125 33 75
155 161 41 408
155 105 31 74
155 10 57 252
155 77 27 540
155 111 37 350
155 145 4 584
155 116 29 10
155 30 13 714
155 62 49 310
155 121 9 689
155 189 1 282
155 158 21 686
156 32 1 214
156 4 39 179
156 7 55 55
156 10 21 450
156 43 33 107
156 107 58 533
156 17 37 167
156 18 17 335
156 120 49 582
156 123 10 317
156 29 28 161
156 94 25 110
157 129 27 71
157 131 17 54
157 195 43 463
157 38 7 146
157 172 13 510
157 173 58 678
157 46 31 681
157 145 52 366
157 188 37 473
157 88 1 212
157 154 21 140
157 156 3 220
158 34 13 165
158 162 19 26
158 196 33 255
158 98 5 16
158 200 39 520
158 105 7 74
158 75 9 100
158 112 37 575
158 19 47 680
158 84 43 292
158 24 49 569
158 92 28 284
159 161 37 27
159 194 29 84
159 195 51 279
159 166 5 647
159 134 43 544
159 71 10 179
159 141 40 162
159 47 7 208
159 19 25 409
159 119 13 708
159 58 16 150
159 189 22 282
160 34 49 678
160 67 57 173
160 4 35 15
160 69 52 106
160 6 37 85
160 74 27 510
160 13 31 198
160 14 47 589
160 15 1 61
160 143 21 310
160 149 55 162
160 95 43 550
161 128 40 518
161 161 31 688
161 199 45 352
161 171 55 323
161 44 25 605
161 79 33 386
161 114 3 675
161 50 51 312
161 94 58 24
161 126 19 137
161 155 13 36
161 62 17 251
162 130 21 704
162 132 51 435
162 38 43 39
162 199 37 641
162 171 40 95
162 75 29 566
162 23 1 391
162 119 7 228
162 120 57 630
162 185 31 665
162 156 5 668
162 183 17 17
163 128 40 360
163 32 45 187
163 134 34 201
163 29 55 267
163 182 16 635
163 183 51 688
163 184 5 11
163 185 9 268
163 157 58 103
163 60 37 374
163 152 31 437
163 63 21 379
164 192 17 139
164 97 21 353
164 198 39 52
164 105 43 499
164 77 27 701
164 53 59 259
164 118 34 145
164 185 45 371
164 58 1 570
164 187 51 485
164 157 4 103
164 158 31 689
165 35 43 343
165 38 51 39
165 72 19 308
165 10 1 650
165 76 13 258
165 142 57 466
165 15 31 301
165 146 37 192
165 181 27 417
165 22 41 577
165 28 11 465
165 158 35 7
166 2 57 204
166 163 7 298
166 36 1 477
166 37 39 336
166 69 49 202
166 137 25 24
166 169 13 643
166 178 21 586
166 179 43 239
166 114 33 534
166 184 31 122
166 93 11 148
167 36 37 475
167 37 57 628
167 169 13 465
167 9 55 30
167 187 1 355
167 78 25 190
167 142 33 628
167 46 45 140
167 20 4 246
167 149 53 486
167 186 49 217
167 27 40 482
168 96 51 287
168 32 7 692
168 35 33 290
168 7 43 646
168 136 9 114
168 12 37 507
168 13 57 324
168 140 27 646
168 108 1 435
168 20 4 352
168 88 25 68
168 157 19 103
169 33 33 225
169 66 15 469
169 68 28 302
169 134 7 22
169 168 19 259
169 73 37 296
169 74 39 381
169 49 53 65
169 117 3 573
169 87 46 121
169 88 31 68
169 185 49 672
170 130 7 159
170 69 37 525
170 197 19 368
170 43 3 430
170 13 1 738
170 176 13 30
170 29 34 588
170 146 57 116
170 180 45 678
170 150 51 637
170 122 27 604
170 93 17 148
171 3 52 3
171 102 1 84
171 73 15 446
171 12 39 296
171 44 11 23
171 112 19 562
171 85 25 472
171 86 31 12
171 53 55 174
171 153 57 659
171 123 22 462
171 62 7 251
172 129 33 71
172 132 7 431
172 5 57 646
172 134 25 565
172 100 13 254
172 104 28 20
172 106 45 82
172 51 3 399
172 84 40 523
172 52 52 362
172 157 16 316
172 125 21 172
173 66 49 456
173 163 37 298
173 3 22 3
173 69 34 416
173 140 3 646
173 173 19 348
173 78 9 347
173 47 16 531
173 80 43 671
173 144 13 565
173 181 7 7
173 154 55 446
174 165 58 599
174 74 37 60
174 141 4 595
174 46 9 211
174 175 1 315
174 144 52 151
174 177 25 171
174 48 41 160
174 115 13 388
174 180 17 48
174 117 31 249
174 189 55 282
175 32 15 434
175 34 25 704
175 162 1 261
175 67 45 258
175 167 9 383
175 8 43 457
175 76 4 620
175 44 23 211
175 110 55 205
175 180 39 77
175 54 49 83
175 187 13 448
176 98 59 16
176 194 15 706
176 102 4 431
176 45 49 692
176 47 28 21
176 82 34 113
176 51 51 196
176 83 11 318
176 18 37 424
176 118 25 420
176 25 7 224
176 189 55 373
177 159 3 735
177 193 45 684
177 37 19 723
177 101 25 598
177 135 37 604
177 169 51 550
177 41 7 279
177 80 31 172
177 147 15 717
177 122 57 299
177 123 10 308
177 31 34 135
178 67 15 134
178 6 51 736
178 74 33 395
178 60 31 364
178 144 43 565
178 49 47 65
178 19 5 461
178 94 22 29
178 185 55 311
178 124 28 197
178 157 7 103
178 158 13 576
179 69 52 416
179 134 40 566
179 39 27 614
179 168 45 15
179 9 17 30
179 77 1 108
179 15 5 398
179 16 49 416
179 152 10 404
179 90 21 146
179 189 13 282
179 190 57 296
180 96 17 370
180 2 57 321
180 130 39 658
180 68 52 727
180 71 49 709
180 9 47 30
180 78 27 219
180 178 15 47
180 86 1 311
180 120 9 480
180 25 21 224
180 159 43 541
181 193 51 70
181 98 37 16
181 39 15 724
181 103 1 461
181 73 9 71
181 43 11 488
181 173 19 303
181 142 57 119
181 18 33 195
181 179 25 389
181 23 43 4
181 60 13 7
182 131 5 54
182 70 58 63
182 39 43 522
182 75 41 346
182 108 1 252
182 143 51 487
182 19 49 417
182 20 10 175
182 157 13 103
182 55 31 382
182 57 33 441
182 189 16 282
183 34 4 25
183 101 51 504
183 41 19 142
183 75 35 691
183 111 7 321
183 178 45 445
183 53 57 335
183 54 10 555
183 26 47 707
183 123 1 239
183 60 49 473
183 30 15 596
184 32 27 16
184 97 31 603
184 2 7 166
184 99 1 195
184 4 29 15
184 70 13 22
184 168 21 648
184 74 43 549
184 179 34 89
184 183 41 299
184 58 58 626
184 157 16 103
185 194 7 427
185 162 5 26
185 132 19 124
185 67 39 134
185 70 43 392
185 73 57 10
185 47 34 21
185 178 11 544
185 55 49 264
185 151 31 352
185 29 28 371
185 30 13 76
186 160 27 739
186 101 19 126
186 6 57 597
186 39 51 724
186 168 45 491
186 167 7 15
186 138 37 746
186 43 43 488
186 120 33 480
186 89 16 58
186 124 13 542
186 159 1 475
187 193 33 272
187 99 43 301
187 67 51 134
187 76 1 171
187 13 21 574
187 60 31 164
187 147 37 625
187 54 25 611
187 121 9 581
187 92 13 199
187 93 19 148
187 191 7 129
188 66 39 101
188 34 46 662
188 162 13 26
188 6 27 736
188 136 5 520
188 9 11 30
188 74 51 233
188 174 43 447
188 16 19 699
188 21 15 33
188 156 1 27
188 127 7 169
189 72 43 464
189 74 51 120
189 46 33 678
189 47 16 443
189 60 31 61
189 84 4 292
189 183 37 188
189 151 19 675
189 89 40 144
189 188 57 137
189 94 22 368
189 191 1 440
190 64 49 660
190 99 31 527
190 137 25 320
190 15 41 6
190 80 19 545
190 79 23 259
190 84 55 531
190 21 45 548
190 54 37 737
190 90 43 641
190 91 7 63
190 60 13 698
191 199 29 17
191 136 31 423
191 41 1 72
191 138 33 37
191 141 19 514
191 146 7 234
191 18 49 270
191 118 13 11
191 55 5 580
191 151 11 675
191 126 55 563
191 191 17 668
192 192 29 139
192 129 15 71
192 2 51 748
192 33 25 67
192 131 45 321
192 103 34 378
192 10 1 529
192 76 22 369
192 47 31 113
192 52 58 330
192 21 37 688
192 119 19 682
193 64 27 660
193 33 9 325
193 165 22 546
193 108 46 498
193 141 19 394
193 145 37 500
193 18 57 449
193 179 13 570
193 20 43 573
193 114 51 186
193 125 33 677
193 158 31 686
194 161 7 27
194 98 11 16
194 131 1 54
194 170 4 356
194 139 27 628
194 11 35 698
194 108 13 297
194 14 45 511
194 17 49 167
194 182 37 86
194 185 21 61
194 156 17 498
195 192 25 139
195 2 33 258
195 36 19 57
195 168 57 511
195 136 11 736
195 49 37 65
195 51 39 524
195 181 51 480
195 56 31 135
195 153 43 455
195 28 7 260
195 127 1 308
196 100 55 492
196 69 4 427
196 200 21 547
196 109 13 378
196 13 37 31
196 145 43 8
196 117 15 584
196 54 49 112
196 22 23 395
196 85 31 257
196 182 58 385
196 92 25 694
197 196 15 133
197 4 13 687
197 68 31 88
197 40 21 269
197 106 43 296
197 172 7 19
197 13 51 240
197 17 1 44
197 182 34 86
197 57 25 188
197 189 55 515
197 63 11 238
198 140 27 514
198 108 31 435
198 46 21 528
198 190 57 67
198 48 41 581
198 82 7 256
198 23 19 4
198 153 37 219
198 186 34 404
198 28 51 668
198 94 1 361
198 191 45 668
199 128 1 148
199 98 47 16
199 5 33 373
199 7 40 351
199 42 51 359
199 112 11 112
199 145 25 584
199 150 45 728
199 183 21 479
199 24 37 444
199 92 7 161
199 157 13 264
200 96 55 213
200 195 1 68
200 164 37 275
200 166 59 170
200 38 19 28
200 168 31 564
200 70 10 256
200 40 29 7
200 29 52 481
200 148 40 111
200 27 25 482
200 93 23 201
201 194 45 213
201 163 16 223
201 104 58 710
201 73 47 594
201 78 31 385
201 17 51 201
201 146 39 457
201 115 7 526
201 57 25 253
201 154 19 484
201 124 1 248
201 62 11 310
202 2 33 119
202 67 57 309
202 133 10 37
202 6 45 679
202 5 39 347
202 42 27 33
202 141 16 394
202 173 1 163
202 15 21 667
202 183 25 708
202 153 49 354
202 157 4 421
203 36 46 671
203 133 55 326
203 5 25 673
203 103 22 58
203 199 11 104
203 44 43 347
203 108 13 249
203 125 37 686
203 24 1 176
203 123 52 319
203 188 31 473
203 157 7 735
204 168 33 363
204 74 1 549
204 45 9 226
204 110 58 113
204 15 53 733
204 19 39 668
204 84 19 620
204 148 55 111
204 147 15 389
204 22 27 144
204 93 37 148
204 158 45 353
205 32 43 214
205 97 13 130
205 3 1 3
205 4 17 687
205 200 35 488
205 104 25 20
205 141 19 606
205 111 31 657
205 81 49 535
205 82 40 237
205 52 37 685
205 31 7 432
206 5 25 452
206 71 16 277
206 200 3 16
206 72 57 174
206 11 39 198
206 14 53 195
206 113 13 376
206 146 21 107
206 147 9 32
206 88 37 274
206 153 43 559
206 93 5 148
207 194 29 750
207 68 34 88
207 200 11 418
207 9 31 30
207 43 59 107
207 171 19 601
207 13 27 288
207 139 37 194
207 79 1 19
207 145 16 602
207 50 57 312
207 28 13 624
208 161 53 27
208 34 16 678
208 130 49 532
208 185 33 47
208 99 39 383
208 72 25 345
208 140 43 81
208 84 13 521
208 149 29 323
208 153 57 637
208 125 21 173
208 94 1 29
209 34 28 13
209 2 57 624
209 101 21 222
209 198 41 332
209 167 51 383
209 104 1 20
209 169 33 583
209 199 55 434
209 177 16 449
209 89 37 15
209 58 7 473
209 92 43 64
210 160 57 714
210 131 19 54
210 36 25 118
210 67 51 258
210 41 28 155
210 155 37 90
210 114 15 375
210 50 49 702
210 19 7 6
210 179 31 295
210 59 1 369
210 191 21 651
211 100 43 637
211 167 57 687
211 200 31 567
211 7 19 604
211 42 9 589
211 41 22 142
211 108 25 297
211 14 15 475
211 16 28 428
211 146 39 481
211 125 49 137
211 29 4 484
212 191 29 189
212 73 37 156
212 75 19 35
212 155 31 14
212 44 27 526
212 84 22 523
212 183 35 499
212 58 46 369
212 91 40 353
212 60 51 285
212 190 15 5
212 159 7 534
213 160 49 247
213 89 19 700
213 2 3 748
213 193 27 175
213 132 45 431
213 134 13 362
213 104 22 710
213 138 33 684
213 174 40 447
213 182 16 695
213 25 55 739
213 30 9 76
214 160 57 379
214 69 10 663
214 166 41 32
214 197 13 368
214 8 1 262
214 40 51 364
214 41 46 339
214 47 31 21
214 57 15 295
214 90 3 440
214 91 34 105
214 189 43 282
215 130 7 561
215 131 1 452
215 197 25 501
215 170 31 332
215 42 57 281
215 107 19 533
215 109 15 397
215 78 49 500
215 147 45 439
215 116 11 242
215 150 39 530
215 63 17 467
216 3 52 565
216 197 47 368
216 6 15 429
216 70 10 334
216 138 43 615
216 14 39 94
216 112 57 567
216 54 22 747
216 23 35 72
216 58 25 224
216 92 4 694
216 94 1 374
217 199 39 216
217 136 41 562
217 76 43 477
217 45 13 160
217 50 53 312
217 83 29 310
217 179 49 543
217 181 25 7
217 85 57 440
217 54 1 622
217 91 4 512
217 28 21 496
218 32 13 112
218 130 15 704
218 165 52 586
218 135 22 449
218 9 5 30
218 75 1 408
218 12 43 656
218 142 9 565
218 48 35 160
218 51 49 28
218 156 19 564
218 189 37 282
219 33 15 477
219 34 1 546
219 4 23 491
219 72 39 551
219 105 55 74
219 45 7 136
219 142 9 644
219 113 34 80
219 114 19 375
219 56 57 717
219 60 51 491
219 61 31 483
220 33 37 439
220 131 33 298
220 39 7 724
220 71 28 91
220 51 43 575
220 52 52 427
220 147 13 533
220 182 58 86
220 55 19 719
220 54 49 441
220 26 55 604
220 92 22 499
221 196 45 622
221 40 27 163
221 41 40 275
221 168 3 625
221 186 19 141
221 179 22 123
221 20 31 175
221 120 9 570
221 89 16 15
221 122 55 100
221 124 34 176
221 94 37 24
222 65 21 339
222 195 57 419
222 197 41 368
222 7 34 695
222 8 31 351
222 106 7 388
222 43 51 56
222 172 37 19
222 139 39 241
222 174 16 42
222 54 4 197
222 124 13 735
223 162 31 26
223 197 1 707
223 134 16 552
223 40 23 642
223 107 34 403
223 11 7 308
223 77 11 616
223 48 43 514
223 19 45 266
223 185 49 194
223 59 57 283
223 95 13 78
224 97 17 130
224 102 49 725
224 200 1 455
224 9 39 30
224 115 55 497
224 20 43 175
224 116 7 128
224 86 19 231
224 153 27 462
224 157 10 103
224 94 52 280
224 95 31 78
225 96 9 144
225 160 31 680
225 100 25 158
225 40 15 743
225 137 39 49
225 42 49 646
225 43 45 613
225 44 7 23
225 146 57 150
225 117 21 584
225 88 5 68
225 29 1 626
226 32 9 466
226 98 25 16
226 99 27 314
226 165 34 599
226 134 16 22
226 103 46 58
226 41 55 441
226 176 41 210
226 114 1 558
226 116 21 520
226 53 31 174
226 158 51 698
227 162 25 26
227 6 15 327
227 176 1 646
227 82 10 273
227 52 28 106
227 56 7 40
227 57 3 519
227 26 39 613
227 155 57 81
227 125 21 512
227 158 33 689
227 31 46 342
228 161 25 742
228 135 37 61
228 136 29 171
228 186 46 564
228 76 49 369
228 79 23 19
228 80 1 577
228 49 7 65
228 50 19 312
228 147 9 715
228 153 31 455
228 58 16 514
229 2 37 684
229 7 58 64
229 171 19 660
229 48 7 160
229 113 4 80
229 148 25 111
229 150 51 62
229 56 45 259
229 90 15 317
229 27 1 482
229 92 10 618
229 189 34 462
230 129 21 71
230 198 29 332
230 38 57 39
230 7 16 439
230 107 7 403
230 80 43 720
230 18 51 261
230 149 27 44
230 183 35 703
230 89 10 626
230 27 4 482
230 63 47 21
231 64 37 660
231 100 1 733
231 6 19 327
231 38 55 146
231 9 47 390
231 74 9 733
231 172 17 465
231 17 27 53
231 179 31 376
231 188 13 571
231 93 23 471
231 62 51 251
232 131 47 452
232 165 1 164
232 6 31 327
232 103 4 58
232 168 51 479
232 137 13 70
232 110 19 746
232 47 43 287
232 16 28 594
232 150 39 71
232 183 57 350
232 91 10 601
233 128 10 517
233 65 57 632
233 160 37 6
233 37 33 164
233 69 46 663
233 9 23 30
233 45 13 692
233 79 51 386
233 48 17 228
233 112 19 96
233 153 1 217
233 186 7 731
234 162 9 284
234 98 7 16
234 196 51 743
234 130 3 193
234 78 57 500
234 79 43 19
234 113 46 80
234 114 27 696
234 25 13 357
234 187 35 19
234 93 37 403
234 62 41 251
235 129 49 225
235 97 1 130
235 68 28 201
235 200 31 546
235 107 4 403
235 12 45 424
235 123 25 722
235 79 19 19
235 80 16 720
235 146 21 742
235 20 37 496
235 59 55 248
236 130 49 490
236 165 7 164
236 103 43 58
236 41 4 142
236 42 31 106
236 173 37 43
236 79 27 19
236 180 11 48
236 151 23 675
236 27 16 493
236 60 1 680
236 125 57 581
237 89 13 185
237 129 3 71
237 164 58 685
237 6 25 184
237 198 1 544
237 38 39 39
237 173 55 70
237 150 21 161
237 56 5 40
237 57 51 440
237 93 17 500
237 190 33 491
238 192 11 139
238 129 51 245
238 97 5 130
238 101 15 220
238 198 33 99
238 138 55 37
238 179 43 70
238 20 37 175
238 155 7 392
238 156 59 595
238 125 27 438
238 62 19 310
239 132 57 361
239 40 1 654
239 27 10 28
239 42 49 385
239 123 25 603
239 139 3 328
239 77 7 45
239 14 33 603
239 175 39 73
239 154 15 484
239 155 21 36
239 92 28 204
240 161 25 346
240 67 33 309
240 36 37 671
240 131 53 54
240 164 10 275
240 105 5 183
240 106 45 98
240 137 13 553
240 177 40 253
240 19 57 425
240 153 21 112
240 92 1 169
241 195 33 675
241 100 10 586
241 163 25 223
241 101 39 310
241 74 45 249
241 78 19 330
241 146 15 742
241 116 51 128
241 150 1 479
241 183 5 685
241 89 55 15
241 126 28 494
242 129 13 626
242 162 23 26
242 6 19 64
242 199 41 136
242 198 51 446
242 167 43 2
242 7 1 695
242 15 31 667
242 176 27 548
242 146 37 361
242 122 7 604
242 125 15 512
243 129 19 684
243 4 49 491
243 200 33 520
243 106 55 524
243 143 5 64
243 114 15 222
243 56 39 123
243 25 1 43
243 26 45 707
243 91 25 384
243 28 59 426
243 158 23 602
244 160 27 247
244 33 13 415
244 66 43 178
244 36 37 690
244 37 3 301
244 4 51 687
244 14 57 636
244 50 7 312
244 147 9 105
244 22 55 238
244 92 40 694
244 31 19 208
245 198 51 27
245 200 21 591
245 41 25 201
245 172 31 127
245 140 33 155
245 175 59 270
245 16 1 322
245 49 11 65
245 148 4 462
245 119 40 106
245 88 49 171
245 89 7 337
246 192 41 139
246 66 45 509
246 69 28 202
246 6 9 606
246 168 57 300
246 107 13 403
246 141 37 394
246 177 22 381
246 56 35 40
246 123 16 597
246 152 4 304
246 62 25 251
247 2 57 617
247 36 49 671
247 70 28 502
247 7 37 642
247 40 15 617
247 75 19 346
247 108 7 4
247 18 43 679
247 148 52 132
247 85 3 234
247 26 33 613
247 31 25 344
248 193 55 286
248 36 7 671
248 197 51 501
248 136 1 431
248 106 45 524
248 43 49 56
248 171 28 530
248 141 34 162
248 183 3 17
248 123 16 667
248 126 13 494
248 159 21 312
249 163 40 298
249 58 13 234
249 69 34 687
249 135 7 98
249 136 23 745
249 59 49 53
249 50 5 312
249 54 16 623
249 184 45 635
249 26 11 14
249 187 21 507
249 191 1 712
250 64 15 660
250 192 5 139
250 165 37 340
250 166 19 32
250 199 53 542
250 106 31 108
250 11 3 454
250 172 51 219
250 78 27 336
250 153 9 69
250 90 25 641
250 123 22 629
251 192 23 139
251 102 34 282
251 73 59 707
251 9 5 388
251 141 25 86
251 46 37 635
251 178 19 132
251 148 46 111
251 53 51 206
251 88 17 95
251 24 10 513
251 63 13 81
252 160 33 35
252 130 57 532
252 170 37 451
252 155 27 81
252 109 21 420
252 77 13 45
252 12 1 715
252 118 49 42
252 24 10 249
252 58 7 516
252 59 45 216
252 190 15 733
253 129 13 71
253 130 27 207
253 194 45 240
253 122 1 582
253 168 55 472
253 136 31 539
253 170 10 681
253 200 59 386
253 16 16 322
253 94 7 24
253 58 49 355
253 62 5 251
254 131 23 54
254 196 29 743
254 133 13 402
254 42 55 106
254 48 47 228
254 177 25 592
254 178 39 470
254 52 10 729
254 182 7 449
254 119 31 392
254 120 51 630
254 184 1 718
255 193 51 344
255 3 28 240
255 35 37 469
255 101 33 156
255 135 7 458
255 8 15 351
255 106 57 186
255 76 25 453
255 14 31 589
255 83 13 92
255 147 21 272
255 54 4 623
256 160 33 109
256 43 21 461
256 141 13 700
256 142 25 538
256 112 51 572
256 146 39 742
256 50 7 702
256 53 47 259
256 86 10 549
256 55 57 7
256 56 3 712
256 59 43 703
257 160 3 739
257 3 22 216
257 102 28 369
257 72 15 213
257 137 33 654
257 15 59 327
257 113 52 80
257 148 40 462
257 23 49 641
257 89 37 700
257 90 45 288
257 123 7 500
258 164 40 425
258 37 33 345
258 8 51 262
258 107 22 403
258 171 13 559
258 75 27 353
258 142 7 448
258 115 3 683
258 149 45 248
258 119 19 567
258 88 1 405
258 155 57 90
259 193 21 344
259 98 31 410
259 165 16 599
259 104 4 710
259 137 39 67
259 74 25 580
259 108 1 113
259 143 51 64
259 113 10 80
259 50 29 702
259 118 43 91
259 182 34 465
260 96 9 443
260 130 19 685
260 71 37 425
260 199 45 104
260 105 13 74
260 74 3 412
260 80 34 264
260 51 51 294
260 54 58 274
260 151 23 626
260 92 25 517
260 61 16 360
261 98 7 293
261 67 43 309
261 197 5 368
261 105 49 509
261 12 57 657
261 48 23 160
261 81 15 600
261 184 25 287
261 185 27 416
261 90 31 600
261 124 19 266
261 30 9 714
262 34 43 406
262 66 9 31
262 135 4 424
262 169 55 643
262 74 27 92
262 12 51 622
262 46 59 94
262 144 37 565
262 20 40 548
262 23 35 4
262 155 15 90
262 28 21 305
263 34 55 699
263 196 1 583
263 36 16 144
263 167 51 634
263 136 49 87
263 73 21 209
263 139 3 496
263 171 28 720
263 16 7 197
263 182 58 214
263 88 11 328
263 127 31 204
264 164 13 474
264 70 34 218
264 71 37 566
264 72 1 555
264 41 31 275
264 136 25 445
264 17 51 44
264 22 27 577
264 55 17 618
264 56 41 40
264 24 58 236
264 155 43 14
265 161 41 27
265 3 34 565
265 100 13 715
265 35 37 664
265 73 1 358
265 144 31 151
265 19 21 417
265 52 7 106
265 149 59 37
265 22 51 470
265 185 45 428
265 27 16 482
266 162 29 273
266 166 35 32
266 139 7 621
266 108 1 259
266 12 15 116
266 47 55 21
266 112 23 116
266 115 37 357
266 179 25 328
266 118 4 606
266 23 59 4
266 30 45 714
267 67 51 323
267 139 59 153
267 108 7 297
267 114 19 359
267 22 49 18
267 55 27 354
267 121 13 356
267 154 45 446
267 59 39 369
267 92 55 199
267 25 33 346
267 159 1 145
268 64 7 180
268 33 15 567
268 37 39 388
268 70 31 439
268 199 53 107
268 173 43 163
268 48 13 581
268 144 19 151
268 20 1 468
268 30 49 147
268 123 58 629
268 158 23 500
269 26 29 235
269 70 13 663
269 103 25 58
269 167 45 634
269 109 1 378
269 110 16 94
269 143 39 384
269 145 52 8
269 50 31 312
269 82 7 280
269 113 19 80
269 90 49 288
270 96 29 144
270 68 37 88
270 4 11 658
270 27 58 124
270 110 4 150
270 144 46 151
270 115 7 658
270 20 19 175
270 119 34 393
270 22 15 238
270 23 23 76
270 123 1 307
271 193 49 281
271 3 19 24
271 132 3 350
271 38 9 39
271 169 27 707
271 75 31 661
271 140 39 82
271 173 22 187
271 47 34 443
271 112 45 320
271 57 57 260
271 188 15 290
272 32 53 46
272 64 45 563
272 160 33 602
272 165 13 599
272 9 25 30
272 140 19 8
272 78 7 415
272 81 27 567
272 21 39 126
272 183 59 193
272 125 3 173
272 158 49 561
273 32 11 734
273 129 37 71
273 34 13 575
273 99 57 317
273 166 19 271
273 8 1 265
273 111 49 464
273 119 52 573
273 150 45 242
273 55 41 626
273 186 31 508
273 157 34 103
274 37 13 501
274 69 37 427
274 138 55 276
274 108 10 218
274 173 7 587
274 12 25 162
274 79 59 496
274 112 45 382
274 182 1 385
274 86 34 508
274 186 31 231
274 61 4 515
275 3 43 690
275 133 46 214
275 102 19 356
275 72 27 308
275 170 37 332
275 155 57 392
275 78 31 624
275 14 1 343
275 80 4 731
275 181 11 657
275 59 13 53
275 157 52 519
276 3 31 3
276 164 1 275
276 133 22 226
276 5 45 381
276 10 27 266
276 14 43 460
276 81 37 249
276 82 10 1
276 20 34 468
276 181 7 417
276 84 19 523
276 150 15 728
277 161 9 43
277 170 1 101
277 11 23 163
277 75 47 35
277 171 34 619
277 50 43 312
277 20 4 175
277 149 51 486
277 87 31 5
277 185 57 255
277 187 45 306
277 60 55 581
278 2 33 359
278 132 9 435
278 168 39 665
278 40 27 146
278 171 43 297
278 109 57 278
278 14 3 112
278 51 21 230
278 116 13 10
278 181 25 633
278 151 51 299
278 62 55 251
279 163 43 223
279 4 25 15
279 69 22 106
279 103 7 662
279 8 29 360
279 9 59 383
279 170 1 52
279 13 39 112
279 15 27 301
279 185 33 367
279 155 13 400
279 156 57 595
280 97 37 130
280 132 25 365
280 199 39 107
280 13 31 153
280 142 45 252
280 83 55 34
280 86 19 399
280 184 33 710
280 126 4 506
280 123 1 532
280 188 57 359
280 30 9 637
281 64 27 98
281 68 43 212
281 198 51 99
281 44 11 484
281 142 15 579
281 110 19 150
281 112 59 575
281 145 4 602
281 78 55 473
281 157 31 264
281 23 37 244
281 93 47 148
282 131 29 54
282 67 7 309
282 198 55 745
282 103 49 662
282 42 25 256
282 108 31 371
282 155 37 81
282 114 45 472
282 24 16 236
282 59 57 258
282 189 4 373
282 184 21 170
283 160 25 35
283 129 21 225
283 99 57 603
283 100 1 586
283 79 53 19
283 17 31 470
283 182 16 433
283 184 35 472
283 185 37 674
283 59 43 196
283 120 49 570
283 158 5 124
284 129 29 71
284 109 45 397
284 46 21 436
284 28 17 34
284 60 25 690
284 145 4 8
284 114 49 617
284 83 59 34
284 54 40 443
284 152 37 580
284 89 10 199
284 156 27 191
285 5 49 673
285 37 31 557
285 43 59 564
285 12 39 593
285 111 7 649
285 144 19 722
285 176 15 204
285 178 57 586
285 19 23 387
285 150 27 711
285 120 1 630
285 30 43 596
286 161 35 27
286 197 25 368
286 198 33 509
286 72 51 551
286 47 10 21
286 48 15 581
286 17 47 167
286 178 45 263
286 185 37 672
286 123 1 278
286 126 7 547
286 31 19 342
287 42 43 106
287 77 29 108
287 110 1 451
287 141 34 321
287 48 53 160
287 81 15 346
287 54 7 622
287 118 10 271
287 185 57 73
287 154 37 446
287 125 49 581
287 158 31 195
288 65 9 536
288 35 45 123
288 164 19 674
288 163 4 298
288 166 59 32
288 100 1 158
288 36 28 730
288 51 31 691
288 21 55 302
288 153 37 1
288 190 15 456
288 159 33 63
289 65 13 681
289 67 33 134
289 198 23 186
289 72 25 29
289 168 51 494
289 76 58 732
289 175 49 73
289 176 31 656
289 52 10 52
289 87 37 5
289 27 7 482
289 29 4 42
290 67 43 134
290 163 1 223
290 195 39 419
290 72 57 664
290 42 25 133
290 11 51 722
290 45 49 136
290 50 47 312
290 61 7 360
290 25 21 43
290 93 55 148
290 57 15 147
291 64 33 660
291 192 53 139
291 37 43 97
291 168 1 665
291 10 49 252
291 75 13 100
291 76 28 220
291 77 59 45
291 142 15 644
291 143 11 539
291 145 37 561
291 23 55 4
292 194 51 497
292 3 28 36
292 68 55 468
292 37 21 663
292 6 31 64
292 73 37 707
292 107 16 403
292 176 3 548
292 113 58 80
292 87 46 5
292 89 40 337
292 123 10 597
293 135 1 449
293 141 19 86
293 77 41 45
293 15 33 379
293 124 10 574
293 156 17 400
293 80 7 720
293 84 28 565
293 30 45 716
293 186 49 606
293 92 52 204
293 190 57 66
294 160 39 522
294 165 22 604
294 178 55 551
294 147 27 700
294 116 31 203
294 181 5 326
294 18 37 7
294 25 43 131
294 58 10 516
294 57 13 188
294 126 52 628
294 159 57 696
295 97 37 506
295 130 31 561
295 131 49 54
295 6 3 83
295 199 35 17
295 107 40 403
295 108 16 115
295 178 59 541
295 146 43 361
295 20 55 548
295 21 19 138
295 125 51 681
296 192 39 736
296 161 31 27
296 5 7 646
296 138 43 273
296 42 21 649
296 170 34 489
296 45 49 2
296 78 3 151
296 183 15 576
296 120 25 180
296 92 58 742
296 125 51 643
297 192 37 139
297 199 35 542
297 200 39 568
297 39 21 614
297 10 25 738
297 138 51 289
297 42 15 385
297 157 1 316
297 155 9 215
297 92 4 199
297 189 43 515
297 95 31 89
298 196 47 251
298 71 37 277
298 103 4 426
298 169 25 583
298 73 45 384
298 105 35 74
298 174 7 42
298 113 1 80
298 82 55 471
298 19 33 92
298 150 17 637
298 27 13 482
299 129 7 71
299 3 28 350
299 131 45 183
299 198 15 605
299 135 40 129
299 104 25 710
299 171 4 149
299 43 21 227
299 144 10 668
299 145 1 500
299 85 33 234
299 159 57 453
300 194 25 261
300 3 19 3
300 167 55 672
300 135 13 449
300 106 9 246
300 139 39 605
300 113 28 80
300 84 1 524
300 151 33 339
300 190 43 717
300 29 22 200
300 62 37 251
301 132 43 377
301 164 13 646
301 199 19 433
301 137 49 731
301 41 31 356
301 172 1 575
301 13 17 581
301 174 22 42
301 147 27 591
301 115 7 55
301 119 37 59
301 59 3 53
302 192 1 139
302 66 45 31
302 100 40 124
302 196 3 725
302 6 15 736
302 169 25 615
302 75 9 631
302 111 37 321
302 117 31 387
302 118 19 495
302 154 49 140
302 59 57 53
303 37 55 164
303 5 21 738
303 8 15 513
303 40 25 700
303 76 1 657
303 109 5 397
303 174 34 42
303 149 17 37
303 54 49 611
303 86 10 508
303 90 59 184
303 124 31 497
304 32 49 494
304 195 15 273
304 196 55 640
304 100 28 549
304 72 33 664
304 111 22 66
304 81 51 249
304 150 7 242
304 183 41 224
304 154 43 95
304 61 4 567
304 191 59 502
305 96 15 352
305 64 19 56
305 37 27 473
305 72 57 245
305 200 33 270
305 48 55 160
305 84 1 226
305 53 31 36
305 24 4 498
305 28 39 697
305 158 45 468
305 31 7 342
306 2 33 560
306 36 37 136
306 199 47 17
306 136 15 87
306 105 23 74
306 138 19 615
306 171 40 311
306 170 1 489
306 103 49 58
306 16 10 314
306 178 45 695
306 22 27 527
307 133 52 445
307 166 55 32
307 7 22 393
307 104 4 20
307 138 43 319
307 76 7 607
307 142 31 644
307 81 27 107
307 179 19 17
307 83 59 649
307 119 10 623
307 31 16 342
308 185 3 621
308 196 51 629
308 68 19 88
308 135 31 451
308 104 22 20
308 169 37 615
308 107 25 403
308 180 59 48
308 86 34 673
308 153 45 462
308 158 29 725
308 127 13 363
309 192 47 139
309 193 33 125
309 66 3 128
309 200 7 520
309 106 37 203
309 107 10 403
309 113 16 80
309 115 57 220
309 119 13 67
309 86 19 508
309 183 51 389
309 157 25 103
310 192 49 139
310 129 43 71
310 4 55 26
310 197 7 368
310 196 51 506
310 103 28 662
310 200 45 488
310 92 37 161
310 147 1 371
310 154 15 503
310 60 59 663
310 125 33 426
311 65 19 70
311 35 45 389
311 134 7 681
311 199 57 535
311 74 39 733
311 12 33 459
311 110 10 471
311 175 27 407
311 142 3 37
311 56 59 40
311 153 15 440
311 159 49 514
312 66 3 136
312 67 9 134
312 70 16 677
312 40 57 202
312 41 22 1
312 78 37 234
312 14 59 59
312 144 13 668
312 82 19 1
312 180 31 48
312 57 33 238
312 122 25 126
313 32 27 434
313 64 43 238
313 160 3 495
313 99 33 548
313 50 13 312
313 179 10 458
313 52 16 259
313 85 39 183
313 86 52 75
313 153 57 390
313 26 29 48
313 92 19 694
314 64 3 660
314 98 43 16
314 67 13 173
314 4 57 26
314 102 28 31
314 72 9 640
314 10 51 448
314 75 59 35
314 109 31 378
314 17 7 371
314 146 37 142
314 58 25 234
315 2 27 481
315 100 40 391
315 6 55 35
315 105 1 183
315 137 49 740
315 9 35 30
315 146 7 457
315 117 43 666
315 118 37 200
315 182 16 391
315 94 4 259
315 31 13 669
316 65 45 641
316 162 53 26
316 12 33 550
316 175 51 378
316 111 28 165
316 50 31 702
316 115 39 670
316 117 57 573
316 54 1 611
316 118 7 91
316 120 19 480
316 185 15 674
317 96 57 748
317 192 13 139
317 70 43 616
317 103 19 58
317 39 27 724
317 114 37 669
317 148 4 111
317 117 31 289
317 87 52 5
317 151 15 693
317 122 9 18
317 187 25 627
318 193 15 650
318 3 1 690
318 133 49 402
318 166 31 32
318 135 4 346
318 5 57 9
318 105 13 509
318 14 23 589
318 115 27 749
318 59 19 248
318 94 10 24
318 31 37 342
319 161 27 454
319 131 59 241
319 4 41 179
319 137 45 691
319 173 55 303
319 16 1 263
319 17 37 44
319 145 19 176
319 83 43 34
319 23 53 4
319 121 15 250
319 187 51 307
320 161 43 27
320 162 47 26
320 102 16 84
320 71 28 692
320 114 49 746
320 19 59 614
320 84 10 743
320 120 21 180
320 121 55 469
320 186 7 537
320 187 3 49
320 158 33 137
321 7 52 549
321 105 17 509
321 10 37 461
321 172 19 372
321 49 23 65
321 18 59 25
321 19 55 6
321 147 27 465
321 117 31 627
321 145 4 437
321 91 1 571
321 190 45 201
322 5 21 541
322 135 40 480
322 11 55 92
322 12 9 127
322 109 43 3
322 143 59 269
322 145 28 110
322 52 31 647
322 85 45 33
322 121 51 607
322 61 25 360
322 31 4 342
323 64 45 659
323 65 57 313
323 97 55 130
323 100 10 417
323 39 15 614
323 175 51 368
323 16 28 457
323 177 40 297
323 181 21 647
323 56 37 40
323 89 31 408
323 191 3 30
324 3 10 742
324 6 37 327
324 71 25 645
324 168 57 621
324 107 19 403
324 45 29 2
324 142 51 658
324 111 1 464
324 51 23 399
324 180 41 235
324 119 46 625
324 63 33 132
325 128 34 424
325 163 22 298
325 196 51 583
325 70 28 326
325 45 17 2
325 109 31 397
325 175 59 445
325 111 13 49
325 148 19 111
325 54 4 611
325 183 1 625
325 91 7 571
326 133 13 695
326 70 4 135
326 40 9 65
326 200 45 686
326 139 59 456
326 174 37 42
326 47 1 21
326 54 31 573
326 24 28 496
326 123 19 239
326 188 55 534
326 127 49 238
327 163 13 223
327 136 21 741
327 107 1 403
327 140 43 268
327 11 51 393
327 49 29 65
327 117 31 421
327 119 25 411
327 154 37 484
327 124 10 348
327 93 23 197
327 63 53 506
328 97 29 130
328 35 51 92
328 133 1 372
328 7 4 632
328 8 23 35
328 109 11 420
328 18 45 471
328 178 59 33
328 84 7 178
328 183 15 35
328 187 33 288
328 159 39 442
329 2 39 612
329 130 55 490
329 67 45 173
329 165 28 340
329 138 15 746
329 139 25 182
329 141 10 456
329 175 3 299
329 21 21 433
329 22 33 470
329 183 51 352
329 93 43 148
330 66 19 645
330 100 43 69
330 101 51 704
330 6 13 64
330 39 7 614
330 74 33 528
330 172 29 316
330 16 46 406
330 83 11 34
330 181 31 62
330 24 25 236
330 188 57 96
331 194 59 558
331 162 43 739
331 68 4 88
331 37 19 127
331 41 37 279
331 79 11 466
331 175 55 698
331 146 51 336
331 85 15 127
331 150 29 493
331 23 49 4
331 156 45 260
332 32 15 198
332 162 25 441
332 7 19 25
332 173 4 587
332 46 51 218
332 17 49 371
332 82 28 1
332 115 45 388
332 145 10 666
332 117 31 34
332 121 57 123
332 124 40 284
333 64 21 98
333 36 13 169
333 134 16 179
333 103 7 378
333 6 57 554
333 73 25 398
333 106 49 682
333 44 29 23
333 143 41 384
333 146 43 204
333 26 27 542
333 159 33 541
334 128 7 255
334 66 43 711
334 67 25 134
334 40 57 121
334 76 31 267
334 45 29 77
334 46 21 335
334 47 40 542
334 16 10 140
334 49 35 65
334 114 51 669
334 95 4 335
335 194 13 746
335 36 43 379
335 6 51 184
335 108 1 349
335 141 4 86
335 78 57 676
335 176 15 377
335 18 39 654
335 178 33 411
335 54 7 83
335 59 21 196
335 93 29 148
336 32 37 535
336 193 21 125
336 34 1 141
336 195 55 125
336 33 33 477
336 101 39 295
336 165 46 599
336 39 27 279
336 41 10 279
336 50 49 312
336 181 31 480
336 60 43 386
337 97 25 130
337 66 33 456
337 71 1 664
337 103 58 58
337 178 55 603
337 50 51 702
337 19 53 6
337 182 7 194
337 54 10 649
337 153 39 390
337 90 31 317
337 190 15 149
338 65 21 439
338 165 31 331
338 38 15 28
338 105 19 74
338 42 57 463
338 106 45 451
338 44 41 23
338 13 29 657
338 51 49 196
338 182 10 391
338 61 34 567
338 63 25 412
339 32 9 301
339 101 31 648
339 166 37 32
339 6 43 90
339 10 27 450
339 107 52 533
339 142 21 401
339 78 15 253
339 84 49 565
339 118 55 510
339 154 3 95
339 91 40 25
340 161 29 27
340 36 52 671
340 5 9 316
340 38 15 146
340 77 43 45
340 110 31 516
340 175 59 329
340 173 40 475
340 19 55 461
340 89 4 589
340 186 25 508
340 91 22 293
341 96 45 725
341 99 33 179
341 37 37 723
341 12 57 203
341 142 19 538
341 143 25 57
341 115 51 749
341 23 47 4
341 153 27 370
341 187 55 19
341 62 7 310
341 63 15 411
342 36 10 671
342 134 22 442
342 70 4 439
342 173 19 587
342 78 37 236
342 18 31 486
342 180 35 48
342 52 58 724
342 23 13 4
342 126 25 229
342 62 29 251
342 31 55 342
343 100 34 192
343 164 13 275
343 8 31 35
343 168 1 28
343 123 37 230
343 175 29 394
343 117 7 33
343 87 40 712
343 152 46 604
343 59 19 268
343 60 49 35
343 158 17 510
344 122 33 299
344 104 16 20
344 28 1 292
344 142 7 727
344 124 58 284
344 114 19 186
344 19 45 487
344 54 55 611
344 55 43 354
344 120 39 630
344 154 27 267
344 156 51 675
345 33 25 676
345 65 19 217
345 37 7 650
345 71 49 566
345 106 33 206
345 142 3 343
345 143 39 463
345 16 52 414
345 52 43 108
345 56 47 40
345 123 58 424
345 63 1 515
346 64 31 207
346 33 7 81
346 128 22 424
346 3 55 3
346 5 49 9
346 133 16 676
346 71 19 373
346 170 13 532
346 106 25 193
346 88 1 95
346 187 41 19
346 28 45 311
347 66 55 540
347 35 1 413
347 99 49 313
347 4 59 15
347 196 15 431
347 169 27 643
347 85 7 428
347 119 43 640
347 88 19 68
347 60 23 7
347 152 31 555
347 94 40 646
348 130 37 483
348 196 45 743
348 72 19 345
348 73 1 600
348 8 15 670
348 77 35 45
348 14 11 6
348 45 27 11
348 85 55 33
348 22 51 395
348 150 33 157
348 88 9 713
349 64 9 331
349 98 29 16
349 67 3 134
349 68 31 162
349 106 39 186
349 139 1 112
349 143 7 412
349 116 19 9
349 125 15 536
349 186 58 641
349 157 49 103
349 94 52 374
350 5 57 233
350 133 49 392
350 71 28 218
350 167 1 213
350 172 35 575
350 108 37 276
350 50 11 312
350 25 19 549
350 57 45 188
350 59 7 296
350 188 13 137
350 94 52 24
351 130 33 539
351 99 25 317
351 35 1 256
351 131 31 54
351 98 13 16
351 104 7 710
351 170 16 300
351 176 57 489
351 186 37 284
351 28 45 642
351 125 19 421
351 30 51 716
352 192 7 139
352 161 1 453
352 160 55 109
352 196 43 374
352 6 31 85
352 136 11 520
352 9 59 421
352 44 51 292
352 77 29 45
352 15 45 566
352 114 25 186
352 121 19 613
353 129 25 71
353 164 58 375
353 167 33 372
353 8 9 721
353 169 49 433
353 137 15 423
353 140 37 514
353 112 21 382
353 183 27 479
353 120 43 582
353 122 3 542
353 62 31 251
354 37 7 440
354 38 39 146
354 105 37 74
354 44 53 292
354 77 25 732
354 79 59 19
354 112 57 69
354 49 19 209
354 18 27 445
354 114 43 669
354 55 11 7
354 188 3 473
355 66 37 99
355 98 35 16
355 186 46 116
355 107 52 403
355 76 22 431
355 112 41 84
355 82 43 1
355 147 7 272
355 22 31 214
355 152 13 304
355 57 55 422
355 122 1 303
356 66 1 547
356 132 39 215
356 166 5 32
356 135 31 449
356 9 29 475
356 75 45 427
356 176 37 489
356 145 58 8
356 144 34 151
356 17 13 44
356 180 19 48
356 27 49 482
357 194 1 18
357 5 7 152
357 199 13 17
357 40 11 163
357 137 55 320
357 169 19 228
357 108 40 587
357 79 53 386
357 146 15 121
357 53 51 77
357 28 27 213
357 125 45 643
358 64 1 131
358 8 35 707
358 105 11 74
358 137 39 529
358 77 19 45
358 145 25 437
358 116 9 216
358 56 47 712
358 89 13 15
358 122 57 18
358 28 21 711
358 94 31 374
359 121 19 314
359 130 43 193
359 66 13 212
359 4 31 491
359 166 5 514
359 114 1 222
359 19 27 461
359 180 9 327
359 54 58 622
359 24 49 517
359 25 37 181
359 123 34 722
360 2 9 373
360 3 22 240
360 196 39 732
360 102 4 332
360 103 19 662
360 142 43 644
360 174 1 186
360 149 27 544
360 21 33 688
360 119 13 194
360 153 57 370
360 156 51 276
361 161 47 27
361 195 25 505
361 196 1 437
361 4 35 658
361 110 49 587
361 14 5 266
361 49 31 65
361 146 9 121
361 21 37 147
361 57 13 208
361 123 58 673
361 95 19 78
362 34 31 619
362 122 51 18
362 168 25 300
362 139 1 713
362 16 13 426
362 149 45 458
362 182 19 384
362 23 11 4
362 120 37 180
362 118 34 428
362 90 17 451
362 62 5 310
363 162 17 26
363 131 13 54
363 196 15 499
363 135 46 544
363 110 49 451
363 47 31 443
363 143 37 265
363 146 1 116
363 179 22 239
363 116 9 128
363 149 43 123
363 90 5 716
364 2 7 612
364 164 19 275
364 139 25 626
364 76 40 661
364 107 58 403
364 110 34 398
364 17 5 44
364 20 13 175
364 85 51 655
364 87 46 267
364 24 43 623
364 152 31 118
365 33 1 667
365 194 39 748
365 131 47 202
365 164 58 510
365 102 19 654
365 135 13 609
365 7 43 592
365 137 31 143
365 43 5 594
365 53 35 701
365 183 49 479
365 122 25 97
366 4 13 179
366 132 1 682
366 71 22 413
366 40 47 163
366 11 15 511
366 76 28 287
366 49 25 65
366 145 19 676
366 54 52 57
366 23 7 72
366 92 31 28
366 63 9 411
367 130 33 328
367 131 11 54
367 11 31 393
367 92 40 169
367 177 16 483
367 180 13 48
367 117 19 249
367 154 25 140
367 123 49 98
367 124 58 613
367 94 46 24
367 63 3 351
368 33 7 112
368 197 11 368
368 71 46 537
368 139 3 578
368 175 55 110
368 79 41 105
368 84 37 523
368 86 49 549
368 56 59 335
368 186 25 141
368 158 33 55
368 191 35 414
369 4 45 179
369 164 10 685
369 135 52 271
369 7 37 106
369 46 35 463
369 15 5 6
369 111 19 204
369 177 7 179
369 182 28 119
369 121 1 616
369 26 33 686
369 62 43 251
370 3 43 398
370 35 21 598
370 122 31 582
370 13 55 743
370 48 47 160
370 113 49 80
370 179 1 673
370 150 11 408
370 182 25 444
370 57 13 441
370 26 9 659
370 94 52 200
371 128 49 129
371 129 1 71
371 98 41 16
371 103 43 461
371 168 31 720
371 73 5 156
371 74 27 381
371 109 13 3
371 78 21 219
371 87 10 5
371 88 55 68
371 183 57 594
372 192 25 736
372 100 37 492
372 106 43 7
372 11 59 512
372 28 35 652
372 14 23 45
372 49 9 319
372 85 1 362
372 121 15 31
372 92 28 277
372 158 11 656
372 31 52 729
373 65 21 733
373 163 58 298
373 198 51 542
373 105 19 499
373 137 27 391
373 77 11 45
373 52 13 106
373 152 37 513
373 90 17 98
373 59 1 225
373 125 7 75
373 95 40 617
374 101 7 504
374 200 43 42
374 72 15 230
374 106 45 208
374 170 40 451
374 140 27 351
374 13 23 300
374 143 35 384
374 81 49 600
374 149 57 486
374 151 37 316
374 158 5 216
375 194 35 552
375 130 31 475
375 101 25 648
375 138 21 684
375 15 45 85
375 152 55 383
375 19 9 266
375 55 5 7
375 151 39 675
375 89 58 185
375 91 13 271
375 29 49 714
376 98 1 16
376 130 37 328
376 68 10 712
376 75 35 638
376 76 52 347
376 141 7 153
376 79 25 352
376 48 49 160
376 119 55 394
376 58 58 369
376 187 5 19
376 28 27 689
377 129 5 71
377 34 37 13
377 67 25 323
377 4 3 15
377 37 21 336
377 193 31 184
377 13 7 31
377 175 49 703
377 112 51 545
377 188 55 410
377 61 46 640
377 31 43 494
378 162 41 398
378 163 49 223
378 69 1 106
378 104 13 20
378 11 45 198
378 44 39 595
378 77 19 622
378 113 16 556
378 54 22 348
378 56 57 741
378 57 31 147
378 59 25 703
379 69 58 219
379 134 25 87
379 122 13 18
379 109 23 440
379 49 19 664
379 82 52 465
379 54 49 322
379 22 39 309
379 120 7 582
379 90 29 146
379 29 34 578
379 63 3 486
380 129 55 71
380 195 3 505
380 101 43 736
380 134 52 177
380 41 19 279
380 106 33 352
380 141 16 86
380 15 29 636
380 18 41 7
380 23 25 4
380 63 37 109
380 159 9 131
381 194 47 718
381 3 40 3
381 7 43 453
381 41 37 356
381 139 33 679
381 92 49 150
381 156 59 580
381 147 25 566
381 20 22 175
381 187 17 266
381 124 52 711
381 94 19 404
382 67 21 323
382 133 43 300
382 168 1 295
382 74 7 313
382 77 53 45
382 144 16 565
382 177 40 140
382 112 35 382
382 50 11 702
382 20 46 175
382 53 55 9
382 63 59 486
383 32 51 692
383 71 7 719
383 74 1 280
383 11 23 641
383 172 21 505
383 142 31 190
383 176 45 30
383 177 28 448
383 55 25 677
383 89 58 743
383 90 11 339
383 127 37 105
384 99 39 63
384 4 15 491
384 170 43 419
384 11 35 11
384 144 22 151
384 81 3 22
384 51 55 28
384 85 25 486
384 89 7 700
384 187 49 19
384 28 53 94
384 93 51 197
385 64 1 331
385 193 37 272
385 162 43 179
385 131 25 54
385 132 45 72
385 165 55 274
385 71 10 566
385 8 53 176
385 78 19 555
385 49 49 65
385 148 7 462
385 158 41 241
386 36 28 122
386 165 37 76
386 132 21 390
386 103 40 58
386 8 15 524
386 135 52 624
386 43 9 447
386 179 34 291
386 84 25 226
386 85 55 191
386 187 59 306
386 94 49 110
387 194 53 85
387 98 55 16
387 196 19 679
387 68 7 400
387 69 46 333
387 35 21 689
387 40 33 380
387 169 25 422
387 47 40 21
387 180 49 693
387 87 1 504
387 154 57 484
388 159 27 364
388 129 41 71
388 34 10 13
388 196 55 710
388 71 22 277
388 172 59 374
388 77 17 45
388 145 49 308
388 148 13 111
388 31 7 425
388 94 52 110
388 63 45 412
389 160 45 6
389 136 15 167
389 41 49 1
389 171 7 601
389 17 11 371
389 19 57 487
389 22 29 137
389 119 4 393
389 94 52 259
389 123 34 247
389 62 1 251
389 95 40 78
390 70 19 517
390 39 1 614
390 168 25 625
390 140 15 219
390 175 53 270
390 177 58 101
390 119 34 353
390 148 43 111
390 151 23 552
390 187 13 546
390 127 9 585
390 63 47 429
391 97 57 130
391 162 41 467
391 165 31 653
391 7 19 377
391 40 47 420
391 10 1 448
391 171 22 291
391 139 9 239
391 13 13 288
391 15 59 61
391 84 28 523
391 95 16 569
392 102 19 552
392 8 51 45
392 41 37 155
392 74 55 166
392 108 46 276
392 14 9 295
392 92 22 378
392 51 7 261
392 148 16 111
392 21 1 678
392 26 59 509
392 188 25 410
393 161 23 495
393 168 33 292
393 8 45 328
393 42 1 633
393 176 47 14
393 53 27 259
393 118 40 113
393 23 29 4
393 190 55 644
393 125 13 709
393 62 49 251
393 191 9 396
394 192 55 139
394 131 43 54
394 4 5 15
394 70 40 544
394 186 31 494
394 138 25 319
394 45 59 136
394 16 22 342
394 81 7 429
394 21 15 688
394 122 1 97
394 125 51 738
395 4 23 687
395 69 55 663
395 75 49 408
395 175 33 203
395 47 43 21
395 150 21 108
395 30 25 637
395 24 1 601
395 185 13 255
395 123 40 100
395 189 52 282
395 126 58 261
396 194 19 497
396 101 39 301
396 167 13 540
396 168 57 428
396 171 34 149
396 175 49 259
396 111 1 90
396 19 53 614
396 182 43 119
396 55 5 187
396 126 46 661
396 31 25 342
397 161 27 137
397 7 37 25
397 71 52 425
397 105 11 545
397 81 45 78
397 51 43 261
397 147 15 560
397 149 29 37
397 152 58 406
397 185 3 274
397 123 19 229
397 158 9 74
398 101 45 128
398 6 1 554
398 166 43 32
398 168 19 720
398 109 17 3
398 173 49 138
398 82 34 423
398 85 9 191
398 86 55 508
398 182 40 214
398 61 31 360
398 30 25 716
399 64 19 563
399 130 9 483
399 195 51 419
399 122 1 126
399 167 55 634
399 137 43 430
399 47 13 58
399 145 40 8
399 17 49 470
399 86 28 307
399 184 31 256
399 90 7 600
400 33 27 260
400 102 13 83
400 172 25 19
400 47 52 21
400 124 10 289
400 113 40 80
400 180 47 48
400 85 1 655
400 87 16 613
400 123 37 555
400 28 49 589
400 30 19 147
401 131 55 431
401 132 21 365
401 8 31 663
401 42 7 705
401 108 49 156
401 110 37 587
401 147 13 420
401 152 58 301
401 25 3 434
401 124 43 647
401 61 40 640
401 57 25 515
402 162 41 154
402 168 51 63
402 41 46 510
402 42 37 649
402 9 19 255
402 172 49 738
402 12 15 537
402 18 27 468
402 22 25 715
402 154 9 446
402 91 55 626
402 62 59 251
403 67 1 309
403 196 9 437
403 165 52 76
403 3 25 36
403 109 55 278
403 14 29 603
403 180 7 48
403 87 58 5
403 55 47 7
403 123 34 487
403 92 19 378
403 127 15 586
404 65 33 313
404 34 52 61
404 6 37 606
404 135 43 313
404 75 9 716
404 13 25 362
404 109 15 3
404 46 23 64
404 142 1 565
404 50 29 312
404 148 58 111
404 88 21 144
405 129 9 478
405 67 39 173
405 36 28 169
405 69 55 685
405 103 22 662
405 40 53 606
405 77 45 732
405 17 47 44
405 83 51 327
405 119 31 79
405 59 13 703
405 31 34 342
406 96 33 348
406 97 43 130
406 193 45 184
406 192 19 139
406 2 1 649
406 177 55 104
406 116 53 203
406 53 59 475
406 23 51 723
406 26 9 624
406 189 37 689
406 31 25 136
407 66 51 509
407 99 45 120
407 69 34 427
407 42 7 59
407 77 19 656
407 177 22 73
407 150 29 224
407 119 37 358
407 88 43 68
407 89 4 60
407 187 15 408
407 93 25 148
408 67 31 323
408 164 16 275
408 6 57 249
408 103 13 461
408 198 39 516
408 40 29 727
408 10 1 6
408 43 45 556
408 111 49 657
408 114 7 186
408 85 19 621
408 22 25 52
409 67 37 258
409 36 25 730
409 69 10 109
409 165 49 475
409 132 19 207
409 6 1 184
409 100 7 492
409 45 41 2
409 18 17 199
409 147 45 520
409 82 58 667
409 157 52 103
410 193 57 382
410 36 13 283
410 38 39 28
410 167 19 634
410 41 52 155
410 74 31 611
410 113 25 556
410 146 9 142
410 181 47 25
410 182 4 408
410 186 28 43
410 157 43 264
411 102 22 83
411 198 31 551
411 40 33 66
411 74 55 127
411 13 49 31
411 14 51 335
411 173 7 138
411 78 25 424
411 109 1 704
411 15 59 164
411 22 17 302
411 24 10 569
412 130 39 539
412 34 4 381
412 167 43 349
412 72 7 230
412 105 11 183
412 168 15 245
412 45 29 249
412 144 55 668
412 16 25 586
412 147 31 194
412 149 21 544
412 159 49 148
413 65 31 41
413 2 51 447
413 99 55 211
413 172 15 372
413 108 22 673
413 175 11 410
413 147 25 324
413 84 19 226
413 186 4 170
413 61 1 640
413 158 45 602
413 127 37 589
414 64 1 56
414 128 58 38
414 130 33 375
414 70 10 22
414 105 49 74
414 106 25 425
414 43 21 556
414 77 31 476
414 111 43 542
414 19 23 465
414 121 15 88
414 158 51 561
415 193 39 454
415 194 55 552
415 35 49 125
415 129 59 635
415 166 53 32
415 16 16 485
415 113 13 80
415 48 29 160
415 149 23 455
415 22 33 596
415 26 25 604
415 188 1 290
416 33 19 443
416 34 49 575
416 68 16 661
416 41 28 275
416 109 25 278
416 181 33 554
416 86 7 306
416 125 1 194
416 24 52 236
416 185 43 285
416 157 58 141
416 63 39 515
417 132 51 343
417 7 43 534
417 136 31 562
417 200 47 546
417 199 21 717
417 140 25 484
417 175 59 352
417 84 40 312
417 119 16 51
417 185 1 121
417 92 37 150
417 190 7 210
418 36 1 671
418 68 40 88
418 71 52 709
418 171 49 601
418 14 19 589
418 16 25 69
418 17 55 44
418 150 59 242
418 120 33 180
418 24 16 249
418 88 13 68
418 158 9 241
419 96 33 61
419 33 37 552
419 162 45 593
419 3 7 742
419 74 19 423
419 12 25 203
419 46 57 140
419 144 10 722
419 114 15 558
419 184 51 325
419 24 1 703
419 61 4 483
420 96 39 699
420 99 13 680
420 132 57 254
420 71 7 219
420 74 51 391
420 140 31 591
420 49 41 65
420 147 21 715
420 20 46 727
420 85 1 329
420 150 11 149
420 120 27 582
421 129 31 71
421 5 1 152
421 198 11 542
421 167 13 634
421 73 39 521
421 139 55 578
421 174 7 213
421 83 35 34
421 181 29 633
421 54 43 227
421 188 57 404
421 93 41 148
422 35 39 413
422 164 7 663
422 195 13 505
422 6 19 429
422 67 49 173
422 73 57 606
422 41 43 415
422 15 59 212
422 24 1 494
422 27 28 482
422 189 25 282
422 126 34 51
423 32 23 214
423 195 51 463
423 164 34 646
423 42 15 589
423 173 31 138
423 174 19 426
423 143 37 590
423 22 41 137
423 182 1 424
423 150 43 161
423 185 7 627
423 124 55 376
424 3 46 3
424 163 19 223
424 75 39 716
424 78 25 79
424 17 3 470
424 179 49 401
424 51 53 332
424 20 34 175
424 23 9 723
424 90 41 79
424 156 59 562
424 94 31 200
425 161 55 53
425 4 5 658
425 7 34 662
425 105 11 509
425 45 23 136
425 142 7 588
425 55 19 7
425 88 37 68
425 121 25 373
425 56 53 335
425 188 43 466
425 30 13 716
426 131 51 750
426 165 7 599
426 199 39 717
426 138 55 273
426 15 47 411
426 146 13 301
426 21 21 397
426 182 31 424
426 88 53 328
426 185 27 512
426 91 34 331
426 191 25 357
427 96 31 468
427 99 1 313
427 43 27 688
427 13 47 413
427 29 40 57
427 83 25 34
427 148 13 462
427 53 51 627
427 22 23 330
427 24 34 569
427 157 19 735
427 190 7 455
428 128 28 641
428 192 43 139
428 3 40 24
428 197 5 501
428 9 53 30
428 138 49 37
428 45 59 215
428 86 55 388
428 153 9 390
428 90 45 79
428 155 19 14
428 127 1 204
429 186 31 170
429 108 16 347
429 44 49 23
429 28 39 663
429 49 55 65
429 114 27 558
429 188 21 473
429 54 52 507
429 185 9 708
429 122 1 592
429 91 46 278
429 124 58 491
430 99 39 485
430 100 28 339
430 197 55 368
430 7 49 399
430 40 59 7
430 169 31 643
430 9 43 30
430 170 1 356
430 141 22 86
430 49 13 65
430 146 9 181
430 27 16 151
431 34 22 575
431 135 37 218
431 138 13 319
431 108 10 156
431 175 7 401
431 80 55 720
431 18 33 699
431 22 25 597
431 182 49 365
431 118 58 458
431 57 45 630
431 61 52 360
432 194 53 552
432 4 37 179
432 104 34 20
432 169 27 550
432 107 31 403
432 140 21 52
432 82 13 43
432 120 9 333
432 92 49 618
432 29 43 29
432 158 55 7
432 31 40 729
433 128 46 705
433 194 55 677
433 101 25 521
433 6 7 85
433 105 57 545
433 175 39 259
433 15 33 636
433 51 13 28
433 62 35 251
433 58 4 355
433 60 59 578
433 158 15 615
434 193 43 692
434 165 40 76
434 103 34 58
434 173 55 587
434 110 4 733
434 148 52 111
434 93 25 225
434 24 49 701
434 58 37 597
434 59 7 703
434 157 19 316
434 126 16 123
435 128 52 38
435 130 1 684
435 70 55 256
435 11 59 79
435 174 46 423
435 147 15 520
435 84 22 531
435 62 13 251
435 185 7 288
435 91 37 91
435 156 31 672
435 25 25 380
436 130 31 159
436 56 27 400
436 196 47 725
436 134 58 87
436 107 49 403
436 109 7 704
436 143 45 402
436 53 53 77
436 184 25 596
436 153 1 469
436 186 37 509
436 61 22 483
437 97 29 259
437 164 43 275
437 9 31 433
437 106 7 262
437 76 52 656
437 78 13 126
437 16 25 414
437 20 40 175
437 52 4 666
437 119 46 358
437 189 34 452
437 159 21 315
438 36 13 157
438 9 45 433
438 170 58 52
438 139 9 602
438 74 27 412
438 141 31 86
438 51 21 349
438 88 51 171
438 58 55 369
438 187 47 89
438 92 37 199
438 93 41 225
439 65 15 548
439 132 1 432
439 103 43 378
439 45 55 429
439 79 57 723
439 81 27 605
439 146 21 121
439 119 52 79
439 182 49 537
439 86 10 661
439 25 31 635
439 60 59 285
440 33 21 50
440 131 19 77
440 67 43 323
440 69 13 525
440 40 33 709
440 79 7 553
440 146 55 693
440 147 9 243
440 152 1 118
440 120 27 570
440 56 31 735
440 29 37 578
441 153 9 467
441 99 21 317
441 195 31 279
441 131 27 54
441 167 49 349
441 173 13 587
441 180 55 48
441 181 39 647
441 150 59 161
441 57 43 434
441 155 3 392
441 94 16 280
442 64 15 331
442 32 55 466
442 3 37 3
442 4 53 687
442 198 3 745
442 104 49 20
442 78 7 385
442 143 29 616
442 178 31 428
442 83 47 34
442 148 22 111
442 117 25 289
443 164 52 663
443 101 13 504
443 133 55 729
443 199 9 433
443 69 49 427
443 72 39 517
443 40 11 185
443 112 23 667
443 16 19 603
443 81 25 706
443 22 33 715
443 90 45 146
444 97 47 736
444 132 33 124
444 197 43 368
444 38 57 28
444 105 15 545
444 175 25 568
444 84 22 178
444 21 1 641
444 118 49 271
444 87 19 612
444 28 39 652
444 94 10 110
445 131 25 470
445 164 22 275
445 101 15 598
445 100 58 195
445 26 39 426
445 41 4 510
445 45 31 2
445 17 43 371
445 113 28 744
445 83 49 34
445 90 53 98
445 62 9 310
446 65 43 681
446 164 52 275
446 90 59 98
446 8 57 749
446 174 25 447
446 48 37 160
446 16 28 435
446 85 15 191
446 55 49 7
446 58 22 744
446 28 9 584
446 62 33 310
447 160 43 247
447 193 37 178
447 132 25 72
447 69 10 106
447 106 15 113
447 107 34 533
447 142 19 287
447 112 59 572
447 148 49 111
447 86 7 508
447 155 1 36
447 156 5 562
448 69 31 427
448 6 19 85
448 167 57 295
448 10 15 655
448 106 1 721
448 174 49 239
448 79 25 542
448 147 37 715
448 88 29 328
448 59 43 225
448 124 52 122
448 125 9 143
449 66 13 336
449 67 1 323
449 163 46 298
449 3 10 690
449 134 52 153
449 6 39 35
449 9 21 589
449 105 33 545
449 11 49 674
449 142 27 404
449 58 7 369
449 188 55 592
450 64 15 659
450 3 10 350
450 132 55 501
450 200 51 520
450 73 39 355
450 74 21 661
450 138 43 289
450 173 7 359
450 17 53 201
450 179 1 444
450 23 33 723
450 61 25 640
451 26 33 537
451 58 52 355
451 5 3 233
451 134 55 517
451 7 43 112
451 104 16 612
451 142 25 619
451 21 21 432
451 54 58 666
451 186 40 358
451 190 9 674
451 63 29 263
452 160 51 495
452 3 31 24
452 6 1 133
452 166 55 225
452 137 15 691
452 74 19 539
452 139 9 84
452 78 25 748
452 176 57 30
452 52 37 380
452 152 40 498
452 91 34 293
453 161 51 576
453 66 1 509
453 70 37 260
453 168 7 430
453 41 58 72
453 78 19 253
453 176 29 14
453 184 41 11
453 154 13 95
453 187 23 408
453 157 55 103
453 127 25 341
454 64 7 563
454 130 19 490
454 4 33 15
454 198 23 332
454 135 37 193
454 134 55 512
454 105 45 545
454 107 25 533
454 21 15 211
454 150 59 408
454 59 1 551
454 124 28 112
455 64 25 131
455 65 19 456
455 102 10 332
455 170 37 223
455 74 31 633
455 108 40 631
455 141 13 86
455 174 52 42
455 114 43 746
455 115 3 159
455 51 1 289
455 86 49 311
456 130 1 561
456 99 13 684
456 68 10 88
456 169 31 615
456 73 39 320
456 142 43 600
456 177 25 179
456 146 19 646
456 179 58 257
456 82 7 269
456 63 51 229
456 191 49 268
457 34 19 493
457 99 43 60
457 68 13 661
457 98 49 16
457 39 55 614
457 141 40 86
457 143 27 547
457 82 31 1
457 115 51 388
457 55 9 695
457 185 1 268
457 60 25 436
458 159 25 442
458 132 51 23
458 134 46 22
458 135 55 544
458 39 31 724
458 71 10 719
458 72 13 555
458 170 37 190
458 198 59 159
458 56 29 95
458 123 40 418
458 63 21 454
459 42 19 133
459 107 28 533
459 76 10 477
459 141 13 514
459 16 34 381
459 144 7 162
459 188 39 554
459 20 31 177
459 85 45 145
459 57 1 422
459 92 49 694
459 159 57 315
460 35 21 97
460 3 52 398
460 8 39 749
460 104 43 20
460 74 7 381
460 170 13 174
460 174 49 390
460 50 25 312
460 84 46 292
460 120 55 570
460 153 33 469
460 30 1 714
461 32 49 187
461 195 51 505
461 68 58 88
461 7 25 302
461 8 43 579
461 73 55 496
461 177 31 230
461 52 46 395
461 53 29 701
461 84 1 620
461 188 13 473
461 159 7 541
462 35 1 390
462 3 49 24
462 8 35 721
462 169 31 558
462 73 53 358
462 172 9 19
462 92 55 161
462 147 43 490
462 53 15 480
462 150 59 726
462 54 22 57
462 188 37 713
463 2 21 597
463 38 33 39
463 169 37 433
463 10 9 655
463 139 51 165
463 110 43 516
463 175 59 469
463 148 55 132
463 118 4 550
463 153 25 467
463 158 53 7
463 190 15 577
464 97 47 130
464 193 49 382
464 5 21 114
464 76 43 41
464 77 39 616
464 81 7 393
464 21 3 300
464 54 25 206
464 117 57 584
464 57 31 260
464 26 55 571
464 63 29 467
465 64 31 98
465 34 1 165
465 69 4 106
465 11 49 11
465 108 46 631
465 141 52 86
465 77 39 607
465 143 55 630
465 80 25 492
465 44 9 233
465 76 58 702
465 125 19 143
466 97 41 130
466 162 51 26
466 3 1 216
466 166 7 32
466 11 55 11
466 113 16 744
466 116 35 431
466 85 37 33
466 118 28 198
466 186 25 735
466 188 21 171
466 93 49 201
467 33 31 498
467 130 7 539
467 162 51 739
467 71 43 719
467 8 57 366
467 42 1 281
467 14 25 112
467 21 19 594
467 117 13 405
467 54 46 708
467 156 29 400
467 191 35 329
468 98 59 27
468 67 19 309
468 164 34 275
468 126 43 571
468 107 55 403
468 108 16 276
468 18 9 675
468 119 52 640
468 56 39 741
468 186 49 404
468 189 46 282
468 158 27 715
469 136 59 354
469 10 49 266
469 139 15 170
469 12 43 558
469 47 34 632
469 16 40 190
469 179 55 52
469 180 53 48
469 21 7 688
469 88 21 405
469 185 3 396
469 28 17 417
470 65 33 681
470 35 27 386
470 164 10 474
470 5 49 412
470 163 7 223
470 198 21 99
470 108 58 498
470 81 1 345
470 85 37 288
470 88 53 68
470 25 13 549
470 186 43 127
471 129 35 71
471 98 15 699
471 130 45 405
471 100 25 394
471 170 55 265
471 75 37 87
471 78 1 330
471 19 23 6
471 85 49 198
471 21 39 540
471 184 21 748
471 29 58 371
472 129 11 71
472 66 31 750
472 197 49 368
472 71 25 91
472 104 52 710
472 169 19 736
472 45 23 2
472 148 16 462
472 149 47 665
472 30 39 596
472 184 9 748
472 126 13 107
473 2 15 166
473 101 33 100
473 70 52 22
473 106 9 560
473 138 57 615
473 76 37 586
473 77 41 176
473 111 46 207
473 84 49 226
473 54 43 527
473 59 1 196
473 156 29 409
474 192 59 139
474 66 51 305
474 131 21 215
474 99 43 315
474 163 55 223
474 39 7 384
474 169 27 335
474 108 37 455
474 176 33 576
474 80 16 264
474 19 35 6
474 152 1 406
475 32 45 744
475 67 7 258
475 195 1 463
475 69 16 663
475 133 52 696
475 9 25 255
475 83 41 34
475 21 33 300
475 149 55 458
475 155 57 14
475 61 37 360
475 30 19 716
476 195 45 675
476 99 19 67
476 173 55 89
476 144 37 151
476 115 15 683
476 20 40 468
476 181 23 326
476 84 58 178
476 179 10 401
476 152 28 383
476 186 34 495
476 95 4 372
477 129 17 71
477 33 13 89
477 196 23 360
477 68 19 531
477 103 58 461
477 145 55 666
477 19 3 417
477 87 52 257
477 120 7 630
477 186 40 495
477 93 33 525
477 62 45 310
478 129 19 260
478 2 1 166
478 196 55 737
478 10 21 705
478 113 37 626
478 52 52 264
478 117 31 72
478 89 16 49
478 26 59 149
478 59 9 58
478 25 27 357
478 191 45 651
479 35 3 636
479 197 35 368
479 38 27 39
479 73 11 710
479 46 25 570
479 176 39 210
479 177 46 344
479 85 7 356
479 54 49 413
479 151 17 693
479 185 13 232
479 58 58 303
480 128 28 38
480 2 3 2
480 162 33 739
480 4 53 491
480 103 58 662
480 169 9 707
480 172 51 19
480 144 46 162
480 113 25 80
480 52 40 362
480 85 19 535
480 89 55 185
481 162 39 50
481 3 43 742
481 196 27 622
481 101 21 653
481 34 49 707
481 106 1 388
481 45 11 226
481 50 17 312
481 52 52 580
481 185 55 156
481 60 41 350
481 94 13 24
482 160 13 247
482 34 40 586
482 35 1 389
482 4 11 15
482 5 49 381
482 66 7 493
482 186 58 43
482 145 19 602
482 51 33 340
482 181 27 647
482 122 45 18
482 123 37 591
483 159 15 145
483 101 55 287
483 45 51 538
483 143 27 413
483 144 43 722
483 50 35 312
483 51 59 349
483 52 31 673
483 59 3 283
483 60 39 698
483 190 21 320
483 63 9 506
484 192 57 736
484 193 49 454
484 33 37 225
484 37 25 281
484 70 46 501
484 10 19 448
484 61 31 515
484 53 15 627
484 87 43 625
484 183 9 738
484 93 59 525
484 62 3 310
485 162 35 188
485 167 3 491
485 11 37 607
485 43 33 650
485 14 27 655
485 20 7 509
485 116 47 203
485 22 21 102
485 123 40 359
485 92 43 28
485 61 55 360
485 127 49 85
486 132 27 421
486 197 11 501
486 165 55 380
486 72 3 191
486 9 39 683
486 139 19 520
486 79 15 723
486 84 7 90
486 180 37 48
486 123 34 605
486 190 49 691
486 159 21 131
487 160 39 602
487 96 29 352
487 34 1 619
487 35 49 689
487 166 25 32
487 104 10 20
487 170 34 451
487 11 15 722
487 76 22 267
487 92 46 150
487 89 7 507
487 124 31 505
488 64 39 238
488 36 4 671
488 100 7 670
488 72 21 191
488 73 25 378
488 176 19 548
488 17 45 44
488 85 51 677
488 152 58 304
488 24 31 513
488 26 15 200
488 88 29 68
489 97 15 603
489 35 21 485
489 165 52 599
489 102 4 654
489 70 34 248
489 166 29 32
489 137 57 143
489 45 17 160
489 147 45 557
489 56 27 741
489 185 37 29
489 88 9 68
490 193 27 471
490 153 45 467
490 7 58 62
490 42 19 59
490 176 39 377
490 49 17 65
490 114 31 186
490 21 13 641
490 181 7 118
490 182 10 449
490 57 49 434
490 61 1 483
491 99 21 352
491 133 55 187
491 5 15 452
491 74 3 391
491 11 39 722
491 110 52 587
491 47 34 208
491 144 58 151
491 181 27 7
491 22 9 732
491 151 13 119
491 24 43 236
492 65 57 226
492 198 13 27
492 199 3 717
492 200 25 739
492 104 52 612
492 10 15 738
492 107 10 533
492 108 34 18
492 122 45 627
492 59 27 268
492 30 39 637
492 191 7 299
493 129 19 89
493 99 1 211
493 102 49 309
493 6 33 133
493 169 45 280
493 106 21 524
493 11 9 73
493 172 15 457
493 76 52 411
493 14 27 714
493 52 58 729
493 56 39 735
494 32 33 744
494 194 23 102
494 131 21 560
494 100 13 164
494 104 49 710
494 48 43 160
494 81 57 706
494 58 16 516
494 27 46 493
494 29 10 351
494 158 5 206
494 127 37 302
495 193 21 347
495 131 31 298
495 164 4 663
495 3 1 398
495 102 49 384
495 40 27 745
495 72 13 640
495 173 10 96
495 18 45 748
495 116 33 743
495 85 37 307
495 190 57 409
496 97 19 286
496 101 15 93
496 199 35 434
496 137 31 326
496 44 7 521
496 81 55 22
496 180 23 48
496 117 39 549
496 24 28 601
496 27 25 555
496 156 51 334
496 94 1 520
497 185 39 707
497 90 33 317
497 91 1 595
497 44 59 499
497 143 17 24
497 81 45 124
497 145 4 526
497 119 19 31
497 57 25 679
497 122 49 135
497 155 13 392
497 60 53 185
498 37 21 281
498 169 51 459
498 171 58 104
498 107 55 533
498 174 10 426
498 78 39 436
498 81 1 272
498 18 33 748
498 180 7 573
498 23 27 723
498 87 46 224
498 126 43 50
499 33 31 185
499 65 7 46
499 133 25 367
499 72 1 245
499 172 29 181
499 28 47 746
499 113 22 80
499 50 37 312
499 52 19 673
499 154 13 140
499 92 52 667
499 63 57 719
500 32 9 744
500 100 37 743
500 37 25 451
500 135 40 348
500 104 31 612
500 40 15 745
500 73 45 747
500 136 51 745
500 12 19 116
500 177 1 698
500 146 55 181
500 88 11 713
Trạng thái: OPTIMUM
Điểm tối ưu: 6000
Thời gian: 321.5667 giây
