200
1 28 1 17
1 33 59 29
1 50 7 5
2 15 1 21
2 28 26 30
2 31 43 11
3 24 27 14
3 29 4 6
3 40 50 20
4 14 37 6
4 46 1 19
4 50 13 12
5 1 43 1
5 2 1 10
5 38 25 3
6 7 58 17
6 18 37 3
6 40 1 3
6 45 55 13
7 6 13 20
7 8 1 5
7 22 46 22
8 2 51 10
8 49 59 21
9 8 28 16
9 17 31 4
9 28 57 30
9 46 51 19
10 12 1 28
10 35 19 26
11 5 58 23
11 24 7 14
11 25 23 19
11 50 1 12
12 31 58 11
12 38 19 3
12 39 1 25
12 40 15 3
12 44 53 27
13 31 49 11
13 45 1 13
13 50 27 5
14 3 19 14
14 4 7 19
14 14 55 18
15 15 34 21
15 16 9 27
15 44 51 8
16 30 35 25
16 41 4 22
17 4 7 15
18 14 7 6
18 24 45 14
19 2 57 10
20 1 59 24
20 5 1 23
20 28 51 17
20 50 55 7
21 3 59 14
21 6 1 20
21 34 25 15
21 44 55 29
22 7 22 17
22 42 1 9
22 45 59 13
22 50 43 12
23 34 4 15
24 22 10 29
24 50 49 12
25 9 43 10
25 18 34 28
25 22 10 22
25 37 1 1
25 49 55 21
26 14 40 6
26 29 25 22
26 46 43 19
27 10 1 7
27 17 43 4
27 18 37 28
27 29 52 22
28 14 37 18
28 38 34 20
29 28 43 18
29 44 1 8
30 6 55 20
30 37 25 1
31 25 15 8
32 17 1 4
32 30 53 16
32 35 25 26
32 50 49 7
33 3 15 9
33 24 51 14
34 4 34 15
34 25 11 19
34 41 58 22
35 5 40 23
35 35 13 26
36 37 37 1
36 46 55 19
37 3 49 8
37 5 1 11
38 14 52 18
38 26 10 2
38 34 16 15
38 39 4 25
39 1 57 24
39 2 13 10
39 25 1 2
39 40 33 3
40 10 22 22
40 24 32 11
40 31 55 11
40 43 51 30
41 17 55 4
41 46 37 19
42 7 37 17
42 14 34 18
42 22 13 11
42 31 4 11
43 18 19 28
43 34 22 27
43 48 13 24
44 9 55 10
44 32 13 5
45 16 27 6
45 30 17 4
45 31 37 11
46 5 22 23
47 16 57 6
47 32 25 19
48 14 16 18
48 24 8 11
48 34 40 27
49 10 43 15
49 30 37 16
49 46 19 19
49 50 49 5
50 32 21 5
50 42 31 9
51 16 19 6
51 33 25 10
52 1 37 4
52 18 1 27
52 30 25 25
52 32 27 12
53 8 28 22
53 9 35 10
54 33 5 28
54 42 9 9
55 7 1 6
55 22 16 22
55 35 7 28
55 39 49 13
56 4 1 15
56 25 25 29
57 5 46 11
57 6 58 20
57 31 28 11
57 35 1 26
57 41 31 22
58 25 23 8
58 29 49 22
58 37 45 1
58 40 9 3
58 41 1 22
59 3 41 8
59 28 1 30
59 48 39 14
60 10 40 7
60 35 4 26
60 50 31 12
61 5 40 11
61 17 13 4
61 22 19 11
61 33 25 28
62 18 19 27
62 39 58 25
63 9 45 10
63 10 28 15
63 15 52 21
64 45 7 13
65 17 19 4
65 22 7 29
65 45 47 13
65 46 13 19
66 18 58 27
66 32 7 12
67 1 31 1
67 32 55 5
68 8 28 27
68 15 25 21
69 2 21 10
69 15 49 21
69 39 4 13
69 49 47 4
70 17 25 4
70 40 51 3
70 50 7 7
Trạng thái: OPTIMUM
Điểm tối ưu: 200
Thời gian: 0.3206 giây
