3517
1 2 55 368
1 98 27 123
1 36 45 44
1 102 31 11
1 8 34 64
1 10 59 266
1 44 40 109
1 111 49 19
1 112 52 441
1 113 1 104
1 62 4 269
1 63 37 10
2 33 1 342
2 3 49 418
2 36 37 305
2 37 23 195
2 70 25 167
2 9 31 131
2 46 59 185
2 112 46 441
2 115 55 165
2 114 7 292
2 63 15 12
3 64 1 213
3 66 5 113
3 7 25 128
3 106 35 186
3 77 15 173
3 80 55 338
3 83 51 144
3 119 41 226
3 91 21 236
3 29 11 45
3 62 7 404
3 95 39 363
4 35 46 320
4 3 37 418
4 70 10 26
4 7 49 128
4 109 3 134
4 46 31 427
4 16 15 161
4 112 43 299
4 55 57 163
4 91 33 236
4 28 53 5
4 93 27 21
5 3 31 402
5 105 51 331
5 110 1 408
5 79 16 244
5 49 7 93
5 81 21 1
5 51 40 177
5 53 45 430
5 54 35 295
5 57 25 336
5 60 19 86
5 62 37 425
6 32 57 129
6 4 51 30
6 90 25 231
6 103 33 333
6 9 40 131
6 10 1 314
6 108 7 366
6 110 3 314
6 55 21 67
6 88 37 235
6 26 15 85
6 120 53 237
7 35 22 366
7 102 10 171
7 40 57 374
7 13 51 365
7 78 39 111
7 111 25 271
7 109 13 234
7 84 31 268
7 53 43 137
7 86 5 12
7 31 28 309
8 67 31 24
8 72 58 74
8 9 22 238
8 61 47 426
8 85 45 242
8 22 13 154
8 53 39 25
8 120 49 9
8 26 3 347
8 29 1 316
8 62 7 51
9 65 55 355
9 66 29 384
9 35 4 366
9 6 46 265
9 7 37 128
9 45 25 434
9 46 11 185
9 17 21 34
9 118 58 98
9 25 13 426
9 59 7 13
9 92 49 79
10 32 33 60
10 64 55 250
10 7 7 128
10 105 19 331
10 106 25 352
10 11 1 419
10 109 21 394
10 19 40 436
10 115 43 165
10 85 51 47
10 22 15 263
10 26 27 347
11 34 43 202
11 5 13 217
11 9 37 131
11 60 49 72
11 81 27 436
11 113 31 104
11 51 19 267
11 17 57 76
11 86 17 206
11 120 1 237
11 25 55 120
11 28 33 126
12 36 45 345
12 101 21 107
12 40 33 146
12 42 51 343
12 79 37 411
12 48 58 61
12 51 10 267
12 23 25 142
12 25 41 120
12 59 13 13
12 61 1 447
13 96 53 33
13 39 13 37
13 14 5 327
13 112 34 299
13 80 37 351
13 115 49 391
13 20 27 101
13 23 31 149
13 55 23 163
13 56 55 116
13 62 46 404
14 64 25 139
14 2 22 368
14 99 1 406
14 100 37 319
14 73 10 118
14 76 19 242
14 12 31 115
14 110 43 8
14 77 29 173
14 113 35 104
14 49 7 48
14 85 51 88
15 64 34 213
15 65 37 355
15 66 41 38
15 74 13 53
15 10 47 273
15 81 15 94
15 113 19 249
15 116 45 49
15 88 49 245
15 60 7 72
15 62 31 269
16 39 40 113
16 111 28 19
16 50 13 207
16 83 35 144
16 114 43 262
16 118 10 124
16 55 33 67
16 25 7 120
16 90 55 275
16 59 37 325
16 29 3 89
16 62 16 136
17 70 52 183
17 7 55 302
17 42 43 343
17 12 31 378
17 112 4 299
17 83 49 144
17 19 40 401
17 21 29 265
17 54 35 261
17 20 59 371
17 27 13 398
18 4 35 108
18 100 45 446
18 73 28 118
18 106 1 389
18 77 3 261
18 13 55 83
18 48 7 212
18 17 43 5
18 86 17 12
18 59 22 13
18 63 13 241
18 31 25 309
19 66 37 38
19 70 46 170
19 39 43 113
19 40 1 106
19 42 9 343
19 108 58 314
19 45 19 312
19 81 25 94
19 17 33 432
19 22 49 100
19 25 31 426
19 90 15 348
20 98 13 123
20 99 33 158
20 68 4 323
20 37 37 195
20 70 28 159
20 12 43 378
20 14 53 327
20 117 19 184
20 90 9 6
20 29 41 45
20 94 23 81
21 68 52 323
21 38 13 353
21 75 25 399
21 110 9 84
21 52 1 337
21 117 33 313
21 88 49 131
21 89 46 318
21 90 57 348
21 29 31 83
21 95 23 363
21 57 19 336
22 99 19 78
22 4 17 30
22 37 31 195
22 70 1 362
22 39 10 113
22 104 51 38
22 77 23 147
22 13 13 429
22 80 7 351
22 82 25 358
22 84 55 279
22 60 39 307
23 98 33 316
23 2 43 2
23 70 28 291
23 108 22 80
23 44 25 109
23 81 37 94
23 29 57 89
23 85 55 47
23 22 3 70
23 87 9 7
23 90 49 275
23 93 13 35
24 3 43 418
24 7 49 274
24 10 33 273
24 109 9 99
24 47 13 76
24 51 28 78
24 84 3 379
24 55 59 179
24 56 25 4
24 25 37 120
24 28 31 126
24 31 40 309
25 104 37 402
25 74 5 180
25 12 1 214
25 109 25 58
25 77 39 173
25 47 45 370
25 83 29 360
25 52 7 208
25 118 49 98
25 88 16 235
25 120 59 375
25 29 23 45
26 64 16 250
26 96 41 156
26 2 46 368
26 67 43 285
26 101 53 107
26 7 19 106
26 110 49 282
26 49 34 114
26 86 39 206
26 25 9 120
26 61 27 381
26 30 1 356
27 97 10 146
27 2 49 368
27 6 7 226
27 103 21 429
27 70 1 167
27 71 25 346
27 80 16 351
27 114 33 262
27 52 4 337
27 61 31 381
27 62 28 51
28 96 37 350
28 36 31 44
28 9 19 131
28 106 55 186
28 75 10 399
28 108 40 433
28 13 49 377
28 111 46 19
28 80 13 351
28 60 1 72
28 62 4 228
28 31 7 332
29 32 15 162
29 34 40 202
29 35 1 366
29 19 31 341
29 21 13 262
29 22 57 263
29 85 23 47
29 88 10 131
29 28 19 5
29 63 51 396
29 62 46 106
29 31 28 113
30 4 21 95
30 37 19 195
30 69 39 212
30 71 55 346
30 9 28 238
30 81 33 94
30 20 51 224
30 55 31 67
30 85 1 47
30 23 43 56
30 119 23 28
30 25 5 120
31 34 55 231
31 35 19 361
31 4 49 30
31 101 35 107
31 70 1 291
31 2 7 2
31 71 10 34
31 11 31 92
31 108 25 366
31 79 52 244
31 113 37 104
31 25 47 120
32 64 40 213
32 2 52 2
32 66 31 384
32 71 1 34
32 11 21 221
32 76 58 303
32 17 13 5
32 50 7 416
32 82 27 130
32 117 9 184
32 62 43 51
33 98 51 123
33 99 57 339
33 34 1 398
33 5 7 217
33 70 4 278
33 104 45 38
33 74 29 53
33 106 31 59
33 17 23 169
33 21 47 262
33 87 37 7
33 92 34 30
34 33 19 149
34 34 7 202
34 35 10 308
34 37 23 266
34 104 17 402
34 13 45 76
34 80 31 351
34 16 3 211
34 113 49 413
34 53 25 137
34 27 13 448
34 63 57 153
35 98 13 21
35 34 28 439
35 101 51 295
35 70 7 153
35 11 57 342
35 45 3 122
35 15 10 380
35 52 19 345
35 53 45 25
35 56 40 148
35 27 31 22
35 61 23 447
36 96 53 350
36 70 1 174
36 103 57 224
36 110 45 210
36 78 5 111
36 46 55 324
36 113 23 104
36 115 9 391
36 116 41 49
36 86 13 12
36 120 29 237
36 26 49 168
37 2 4 2
37 3 57 421
37 67 28 264
37 70 49 24
37 71 40 34
37 110 7 400
37 15 19 3
37 114 13 292
37 83 47 144
37 116 53 49
37 20 31 371
37 119 37 28
38 32 33 216
38 65 52 54
38 4 31 30
38 68 49 219
38 109 39 234
38 78 23 111
38 13 1 361
38 53 9 430
38 54 29 52
38 23 46 70
38 31 58 309
39 33 51 421
39 68 25 323
39 5 13 373
39 103 21 432
39 42 1 268
39 109 57 394
39 78 17 111
39 47 37 370
39 15 34 3
39 50 11 97
39 83 31 144
39 27 7 133
40 37 17 266
40 7 57 274
40 103 7 140
40 59 1 13
40 74 55 53
40 106 47 186
40 75 28 209
40 109 51 394
40 108 40 63
40 79 37 244
40 118 19 98
40 27 33 179
41 100 57 319
41 72 40 74
41 45 33 95
41 15 7 3
41 112 49 299
41 17 11 5
41 51 22 431
41 118 19 124
41 57 1 117
41 58 27 119
41 93 45 68
42 65 7 54
42 2 10 2
42 37 55 427
42 75 49 209
42 109 37 58
42 17 45 34
42 81 1 436
42 114 15 262
42 55 29 163
42 56 19 410
42 120 59 9
42 62 31 228
43 2 16 368
43 99 55 328
43 41 39 50
43 91 43 236
43 10 59 273
43 12 7 115
43 109 19 134
43 82 31 130
43 20 29 101
43 54 25 45
43 59 4 13
43 61 1 438
44 65 25 54
44 34 40 255
44 97 58 150
44 8 10 64
44 12 19 115
44 44 49 371
44 113 5 104
44 49 34 159
44 51 52 78
44 120 7 237
44 89 55 90
45 99 39 297
45 7 57 128
45 104 1 402
45 75 52 209
45 44 10 359
45 43 23 73
45 110 27 314
45 52 4 443
45 88 34 235
45 24 45 18
45 94 47 81
45 95 17 363
46 64 34 139
46 66 49 384
46 98 39 21
46 13 25 365
46 17 1 196
46 85 51 242
46 117 43 184
46 86 19 12
46 94 5 81
46 62 7 425
47 103 15 419
47 8 58 64
47 73 40 118
47 106 43 186
47 75 46 263
47 42 49 268
47 45 7 95
47 117 1 184
47 56 37 152
47 24 55 356
47 91 27 71
47 60 53 72
48 64 43 213
48 99 13 281
48 70 1 437
48 41 23 280
48 20 7 101
48 85 37 47
48 86 33 12
48 119 11 82
48 94 57 81
48 31 52 113
49 66 39 38
49 5 31 233
49 70 22 230
49 103 43 217
49 104 7 402
49 72 4 74
49 10 15 314
49 79 19 393
49 22 51 263
49 119 17 28
49 56 28 152
49 63 9 195
50 65 31 355
50 7 57 227
50 73 13 118
50 9 10 238
50 75 4 209
50 43 1 386
50 28 7 69
50 113 19 104
50 118 49 124
50 120 53 225
50 91 25 236
50 92 22 250
51 98 3 21
51 66 43 384
51 68 22 323
51 5 15 283
51 74 1 53
51 76 28 254
51 79 7 411
51 15 49 3
51 48 34 61
51 85 53 47
51 88 10 235
51 25 57 120
52 65 52 355
52 35 49 159
52 5 31 187
52 39 22 37
52 72 55 22
52 10 29 273
52 12 25 214
52 47 1 135
52 15 40 3
52 81 43 436
52 27 7 448
52 92 16 170
53 35 46 225
53 67 19 24
53 39 16 37
53 9 7 238
53 105 13 331
53 13 57 317
53 48 43 61
53 19 40 426
53 115 51 250
53 60 29 86
53 94 25 81
53 63 1 241
54 35 1 197
54 37 43 195
54 6 4 247
54 42 55 268
54 78 31 111
54 113 7 104
54 118 16 124
54 88 52 131
54 25 21 120
54 59 28 325
54 61 45 438
54 62 10 179
55 38 46 353
55 9 52 321
55 10 55 314
55 41 29 50
55 108 43 63
55 14 35 327
55 111 1 271
55 50 5 97
55 19 7 341
55 52 16 337
55 24 19 18
55 92 10 349
56 38 4 176
56 7 21 274
56 76 37 215
56 13 49 84
56 46 7 324
56 17 1 220
56 113 53 160
56 51 25 267
56 117 45 313
56 93 31 35
56 95 43 363
57 102 4 171
57 103 25 217
57 72 19 22
57 41 43 50
57 43 39 73
57 112 22 441
57 19 1 341
57 22 9 41
57 120 55 237
57 25 49 120
57 88 34 131
57 62 16 228
58 36 13 165
58 70 52 153
58 40 19 65
58 106 37 186
58 10 45 266
58 44 4 284
58 109 7 58
58 82 33 358
58 117 57 184
58 87 29 7
58 29 31 421
58 63 41 10
59 64 46 257
59 65 16 54
59 98 21 316
59 35 13 319
59 5 57 93
59 73 7 118
59 46 31 185
59 87 35 7
59 25 29 120
59 91 1 236
59 61 51 387
59 95 19 363
60 3 45 421
60 5 15 14
60 6 10 423
60 40 21 198
60 10 33 314
60 75 25 263
60 43 5 73
60 114 51 292
60 51 7 177
60 85 31 47
60 88 28 131
60 90 1 297
61 100 45 258
61 69 19 212
61 72 4 22
61 73 1 118
61 106 53 186
61 76 13 303
61 79 37 393
61 83 17 144
61 116 29 252
61 52 49 443
61 84 31 328
61 120 23 237
62 101 19 107
62 8 22 64
62 13 49 308
62 109 25 163
62 47 13 135
62 49 34 190
62 81 1 1
62 53 57 16
62 55 7 38
62 90 39 151
62 29 47 45
62 30 10 356
63 65 22 355
63 67 37 361
63 102 16 300
63 104 57 38
63 75 7 209
63 14 43 188
63 79 49 51
63 115 3 270
63 20 59 101
63 53 31 16
63 118 46 98
64 64 34 250
64 69 19 280
64 73 43 118
64 105 53 331
64 43 11 73
64 44 4 359
64 29 7 45
64 86 23 12
64 23 28 320
64 90 37 348
64 91 13 236
64 93 57 247
65 36 25 100
65 9 13 131
65 76 19 254
65 78 33 242
65 17 3 283
65 50 55 97
65 21 49 265
65 118 37 124
65 56 16 241
65 28 7 5
65 61 35 426
65 63 11 10
66 67 10 24
66 74 7 301
66 108 55 80
66 109 31 163
66 14 49 327
66 80 46 351
66 20 43 101
66 85 1 88
66 52 4 206
66 26 21 85
66 28 39 224
66 30 25 315
67 96 31 350
67 2 43 368
67 37 59 195
67 75 4 33
67 44 34 407
67 49 16 159
67 114 37 292
67 21 51 395
67 22 25 86
67 91 55 71
67 94 19 81
68 96 47 156
68 34 55 385
68 99 9 86
68 37 25 195
68 5 31 369
68 9 22 131
68 42 51 163
68 107 3 189
68 77 7 147
68 22 43 417
68 55 15 67
68 57 39 336
69 97 31 196
69 2 4 368
69 35 19 417
69 69 39 280
69 102 13 300
69 11 7 138
69 46 35 324
69 14 1 327
69 51 16 78
69 116 57 334
69 83 55 360
69 29 29 45
70 32 49 216
70 33 37 395
70 99 27 269
70 6 34 371
70 74 31 53
70 79 22 411
70 47 9 352
70 82 57 130
70 19 19 341
70 117 15 184
70 87 7 7
70 56 43 410
71 96 35 350
71 98 31 123
71 101 19 200
71 38 7 176
71 5 49 217
71 48 10 119
71 115 25 52
71 52 22 217
71 87 55 7
71 26 13 347
71 60 5 72
71 93 1 204
72 96 53 156
72 56 22 410
72 10 35 105
72 79 4 411
72 112 25 299
72 113 47 104
72 48 19 61
72 23 1 332
72 24 41 18
72 25 15 120
72 26 7 347
72 60 13 72
73 97 46 173
73 99 57 423
73 72 28 22
73 75 13 209
73 44 43 109
73 77 1 147
73 46 41 324
73 79 16 411
73 82 21 130
73 50 19 230
73 20 11 101
73 91 7 236
74 35 31 320
74 68 1 219
74 37 5 195
74 72 28 74
74 46 47 324
74 47 21 352
74 49 25 282
74 21 45 395
74 87 35 248
74 56 7 116
74 91 51 71
74 120 11 237
75 4 53 30
75 69 37 306
75 38 28 398
75 103 45 253
75 104 21 38
75 72 7 74
75 12 49 320
75 20 25 101
75 21 3 310
75 117 13 313
75 57 55 336
76 96 55 350
76 34 16 439
76 37 11 195
76 71 1 346
76 109 21 58
76 47 7 361
76 112 31 441
76 81 49 94
76 52 40 443
76 118 37 98
76 119 53 28
76 63 35 10
77 100 31 258
77 5 3 14
77 70 16 311
77 102 13 171
77 108 46 128
77 45 19 122
77 82 37 130
77 83 1 144
77 20 29 146
77 21 7 265
77 90 9 151
77 31 55 332
78 32 27 162
78 65 16 355
78 33 55 141
78 67 34 24
78 68 46 323
78 36 37 345
78 11 1 149
78 44 19 407
78 47 7 135
78 113 25 104
78 92 49 349
78 29 5 421
79 3 1 107
79 102 19 330
79 105 45 439
79 106 47 59
79 107 25 143
79 76 49 254
79 48 16 61
79 17 33 34
79 53 7 305
79 56 40 410
79 59 37 13
79 62 22 136
80 96 55 156
80 66 45 384
80 37 41 266
80 102 37 171
80 38 31 181
80 69 49 306
80 107 13 143
80 43 5 273
80 110 19 8
80 120 47 9
80 89 1 323
80 26 7 168
81 96 41 350
81 6 28 247
81 39 1 37
81 106 19 186
81 43 7 73
81 75 58 209
81 78 47 111
81 79 10 244
81 113 43 104
81 118 25 124
81 56 52 410
81 89 4 90
82 66 7 384
82 35 43 197
82 70 52 157
82 103 25 429
82 8 49 338
82 42 39 343
82 13 57 404
82 50 31 97
82 118 13 98
82 62 1 136
82 94 19 321
82 31 4 332
83 40 15 450
83 108 52 76
83 113 23 232
83 17 1 231
83 83 13 144
83 51 55 177
83 85 29 47
83 55 5 246
83 120 35 237
83 27 19 344
83 61 37 387
84 70 1 205
84 59 19 376
84 74 11 53
84 109 13 163
84 78 45 111
84 111 52 19
84 16 57 161
84 50 37 97
84 88 25 245
84 25 17 120
84 27 31 344
84 30 7 315
85 96 5 350
85 65 22 54
85 66 49 38
85 98 7 123
85 34 25 439
85 97 52 150
85 38 1 108
85 3 55 418
85 75 40 209
85 77 13 173
85 16 33 161
85 80 28 351
86 33 39 33
86 66 5 384
86 104 43 38
86 77 19 147
86 49 28 48
86 50 25 383
86 84 49 69
86 89 10 90
86 27 45 205
86 93 21 239
86 31 58 332
87 40 43 154
87 104 13 38
87 10 31 266
87 43 17 73
87 8 52 64
87 15 49 328
87 17 39 321
87 51 58 267
87 84 7 100
87 57 1 336
87 62 25 136
87 31 22 309
88 96 5 156
88 71 37 34
88 8 1 64
88 41 19 50
88 9 40 238
88 50 17 383
88 20 13 101
88 86 49 12
88 90 33 6
88 60 15 240
88 94 29 81
89 2 1 368
89 59 22 376
89 75 31 31
89 77 29 261
89 110 7 8
89 83 41 144
89 53 57 25
89 85 39 88
89 119 43 28
89 27 45 33
89 63 27 241
90 33 57 240
90 39 25 37
90 7 33 168
90 44 43 359
90 14 55 188
90 16 39 161
90 53 7 16
90 86 47 12
90 56 49 410
90 28 15 273
91 36 37 409
91 69 19 306
91 102 43 171
91 38 1 369
91 8 49 64
91 104 25 402
91 72 16 203
91 45 31 312
91 14 47 188
91 78 27 111
91 59 55 376
91 61 5 426
92 96 23 430
92 36 7 409
92 69 15 306
92 6 1 423
92 72 43 22
92 106 5 186
92 110 49 315
92 17 37 282
92 114 27 262
92 49 31 48
92 120 11 9
92 62 58 269
93 3 43 402
93 4 23 30
93 5 57 187
93 106 11 186
93 45 51 122
93 15 28 3
93 115 1 43
93 116 35 49
93 118 40 98
93 88 25 131
93 26 19 347
93 59 16 376
94 32 33 162
94 96 49 350
94 2 19 368
94 66 15 38
94 70 58 205
94 45 3 95
94 14 37 188
94 113 1 187
94 30 7 356
94 90 45 297
94 25 53 120
95 32 27 129
95 2 1 2
95 70 40 153
95 39 58 37
95 7 33 302
95 74 53 258
95 44 46 371
95 17 5 5
95 120 19 414
95 25 31 120
95 94 9 214
95 57 13 117
96 3 33 421
96 41 53 280
96 77 17 147
96 46 19 185
96 15 49 108
96 81 27 1
96 115 37 391
96 53 3 16
96 22 57 417
96 87 25 7
96 91 43 71
96 63 1 251
97 65 28 54
97 66 25 113
97 101 23 107
97 38 43 176
97 39 7 113
97 107 31 189
97 108 37 80
97 113 5 413
97 115 19 43
97 85 35 47
97 23 16 60
97 92 58 170
98 32 45 162
98 66 59 384
98 100 33 223
98 69 49 212
98 102 25 171
98 105 11 331
98 76 7 254
98 13 15 365
98 110 37 364
98 81 55 94
98 58 21 75
99 27 7 282
99 9 49 238
99 106 59 59
99 77 11 147
99 78 43 111
99 113 17 413
99 23 55 41
99 24 13 18
99 58 19 119
99 91 31 71
99 92 28 250
100 65 49 355
100 97 10 173
100 100 21 223
100 90 39 187
100 15 52 3
100 86 37 12
100 55 19 179
100 24 17 18
100 118 4 98
100 54 1 99
100 59 46 376
100 92 43 179
101 97 7 263
101 33 25 107
101 71 52 32
101 10 49 273
101 79 46 393
101 48 10 61
101 18 57 271
101 82 21 358
101 115 37 52
101 87 41 7
101 120 43 237
101 93 1 35
102 96 23 156
102 7 33 227
102 8 40 338
102 110 3 8
102 14 53 188
102 80 10 351
102 53 49 430
102 54 17 45
102 22 27 41
102 24 7 182
102 31 19 309
102 95 47 363
103 96 11 156
103 97 52 354
103 2 37 2
103 40 15 146
103 105 5 331
103 107 31 143
103 76 28 303
103 80 1 338
103 21 25 395
103 62 46 228
103 58 57 119
103 94 21 133
104 36 1 36
104 102 46 300
104 39 43 37
104 74 13 301
104 11 27 419
104 43 25 73
104 109 51 134
104 16 55 211
104 50 41 207
104 20 19 101
104 90 37 275
104 95 59 363
105 6 1 286
105 76 31 215
105 77 5 173
105 110 19 210
105 108 46 245
105 81 13 436
105 83 43 144
105 84 57 77
105 118 52 124
105 59 10 376
105 92 28 16
105 63 7 10
106 65 34 54
106 33 39 132
106 99 27 240
106 37 21 302
106 71 43 32
106 40 51 401
106 104 11 38
106 74 49 301
106 73 58 118
106 48 7 119
106 88 1 139
106 60 37 72
107 5 7 14
107 7 25 106
107 103 49 140
107 41 17 50
107 110 13 408
107 114 55 292
107 83 23 360
107 116 1 252
107 27 33 205
107 60 21 314
107 93 43 239
107 94 29 179
108 65 31 54
108 33 9 1
108 69 43 306
108 40 55 201
108 41 37 50
108 105 59 331
108 109 51 234
108 47 39 76
108 19 19 401
108 119 35 28
108 88 28 235
108 89 13 90
109 64 16 386
109 97 10 354
109 68 4 219
109 72 31 203
109 79 7 244
109 81 21 387
109 21 39 265
109 23 52 332
109 120 19 9
109 24 55 152
109 27 57 414
109 31 13 309
110 65 46 54
110 33 21 392
110 98 9 21
110 6 28 423
110 73 34 17
110 46 1 185
110 53 57 305
110 87 49 7
110 119 31 28
110 88 13 235
110 89 52 90
110 63 43 10
111 33 7 92
111 100 25 223
111 10 1 371
111 77 29 147
111 117 51 184
111 24 11 18
111 89 16 90
111 27 39 121
111 28 43 204
111 29 33 293
111 95 35 363
112 64 10 386
112 98 43 316
112 3 13 107
112 100 3 7
112 36 57 256
112 7 37 106
112 39 7 37
112 13 33 377
112 112 52 299
112 120 25 343
112 31 22 332
112 63 27 396
113 64 28 213
113 65 37 54
113 98 55 55
113 99 9 252
113 10 21 273
113 77 5 147
113 46 31 324
113 14 59 140
113 22 51 154
113 58 15 75
113 92 46 349
113 93 1 80
114 3 15 421
114 100 31 323
114 36 1 256
114 104 53 38
114 12 43 115
114 17 9 107
114 114 21 292
114 83 55 144
114 116 19 252
114 81 49 436
114 87 47 7
114 27 57 282
115 32 1 162
115 68 43 219
115 106 13 59
115 76 25 411
115 46 7 185
115 79 52 393
115 116 31 49
115 89 19 318
115 26 57 347
115 91 37 71
115 93 9 80
115 57 33 336
116 97 13 150
116 3 25 421
116 4 1 30
116 101 59 200
116 43 23 273
116 108 52 80
116 49 10 48
116 18 37 243
116 55 19 38
116 120 5 9
116 92 43 16
116 95 41 363
117 2 13 368
117 99 55 230
117 5 7 312
117 101 33 107
117 6 52 423
117 8 28 64
117 41 59 50
117 105 17 331
117 108 1 422
117 81 37 1
117 87 31 7
117 30 46 315
118 2 10 368
118 26 19 168
118 4 41 30
118 66 17 38
118 70 28 167
118 40 31 374
118 118 13 124
118 95 45 363
118 58 1 119
118 28 37 5
118 30 58 315
118 31 49 309
119 98 57 21
119 35 16 319
119 38 13 176
119 72 19 74
119 43 41 73
119 76 46 215
119 80 22 351
119 113 53 249
119 52 1 208
119 22 37 86
119 89 34 90
119 91 49 236
120 68 58 323
120 69 45 280
120 103 9 224
120 39 52 37
120 45 37 122
120 115 31 270
120 117 1 313
120 85 29 88
120 120 7 9
120 61 15 387
120 94 43 81
121 107 51 143
121 108 19 80
121 79 25 244
121 48 22 61
121 115 43 270
121 117 9 313
121 55 17 163
121 25 59 120
121 26 39 168
121 92 31 246
121 62 28 228
121 57 55 117
122 35 28 319
122 100 1 424
122 101 41 107
122 70 25 278
122 3 33 440
122 74 47 53
122 46 23 185
122 113 59 249
122 18 7 271
122 81 49 1
122 84 15 279
122 54 19 45
123 9 1 238
123 12 19 378
123 49 25 48
123 50 17 207
123 115 57 270
123 113 13 413
123 17 29 34
123 86 11 12
123 87 43 7
123 89 37 90
123 27 33 133
123 62 52 404
124 33 19 141
124 36 43 6
124 68 16 219
124 6 58 226
124 43 9 73
124 45 49 312
124 113 27 259
124 18 31 243
124 51 55 431
124 115 37 43
124 23 13 70
124 89 1 90
125 32 19 42
125 101 11 107
125 8 13 338
125 10 1 105
125 11 51 342
125 75 46 399
125 78 37 111
125 111 31 19
125 55 9 38
125 23 43 95
125 26 39 85
125 95 7 363
126 64 46 139
126 99 49 86
126 6 55 286
126 40 9 201
126 77 29 220
126 111 19 19
126 112 40 441
126 19 16 126
126 116 43 49
126 21 1 310
126 57 31 117
126 27 25 205
127 3 37 107
127 9 43 246
127 42 7 163
127 106 25 59
127 109 33 394
127 80 58 351
127 50 49 383
127 115 19 270
127 86 31 12
127 23 55 380
127 87 17 7
127 25 11 120
128 58 7 75
128 38 58 176
128 39 19 113
128 43 51 73
128 45 25 95
128 47 33 361
128 113 47 160
128 21 17 395
128 22 39 417
128 119 31 52
128 90 1 151
129 64 40 250
129 102 34 379
129 42 13 343
129 11 7 221
129 106 29 59
129 111 4 271
129 17 47 365
129 20 23 101
129 118 43 124
129 91 55 236
129 93 49 35
130 5 39 369
130 105 1 331
130 49 31 159
130 119 9 296
130 87 3 120
130 88 52 235
130 25 43 120
130 26 27 85
130 28 37 234
130 93 57 204
130 63 25 10
131 35 1 393
131 4 13 30
131 103 57 432
131 104 19 402
131 8 4 338
131 71 7 34
131 75 25 33
131 44 52 371
131 50 55 383
131 23 43 425
131 58 37 119
132 98 1 123
132 3 15 418
132 40 51 65
132 108 40 394
132 13 45 377
132 51 58 177
132 116 13 49
132 117 27 313
132 83 7 144
132 24 35 18
132 89 55 318
132 29 5 293
133 96 25 350
133 72 13 74
133 41 5 50
133 44 1 359
133 109 27 134
133 113 53 413
133 82 9 130
133 86 41 206
133 23 22 242
133 56 49 116
133 29 31 89
134 32 57 60
134 67 19 409
134 5 3 217
134 6 43 163
134 72 37 74
134 104 33 38
134 78 29 111
134 21 35 310
134 57 7 336
134 94 15 214
135 102 37 388
135 6 10 286
135 73 40 17
135 13 1 317
135 110 57 364
135 77 19 173
135 48 28 61
135 17 21 287
135 113 5 249
135 52 31 208
135 23 46 264
135 90 15 187
136 98 37 316
136 38 49 176
136 8 7 64
136 10 31 105
136 43 57 73
136 106 35 199
136 111 16 19
136 16 21 161
136 52 25 31
136 116 47 49
136 20 1 101
136 61 3 447
137 96 13 156
137 99 33 423
137 69 45 212
137 70 25 26
137 104 23 402
137 73 10 17
137 106 5 59
137 109 55 58
137 47 19 6
137 52 52 443
137 118 7 124
137 92 37 250
138 99 1 73
138 101 57 295
138 40 33 279
138 10 45 314
138 43 13 73
138 11 27 40
138 80 37 338
138 21 59 265
138 23 7 317
138 25 19 120
138 92 40 323
138 93 51 204
139 2 7 368
139 67 49 408
139 4 11 30
139 66 55 384
139 3 1 421
139 105 29 331
139 48 13 61
139 16 25 161
139 51 34 78
139 20 45 220
139 90 19 151
139 95 47 450
140 64 37 257
140 65 40 54
140 67 43 24
140 69 31 212
140 7 57 106
140 75 25 209
140 60 3 307
140 114 21 262
140 83 7 360
140 119 13 28
140 55 1 179
140 92 10 323
141 66 37 384
141 98 21 55
141 108 4 63
141 77 1 173
141 111 16 271
141 112 28 299
141 29 49 45
141 19 52 126
141 50 13 200
141 20 33 274
141 22 43 78
141 61 11 426
142 35 37 36
142 102 1 258
142 71 40 346
142 40 33 201
142 81 57 387
142 82 7 358
142 19 28 341
142 84 45 187
142 23 4 380
142 87 51 248
142 59 25 261
142 94 11 81
143 67 25 406
143 4 7 30
143 69 9 280
143 103 19 384
143 12 57 320
143 45 49 434
143 49 37 48
143 50 43 383
143 83 29 144
143 84 45 294
143 24 55 18
143 62 16 51
144 89 40 90
144 33 19 342
144 36 1 165
144 101 33 295
144 69 49 280
144 102 58 131
144 86 37 206
144 91 9 71
144 31 16 332
144 62 25 425
144 63 45 195
145 35 58 36
145 100 9 78
145 8 13 64
145 9 25 246
145 105 23 331
145 20 7 220
145 53 19 430
145 117 33 184
145 25 53 426
145 58 45 119
145 27 49 179
145 61 39 447
146 64 22 257
146 34 40 278
146 36 9 447
146 70 16 63
146 40 27 374
146 106 7 59
146 11 45 138
146 45 55 434
146 21 3 395
146 119 33 449
146 56 37 410
146 24 43 18
147 97 22 150
147 5 39 14
147 70 7 159
147 71 16 32
147 44 43 371
147 13 57 377
147 77 25 147
147 112 28 441
147 49 52 48
147 87 49 248
147 25 37 426
147 31 46 309
148 32 39 129
148 6 10 216
148 11 43 40
148 47 57 352
148 18 25 243
148 115 19 391
148 85 47 47
148 55 29 67
148 120 17 9
148 57 51 117
148 88 31 139
148 95 1 450
149 69 1 306
149 6 40 216
149 70 43 21
149 104 5 38
149 9 52 238
149 75 19 209
149 111 37 19
149 53 31 430
149 119 47 28
149 27 55 440
149 30 49 356
149 95 25 363
150 64 16 139
150 34 4 26
150 100 19 170
150 71 31 32
150 40 43 450
150 74 25 301
150 109 57 99
150 79 40 51
150 51 7 111
150 116 27 169
150 55 55 67
150 24 29 18
151 98 43 123
151 73 55 118
151 43 53 273
151 47 1 76
151 112 19 299
151 49 22 48
151 50 37 383
151 51 31 424
151 115 9 250
151 18 13 243
151 57 27 117
151 60 51 314
152 32 31 129
152 99 57 86
152 67 16 446
152 35 28 437
152 70 25 359
152 71 4 32
152 4 37 193
152 41 13 50
152 81 19 94
152 115 7 43
152 87 23 7
153 99 45 252
153 73 19 17
153 41 27 50
153 111 13 271
153 113 35 232
153 82 1 130
153 19 52 341
153 52 55 443
153 85 33 47
153 120 31 9
153 30 22 315
153 31 10 332
154 97 28 150
154 34 37 385
154 70 22 437
154 42 31 343
154 109 7 234
154 14 19 188
154 46 25 185
154 49 16 48
154 26 51 85
154 59 40 325
154 60 11 314
154 63 5 10
155 96 43 156
155 66 1 384
155 3 19 440
155 68 34 219
155 35 28 416
155 102 16 330
155 71 40 32
155 11 55 138
155 45 45 312
155 14 25 188
155 51 10 177
155 25 23 426
156 32 27 216
156 66 23 113
156 68 10 219
156 71 7 32
156 41 55 50
156 9 34 321
156 59 19 325
156 15 16 3
156 16 49 211
156 85 59 47
156 91 37 236
156 29 5 89
157 99 1 87
157 4 21 30
157 102 10 300
157 39 46 37
157 8 37 64
157 77 55 147
157 50 29 207
157 30 40 315
157 58 13 119
157 92 43 139
157 95 49 363
157 63 59 58
158 97 22 196
158 65 58 54
158 98 51 21
158 6 4 423
158 39 37 37
158 72 55 74
158 7 43 227
158 9 19 246
158 110 31 282
158 81 7 387
158 113 41 104
158 93 15 68
159 8 46 338
159 104 59 38
159 42 1 163
159 43 55 273
159 76 37 167
159 11 51 138
159 78 29 415
159 81 33 436
159 113 13 104
159 87 19 7
159 93 7 239
159 94 57 183
160 34 58 202
160 99 1 328
160 98 39 55
160 5 21 233
160 104 51 402
160 44 28 284
160 47 45 361
160 48 55 61
160 111 34 19
160 118 31 124
160 27 15 121
160 63 9 288
161 64 58 257
161 67 19 408
161 43 33 73
161 108 43 293
161 45 13 122
161 77 55 220
161 79 7 393
161 75 10 209
161 113 47 317
161 117 37 313
161 55 31 179
162 102 22 330
162 39 19 37
162 40 25 198
162 10 37 105
162 13 33 192
162 49 4 48
162 21 31 262
162 85 41 47
162 60 15 196
162 29 45 121
162 94 59 81
162 95 55 363
163 65 4 54
163 67 7 40
163 69 15 280
163 37 41 195
163 41 43 280
163 9 25 321
163 42 37 268
163 114 51 262
163 21 55 395
163 92 46 16
163 61 59 426
163 31 10 309
164 32 7 162
164 100 33 446
164 71 22 346
164 106 31 352
164 43 15 73
164 14 17 334
164 79 25 51
164 52 46 443
164 22 37 41
164 120 29 122
164 89 19 354
164 26 1 85
165 8 19 64
165 73 25 17
165 74 43 53
165 75 31 342
165 11 51 202
165 15 46 380
165 49 40 48
165 20 49 101
165 25 1 120
165 27 57 344
165 63 55 10
165 95 11 363
166 65 19 355
166 99 1 281
166 68 25 219
166 43 55 73
166 108 31 80
166 23 37 149
166 22 15 41
166 55 9 67
166 24 7 18
166 25 13 120
166 86 11 206
166 28 59 5
167 96 17 350
167 2 19 2
167 37 29 427
167 71 52 346
167 12 7 320
167 13 1 365
167 45 45 434
167 14 59 327
167 113 35 150
167 116 23 49
167 87 27 7
167 25 25 120
168 2 40 368
168 40 55 65
168 9 25 238
168 75 16 209
168 80 34 338
168 18 21 271
168 52 37 443
168 22 3 154
168 54 59 206
168 89 28 90
168 30 31 356
168 57 49 336
169 34 31 398
169 37 49 195
169 102 7 330
169 38 55 176
169 83 13 360
169 52 25 443
169 93 45 42
169 118 58 124
169 86 1 206
169 19 10 436
169 29 53 45
169 31 37 309
170 98 27 316
170 72 46 74
170 12 19 329
170 48 37 61
170 49 55 48
170 84 13 100
170 53 1 137
170 21 59 395
170 27 9 398
170 93 31 404
170 62 49 269
171 2 46 2
171 69 13 212
171 40 1 279
171 107 21 189
171 44 55 136
171 12 39 115
171 17 9 220
171 50 27 112
171 22 49 70
171 56 43 4
171 60 59 291
172 32 57 42
172 97 43 263
172 103 31 335
172 72 13 22
172 40 21 153
172 14 29 327
172 79 16 393
172 80 52 351
172 81 25 387
172 48 1 61
172 85 7 47
172 89 46 354
173 65 58 355
173 35 52 159
173 70 10 431
173 39 4 37
173 72 43 74
173 9 31 238
173 75 55 399
173 77 27 173
173 48 49 61
173 82 15 358
173 51 1 344
174 97 10 360
174 35 34 366
174 5 43 233
174 101 55 107
174 39 37 113
174 102 31 330
174 9 58 238
174 51 28 344
174 84 21 396
174 94 13 81
174 63 3 288
175 35 31 393
175 36 49 278
175 38 43 353
175 103 1 25
175 8 7 338
175 72 10 203
175 77 21 147
175 110 55 400
175 80 25 351
175 54 39 428
175 55 35 122
176 96 13 350
176 66 47 384
176 98 7 316
176 36 15 345
176 6 22 286
176 103 1 224
176 41 53 50
176 13 49 83
176 86 59 12
176 26 37 347
176 27 33 450
176 62 43 228
177 105 31 331
177 108 28 192
177 13 49 192
177 111 55 19
177 82 43 130
177 51 37 424
177 21 9 265
177 118 4 124
177 119 15 226
177 25 25 426
177 90 33 348
177 57 21 117
178 65 43 54
178 104 59 402
178 73 19 118
178 106 35 59
178 42 7 268
178 110 13 8
178 18 3 243
178 51 25 248
178 23 28 380
178 57 39 117
178 94 23 428
178 31 31 332
179 7 1 274
179 9 19 238
179 13 33 429
179 46 41 185
179 79 37 51
179 16 45 211
179 17 31 5
179 20 55 101
179 53 7 25
179 119 25 28
179 27 57 389
179 94 29 260
180 68 28 219
180 41 49 50
180 74 11 180
180 44 7 371
180 110 51 364
180 46 17 324
180 80 1 351
180 83 25 144
180 84 57 245
180 53 37 137
180 58 33 75
180 62 43 136
181 65 13 54
181 67 58 24
181 4 43 30
181 38 37 353
181 8 52 338
181 46 1 324
181 111 10 19
181 78 35 111
181 119 41 28
181 25 45 120
181 63 21 241
181 95 29 363
182 96 1 156
182 35 7 125
182 4 19 30
182 100 57 6
182 67 13 264
182 39 49 37
182 8 10 338
182 46 37 185
182 50 43 97
182 18 45 243
182 85 25 47
182 88 31 245
183 32 19 216
183 67 16 441
183 10 9 105
183 45 3 312
183 47 37 352
183 112 25 441
183 51 46 344
183 52 28 443
183 23 13 142
183 88 55 139
183 93 33 239
184 37 53 195
184 7 1 128
184 45 27 312
184 14 11 188
184 79 31 51
184 113 19 413
184 116 59 49
184 53 55 137
184 120 49 441
184 89 7 354
184 63 39 251
185 99 27 354
185 104 11 271
185 72 34 74
185 42 19 163
185 14 13 327
185 17 3 196
185 22 15 86
185 120 47 394
185 24 59 18
185 61 39 438
185 63 45 288
186 33 27 395
186 3 43 107
186 101 7 107
186 9 1 131
186 105 25 331
186 109 9 134
186 80 49 351
186 16 21 211
186 83 19 144
186 53 15 137
186 92 52 349
186 30 40 356
187 2 25 368
187 36 33 256
187 69 57 306
187 5 19 14
187 10 41 105
187 13 37 404
187 112 16 299
187 113 49 160
187 56 43 241
187 28 47 163
187 62 7 179
188 67 43 152
188 73 13 17
188 10 57 266
188 75 49 399
188 47 37 310
188 81 31 1
188 20 55 322
188 53 7 137
188 54 3 446
188 26 25 168
188 59 16 13
188 62 22 228
189 36 27 447
189 40 13 92
189 8 46 64
189 43 35 386
189 108 1 182
189 110 57 210
189 111 43 271
189 48 40 61
189 17 25 432
189 86 55 12
189 27 21 194
190 96 37 156
190 98 55 123
190 99 31 281
190 2 49 2
190 37 39 302
190 71 28 32
190 72 52 74
190 74 19 301
190 13 21 377
190 86 41 12
190 62 10 51
190 31 25 332
191 3 25 418
191 9 55 131
191 76 19 431
191 78 59 111
191 47 39 6
191 49 22 87
191 82 3 358
191 115 13 43
191 88 31 235
191 57 7 117
191 27 51 450
191 93 45 247
192 64 31 213
192 34 46 427
192 11 7 419
192 44 58 359
192 107 37 189
192 110 25 25
192 112 1 441
192 82 49 358
192 116 17 169
192 53 19 137
192 88 13 245
192 30 43 315
193 100 7 446
193 70 1 278
193 73 34 118
193 105 41 331
193 43 45 73
193 17 25 5
193 82 49 130
193 48 31 61
193 112 4 441
193 50 19 97
193 22 27 70
194 4 31 119
194 71 19 32
194 40 25 279
194 45 9 122
194 78 53 111
194 47 57 430
194 14 7 188
194 77 47 147
194 82 13 130
194 51 37 177
194 119 51 226
194 28 55 5
195 32 55 162
195 33 13 155
195 102 1 442
195 7 45 274
195 73 4 145
195 93 7 42
195 22 21 154
195 23 28 317
195 120 25 9
195 58 51 119
195 61 39 387
195 30 34 356
196 33 21 114
196 66 51 384
196 3 33 418
196 74 43 301
196 109 7 394
196 111 58 19
196 114 1 262
196 119 5 179
196 22 37 100
196 23 16 257
196 24 49 18
196 61 11 438
197 69 1 280
197 6 34 226
197 39 28 37
197 105 37 331
197 43 47 73
197 109 57 234
197 84 39 245
197 52 25 187
197 54 11 261
197 20 17 274
197 120 23 421
197 56 43 116
198 69 27 280
198 104 53 402
198 106 1 186
198 12 31 214
198 108 58 80
198 111 4 19
198 113 7 160
198 50 47 383
198 118 16 98
198 93 43 35
198 62 13 51
199 34 52 439
199 35 22 126
199 69 33 280
199 73 58 17
199 107 45 189
199 109 13 58
199 45 7 434
199 49 1 93
199 113 29 249
199 53 39 430
199 120 37 237
199 90 25 348
200 4 29 30
200 5 49 14
200 69 1 212
200 39 34 113
200 40 45 198
200 70 37 278
200 73 22 118
200 8 40 64
200 50 7 383
200 115 9 270
200 52 19 337
200 21 43 310
201 67 46 24
201 68 7 323
201 6 19 226
201 103 39 217
201 70 49 167
201 14 23 188
201 16 27 211
201 83 25 360
201 84 55 223
201 26 13 25
201 61 59 447
201 31 31 309
202 97 10 150
202 35 37 320
202 39 40 37
202 104 23 38
202 8 55 64
202 112 1 299
202 17 45 94
202 114 25 292
202 81 13 1
202 84 49 294
202 91 19 71
203 65 55 54
203 66 29 38
203 97 19 146
203 39 16 113
203 72 10 74
203 41 31 50
203 43 59 73
203 108 13 433
203 15 25 373
203 82 45 358
203 92 52 16
203 30 22 356
204 34 19 26
204 68 22 219
204 45 37 312
204 78 25 111
204 15 31 3
204 82 57 358
204 115 15 52
204 83 35 360
204 20 41 101
204 21 53 395
204 18 49 243
204 26 9 85
205 96 53 444
205 34 49 385
205 7 13 302
205 76 58 431
205 13 27 76
205 77 7 261
205 16 3 161
205 18 31 271
205 118 22 98
205 55 41 246
205 95 37 363
206 66 47 38
206 3 25 440
206 103 1 333
206 72 49 74
206 7 9 106
206 75 40 399
206 44 52 359
206 46 5 324
206 111 37 271
206 50 13 383
206 115 57 52
206 118 43 98
207 99 31 69
207 102 49 388
207 104 25 38
207 46 13 185
207 79 10 411
207 14 17 188
207 48 4 61
207 50 53 383
207 83 15 360
207 88 19 235
207 61 29 387
207 63 23 10
208 33 27 392
208 102 55 330
208 103 43 432
208 73 1 17
208 42 21 343
208 74 59 301
208 107 13 189
208 17 35 5
208 114 9 262
208 86 49 206
208 120 41 284
208 94 19 214
209 69 27 212
209 76 40 145
209 111 46 271
209 113 7 413
209 55 53 246
209 54 1 428
209 118 55 98
209 88 4 235
209 89 22 90
209 90 33 297
209 31 19 332
209 63 31 25
210 64 7 139
210 65 19 54
210 100 15 112
210 68 52 219
210 38 10 274
210 7 39 227
210 73 1 145
210 79 25 393
210 83 57 360
210 54 55 45
210 119 29 28
210 61 33 438
211 6 19 423
211 104 57 402
211 43 45 386
211 80 40 351
211 113 23 413
211 115 49 43
211 52 13 443
211 53 27 305
211 54 35 45
211 119 9 148
211 89 37 419
211 93 1 239
212 4 59 30
212 37 35 195
212 74 29 180
212 109 13 394
212 77 49 147
212 47 51 352
212 116 37 49
212 23 22 231
212 62 10 404
212 63 47 10
212 94 55 81
212 31 7 309
213 64 1 250
213 65 10 54
213 34 34 255
213 33 45 342
213 38 19 162
213 9 37 246
213 43 23 386
213 109 51 99
213 49 7 87
213 18 57 243
213 22 15 417
213 28 49 5
214 100 45 229
214 6 55 265
214 7 13 227
214 107 21 143
214 43 35 73
214 45 37 95
214 109 3 234
214 79 58 51
214 118 10 98
214 23 31 257
214 22 51 417
214 60 27 307
215 3 7 418
215 67 1 40
215 102 58 330
215 40 19 201
215 73 28 17
215 111 49 271
215 112 37 299
215 52 52 337
215 88 46 131
215 60 5 182
215 31 40 332
216 96 37 158
216 97 40 146
216 2 28 368
216 4 33 108
216 11 57 149
216 92 1 79
216 117 49 313
216 55 23 246
216 56 10 4
216 31 46 113
216 95 53 363
217 33 33 272
217 35 13 361
217 36 57 44
217 7 9 227
217 106 19 59
217 13 27 218
217 49 37 228
217 21 47 310
217 88 49 235
217 26 21 25
217 30 43 356
217 63 17 10
218 97 58 354
218 101 47 107
218 11 51 40
218 77 43 147
218 14 5 367
218 81 1 94
218 83 49 360
218 116 55 49
218 85 11 88
218 52 16 208
218 118 25 98
219 65 7 355
219 34 19 439
219 101 59 107
219 102 55 388
219 103 51 419
219 16 37 211
219 20 17 101
219 21 29 310
219 120 13 9
219 57 45 117
219 91 3 71
219 92 22 16
220 96 35 140
220 97 10 196
220 65 25 355
220 36 55 278
220 101 49 107
220 102 40 11
220 11 1 92
220 50 31 383
220 87 53 7
220 91 13 71
220 62 43 106
221 32 7 129
221 104 41 402
221 11 1 198
221 15 52 373
221 80 58 338
221 50 49 97
221 53 15 384
221 117 25 184
221 58 33 119
221 28 47 204
221 29 31 46
221 62 37 269
222 65 1 355
222 3 39 440
222 109 45 134
222 113 35 413
222 29 49 82
222 115 21 310
222 23 52 264
222 55 55 122
222 24 37 18
222 90 9 297
222 120 31 237
222 61 59 381
223 96 23 350
223 34 25 398
223 7 3 302
223 48 10 212
223 80 55 351
223 50 7 97
223 115 45 43
223 55 1 246
223 51 40 431
223 119 53 52
223 59 34 58
224 32 13 216
224 100 3 223
224 6 10 226
224 103 57 297
224 38 37 176
224 72 7 22
224 47 51 6
224 111 43 19
224 85 31 88
224 22 21 41
224 60 47 72
224 30 28 356
225 32 15 42
225 98 9 55
225 34 34 240
225 37 5 266
225 6 46 286
225 101 7 295
225 15 1 3
225 115 21 52
225 54 59 446
225 120 53 9
225 25 57 426
226 66 33 384
226 37 55 195
226 108 52 422
226 13 43 308
226 78 5 415
226 49 7 11
226 50 23 207
226 118 28 98
226 56 58 410
226 88 1 235
226 94 35 81
227 6 37 247
227 105 55 331
227 107 3 143
227 44 25 266
227 77 33 220
227 110 51 8
227 50 35 207
227 19 28 126
227 85 11 47
227 117 19 313
227 60 31 170
227 29 1 45
228 65 10 355
228 37 21 195
228 5 33 99
228 71 25 32
228 11 43 221
228 12 1 115
228 109 37 99
228 50 47 207
228 20 51 101
228 90 13 231
228 28 23 372
229 35 4 197
229 4 25 30
229 102 43 330
229 42 55 343
229 109 37 134
229 15 10 3
229 79 22 51
229 84 33 221
229 85 29 426
229 119 47 226
229 24 51 433
229 60 41 240
230 68 49 323
230 103 19 379
230 40 57 401
230 8 25 64
230 7 7 302
230 75 52 399
230 108 37 287
230 49 34 332
230 119 3 449
230 89 43 90
230 90 15 6
230 29 29 421
231 66 3 113
231 34 28 255
231 4 47 30
231 37 7 195
231 36 51 256
231 60 1 240
231 49 40 124
231 18 19 243
231 51 16 11
231 19 55 341
231 22 43 268
231 28 33 372
232 67 40 392
232 26 49 347
232 36 13 256
232 72 37 203
232 41 33 50
232 108 4 394
232 109 25 234
232 110 57 8
232 50 47 97
232 53 9 384
232 89 22 419
232 58 43 75
233 97 43 354
233 34 31 278
233 66 3 38
233 100 51 112
233 4 27 193
233 114 39 262
233 51 34 431
233 86 9 12
233 87 57 248
233 118 22 124
233 93 15 26
233 62 19 51
234 64 28 386
234 103 31 140
234 8 43 338
234 41 47 50
234 71 58 32
234 43 37 73
234 12 39 378
234 53 1 430
234 56 7 4
234 93 19 404
235 97 19 360
235 35 22 308
235 36 33 165
235 5 55 283
235 9 4 238
235 77 51 147
235 46 49 324
235 78 15 111
235 16 9 211
235 113 31 249
235 117 39 184
236 2 31 2
236 67 37 408
236 38 1 176
236 8 43 64
236 40 57 146
236 12 51 378
236 45 25 122
236 14 55 327
236 15 22 3
236 16 15 211
236 108 40 80
236 120 49 397
237 35 49 393
237 4 29 95
237 110 31 364
237 47 1 352
237 15 55 3
237 81 9 94
237 115 15 270
237 51 43 248
237 85 13 47
237 93 25 401
237 31 52 309
238 65 28 355
238 99 49 221
238 68 37 219
238 6 55 216
238 40 19 374
238 104 3 402
238 9 16 246
238 43 9 273
238 48 46 61
238 115 33 391
238 85 5 47
238 54 43 380
239 33 1 132
239 65 43 355
239 39 34 37
239 43 55 386
239 14 49 188
239 16 51 161
239 17 41 5
239 112 22 299
239 19 16 354
239 118 7 98
239 93 57 26
239 63 19 10
240 35 37 416
240 102 16 171
240 106 1 199
240 43 31 73
240 76 4 254
240 47 51 135
240 111 13 19
240 54 29 93
240 24 23 22
240 58 57 75
240 31 46 332
240 63 7 298
241 36 51 409
241 38 19 176
241 71 28 346
241 73 4 118
241 41 41 50
241 107 57 143
241 16 31 211
241 19 10 341
241 87 39 248
241 63 23 298
241 31 1 309
242 98 19 123
242 7 57 168
242 105 35 439
242 74 5 53
242 73 49 118
242 46 53 185
242 110 25 84
242 14 31 327
242 51 43 128
242 22 7 417
242 119 11 28
242 90 15 275
243 32 9 60
243 67 31 409
243 35 52 197
243 101 5 107
243 40 15 65
243 11 37 24
243 113 13 247
243 50 41 56
243 83 1 360
243 84 45 102
243 24 57 152
243 88 22 235
244 68 7 219
244 102 40 154
244 42 27 343
244 75 13 399
244 46 19 324
244 111 1 19
244 81 31 387
244 116 25 49
244 119 17 148
244 88 22 139
244 26 57 85
244 27 43 133
245 36 13 278
245 101 17 107
245 70 22 146
245 108 34 76
245 77 43 220
245 76 49 198
245 79 46 51
245 80 19 338
245 27 39 22
245 93 57 35
245 63 53 10
246 97 7 146
246 34 58 439
246 68 46 219
246 90 21 187
246 39 31 37
246 72 40 203
246 108 37 366
246 77 15 261
246 20 5 101
246 88 55 235
246 56 1 4
247 65 13 355
247 35 58 225
247 37 17 195
247 104 29 402
247 10 39 105
247 107 9 143
247 43 31 386
247 77 25 173
247 52 34 337
247 54 43 295
247 60 45 307
247 95 51 363
248 38 28 375
248 41 11 50
248 11 13 149
248 13 19 192
248 45 57 122
248 77 51 261
248 80 25 338
248 111 40 19
248 19 34 401
248 116 5 252
248 86 53 12
248 25 9 426
249 97 49 196
249 66 13 384
249 70 37 205
249 72 22 203
249 73 34 145
249 41 5 280
249 74 31 180
249 45 15 312
249 19 25 341
249 54 41 294
249 24 57 420
249 26 45 168
250 34 58 385
250 68 19 323
250 39 10 37
250 104 49 402
250 88 16 245
250 10 1 273
250 43 29 73
250 15 25 3
250 112 40 299
250 118 34 124
250 24 45 433
250 59 31 325
251 2 31 368
251 67 40 406
251 100 25 42
251 7 49 106
251 10 9 266
251 74 29 301
251 112 58 299
251 21 21 265
251 118 1 124
251 87 11 248
251 85 45 47
251 94 17 412
252 32 49 162
252 35 28 393
252 5 15 93
252 74 25 180
252 45 55 95
252 14 31 198
252 81 45 387
252 82 37 358
252 119 21 449
252 59 10 13
252 29 59 89
253 33 19 89
253 4 15 108
253 70 46 328
253 103 49 228
253 12 57 378
253 109 3 58
253 110 27 8
253 80 34 351
253 116 17 49
253 53 37 16
253 56 31 4
253 60 9 314
254 101 39 295
254 7 33 106
254 104 55 38
254 74 7 53
254 78 19 111
254 114 1 292
254 52 58 217
254 53 21 305
254 23 52 425
254 27 25 449
254 94 15 81
254 63 49 10
255 65 1 54
255 100 33 266
255 69 57 280
255 102 40 330
255 7 51 227
255 80 4 351
255 93 27 35
255 22 21 86
255 88 7 131
255 26 13 168
255 120 47 424
255 29 45 89
256 98 31 21
256 34 19 202
256 100 39 229
256 36 43 305
256 71 49 32
256 40 13 401
256 9 28 321
256 109 55 134
256 14 5 112
256 85 9 88
256 28 25 438
257 64 58 250
257 97 46 360
257 35 55 340
257 3 37 421
257 40 9 279
257 74 5 45
257 84 19 21
257 85 3 426
257 21 35 395
257 88 28 245
257 58 49 75
257 93 15 204
258 97 43 173
258 35 49 366
258 71 34 32
258 8 31 64
258 77 21 261
258 14 37 327
258 47 39 135
258 112 58 441
258 21 3 265
258 86 15 206
258 90 27 6
258 30 52 356
259 5 55 312
259 38 31 353
259 75 43 209
259 19 13 341
259 20 53 101
259 52 16 443
259 118 1 98
259 86 51 206
259 88 19 139
259 55 29 246
259 58 25 75
259 30 37 315
260 68 19 219
260 104 31 38
260 106 49 186
260 10 3 266
260 109 51 58
260 14 43 327
260 78 25 415
260 112 34 441
260 93 7 401
260 24 27 433
260 29 37 45
260 63 13 10
261 35 40 416
261 68 13 219
261 69 57 212
261 10 19 266
261 108 46 422
261 113 17 104
261 19 37 341
261 86 9 206
261 88 25 235
261 90 49 231
261 29 3 82
261 94 33 428
262 98 3 55
262 38 22 20
262 7 49 302
262 43 19 73
262 44 34 284
262 107 43 143
262 13 25 11
262 47 15 352
262 18 7 243
262 51 55 78
262 89 58 419
262 59 40 253
263 3 19 421
263 35 34 319
263 70 1 202
263 43 49 73
263 45 15 95
263 14 11 327
263 79 52 51
263 50 23 263
263 19 46 341
263 55 9 246
263 89 55 419
263 92 58 79
264 34 16 427
264 67 25 24
264 100 49 319
264 3 9 421
264 109 31 134
264 78 57 415
264 81 45 1
264 29 59 82
264 119 53 226
264 23 22 380
264 63 3 241
264 31 37 332
265 32 49 42
265 101 41 295
265 37 13 195
265 74 35 53
265 11 25 149
265 75 43 322
265 12 37 214
265 77 59 220
265 16 7 161
265 17 3 282
265 118 46 124
265 63 15 423
266 3 51 440
266 105 47 331
266 73 13 145
266 107 37 143
266 108 58 422
266 75 55 436
266 110 1 210
266 80 31 338
266 50 17 97
266 88 19 245
266 26 43 85
266 94 7 424
267 98 45 55
267 72 49 22
267 74 41 53
267 11 57 198
267 46 53 324
267 118 34 98
267 57 15 336
267 59 37 376
267 28 27 438
267 25 1 426
267 63 19 153
268 66 1 38
268 4 59 41
268 37 45 302
268 69 9 306
268 6 22 423
268 42 25 268
268 109 33 234
268 15 55 366
268 115 37 165
268 119 15 449
268 60 13 170
269 34 46 26
269 67 1 285
269 35 58 416
269 68 16 323
269 104 11 402
269 42 21 268
269 45 33 434
269 48 25 61
269 113 5 160
269 80 43 351
269 120 13 237
269 58 37 75
270 96 59 156
270 41 1 50
270 75 52 82
270 43 37 273
270 45 43 122
270 13 7 192
270 52 22 337
270 53 15 16
270 116 27 334
270 23 4 220
270 24 47 21
270 29 33 204
271 69 27 306
271 39 31 113
271 104 21 402
271 43 57 386
271 84 1 425
271 87 39 7
271 23 34 70
271 120 47 237
271 89 13 318
271 56 16 152
271 28 9 187
271 94 51 428
272 98 49 316
272 26 43 347
272 101 3 295
272 40 27 154
272 108 7 293
272 12 15 378
272 79 10 393
272 19 22 436
272 85 59 242
272 90 55 151
272 61 33 381
272 95 39 450
273 37 39 266
273 72 1 74
273 9 22 321
273 8 4 64
273 107 55 189
273 110 49 239
273 16 43 161
273 50 47 305
273 20 35 101
273 116 15 334
273 59 19 13
273 92 25 16
274 64 13 386
274 9 1 321
274 105 43 331
274 44 22 109
274 110 57 84
274 111 52 271
274 80 19 351
274 84 33 89
274 21 25 262
274 54 27 448
274 86 45 206
274 61 49 447
275 35 58 121
275 5 49 233
275 73 37 17
275 106 25 186
275 109 27 99
275 47 3 370
275 79 43 393
275 115 15 391
275 85 21 88
275 118 31 98
275 88 34 245
276 64 13 139
276 2 25 2
276 68 55 219
276 70 58 272
276 7 1 227
276 41 37 280
276 76 52 303
276 17 29 283
276 114 33 292
276 49 40 411
276 61 45 381
277 3 43 440
277 99 15 297
277 104 27 402
277 105 49 331
277 72 52 203
277 10 13 314
277 28 5 126
277 78 3 415
277 111 7 19
277 80 22 338
277 22 33 154
277 60 11 291
278 2 28 2
278 99 15 295
278 67 52 24
278 39 49 113
278 7 21 227
278 79 34 51
278 81 57 1
278 114 45 292
278 113 41 413
278 90 7 275
278 28 3 438
279 99 49 93
279 36 27 36
279 101 45 295
279 3 15 440
279 39 55 37
279 43 39 386
279 110 19 84
279 81 1 387
279 84 33 210
279 55 41 163
279 89 58 90
279 95 9 450
280 33 27 342
280 8 16 338
280 75 34 399
280 45 1 434
280 111 40 271
280 17 21 23
280 20 23 220
280 52 55 208
280 85 45 426
280 90 9 231
280 59 37 261
280 29 51 89
281 32 39 162
281 3 3 440
281 35 55 393
281 69 33 306
281 103 51 379
281 11 7 256
281 75 58 427
281 47 21 135
281 52 13 248
281 27 45 389
281 60 27 196
282 66 53 384
282 68 40 219
282 5 15 233
282 102 10 330
282 37 27 427
282 11 57 40
282 44 34 278
282 47 45 135
282 115 3 391
282 51 37 431
282 22 21 70
283 96 1 350
283 3 13 402
283 37 3 427
283 102 28 195
283 6 37 216
283 79 40 244
283 19 43 341
283 115 9 165
283 117 57 313
283 26 51 25
283 27 33 389
283 62 19 136
284 65 34 355
284 100 37 258
284 102 46 388
284 70 25 311
284 41 23 50
284 12 55 329
284 116 3 334
284 87 21 248
284 27 9 414
284 28 15 438
284 62 49 425
284 63 1 153
285 65 40 355
285 99 15 221
285 35 28 417
285 70 25 202
285 102 22 442
285 104 55 402
285 10 57 273
285 12 51 230
285 45 31 122
285 115 45 52
285 52 7 443
286 65 46 355
286 100 51 223
286 68 13 323
286 11 21 40
286 76 55 215
286 14 5 188
286 15 16 380
286 111 25 19
286 78 33 415
286 55 39 163
286 58 1 75
287 96 29 156
287 97 37 354
287 38 58 353
287 72 34 203
287 109 19 99
287 79 43 411
287 113 23 249
287 49 49 411
287 21 15 395
287 89 7 318
287 90 25 297
287 60 17 72
288 66 35 384
288 68 37 323
288 105 9 439
288 44 31 407
288 111 22 19
288 92 4 349
288 85 27 426
288 53 15 430
288 119 55 28
288 56 40 4
288 24 53 22
288 60 51 182
289 3 3 418
289 101 9 295
289 72 46 203
289 30 34 315
289 53 49 305
289 86 21 206
289 119 39 449
289 88 43 245
289 62 58 425
289 56 28 410
289 94 37 183
289 63 15 87
290 67 22 409
290 41 7 280
290 73 16 145
290 43 53 386
290 9 10 321
290 11 39 221
290 46 57 11
290 84 45 223
290 22 1 417
290 94 59 428
290 92 28 170
290 30 31 315
291 96 11 350
291 33 13 132
291 97 40 263
291 3 19 418
291 107 27 189
291 76 31 254
291 75 37 209
291 110 57 239
291 92 49 16
291 24 17 131
291 60 9 440
291 30 4 356
292 35 55 159
292 7 39 274
292 105 33 439
292 9 13 321
292 46 5 185
292 48 7 61
292 19 22 341
292 52 58 443
292 21 31 310
292 92 16 179
292 62 10 425
292 63 45 423
293 98 3 316
293 34 13 439
293 37 9 427
293 38 49 353
293 9 16 321
293 73 52 17
293 113 29 413
293 84 25 69
293 85 39 242
293 118 55 124
293 119 45 449
294 34 52 255
294 102 10 388
294 10 27 371
294 79 13 244
294 49 16 282
294 114 57 262
294 54 33 448
294 86 19 206
294 120 35 9
294 25 21 426
294 60 5 313
294 31 49 332
295 99 19 281
295 6 37 371
295 8 16 64
295 106 11 59
295 75 31 209
295 107 7 189
295 11 57 244
295 42 1 343
295 111 28 271
295 50 55 207
295 84 45 279
295 21 43 395
296 98 49 55
296 68 43 323
296 71 37 346
296 9 46 321
296 41 55 280
296 42 13 268
296 109 3 99
296 85 21 47
296 86 33 206
296 55 23 122
296 22 57 100
296 27 7 205
297 64 4 257
297 70 34 359
297 9 49 321
297 74 13 180
297 45 21 434
297 14 1 188
297 13 7 39
297 20 15 224
297 54 39 448
297 57 43 336
297 28 57 438
297 29 55 82
298 34 34 26
298 38 19 353
298 70 25 43
298 71 13 32
298 39 58 113
298 73 46 17
298 107 49 189
298 44 31 42
298 80 28 338
298 21 9 395
298 88 37 139
298 26 3 168
299 65 4 355
299 97 49 146
299 2 58 2
299 103 33 253
299 39 13 113
299 75 46 209
299 11 27 221
299 45 39 434
299 78 9 415
299 118 52 98
299 30 19 356
299 62 55 425
300 64 19 386
300 66 25 384
300 37 33 427
300 39 55 113
300 40 43 401
300 73 49 17
300 43 3 386
300 110 9 408
300 48 52 61
300 83 27 360
300 88 58 139
300 94 15 428
Trạng thái: OPTIMUM
Điểm tối ưu: 3517
Thời gian: 643.8040 giây
