1795
1 33 51 174
1 36 13 41
1 6 27 191
1 41 55 74
1 11 1 52
1 48 39 138
1 16 7 20
1 21 37 19
1 22 16 62
1 23 31 211
1 59 19 166
1 30 33 73
2 32 13 224
2 34 16 38
2 36 5 153
2 6 25 55
2 7 45 86
2 39 31 8
2 15 52 53
2 49 58 12
2 51 1 214
2 19 47 32
2 56 29 33
2 59 19 156
3 37 5 161
3 6 37 110
3 7 17 3
3 41 1 65
3 12 19 2
3 13 13 181
3 44 43 197
3 47 28 171
3 55 9 7
3 23 7 211
3 58 31 191
3 29 57 123
4 2 23 162
4 34 37 38
4 10 7 9
4 44 19 197
4 15 43 126
4 16 25 199
4 22 52 62
4 56 5 33
4 58 1 80
4 27 16 18
4 29 31 131
4 31 13 112
5 34 13 38
5 8 37 193
5 11 1 26
5 46 57 156
5 17 39 201
5 52 51 1
5 21 55 141
5 23 19 107
5 24 45 34
5 25 7 77
5 27 16 122
5 57 31 78
6 32 34 224
6 2 1 142
6 40 57 119
6 43 27 43
6 14 25 5
6 49 40 148
6 18 15 25
6 51 37 61
6 19 13 79
6 50 51 204
6 24 7 180
6 58 43 191
7 32 40 224
7 4 31 79
7 39 33 117
7 40 43 176
7 8 7 221
7 43 47 43
7 18 21 25
7 19 9 91
7 22 13 12
7 54 27 23
7 57 51 78
7 30 1 109
8 32 52 224
8 2 13 48
8 38 55 125
8 6 7 55
8 39 25 114
8 41 15 127
8 9 43 65
8 10 37 9
8 15 1 53
8 48 31 142
8 19 49 90
8 51 19 81
9 33 39 132
9 26 46 14
9 37 1 71
9 5 15 3
9 10 33 96
9 11 13 26
9 14 43 62
9 19 53 32
9 53 59 91
9 57 27 78
9 58 49 191
9 28 19 134
10 32 25 85
10 37 15 29
10 7 43 137
10 10 57 9
10 43 29 43
10 45 45 147
10 15 37 136
10 49 34 92
10 50 9 204
10 20 51 99
10 55 21 7
10 60 1 21
11 3 29 8
11 38 13 35
11 8 27 49
11 11 25 218
11 43 17 43
11 46 7 162
11 16 55 20
11 17 51 187
11 55 59 118
11 59 1 156
11 60 22 183
11 31 46 30
12 34 55 87
12 5 7 103
12 10 9 96
12 45 37 54
12 60 16 183
12 15 13 53
12 17 45 168
12 18 29 25
12 22 31 198
12 26 49 14
12 27 1 18
12 28 58 88
13 32 40 121
13 33 19 225
13 34 37 207
13 36 1 58
13 41 45 222
13 14 7 5
13 47 16 119
13 19 5 201
13 53 25 216
13 23 35 107
13 25 31 77
13 57 51 205
14 32 19 208
14 33 49 225
14 6 43 95
14 8 9 193
14 10 37 96
14 43 13 43
14 11 25 52
14 50 3 45
14 53 1 182
14 55 35 7
14 60 58 21
15 4 15 160
15 5 39 4
15 38 29 35
15 6 21 36
15 40 57 46
15 12 1 2
15 45 49 13
15 13 17 181
15 47 31 70
15 24 25 94
15 57 9 220
15 60 4 183
16 35 4 46
16 4 9 4
16 6 33 110
16 39 57 97
16 11 17 185
16 43 11 43
16 44 49 197
16 19 1 32
16 52 19 1
16 23 29 107
16 26 40 14
17 34 34 61
17 4 7 4
17 39 43 114
17 8 51 128
17 40 39 93
17 41 3 146
17 51 16 81
17 21 1 141
17 19 13 32
17 23 11 217
17 29 57 131
18 34 58 61
18 5 43 4
18 41 39 65
18 42 22 103
18 43 19 109
18 14 1 193
18 16 4 20
18 21 55 19
18 22 49 12
18 53 7 41
18 28 16 22
18 29 45 131
19 32 34 208
19 35 43 202
19 37 11 13
19 9 37 209
19 16 16 135
19 51 7 81
19 53 27 41
19 54 13 23
19 24 1 114
19 57 19 205
19 58 57 191
20 34 49 38
20 10 31 57
20 11 5 26
20 18 41 126
20 51 7 207
20 21 17 19
20 55 29 106
20 56 11 31
20 25 47 77
20 58 55 71
20 30 13 73
20 57 21 15
21 34 40 87
21 2 29 98
21 6 19 165
21 10 3 57
21 42 55 164
21 12 43 2
21 13 11 194
21 46 15 51
21 15 37 76
21 48 31 138
21 51 58 207
21 24 25 180
22 3 25 8
22 4 1 4
22 37 41 13
22 5 29 3
22 40 3 119
22 11 55 52
22 15 52 136
22 17 7 183
22 21 23 19
22 55 49 7
22 58 13 63
22 59 45 40
23 35 4 101
23 3 17 8
23 38 23 129
23 6 13 13
23 41 19 74
23 42 55 103
23 43 59 43
23 15 7 53
23 18 49 25
23 20 31 99
23 22 25 198
23 55 47 7
24 4 31 4
24 5 45 7
24 41 39 74
24 42 34 54
24 46 57 162
24 16 25 20
24 17 7 201
24 18 43 25
24 20 1 99
24 24 19 24
24 60 49 21
24 29 13 154
25 4 19 140
25 8 1 128
25 11 37 26
25 12 13 2
25 13 31 181
25 47 4 70
25 23 59 107
25 21 49 19
25 55 11 7
25 24 55 34
25 58 45 23
25 59 27 166
26 33 21 174
26 35 4 170
26 39 7 114
26 8 11 49
26 40 33 223
26 11 17 219
26 17 25 48
26 22 46 144
26 56 13 31
26 57 49 160
26 28 37 88
26 29 57 8
27 3 57 221
27 37 25 13
27 7 55 195
27 43 23 43
27 15 52 126
27 16 28 20
27 48 37 161
27 18 19 25
27 19 31 91
27 21 11 19
27 57 1 220
27 58 15 203
28 3 13 221
28 35 10 101
28 7 37 73
28 41 45 74
28 42 58 103
28 11 53 26
28 15 16 53
28 18 25 151
28 51 4 81
28 54 19 152
28 56 29 31
28 59 39 83
29 32 19 143
29 38 41 129
29 59 27 134
29 42 10 164
29 44 31 28
29 47 49 171
29 48 45 142
29 51 37 81
29 21 5 67
29 22 16 144
29 27 1 102
29 31 22 30
30 35 55 101
30 39 45 213
30 42 19 103
30 43 53 43
30 45 13 100
30 60 25 183
30 47 1 70
30 20 7 99
30 25 59 225
30 58 49 203
30 28 40 88
30 30 33 25
31 35 34 170
31 36 27 165
31 42 31 164
31 12 17 2
31 13 25 181
31 46 51 70
31 49 37 92
31 17 21 48
31 23 5 107
31 57 7 78
31 59 57 83
31 31 13 30
32 4 23 4
32 39 7 97
32 7 29 73
32 8 5 128
32 44 25 182
32 45 57 38
32 19 41 32
32 52 31 1
32 24 15 34
32 57 1 78
32 58 43 71
32 31 19 30
33 32 46 224
33 4 27 44
33 42 49 201
33 13 59 181
33 15 4 145
33 48 33 58
33 47 7 29
33 23 25 107
33 55 31 7
33 56 41 33
33 25 55 77
33 58 21 23
34 34 4 103
34 5 17 100
34 7 21 86
34 10 43 155
34 11 47 26
34 44 25 63
34 12 7 2
34 47 49 29
34 49 1 92
34 52 33 11
34 57 55 220
34 25 37 124
35 33 13 132
35 34 31 207
35 6 51 110
35 39 45 117
35 10 55 44
35 49 10 75
35 18 25 127
35 55 49 46
35 54 27 28
35 22 4 12
35 27 22 18
35 30 37 50
36 2 25 79
36 5 31 103
36 27 40 102
36 42 13 164
36 12 37 115
36 45 27 214
36 15 22 126
36 51 52 81
36 25 35 77
36 59 57 188
36 28 46 204
36 31 7 64
37 5 11 3
37 6 19 191
37 37 47 13
37 41 33 127
37 44 1 28
37 14 13 5
37 51 25 81
37 52 53 172
37 55 59 7
37 26 7 14
37 27 40 16
37 28 37 204
38 5 55 100
38 38 11 35
38 6 57 95
38 40 43 37
38 37 7 161
38 43 37 43
38 11 19 26
38 50 15 159
38 19 23 32
38 24 1 34
38 57 25 15
38 59 33 134
39 32 55 224
39 35 7 170
39 3 5 8
39 6 51 95
39 14 1 5
39 15 10 76
39 47 31 119
39 54 35 23
39 22 58 144
39 56 13 206
39 24 15 111
39 58 45 80
40 4 41 4
40 37 25 71
40 40 15 223
40 9 45 209
40 28 58 22
40 52 1 1
40 55 37 7
40 23 53 107
40 25 13 77
40 26 10 14
40 27 22 102
40 60 55 21
41 2 1 79
41 37 43 98
41 9 25 122
41 11 11 26
41 44 55 63
41 12 5 115
41 48 37 184
41 50 45 159
41 19 35 32
41 56 19 31
41 59 15 166
41 28 49 22
42 32 28 224
42 6 39 36
42 40 33 86
42 42 25 50
42 46 49 113
42 16 1 20
42 49 16 106
42 50 19 45
42 21 37 67
42 57 9 15
42 27 13 102
42 30 55 167
43 5 23 3
43 41 7 127
43 10 33 44
43 50 49 207
43 19 39 177
43 53 21 91
43 54 15 28
43 30 45 57
43 57 55 205
43 27 28 102
43 28 4 22
43 25 1 77
44 33 55 132
44 35 16 170
44 5 5 172
44 40 37 37
44 10 21 155
44 49 13 106
44 50 33 45
44 22 10 62
44 23 49 211
44 24 51 34
44 58 43 203
44 30 25 167
45 32 49 224
45 40 27 223
45 41 37 222
45 43 5 43
45 11 3 85
45 28 43 88
45 13 11 6
45 47 31 29
45 48 13 58
45 22 58 62
45 60 55 183
45 31 19 64
46 2 7 48
46 37 53 13
46 6 13 36
46 10 43 96
46 12 29 115
46 45 55 214
46 17 25 168
46 49 40 12
46 20 49 179
46 59 31 40
46 60 1 183
46 30 19 167
47 35 37 148
47 7 15 32
47 41 21 65
47 42 31 66
47 11 7 26
47 13 49 181
47 18 1 127
47 19 27 79
47 20 57 99
47 23 47 107
47 57 51 220
47 27 4 102
48 35 49 170
48 36 55 153
48 3 1 8
48 6 13 110
48 38 7 129
48 9 43 122
48 43 25 43
48 12 35 115
48 17 37 187
48 21 31 141
48 57 21 220
48 26 10 165
49 37 15 71
49 6 49 36
49 9 33 209
49 13 1 6
49 49 19 75
49 53 27 91
49 54 29 23
49 24 9 34
49 56 41 31
49 27 46 16
49 60 43 183
49 30 37 57
50 36 41 41
50 37 5 13
50 39 51 175
50 47 19 16
50 17 7 187
50 51 46 81
50 52 17 1
50 20 37 179
50 21 29 19
50 56 25 31
50 58 57 80
50 59 1 180
51 38 25 35
51 40 9 37
51 42 49 103
51 11 21 98
51 14 1 221
51 18 17 25
51 54 55 28
51 24 3 24
51 56 53 89
51 29 13 8
51 30 31 50
51 31 40 30
52 3 1 123
52 5 35 4
52 38 53 129
52 39 55 117
52 11 5 52
52 16 16 20
52 18 13 25
52 19 43 32
52 50 7 82
52 53 37 216
52 55 29 7
52 28 46 22
53 4 37 4
53 43 35 43
53 48 1 137
53 17 25 201
53 50 31 82
53 51 58 193
53 19 45 177
53 54 19 23
53 55 43 7
53 24 15 24
53 25 11 77
53 28 52 22
54 38 5 129
54 39 33 97
54 8 13 3
54 59 7 46
54 10 55 96
54 60 28 183
54 16 49 199
54 49 25 12
54 27 52 16
54 28 40 22
54 29 1 154
54 31 22 64
55 32 52 208
55 2 15 98
55 3 7 142
55 38 5 35
55 9 55 122
55 11 25 26
55 43 43 43
55 48 33 184
55 17 45 45
55 21 31 6
55 59 39 134
55 28 10 88
56 32 58 224
56 33 33 132
56 35 40 101
56 3 19 8
56 10 21 9
56 12 51 2
56 16 43 20
56 23 49 150
56 52 11 1
56 54 27 62
56 55 29 46
56 60 55 57
57 32 58 121
57 38 37 219
57 39 15 175
57 8 33 3
57 10 25 9
57 46 1 185
57 15 40 128
57 14 11 5
57 20 19 179
57 55 7 7
57 26 55 165
57 59 43 140
58 34 25 54
58 3 11 123
58 37 37 196
58 8 1 49
58 9 51 65
58 10 13 96
58 44 57 197
58 20 7 179
58 55 5 7
58 26 43 14
58 60 46 183
58 30 19 73
59 3 5 51
59 39 51 117
59 10 1 96
59 11 31 26
59 13 29 181
59 14 39 167
59 15 55 53
59 17 9 45
59 51 34 153
59 53 43 91
59 59 45 46
59 31 19 61
60 33 25 132
60 34 10 61
60 4 13 4
60 6 3 191
60 40 33 46
60 41 51 127
60 12 19 97
60 51 7 214
60 21 41 19
60 59 37 40
60 30 15 167
60 31 55 54
61 2 47 48
61 39 19 213
61 11 41 68
61 43 7 43
61 15 43 53
61 49 16 148
61 50 3 207
61 19 51 111
61 52 35 172
61 22 55 144
61 24 37 180
61 31 10 30
62 2 39 162
62 35 31 101
62 40 55 37
62 44 21 182
62 15 4 126
62 50 43 102
62 51 13 81
62 54 41 23
62 23 19 217
62 27 16 108
62 60 52 21
62 30 9 109
63 36 43 41
63 37 51 71
63 6 1 36
63 40 31 37
63 48 57 58
63 49 19 106
63 18 25 25
63 50 45 82
63 52 29 1
63 55 27 46
63 28 16 88
63 29 9 131
64 32 7 121
64 3 49 8
64 36 35 41
64 42 31 175
64 11 53 68
64 45 39 214
64 14 57 136
64 47 46 171
64 60 16 66
64 49 19 148
64 25 43 77
64 28 4 204
65 3 23 8
65 39 13 117
65 40 1 37
65 15 43 76
65 16 49 24
65 17 7 168
65 50 37 159
65 52 25 1
65 56 29 206
65 57 33 220
65 27 58 67
65 31 46 138
66 3 5 142
66 4 17 4
66 5 27 3
66 6 55 36
66 8 59 49
66 45 21 100
66 46 37 70
66 14 53 5
66 49 13 148
66 50 1 82
66 51 34 81
66 28 7 22
67 37 23 13
67 8 53 3
67 9 1 122
67 41 9 65
67 47 43 171
67 48 39 142
67 19 47 130
67 52 55 1
67 23 35 217
67 56 49 206
67 59 13 40
67 60 25 66
68 34 1 87
68 6 9 36
68 42 28 54
68 28 13 88
68 16 19 20
68 18 43 127
68 51 22 81
68 52 49 1
68 57 45 220
68 60 40 66
68 29 55 154
68 31 4 30
69 33 45 132
69 36 37 153
69 11 59 68
69 45 3 147
69 48 39 156
69 17 27 45
69 19 13 91
69 53 11 41
69 22 7 144
69 56 17 31
69 30 31 214
69 31 55 112
70 39 27 97
70 41 15 65
70 44 31 197
70 45 19 214
70 46 7 70
70 16 49 100
70 20 55 179
70 52 13 1
70 27 37 16
70 28 1 22
70 30 45 25
70 31 4 98
71 34 25 87
71 3 45 8
71 39 57 175
71 59 7 156
71 44 39 28
71 45 1 13
71 14 5 5
71 53 19 41
71 54 31 139
71 24 33 34
71 27 16 16
71 31 22 112
72 33 19 132
72 2 49 48
72 58 15 23
72 37 9 196
72 40 43 223
72 10 33 155
72 43 1 43
72 45 25 147
72 13 51 181
72 14 23 5
72 51 4 92
72 26 55 14
73 38 23 125
73 12 49 2
73 44 15 182
73 46 45 128
73 15 31 76
73 50 55 159
73 52 9 1
73 21 11 141
73 22 52 12
73 23 13 107
73 60 19 21
73 29 25 131
74 3 7 8
74 4 5 4
74 36 45 153
74 6 19 95
74 37 1 29
74 40 25 176
74 43 41 43
74 44 51 50
74 15 10 53
74 54 17 28
74 59 13 156
74 30 33 152
75 35 52 202
75 36 21 153
75 37 35 71
75 7 11 137
75 41 39 146
75 42 13 103
75 11 9 218
75 13 25 194
75 47 46 29
75 57 55 160
75 26 1 14
75 27 43 54
76 2 1 162
76 3 43 8
76 35 34 101
76 41 27 65
76 42 46 54
76 46 13 185
76 17 21 168
76 50 57 102
76 19 19 32
76 54 39 139
76 59 49 166
76 60 10 66
77 2 19 48
77 56 23 31
77 37 35 126
77 38 31 129
77 5 17 171
77 40 7 119
77 42 13 50
77 50 51 159
77 19 29 32
77 53 5 41
77 24 45 24
77 26 37 163
78 4 51 73
78 5 59 3
78 42 1 54
78 43 19 43
78 45 15 54
78 15 28 53
78 48 9 138
78 18 7 25
78 21 47 19
78 22 31 144
78 23 41 217
78 25 53 77
79 2 11 48
79 3 55 8
79 39 27 117
79 40 37 223
79 9 3 3
79 14 31 5
79 48 43 161
79 20 15 179
79 21 7 19
79 56 33 89
79 27 19 54
79 29 57 128
80 39 51 213
80 8 29 221
80 42 13 66
80 12 11 2
80 13 7 181
80 46 31 185
80 49 22 75
80 50 25 82
80 52 5 1
80 21 35 19
80 22 40 198
80 24 57 114
81 33 7 132
81 4 11 4
81 37 35 13
81 38 17 35
81 40 55 93
81 46 51 148
81 16 31 24
81 53 23 41
81 23 1 211
81 27 4 16
81 30 19 50
81 31 40 98
82 39 19 114
82 9 13 209
82 41 45 127
82 14 23 167
82 16 58 199
82 17 33 187
82 49 1 75
82 55 17 7
82 24 27 24
82 59 51 188
82 28 7 134
82 31 4 112
83 32 52 121
83 3 49 221
83 4 9 73
83 5 47 3
83 40 21 93
83 42 40 103
83 44 13 197
83 45 27 13
83 48 57 138
83 49 4 75
83 59 43 156
83 28 34 88
84 33 27 225
84 38 39 75
84 7 33 137
84 41 51 74
84 15 19 53
84 52 41 1
84 53 13 182
84 55 37 66
84 25 3 123
84 60 7 66
84 29 43 154
84 31 16 112
85 32 31 143
85 2 53 189
85 36 3 58
85 5 43 103
85 4 15 79
85 40 21 223
85 14 45 89
85 19 37 177
85 25 5 77
85 27 55 16
85 28 10 22
85 30 49 214
86 33 25 174
86 4 15 44
86 10 21 96
86 12 47 115
86 44 3 177
86 14 43 5
86 48 9 58
86 18 41 25
86 54 1 139
86 23 7 217
86 59 55 134
86 30 31 167
87 2 55 48
87 35 40 202
87 36 31 80
87 14 29 5
87 47 19 119
87 48 13 138
87 49 34 148
87 21 53 164
87 54 37 23
87 23 5 217
87 25 17 77
87 60 49 183
88 36 51 165
88 5 59 171
88 7 7 3
88 9 55 209
88 59 45 188
88 17 25 187
88 51 4 214
88 56 11 221
88 57 39 220
88 58 19 203
88 27 31 16
88 30 13 109
89 6 25 110
89 38 35 129
89 40 19 176
89 7 33 93
89 11 47 68
89 14 41 5
89 48 51 137
89 50 13 204
89 53 49 41
89 22 43 198
89 25 9 92
89 30 3 175
90 33 37 174
90 34 43 221
90 35 46 101
90 4 27 160
90 6 3 110
90 9 55 3
90 17 51 168
90 50 33 159
90 21 41 51
90 22 19 62
90 23 1 196
90 57 9 84
91 34 7 54
91 10 45 44
91 11 25 68
91 45 27 100
91 13 13 144
91 48 51 138
91 49 10 106
91 53 37 41
91 24 19 180
91 57 1 205
91 29 33 63
91 25 17 124
92 33 39 225
92 3 3 142
92 37 37 13
92 38 33 35
92 42 46 164
92 48 57 137
92 52 43 1
92 22 22 12
92 55 55 7
92 56 17 206
92 24 51 94
92 31 28 140
93 32 10 208
93 33 15 225
93 3 57 142
93 4 49 4
93 37 43 13
93 9 31 122
93 43 41 149
93 47 1 81
93 18 55 25
93 23 23 137
93 29 51 154
93 31 19 112
94 4 53 4
94 5 39 100
94 38 43 129
94 9 55 65
94 11 35 68
94 12 47 2
94 45 31 100
94 18 9 163
94 55 59 200
94 25 19 124
94 29 21 128
94 30 1 73
95 33 43 225
95 34 13 49
95 11 19 68
95 44 51 177
95 15 16 126
95 50 57 73
95 53 1 41
95 23 23 107
95 25 25 124
95 58 37 63
95 27 4 18
95 31 31 166
96 33 13 174
96 58 19 80
96 5 57 7
96 27 10 67
96 8 37 113
96 12 41 115
96 18 53 25
96 19 55 32
96 54 7 23
96 24 25 123
96 26 31 14
96 59 1 40
97 34 22 38
97 3 19 221
97 36 9 153
97 38 1 129
97 39 27 175
97 13 17 6
97 46 13 70
97 48 49 142
97 54 43 23
97 24 33 94
97 25 5 124
97 31 40 112
98 35 13 202
98 36 19 155
98 37 45 98
98 7 51 195
98 11 55 68
98 49 16 92
98 19 21 130
98 53 27 216
98 26 37 14
98 59 9 188
98 30 57 152
98 31 4 64
99 3 21 8
99 35 34 202
99 38 25 75
99 27 31 67
99 42 4 164
99 12 47 103
99 48 43 58
99 52 59 1
99 23 49 217
99 25 55 124
99 59 51 156
99 30 37 109
100 3 53 8
100 35 58 202
100 39 13 97
100 7 9 118
100 42 1 50
100 14 17 5
100 50 49 45
100 18 37 25
100 20 31 179
100 22 43 12
100 23 29 217
100 27 46 108
101 3 57 51
101 58 1 203
101 11 5 68
101 46 25 156
101 16 10 135
101 17 45 187
101 49 49 75
101 21 29 141
101 54 55 23
101 55 17 46
101 22 37 12
101 26 52 14
102 2 53 98
102 3 27 221
102 34 16 195
102 6 19 13
102 8 29 193
102 41 49 146
102 12 1 115
102 46 45 169
102 15 10 128
102 17 55 168
102 19 25 32
102 21 3 6
103 32 10 121
103 2 59 84
103 39 27 213
103 42 19 66
103 14 49 5
103 15 1 136
103 17 15 168
103 19 7 32
103 21 31 19
103 23 53 211
103 24 33 186
103 27 22 54
104 2 29 48
104 34 34 38
104 6 45 55
104 38 49 129
104 8 31 49
104 9 51 122
104 15 7 128
104 48 25 161
104 19 59 32
104 56 55 206
104 28 4 88
104 29 15 128
105 33 9 225
105 36 17 41
105 37 21 196
105 8 35 193
105 41 31 65
105 14 45 93
105 15 25 53
105 16 37 135
105 49 4 148
105 55 57 200
105 60 52 183
106 4 11 73
106 37 29 29
106 9 49 3
106 42 40 175
106 11 31 68
106 45 13 147
106 16 55 199
106 51 25 153
106 20 3 179
106 55 33 200
106 58 7 71
106 60 37 183
107 32 37 121
107 37 55 13
107 27 19 122
107 46 57 11
107 15 49 76
107 53 47 41
107 23 17 217
107 24 43 186
107 25 3 43
107 59 7 40
107 29 13 131
107 31 52 61
108 32 16 121
108 33 55 225
108 34 13 207
108 35 22 202
108 2 41 48
108 9 49 209
108 12 35 200
108 13 47 181
108 48 27 137
108 21 5 141
108 54 53 23
108 23 11 107
109 33 43 174
109 37 27 98
109 39 37 97
109 14 35 169
109 15 55 126
109 48 31 156
109 49 22 106
109 51 1 61
109 19 17 90
109 21 19 19
109 53 51 41
109 29 7 154
110 32 19 224
110 4 25 4
110 39 39 117
110 41 3 222
110 14 37 5
110 60 28 21
110 46 57 185
110 50 43 207
110 51 16 214
110 52 53 1
110 54 23 139
110 28 7 88
111 35 58 101
111 37 15 196
111 39 9 213
111 8 51 104
111 14 47 5
111 49 22 92
111 18 31 25
111 20 39 99
111 22 19 144
111 23 5 211
111 56 55 55
111 24 25 186
112 32 34 121
112 34 28 87
112 2 17 48
112 38 7 125
112 41 1 74
112 12 25 2
112 14 31 136
112 15 46 145
112 17 13 201
112 23 57 150
112 56 37 206
112 31 10 112
113 9 1 209
113 42 16 222
113 10 43 9
113 45 19 147
113 13 23 194
113 15 7 145
113 60 13 57
113 17 57 187
113 50 49 82
113 56 41 206
113 27 34 108
113 28 31 88
114 39 21 97
114 40 1 176
114 8 41 3
114 44 45 182
114 45 31 13
114 47 25 29
114 16 16 199
114 48 7 184
114 50 57 204
114 51 13 214
114 19 29 90
114 28 37 22
115 34 52 49
115 6 25 36
115 40 7 223
115 10 57 155
115 46 13 113
115 49 19 92
115 22 4 198
115 23 11 211
115 24 39 123
115 58 33 80
115 28 49 88
115 31 46 112
116 2 9 189
116 4 29 4
116 10 3 155
116 15 37 145
116 17 13 45
116 49 31 106
116 21 25 19
116 54 21 28
116 23 41 211
116 27 43 16
116 28 46 134
116 31 58 64
117 34 16 221
117 2 39 189
117 35 25 101
117 37 51 196
117 5 55 4
117 14 13 62
117 15 31 53
117 48 43 184
117 17 3 168
117 18 1 25
117 58 7 191
117 28 19 88
118 34 1 103
118 35 4 202
118 36 51 155
118 4 39 140
118 38 47 129
118 7 15 171
118 9 19 209
118 13 41 194
118 49 7 75
118 29 33 128
118 30 25 109
118 31 55 166
119 38 11 129
119 11 13 68
119 12 37 103
119 13 5 194
119 46 25 162
119 47 55 29
119 15 1 76
119 17 39 168
119 50 33 204
119 56 17 33
119 24 7 24
119 28 22 122
120 32 28 208
120 2 21 189
120 39 45 97
120 7 37 93
120 41 7 146
120 12 49 115
120 15 34 145
120 53 57 182
120 25 43 124
120 27 1 108
120 60 40 183
120 30 51 167
121 34 7 49
121 36 53 41
121 37 33 126
121 38 13 129
121 44 37 197
121 16 10 199
121 18 51 163
121 24 45 111
121 26 25 163
121 59 19 40
121 29 1 91
121 31 58 54
122 34 10 38
122 36 25 41
122 5 53 7
122 6 31 36
122 39 37 8
122 14 51 221
122 47 7 16
122 49 55 148
122 20 21 99
122 21 41 141
122 60 46 66
122 31 28 30
123 32 4 121
123 46 9 185
123 48 15 184
123 49 28 12
123 17 33 48
123 24 39 24
123 57 45 15
123 56 25 206
123 27 49 108
123 60 58 57
123 29 21 123
123 31 52 54
124 32 43 121
124 34 1 38
124 4 51 44
124 5 41 100
124 58 31 203
124 41 21 222
124 42 10 175
124 45 37 147
124 21 35 141
124 54 15 152
124 26 25 14
124 59 57 25
125 32 13 130
125 34 7 195
125 4 45 218
125 5 1 3
125 36 27 155
125 41 37 127
125 42 10 54
125 47 22 70
125 55 51 200
125 54 3 152
125 22 19 12
125 30 57 109
126 34 37 87
126 3 33 51
126 6 1 55
126 44 57 28
126 45 25 38
126 50 13 82
126 19 9 79
126 52 47 1
126 53 31 41
126 22 49 198
126 56 43 206
126 28 19 22
127 33 33 225
127 2 51 189
127 36 57 41
127 5 25 3
127 8 11 113
127 41 19 146
127 42 4 54
127 44 7 50
127 51 40 61
127 22 37 62
127 56 1 89
127 30 45 167
128 38 59 35
128 7 13 195
128 39 15 114
128 42 1 164
128 45 7 100
128 48 19 184
128 19 57 201
128 52 55 150
128 21 49 141
128 25 23 124
128 27 31 54
128 31 40 86
129 33 1 174
129 35 31 202
129 36 55 155
129 40 9 176
129 45 43 38
129 28 28 22
129 51 25 207
129 23 47 217
129 55 15 200
129 24 19 111
129 59 39 46
129 60 34 183
130 4 15 218
130 40 51 223
130 42 34 222
130 43 55 43
130 48 57 161
130 49 28 92
130 50 39 45
130 20 43 179
130 54 47 152
130 22 25 144
130 28 31 22
130 31 7 140
131 3 33 123
131 36 15 165
131 37 17 71
131 16 43 199
131 17 1 187
131 48 51 184
131 49 46 92
131 20 27 179
131 53 21 216
131 57 55 15
131 27 7 102
131 30 39 152
132 2 15 189
132 38 27 35
132 7 45 195
132 42 55 66
132 47 31 81
132 17 19 187
132 49 58 75
132 53 9 216
132 23 43 217
132 57 51 84
132 29 39 131
132 25 49 77
133 7 1 57
133 11 49 26
133 43 33 149
133 46 9 32
133 47 58 16
133 16 40 135
133 49 25 148
133 17 19 201
133 55 45 200
133 24 51 123
133 59 13 134
133 30 3 167
134 3 25 142
134 7 9 57
134 9 27 209
134 44 49 182
134 13 55 194
134 46 1 169
134 22 16 12
134 55 35 125
134 59 57 40
134 28 22 22
134 30 43 214
134 31 37 112
135 2 45 189
135 4 35 28
135 6 7 95
135 39 51 97
135 10 37 155
135 43 15 149
135 47 1 44
135 49 25 106
135 50 19 82
135 19 23 111
135 18 11 163
135 21 17 141
136 33 1 225
136 38 19 35
136 42 49 54
136 11 37 68
136 14 21 221
136 16 13 199
136 49 7 12
136 48 25 138
136 21 43 19
136 27 31 18
136 60 52 66
136 30 45 73
137 37 37 126
137 5 35 171
137 7 3 93
137 40 39 176
137 9 43 3
137 10 7 155
137 8 33 221
137 43 21 149
137 15 49 136
137 17 57 48
137 25 29 124
137 30 25 57
138 3 23 51
138 36 3 41
138 6 33 95
138 39 43 175
138 46 7 148
138 15 55 145
138 17 51 48
138 18 37 151
138 51 58 92
138 53 39 216
138 58 19 71
138 59 27 83
139 41 25 222
139 42 40 164
139 43 57 149
139 13 59 194
139 47 13 16
139 50 7 159
139 20 45 99
139 53 51 216
139 22 34 12
139 24 21 34
139 60 31 183
139 29 1 149
140 34 46 221
140 3 29 51
140 36 15 155
140 4 33 218
140 38 17 129
140 40 57 86
140 12 55 162
140 45 7 13
140 14 3 5
140 13 37 194
140 18 21 163
140 50 49 102
141 34 22 87
141 6 39 191
141 40 13 176
141 9 9 209
141 16 19 135
141 18 33 163
141 54 27 139
141 58 57 23
141 59 51 83
141 60 46 21
141 29 3 131
141 31 43 61
142 33 7 174
142 35 13 101
142 4 3 218
142 47 22 1
142 51 58 153
142 55 27 200
142 22 52 198
142 23 49 107
142 25 41 77
142 58 45 63
142 29 37 154
142 31 34 112
143 34 4 221
143 5 59 172
143 7 39 195
143 8 9 221
143 42 16 164
143 48 51 58
143 52 21 207
143 23 55 217
143 26 28 163
143 59 45 83
143 28 34 22
143 31 31 112
144 34 16 207
144 35 55 50
144 4 21 218
144 37 59 196
144 7 53 57
144 17 37 48
144 18 9 139
144 53 45 216
144 54 51 152
144 57 33 205
144 58 3 63
144 31 25 140
145 37 3 196
145 11 49 52
145 44 9 197
145 43 27 149
145 47 40 171
145 48 57 184
145 18 21 139
145 50 33 102
145 55 37 46
145 56 31 206
145 24 45 180
145 58 51 63
146 5 45 100
146 38 57 35
146 43 17 149
146 50 19 204
146 20 27 99
146 54 11 152
146 23 47 211
146 24 31 111
146 26 1 165
146 29 13 123
146 30 39 73
146 31 49 98
147 32 49 61
147 34 28 61
147 4 21 44
147 38 47 35
147 39 7 117
147 43 45 149
147 17 57 45
147 50 39 82
147 19 37 32
147 20 15 99
147 57 31 160
147 58 1 23
148 4 29 218
148 38 37 129
148 6 15 191
148 40 55 176
148 9 39 122
148 42 31 201
148 11 59 26
148 16 52 199
148 54 9 28
148 25 47 124
148 60 25 21
148 29 19 4
149 35 10 202
149 4 39 218
149 9 19 3
149 12 53 115
149 45 31 147
149 46 49 11
149 14 59 89
149 15 7 126
149 17 15 187
149 18 57 163
149 59 43 166
149 60 1 66
150 35 1 170
150 6 37 55
150 42 10 222
150 15 31 145
150 17 43 48
150 18 13 127
150 19 51 130
150 52 29 50
150 21 5 19
150 58 57 203
150 30 25 73
150 31 34 64
Trạng thái: OPTIMUM
Điểm tối ưu: 1795
Thời gian: 15.0368 giây
