910
1 2 15 107
1 6 58 19
1 7 25 33
1 10 28 90
1 12 49 65
1 15 23 108
1 21 21 116
1 27 34 15
1 28 10 115
1 31 43 61
2 2 5 72
2 7 34 33
2 9 57 14
2 12 15 65
2 13 41 1
2 15 13 24
2 17 39 119
2 18 28 62
2 23 45 100
2 27 31 76
2 30 10 88
2 31 49 61
3 2 13 72
3 5 58 26
3 8 34 60
3 10 31 90
3 12 27 98
3 16 43 9
3 17 53 119
3 20 15 99
3 22 49 45
3 24 7 32
3 29 4 8
3 31 37 61
4 32 1 104
4 4 41 70
4 10 10 90
4 11 16 83
4 14 7 117
4 16 22 57
4 19 58 91
4 21 45 16
4 22 49 91
4 24 25 95
4 27 31 15
4 30 37 88
5 2 55 72
5 4 15 66
5 7 43 33
5 8 58 27
5 9 37 12
5 11 7 83
5 17 47 119
5 18 49 62
5 22 25 45
5 25 31 106
5 28 4 54
5 31 19 18
6 5 46 20
6 7 31 17
6 10 7 90
6 11 4 44
6 12 51 56
6 14 25 72
6 18 58 11
6 22 39 45
6 27 19 15
6 29 16 93
7 2 17 72
7 5 1 20
7 8 46 2
7 11 19 44
7 14 15 72
7 15 11 24
7 16 7 9
7 26 39 4
7 30 22 88
7 31 57 61
8 4 3 66
8 5 40 26
8 6 43 50
8 9 27 14
8 11 46 44
8 16 49 9
8 17 35 119
8 18 7 11
8 20 21 99
8 24 57 32
8 28 37 115
8 31 13 18
9 4 27 66
9 5 16 20
9 8 13 2
9 12 45 56
9 14 57 72
9 17 37 119
9 18 31 62
9 19 1 111
9 20 49 99
9 25 9 58
9 28 34 115
9 31 19 34
10 2 27 72
10 7 7 17
10 10 16 55
10 12 57 98
10 13 29 1
10 16 46 113
10 19 13 111
10 21 21 16
10 22 3 45
10 28 31 115
10 29 43 93
10 30 34 88
11 2 49 107
11 4 43 70
11 6 46 19
11 11 13 44
11 12 1 47
11 13 51 1
11 16 16 9
11 18 37 62
11 20 31 120
11 21 23 16
11 23 7 81
11 31 57 18
12 4 11 70
12 5 16 26
12 6 34 19
12 15 37 24
12 16 58 113
12 20 51 120
12 23 27 100
12 26 3 4
12 28 40 85
12 29 46 93
13 5 34 20
13 6 10 19
13 12 49 47
13 13 5 1
13 14 45 72
13 18 55 11
13 21 47 116
13 27 19 76
13 28 22 115
13 29 13 93
14 5 31 26
14 7 28 33
14 9 19 12
14 10 58 90
14 11 7 44
14 13 53 73
14 15 25 108
14 20 43 120
14 21 15 16
14 24 39 95
14 29 49 93
15 4 25 70
15 6 34 50
15 12 21 47
15 15 1 108
15 16 40 9
15 18 4 62
15 25 13 58
15 29 58 93
15 30 28 77
15 31 49 34
16 5 22 20
16 6 55 50
16 8 7 2
16 9 3 14
16 16 37 113
16 17 25 119
16 18 31 46
16 19 10 111
16 20 51 87
16 22 45 45
16 27 28 76
17 2 23 72
17 7 1 33
17 11 34 114
17 14 51 72
17 15 7 24
17 16 28 113
17 17 19 119
17 18 55 62
17 20 37 87
17 21 31 116
17 23 15 100
17 30 58 77
18 2 1 107
18 10 13 55
18 13 59 1
18 18 22 62
18 19 4 91
18 20 31 99
18 21 29 16
18 22 39 118
18 23 55 59
18 30 25 88
18 31 51 46
19 32 43 104
19 6 31 19
19 8 52 60
19 12 3 56
19 18 40 11
19 19 7 111
19 20 25 87
19 23 19 59
19 24 14 32
19 27 10 76
19 30 58 110
20 5 43 26
20 6 58 50
20 7 55 17
20 8 22 27
20 10 34 90
20 12 49 98
20 17 31 119
20 18 25 62
20 23 39 59
20 26 5 71
20 27 16 15
20 31 7 46
21 2 11 107
21 5 4 20
21 7 52 17
21 8 49 60
21 9 21 48
21 10 55 73
21 18 46 11
21 23 33 59
21 26 59 100
21 29 1 93
22 2 43 107
22 4 17 70
22 5 10 20
22 6 4 50
22 7 58 33
22 8 25 2
22 12 37 47
22 14 23 117
22 20 13 120
22 30 7 77
22 31 45 34
23 2 1 72
23 17 5 119
23 18 49 11
23 20 27 99
23 21 39 16
23 23 19 100
23 26 57 71
23 27 31 111
23 28 10 85
23 30 16 110
23 31 43 46
24 3 45 68
24 4 31 70
24 5 19 20
24 6 10 50
24 7 25 17
24 8 40 2
24 11 16 90
24 14 37 117
24 15 1 24
24 27 22 76
24 28 7 115
25 3 3 68
25 6 37 50
25 9 51 14
25 11 55 90
25 15 17 24
25 19 7 91
25 21 49 116
25 23 45 59
25 28 13 54
26 2 7 107
26 4 37 70
26 7 10 17
26 9 25 12
26 10 43 12
26 16 16 113
26 21 13 116
26 26 53 4
26 27 55 76
26 30 22 77
27 3 51 68
27 5 7 20
27 9 27 48
27 18 40 62
27 20 15 87
27 21 59 116
27 23 55 100
27 24 33 32
27 26 49 4
27 27 37 76
27 30 1 88
28 32 19 6
28 5 37 20
28 7 58 17
28 8 10 2
28 10 40 90
28 12 33 56
28 14 55 117
28 18 52 62
28 23 3 100
28 26 27 7
28 27 13 15
29 32 37 104
29 2 29 107
29 3 19 8
29 7 1 17
29 8 25 60
29 12 15 98
29 13 55 1
29 16 58 9
29 21 53 116
29 25 7 106
29 28 43 115
29 30 31 77
30 32 13 104
30 2 47 72
30 4 1 70
30 9 7 14
30 14 17 117
30 16 55 9
30 19 19 111
30 21 11 116
30 22 37 91
30 23 49 59
30 28 58 85
30 31 3 18
31 2 7 72
31 5 46 26
31 7 34 17
31 11 49 83
31 12 57 65
31 15 13 108
31 17 17 119
31 18 22 46
31 19 31 20
31 20 3 120
31 21 19 116
31 26 15 4
32 3 39 68
32 4 7 70
32 12 51 41
32 13 13 1
32 14 31 117
32 16 10 57
32 18 46 62
32 20 55 99
32 26 15 105
32 30 43 77
32 31 25 46
33 3 15 68
33 7 37 17
33 8 1 27
33 12 7 56
33 13 23 1
33 14 11 117
33 16 40 57
33 20 31 87
33 22 49 48
33 26 57 4
34 2 37 107
34 6 28 50
34 14 51 117
34 15 39 24
34 17 35 104
34 19 16 91
34 22 3 30
34 24 21 95
34 28 55 115
34 30 7 110
34 31 43 18
35 3 37 8
35 4 59 66
35 7 4 33
35 11 49 44
35 12 15 47
35 14 7 57
35 22 43 91
35 23 9 59
35 28 52 115
35 29 25 8
35 30 1 110
35 31 55 34
36 32 3 6
36 3 33 8
36 4 23 70
36 7 19 33
36 9 45 14
36 11 10 114
36 15 41 24
36 18 13 11
36 21 25 116
36 27 7 15
36 28 49 115
36 30 16 37
37 7 13 17
37 10 46 12
37 14 19 117
37 20 39 99
37 21 7 116
37 22 51 30
37 27 22 111
37 28 58 115
37 29 10 95
37 30 31 110
37 31 1 46
38 3 7 8
38 5 55 20
38 6 19 50
38 7 16 56
38 11 40 114
38 13 45 30
38 16 25 9
38 17 59 119
38 18 37 11
38 24 3 32
38 27 52 76
38 30 13 110
39 2 41 72
39 5 43 20
39 7 4 17
39 9 13 14
39 11 31 114
39 15 59 108
39 18 34 46
39 22 19 91
39 23 25 59
39 26 9 4
39 28 1 28
39 29 55 93
40 2 25 107
40 4 55 70
40 6 49 50
40 8 28 2
40 11 1 44
40 14 53 66
40 15 19 108
40 21 43 116
40 22 31 91
40 24 21 32
40 31 9 61
41 2 45 107
41 3 57 68
41 5 1 26
41 8 34 2
41 9 37 14
41 13 31 73
41 16 7 47
41 17 5 104
41 23 15 81
41 26 47 7
41 30 49 88
41 31 27 18
42 9 55 12
42 10 13 73
42 12 21 65
42 14 31 72
42 18 52 11
42 19 28 20
42 21 35 116
42 22 39 30
42 24 3 95
42 26 45 71
42 29 25 93
43 2 55 107
43 4 29 70
43 5 49 20
43 9 33 12
43 10 10 55
43 11 22 44
43 13 39 79
43 15 31 108
43 19 58 111
43 22 43 118
43 30 16 88
44 2 53 107
44 3 15 8
44 4 19 70
44 7 49 17
44 11 58 44
44 12 25 47
44 13 29 79
44 14 47 117
44 16 4 9
44 23 37 81
44 28 7 16
44 29 10 93
45 32 21 104
45 2 53 72
45 5 13 20
45 6 46 50
45 13 35 79
45 18 43 62
45 20 3 99
45 23 7 100
45 24 37 32
45 30 49 77
45 31 31 18
46 2 31 107
46 3 49 8
46 9 7 48
46 10 43 73
46 14 11 66
46 15 35 108
46 20 57 87
46 21 55 116
46 26 53 71
46 28 28 54
46 30 19 77
46 31 3 34
47 5 49 26
47 7 28 17
47 8 4 2
47 10 1 90
47 13 43 79
47 15 47 24
47 17 55 119
47 18 10 11
47 22 15 30
47 23 19 81
47 25 57 58
47 29 52 93
48 6 40 50
48 7 16 33
48 10 34 73
48 11 25 44
48 14 5 117
48 17 1 119
48 18 31 11
48 19 46 111
48 20 7 87
48 21 23 116
48 22 55 37
48 29 19 93
49 3 55 8
49 6 16 19
49 11 10 83
49 12 31 41
49 14 29 117
49 15 37 108
49 16 46 9
49 18 1 62
49 23 39 100
49 24 25 32
49 25 21 58
49 26 19 4
50 2 41 107
50 3 45 8
50 5 34 26
50 6 28 19
50 13 53 79
50 14 59 117
50 16 31 47
50 19 25 91
50 27 49 15
50 28 22 54
50 29 7 95
50 31 3 61
51 32 45 6
51 2 43 72
51 13 37 79
51 17 25 104
51 21 41 116
51 22 51 37
51 24 31 95
51 26 21 4
51 27 10 15
51 29 7 93
51 30 4 77
51 31 57 46
52 4 49 70
52 6 1 19
52 9 33 14
52 11 4 83
52 14 47 57
52 21 37 16
52 22 19 37
52 24 43 32
52 25 27 58
52 26 59 7
52 28 10 28
52 31 39 18
53 4 55 66
53 6 49 19
53 11 10 44
53 14 25 117
53 15 43 108
53 17 17 104
53 18 19 62
53 20 39 120
53 22 33 118
53 27 52 15
53 28 46 28
54 32 27 104
54 2 33 72
54 5 52 20
54 6 13 19
54 10 58 55
54 11 19 46
54 13 47 79
54 15 43 24
54 19 49 111
54 21 35 16
54 25 39 58
54 27 4 15
55 32 55 104
55 4 59 70
55 5 10 26
55 6 52 50
55 8 7 27
55 10 22 73
55 11 46 83
55 21 25 16
55 23 3 59
55 27 43 76
55 29 31 93
55 30 40 110
56 2 9 107
56 4 11 16
56 7 25 56
56 10 1 55
56 11 55 114
56 14 35 117
56 20 21 87
56 21 29 116
56 22 13 118
56 25 45 106
56 27 40 15
56 30 49 110
57 32 51 6
57 2 27 107
57 9 13 12
57 10 43 90
57 12 7 41
57 15 25 24
57 16 40 113
57 18 19 11
57 21 5 116
57 23 55 81
57 29 22 93
57 30 37 77
58 4 5 70
58 8 16 2
58 10 10 73
58 15 55 24
58 16 43 113
58 18 13 62
58 20 21 120
58 21 57 116
58 22 51 118
58 23 31 81
58 26 1 4
58 28 46 54
59 4 1 16
59 12 57 47
59 14 13 117
59 17 15 119
59 18 34 62
59 21 27 116
59 26 9 105
59 29 4 93
59 30 40 37
59 31 51 18
60 32 9 6
60 2 39 107
60 5 55 26
60 8 28 60
60 11 31 83
60 12 13 41
60 16 19 9
60 17 41 119
60 23 1 81
60 25 51 106
60 26 23 71
60 29 34 93
61 2 51 107
61 4 13 70
61 5 25 26
61 6 37 19
61 8 19 60
61 9 9 12
61 11 16 114
61 12 45 98
61 14 3 117
61 16 55 113
61 25 33 58
62 4 39 70
62 5 58 20
62 7 55 33
62 10 22 90
62 13 11 1
62 16 28 9
62 17 41 104
62 18 34 11
62 19 4 111
62 23 51 100
62 29 1 8
63 4 3 70
63 8 46 27
63 9 57 48
63 10 52 90
63 17 27 119
63 19 10 91
63 23 15 59
63 25 19 106
63 26 29 71
63 28 49 54
63 30 40 88
63 31 33 34
64 2 49 72
64 4 51 70
64 6 25 19
64 8 43 60
64 14 33 117
64 18 10 62
64 19 16 111
64 20 1 87
64 22 19 118
64 27 58 15
64 30 55 77
64 31 39 34
65 4 21 70
65 6 7 19
65 9 1 12
65 17 33 119
65 19 28 111
65 21 13 16
65 22 15 45
65 25 49 58
65 26 57 105
65 27 43 111
65 28 25 28
66 32 39 6
66 3 33 68
66 6 1 50
66 10 19 55
66 13 53 1
66 16 22 25
66 17 57 119
66 19 4 107
66 24 15 95
66 27 43 15
66 31 9 18
67 3 27 68
67 4 9 70
67 7 58 56
67 9 51 12
67 10 13 90
67 14 39 117
67 18 16 62
67 20 45 99
67 21 33 116
67 28 55 28
67 30 19 110
68 3 9 68
68 8 37 27
68 9 21 14
68 13 17 79
68 14 19 57
68 17 49 119
68 19 25 111
68 21 15 116
68 23 43 81
68 29 28 93
68 30 52 88
68 31 33 61
69 4 15 70
69 6 22 50
69 8 31 2
69 10 7 73
69 11 37 114
69 12 55 41
69 19 40 111
69 20 43 87
69 22 1 118
69 24 49 95
69 25 25 106
69 28 34 54
70 5 7 26
70 7 37 33
70 11 22 83
70 13 19 1
70 14 17 57
70 18 58 62
70 25 45 58
70 27 25 76
70 28 52 54
70 29 28 8
70 31 13 46
71 32 31 104
71 2 19 72
71 7 22 33
71 11 1 83
71 12 43 47
71 16 13 113
71 20 27 120
71 22 9 118
71 24 57 95
71 26 41 105
71 31 37 46
72 5 28 26
72 10 4 90
72 13 55 79
72 15 11 108
72 16 58 57
72 18 7 62
72 19 34 111
72 22 21 30
72 27 46 76
72 30 52 110
72 31 15 61
73 32 57 6
73 5 19 26
73 8 31 27
73 9 15 48
73 13 11 79
73 14 13 57
73 15 53 108
73 20 7 99
73 21 45 116
73 24 49 32
73 25 39 106
73 31 27 61
74 32 31 6
74 5 40 20
74 8 13 60
74 9 43 48
74 11 7 114
74 15 49 24
74 16 10 113
74 19 25 20
74 25 57 106
74 27 16 76
74 28 1 54
74 31 19 61
75 4 35 37
75 5 4 26
75 6 52 19
75 10 31 55
75 14 57 117
75 17 21 119
75 19 37 111
75 22 27 118
75 25 15 106
75 28 10 54
75 29 40 93
75 30 43 88
76 32 7 104
76 2 21 107
76 4 45 70
76 5 52 26
76 7 40 33
76 19 1 91
76 22 57 118
76 26 33 105
76 27 49 76
76 28 37 85
76 31 27 34
77 32 49 104
77 9 37 48
77 14 15 117
77 19 55 111
77 21 41 16
77 22 19 45
77 23 27 81
77 24 43 95
77 25 3 106
77 27 34 76
77 30 31 88
77 31 7 120
78 32 25 6
78 4 57 70
78 6 22 19
78 7 49 33
78 8 43 2
78 9 1 48
78 12 9 98
78 13 41 79
78 21 53 8
78 26 5 4
78 28 31 85
78 31 13 34
79 32 13 6
79 2 19 107
79 3 21 68
79 7 43 17
79 8 40 27
79 9 31 48
79 16 55 25
79 17 9 119
79 23 51 81
79 25 3 58
79 29 37 93
79 30 58 88
80 5 13 26
80 7 40 17
80 10 37 90
80 11 19 83
80 14 45 117
80 18 22 11
80 19 52 111
80 20 55 120
80 21 3 16
80 23 33 100
80 28 10 45
Trạng thái: OPTIMUM
Điểm tối ưu: 910
Thời gian: 6.7818 giây
