1123
1 33 15 132
1 5 31 124
1 9 34 84
1 12 22 37
1 14 28 113
1 17 52 59
1 19 19 103
1 20 55 115
1 24 49 112
1 25 25 48
2 33 55 56
2 34 25 38
2 3 7 120
2 4 9 78
2 10 31 76
2 13 4 58
2 19 22 33
2 21 37 73
2 24 46 30
2 29 15 126
2 30 53 139
3 2 52 137
3 5 1 42
3 8 37 142
3 39 31 126
3 11 27 142
3 12 19 37
3 14 49 113
3 16 35 79
3 21 16 21
3 26 13 4
3 28 55 95
4 2 1 137
4 37 7 9
4 39 46 119
4 11 31 142
4 14 13 113
4 16 53 79
4 17 55 149
4 26 4 4
4 28 16 95
4 30 37 139
4 31 49 144
5 34 45 99
5 8 43 142
5 11 39 26
5 13 22 118
5 16 25 105
5 17 28 59
5 26 31 32
5 27 4 49
5 28 13 55
5 31 19 144
6 5 5 124
6 6 37 82
6 36 57 108
6 8 55 58
6 9 49 84
6 20 19 115
6 21 7 21
6 22 29 135
6 26 10 4
6 28 43 95
7 2 34 137
7 3 11 120
7 37 23 100
7 39 37 126
7 12 52 37
7 14 43 113
7 16 9 105
7 20 46 143
7 29 55 68
7 31 27 1
8 32 27 81
8 2 55 44
8 34 31 65
8 36 37 108
8 39 52 119
8 11 45 26
8 20 13 115
8 22 7 135
8 27 16 49
8 29 39 68
9 33 31 132
9 4 9 89
9 38 49 53
9 8 23 142
9 9 43 84
9 13 1 6
9 17 37 149
9 25 19 48
9 31 57 87
10 33 9 132
10 2 13 137
10 3 23 120
10 37 39 9
10 13 28 75
10 14 31 113
10 16 53 105
10 17 46 59
10 19 58 101
10 25 49 13
10 27 34 49
10 28 25 43
11 2 58 137
11 38 25 53
11 39 37 119
11 9 7 84
11 12 43 37
11 13 19 75
11 16 11 79
11 19 31 103
11 24 40 30
11 29 53 126
11 31 49 116
12 32 9 11
12 35 34 109
12 4 37 86
12 5 43 124
12 8 15 58
12 10 55 111
12 12 58 37
12 20 25 143
12 26 31 4
12 27 46 39
12 28 52 95
12 29 29 126
13 35 37 109
13 5 25 124
13 10 31 111
13 12 19 104
13 14 52 113
13 17 34 149
13 20 13 143
13 22 1 138
13 26 22 32
13 30 7 139
14 33 57 132
14 2 22 137
14 3 17 120
14 36 49 108
14 8 27 58
14 39 19 119
14 10 34 76
14 19 7 101
14 21 10 73
14 26 43 4
15 33 21 132
15 3 5 120
15 35 58 44
15 37 43 9
15 38 13 41
15 10 10 76
15 14 16 15
15 15 45 130
15 16 51 79
15 25 1 48
15 29 29 68
15 31 33 1
16 34 7 99
16 36 5 108
16 8 11 142
16 12 34 37
16 20 1 115
16 21 55 63
16 27 13 39
16 28 28 55
16 29 51 126
16 30 25 139
17 33 13 56
17 2 46 32
17 34 3 38
17 4 19 89
17 37 1 9
17 9 52 13
17 14 34 15
17 18 58 55
17 25 55 13
17 26 7 32
17 28 40 55
18 33 43 56
18 34 15 123
18 40 4 29
18 9 25 84
18 13 7 6
18 14 40 113
18 16 13 105
18 17 19 59
18 19 49 103
18 24 37 27
19 2 16 137
19 4 19 78
19 38 52 53
19 39 1 126
19 40 4 94
19 10 46 111
19 11 25 47
19 12 49 37
19 18 55 90
19 22 13 138
19 30 59 139
20 2 28 137
20 3 35 120
20 4 57 86
20 36 1 108
20 9 31 84
20 10 22 111
20 21 37 63
20 25 25 44
20 27 43 49
20 29 41 68
20 30 5 139
21 35 58 109
21 5 17 42
21 40 46 94
21 10 4 76
21 18 1 90
21 22 19 138
21 24 28 110
21 27 34 39
21 29 51 68
21 30 31 139
21 31 15 87
22 39 16 119
22 11 49 142
22 12 25 104
22 13 13 6
22 15 31 100
22 19 55 103
22 21 10 136
22 25 19 13
22 28 58 95
22 29 35 68
23 33 31 56
23 4 3 86
23 38 55 53
23 6 9 114
23 7 27 69
23 11 49 26
23 12 46 37
23 16 13 79
23 17 22 59
23 19 16 33
23 27 58 39
24 2 37 137
24 5 1 124
24 40 25 64
24 9 19 84
24 11 3 26
24 17 16 8
24 18 34 90
24 22 7 138
24 25 40 48
24 29 57 68
25 35 19 49
25 4 51 78
25 37 9 100
25 38 31 41
25 39 25 119
25 8 13 142
25 9 22 84
25 12 16 37
25 18 1 55
25 27 37 39
26 2 10 137
26 34 39 38
26 5 25 121
26 39 22 119
26 37 5 100
26 40 34 29
26 9 28 84
26 19 7 103
26 24 16 27
26 26 49 4
26 27 46 49
27 32 15 114
27 2 40 137
27 35 46 44
27 4 21 86
27 39 7 119
27 10 49 76
27 11 31 47
27 14 52 15
27 16 29 105
27 29 11 68
28 33 9 56
28 37 25 100
28 40 31 134
28 11 27 26
28 14 19 113
28 16 7 79
28 19 43 33
28 20 49 143
28 24 37 112
28 25 4 13
28 27 40 39
28 29 23 68
29 2 31 137
29 14 4 113
29 17 7 59
29 19 40 33
29 21 10 21
29 22 25 138
29 24 34 110
29 25 37 48
29 30 29 139
29 31 47 42
30 34 31 123
30 37 29 9
30 38 19 41
30 39 13 119
30 8 35 58
30 10 7 76
30 11 39 142
30 12 46 104
30 13 25 6
30 17 58 59
30 22 17 138
31 3 41 58
31 4 13 89
31 36 11 108
31 5 39 124
31 35 52 49
31 40 31 29
31 37 27 100
31 10 19 111
31 11 57 47
31 22 37 138
31 26 34 4
32 32 55 11
32 33 39 132
32 2 1 44
32 35 31 44
32 4 15 86
32 36 29 71
32 9 25 13
32 12 7 37
32 13 43 6
32 18 4 55
32 20 34 143
32 25 46 48
33 3 47 120
33 36 13 108
33 5 15 124
33 38 10 41
33 40 40 85
33 10 58 76
33 11 51 47
33 21 1 63
33 27 7 49
33 28 19 95
34 35 46 109
34 6 55 82
34 9 10 84
34 10 28 76
34 15 39 130
34 16 1 105
34 19 25 103
34 20 4 143
34 26 13 32
34 30 33 25
34 31 51 116
35 33 37 56
35 34 57 123
35 35 52 44
35 5 9 124
35 7 3 102
35 11 43 47
35 12 13 104
35 13 25 125
35 14 28 15
35 22 47 138
35 25 22 13
35 26 16 32
36 34 9 38
36 38 58 41
36 7 21 69
36 40 16 148
36 10 52 76
36 12 28 104
36 18 34 55
36 19 13 33
36 24 55 30
36 27 31 49
36 29 45 68
37 34 45 38
37 35 25 109
37 4 3 89
37 39 40 126
37 12 49 104
37 19 10 33
37 22 35 135
37 25 31 48
37 27 55 49
37 29 37 68
38 32 39 81
38 34 55 99
38 35 19 109
38 37 37 100
38 38 4 41
38 40 10 134
38 7 33 69
38 13 52 75
38 14 49 15
38 26 28 32
38 31 23 35
39 34 39 65
39 3 37 120
39 4 27 115
39 36 35 108
39 37 53 100
39 39 10 119
39 10 13 111
39 12 55 104
39 19 7 33
39 20 16 143
39 26 22 4
40 32 31 11
40 33 27 56
40 34 21 123
40 36 55 108
40 37 19 9
40 7 45 102
40 11 3 142
40 12 13 37
40 13 49 6
40 14 7 113
40 25 16 48
40 27 40 49
41 33 27 132
41 2 49 44
41 34 39 99
41 3 55 120
41 16 25 79
41 17 19 149
41 18 22 90
41 20 16 115
41 24 13 24
41 27 10 39
41 31 33 144
42 35 37 44
42 4 57 89
42 37 51 100
42 38 40 41
42 7 13 69
42 8 7 58
42 11 3 47
42 12 10 104
42 16 19 105
42 21 31 73
42 29 21 68
42 31 45 35
43 35 10 109
43 36 31 108
43 4 33 115
43 7 55 69
43 14 13 15
43 16 17 105
43 17 46 149
43 20 43 115
43 21 4 21
43 27 1 49
43 29 7 68
44 33 21 56
44 2 4 32
44 4 27 89
44 37 51 9
44 38 55 41
44 7 45 69
44 36 17 108
44 18 10 55
44 19 37 101
44 21 13 21
44 28 7 43
45 32 43 114
45 4 3 78
45 36 31 71
45 40 55 85
45 10 49 111
45 12 25 37
45 13 7 118
45 14 22 15
45 16 17 79
45 19 28 103
45 22 35 138
45 26 19 4
46 32 57 81
46 3 31 58
46 35 52 109
46 5 39 25
46 39 49 119
46 8 25 58
46 7 9 69
46 10 43 76
46 9 46 84
46 19 28 33
46 22 41 138
46 31 35 42
47 32 45 81
47 34 1 99
47 35 22 44
47 3 25 120
47 39 55 126
47 40 40 29
47 9 58 84
47 7 9 102
47 11 15 142
47 13 37 75
47 29 49 68
48 35 25 49
48 3 19 120
48 10 10 111
48 11 57 26
48 13 49 118
48 15 13 68
48 17 4 149
48 18 7 55
48 20 46 115
48 21 52 128
48 28 28 95
48 30 35 139
49 32 1 81
49 4 39 37
49 5 7 42
49 40 52 85
49 16 37 79
49 18 31 138
49 19 46 103
49 21 55 73
49 22 43 138
49 26 25 4
49 27 28 49
50 32 33 81
50 34 27 123
50 4 57 78
50 37 49 9
50 39 7 126
50 12 43 104
50 20 52 143
50 25 16 44
50 26 40 4
50 27 19 39
50 28 22 55
51 34 7 123
51 2 55 137
51 4 51 86
51 5 5 121
51 36 47 108
51 14 25 113
51 16 1 79
51 19 22 103
51 20 40 143
51 21 13 128
51 25 43 48
52 32 19 11
52 3 43 120
52 5 51 42
52 6 3 82
52 8 35 142
52 12 58 104
52 14 10 113
52 16 27 105
52 17 40 149
52 20 37 143
52 22 25 135
52 31 15 1
53 32 45 11
53 2 49 137
53 3 13 120
53 37 21 100
53 40 31 94
53 9 40 13
53 12 4 104
53 16 29 79
53 18 25 90
53 22 11 138
53 24 55 112
53 28 1 95
54 37 35 100
54 40 31 64
54 12 40 104
54 13 46 125
54 16 43 79
54 17 25 8
54 18 49 55
54 21 7 73
54 22 1 135
54 24 37 110
54 28 22 43
54 29 3 68
55 32 1 11
55 34 51 123
55 39 40 119
55 9 34 13
55 15 19 130
55 17 31 150
55 18 37 55
55 21 55 128
55 27 13 49
55 30 27 25
55 31 45 116
56 32 15 11
56 3 31 120
56 36 11 71
56 37 35 9
56 5 51 124
56 4 7 115
56 12 1 104
56 20 4 115
56 22 33 135
56 24 58 112
56 30 55 25
57 34 51 65
57 6 21 82
57 13 40 6
57 16 3 79
57 17 10 150
57 25 13 48
57 26 55 4
57 27 28 39
57 28 16 43
57 29 47 126
57 30 49 139
58 32 19 81
58 34 57 120
58 35 7 109
58 7 1 69
58 9 46 13
58 12 16 104
58 16 23 105
58 18 43 55
58 20 49 115
58 25 37 13
58 26 28 4
59 32 21 114
59 3 49 58
59 35 28 109
59 5 31 121
59 7 15 102
59 10 52 111
59 11 9 26
59 13 46 75
59 15 39 100
59 21 25 128
59 23 3 9
59 27 55 39
60 35 37 49
60 4 45 78
60 37 19 100
60 38 7 53
60 6 25 82
60 8 17 58
60 36 43 71
60 9 52 84
60 18 31 55
60 22 59 138
60 28 10 43
60 31 15 144
61 35 43 109
61 37 15 100
61 6 51 82
61 40 55 94
61 13 10 125
61 16 47 79
61 17 28 150
61 19 4 33
61 24 22 27
61 28 1 43
61 30 33 139
62 32 37 11
62 33 3 132
62 34 31 99
62 35 13 109
62 38 22 41
62 15 9 130
62 17 43 149
62 21 58 128
62 22 55 138
62 25 28 48
62 26 16 4
62 29 1 68
63 2 19 32
63 37 47 100
63 39 1 119
63 10 28 111
63 14 37 113
63 18 4 138
63 19 22 101
63 20 55 143
63 26 25 32
63 27 7 39
63 29 59 68
63 30 11 139
64 7 31 102
64 40 58 85
64 8 23 58
64 9 4 84
64 11 7 47
64 13 55 125
64 15 43 100
64 21 28 21
64 27 49 49
64 28 13 43
64 29 53 68
64 31 19 1
65 4 33 86
65 6 7 82
65 39 4 126
65 8 43 58
65 10 1 76
65 15 15 130
65 16 55 105
65 18 25 55
65 22 39 135
65 23 45 9
65 25 58 48
65 30 41 139
66 34 43 65
66 2 7 137
66 36 41 108
66 5 47 124
66 37 11 100
66 4 31 89
66 8 59 142
66 23 21 9
66 24 55 136
66 27 52 39
66 29 17 126
67 2 13 44
67 4 25 86
67 5 55 124
67 40 52 29
67 10 34 111
67 11 37 47
67 14 22 113
67 20 31 143
67 25 7 48
67 29 43 126
67 30 19 25
67 31 57 116
68 4 43 86
68 37 29 100
68 39 4 119
68 7 57 102
68 9 16 84
68 10 37 76
68 14 19 15
68 15 49 130
68 20 22 143
68 25 40 44
68 27 31 39
68 30 13 25
69 36 43 108
69 4 45 89
69 38 34 41
69 39 22 126
69 6 1 114
69 9 40 84
69 13 31 6
69 15 27 130
69 22 5 135
69 23 57 9
69 26 49 32
69 27 16 39
70 37 49 100
70 39 58 119
70 18 19 90
70 20 7 143
70 21 28 73
70 23 13 9
70 24 4 24
70 25 34 44
70 28 37 43
70 29 45 126
70 30 41 25
71 34 45 123
71 35 49 109
71 4 7 86
71 8 53 58
71 9 28 13
71 12 55 37
71 22 19 135
71 23 31 9
71 24 16 30
71 26 40 32
71 27 4 39
72 2 1 32
72 36 37 71
72 5 35 124
72 38 43 53
72 6 49 114
72 9 55 84
72 10 4 111
72 14 16 113
72 15 31 68
72 16 19 79
72 22 23 135
72 26 7 4
73 2 43 137
73 35 40 109
73 3 13 58
73 38 7 41
73 8 33 58
73 39 55 119
73 40 22 94
73 9 37 84
73 13 28 6
73 27 10 49
73 28 58 43
74 38 28 41
74 39 58 126
74 8 1 58
74 7 49 102
74 11 19 26
74 13 4 6
74 14 46 113
74 17 31 59
74 18 7 90
74 25 16 13
74 31 39 87
75 32 25 114
75 3 53 120
75 36 15 108
75 5 7 124
75 38 19 53
75 4 49 89
75 40 4 85
75 9 1 84
75 8 9 142
75 16 47 105
75 20 58 143
76 34 13 65
76 3 1 120
76 35 4 44
76 37 17 100
76 39 34 126
76 11 21 47
76 20 58 115
76 22 49 135
76 24 52 27
76 25 31 13
76 27 43 39
76 31 39 116
77 32 37 114
77 34 15 38
77 36 33 108
77 8 19 58
77 40 10 29
77 16 5 79
77 18 43 90
77 19 52 103
77 21 1 73
77 28 49 43
77 29 27 126
77 30 7 25
78 34 33 38
78 37 3 100
78 5 53 124
78 38 28 53
78 36 51 108
78 17 25 149
78 21 19 21
78 22 39 138
78 26 55 32
78 29 49 126
78 31 15 35
79 32 7 81
79 35 43 44
79 3 33 120
79 5 11 124
79 36 17 71
79 40 1 29
79 11 13 47
79 22 27 138
79 24 49 110
79 25 55 48
80 5 35 121
80 37 53 9
80 7 49 69
80 9 13 84
80 11 55 142
80 14 4 15
80 18 40 90
80 25 28 44
80 26 37 4
80 27 1 39
80 29 25 126
81 32 49 81
81 4 39 78
81 6 15 82
81 39 34 119
81 11 45 142
81 12 31 104
81 14 55 113
81 24 1 136
81 26 58 32
81 27 25 39
81 29 13 126
81 30 9 139
82 35 7 44
82 12 37 104
82 15 55 100
82 20 1 143
82 21 31 21
82 22 15 138
82 23 25 9
82 24 19 24
82 26 52 32
82 27 22 49
82 30 5 25
83 2 37 32
83 3 15 120
83 35 31 109
83 5 41 124
83 37 13 100
83 34 1 65
83 19 25 33
83 21 28 148
83 25 52 48
83 26 46 4
83 29 9 68
83 30 11 25
84 32 27 11
84 34 15 99
84 35 55 109
84 38 46 41
84 9 58 13
84 12 31 37
84 15 3 130
84 16 37 105
84 23 9 9
84 25 22 48
84 31 7 2
85 32 49 11
85 35 1 109
85 38 34 53
85 39 19 126
85 40 7 94
85 10 40 111
85 16 23 79
85 18 13 90
85 20 10 143
85 21 31 128
85 29 47 68
85 31 45 1
86 34 57 38
86 3 49 120
86 4 13 78
86 6 43 82
86 8 21 58
86 13 37 6
86 14 10 15
86 20 28 143
86 21 34 128
86 24 40 112
86 26 52 4
86 28 31 95
87 33 45 132
87 37 7 100
87 38 1 53
87 39 28 119
87 8 59 58
87 12 52 104
87 13 10 118
87 18 49 90
87 19 40 103
87 26 34 32
87 28 4 95
87 29 17 68
88 35 4 109
88 36 27 108
88 37 55 9
88 6 57 114
88 7 39 69
88 8 11 58
88 5 13 124
88 14 7 15
88 19 31 33
88 25 43 13
88 28 49 95
88 31 15 116
89 2 10 32
89 3 45 58
89 36 13 71
89 37 41 9
89 6 31 82
89 4 1 37
89 13 7 125
89 17 28 149
89 18 19 55
89 20 37 115
89 31 5 42
90 2 25 137
90 35 22 109
90 3 39 120
90 38 46 53
90 39 10 126
90 9 7 13
90 10 13 76
90 11 33 26
90 13 52 125
90 17 1 8
90 22 57 135
90 24 4 30
91 32 13 81
91 33 51 56
91 3 39 58
91 37 17 9
91 8 57 58
91 12 22 104
91 13 1 75
91 14 46 15
91 17 28 2
91 24 34 112
91 29 19 68
91 31 9 1
92 2 4 137
92 3 51 58
92 39 31 119
92 9 1 13
92 11 19 142
92 14 58 15
92 18 46 90
92 19 16 103
92 22 37 135
92 24 13 112
92 25 10 13
92 29 43 68
93 33 49 132
93 34 25 65
93 3 9 120
93 7 19 102
93 40 58 94
93 10 55 76
93 12 34 104
93 14 1 15
93 16 15 105
93 19 4 103
93 20 43 143
93 24 40 27
94 2 19 137
94 4 27 78
94 5 17 124
94 38 31 53
94 8 1 142
94 11 13 26
94 18 46 55
94 25 34 48
94 27 22 39
94 29 5 68
94 30 39 139
94 31 51 35
95 34 27 99
95 36 9 71
95 5 37 124
95 38 13 53
95 7 39 102
95 10 16 111
95 15 57 130
95 19 1 33
95 20 22 115
95 21 34 73
95 25 49 48
95 30 19 139
96 34 39 123
96 38 16 53
96 39 43 119
96 7 27 102
96 13 1 125
96 15 31 130
96 16 55 79
96 19 13 103
96 20 52 115
96 25 19 44
96 27 58 49
96 31 23 1
97 2 43 32
97 3 27 120
97 37 1 100
97 5 29 124
97 40 55 29
97 12 7 104
97 21 40 73
97 24 22 24
97 25 10 48
97 26 58 4
97 28 4 43
97 29 25 68
98 33 1 56
98 2 10 44
98 36 21 108
98 4 33 78
98 37 37 9
98 13 40 125
98 16 31 105
98 17 16 150
98 18 52 90
98 22 23 138
98 29 27 68
99 34 7 65
99 5 21 121
99 6 33 114
99 38 37 53
99 8 47 58
99 10 25 76
99 12 28 37
99 16 59 79
99 18 16 55
99 19 43 103
99 26 1 4
99 27 49 39
100 2 46 137
100 35 16 109
100 4 37 89
100 38 1 41
100 8 7 142
100 9 13 13
100 12 10 37
100 13 49 125
100 14 55 15
100 17 58 150
100 20 19 143
100 25 4 48
Trạng thái: OPTIMUM
Điểm tối ưu: 1123
Thời gian: 9.8779 giây
