1188
1 38 33 105
1 6 25 67
1 7 7 129
1 10 55 4
1 11 21 79
1 12 31 20
1 16 41 5
1 17 37 62
1 21 43 24
1 24 49 37
1 25 15 67
1 26 10 11
2 36 4 139
2 37 21 2
2 6 39 134
2 7 11 102
2 12 23 96
2 14 13 33
2 16 51 61
2 18 33 44
2 19 17 144
2 24 1 33
2 26 43 117
2 30 28 53
3 2 45 15
3 3 16 11
3 37 29 2
3 15 10 81
3 23 21 25
3 24 25 37
3 26 1 99
3 27 51 15
3 28 41 17
3 29 57 108
3 30 7 53
3 31 31 113
4 32 28 87
4 33 59 18
4 2 25 150
4 6 19 86
4 7 33 36
4 38 43 7
4 13 7 23
4 14 52 28
4 20 37 45
4 23 15 25
4 26 55 85
5 3 10 100
5 7 53 27
5 11 49 74
5 14 37 83
5 16 5 130
5 17 25 91
5 22 1 98
5 25 55 93
5 27 45 57
5 28 23 123
5 29 15 130
5 31 19 47
6 32 19 19
6 2 13 13
6 35 33 19
6 34 59 30
6 4 43 70
6 37 53 2
6 39 25 128
6 11 55 79
6 13 1 77
6 18 15 27
6 22 7 131
6 28 49 17
7 34 49 30
7 2 31 78
7 6 43 40
7 40 55 35
7 9 28 113
7 11 37 74
7 20 51 3
7 23 3 94
7 24 34 37
7 27 9 109
7 28 17 17
7 30 22 53
8 33 59 129
8 35 27 109
8 40 23 35
8 9 49 39
8 8 13 12
8 13 37 77
8 15 40 81
8 19 47 104
8 20 55 125
8 23 7 25
8 25 43 11
8 26 52 85
9 2 49 78
9 35 15 147
9 36 46 139
9 4 27 102
9 38 9 105
9 14 40 107
9 21 1 45
9 24 22 33
9 26 58 11
9 27 7 15
9 30 31 122
10 3 40 100
10 37 55 2
10 6 3 5
10 39 43 75
10 13 31 92
10 14 13 56
10 17 19 82
10 18 9 27
10 22 25 116
10 23 57 51
10 28 37 17
10 31 51 47
11 33 47 7
11 34 49 68
11 3 22 101
11 4 37 145
11 37 35 2
11 6 51 14
11 38 31 115
11 14 55 136
11 17 25 137
11 19 43 104
11 30 10 122
11 31 15 102
12 34 11 68
12 35 33 109
12 5 49 32
12 37 59 2
12 8 23 12
12 9 52 110
12 10 55 60
12 14 19 28
12 15 25 1
12 19 17 104
12 20 13 125
12 25 1 82
13 35 21 137
13 36 1 139
13 6 33 101
13 13 4 11
13 15 7 64
13 17 45 62
13 20 55 3
13 22 13 91
13 28 31 17
13 29 43 44
13 30 28 92
13 31 49 105
14 32 13 54
14 33 59 7
14 36 28 139
14 38 1 105
14 7 43 36
14 39 49 138
14 8 55 12
14 12 23 20
14 14 34 28
14 15 19 1
14 27 41 15
15 32 4 65
15 36 34 139
15 5 22 32
15 9 19 108
15 10 43 4
15 11 37 79
15 13 1 61
15 14 10 28
15 19 7 104
15 28 53 17
15 29 31 44
15 31 13 105
16 34 43 30
16 3 13 101
16 4 1 145
16 5 37 32
16 38 25 56
16 35 45 109
16 9 10 110
16 14 49 90
16 15 19 98
16 22 57 91
16 23 31 59
16 26 22 99
17 2 15 13
17 3 4 101
17 6 27 101
17 39 43 128
17 9 31 108
17 12 55 20
17 13 1 73
17 14 49 28
17 16 23 61
17 19 19 104
17 22 7 137
17 30 37 92
18 2 51 42
18 37 47 40
18 38 37 7
18 39 21 128
18 6 15 82
18 13 4 23
18 19 35 104
18 20 9 69
18 23 25 59
18 25 57 67
18 26 31 29
18 30 1 81
19 33 53 7
19 34 5 68
19 3 31 100
19 38 1 56
19 7 17 27
19 8 57 107
19 11 13 74
19 12 47 20
19 14 28 136
19 20 19 3
19 23 37 59
19 24 7 33
20 32 58 65
20 39 49 128
20 9 55 39
20 13 1 143
20 16 31 148
20 17 27 62
20 18 19 44
20 19 53 104
20 21 15 24
20 24 10 33
20 25 33 82
20 28 45 5
21 4 1 47
21 38 25 114
21 39 31 138
21 10 51 4
21 14 16 33
21 17 19 131
21 18 59 5
21 19 23 104
21 25 39 29
21 26 10 61
21 29 13 107
21 31 43 102
22 34 37 18
22 35 19 95
22 36 13 139
22 40 49 35
22 8 47 12
22 9 16 49
22 14 52 107
22 15 43 1
22 17 57 134
22 18 55 5
22 20 7 3
22 25 39 112
23 32 52 73
23 36 7 139
23 37 49 2
23 6 33 14
23 5 40 94
23 38 25 105
23 18 13 44
23 22 1 116
23 24 19 33
23 26 43 99
23 28 47 17
24 32 37 65
24 33 31 7
24 36 28 69
24 9 55 6
24 10 19 60
24 12 35 20
24 14 4 120
24 16 59 148
24 21 7 6
24 26 49 85
24 28 11 17
24 29 53 44
25 33 15 61
25 2 3 13
25 6 45 16
25 39 33 128
25 8 1 67
25 9 25 49
25 40 43 35
25 14 10 120
25 15 37 1
25 24 7 37
25 25 49 82
25 27 57 15
26 32 16 65
26 5 10 32
26 37 41 2
26 7 45 129
26 39 51 58
26 9 1 51
26 15 13 1
26 18 39 44
26 19 5 104
26 21 21 91
26 25 31 67
26 26 55 61
27 32 55 73
27 33 21 18
27 4 7 145
27 36 40 69
27 7 47 36
27 8 15 35
27 9 4 138
27 40 11 35
27 12 51 21
27 15 25 81
27 23 33 34
27 27 53 15
28 34 31 68
28 3 40 101
28 35 27 19
28 2 49 13
28 39 15 58
28 7 7 27
28 11 9 74
28 12 51 149
28 25 57 112
28 26 1 85
28 27 33 57
28 28 5 10
29 33 13 7
29 2 15 15
29 36 37 110
29 39 55 128
29 40 43 63
29 11 7 79
29 18 27 5
29 19 51 34
29 22 33 91
29 23 45 59
29 24 4 37
29 29 11 44
30 33 47 18
30 35 31 137
30 40 29 86
30 10 15 60
30 11 19 74
30 12 53 20
30 17 43 132
30 18 35 5
30 21 55 66
30 22 1 66
30 25 25 82
30 26 7 29
31 33 45 93
31 3 25 100
31 36 16 14
31 37 19 149
31 39 37 138
31 14 13 28
31 18 9 44
31 20 3 78
31 25 21 29
31 26 31 85
31 28 43 123
31 30 34 53
32 32 43 65
32 2 59 74
32 36 55 69
32 6 27 134
32 39 39 75
32 8 53 12
32 18 51 44
32 20 15 45
32 22 3 91
32 27 33 15
32 28 1 123
33 33 49 18
33 2 35 13
33 36 25 69
33 39 3 58
33 7 31 27
33 40 59 63
33 12 57 115
33 13 40 23
33 14 28 28
33 23 19 34
33 24 52 33
33 29 23 44
34 34 19 30
34 2 25 13
34 36 16 41
34 5 55 118
34 12 29 20
34 14 13 120
34 15 22 81
34 16 47 19
34 18 51 5
34 22 31 117
34 24 58 33
34 27 35 15
35 2 37 13
35 36 52 69
35 5 25 126
35 8 31 12
35 12 47 103
35 14 34 90
35 17 13 88
35 18 29 5
35 19 11 104
35 22 19 116
35 28 59 123
35 30 55 53
36 32 34 87
36 34 31 54
36 35 9 95
36 36 46 69
36 38 57 135
36 14 22 89
36 19 19 143
36 26 28 85
36 27 5 15
36 29 1 147
36 30 13 53
36 31 39 42
37 32 1 87
37 33 15 36
37 34 35 68
37 40 29 35
37 14 40 28
37 16 45 19
37 20 31 125
37 26 7 99
37 27 13 15
37 29 59 44
37 30 52 18
38 32 28 65
38 33 55 7
38 2 11 42
38 5 1 2
38 40 25 35
38 12 49 103
38 15 19 64
38 17 7 147
38 18 33 5
38 22 13 98
38 26 46 85
38 28 41 123
39 33 25 7
39 35 51 54
39 4 15 145
39 38 39 114
39 7 37 27
39 8 5 12
39 39 19 75
39 12 43 103
39 13 10 143
39 15 1 11
39 16 29 141
39 19 55 144
40 33 39 93
40 2 29 14
40 35 33 72
40 36 49 69
40 5 13 32
40 38 21 56
40 7 19 27
40 8 41 50
40 4 57 140
40 17 45 47
40 27 11 109
40 30 4 53
41 32 49 65
41 33 53 61
41 2 19 13
41 5 10 126
41 39 57 75
41 10 39 60
41 11 45 74
41 14 22 28
41 16 43 5
41 18 17 5
41 23 13 59
41 31 1 38
42 34 47 68
42 2 15 78
42 38 1 118
42 6 19 134
42 8 31 81
42 40 17 35
42 12 53 103
42 16 7 95
42 17 27 13
42 18 25 27
42 20 43 3
42 28 55 123
43 33 5 7
43 3 52 100
43 4 1 141
43 35 39 102
43 16 49 130
43 17 57 46
43 21 15 66
43 22 21 37
43 23 9 51
43 24 43 33
43 27 25 15
43 29 37 132
44 34 17 68
44 3 28 100
44 2 51 13
44 38 21 118
44 7 43 27
44 8 45 55
44 40 53 86
44 13 58 138
44 16 5 19
44 17 37 131
44 21 1 24
44 25 9 82
45 33 29 10
45 34 43 68
45 35 49 19
45 4 21 80
45 37 13 2
45 10 33 60
45 13 40 73
45 16 47 61
45 22 3 117
45 23 7 54
45 25 25 72
45 27 59 15
46 32 25 65
46 3 19 11
46 4 55 141
46 37 17 2
46 6 49 77
46 7 29 36
46 39 39 58
46 38 13 135
46 15 46 1
46 20 1 125
46 24 10 37
46 26 7 85
47 32 22 65
47 4 51 141
47 5 31 126
47 6 55 82
47 7 1 27
47 40 7 35
47 13 34 23
47 15 10 1
47 17 39 46
47 23 45 25
47 29 15 44
48 34 53 68
48 35 25 23
48 36 22 148
48 5 16 32
48 8 3 52
48 9 46 6
48 11 33 79
48 14 7 120
48 15 40 1
48 16 13 5
48 18 1 5
48 28 59 17
49 2 55 14
49 37 47 2
49 5 19 32
49 6 27 40
49 38 43 130
49 17 51 88
49 18 23 5
49 21 9 45
49 24 37 33
49 25 3 57
49 27 1 15
49 29 31 72
50 32 1 65
50 37 37 2
50 6 57 40
50 39 15 75
50 9 49 6
50 10 7 60
50 11 45 79
50 13 52 23
50 14 4 90
50 16 33 13
50 22 27 98
50 30 40 53
51 32 40 65
51 2 17 13
51 4 57 26
51 5 25 32
51 36 37 69
51 7 1 71
51 8 15 81
51 9 52 51
51 11 33 74
51 17 43 48
51 20 3 3
51 22 21 66
52 2 45 78
52 3 52 11
52 4 9 70
52 37 7 2
52 40 19 35
52 8 31 121
52 18 23 27
52 22 1 137
52 23 27 25
52 27 25 124
52 29 47 44
52 31 37 38
53 35 15 12
53 4 51 70
53 38 57 56
53 39 37 128
53 40 1 35
53 8 7 12
53 10 33 4
53 14 22 136
53 15 4 81
53 22 25 141
53 29 55 44
53 30 46 122
54 34 7 30
54 3 16 100
54 5 40 126
54 7 49 27
54 15 28 11
54 21 51 66
54 22 57 117
54 23 33 25
54 24 25 33
54 25 21 93
54 27 47 15
54 30 10 53
55 33 41 7
55 34 29 30
55 35 37 72
55 4 19 8
55 38 45 118
55 13 4 124
55 14 16 28
55 17 25 132
55 18 1 44
55 20 49 125
55 26 34 98
55 29 7 44
56 5 34 32
56 38 39 84
56 39 27 119
56 40 53 35
56 13 4 73
56 14 31 120
56 16 45 141
56 17 21 121
56 20 15 69
56 23 7 59
56 30 1 53
56 31 57 102
57 32 22 87
57 33 25 129
57 2 47 13
57 3 58 101
57 11 27 79
57 13 1 124
57 14 7 93
57 16 51 95
57 19 19 144
57 24 40 37
57 25 43 112
57 29 33 147
58 4 19 26
58 7 39 27
58 8 33 81
58 10 45 60
58 13 49 124
58 16 55 148
58 17 27 47
58 19 13 104
58 21 15 129
58 23 9 34
58 25 1 130
58 29 59 132
59 2 31 13
59 4 51 145
59 37 43 2
59 6 19 14
59 9 28 108
59 13 1 23
59 18 49 5
59 19 59 104
59 22 45 98
59 26 10 99
59 28 55 17
59 29 39 132
60 2 55 13
60 35 43 54
60 11 1 74
60 12 17 20
60 14 37 120
60 15 49 11
60 17 13 47
60 19 29 144
60 20 25 125
60 24 31 37
60 29 57 132
60 31 7 38
61 32 13 87
61 2 3 14
61 3 7 100
61 4 31 145
61 7 55 27
61 8 23 75
61 15 46 81
61 16 59 130
61 19 11 144
61 20 19 125
61 23 27 51
61 24 40 33
62 34 13 68
62 35 57 23
62 4 27 8
62 36 43 110
62 38 33 135
62 6 51 40
62 8 49 75
62 10 7 4
62 12 5 20
62 13 1 92
62 22 37 141
62 31 19 105
63 32 16 87
63 34 13 30
63 35 31 86
63 3 19 101
63 2 41 13
63 6 57 14
63 38 9 135
63 9 22 39
63 19 37 104
63 20 45 125
63 23 51 94
63 26 28 121
64 2 29 74
64 35 55 86
64 4 15 80
64 36 22 69
64 7 59 27
64 39 31 119
64 11 25 74
64 13 19 73
64 22 37 117
64 23 45 51
64 25 1 29
64 29 49 44
65 33 45 10
65 2 59 78
65 36 52 139
65 7 13 27
65 8 57 35
65 18 47 5
65 19 49 104
65 23 3 34
65 27 43 15
65 28 35 17
65 30 25 18
65 31 7 102
66 32 40 47
66 33 29 7
66 2 31 15
66 3 4 100
66 37 25 2
66 38 45 135
66 14 55 28
66 19 37 144
66 23 21 94
66 26 52 99
66 28 35 123
66 30 58 92
67 32 34 73
67 33 11 7
67 35 21 102
67 4 7 83
67 39 57 58
67 40 27 86
67 12 31 103
67 20 1 69
67 21 37 24
67 25 51 97
67 30 43 81
67 31 13 38
68 33 3 18
68 2 1 49
68 39 27 58
68 40 13 35
68 10 39 4
68 16 21 13
68 17 51 131
68 18 57 27
68 23 33 94
68 26 46 99
68 27 11 15
68 29 25 44
69 2 11 13
69 37 23 2
69 6 39 14
69 39 15 128
69 12 35 103
69 16 1 95
69 17 7 62
69 18 31 5
69 19 53 144
69 24 49 33
69 27 37 15
69 29 5 44
70 3 16 101
70 36 25 14
70 38 49 115
70 7 35 27
70 8 33 52
70 40 3 63
70 13 58 21
70 15 28 16
70 20 39 3
70 22 43 82
70 24 13 37
70 29 9 72
71 33 19 7
71 2 27 42
71 3 1 101
71 39 57 119
71 7 51 27
71 8 49 12
71 10 13 4
71 17 39 88
71 18 7 5
71 24 31 33
71 28 43 17
72 34 41 68
72 4 7 80
72 37 19 2
72 40 49 109
72 9 31 6
72 10 1 60
72 12 11 96
72 15 52 1
72 16 29 95
72 23 13 51
72 27 27 146
72 28 43 89
73 32 58 87
73 33 49 7
73 2 1 13
73 34 37 68
73 38 39 105
73 8 29 12
73 9 13 6
73 25 19 112
73 26 46 117
73 27 33 35
73 29 3 147
73 30 43 92
74 2 9 15
74 36 19 69
74 5 34 126
74 38 57 114
74 7 41 27
74 9 22 6
74 13 46 23
74 14 52 120
74 16 1 19
74 17 3 88
74 30 31 53
74 31 15 46
75 33 23 7
75 35 57 109
75 38 31 114
75 39 43 58
75 40 41 35
75 9 1 36
75 11 49 79
75 15 4 1
75 18 11 5
75 20 19 117
75 21 7 107
75 28 29 123
76 34 17 30
76 3 13 100
76 35 51 109
76 38 31 84
76 9 46 39
76 13 1 21
76 14 10 56
76 15 37 16
76 19 27 144
76 24 55 33
76 28 49 123
76 31 21 113
77 32 46 73
77 33 1 18
77 34 7 68
77 4 27 80
77 39 33 58
77 8 37 89
77 10 19 4
77 14 55 120
77 20 49 117
77 24 16 37
77 26 4 85
77 30 58 69
78 2 39 15
78 35 45 86
78 40 5 35
78 9 52 113
78 10 25 4
78 13 31 143
78 16 15 148
78 18 3 27
78 22 19 119
78 26 49 29
78 28 37 84
78 29 57 147
79 33 7 7
79 36 31 69
79 5 58 126
79 8 21 51
79 14 40 120
79 15 34 1
79 17 49 48
79 20 27 78
79 22 9 116
79 23 3 25
79 24 46 33
79 31 13 113
80 33 17 7
80 35 33 54
80 36 13 41
80 37 31 136
80 3 10 101
80 13 55 77
80 16 19 61
80 24 4 33
80 25 27 57
80 26 40 99
80 30 49 92
81 33 33 7
81 3 55 11
81 35 25 54
81 8 29 50
81 12 53 96
81 17 49 147
81 25 15 132
81 26 40 98
81 28 13 17
81 30 43 69
81 31 1 46
82 32 19 65
82 34 31 30
82 35 15 109
82 2 7 13
82 4 33 80
82 38 1 135
82 39 49 119
82 40 47 35
82 6 9 86
82 9 58 106
82 17 25 43
82 20 39 125
83 33 59 61
83 2 21 150
83 36 40 110
83 5 31 32
83 7 13 102
83 40 15 86
83 9 37 6
83 10 27 60
83 17 1 62
83 27 57 146
83 29 51 132
83 31 9 91
84 33 27 129
84 34 25 30
84 35 55 19
84 4 43 145
84 37 31 2
84 40 53 138
84 14 4 28
84 15 13 11
84 18 21 27
84 24 34 33
84 27 39 146
84 30 10 18
85 34 23 30
85 4 43 8
85 38 37 130
85 8 35 12
85 17 15 62
85 18 3 44
85 19 13 144
85 25 49 57
85 26 19 85
85 27 9 146
85 29 27 147
85 31 31 102
86 33 23 129
86 34 39 97
86 36 25 41
86 5 7 32
86 39 31 75
86 40 21 138
86 12 13 96
86 15 55 64
86 18 45 44
86 22 15 116
86 25 1 97
86 30 52 53
87 2 15 42
87 4 19 141
87 38 39 56
87 39 45 119
87 8 11 12
87 9 58 6
87 13 34 11
87 22 51 137
87 25 7 130
87 26 31 11
87 29 27 44
88 33 57 129
88 2 27 150
88 4 7 8
88 37 19 43
88 6 21 40
88 5 52 124
88 9 4 113
88 13 31 21
88 17 37 43
88 23 43 94
88 28 29 17
88 31 13 118
89 32 55 87
89 33 9 36
89 3 52 101
89 4 27 145
89 35 13 19
89 6 33 134
89 9 4 6
89 13 49 143
89 16 39 148
89 24 1 37
89 30 22 122
89 31 43 113
90 35 9 19
90 37 3 149
90 40 15 138
90 14 58 28
90 15 55 98
90 17 51 46
90 21 25 24
90 25 31 130
90 26 22 85
90 29 41 72
90 31 45 38
91 34 11 30
91 36 34 69
91 37 9 149
91 7 27 27
91 12 7 103
91 15 22 64
91 17 1 43
91 19 29 104
91 25 15 57
91 26 31 61
91 30 43 122
91 31 39 91
92 32 52 65
92 34 5 30
92 37 59 136
92 5 19 126
92 7 39 129
92 11 13 79
92 14 46 136
92 15 10 98
92 26 43 121
92 28 31 123
92 29 3 72
92 30 34 122
93 32 37 87
93 33 33 129
93 2 35 150
93 39 7 128
93 40 21 109
93 10 1 4
93 16 17 19
93 19 47 144
93 21 43 66
93 24 58 37
93 25 25 29
93 30 55 92
94 33 3 129
94 34 55 30
94 7 21 129
94 13 10 77
94 15 58 98
94 16 45 13
94 17 33 132
94 20 13 117
94 21 51 134
94 22 37 66
94 26 7 117
94 31 27 46
95 2 33 150
95 35 25 95
95 37 7 119
95 38 13 114
95 8 45 134
95 9 1 113
95 11 55 74
95 12 47 106
95 21 19 36
95 24 37 37
95 25 9 67
95 27 51 146
96 37 27 149
96 38 1 114
96 6 21 77
96 10 49 60
96 12 13 103
96 13 55 143
96 14 34 120
96 16 7 141
96 26 16 99
96 28 19 123
96 30 58 122
96 31 45 91
97 2 51 150
97 4 13 8
97 7 37 36
97 39 25 75
97 9 55 36
97 14 58 120
97 16 49 95
97 17 19 88
97 22 33 66
97 26 7 61
97 27 3 146
97 31 45 105
98 34 29 68
98 35 39 137
98 5 4 32
98 6 21 16
98 40 1 138
98 14 49 136
98 16 33 148
98 17 7 47
98 20 15 18
98 21 25 36
98 24 43 37
98 25 57 97
99 38 19 114
99 8 29 94
99 40 43 86
99 11 1 79
99 14 58 90
99 15 49 1
99 17 39 147
99 21 25 66
99 23 15 94
99 24 52 37
99 28 11 123
99 30 55 122
100 33 19 93
100 34 21 9
100 35 15 72
100 5 34 77
100 6 9 16
100 13 37 143
100 15 28 1
100 16 3 148
100 22 49 116
100 25 43 29
100 28 25 17
100 29 1 108
Trạng thái: OPTIMUM
Điểm tối ưu: 1188
Thời gian: 11.4556 giây
