2263
1 32 1 13
1 5 3 240
1 71 7 234
1 59 45 37
1 42 55 31
1 76 59 22
1 46 25 162
1 48 27 212
1 16 33 263
1 24 16 241
1 27 11 256
1 29 37 26
2 42 27 123
2 11 21 20
2 75 1 192
2 78 34 153
2 10 53 33
2 16 43 129
2 48 57 250
2 20 17 139
2 54 9 132
3 65 1 252
3 68 19 41
3 36 52 46
3 71 3 269
3 12 55 14
3 78 49 39
3 48 9 250
3 19 25 126
3 52 27 227
3 23 37 129
3 56 45 73
3 28 33 38
4 35 22 171
4 38 13 196
4 71 27 269
4 44 35 61
4 16 17 263
4 17 9 157
4 80 19 101
4 54 31 32
4 59 37 167
4 62 49 56
4 31 58 107
5 3 9 225
5 69 22 268
5 72 15 52
5 41 57 96
5 76 19 22
5 79 27 300
5 49 49 59
5 19 29 48
5 20 11 176
5 22 31 297
5 23 3 60
5 27 37 111
6 5 19 205
6 38 1 110
6 39 34 36
6 72 39 128
6 10 37 33
6 11 25 20
6 76 5 22
6 45 16 179
6 16 49 263
6 22 46 193
6 62 27 72
7 32 37 266
7 65 7 147
7 34 9 245
7 67 19 181
7 37 1 88
7 39 22 36
7 12 43 14
7 55 55 214
7 56 31 54
7 59 51 80
8 36 22 46
8 5 55 240
8 38 29 110
8 39 19 61
8 76 35 123
8 13 45 199
8 79 11 7
8 18 25 82
8 30 37 195
8 23 7 60
8 62 1 108
9 36 31 200
9 70 43 90
9 7 1 74
9 71 27 128
9 76 25 22
9 44 37 8
9 77 55 143
9 48 51 135
9 49 16 59
9 19 11 48
9 57 19 207
9 60 13 62
10 64 39 216
10 69 31 268
10 12 10 14
10 13 49 208
10 78 7 151
10 76 21 22
10 15 27 70
10 23 1 71
10 24 16 129
10 28 57 202
10 30 43 218
11 65 25 8
11 3 47 32
11 70 34 270
11 41 27 232
11 42 5 123
11 46 41 18
11 17 51 157
11 19 17 48
11 52 19 117
11 51 13 24
11 28 7 91
11 29 55 126
12 64 57 216
12 5 31 205
12 72 43 233
12 42 19 290
12 12 4 14
12 77 16 131
12 14 35 146
12 49 1 59
12 18 49 182
12 51 39 24
12 56 25 39
13 4 17 120
13 69 4 268
13 5 27 240
13 42 47 123
13 11 1 20
13 77 37 131
13 15 9 108
13 18 55 182
13 19 13 48
13 20 25 139
13 30 19 194
13 31 31 63
14 33 51 115
14 67 13 266
14 3 5 32
14 8 45 21
14 42 37 123
14 75 7 142
14 78 19 156
14 61 57 148
14 25 29 190
14 59 35 167
15 66 3 31
15 39 49 136
15 71 15 234
15 12 34 14
15 79 31 9
15 80 55 75
15 55 25 106
15 26 21 42
15 59 19 273
15 60 13 198
15 31 7 136
16 2 19 222
16 35 16 171
16 69 13 268
16 8 31 21
16 73 10 232
16 42 45 123
16 41 35 96
16 45 55 179
16 13 49 199
16 46 59 294
16 77 7 143
16 21 1 6
17 64 57 158
17 34 5 17
17 36 25 200
17 72 1 128
17 44 47 8
17 50 9 118
17 20 55 139
17 22 22 297
17 24 28 241
17 57 33 160
17 28 39 155
18 65 51 231
18 7 33 74
18 72 55 128
18 74 25 85
18 12 40 14
18 45 28 299
18 23 1 25
18 56 13 100
18 57 7 116
18 62 43 166
19 67 16 181
19 4 23 120
19 70 31 90
19 6 25 141
19 14 35 186
19 18 1 277
19 53 19 198
19 23 57 159
19 28 45 55
20 35 58 171
20 70 28 90
20 72 31 227
20 74 37 85
20 11 41 20
20 13 1 199
20 28 43 271
20 48 13 135
20 20 55 207
20 26 51 172
20 27 11 111
20 60 7 68
21 32 1 91
21 33 47 115
21 68 10 41
21 5 55 205
21 70 16 56
21 9 19 114
21 44 43 44
21 46 13 18
21 48 31 250
21 53 28 226
21 25 49 190
22 35 37 210
22 6 33 157
22 7 25 71
22 16 29 129
22 18 55 277
22 22 22 193
22 55 9 106
22 24 19 129
22 60 15 221
22 30 1 94
23 35 4 210
23 71 13 80
23 7 21 71
23 74 52 85
23 46 49 18
23 56 7 54
23 59 31 137
23 61 43 148
23 62 25 36
24 36 10 200
24 69 58 268
24 9 52 114
24 11 7 20
24 44 5 8
24 78 16 217
24 18 37 277
24 21 31 220
24 56 1 73
24 30 43 195
25 34 29 17
25 67 52 291
25 5 39 240
25 39 49 289
25 15 31 108
25 52 21 161
25 21 57 6
25 24 10 129
25 60 27 62
25 62 15 133
25 31 46 136
26 2 7 28
26 66 25 31
26 7 51 244
26 8 45 274
26 10 19 33
26 46 1 18
26 25 17 88
26 56 33 73
26 24 10 241
26 59 49 167
26 62 55 72
27 34 11 17
27 67 25 180
27 3 17 32
27 69 37 268
27 70 55 56
27 42 1 31
27 14 7 124
27 48 43 212
27 53 40 226
27 59 9 42
27 60 59 62
28 38 19 196
28 7 55 71
28 27 59 289
28 41 17 96
28 11 23 20
28 78 13 217
28 53 34 226
28 56 45 178
28 59 51 167
28 31 4 107
28 30 27 218
28 63 7 119
29 32 7 13
29 37 13 145
29 38 9 196
29 9 22 114
29 42 29 290
29 41 5 96
29 16 1 263
29 53 37 175
29 54 33 280
29 24 55 129
29 26 51 64
29 27 31 111
30 32 3 147
30 35 34 210
30 70 49 224
30 73 25 77
30 45 19 179
30 79 1 7
30 15 55 27
30 52 15 122
30 53 46 203
30 54 37 132
30 21 7 6
31 39 49 36
31 72 33 183
31 10 23 262
31 45 58 179
31 46 5 18
31 51 9 83
31 20 29 176
31 22 1 193
31 55 13 106
31 24 46 241
31 25 53 130
32 65 31 68
32 3 27 296
32 36 40 200
32 70 22 90
32 78 46 50
32 47 3 292
32 52 49 117
32 55 7 112
33 2 49 255
33 67 28 180
33 75 13 192
33 30 9 218
33 22 25 193
33 23 37 201
33 56 19 166
33 57 43 198
33 26 31 58
33 61 1 235
33 62 56 108
34 33 11 115
34 2 55 222
34 69 34 268
34 73 58 246
34 41 41 96
34 42 13 290
34 12 19 14
34 44 53 35
34 23 45 35
34 24 22 129
34 56 7 254
34 28 49 202
35 65 11 220
35 72 33 233
35 74 22 85
35 10 5 33
35 80 28 101
35 18 7 277
35 19 39 48
35 53 52 203
35 62 1 166
35 31 13 46
36 65 31 46
36 35 19 171
36 71 55 80
36 41 13 96
36 75 43 192
36 11 37 20
36 12 22 14
36 46 25 294
36 47 33 292
36 21 51 6
36 57 1 160
36 63 27 119
37 64 7 216
37 34 53 17
37 68 31 41
37 9 43 208
37 45 40 87
37 14 11 124
37 77 46 131
37 80 58 75
37 16 25 129
37 52 21 279
37 28 49 38
38 2 7 299
38 4 13 120
38 69 28 268
38 10 31 33
38 13 3 208
38 28 55 294
38 18 49 277
38 20 45 293
38 58 19 259
38 27 25 111
38 60 35 66
38 31 40 107
39 65 21 293
39 35 37 171
39 5 15 224
39 6 7 34
39 38 5 110
39 10 13 262
39 11 29 20
39 76 1 22
39 44 31 8
39 51 51 24
39 24 43 241
39 25 35 88
40 64 39 140
40 4 43 120
40 6 57 122
40 38 7 110
40 73 49 77
40 10 11 33
40 16 37 263
40 53 25 203
40 22 31 193
40 25 29 130
40 30 1 218
41 64 7 140
41 68 31 159
41 9 43 114
41 75 3 191
41 43 26 261
41 13 37 199
41 78 46 174
41 80 34 75
41 50 15 81
41 21 56 163
41 55 51 214
41 61 20 298
42 65 39 157
42 2 10 222
42 67 49 181
42 34 37 17
42 3 43 245
42 44 1 233
42 78 7 174
42 47 55 79
42 50 33 81
42 19 15 48
42 61 3 113
42 31 46 63
43 65 57 293
43 3 49 32
43 4 29 120
43 5 1 205
43 6 51 162
43 76 23 22
43 78 31 287
43 47 39 79
43 23 19 219
43 56 13 54
43 61 25 148
44 33 55 115
44 5 39 224
44 73 46 77
44 10 17 33
44 75 57 192
44 52 13 4
44 53 4 203
44 56 49 54
44 57 27 244
44 59 1 37
44 28 31 294
45 65 17 8
45 67 22 181
45 68 37 41
45 6 1 92
45 39 10 36
45 73 19 232
45 9 55 208
45 76 13 22
45 45 34 179
45 78 58 217
45 27 43 256
45 62 45 72
46 34 57 272
46 67 34 224
46 49 43 59
46 20 17 176
46 52 13 68
46 53 52 226
46 21 25 220
46 24 7 129
46 25 37 88
46 60 19 62
47 32 49 13
47 34 19 17
47 69 46 210
47 71 31 269
47 11 5 20
47 45 40 179
47 18 25 277
47 51 57 24
47 21 13 3
47 22 52 297
47 23 7 25
47 31 22 107
48 32 7 169
48 67 10 180
48 4 1 120
48 70 40 90
48 6 3 187
48 7 43 244
48 50 21 81
48 51 49 119
48 20 35 248
48 54 25 32
48 30 57 194
49 69 28 210
49 38 53 110
49 40 37 189
49 41 31 96
49 10 59 221
49 44 23 8
49 12 7 14
49 46 11 18
49 48 19 250
49 59 55 167
49 30 15 94
50 3 33 197
50 2 37 163
50 69 25 268
50 12 40 83
50 17 9 2
50 19 23 48
50 52 45 98
50 22 28 297
50 57 51 270
51 64 25 234
51 2 58 222
51 36 22 200
51 73 55 234
51 10 13 33
51 50 51 118
51 52 43 161
51 57 7 207
51 60 35 286
51 30 1 168
52 32 23 13
52 2 4 28
52 3 1 197
52 5 31 240
52 38 51 196
52 41 7 96
52 10 57 221
52 74 40 85
52 12 25 14
52 16 19 263
52 54 45 280
52 27 49 256
53 2 34 28
53 38 29 196
53 42 7 290
53 44 39 116
53 45 46 179
53 78 31 255
53 49 10 59
53 50 1 81
53 53 49 203
53 22 43 193
53 31 16 63
54 68 22 190
54 8 33 274
54 42 43 199
54 11 49 94
54 12 13 14
54 74 4 85
54 56 7 247
54 26 57 260
54 30 25 168
54 31 40 63
55 65 3 220
55 33 23 115
55 67 43 180
55 36 55 200
55 72 13 183
55 9 40 114
55 49 37 141
55 21 25 247
55 22 58 193
55 25 19 88
55 28 9 40
56 68 58 41
56 36 19 200
56 4 27 285
56 75 37 75
56 79 33 283
56 80 46 101
56 15 13 47
56 19 9 48
56 26 1 260
56 30 49 61
57 33 29 115
57 68 1 177
57 70 25 90
57 11 11 20
57 78 13 50
57 46 49 162
57 16 31 263
57 17 45 2
57 14 43 124
57 53 58 203
57 59 7 167
57 60 5 62
58 65 29 147
58 34 23 17
58 38 37 110
58 71 43 128
58 73 49 149
58 79 41 297
58 80 25 75
58 18 19 182
58 57 7 198
58 28 57 84
58 31 16 46
59 34 9 20
59 4 47 120
59 6 49 34
59 10 7 33
59 12 31 14
59 46 25 18
59 79 5 7
59 19 11 126
59 56 1 136
59 28 39 40
60 64 33 216
60 4 17 285
60 6 13 51
60 14 25 124
60 15 55 23
60 48 51 250
60 53 7 175
60 56 1 84
60 59 31 167
60 61 39 298
61 68 4 159
61 37 31 88
61 42 55 199
61 45 49 179
61 77 22 131
61 14 1 146
61 48 43 135
61 53 19 175
61 23 13 25
61 60 7 62
61 30 57 218
62 65 51 220
62 3 35 32
62 72 19 52
62 74 28 85
62 14 1 124
62 79 25 283
62 48 9 212
62 19 23 126
62 53 4 175
62 26 15 69
62 29 37 126
62 31 55 63
63 33 41 115
63 73 58 149
63 9 13 114
63 46 3 18
63 79 19 7
63 15 21 47
63 78 37 50
63 60 25 62
63 62 31 166
64 65 35 125
64 68 13 41
64 72 25 52
64 8 1 21
64 42 57 290
64 75 45 191
64 74 16 85
64 45 31 179
64 46 29 294
64 48 19 135
64 17 49 2
65 70 58 90
65 72 49 183
65 46 27 18
65 79 53 9
65 47 31 79
65 17 37 43
65 80 22 75
65 48 1 250
65 22 46 297
65 56 15 73
65 61 7 233
66 65 15 92
66 2 28 222
66 35 25 210
66 4 33 120
66 38 31 196
66 6 43 294
66 45 37 179
66 47 57 292
66 79 7 7
66 19 35 48
66 53 40 198
66 27 5 242
67 2 4 222
67 3 13 32
67 4 55 120
67 39 1 257
67 75 33 191
67 77 49 131
67 78 58 287
67 46 17 18
67 80 40 101
67 27 7 111
67 31 52 63
68 32 5 13
68 65 31 293
68 39 28 257
68 78 34 217
68 46 37 18
68 16 51 263
68 47 1 79
68 56 21 39
68 59 25 42
68 60 13 66
68 61 9 113
69 2 13 28
69 3 7 172
69 5 9 205
69 7 19 10
69 73 4 234
69 45 43 299
69 78 40 50
69 15 33 70
69 14 17 169
69 53 58 226
69 55 27 214
70 32 41 13
70 33 43 115
70 66 13 30
70 4 31 120
70 38 23 110
70 72 37 233
70 48 55 135
70 21 33 152
70 24 1 129
70 58 7 259
70 61 19 113
71 65 29 8
71 68 58 190
71 6 37 34
71 10 41 158
71 43 49 261
71 78 1 68
71 80 55 101
71 19 27 48
71 20 53 139
71 21 13 140
71 55 43 106
71 31 34 63
72 64 33 137
72 2 58 28
72 3 39 89
72 38 7 83
72 77 13 131
72 80 16 101
72 18 19 277
72 61 9 240
72 24 52 129
72 26 1 58
72 30 45 94
73 34 25 17
73 4 49 120
73 40 21 228
73 9 55 114
73 78 1 50
73 79 27 7
73 16 59 263
73 50 33 118
73 55 39 214
73 60 5 286
74 2 43 103
74 67 52 181
74 36 49 200
74 27 31 242
74 9 58 114
74 15 21 234
74 16 39 263
74 26 3 69
74 59 7 273
74 61 13 160
74 62 33 91
75 32 45 284
75 39 25 257
75 9 31 114
75 10 51 221
75 74 10 85
75 15 1 297
75 16 47 263
75 54 15 132
75 59 59 273
75 29 55 26
76 36 49 46
76 69 52 268
76 6 3 162
76 39 58 257
76 40 15 228
76 74 55 85
76 47 43 292
76 80 10 101
76 15 20 108
76 51 25 83
76 61 38 148
76 30 33 94
77 32 45 13
77 66 9 30
77 35 40 210
77 36 34 200
77 67 55 181
77 38 31 110
77 71 3 80
77 73 25 91
77 12 58 14
77 55 49 112
77 61 19 148
78 67 25 260
78 5 13 205
78 6 3 157
78 37 21 88
78 7 33 231
78 45 28 87
78 14 41 186
78 46 39 162
78 52 49 4
78 55 43 214
78 25 19 190
78 28 7 55
79 7 25 10
79 42 55 290
79 46 43 162
79 60 35 62
79 80 13 75
79 61 49 160
79 21 45 6
79 23 19 201
79 25 59 130
79 28 39 271
79 29 3 126
80 2 46 222
80 34 59 74
80 38 41 196
80 8 37 274
80 78 1 217
80 18 33 277
80 51 49 83
80 23 9 71
80 25 25 189
80 26 13 260
80 30 19 218
81 6 9 138
81 7 19 291
81 70 52 224
81 46 23 294
81 78 49 151
81 16 45 263
81 14 13 187
81 57 15 244
81 31 37 136
81 30 1 194
82 2 49 222
82 35 52 210
82 68 22 41
82 6 13 34
82 38 55 110
82 44 11 8
82 79 37 7
82 20 43 139
82 57 39 207
82 59 31 273
82 25 47 88
82 31 25 63
83 66 39 30
83 35 7 171
83 68 28 159
83 6 57 157
83 73 46 246
83 77 10 131
83 16 43 263
83 80 4 75
83 54 21 280
83 55 49 140
83 29 33 126
83 63 13 119
84 35 7 210
84 67 58 180
84 5 19 224
84 6 43 157
84 9 4 114
84 10 13 221
84 11 33 20
84 76 35 22
84 46 51 18
84 19 49 48
84 31 28 136
85 68 43 41
85 38 47 110
85 39 52 107
85 40 9 189
85 76 55 22
85 13 21 199
85 23 31 25
85 56 13 84
85 58 57 259
85 30 27 194
85 63 37 119
86 64 39 234
86 70 1 224
86 72 19 227
86 46 35 162
86 79 29 9
86 18 43 277
86 22 7 297
86 30 49 168
86 24 4 129
86 28 55 55
86 61 13 113
86 62 31 72
87 39 34 209
87 8 19 21
87 42 15 123
87 11 53 20
87 45 4 299
87 78 1 151
87 21 9 264
87 24 31 241
87 57 39 74
87 27 47 288
87 28 27 202
88 2 28 28
88 40 49 228
88 11 55 20
88 77 16 143
88 79 39 283
88 19 25 48
88 54 43 132
88 55 1 112
88 26 57 133
88 28 7 38
89 64 15 216
89 33 7 221
89 32 43 13
89 38 27 110
89 6 1 138
89 41 53 96
89 75 39 142
89 15 31 23
89 52 57 4
89 55 21 214
90 64 49 137
90 35 1 171
90 5 45 205
90 73 4 246
90 77 34 131
90 79 25 7
90 48 13 212
90 51 55 83
90 55 21 106
90 56 39 253
90 26 9 201
90 30 27 195
91 65 51 293
91 67 22 180
91 68 40 190
91 69 10 268
91 38 25 110
91 35 19 210
91 72 43 183
91 15 33 50
91 16 57 263
91 52 13 117
91 27 29 256
92 64 15 158
92 65 49 8
92 68 25 177
92 39 31 136
92 73 19 149
92 42 29 199
92 45 40 299
92 80 7 75
92 50 45 118
92 54 57 196
92 55 51 106
92 60 23 62
93 65 25 157
93 67 31 181
93 4 1 285
93 7 43 221
93 40 49 189
93 41 59 96
93 72 55 227
93 44 27 127
93 76 7 22
93 25 9 130
93 27 35 256
93 29 19 26
94 32 51 147
94 4 25 285
94 8 27 274
94 74 34 85
94 11 17 20
94 75 21 192
94 15 9 173
94 50 57 81
94 51 3 119
94 54 43 32
94 27 55 288
94 30 39 94
95 34 27 74
95 68 13 177
95 5 51 29
95 6 19 294
95 75 57 142
95 76 29 177
95 12 16 14
95 48 9 135
95 19 55 48
95 21 45 3
95 55 1 140
95 62 39 166
96 67 13 180
96 4 53 120
96 7 19 244
96 9 34 114
96 42 1 123
96 10 49 33
96 76 17 22
96 47 37 292
96 23 43 25
96 52 3 4
96 55 7 224
96 62 25 166
97 35 16 210
97 37 55 145
97 38 59 110
97 6 9 141
97 7 51 260
97 72 19 233
97 76 49 22
97 51 43 83
97 22 25 297
97 56 33 100
97 59 23 273
97 28 1 202
98 32 11 13
98 65 27 293
98 3 39 103
98 39 4 36
98 73 43 149
98 19 53 126
98 54 49 280
98 59 37 273
98 28 57 40
98 29 19 126
98 31 1 278
99 32 17 13
99 66 27 30
99 3 15 209
99 4 57 285
99 5 51 205
99 14 43 186
99 78 19 68
99 17 1 2
99 21 31 3
99 56 9 84
99 61 37 113
99 30 45 67
100 66 51 30
100 4 29 285
100 5 19 240
100 8 57 21
100 77 40 143
100 15 43 23
100 18 7 82
100 19 37 48
100 54 1 132
100 24 34 129
100 56 25 253
100 28 15 40
101 67 13 181
101 4 3 120
101 37 39 88
101 38 17 110
101 40 19 189
101 44 35 44
101 45 52 179
101 13 57 199
101 18 27 182
101 54 45 196
101 31 10 63
102 64 55 140
102 65 7 231
102 69 31 210
102 70 49 90
102 39 34 136
102 71 37 80
102 10 47 33
102 46 13 162
102 15 1 23
102 17 43 1
102 59 17 273
103 36 10 46
103 39 52 36
103 9 46 114
103 73 37 77
103 44 31 233
103 79 49 7
103 49 22 206
103 18 15 82
103 52 1 231
103 56 27 198
103 25 5 190
103 24 58 241
104 32 31 266
104 34 17 17
104 67 46 36
104 68 7 41
104 42 43 123
104 75 55 191
104 78 25 50
104 46 53 18
104 20 1 176
104 22 4 193
104 56 19 136
104 62 39 72
105 34 31 17
105 36 16 200
105 38 39 110
105 10 35 33
105 11 33 260
105 17 1 1
105 53 22 175
105 54 27 280
105 55 55 112
105 57 51 207
105 31 19 63
105 63 45 5
106 67 7 181
106 38 49 196
106 71 45 80
106 13 25 199
106 78 1 287
106 46 23 18
106 15 19 23
106 17 13 1
106 28 37 51
106 25 43 130
106 60 41 62
106 61 31 148
107 34 41 17
107 67 4 180
107 37 49 145
107 70 1 90
107 7 13 10
107 72 9 183
107 43 55 261
107 49 46 59
107 54 21 132
107 27 17 256
107 31 43 63
108 35 10 210
108 38 29 83
108 70 37 270
108 73 19 77
108 42 33 123
108 47 51 79
108 17 13 2
108 19 31 48
108 51 45 24
108 53 25 175
108 26 57 42
108 61 3 148
109 64 31 158
109 38 53 196
109 27 43 288
109 41 37 96
109 11 47 20
109 76 45 177
109 12 49 14
109 52 39 68
109 55 13 112
109 59 11 273
109 31 25 136
110 26 37 121
110 5 45 29
110 71 31 80
110 73 55 246
110 76 43 177
110 45 16 87
110 13 19 208
110 51 3 24
110 55 7 214
110 25 35 130
110 58 51 259
110 62 25 108
111 32 57 147
111 34 49 143
111 37 13 88
111 39 22 275
111 59 43 167
111 42 37 31
111 16 9 263
111 19 59 126
111 20 47 248
111 55 27 112
111 27 7 256
111 28 1 51
112 68 43 190
112 36 25 46
112 39 10 257
112 73 37 91
112 9 7 114
112 14 47 186
112 78 4 50
112 52 33 161
112 53 1 175
112 21 19 3
112 55 57 106
112 24 13 241
113 34 29 272
113 35 58 210
113 68 25 41
113 38 11 196
113 6 45 162
113 73 55 300
113 42 49 290
113 46 19 18
113 48 39 212
113 19 5 48
113 20 43 176
113 55 21 112
114 66 9 31
114 37 33 145
114 71 45 204
114 7 55 10
114 48 3 135
114 49 19 144
114 20 7 176
114 52 25 279
114 54 49 132
114 56 39 39
114 26 13 58
114 59 53 273
115 26 45 249
115 6 39 92
115 39 1 289
115 9 28 114
115 11 49 260
115 44 23 125
115 79 35 7
115 80 52 75
115 54 19 32
115 25 59 189
115 58 55 16
115 61 9 148
116 67 37 180
116 4 13 285
116 39 58 36
116 43 7 261
116 46 21 162
116 79 17 7
116 17 49 1
116 53 55 226
116 55 27 174
116 57 33 116
116 29 45 126
116 62 1 133
117 65 1 204
117 2 43 28
117 37 57 88
117 6 19 51
117 43 3 53
117 76 55 177
117 79 53 7
117 23 13 71
117 53 7 203
117 22 37 297
117 55 33 106
117 24 25 241
118 33 31 115
118 68 58 177
118 37 43 145
118 70 28 56
118 9 16 114
118 45 34 299
118 77 4 131
118 79 25 300
118 49 7 215
118 22 13 193
118 26 49 121
118 30 19 195
119 69 7 268
119 6 27 122
119 40 39 228
119 43 49 53
119 44 17 35
119 15 55 297
119 50 13 118
119 53 34 86
119 54 21 196
119 58 3 259
120 32 59 169
120 67 49 211
120 71 33 234
120 7 9 231
120 72 55 52
120 42 29 31
120 43 45 261
120 48 3 212
120 22 19 193
120 27 1 242
120 28 37 170
120 62 13 157
121 2 52 28
121 66 31 31
121 38 55 196
121 6 37 138
121 71 21 80
121 74 7 85
121 43 15 53
121 44 57 125
121 14 11 266
121 16 13 129
121 54 1 32
121 61 45 298
122 64 51 158
122 3 3 89
122 37 7 88
122 73 46 149
122 13 13 199
122 79 29 7
122 16 27 263
122 80 37 101
122 18 57 82
122 15 19 70
122 24 34 241
123 3 49 245
123 35 13 171
123 69 43 268
123 38 41 110
123 74 46 85
123 12 22 83
123 17 57 1
123 18 9 182
123 20 53 248
123 55 1 214
123 26 31 172
124 34 13 17
124 2 46 28
124 36 4 46
124 5 57 29
124 66 49 31
124 71 7 269
124 75 37 191
124 45 25 87
124 48 33 212
124 22 16 297
124 25 41 189
125 32 29 13
125 35 34 171
125 69 55 210
125 38 21 110
125 9 25 114
125 10 31 221
125 43 37 53
125 47 51 292
125 53 58 175
125 58 45 259
125 62 7 56
126 32 53 13
126 37 25 145
126 38 7 196
126 72 57 233
126 8 15 274
126 44 29 44
126 77 19 131
126 14 37 186
126 16 55 263
126 50 39 81
126 57 33 244
126 27 49 111
127 32 25 13
127 2 16 222
127 3 29 32
127 44 31 61
127 48 49 212
127 17 55 2
127 50 43 81
127 19 59 48
127 26 19 249
127 29 33 26
127 30 1 195
128 33 35 221
128 35 52 171
128 42 19 123
128 76 43 22
128 14 55 186
128 46 21 18
128 78 1 43
128 19 31 126
128 54 25 132
128 58 39 16
128 28 57 38
128 62 15 108
129 65 35 46
129 35 25 171
129 36 7 200
129 3 47 296
129 71 51 204
129 74 19 85
129 45 22 179
129 14 59 124
129 17 3 209
129 18 13 277
129 54 55 280
130 35 10 171
130 37 19 145
130 8 13 21
130 9 37 114
130 77 40 131
130 79 51 300
130 80 1 75
130 18 33 82
130 56 55 54
130 60 17 62
130 29 27 126
130 63 45 119
131 64 27 216
131 34 7 17
131 40 43 228
131 74 49 85
131 43 39 261
131 44 55 8
131 79 23 7
131 16 3 263
131 17 19 48
131 20 59 248
131 60 33 286
132 33 39 221
132 66 3 30
132 72 7 227
132 75 31 290
132 43 19 261
132 45 13 87
132 80 16 75
132 16 41 129
132 23 49 219
132 56 57 136
132 30 27 94
132 31 46 107
133 33 59 115
133 68 19 159
133 69 40 268
133 39 7 36
133 13 31 208
133 14 49 186
133 55 13 214
133 56 51 84
133 27 37 242
133 60 11 62
133 29 27 26
134 65 39 56
134 33 23 221
134 5 13 29
134 75 27 191
134 47 7 79
134 79 59 7
134 54 55 32
134 30 45 168
134 24 52 241
134 25 5 88
134 61 33 182
134 62 19 133
135 32 47 13
135 65 35 8
135 35 55 171
135 5 43 240
135 7 31 10
135 8 51 274
135 39 16 36
135 14 19 146
135 46 39 18
135 19 41 126
135 54 1 196
136 34 31 245
136 36 1 46
136 78 4 174
136 79 55 7
136 16 25 263
136 48 37 135
136 49 10 206
136 20 43 248
136 55 45 140
136 24 58 129
136 27 53 288
136 60 15 66
137 35 22 210
137 36 19 46
137 71 51 128
137 7 57 162
137 43 27 53
137 46 7 18
137 78 10 68
137 80 31 101
137 53 34 6
137 21 37 220
137 63 3 5
138 64 49 217
138 34 59 67
138 70 46 270
138 71 27 80
138 72 13 128
138 40 9 228
138 11 57 94
138 76 53 22
138 15 3 173
138 80 19 75
138 53 40 175
138 55 31 140
139 64 43 158
139 8 25 21
139 41 47 96
139 43 7 53
139 44 53 8
139 11 35 20
139 78 37 38
139 15 49 27
139 48 57 212
139 14 29 146
139 24 40 241
139 26 15 42
140 34 35 17
140 4 15 285
140 36 52 200
140 70 43 56
140 10 7 84
140 43 19 53
140 77 31 131
140 78 1 174
140 48 37 250
140 21 27 6
140 60 49 62
140 61 55 113
141 64 39 294
141 37 1 145
141 71 25 204
141 72 19 128
141 18 44 182
141 55 15 174
141 23 51 201
141 26 31 34
141 61 8 298
141 31 55 278
142 5 21 29
142 71 3 204
142 40 55 189
142 46 47 18
142 79 41 7
142 14 59 186
142 49 25 215
142 50 9 81
142 25 37 190
142 26 51 230
142 57 43 116
142 63 33 5
143 36 43 46
143 5 27 205
143 70 55 90
143 6 51 51
143 75 33 192
143 12 19 83
143 78 58 68
143 19 47 48
143 52 3 117
143 28 7 294
143 61 15 162
143 63 37 5
144 33 13 115
144 35 31 171
144 36 28 46
144 7 45 197
144 8 49 21
144 73 19 246
144 39 55 36
144 45 58 299
144 60 25 286
144 57 15 74
144 28 3 40
144 29 9 26
145 33 17 115
145 4 19 120
145 69 13 210
145 70 4 90
145 36 37 200
145 73 22 77
145 12 1 83
145 76 29 22
145 14 31 186
145 16 11 263
145 19 43 48
145 61 51 148
146 32 29 266
146 66 39 31
146 4 47 285
146 5 51 240
146 40 43 189
146 76 11 22
146 47 19 292
146 20 1 248
146 25 55 130
146 58 33 259
146 62 25 133
146 63 57 119
147 32 13 13
147 26 57 69
147 39 22 209
147 41 3 96
147 47 25 292
147 79 43 283
147 48 15 250
147 54 9 32
147 24 37 241
147 56 33 39
147 59 41 273
148 2 22 28
148 3 59 32
148 35 49 171
148 39 43 209
148 40 1 228
148 8 9 274
148 43 33 53
148 47 13 79
148 22 52 193
148 59 25 273
148 60 29 62
148 30 37 168
149 34 47 17
149 3 53 32
149 35 43 171
149 8 55 274
149 75 37 192
149 13 27 208
149 80 49 101
149 22 34 297
149 25 13 130
149 26 1 201
149 61 7 162
149 62 19 72
150 32 57 169
150 2 31 28
150 35 1 210
150 36 46 200
150 68 4 41
150 34 55 17
150 42 41 123
150 76 43 30
150 77 37 143
150 16 7 263
150 27 29 242
150 30 51 94
151 32 51 169
151 33 37 115
151 34 43 17
151 58 9 16
151 69 46 268
151 40 31 189
151 10 59 33
151 12 28 14
151 79 15 300
151 53 4 226
151 26 39 69
151 30 21 67
152 2 7 255
152 69 49 268
152 8 19 274
152 73 31 300
152 44 41 8
152 47 15 292
152 49 37 215
152 50 25 81
152 22 10 297
152 58 45 16
152 60 53 62
152 61 3 182
153 64 1 216
153 65 59 204
153 68 55 190
153 71 15 269
153 41 25 232
153 42 53 31
153 77 43 131
153 14 31 146
153 45 46 299
153 28 21 40
153 29 7 126
153 62 39 36
154 64 45 137
154 35 28 171
154 37 37 145
154 38 43 196
154 7 31 162
154 74 13 85
154 42 55 123
154 45 16 299
154 50 21 118
154 29 51 26
154 31 7 107
155 37 7 145
155 70 55 224
155 76 33 230
155 14 23 146
155 15 51 234
155 16 41 263
155 48 43 250
155 79 21 300
155 20 49 248
155 24 4 241
155 60 11 198
156 3 15 296
156 36 28 200
156 40 33 228
156 75 9 290
156 14 41 146
156 80 46 75
156 51 21 119
156 21 37 149
156 55 55 174
156 57 3 116
156 28 49 55
156 25 53 190
157 2 37 222
157 67 43 272
157 68 40 159
157 38 13 110
157 8 1 274
157 44 29 116
157 13 7 199
157 16 23 263
157 48 25 135
157 19 53 48
157 54 33 196
157 63 19 5
158 34 49 17
158 67 34 180
158 4 45 285
158 2 52 163
158 73 55 77
158 10 25 158
158 77 1 131
158 13 37 208
158 15 7 47
158 80 4 101
158 51 19 24
158 58 27 16
159 65 19 8
159 66 45 31
159 35 4 171
159 4 23 285
159 5 37 29
159 6 51 141
159 70 16 270
159 76 55 30
159 13 9 208
159 20 59 176
159 24 1 241
159 57 33 207
160 33 49 221
160 4 11 120
160 12 4 83
160 77 52 131
160 46 43 18
160 79 9 7
160 80 28 75
160 49 58 265
160 48 31 135
160 19 45 48
160 21 37 3
160 29 15 26
161 32 35 13
161 67 7 180
161 36 58 200
161 27 5 256
161 78 52 43
161 48 19 212
161 80 13 101
161 22 40 193
161 25 33 190
161 59 43 273
161 60 55 62
161 31 1 63
162 64 57 137
162 66 45 30
162 4 9 285
162 39 40 289
162 72 1 183
162 42 11 123
162 12 16 83
162 80 52 101
162 48 27 250
162 19 43 126
162 59 13 273
162 62 21 157
163 32 51 299
163 66 21 31
163 76 45 230
163 80 34 101
163 19 41 48
163 21 3 54
163 22 37 193
163 23 57 25
163 24 31 129
163 56 27 178
163 63 9 5
164 69 16 268
164 72 25 233
164 42 51 123
164 43 45 53
164 10 21 262
164 19 1 48
164 20 5 139
164 51 7 24
164 55 33 112
164 57 57 244
165 33 19 115
165 69 1 268
165 72 27 183
165 10 37 221
165 16 53 263
165 17 43 42
165 51 33 83
165 21 15 264
165 22 55 193
165 58 39 259
165 31 22 63
166 66 19 30
166 70 28 270
166 41 11 96
166 44 7 8
166 77 25 131
166 12 46 14
166 80 49 75
166 50 57 118
166 26 1 34
166 31 40 136
167 65 35 252
167 38 15 196
167 40 27 189
167 15 39 108
167 17 55 275
167 49 46 206
167 19 51 48
167 20 11 139
167 53 22 226
167 54 3 280
167 26 7 125
167 31 19 278
168 5 39 205
168 70 22 56
168 38 37 196
168 8 7 21
168 77 1 143
168 14 43 146
168 61 31 298
168 23 51 25
168 29 45 26
168 31 4 63
169 64 15 137
169 67 40 235
169 71 9 204
169 40 57 228
169 10 51 262
169 42 1 290
169 46 55 18
169 47 45 79
169 80 22 101
169 14 29 197
169 60 31 62
169 62 33 56
170 65 33 293
170 34 1 17
170 39 10 209
170 45 28 179
170 16 47 129
170 80 25 101
170 54 37 280
170 56 43 254
170 24 55 241
170 58 3 16
170 63 15 5
171 66 33 30
171 6 45 34
171 72 7 52
171 27 41 256
171 10 39 158
171 49 55 59
171 50 1 118
171 22 19 297
171 59 13 153
171 60 15 286
171 29 49 126
172 64 37 217
172 65 41 125
172 33 5 115
172 5 13 240
172 44 21 44
172 52 9 4
172 53 43 175
172 21 27 264
172 57 57 168
172 58 31 16
172 29 1 26
172 63 49 5
173 64 7 137
173 32 59 13
173 34 45 93
173 38 35 110
173 7 3 10
173 75 15 290
173 78 40 38
173 16 13 263
173 23 55 50
173 55 27 140
173 58 49 16
173 31 37 63
174 70 4 224
174 38 51 110
174 7 43 71
174 9 1 114
174 41 35 232
174 11 41 260
174 6 31 141
174 45 19 87
174 60 9 221
174 74 58 85
174 71 15 204
174 28 37 84
175 6 45 108
175 39 31 36
175 72 55 183
175 41 43 96
175 42 9 123
175 16 15 263
175 18 1 82
175 23 19 238
175 21 51 3
175 55 37 174
175 26 25 196
175 31 34 278
176 68 22 159
176 8 39 21
176 75 33 142
176 12 13 83
176 52 25 4
176 21 51 264
176 20 37 228
176 53 19 203
176 57 1 207
176 26 57 172
176 62 9 133
176 31 43 136
177 34 45 74
177 3 21 296
177 67 28 181
177 66 57 31
177 4 5 120
177 71 9 128
177 44 31 143
177 18 39 82
177 55 1 106
177 60 33 198
177 30 51 195
178 65 15 293
178 7 31 291
178 73 22 130
178 44 1 35
178 77 19 143
178 78 7 165
178 47 27 79
178 79 39 9
178 49 52 294
178 15 45 247
178 23 55 37
179 66 13 31
179 2 7 103
179 71 49 269
179 41 23 96
179 10 45 262
179 12 37 14
179 76 27 230
179 16 21 263
179 49 4 144
179 25 25 88
179 27 19 111
179 60 43 62
180 67 34 181
180 68 52 41
180 6 27 34
180 72 45 227
180 10 39 262
180 43 57 53
180 44 1 116
180 45 10 179
180 14 17 124
180 80 7 101
180 24 22 241
180 29 13 126
181 2 1 103
181 68 4 177
181 69 19 268
181 5 27 29
181 12 52 14
181 44 55 86
181 79 13 7
181 80 43 75
181 51 31 24
181 24 49 241
181 58 15 16
181 27 25 242
182 2 22 222
182 4 15 120
182 69 49 210
182 73 37 269
182 14 47 87
182 79 43 9
182 17 31 2
182 52 27 243
182 21 1 3
182 53 40 203
182 30 7 168
182 63 55 5
183 35 40 171
183 4 35 120
183 41 59 232
183 74 43 85
183 76 57 230
183 77 25 143
183 13 31 199
183 47 21 79
183 21 7 3
183 56 51 247
183 28 3 55
183 31 28 107
184 3 49 172
184 37 43 88
184 39 31 257
184 9 58 208
184 76 53 199
184 19 7 48
184 23 21 37
184 56 39 247
184 57 1 244
184 58 27 259
184 60 51 68
184 31 10 136
185 36 4 200
185 70 34 90
185 40 15 189
185 72 51 227
185 42 13 123
185 45 22 299
185 15 9 23
185 20 43 122
185 53 31 175
185 54 55 132
185 60 39 286
186 32 29 125
186 66 57 30
186 35 46 171
186 7 25 291
186 71 31 128
186 9 49 114
186 42 21 123
186 47 9 292
186 15 39 23
186 80 1 101
186 59 55 273
186 28 15 202
187 32 31 169
187 65 1 41
187 34 15 67
187 38 45 110
187 70 52 90
187 45 7 179
187 80 10 75
187 50 27 118
187 52 57 117
187 21 39 264
187 53 34 175
187 24 19 241
188 33 1 115
188 35 43 210
188 68 46 190
188 39 34 289
188 80 31 75
188 54 39 32
188 55 21 140
188 56 3 247
188 58 15 259
188 60 9 286
188 62 51 133
189 36 40 46
189 5 9 29
189 4 21 285
189 41 1 96
189 42 29 123
189 40 3 189
189 12 37 83
189 45 49 87
189 80 43 101
189 56 55 178
189 61 15 148
190 64 1 77
190 5 33 29
190 6 7 122
190 71 55 269
190 72 51 233
190 42 27 290
190 75 45 290
190 14 17 186
190 18 19 82
190 54 13 280
190 56 37 54
190 59 11 167
191 2 25 222
191 68 13 159
191 38 43 110
191 77 46 143
191 49 58 215
191 50 37 118
191 51 33 119
191 21 21 163
191 24 49 129
191 26 1 121
192 33 27 221
192 37 51 88
192 6 19 92
192 7 37 291
192 74 1 85
192 76 15 230
192 77 4 143
192 16 45 129
192 54 7 280
192 22 34 193
192 62 55 166
193 64 51 216
193 3 59 245
193 72 39 227
193 41 45 232
193 43 15 261
193 9 10 114
193 11 37 260
193 16 27 129
193 49 34 265
193 21 55 3
193 58 19 16
194 64 43 141
194 32 3 169
194 34 1 67
194 4 35 285
194 45 55 299
194 46 17 294
194 15 27 23
194 80 58 101
194 49 7 283
194 20 19 176
194 55 49 174
195 5 1 29
195 39 19 36
195 78 28 255
195 16 5 263
195 49 7 144
195 18 15 182
195 20 55 248
195 54 31 132
195 22 49 193
195 26 45 133
195 59 11 80
195 61 37 160
196 69 55 268
196 39 19 209
196 40 27 228
196 72 1 227
196 7 31 165
196 42 7 123
196 16 35 263
196 17 45 60
196 18 37 182
196 62 9 166
196 59 5 273
196 30 15 168
197 32 13 91
197 37 27 88
197 6 7 51
197 39 58 61
197 43 33 261
197 45 19 299
197 18 43 82
197 50 51 81
197 61 3 298
197 62 15 72
197 31 22 278
198 3 39 296
198 73 16 77
198 43 3 261
198 15 21 94
198 18 49 82
198 19 33 48
198 51 25 24
198 55 45 112
198 57 57 160
198 31 13 278
199 32 57 91
199 34 21 289
199 70 46 90
199 74 31 85
199 11 23 69
199 12 1 14
199 13 13 208
199 46 5 294
199 21 25 3
199 22 43 297
199 24 7 241
199 30 51 194
200 33 3 221
200 34 57 289
200 4 51 285
200 68 10 177
200 39 16 289
200 9 46 208
200 41 33 232
200 77 43 143
200 79 39 300
200 22 13 297
200 30 21 168
200 63 27 5
Trạng thái: FEASIBLE
Điểm tối ưu: 2263
Thời gian: 1000.5276 giây
