869
1 5 27 5
1 6 49 93
1 11 46 3
1 14 39 34
1 16 33 76
1 18 9 10
1 21 59 54
1 23 15 72
1 27 7 113
1 28 19 107
2 4 39 33
2 9 51 5
2 10 43 49
2 11 13 27
2 14 1 34
2 18 55 10
2 25 22 2
2 26 25 52
2 27 31 106
2 28 34 39
3 3 57 115
3 7 33 88
3 10 51 49
3 12 19 61
3 17 46 83
3 18 13 63
3 20 37 112
3 22 3 64
3 29 9 113
3 30 27 82
4 32 37 80
4 3 27 115
4 4 57 28
4 7 45 23
4 8 39 18
4 12 49 116
4 16 31 76
4 21 19 111
4 23 15 100
4 24 23 15
4 26 7 7
4 27 25 113
5 4 21 116
5 6 7 40
5 7 1 92
5 9 49 5
5 10 45 27
5 13 58 86
5 17 31 81
5 21 41 54
5 24 25 15
5 28 10 39
6 32 45 80
6 3 21 38
6 4 25 28
6 8 43 43
6 9 47 40
6 18 31 10
6 24 59 15
6 26 55 73
6 27 35 113
6 28 16 107
6 31 1 30
7 6 34 40
7 7 19 92
7 9 37 5
7 12 25 61
7 15 49 114
7 18 57 101
7 19 1 8
7 21 13 54
7 24 5 36
7 28 7 107
7 29 39 113
8 32 25 80
8 2 45 106
8 8 31 56
8 11 10 89
8 13 52 86
8 21 55 105
8 23 21 100
8 26 27 73
8 28 7 39
8 31 17 59
9 8 49 7
9 10 43 50
9 16 37 76
9 18 21 14
9 19 47 8
9 21 17 111
9 26 13 73
9 27 31 113
9 28 1 39
9 29 51 95
9 31 11 30
10 32 55 80
10 6 19 93
10 8 25 56
10 11 28 44
10 13 4 85
10 17 58 81
10 24 35 36
10 25 22 26
10 28 43 39
10 29 13 42
11 6 25 93
11 7 13 23
11 8 29 43
11 9 35 5
11 11 49 3
11 13 4 86
11 15 46 60
11 17 37 79
11 26 31 73
12 32 31 80
12 2 39 106
12 6 10 93
12 11 7 3
12 15 13 58
12 16 19 76
12 18 27 101
12 23 33 1
12 25 49 26
12 27 43 106
12 28 52 39
12 29 1 91
13 4 3 33
13 11 16 3
13 14 39 47
13 15 46 21
13 16 55 76
13 17 13 81
13 19 35 8
13 24 37 15
13 25 31 2
13 28 22 39
13 29 27 91
14 32 15 80
14 8 49 61
14 10 27 103
14 12 1 61
14 16 17 76
14 18 45 101
14 21 7 54
14 25 31 26
14 29 21 113
14 31 59 30
15 32 17 80
15 6 7 93
15 7 49 23
15 9 23 5
15 10 33 50
15 12 13 61
15 13 37 85
15 15 4 21
15 19 19 12
15 25 1 2
15 28 55 39
15 29 43 91
16 2 57 106
16 3 43 38
16 6 4 93
16 8 25 18
16 11 22 3
16 19 17 8
16 21 1 105
16 23 31 100
16 26 27 56
16 28 19 39
16 31 15 59
17 2 51 65
17 10 39 49
17 11 46 44
17 12 7 61
17 17 43 81
17 21 1 54
17 23 19 63
17 26 3 52
17 27 37 113
18 6 31 40
18 7 39 88
18 14 57 120
18 16 1 76
18 18 3 101
18 19 37 8
18 23 19 29
18 24 25 83
18 30 13 70
19 7 43 88
19 9 19 5
19 14 15 31
19 15 7 114
19 16 5 76
19 18 25 14
19 19 53 8
19 25 10 26
19 26 49 79
19 28 58 39
19 29 1 95
20 32 39 80
20 8 23 7
20 9 27 40
20 10 45 6
20 16 57 76
20 18 3 63
20 19 13 12
20 25 34 2
20 28 49 39
20 30 7 82
20 31 17 30
21 4 37 28
21 6 4 40
21 7 13 88
21 11 49 44
21 13 22 86
21 19 31 12
21 21 17 42
21 23 25 63
21 31 19 30
22 6 43 93
22 9 25 5
22 11 16 27
22 17 31 79
22 18 9 101
22 21 5 54
22 23 27 29
22 25 19 26
22 26 1 56
22 27 7 106
22 29 49 91
22 31 23 59
23 6 13 40
23 12 7 116
23 13 37 86
23 14 51 120
23 15 58 21
23 17 40 79
23 20 19 112
23 23 33 18
23 24 17 37
23 28 46 39
23 30 27 70
24 4 33 28
24 6 37 93
24 8 31 32
24 10 27 6
24 13 16 85
24 14 43 31
24 15 58 58
24 19 5 92
24 23 49 29
24 25 10 2
24 31 1 59
25 32 1 80
25 8 49 56
25 9 53 40
25 11 7 44
25 13 31 86
25 15 10 119
25 16 25 76
25 17 58 79
25 26 45 52
25 28 28 39
25 29 39 91
26 4 21 33
26 6 1 93
26 10 15 103
26 13 10 86
26 14 37 120
26 16 53 76
26 18 49 10
26 19 13 51
26 22 31 20
26 28 4 39
26 31 55 71
27 4 25 33
27 9 43 5
27 10 7 49
27 11 4 3
27 14 49 34
27 15 58 60
27 16 23 76
27 23 31 29
27 24 19 37
27 25 46 26
27 29 13 95
28 32 47 80
28 2 9 106
28 8 35 7
28 12 39 116
28 17 13 79
28 19 43 67
28 23 49 72
28 25 25 26
28 26 31 52
29 32 29 28
29 2 25 106
29 6 31 93
29 11 10 27
29 15 46 114
29 17 1 79
29 18 37 103
29 19 57 67
29 24 59 36
29 30 19 70
30 5 1 42
30 8 41 43
30 11 31 44
30 15 13 83
30 16 43 76
30 21 29 111
30 23 19 1
30 26 37 52
30 27 53 106
30 28 10 107
30 29 49 113
31 32 23 80
31 4 33 33
31 6 19 40
31 8 9 56
31 9 17 5
31 10 55 27
31 18 37 10
31 23 51 1
31 26 43 7
31 27 1 113
31 28 13 39
32 32 7 80
32 3 31 38
32 5 39 5
32 7 51 92
32 9 21 5
32 10 3 45
32 11 13 89
32 14 25 120
32 15 55 83
32 17 16 79
32 18 43 10
33 6 16 40
33 8 21 117
33 9 45 5
33 14 3 120
33 15 31 21
33 16 29 76
33 21 55 50
33 25 58 2
33 26 9 52
33 27 19 113
34 3 57 38
34 6 13 93
34 8 1 82
34 10 27 49
34 11 34 89
34 17 4 81
34 21 49 54
34 22 51 20
34 24 19 36
34 25 43 26
34 26 39 56
34 28 46 107
35 4 7 33
35 8 17 56
35 10 49 45
35 12 31 116
35 14 57 47
35 21 25 111
35 24 53 36
35 26 45 56
35 28 40 107
35 29 19 95
35 31 55 30
36 32 49 28
36 3 39 38
36 10 51 27
36 17 22 79
36 18 1 10
36 24 31 37
36 27 57 113
36 28 25 39
36 31 5 30
37 2 15 65
37 4 1 116
37 5 7 5
37 8 57 56
37 9 59 5
37 13 22 85
37 17 34 83
37 21 25 105
37 24 11 37
37 26 39 73
37 27 43 113
37 28 31 39
38 7 21 88
38 10 51 6
38 13 34 85
38 14 1 31
38 17 43 79
38 18 13 101
38 24 49 37
38 25 40 26
38 29 57 91
39 32 11 80
39 2 49 106
39 10 21 6
39 12 43 116
39 15 31 60
39 16 27 76
39 17 34 81
39 20 3 55
39 21 47 105
39 22 37 64
39 27 55 113
39 31 41 59
40 5 39 42
40 9 49 40
40 12 31 61
40 13 19 85
40 14 43 47
40 15 25 58
40 18 55 14
40 24 1 15
40 28 52 107
40 30 15 82
40 31 37 30
41 32 21 80
41 6 28 93
41 7 57 23
41 9 47 5
41 10 39 6
41 13 49 86
41 20 15 112
41 21 23 111
41 22 31 64
41 29 7 91
41 30 3 82
42 32 5 80
42 8 55 7
42 15 1 21
42 16 11 76
42 18 31 63
42 20 21 55
42 21 7 105
42 22 57 20
42 24 43 37
42 26 49 52
42 29 45 95
43 32 41 80
43 2 1 106
43 6 55 93
43 8 29 32
43 11 25 44
43 13 13 86
43 14 45 120
43 15 34 119
43 16 49 76
43 20 51 55
43 24 23 49
43 30 7 70
44 4 57 33
44 7 21 23
44 8 19 56
44 9 39 40
44 10 25 27
44 14 31 31
44 18 9 63
44 25 4 26
44 28 13 107
44 31 51 59
45 6 22 40
45 8 35 56
45 10 57 45
45 12 15 116
45 13 46 85
45 14 37 32
45 15 49 119
45 23 1 100
45 24 41 37
45 26 25 7
46 32 59 80
46 4 21 28
46 12 51 61
46 14 7 31
46 15 28 21
46 20 31 55
46 21 43 111
46 23 1 72
46 27 19 106
46 28 37 107
46 29 13 113
47 2 43 65
47 7 37 92
47 8 33 43
47 9 11 5
47 14 13 47
47 17 49 81
47 21 31 111
47 22 25 20
47 23 55 63
47 29 19 91
47 30 1 70
48 8 11 56
48 10 21 27
48 11 1 44
48 12 51 82
48 13 31 85
48 19 25 51
48 21 41 85
48 22 43 64
48 23 57 72
48 26 7 79
48 27 29 106
48 30 37 70
49 4 1 28
49 7 25 92
49 11 37 3
49 13 55 85
49 14 31 47
49 17 16 83
49 19 7 67
49 21 23 54
49 27 29 113
49 28 49 107
49 30 45 70
50 7 45 92
50 8 59 32
50 11 55 3
50 12 33 82
50 14 25 47
50 17 19 81
50 23 37 29
50 25 49 2
50 26 9 73
50 29 3 113
51 32 31 28
51 3 13 38
51 15 43 21
51 16 47 76
51 18 37 63
51 19 27 12
51 25 52 2
51 26 19 7
51 27 17 113
51 29 57 95
52 2 55 65
52 6 40 93
52 8 1 7
52 10 13 45
52 13 46 86
52 17 37 83
52 22 7 64
52 23 3 29
52 24 59 109
52 28 34 107
52 31 53 30
53 32 35 80
53 8 55 56
53 9 31 5
53 11 4 44
53 14 19 34
53 15 58 114
53 20 27 112
53 23 43 1
53 25 1 26
53 27 53 113
53 29 15 91
54 2 31 65
54 7 9 92
54 9 55 5
54 10 1 6
54 14 27 31
54 17 40 83
54 19 23 12
54 21 7 111
54 24 47 15
54 27 59 113
55 32 55 28
55 2 9 65
55 3 31 115
55 8 23 56
55 9 1 5
55 11 19 3
55 13 43 85
55 17 52 81
55 21 17 54
55 22 13 64
55 24 39 36
55 29 25 95
56 32 41 28
56 5 27 42
56 7 1 23
56 9 15 5
56 10 33 45
56 17 43 83
56 20 51 112
56 22 57 64
56 23 7 1
56 27 5 106
57 32 43 28
57 4 51 28
57 6 10 40
57 9 13 5
57 11 40 89
57 13 58 85
57 18 1 14
57 20 15 55
57 23 25 1
57 24 37 71
57 25 19 2
57 30 31 70
58 6 1 40
58 8 5 117
58 9 59 40
58 14 55 31
58 20 9 55
58 22 51 64
58 25 46 2
58 27 37 106
58 28 16 39
58 29 31 91
58 31 43 59
59 5 9 42
59 6 16 93
59 8 29 7
59 10 1 27
59 11 52 3
59 20 43 112
59 21 47 43
59 22 25 64
59 23 31 72
59 24 41 36
59 30 57 70
59 31 49 59
60 3 1 38
60 4 45 28
60 7 25 88
60 9 51 40
60 11 7 89
60 12 57 61
60 16 35 76
60 21 37 105
60 22 21 64
60 25 13 2
60 28 40 39
61 32 53 80
61 3 7 38
61 7 37 23
61 10 57 49
61 11 49 89
61 12 43 61
61 14 1 32
61 18 31 101
61 20 25 55
61 28 22 107
61 31 41 95
62 3 49 38
62 5 57 42
62 7 27 23
62 12 39 61
62 13 43 86
62 14 19 47
62 15 4 83
62 23 9 100
62 26 15 7
62 27 55 106
62 28 1 107
63 32 19 28
63 6 22 93
63 9 43 40
63 11 52 44
63 13 1 86
63 17 28 81
63 18 7 14
63 21 11 105
63 25 37 26
63 26 55 52
63 27 13 106
64 32 51 80
64 2 39 65
64 4 15 28
64 7 33 92
64 8 47 75
64 9 25 40
64 11 43 89
64 15 55 60
64 18 21 103
64 19 53 51
64 23 3 18
65 3 9 115
65 8 13 56
65 9 3 5
65 12 19 82
65 17 25 79
65 18 51 103
65 20 39 55
65 22 43 20
65 25 16 2
65 27 33 113
65 28 55 107
66 3 3 115
66 7 55 92
66 8 53 56
66 11 19 44
66 13 7 86
66 15 13 21
66 17 28 83
66 20 43 55
66 24 25 37
66 26 37 7
66 29 33 95
66 30 49 70
67 3 27 38
67 4 45 33
67 11 19 89
67 12 37 82
67 15 1 114
67 16 9 76
67 20 57 55
67 22 13 20
67 23 51 18
67 28 4 107
68 2 27 65
68 3 45 115
68 5 49 42
68 10 7 6
68 11 40 3
68 12 55 116
68 16 15 76
68 17 19 83
68 19 17 51
68 22 1 20
68 24 25 49
68 28 31 107
69 6 46 93
69 7 15 92
69 8 1 18
69 9 57 5
69 10 31 6
69 11 43 44
69 14 9 120
69 22 37 20
69 25 28 26
69 26 49 73
69 31 53 59
70 2 21 106
70 3 15 115
70 7 7 88
70 9 57 40
70 13 25 86
70 14 3 47
70 16 51 76
70 18 39 101
70 21 13 50
70 25 28 2
70 26 31 7
70 30 43 82
71 2 15 106
71 6 58 93
71 9 33 5
71 10 43 45
71 11 40 44
71 13 19 86
71 17 55 81
71 18 7 103
71 20 1 112
71 23 25 100
71 26 51 7
71 27 35 106
72 3 39 115
72 7 31 23
72 8 7 56
72 9 55 40
72 12 25 116
72 13 16 86
72 18 1 103
72 19 43 51
72 24 29 37
72 29 9 95
73 3 21 115
73 5 43 42
73 8 51 56
73 9 41 40
73 10 33 27
73 13 28 85
73 16 39 76
73 19 59 8
73 21 55 111
73 22 9 20
73 24 53 37
73 31 47 59
74 32 13 80
74 8 9 18
74 11 34 3
74 14 39 31
74 16 21 76
74 19 55 67
74 21 43 105
74 23 25 72
74 25 52 26
74 28 58 107
74 29 45 113
75 32 19 80
75 4 9 28
75 7 55 88
75 9 29 40
75 17 46 81
75 21 59 105
75 24 17 49
75 25 4 2
75 26 21 73
75 28 25 107
75 29 37 95
76 2 1 65
76 6 34 93
76 7 9 23
76 9 5 5
76 13 52 85
76 15 37 119
76 20 55 112
76 21 23 50
76 24 43 36
76 25 40 2
76 26 13 52
76 28 28 107
77 32 9 80
77 2 21 65
77 7 49 88
77 9 53 5
77 13 25 85
77 14 13 34
77 15 58 119
77 17 55 79
77 19 43 8
77 21 11 111
77 26 45 73
77 28 37 39
78 32 29 80
78 6 52 93
78 7 1 88
78 9 37 40
78 11 7 27
78 15 40 109
78 20 31 112
78 21 5 75
78 22 21 20
78 23 45 63
78 26 57 7
79 32 49 80
79 3 51 115
79 4 13 33
79 5 19 42
79 10 39 27
79 18 27 10
79 19 5 51
79 20 9 112
79 23 43 100
79 26 1 73
79 30 57 82
80 32 3 80
80 4 49 33
80 5 33 42
80 9 45 40
80 10 9 50
80 15 16 60
80 16 13 76
80 19 43 92
80 21 53 111
80 26 21 52
80 27 27 113
80 31 31 59
Trạng thái: OPTIMUM
Điểm tối ưu: 869
Thời gian: 6.7035 giây
