2400
1 3 22 225
1 36 51 4
1 67 13 66
1 39 1 209
1 74 16 244
1 11 57 157
1 46 39 278
1 79 10 257
1 51 27 130
1 57 43 55
1 58 33 259
1 29 19 138
2 4 25 259
2 68 43 122
2 38 16 147
2 39 31 11
2 44 57 8
2 78 19 299
2 47 1 214
2 19 45 4
2 52 5 134
2 24 7 83
2 27 11 9
2 30 49 66
3 33 9 251
3 65 37 24
3 4 15 218
3 71 22 159
3 40 51 102
3 72 41 9
3 73 1 130
3 75 19 5
3 45 33 51
3 55 55 91
3 25 59 208
3 62 43 124
4 68 51 289
4 41 43 238
4 74 37 198
4 15 46 135
4 48 17 41
4 51 27 37
4 22 9 94
4 55 33 14
4 25 1 166
4 58 57 223
4 29 22 35
4 62 19 253
5 66 45 250
5 70 55 215
5 39 9 92
5 72 17 9
5 43 3 2
5 76 31 231
5 50 51 38
5 21 40 53
5 55 13 1
5 57 21 65
5 58 25 54
5 62 37 162
6 2 49 57
6 4 57 242
6 36 27 81
6 8 33 62
6 41 19 219
6 75 55 5
6 11 39 157
6 14 10 214
6 51 1 37
6 52 29 279
6 58 45 259
6 62 7 115
7 64 23 4
7 66 39 263
7 36 17 248
7 38 43 213
7 75 15 69
7 44 19 183
7 77 7 266
7 14 49 141
7 47 57 131
7 46 27 278
7 18 52 156
7 21 1 285
8 64 31 182
8 66 51 256
8 36 33 98
8 69 1 105
8 39 19 222
8 13 13 253
8 78 9 58
8 48 59 41
8 18 55 132
8 50 17 38
8 59 37 299
8 61 7 300
9 33 19 30
9 67 34 66
9 35 7 273
9 70 15 6
9 74 1 212
9 75 41 5
9 48 43 41
9 51 51 130
9 55 23 1
9 25 57 208
9 26 39 23
9 29 31 49
10 32 22 118
10 65 49 104
10 5 11 114
10 69 39 201
10 73 33 130
10 10 1 117
10 49 7 246
10 52 17 4
10 53 45 149
10 23 28 285
10 55 15 14
10 59 55 243
11 32 25 270
11 33 37 42
11 2 13 10
11 66 51 97
11 36 1 28
11 69 45 201
11 15 28 234
11 80 57 125
11 48 17 210
11 22 21 206
11 59 31 213
11 30 5 63
12 65 9 57
12 36 21 56
12 5 31 73
12 7 45 54
12 72 13 9
12 41 58 49
12 10 51 53
12 43 33 244
12 56 27 177
12 24 17 20
12 29 55 49
12 62 1 115
13 32 1 118
13 67 25 113
13 68 39 28
13 4 15 219
13 6 55 136
13 9 41 24
13 10 57 107
13 56 51 88
13 57 31 125
13 59 21 213
13 60 19 19
13 63 7 297
14 64 43 138
14 65 45 104
14 67 1 66
14 76 31 31
14 45 41 34
14 12 37 90
14 44 35 8
14 50 7 38
14 51 19 37
14 53 13 149
14 57 49 115
14 60 23 137
15 35 43 283
15 12 31 176
15 45 25 34
15 46 55 3
15 15 22 182
15 49 9 104
15 17 3 15
15 52 35 143
15 26 7 23
15 61 15 148
15 62 52 132
15 63 37 145
16 66 19 97
16 9 23 24
16 74 58 110
16 43 27 47
16 41 4 238
16 77 33 273
16 14 55 71
16 46 39 175
16 21 46 211
16 28 25 44
16 61 1 11
16 31 15 21
17 65 49 232
17 66 45 119
17 68 29 133
17 39 31 34
17 14 16 214
17 48 9 226
17 80 21 25
17 16 35 13
17 51 57 276
17 20 4 210
17 53 37 250
17 54 25 237
18 65 13 104
18 37 3 265
18 6 45 205
18 7 21 287
18 12 34 177
18 76 10 31
18 78 25 86
18 44 7 8
18 80 49 74
18 15 37 58
18 23 40 285
18 57 55 27
19 35 22 6
19 68 35 289
19 6 15 185
19 43 45 2
19 48 25 41
19 16 51 290
19 19 43 171
19 20 37 36
19 54 40 91
19 24 7 20
19 59 27 18
19 62 4 199
20 64 49 4
20 5 25 73
20 6 41 33
20 39 33 189
20 40 15 163
20 18 19 190
20 51 37 37
20 52 3 134
20 55 1 1
20 58 45 26
20 27 31 293
20 60 13 137
21 3 7 162
21 68 5 51
21 6 55 33
21 9 33 212
21 41 19 211
21 11 57 69
21 44 1 107
21 78 43 299
21 80 49 245
21 57 37 125
21 58 13 97
21 63 25 169
22 66 57 263
22 36 1 4
22 10 13 107
22 75 23 5
22 44 11 8
22 77 39 255
22 79 49 275
22 48 35 58
22 15 7 182
22 21 4 236
22 55 47 1
22 28 17 44
23 32 10 118
23 2 4 141
23 10 45 53
23 75 43 5
23 80 25 67
23 48 31 195
23 24 49 20
23 25 51 87
23 56 15 16
23 27 41 79
23 29 7 7
23 62 37 253
24 67 37 66
24 37 5 47
24 9 11 255
24 41 16 238
24 11 19 237
24 43 25 2
24 45 29 34
24 42 27 232
24 52 31 171
24 27 35 22
24 29 43 7
24 30 1 19
25 66 31 256
25 4 19 210
25 39 25 209
25 40 51 67
25 71 13 159
25 72 1 233
25 75 57 43
25 43 23 173
25 77 3 159
25 79 46 78
25 63 9 154
25 31 39 62
26 65 55 191
26 5 35 73
26 8 21 200
26 41 37 238
26 10 27 146
26 11 3 168
26 40 7 192
26 78 49 86
26 15 43 120
26 23 13 80
26 27 19 9
26 30 59 67
27 35 31 296
27 71 58 160
27 8 45 289
27 73 39 195
27 40 21 26
27 9 35 24
27 13 49 99
27 47 27 230
27 80 1 288
27 17 13 15
27 23 10 60
27 58 15 129
28 35 19 45
28 4 45 56
28 37 7 47
28 38 28 6
28 6 39 136
28 79 16 275
28 50 41 38
28 19 1 206
28 56 57 205
28 57 33 27
28 27 5 280
28 31 9 18
29 64 25 271
29 67 22 66
29 68 37 89
29 6 13 33
29 42 49 264
29 12 19 32
29 48 7 41
29 17 1 15
29 18 31 228
29 55 11 1
29 23 40 118
29 29 4 7
30 64 9 220
30 32 4 69
30 35 55 6
30 39 15 257
30 8 49 279
30 40 21 163
30 42 1 264
30 43 53 282
30 75 45 43
30 78 31 299
30 15 40 281
30 56 27 121
31 32 25 106
31 33 43 30
31 67 49 113
31 36 53 280
31 5 1 73
31 71 19 178
31 77 55 37
31 80 31 261
31 17 5 15
31 51 13 140
31 55 29 1
31 26 35 23
32 2 31 32
32 34 1 80
32 37 53 47
32 7 55 87
32 11 49 168
32 12 25 89
32 80 13 160
32 20 37 61
32 23 10 194
32 58 43 103
32 61 19 11
32 31 21 2
33 2 34 41
33 35 25 215
33 40 45 192
33 9 51 255
33 75 49 219
33 44 21 236
33 43 15 279
33 79 31 113
33 56 9 205
33 57 57 101
33 27 7 9
33 62 4 253
34 2 25 201
34 67 58 66
34 34 37 107
34 3 7 225
34 71 28 99
34 74 40 69
34 45 17 293
34 14 19 130
34 47 45 183
34 78 51 239
34 23 10 231
34 60 5 298
35 4 31 132
35 37 53 265
35 38 19 162
35 74 37 142
35 11 25 136
35 76 7 31
35 46 1 278
35 48 55 41
35 18 10 228
35 19 29 261
35 52 57 279
35 55 17 1
36 2 55 57
36 5 45 114
36 73 21 195
36 10 3 53
36 13 25 300
36 79 49 78
36 49 7 80
36 20 31 222
36 54 37 129
36 55 41 1
36 57 13 101
36 25 19 283
37 2 46 10
37 68 23 89
37 70 1 172
37 40 7 206
37 76 43 145
37 12 49 36
37 14 13 77
37 53 33 64
37 21 58 165
37 54 25 224
37 29 16 7
37 62 28 51
38 66 33 270
38 4 49 209
38 69 57 85
38 7 1 96
38 75 17 74
38 77 25 165
38 53 21 250
38 54 43 224
38 56 37 16
38 57 13 65
38 26 47 23
38 59 7 152
39 64 27 182
39 2 43 150
39 5 29 73
39 42 7 3
39 12 4 36
39 45 47 213
39 52 9 143
39 21 34 68
39 23 49 119
39 55 1 14
39 26 13 23
39 29 55 254
40 69 9 63
40 39 43 121
40 7 15 260
40 41 52 211
40 10 57 146
40 75 47 5
40 74 28 198
40 77 1 60
40 13 37 12
40 47 31 214
40 62 40 167
40 31 21 21
41 36 9 98
41 73 57 261
41 75 11 5
41 11 39 168
41 76 13 31
41 45 51 237
41 12 16 43
41 48 19 41
41 52 43 279
41 56 45 16
41 58 3 259
41 59 33 170
42 32 37 106
42 2 4 10
42 40 55 31
42 42 43 123
42 11 15 113
42 46 51 100
42 79 10 78
42 52 13 279
42 23 40 205
42 26 31 23
42 28 19 44
42 61 27 288
43 33 43 42
43 66 9 263
43 70 3 216
43 40 15 102
43 74 28 225
43 76 31 84
43 17 21 142
43 49 39 156
43 20 55 29
43 55 25 1
43 23 58 273
43 63 51 154
44 3 31 77
44 71 52 178
44 40 9 163
44 73 45 186
44 75 15 256
44 76 4 241
44 45 17 166
44 12 34 90
44 15 55 234
44 49 27 185
44 18 40 228
44 54 58 91
45 2 4 263
45 34 46 107
45 35 49 91
45 69 9 227
45 8 33 240
45 44 1 8
45 13 13 26
45 14 52 141
45 79 19 113
45 80 37 288
45 49 57 185
45 61 23 11
46 65 57 39
46 67 52 66
46 40 19 212
46 42 13 3
46 74 40 225
46 78 45 134
46 46 25 166
46 80 9 278
46 53 15 34
46 24 31 20
46 57 3 101
46 29 34 37
47 67 16 236
47 68 1 51
47 4 37 242
47 8 9 19
47 74 13 225
47 75 25 5
47 12 55 51
47 13 31 300
47 15 4 182
47 16 27 120
47 17 29 15
47 60 51 137
48 66 57 294
48 3 43 99
48 67 25 71
48 7 3 287
48 8 21 240
48 75 13 5
48 13 37 26
48 57 51 247
48 59 31 283
48 28 55 44
48 61 11 11
48 62 40 193
49 68 17 24
49 5 43 73
49 38 46 147
49 69 33 162
49 73 37 186
49 10 25 159
49 45 1 34
49 15 58 180
49 18 55 66
49 51 21 133
49 55 9 14
49 24 5 20
50 64 35 138
50 67 46 66
50 36 51 98
50 68 39 152
50 71 28 62
50 27 23 79
50 41 1 238
50 46 19 89
50 21 4 68
50 55 43 1
50 59 7 151
50 29 13 7
51 70 25 286
51 41 13 238
51 74 58 217
51 45 35 120
51 46 51 268
51 80 7 208
51 19 1 210
51 21 19 129
51 25 3 283
51 26 37 239
51 27 17 22
51 60 23 298
52 40 1 26
52 10 13 146
52 11 25 139
52 45 31 237
52 16 45 200
52 18 55 199
52 23 58 18
52 27 23 9
52 28 41 44
52 61 39 209
52 30 17 19
52 63 51 297
53 35 49 300
53 67 16 66
53 10 9 239
53 11 39 113
53 13 34 253
53 46 57 94
53 14 22 71
53 48 27 117
53 21 1 74
53 56 45 88
53 25 5 11
53 26 31 239
54 2 10 46
54 35 7 53
54 68 31 122
54 36 57 280
54 69 49 162
54 71 4 160
54 43 41 176
54 47 15 33
54 54 37 224
54 56 43 173
54 57 19 115
54 29 34 35
55 64 23 271
55 71 37 100
55 8 49 240
55 40 7 193
55 10 15 123
55 43 5 2
55 45 27 271
55 80 19 278
55 49 31 246
55 17 13 173
55 27 47 266
55 62 55 123
56 32 40 106
56 34 46 165
56 37 29 47
56 40 1 222
56 43 53 244
56 12 37 269
56 11 25 168
56 16 7 13
56 80 31 245
56 51 49 276
56 54 10 224
56 59 19 151
57 33 1 30
57 66 43 263
57 4 13 229
57 69 27 162
57 7 7 96
57 39 55 222
57 9 59 212
57 12 40 49
57 53 19 259
57 23 49 60
57 27 5 9
57 31 33 221
58 32 16 106
58 68 1 138
58 36 55 276
58 73 25 186
58 10 39 123
58 11 33 168
58 76 43 135
58 13 52 299
58 18 19 228
58 54 10 129
58 55 31 1
58 62 58 124
59 66 37 270
59 68 3 152
59 37 1 77
59 70 43 285
59 72 57 233
59 75 31 117
59 11 15 136
59 18 7 228
59 54 52 129
59 24 25 20
59 59 27 151
59 28 47 44
60 66 25 28
60 6 7 33
60 70 55 172
60 75 31 74
60 43 19 2
60 77 21 197
60 45 35 34
60 19 5 230
60 20 52 122
60 53 39 161
60 22 43 94
60 54 13 224
61 33 3 251
61 34 22 208
61 65 31 181
61 36 51 187
61 6 1 33
61 42 19 272
61 75 35 269
61 44 43 8
61 11 25 68
61 15 37 197
61 52 55 61
61 57 9 101
62 38 37 171
62 72 55 133
62 59 31 174
62 10 25 258
62 42 5 3
62 77 45 197
62 15 52 234
62 18 1 228
62 20 40 222
62 58 7 26
62 27 29 293
62 28 15 83
63 35 25 244
63 71 49 62
63 8 13 240
63 73 31 186
63 74 1 225
63 11 57 136
63 13 52 68
63 79 7 78
63 80 45 160
63 20 28 222
63 56 39 173
63 28 35 222
64 32 4 106
64 65 19 57
64 4 15 108
64 37 11 47
64 72 33 248
64 15 1 84
64 16 51 13
64 50 43 38
64 18 7 291
64 21 58 68
64 24 45 83
64 63 27 297
65 33 33 42
65 34 58 287
65 2 16 10
65 37 45 266
65 39 37 92
65 42 25 30
65 12 28 208
65 17 11 15
65 50 1 38
65 54 52 224
65 59 21 174
65 28 7 44
66 3 34 173
66 35 55 45
66 69 51 169
66 43 9 244
66 44 25 8
66 15 4 64
66 49 19 135
66 22 39 67
66 25 7 30
66 27 47 9
66 28 45 161
66 63 27 145
67 64 21 144
67 34 34 107
67 35 52 215
67 46 25 217
67 14 4 178
67 48 31 41
67 47 13 230
67 49 37 251
67 23 58 154
67 29 55 60
67 30 19 202
67 31 1 50
68 5 55 224
68 6 11 33
68 39 13 79
68 8 39 200
68 41 46 49
68 75 29 117
68 45 7 34
68 15 49 84
68 48 5 41
68 80 19 257
68 27 37 214
68 28 43 161
69 32 52 284
69 34 28 184
69 69 57 144
69 70 39 216
69 40 43 163
69 8 19 10
69 16 31 200
69 49 33 38
69 53 7 149
69 55 5 1
69 26 25 23
69 27 11 79
70 33 55 42
70 34 37 80
70 38 31 86
70 39 9 34
70 8 45 240
70 75 29 256
70 13 13 187
70 78 3 58
70 17 1 220
70 51 21 276
70 59 25 104
70 62 34 139
71 3 46 212
71 7 31 96
71 42 29 202
71 75 5 5
71 43 43 2
71 77 19 165
71 45 13 34
71 21 58 211
71 54 55 237
71 58 39 268
71 62 10 12
71 63 49 49
72 65 13 181
72 69 45 105
72 71 58 99
72 74 25 191
72 76 49 145
72 45 19 206
72 17 9 285
72 51 31 133
72 21 37 68
72 24 1 20
72 57 21 38
72 28 5 44
73 65 21 181
73 36 29 280
73 5 5 73
73 4 51 242
73 74 58 241
73 13 13 68
73 14 46 130
73 80 25 250
73 24 33 20
73 60 55 54
73 29 40 7
73 31 9 262
74 64 15 250
74 34 58 184
74 35 49 283
74 37 7 254
74 6 9 36
74 71 52 64
74 73 33 195
74 42 25 264
74 79 43 113
74 19 19 126
74 22 27 268
74 61 39 59
75 64 27 203
75 4 45 241
75 6 35 33
75 39 1 124
75 72 33 233
75 10 7 258
75 75 59 269
75 43 41 150
75 78 15 155
75 79 22 102
75 48 11 41
75 29 55 7
76 38 19 171
76 71 55 160
76 39 3 92
76 9 41 47
76 10 45 117
76 74 52 225
76 47 37 183
76 16 49 13
76 50 25 115
76 27 35 9
76 62 58 12
76 31 23 266
77 64 9 144
77 2 37 10
77 4 27 210
77 6 31 150
77 71 52 205
77 40 3 102
77 43 59 176
77 49 33 135
77 18 16 291
77 54 40 237
77 27 25 9
77 28 43 44
78 32 34 106
78 3 31 173
78 6 49 150
78 7 51 161
78 40 25 102
78 75 55 69
78 44 5 8
78 13 1 253
78 14 43 178
78 19 19 83
78 20 40 210
78 29 46 7
79 71 22 205
79 75 41 256
79 16 29 200
79 48 49 41
79 19 51 144
79 52 31 243
79 53 55 259
79 54 7 91
79 23 25 125
79 28 59 44
79 29 1 35
79 62 16 115
80 67 43 66
80 36 29 276
80 5 11 113
80 7 39 6
80 14 22 47
80 46 57 175
80 52 27 61
80 25 19 284
80 26 1 23
80 27 25 222
80 28 49 44
80 62 31 54
81 2 49 10
81 36 15 98
81 5 53 73
81 38 46 6
81 9 33 25
81 42 59 3
81 76 43 31
81 14 1 141
81 51 39 243
81 25 23 283
81 28 17 222
81 30 55 19
82 35 1 226
82 38 28 147
82 76 19 231
82 13 34 84
82 14 22 141
82 78 55 58
82 45 51 213
82 77 9 123
82 16 17 120
82 55 53 1
82 56 43 20
82 29 40 206
83 67 1 236
83 35 10 56
83 41 7 219
83 10 39 159
83 42 57 149
83 76 22 274
83 44 53 8
83 14 13 71
83 77 43 273
83 53 33 161
83 55 31 153
83 57 25 101
84 26 5 23
84 3 10 38
84 69 27 63
84 5 17 73
84 9 31 25
84 43 57 13
84 46 1 100
84 52 39 279
84 56 13 141
84 57 21 101
84 58 43 60
84 29 7 172
85 32 25 234
85 34 43 143
85 4 51 56
85 38 16 223
85 42 35 3
85 12 1 32
85 46 9 217
85 16 33 13
85 30 5 54
85 56 55 141
85 27 49 9
85 62 46 51
86 2 31 10
86 4 7 132
86 6 21 79
86 70 51 55
86 40 25 26
86 43 1 82
86 11 37 122
86 78 57 137
86 49 13 156
86 18 43 291
86 54 34 224
86 27 5 156
87 35 28 124
87 69 7 201
87 27 11 243
87 9 53 24
87 76 16 31
87 46 57 166
87 16 21 173
87 50 51 229
87 25 31 169
87 58 39 54
87 59 45 151
87 30 23 19
88 64 15 45
88 3 4 257
88 5 17 266
88 37 37 47
88 76 31 45
88 61 59 300
88 20 34 146
88 21 55 236
88 56 39 141
88 28 47 156
88 29 1 104
88 30 7 19
89 32 16 81
89 3 22 36
89 72 39 160
89 41 7 70
89 78 25 155
89 46 1 46
89 50 47 38
89 29 43 287
89 52 11 143
89 25 59 283
89 61 53 11
89 31 49 2
90 32 43 118
90 64 15 220
90 34 52 80
90 66 25 45
90 38 46 86
90 40 57 119
90 8 33 200
90 13 1 12
90 78 21 152
90 60 49 19
90 30 13 19
90 63 9 169
91 66 49 250
91 34 1 184
91 71 55 34
91 39 25 135
91 8 37 22
91 7 21 49
91 75 11 295
91 76 4 120
91 79 43 78
91 52 31 226
91 23 7 194
91 25 47 11
92 35 1 6
92 36 29 56
92 69 37 85
92 70 19 160
92 7 45 271
92 72 49 263
92 43 51 246
92 12 25 32
92 46 13 94
92 80 7 261
92 56 55 173
92 27 33 9
93 33 43 251
93 66 55 250
93 67 37 236
93 34 10 107
93 37 15 47
93 7 27 287
93 8 21 289
93 41 40 238
93 15 1 263
93 18 52 291
93 24 25 83
93 59 31 152
94 66 31 145
94 67 7 71
94 69 39 105
94 5 49 73
94 8 13 25
94 10 27 123
94 44 19 229
94 77 21 123
94 12 52 89
94 47 3 131
94 49 43 258
94 22 57 252
95 32 31 284
95 68 27 152
95 5 57 271
95 70 13 55
95 7 49 287
95 10 9 159
95 48 39 86
95 52 47 4
95 20 1 36
95 23 22 247
95 24 59 20
95 60 53 19
96 65 15 191
96 66 19 294
96 36 7 98
96 68 33 289
96 70 45 234
96 75 23 117
96 76 40 120
96 45 5 83
96 19 11 218
96 28 35 44
96 29 28 35
96 31 3 262
97 66 31 263
97 69 25 85
97 38 13 182
97 39 3 245
97 73 19 261
97 42 41 3
97 75 49 5
97 10 43 146
97 77 37 266
97 24 55 20
97 59 51 23
97 61 11 300
98 4 49 39
98 68 9 28
98 10 15 239
98 12 19 177
98 76 28 59
98 46 57 54
98 14 46 90
98 49 31 267
98 50 37 141
98 18 1 291
98 21 43 96
98 60 39 19
99 32 13 281
99 35 4 277
99 68 33 269
99 6 43 33
99 46 39 46
99 49 45 267
99 50 11 156
99 19 57 126
99 54 22 129
99 56 7 173
99 25 25 114
99 60 49 58
100 32 4 234
100 64 21 271
100 36 37 248
100 69 7 85
100 38 13 171
100 39 43 169
100 41 25 238
100 9 51 25
100 43 41 2
100 53 55 64
100 25 29 283
100 58 33 103
101 35 10 273
101 5 51 158
101 8 15 88
101 42 31 3
101 77 45 75
101 46 57 266
101 15 37 281
101 16 25 13
101 47 1 39
101 13 40 84
101 59 27 174
101 63 19 297
102 65 57 104
102 34 52 184
102 35 25 124
102 68 9 289
102 4 15 242
102 70 43 216
102 12 28 49
102 13 34 45
102 14 31 71
102 55 13 177
102 57 37 27
102 62 4 217
103 33 33 30
103 67 40 66
103 3 52 257
103 37 59 47
103 75 9 5
103 44 55 8
103 16 31 13
103 19 45 262
103 53 3 4
103 54 37 193
103 25 29 11
103 57 15 27
104 35 1 91
104 3 46 99
104 7 57 148
104 41 4 237
104 15 40 180
104 52 37 82
104 53 9 232
104 54 25 262
104 22 19 268
104 55 15 290
104 58 31 97
104 28 13 44
105 2 10 270
105 70 13 184
105 71 22 99
105 41 7 112
105 47 43 230
105 80 49 288
105 16 1 200
105 20 25 105
105 22 55 82
105 54 37 262
105 60 59 19
105 30 5 19
106 64 59 138
106 2 10 62
106 67 31 66
106 5 39 97
106 38 7 223
106 71 1 178
106 45 47 34
106 49 49 185
106 21 4 74
106 53 19 207
106 56 27 16
106 58 15 103
107 34 31 143
107 70 9 216
107 39 51 189
107 40 3 67
107 75 17 5
107 12 34 104
107 77 27 197
107 53 57 197
107 56 45 177
107 58 39 252
107 59 19 18
107 60 15 56
108 34 34 80
108 67 10 66
108 39 43 92
108 71 25 64
108 72 59 78
108 11 19 168
108 13 7 280
108 45 51 271
108 16 23 13
108 59 37 104
108 60 15 124
108 62 28 253
109 64 53 4
109 34 49 184
109 72 59 79
109 73 21 186
109 9 19 24
109 13 1 227
109 17 27 141
109 29 37 7
109 53 13 197
109 55 55 1
109 56 33 88
109 61 31 209
110 65 3 295
110 35 22 91
110 71 19 205
110 72 29 9
110 11 7 185
110 76 52 84
110 50 27 41
110 51 57 140
110 21 49 68
110 54 43 129
110 27 55 9
110 62 40 51
111 68 43 269
111 7 7 161
111 9 13 117
111 42 21 202
111 75 59 43
111 15 1 180
111 79 4 78
111 16 53 13
111 23 16 231
111 62 46 253
111 25 33 166
111 30 25 157
112 41 49 238
112 43 59 2
112 47 27 46
112 29 43 159
112 23 1 18
112 24 57 83
112 26 47 230
112 59 33 151
112 60 21 19
112 61 37 71
112 62 52 199
112 31 15 2
113 35 43 6
113 6 19 164
113 39 15 11
113 8 21 269
113 72 9 79
113 38 40 236
113 79 25 257
113 48 47 41
113 50 37 38
113 57 3 65
113 27 29 243
113 29 49 35
114 32 46 106
114 66 37 44
114 34 7 25
114 69 19 85
114 38 1 13
114 71 16 177
114 74 55 212
114 15 58 84
114 16 29 13
114 20 4 272
114 60 31 137
114 63 25 58
115 33 49 42
115 4 25 229
115 9 39 47
115 75 53 5
115 12 16 189
115 76 22 124
115 77 7 174
115 79 46 257
115 24 41 20
115 56 33 205
115 59 3 207
115 31 31 180
116 35 37 273
116 40 57 192
116 9 7 24
116 73 15 195
116 47 33 131
116 50 45 207
116 51 25 276
116 52 21 226
116 53 51 197
116 22 3 268
116 28 1 44
116 62 10 115
117 35 4 91
117 37 39 254
117 38 1 182
117 39 25 11
117 72 51 248
117 40 55 177
117 5 41 73
117 11 13 282
117 24 35 83
117 25 33 114
117 56 45 141
117 28 9 139
118 36 59 187
118 71 19 159
118 39 7 209
118 9 13 169
118 44 31 146
118 77 25 266
118 48 23 41
118 54 55 129
118 25 15 100
118 58 1 223
118 60 41 58
118 29 49 254
119 38 28 236
119 71 52 99
119 72 9 183
119 77 15 37
119 79 19 78
119 49 33 258
119 18 43 199
119 21 49 37
119 23 25 176
119 24 47 83
119 60 31 19
119 63 1 297
120 33 51 30
120 67 37 208
120 36 13 98
120 43 45 157
120 80 7 67
120 50 29 38
120 51 33 276
120 18 55 291
120 53 3 173
120 25 21 81
120 58 15 54
120 60 59 139
121 36 55 4
121 42 21 92
121 75 49 69
121 44 23 8
121 46 33 268
121 47 15 217
121 20 40 272
121 55 37 1
121 58 57 26
121 59 1 151
121 62 52 12
121 63 9 279
122 64 51 203
122 68 9 24
122 69 45 144
122 6 39 109
122 39 31 92
122 40 27 298
122 72 59 9
122 74 13 212
122 38 16 213
122 46 19 175
122 78 1 137
122 17 25 15
123 33 57 251
123 3 4 61
123 38 40 223
123 41 31 238
123 45 49 34
123 13 43 68
123 49 15 267
123 29 7 35
123 23 10 247
123 24 27 20
123 61 51 59
123 30 21 63
124 32 19 281
124 2 40 10
124 4 31 241
124 5 35 124
124 39 9 124
124 42 23 3
124 76 16 145
124 47 57 183
124 55 27 207
124 56 1 88
124 28 49 110
124 63 51 58
125 33 15 251
125 34 37 287
125 66 51 45
125 36 45 280
125 6 27 110
125 8 9 200
125 73 1 186
125 74 22 140
125 17 41 15
125 50 13 38
125 61 57 182
125 62 34 53
126 34 34 184
126 3 52 61
126 36 23 252
126 38 49 6
126 10 19 258
126 42 29 3
126 75 9 269
126 11 55 275
126 48 41 41
126 22 1 260
126 28 27 170
126 29 16 206
127 32 10 106
127 35 4 273
127 7 39 96
127 72 37 9
127 40 51 193
127 71 25 99
127 76 28 31
127 79 7 113
127 21 1 68
127 55 59 1
127 25 45 81
127 63 31 297
128 33 49 251
128 72 43 9
128 73 13 186
128 40 33 193
128 74 40 110
128 76 25 31
128 16 37 120
128 50 53 38
128 24 47 20
128 57 19 203
128 58 7 259
128 31 29 245
129 32 52 69
129 35 49 226
129 39 3 34
129 40 33 4
129 73 39 261
129 72 9 160
129 78 15 121
129 17 31 15
129 51 45 37
129 22 21 292
129 27 57 156
129 29 28 7
130 34 55 292
130 4 33 277
130 70 25 55
130 75 45 5
130 78 3 155
130 79 58 113
130 48 15 86
130 49 37 77
130 20 22 61
130 54 19 224
130 56 9 141
130 59 49 152
131 64 27 220
131 3 13 61
131 40 7 237
131 72 29 105
131 10 39 117
131 12 46 32
131 76 22 31
131 17 17 15
131 50 19 38
131 52 55 258
131 55 49 1
131 63 31 154
132 32 34 281
132 33 13 30
132 66 45 28
132 4 37 229
132 5 7 73
132 6 53 33
132 72 9 248
132 43 31 2
132 46 1 54
132 54 22 262
132 28 51 265
132 31 27 140
133 32 28 270
133 33 57 30
133 5 37 73
133 7 39 148
133 73 13 51
133 42 21 239
133 45 51 51
133 18 34 228
133 19 23 75
133 53 9 207
133 55 3 290
133 62 46 217
134 34 55 293
134 35 19 273
134 4 45 232
134 36 41 132
134 11 9 168
134 43 35 246
134 19 1 280
134 53 3 205
134 23 52 176
134 26 59 23
134 29 25 35
134 63 15 117
135 2 52 131
135 4 25 219
135 8 1 269
135 73 21 51
135 76 58 194
135 80 45 245
135 20 37 272
135 53 13 232
135 21 49 129
135 24 35 20
135 58 31 223
135 59 9 299
136 26 9 30
136 70 31 160
136 8 49 282
136 9 13 24
136 43 35 121
136 76 1 135
136 47 25 131
136 15 43 51
136 18 55 228
136 52 29 134
136 24 39 83
136 58 19 223
137 32 40 11
137 4 25 132
137 6 19 33
137 8 3 282
137 14 46 71
137 79 43 102
137 80 57 245
137 46 7 54
137 51 13 133
137 52 11 4
137 60 31 196
137 61 55 288
138 69 39 169
138 6 15 277
138 39 43 79
138 7 7 87
138 9 33 117
138 43 29 2
138 12 25 51
138 47 55 230
138 49 1 267
138 19 53 210
138 28 21 265
138 30 51 195
139 69 13 227
139 5 19 73
139 73 51 186
139 74 28 160
139 15 10 84
139 17 55 15
139 21 7 211
139 22 3 252
139 55 25 177
139 57 39 101
139 60 45 137
139 30 21 44
140 3 19 36
140 37 47 47
140 8 27 235
140 41 31 70
140 73 43 195
140 48 3 93
140 20 52 29
140 23 55 18
140 26 35 122
140 59 15 174
140 29 58 35
140 63 7 49
141 32 37 118
141 35 28 273
141 11 3 185
141 76 40 31
141 77 33 60
141 79 55 113
141 48 15 294
141 47 21 183
141 52 25 273
141 22 43 67
141 24 51 20
141 57 9 55
142 69 1 299
142 40 49 212
142 9 9 212
142 10 33 159
142 72 19 79
142 80 57 278
142 19 5 202
142 22 13 274
142 23 40 247
142 24 21 83
142 59 43 170
142 31 53 83
143 65 49 285
143 4 39 239
143 37 19 47
143 39 31 234
143 45 5 296
143 14 7 178
143 49 55 77
143 51 21 243
143 20 46 17
143 21 1 129
143 25 15 283
143 28 27 265
144 67 13 211
144 36 29 248
144 69 55 201
144 70 9 184
144 8 39 264
144 72 33 79
144 42 59 92
144 10 3 123
144 78 43 300
144 18 52 166
144 53 19 4
144 59 25 12
145 67 19 121
145 8 33 19
145 75 47 74
145 77 1 197
145 46 7 74
145 47 39 214
145 18 52 228
145 21 25 53
145 23 16 154
145 24 37 20
145 26 43 23
145 31 55 2
146 33 33 251
146 69 1 169
146 38 43 162
146 7 27 161
146 71 49 205
146 77 19 116
146 46 13 95
146 48 9 294
146 55 41 177
146 56 57 16
146 26 37 23
146 61 55 11
147 32 55 86
147 3 25 240
147 38 19 6
147 9 9 117
147 74 46 225
147 43 7 2
147 47 51 217
147 48 1 76
147 17 49 15
147 49 33 140
147 21 22 74
147 31 13 2
148 64 39 45
148 9 11 24
148 10 55 239
148 73 51 261
148 11 21 68
148 78 27 239
148 49 43 246
148 51 1 276
148 20 31 272
148 53 7 64
148 28 15 161
148 61 37 11
149 65 27 181
149 66 55 270
149 36 9 81
149 73 15 130
149 12 43 19
149 44 37 8
149 80 3 125
149 49 19 267
149 50 31 38
149 51 39 133
149 24 11 20
149 57 33 65
150 67 19 252
150 6 51 277
150 40 25 206
150 10 9 146
150 77 1 165
150 15 58 281
150 80 37 257
150 19 7 102
150 54 31 129
150 23 13 60
150 60 47 19
150 31 29 221
151 35 55 186
151 68 59 28
151 69 33 243
151 43 1 2
151 45 43 34
151 14 4 90
151 79 37 102
151 52 9 171
151 55 27 290
151 57 51 65
151 28 15 265
151 62 19 124
152 2 52 10
152 67 10 252
152 3 19 99
152 4 27 242
152 7 31 6
152 9 55 25
152 42 43 3
152 16 47 13
152 50 25 38
152 22 37 274
152 54 49 224
152 61 59 71
153 34 58 80
153 3 31 99
153 59 39 213
153 74 34 142
153 13 46 68
153 79 16 78
153 18 4 291
153 53 25 4
153 22 49 21
153 26 9 122
153 27 53 9
153 60 29 139
154 2 1 10
154 35 25 6
154 34 19 208
154 46 55 95
154 47 43 46
154 80 31 257
154 18 4 228
154 19 51 171
154 30 15 234
154 55 39 207
154 58 7 103
154 62 22 162
155 37 55 47
155 6 9 277
155 71 37 34
155 69 49 201
155 9 5 25
155 43 41 279
155 49 31 185
155 51 1 140
155 22 13 248
155 54 58 262
155 24 17 83
155 61 7 133
156 68 51 28
156 5 47 73
156 69 1 85
156 11 9 68
156 12 37 189
156 45 53 34
156 14 16 178
156 50 5 38
156 22 21 82
156 56 55 121
156 59 43 18
156 61 33 59
157 64 55 220
157 65 3 24
157 35 49 258
157 73 7 186
157 16 27 189
157 17 47 15
157 19 59 230
157 21 22 53
157 24 13 20
157 25 35 11
157 60 33 56
157 31 45 221
158 69 37 63
158 70 13 172
158 7 27 96
158 10 45 189
158 45 21 166
158 47 9 230
158 15 49 180
158 19 33 81
158 53 57 161
158 61 25 133
158 62 52 253
158 31 35 95
159 32 43 86
159 34 40 80
159 36 23 98
159 4 7 39
159 6 27 277
159 70 51 172
159 40 3 177
159 8 57 24
159 11 19 185
159 53 13 259
159 24 55 83
159 27 33 280
160 4 57 108
160 70 3 77
160 38 40 182
160 11 19 275
160 44 47 8
160 46 49 278
160 47 43 131
160 14 10 77
160 19 17 261
160 20 13 272
160 23 25 285
160 60 29 19
161 3 10 61
161 67 16 71
161 38 25 147
161 39 19 245
161 74 52 259
161 76 55 231
161 13 49 12
161 15 13 84
161 48 3 294
161 19 39 57
161 61 59 288
161 63 45 297
162 67 49 121
162 68 29 289
162 73 9 195
162 10 25 107
162 75 21 295
162 13 31 227
162 47 57 46
162 80 3 195
162 79 52 78
162 49 13 39
162 20 34 17
162 57 45 65
163 36 57 98
163 5 55 73
163 4 19 241
163 9 25 24
163 11 37 282
163 77 51 174
163 46 1 89
163 47 13 46
163 45 59 34
163 18 28 291
163 20 43 17
163 26 41 23
164 67 19 71
164 3 37 33
164 5 57 296
164 70 31 215
164 39 49 11
164 45 53 120
164 17 43 15
164 18 16 132
164 51 45 243
164 53 1 149
164 27 59 141
164 28 9 265
165 7 33 260
165 73 1 261
165 11 7 282
165 79 13 275
165 80 27 205
165 19 51 262
165 52 21 134
165 53 55 255
165 23 16 87
165 60 25 19
165 29 37 151
165 62 43 253
166 33 21 251
166 69 15 105
166 70 7 6
166 7 45 174
166 72 31 9
166 43 35 2
166 13 28 187
166 77 51 116
166 19 33 202
166 56 1 121
166 25 39 284
166 58 55 295
167 3 19 61
167 67 46 252
167 39 1 79
167 72 51 183
167 7 7 287
167 42 37 3
167 11 13 157
167 75 27 269
167 14 34 71
167 48 39 294
167 51 57 133
167 21 22 285
168 64 19 144
168 65 43 191
168 70 31 55
168 11 51 157
168 44 3 107
168 45 5 285
168 15 7 234
168 47 13 131
168 23 25 118
168 25 21 100
168 58 57 103
168 27 49 79
169 66 15 263
169 37 35 47
169 71 28 30
169 72 37 78
169 41 55 238
169 43 21 29
169 13 25 253
169 46 49 94
169 49 43 77
169 54 58 129
169 24 19 20
169 31 9 95
170 32 28 281
170 64 39 138
170 69 43 63
170 7 19 87
170 12 31 104
170 76 49 124
170 14 1 90
170 18 58 291
170 21 13 236
170 54 4 129
170 62 55 12
170 31 7 276
171 64 29 138
171 32 1 106
171 36 13 56
171 7 39 260
171 40 31 119
171 9 45 24
171 74 58 198
171 11 19 161
171 17 53 15
171 53 15 207
171 25 27 284
171 29 4 31
172 64 13 4
172 36 15 273
172 70 25 294
172 8 1 289
172 10 37 258
172 43 19 82
172 13 31 68
172 78 45 155
172 15 49 281
172 21 55 165
172 27 21 9
172 62 58 162
173 6 21 277
173 7 3 161
173 72 35 293
173 73 7 130
173 41 58 50
173 40 37 298
173 75 33 295
173 77 13 75
173 14 28 14
173 51 49 243
173 54 46 129
173 26 55 23
174 33 27 42
174 34 16 165
174 71 46 62
174 9 57 25
174 43 21 176
174 13 4 12
174 78 33 155
174 15 10 120
174 16 13 13
174 24 39 20
174 27 49 22
174 60 51 298
175 32 31 118
175 37 43 47
175 73 25 195
175 12 49 63
175 45 3 296
175 79 34 78
175 47 7 131
175 16 45 290
175 50 21 242
175 57 13 125
175 58 55 97
175 30 39 202
176 34 13 208
176 4 43 239
176 71 58 100
176 72 51 79
176 74 34 225
176 10 1 189
176 23 55 247
176 62 37 115
176 60 9 137
176 29 31 7
176 30 21 157
176 63 25 279
177 64 39 271
177 34 25 208
177 70 13 261
177 71 1 62
177 42 19 3
177 43 21 150
177 11 43 282
177 74 52 191
177 78 33 137
177 20 49 122
177 62 10 253
177 63 57 297
178 67 49 252
178 42 25 82
178 74 10 191
178 78 3 86
178 80 33 278
178 23 52 18
178 53 27 149
178 22 21 260
178 54 46 224
178 58 57 268
178 60 41 139
178 61 39 300
179 34 46 208
179 3 43 257
179 4 3 108
179 70 57 216
179 42 23 264
179 78 27 137
179 47 33 183
179 55 9 290
179 56 39 88
179 57 51 27
179 28 15 170
179 30 21 234
180 34 43 80
180 67 55 211
180 3 49 33
180 76 19 31
180 15 46 84
180 50 9 242
180 20 58 122
180 21 52 236
180 22 1 240
180 23 28 176
180 29 22 110
180 30 39 234
181 26 25 267
181 37 31 47
181 39 15 53
181 9 3 255
181 10 9 189
181 44 19 8
181 45 21 296
181 14 55 178
181 79 34 113
181 18 37 291
181 52 41 4
181 58 27 97
182 33 13 42
182 4 37 39
182 5 51 296
182 6 41 36
182 13 4 187
182 46 27 94
182 79 1 113
182 47 31 46
182 77 9 116
182 48 49 76
182 22 43 274
182 59 57 207
183 67 46 113
183 70 3 215
183 8 55 289
183 40 49 222
183 43 53 121
183 13 19 84
183 78 39 155
183 48 11 294
183 80 25 88
183 52 33 171
183 24 59 83
183 31 15 285
184 2 19 131
184 66 49 270
184 69 1 114
184 5 39 296
184 71 7 99
184 14 22 232
184 54 10 23
184 25 27 100
184 58 45 268
184 59 55 283
184 29 16 159
184 63 31 279
185 4 7 241
185 5 59 190
185 69 33 144
185 71 28 154
185 37 25 47
185 73 43 261
185 10 37 146
185 75 57 219
185 80 15 278
185 51 49 140
185 24 3 83
185 59 19 90
186 3 43 25
186 4 27 108
186 69 13 63
186 26 9 267
186 39 19 34
186 10 49 159
186 74 31 142
186 18 34 231
186 55 11 14
186 56 3 16
186 58 37 60
186 60 57 298
187 67 28 252
187 7 1 29
187 73 39 130
187 10 19 107
187 78 45 152
187 16 7 200
187 17 37 15
187 19 23 126
187 23 55 118
187 57 31 101
187 27 5 79
187 25 9 284
188 7 13 96
188 42 29 212
188 75 51 295
188 46 45 278
188 47 33 230
188 78 19 58
188 17 7 141
188 20 58 33
188 53 1 232
188 54 40 224
188 24 27 83
188 62 37 199
189 3 52 77
189 68 15 269
189 10 19 117
189 43 59 82
189 44 31 8
189 77 27 60
189 47 37 230
189 18 46 291
189 21 7 129
189 54 55 262
189 22 3 82
189 56 33 16
190 34 1 293
190 36 29 98
190 9 53 117
190 42 25 239
190 12 37 49
190 13 22 253
190 50 33 242
190 51 9 37
190 18 43 228
190 25 15 284
190 62 58 132
190 63 49 117
191 33 37 30
191 2 46 270
191 38 43 236
191 7 9 213
191 39 49 266
191 9 33 255
191 76 4 145
191 44 57 300
191 78 19 137
191 15 1 162
191 49 27 156
191 56 13 205
192 64 31 4
192 33 21 42
192 8 1 235
192 45 57 285
192 14 7 90
192 46 51 95
192 51 39 276
192 58 27 223
192 27 15 222
192 60 33 298
192 62 10 51
192 63 43 154
193 64 9 275
193 3 58 61
193 70 19 196
193 39 37 245
193 9 11 25
193 42 29 258
193 41 34 102
193 78 43 58
193 47 3 33
193 18 31 291
193 21 13 165
193 58 49 103
194 36 51 280
194 69 37 227
194 40 13 192
194 41 1 81
194 74 19 225
194 73 25 261
194 14 10 178
194 47 33 39
194 15 22 84
194 23 58 152
194 24 41 83
194 28 45 265
195 64 59 45
195 33 7 42
195 36 3 280
195 6 55 36
195 39 43 209
195 72 27 293
195 40 19 201
195 10 51 146
195 16 15 13
195 26 57 267
195 27 39 293
195 30 11 193
196 3 7 257
196 8 13 8
196 42 39 289
196 43 49 8
196 11 19 13
196 77 33 116
196 45 45 296
196 48 51 294
196 17 27 299
196 21 10 236
196 28 57 265
196 61 3 300
197 65 27 57
197 37 55 176
197 6 59 36
197 7 31 271
197 40 1 201
197 13 52 300
197 78 39 137
197 46 21 46
197 16 9 13
197 52 57 258
197 22 15 268
197 24 43 83
198 64 39 275
198 2 13 41
198 5 9 296
198 10 49 123
198 11 25 69
198 12 55 189
198 45 45 34
198 43 59 210
198 16 43 194
198 50 3 242
198 23 31 285
198 29 19 110
199 32 49 106
199 33 25 251
199 68 59 237
199 37 3 266
199 42 15 109
199 12 52 36
199 78 31 58
199 46 9 3
199 50 45 242
199 59 55 90
199 60 21 298
199 30 17 157
200 33 3 42
200 34 40 107
200 68 59 89
200 8 55 200
200 10 15 258
200 75 27 295
200 44 9 8
200 78 51 155
200 55 33 290
200 56 19 16
200 58 43 223
200 29 37 31
Trạng thái: OPTIMUM
Điểm tối ưu: 2400
Thời gian: 42.4502 giây
