3600
1 33 58 155
1 2 22 212
1 34 1 150
1 12 41 441
1 45 35 46
1 14 43 444
1 44 19 385
1 111 31 435
1 116 37 87
1 84 9 162
1 56 15 306
1 29 13 367
2 96 19 229
2 99 16 257
2 36 51 30
2 71 34 267
2 104 39 378
2 9 55 422
2 44 31 269
2 109 11 1
2 114 27 40
2 117 45 161
2 91 7 20
2 30 9 223
3 98 51 111
3 100 58 398
3 40 43 172
3 44 25 253
3 13 19 367
3 12 55 21
3 112 28 62
3 80 13 333
3 56 7 306
3 24 33 295
3 58 37 305
3 93 1 162
4 66 21 51
4 6 39 433
4 7 1 329
4 12 15 446
4 15 45 407
4 79 35 272
4 17 7 54
4 117 57 119
4 88 25 317
4 89 33 175
4 59 52 164
4 28 13 124
5 98 39 123
5 6 45 358
5 8 7 386
5 9 13 190
5 77 19 106
5 110 33 29
5 48 57 151
5 112 16 403
5 19 1 317
5 53 49 387
5 88 25 409
5 28 43 124
6 36 41 183
6 71 31 77
6 108 25 227
6 109 43 1
6 15 15 215
6 114 9 40
6 84 37 414
6 116 1 393
6 27 34 206
6 92 23 174
6 29 51 136
6 94 57 220
7 97 3 12
7 4 43 6
7 73 27 182
7 106 51 11
7 42 57 351
7 76 1 146
7 43 45 409
7 10 19 205
7 45 39 312
7 51 7 439
7 88 10 385
7 31 17 281
8 65 58 276
8 66 45 51
8 4 31 6
8 6 9 80
8 103 13 74
8 11 51 241
8 46 39 174
8 111 19 188
8 53 33 195
8 21 27 348
8 24 3 265
8 29 1 367
9 98 9 291
9 99 16 364
9 36 1 410
9 102 43 399
9 103 13 248
9 75 58 9
9 47 33 53
9 49 3 390
9 50 46 379
9 119 51 258
9 56 25 306
9 63 39 203
10 34 39 161
10 68 3 78
10 70 25 110
10 42 1 132
10 44 43 319
10 46 51 33
10 78 7 258
10 47 33 183
10 111 57 375
10 82 15 17
10 50 28 162
10 93 19 433
11 64 13 300
11 33 7 181
11 34 49 7
11 35 55 309
11 69 23 45
11 38 27 128
11 7 52 73
11 41 4 447
11 13 33 236
11 15 21 185
11 79 45 272
11 26 39 367
12 96 31 229
12 2 19 397
12 4 3 351
12 68 51 340
12 38 1 77
12 7 10 331
12 45 5 430
12 111 25 375
12 48 15 151
12 120 34 303
12 26 39 156
12 92 45 16
13 100 1 293
13 101 46 201
13 7 25 329
13 107 19 422
13 44 58 161
13 13 33 226
13 79 55 184
13 113 49 98
13 81 17 4
13 17 13 263
13 84 7 403
13 21 37 353
14 68 37 335
14 69 33 92
14 8 15 116
14 42 1 86
14 75 4 9
14 17 55 282
14 51 49 342
14 119 21 10
14 21 25 360
14 20 43 107
14 55 47 388
14 63 9 380
15 98 19 199
15 2 49 141
15 68 1 216
15 4 9 421
15 38 17 1
15 7 25 3
15 104 13 87
15 6 57 149
15 14 33 25
15 51 43 361
15 23 37 32
15 28 35 219
16 38 17 97
16 39 31 198
16 9 37 224
16 42 25 20
16 75 19 26
16 45 51 312
16 47 15 375
16 84 45 289
16 118 3 249
16 56 55 170
16 26 27 355
16 93 7 168
17 32 3 92
17 2 58 449
17 39 39 79
17 7 46 170
17 105 33 385
17 81 51 184
17 49 25 53
17 50 55 186
17 116 1 421
17 22 22 74
17 92 17 292
17 31 19 290
18 103 49 161
18 7 58 3
18 78 16 449
18 79 29 6
18 82 9 213
18 50 40 379
18 52 31 407
18 53 45 387
18 119 27 10
18 55 1 307
18 92 37 7
18 94 21 50
19 96 1 120
19 33 22 162
19 65 37 227
19 37 57 15
19 75 34 277
19 11 51 303
19 13 27 345
19 14 9 25
19 49 43 306
19 86 13 438
19 22 4 443
19 92 59 7
20 5 10 432
20 104 49 51
20 73 41 172
20 42 33 91
20 45 7 390
20 48 19 4
20 17 15 54
20 116 45 77
20 21 57 203
20 27 22 248
20 30 27 373
20 31 53 77
21 104 51 79
21 72 27 82
21 42 1 84
21 14 3 25
21 18 22 232
21 83 19 46
21 87 45 94
21 30 39 284
21 89 15 175
21 26 57 222
21 92 9 198
21 25 33 50
22 32 5 422
22 102 25 364
22 72 39 287
22 11 31 28
22 76 37 90
22 110 11 369
22 80 55 111
22 18 7 270
22 83 49 46
22 116 21 294
22 21 45 196
22 88 13 409
23 5 40 102
23 37 9 15
23 7 31 170
23 39 49 432
23 101 34 67
23 110 3 29
23 111 21 95
23 81 45 119
23 114 15 40
23 56 27 439
23 89 57 333
23 57 17 9
24 35 39 444
24 58 1 445
24 101 31 449
24 70 43 195
24 6 9 379
24 72 57 242
24 105 51 62
24 10 46 103
24 12 19 446
24 19 15 57
24 118 27 279
24 26 21 208
25 66 55 265
25 98 39 130
25 3 31 324
25 67 22 424
25 107 25 396
25 77 52 145
25 78 19 232
25 111 13 208
25 113 1 60
25 114 59 40
25 115 46 240
25 120 10 418
26 34 27 357
26 68 31 182
26 40 51 36
26 104 57 235
26 106 9 393
26 105 37 260
26 44 4 406
26 28 1 232
26 21 45 156
26 55 15 411
26 24 19 18
26 60 49 308
27 98 57 130
27 3 17 410
27 67 7 42
27 101 34 201
27 70 31 265
27 2 52 166
27 110 39 29
27 16 19 382
27 56 25 340
27 92 11 430
27 61 13 192
27 95 43 326
28 96 58 337
28 67 40 184
28 58 27 90
28 38 45 128
28 102 13 399
28 71 16 267
28 103 34 374
28 50 4 379
28 87 7 31
28 24 21 240
28 90 49 412
28 60 53 13
29 96 34 229
29 3 47 19
29 70 7 254
29 7 19 293
29 104 13 302
29 59 28 333
29 42 51 130
29 15 37 365
29 113 58 268
29 21 1 319
29 91 41 20
29 61 43 346
30 2 46 417
30 35 27 207
30 6 3 358
30 43 33 83
30 76 1 75
30 82 11 253
30 116 7 72
30 52 39 85
30 21 13 67
30 87 57 143
30 29 17 241
30 31 21 30
31 67 43 42
31 36 29 22
31 5 1 195
31 6 55 80
31 102 49 344
31 74 16 131
31 107 31 355
31 43 39 296
31 44 13 239
31 11 9 362
31 113 22 397
31 84 25 26
32 2 4 297
32 98 21 123
32 6 13 271
32 105 55 150
32 42 35 91
32 83 46 323
32 52 25 407
32 23 31 178
32 26 7 157
32 91 51 173
32 28 11 219
32 93 37 286
33 6 45 271
33 7 19 73
33 9 55 195
33 107 37 226
33 75 31 109
33 16 9 44
33 116 15 80
33 117 51 211
33 86 34 157
33 55 29 185
33 29 1 119
33 95 3 52
34 33 49 53
34 100 40 5
34 4 1 241
34 38 27 164
34 101 43 344
34 48 23 170
34 80 33 55
34 83 46 382
34 119 57 233
34 54 29 45
34 55 37 237
34 60 15 92
35 65 55 96
35 2 4 400
35 100 37 406
35 69 43 45
35 37 33 15
35 12 53 262
35 13 21 427
35 44 1 231
35 109 47 1
35 16 27 44
35 61 7 344
35 30 35 59
36 32 39 60
36 3 31 305
36 102 10 131
36 70 13 343
36 105 27 337
36 77 43 97
36 113 7 193
36 84 51 393
36 117 33 270
36 54 41 333
36 86 55 447
36 26 19 369
37 32 1 261
37 2 19 166
37 67 58 159
37 100 13 364
37 45 9 197
37 48 11 209
37 113 52 268
37 87 25 433
37 120 16 395
37 57 5 357
37 27 43 206
37 92 47 31
38 5 40 361
38 8 25 398
38 43 3 282
38 14 51 25
38 112 37 352
38 50 55 67
38 22 43 137
38 23 58 64
38 89 53 386
38 91 9 209
38 30 21 66
38 63 15 331
39 64 15 236
39 2 43 141
39 3 23 373
39 7 46 400
39 72 57 347
39 106 25 70
39 11 39 327
39 75 1 176
39 79 37 133
39 111 49 375
39 118 9 102
39 91 33 63
40 96 22 229
40 66 55 439
40 106 9 11
40 11 39 38
40 44 52 253
40 16 27 241
40 81 43 4
40 18 4 267
40 21 45 335
40 55 1 269
40 56 31 340
40 28 15 153
41 64 27 13
41 107 21 354
41 45 1 371
41 46 5 127
41 16 43 380
41 17 7 175
41 83 37 135
41 118 15 102
41 94 57 381
41 91 53 190
41 92 51 31
41 30 55 328
42 32 21 60
42 99 49 304
42 4 1 177
42 71 52 311
42 73 39 3
42 106 27 11
42 12 15 16
42 14 45 25
42 82 29 17
42 29 7 408
42 57 57 57
42 93 31 259
43 36 7 9
43 5 31 432
43 69 21 160
43 8 9 90
43 41 40 431
43 111 25 112
43 16 57 44
43 113 4 375
43 87 49 47
43 89 1 386
43 61 43 73
43 94 13 135
44 96 13 229
44 3 37 124
44 38 31 439
44 47 27 116
44 112 34 62
44 49 55 390
44 82 29 212
44 111 39 342
44 26 21 324
44 27 1 210
44 92 53 334
44 29 9 147
45 67 19 281
45 39 25 174
45 72 45 61
45 106 3 11
45 76 1 420
45 84 7 222
45 53 57 11
45 22 34 74
45 23 22 47
45 87 39 143
45 89 49 48
45 26 51 116
46 33 49 147
46 2 52 212
46 99 55 446
46 4 39 100
46 37 27 15
46 39 3 215
46 72 21 353
46 77 58 145
46 116 45 236
46 58 33 382
46 92 15 150
46 61 9 236
47 3 1 49
47 103 13 277
47 104 27 311
47 41 49 188
47 106 53 180
47 42 55 343
47 78 40 127
47 18 19 316
47 83 16 324
47 19 43 408
47 53 7 195
47 30 11 35
48 100 7 293
48 71 22 267
48 7 37 400
48 42 25 343
48 107 43 22
48 76 53 430
48 77 31 180
48 14 15 25
48 11 27 362
48 112 40 398
48 58 57 305
48 30 1 236
49 7 28 170
49 40 49 65
49 76 43 2
49 13 19 432
49 110 57 61
49 77 40 375
49 16 15 382
49 93 9 389
49 117 3 270
49 24 45 33
49 57 53 9
49 61 33 344
50 2 4 141
50 99 1 304
50 70 7 265
50 38 15 88
50 108 49 213
50 79 35 413
50 115 37 240
50 86 28 308
50 54 47 45
50 24 31 18
50 60 45 110
50 94 21 28
51 96 4 229
51 65 25 276
51 32 33 60
51 36 13 9
51 102 1 27
51 6 43 325
51 70 55 167
51 72 39 341
51 42 35 105
51 11 49 28
51 84 19 383
51 29 59 426
52 96 34 431
52 34 25 223
52 8 51 144
52 40 37 442
52 46 1 95
52 15 41 299
52 112 10 405
52 51 58 257
52 117 45 324
52 25 15 50
52 92 7 198
52 29 5 426
53 3 55 436
53 39 45 64
53 103 25 98
53 12 41 84
53 77 49 145
53 78 16 285
53 76 1 2
53 52 57 85
53 54 11 45
53 23 7 216
53 57 29 9
53 59 31 10
54 35 7 309
54 42 45 391
54 43 33 260
54 44 13 418
54 107 1 234
54 79 27 393
54 80 49 263
54 113 40 268
54 53 57 218
54 88 16 154
54 91 43 383
54 95 21 419
55 96 49 178
55 36 1 424
55 70 16 167
55 73 9 348
55 107 57 355
55 75 19 109
55 115 31 365
55 61 25 440
55 24 43 229
55 88 52 320
55 28 39 182
55 29 29 19
56 96 1 283
56 64 57 448
56 100 7 263
56 41 10 163
56 12 45 182
56 109 31 263
56 47 5 403
56 80 25 22
56 18 34 186
56 87 19 184
56 26 49 373
56 94 15 28
57 33 43 162
57 99 58 35
57 68 33 354
57 105 27 150
57 43 49 282
57 115 19 375
57 52 9 98
57 20 37 107
57 86 46 365
57 23 40 140
57 91 5 223
57 28 25 13
58 97 11 12
58 33 46 288
58 3 31 373
58 8 37 116
58 41 49 356
58 12 57 16
58 111 21 346
58 80 15 368
58 116 5 429
58 55 25 139
58 87 33 130
58 56 7 304
59 64 3 291
59 34 1 7
59 101 31 311
59 102 19 120
59 72 39 112
59 44 55 353
59 13 51 345
59 21 45 419
59 117 25 211
59 90 15 318
59 60 7 308
59 95 9 356
60 97 35 445
60 67 7 424
60 4 15 69
60 7 55 400
60 107 21 22
60 78 49 192
60 112 46 439
60 50 4 186
60 115 10 365
60 26 37 222
60 91 53 338
60 29 33 256
61 66 45 265
61 34 31 384
61 35 19 307
61 6 1 325
61 72 7 399
61 108 57 101
61 45 35 2
61 114 39 40
61 118 15 262
61 89 25 333
61 60 13 13
61 29 29 408
62 70 40 195
62 45 35 101
62 110 15 29
62 111 45 385
62 15 27 215
62 82 11 17
62 51 1 152
62 84 21 13
62 53 31 70
62 58 55 270
62 27 4 404
62 30 17 7
63 32 57 60
63 3 45 420
63 99 13 387
63 41 34 31
63 75 31 26
63 114 21 40
63 50 25 162
63 53 39 218
63 120 4 395
63 25 59 339
63 27 52 206
63 95 9 97
64 39 39 395
64 73 13 172
64 42 1 136
64 12 37 191
64 78 25 449
64 81 47 4
64 22 19 154
64 89 35 47
64 26 43 157
64 60 9 308
64 93 57 79
64 62 31 446
65 35 25 309
65 69 51 92
65 102 13 254
65 37 39 15
65 41 7 433
65 73 41 3
65 43 57 110
65 112 46 373
65 49 19 411
65 54 31 45
65 120 1 426
65 95 33 121
66 64 13 114
66 34 17 408
66 36 21 214
66 91 43 20
66 44 28 253
66 77 40 106
66 14 57 25
66 48 45 7
66 51 10 295
66 24 33 89
66 59 4 213
66 63 49 121
67 35 15 207
67 6 9 127
67 105 3 328
67 41 58 416
67 43 27 282
67 111 39 346
67 82 35 364
67 115 52 365
67 51 19 243
67 54 25 45
67 25 47 292
67 59 55 249
68 32 17 342
68 65 25 96
68 8 57 128
68 10 10 439
68 43 37 410
68 75 4 153
68 109 1 126
68 82 23 17
68 84 51 433
68 120 7 81
68 59 31 213
68 93 45 314
69 89 31 175
69 33 7 283
69 102 55 27
69 7 10 340
69 12 35 122
69 47 51 283
69 113 19 296
69 115 40 304
69 57 17 120
69 27 43 207
69 61 27 102
69 62 13 134
70 64 21 300
70 35 45 307
70 36 35 221
70 39 37 64
70 7 52 400
70 106 33 11
70 76 15 82
70 48 11 204
70 21 25 146
70 22 1 203
70 23 7 32
70 54 41 45
71 66 21 152
71 40 57 362
71 72 27 184
71 46 41 174
71 79 11 154
71 80 13 111
71 115 34 178
71 51 1 417
71 86 31 271
71 57 19 9
71 26 51 157
71 61 43 266
72 96 37 283
72 100 40 293
72 7 31 119
72 74 22 131
72 107 57 234
72 12 15 161
72 50 19 194
72 93 1 314
72 53 49 52
72 23 43 261
72 29 9 136
72 95 27 429
73 37 17 394
73 102 58 399
73 103 19 430
73 38 41 302
73 9 22 98
73 107 27 326
73 14 13 68
73 47 51 122
73 15 1 344
73 86 34 447
73 26 3 157
73 60 9 123
74 96 25 371
74 5 52 125
74 101 19 337
74 8 57 116
74 13 39 419
74 111 15 99
74 49 43 411
74 50 49 186
74 22 1 74
74 24 9 218
74 92 29 365
74 63 31 108
75 8 27 175
75 10 49 328
75 109 23 1
75 13 55 236
75 82 41 17
75 84 9 169
75 53 19 398
75 56 33 414
75 24 37 204
75 60 45 308
75 61 3 163
75 94 13 353
76 96 19 197
76 101 46 337
76 42 1 353
76 43 33 110
76 45 17 126
76 15 57 219
76 80 3 339
76 49 25 350
76 79 7 120
76 54 29 183
76 94 13 220
76 95 37 121
77 69 21 227
77 70 4 224
77 101 13 201
77 105 49 337
77 74 40 115
77 107 57 326
77 76 7 2
77 77 16 106
77 120 25 138
77 92 1 365
77 29 45 241
77 31 53 192
78 64 19 409
78 32 29 60
78 97 37 319
78 12 39 421
78 45 33 124
78 13 57 226
78 31 53 30
78 25 9 50
78 90 15 309
78 60 35 261
78 29 51 256
78 95 3 100
79 65 28 246
79 2 19 266
79 35 1 253
79 7 16 400
79 40 39 83
79 9 58 124
79 45 55 2
79 110 13 72
79 80 45 263
79 49 51 2
79 51 7 352
79 119 5 10
80 67 10 424
80 100 52 5
80 7 7 329
80 11 1 190
80 76 5 2
80 45 57 93
80 14 17 35
80 16 27 74
80 54 15 358
80 23 43 228
80 57 35 246
80 92 25 7
81 96 4 197
81 32 25 60
81 38 35 94
81 75 31 148
81 79 39 393
81 82 7 364
81 114 51 40
81 20 10 392
81 94 27 219
81 27 1 172
81 30 37 373
81 95 15 84
82 64 39 114
82 104 57 302
82 10 25 142
82 11 7 28
82 75 46 318
82 74 52 357
82 83 31 194
82 115 43 178
82 85 3 118
82 87 21 94
82 30 13 373
82 95 15 429
83 66 3 416
83 98 37 263
83 68 27 354
83 38 35 1
83 7 52 89
83 76 13 186
83 46 21 101
83 82 41 417
83 118 45 364
83 25 43 233
83 95 31 308
83 31 7 30
84 67 55 424
84 6 39 108
84 105 3 3
84 106 45 11
84 10 16 103
84 109 1 332
84 115 58 367
84 116 35 134
84 51 13 142
84 83 49 323
84 119 37 10
84 24 9 34
85 98 15 383
85 3 37 327
85 90 21 412
85 73 1 299
85 107 9 91
85 45 57 51
85 110 51 29
85 17 45 44
85 50 25 206
85 54 5 45
85 58 39 391
85 59 31 249
86 3 23 305
86 4 9 241
86 70 16 195
86 38 1 1
86 11 3 241
86 78 25 236
86 15 21 256
86 81 57 264
86 116 43 82
86 55 11 84
86 88 46 320
86 89 49 333
87 34 55 106
87 6 3 433
87 72 19 48
87 41 13 377
87 77 37 145
87 109 7 348
87 50 25 379
87 87 49 113
87 24 43 252
87 58 57 382
87 59 16 213
87 62 33 285
88 3 43 224
88 102 16 113
88 73 37 148
88 43 21 410
88 52 51 85
88 86 7 63
88 22 34 42
88 120 4 354
88 57 45 427
88 54 39 334
88 118 57 279
88 60 19 261
89 96 16 101
89 65 34 286
89 34 31 239
89 66 39 265
89 38 5 290
89 9 13 224
89 76 23 2
89 81 11 259
89 50 19 67
89 52 45 85
89 85 51 182
89 92 29 7
90 98 57 383
90 3 51 410
90 100 7 312
90 70 40 272
90 78 25 285
90 48 37 159
90 81 11 4
90 19 5 6
90 115 31 375
90 53 19 70
90 58 45 442
90 30 29 328
91 32 35 350
91 99 28 292
91 5 10 5
91 102 4 38
91 104 31 202
91 42 49 372
91 108 57 334
91 109 51 431
91 17 37 54
91 50 46 206
91 25 7 50
91 26 21 157
92 97 29 133
92 2 7 449
92 103 31 248
92 73 21 3
92 9 40 449
92 106 55 200
92 82 27 369
92 118 1 102
92 24 51 270
92 57 25 14
92 90 45 79
92 28 23 338
93 7 40 400
93 41 22 443
93 10 19 301
93 77 7 355
93 78 25 192
93 14 13 25
93 60 45 434
93 113 28 268
93 80 31 111
93 52 3 85
93 23 55 438
93 28 15 83
94 37 45 15
94 39 39 428
94 104 55 136
94 8 27 36
94 103 16 335
94 28 59 338
94 92 9 361
94 17 49 301
94 86 13 266
94 89 19 319
94 60 7 13
94 62 3 321
95 67 4 424
95 100 13 312
95 69 1 99
95 72 37 356
95 74 34 209
95 45 29 2
95 48 21 7
95 16 51 306
95 116 41 179
95 52 11 232
95 120 31 138
95 28 57 210
96 32 43 60
96 70 22 224
96 73 7 3
96 59 10 249
96 111 31 112
96 116 1 72
96 20 55 107
96 52 5 85
96 118 25 415
96 119 41 221
96 91 39 190
96 93 15 314
97 32 21 92
97 33 43 283
97 67 40 337
97 36 57 37
97 37 15 205
97 71 37 370
97 110 27 29
97 46 1 422
97 51 46 97
97 21 51 401
97 25 5 50
97 95 33 429
98 32 23 60
98 33 4 159
98 2 37 169
98 64 31 220
98 38 43 430
98 72 45 69
98 11 51 38
98 80 55 70
98 17 25 54
98 83 10 66
98 53 13 70
98 62 19 55
99 32 35 60
99 3 23 19
99 67 1 106
99 71 7 267
99 45 5 263
99 16 39 348
99 53 19 25
99 118 15 62
99 55 25 269
99 54 43 358
99 61 49 180
99 62 31 245
100 33 22 253
100 68 33 118
100 6 57 108
100 39 1 439
100 11 43 144
100 12 5 93
100 110 7 29
100 49 51 254
100 82 49 291
100 115 19 365
100 60 27 123
100 30 37 236
101 96 55 178
101 99 34 274
101 101 58 314
101 70 37 390
101 104 51 314
101 17 45 404
101 51 22 243
101 53 13 398
101 90 1 225
101 91 29 79
101 94 25 381
101 31 43 277
102 32 11 60
102 65 40 96
102 34 43 150
102 67 1 228
102 71 52 59
102 106 15 278
102 110 27 72
102 83 58 374
102 119 21 277
102 24 33 204
102 29 45 426
102 95 7 108
103 98 1 372
103 7 16 20
103 75 58 38
103 76 55 307
103 18 10 267
103 84 21 97
103 22 25 191
103 55 35 411
103 56 39 306
103 58 49 129
103 28 5 338
103 61 31 184
104 97 35 12
104 37 41 85
104 71 37 267
104 106 11 423
104 46 59 127
104 111 25 208
104 49 31 350
104 114 57 40
104 50 46 186
104 85 49 408
104 23 19 140
104 56 7 155
105 65 49 246
105 2 58 288
105 67 7 281
105 33 19 159
105 82 43 237
105 51 28 352
105 118 37 62
105 24 3 41
105 25 55 50
105 27 10 336
105 95 13 419
105 63 31 241
106 65 1 147
106 34 43 7
106 67 13 159
106 68 33 181
106 2 52 449
106 9 7 264
106 10 25 196
106 74 4 377
106 78 16 258
106 86 40 37
106 119 49 10
106 27 19 434
107 36 55 22
107 70 10 390
107 41 31 372
107 44 1 276
107 45 27 197
107 110 51 264
107 46 59 232
107 48 25 4
107 82 43 17
107 51 4 142
107 54 13 334
107 86 22 266
108 65 46 147
108 100 22 53
108 5 28 307
108 70 19 195
108 72 49 242
108 11 7 174
108 44 13 223
108 49 39 56
108 114 55 227
108 51 1 243
108 117 33 95
108 55 31 236
109 96 1 178
109 4 59 351
109 11 37 28
109 13 55 431
109 16 15 348
109 80 43 111
109 49 21 350
109 23 4 116
109 55 27 87
109 89 51 341
109 93 31 79
109 62 9 321
110 67 34 337
110 26 15 124
110 69 7 45
110 35 37 253
110 71 31 267
110 74 10 115
110 82 47 17
110 24 25 32
110 56 21 304
110 89 45 48
110 90 3 318
110 94 55 8
111 96 55 337
111 2 34 141
111 4 43 351
111 37 47 372
111 101 19 201
111 75 28 109
111 46 31 419
111 110 49 29
111 114 45 224
111 51 16 164
111 24 7 240
111 61 1 138
112 64 51 220
112 72 1 112
112 105 15 374
112 74 28 291
112 46 31 3
112 17 33 346
112 83 37 252
112 84 45 130
112 54 21 358
112 88 25 216
112 28 59 13
112 62 9 37
113 35 49 207
113 41 16 291
113 43 27 99
113 80 57 158
113 48 55 4
113 18 10 76
113 83 7 132
113 16 1 44
113 115 43 240
113 54 37 358
113 92 33 7
113 61 39 440
114 38 27 446
114 42 45 20
114 10 22 57
114 108 9 153
114 47 39 413
114 16 31 380
114 83 19 203
114 22 55 208
114 56 13 155
114 28 59 22
114 61 49 17
114 63 1 341
115 32 47 92
115 4 13 327
115 5 52 86
115 9 43 27
115 12 31 16
115 14 7 25
115 110 55 382
115 18 16 140
115 116 25 377
115 120 22 426
115 89 35 341
115 29 59 166
116 97 49 12
116 33 31 147
116 34 53 203
116 69 19 45
116 7 25 400
116 111 13 388
116 15 21 219
116 51 1 238
116 20 34 323
116 115 55 179
116 86 10 6
116 55 59 388
117 6 39 358
117 39 7 290
117 73 19 299
117 77 25 418
117 14 3 226
117 48 53 4
117 114 47 40
117 21 31 353
117 88 16 148
117 58 49 221
117 27 13 372
117 95 57 419
118 96 16 178
118 97 47 12
118 98 39 311
118 32 55 60
118 5 43 238
118 7 1 73
118 71 13 267
118 42 59 136
118 48 31 71
118 51 4 417
118 52 51 420
118 24 7 341
119 96 55 401
119 33 43 38
119 5 58 86
119 38 47 182
119 69 3 58
119 43 15 260
119 108 51 152
119 19 37 403
119 115 7 178
119 25 19 50
119 61 21 309
119 94 27 247
120 4 19 6
120 6 39 149
120 70 4 195
120 104 45 413
120 74 1 357
120 46 15 162
120 14 53 162
120 47 59 403
120 18 10 89
120 114 25 117
120 115 31 69
120 21 49 233
121 65 40 246
121 5 1 46
121 73 5 112
121 10 16 439
121 109 53 348
121 82 31 17
121 51 13 323
121 50 28 186
121 53 7 296
121 54 35 365
121 118 55 34
121 31 47 30
122 70 25 30
122 73 23 52
122 75 28 51
122 46 35 3
122 14 47 25
122 49 55 411
122 50 4 206
122 85 19 339
122 118 31 73
122 87 39 151
122 60 53 380
122 31 37 290
123 32 49 60
123 2 1 242
123 100 16 5
123 39 31 428
123 103 37 202
123 41 58 245
123 12 55 16
123 46 51 126
123 52 35 85
123 21 21 394
123 88 43 320
123 59 10 444
124 66 21 265
124 35 13 71
124 101 28 201
124 11 3 191
124 79 49 393
124 15 51 215
124 117 9 440
124 21 43 202
124 55 55 52
124 26 39 319
124 27 25 172
124 29 59 297
125 38 27 367
125 9 34 27
125 43 45 93
125 15 7 340
125 82 49 212
125 21 9 401
125 85 57 88
125 117 3 440
125 88 22 148
125 118 39 415
125 90 51 318
125 29 25 230
126 97 5 12
126 3 19 19
126 68 7 354
126 8 37 215
126 9 31 273
126 72 15 61
126 42 3 89
126 45 21 58
126 90 25 318
126 91 59 20
126 28 45 291
126 61 55 102
127 66 39 439
127 99 28 257
127 34 37 190
127 11 45 264
127 45 33 392
127 110 35 29
127 78 22 449
127 15 49 260
127 113 16 268
127 18 4 140
127 81 25 184
127 89 55 175
128 32 7 60
128 65 4 96
128 73 59 301
128 109 15 126
128 113 25 268
128 18 22 425
128 51 31 342
128 20 49 274
128 54 45 183
128 56 9 367
128 25 41 50
128 63 55 121
129 96 22 120
129 66 9 100
129 35 45 444
129 34 7 191
129 6 49 127
129 7 13 400
129 103 25 34
129 73 43 3
129 14 55 25
129 20 58 107
129 56 37 75
129 60 31 307
130 43 43 65
130 13 19 345
130 111 15 95
130 112 40 373
130 81 23 4
130 115 37 375
130 19 3 408
130 53 9 70
130 89 33 47
130 58 51 257
130 29 57 407
130 30 27 194
131 39 43 428
131 73 53 351
131 10 10 263
131 114 37 40
131 51 1 342
131 30 59 316
131 85 55 94
131 83 4 99
131 23 49 32
131 57 29 200
131 29 27 46
131 94 33 102
132 97 3 64
132 101 37 333
132 72 25 287
132 9 46 315
132 10 40 297
132 108 57 74
132 113 10 242
132 17 13 44
132 85 33 390
132 87 49 8
132 120 19 138
132 30 31 7
133 66 51 434
133 100 43 398
133 6 9 59
133 40 1 362
133 107 27 242
133 108 15 359
133 109 33 122
133 48 35 4
133 51 46 361
133 55 57 307
133 93 19 314
133 95 37 84
134 33 28 159
134 68 1 345
134 4 49 241
134 73 15 231
134 43 31 329
134 46 53 242
134 110 11 29
134 52 37 85
134 55 21 223
134 87 39 113
134 119 57 191
134 24 45 204
135 98 43 123
135 67 13 106
135 73 59 112
135 43 7 99
135 110 17 264
135 15 53 391
135 114 55 40
135 20 28 107
135 88 22 320
135 92 5 334
135 61 1 184
135 63 33 386
136 98 13 94
136 99 4 364
136 36 47 9
136 7 37 89
136 40 31 128
136 10 43 292
136 75 1 277
136 110 59 29
136 16 9 191
136 120 40 328
136 26 51 104
136 63 55 331
137 64 37 300
137 65 1 96
137 3 33 420
137 68 43 354
137 100 4 5
137 45 41 300
137 46 29 161
137 80 57 306
137 49 19 23
137 117 7 201
137 92 15 328
137 29 53 367
138 5 58 238
138 74 13 115
138 43 43 37
138 76 19 2
138 44 10 239
138 78 34 38
138 48 29 288
138 114 31 117
138 52 55 85
138 21 3 348
138 118 37 249
138 24 49 230
139 38 31 290
139 103 19 289
139 102 10 27
139 105 57 62
139 9 28 204
139 11 39 264
139 107 49 91
139 13 13 345
139 111 1 435
139 84 43 297
139 21 33 156
139 120 7 138
140 96 31 132
140 102 25 131
140 72 51 394
140 105 21 112
140 75 1 394
140 44 34 223
140 19 59 280
140 116 15 255
140 117 37 92
140 22 28 191
140 27 4 55
140 94 9 220
141 66 37 152
141 67 16 42
141 100 13 441
141 74 7 83
141 77 10 180
141 16 49 44
141 53 27 195
141 117 45 440
141 24 57 230
141 31 35 30
141 94 1 8
141 95 19 429
142 5 34 161
142 70 13 265
142 38 43 77
142 42 39 396
142 13 45 258
142 15 23 325
142 82 9 121
142 115 31 240
142 84 1 169
142 57 55 243
142 93 25 57
142 63 19 254
143 69 45 129
143 102 16 254
143 7 31 370
143 104 55 17
143 9 28 24
143 72 39 103
143 43 49 248
143 12 59 346
143 76 9 75
143 23 13 311
143 61 21 236
143 62 3 17
144 68 9 428
144 101 31 333
144 38 15 182
144 7 58 378
144 105 51 260
144 106 29 11
144 44 55 276
144 49 19 317
144 50 1 153
144 51 43 257
144 85 39 355
144 22 34 137
145 68 51 16
145 8 37 36
145 73 25 33
145 42 45 394
145 14 11 25
145 78 22 206
145 16 33 252
145 82 1 121
145 51 4 300
145 52 43 244
145 53 57 296
145 90 7 225
146 64 51 245
146 66 37 416
146 36 1 156
146 5 4 19
146 8 55 156
146 73 21 348
146 77 13 145
146 46 9 232
146 16 43 74
146 51 16 361
146 62 25 1
146 95 33 84
147 98 15 219
147 35 51 424
147 5 25 133
147 103 55 272
147 10 19 142
147 76 47 2
147 81 39 402
147 19 59 251
147 55 33 196
147 87 1 350
147 56 9 282
147 28 45 338
148 2 1 288
148 100 28 312
148 6 33 80
148 102 52 364
148 106 49 163
148 110 37 73
148 80 43 368
148 114 31 315
148 119 13 243
148 87 57 341
148 24 19 323
148 29 41 19
149 98 33 263
149 75 55 38
149 78 19 228
149 46 31 242
149 113 16 397
149 18 10 359
149 84 37 193
149 54 49 45
149 25 59 185
149 26 27 237
149 61 45 154
149 95 51 390
150 38 5 1
150 74 13 310
150 12 17 16
150 76 1 186
150 112 19 80
150 17 45 81
150 50 58 206
150 82 37 17
150 80 33 233
150 53 25 401
150 59 40 41
150 30 9 146
151 2 46 141
151 68 1 117
151 101 31 201
151 37 53 15
151 41 34 317
151 107 13 76
151 21 27 335
151 22 58 228
151 87 7 113
151 85 21 104
151 28 41 338
151 93 37 43
152 97 43 12
152 71 1 360
152 13 13 427
152 79 57 134
152 19 29 173
152 20 46 107
152 85 33 104
152 53 19 387
152 23 40 128
152 56 51 445
152 29 25 241
152 94 9 199
153 3 33 224
153 36 59 221
153 12 23 16
153 77 1 412
153 110 47 29
153 79 17 112
153 50 7 67
153 18 4 76
153 23 28 64
153 120 10 138
153 91 21 103
153 60 43 13
154 64 27 245
154 99 7 269
154 36 59 386
154 67 10 244
154 103 19 34
154 72 15 136
154 42 33 264
154 112 22 80
154 17 51 72
154 113 55 213
154 21 1 401
154 26 45 115
155 66 43 100
155 106 25 11
155 80 49 368
155 82 21 238
155 83 10 382
155 50 4 67
155 117 33 418
155 22 40 42
155 58 13 270
155 27 55 445
155 28 7 153
155 63 27 386
156 33 10 38
156 3 29 327
156 101 52 201
156 70 22 110
156 72 31 287
156 78 40 411
156 81 49 4
156 55 37 348
156 89 45 47
156 90 55 30
156 93 13 79
156 57 59 272
157 37 45 334
157 6 51 80
157 106 47 11
157 42 49 20
157 108 21 391
157 77 55 434
157 46 15 242
157 18 25 140
157 55 59 348
157 88 40 120
157 57 9 398
157 90 1 123
158 35 3 244
158 104 37 314
158 74 7 239
158 43 25 85
158 108 51 153
158 13 45 158
158 78 10 449
158 47 31 392
158 15 33 86
158 49 21 440
158 22 55 358
158 54 59 45
159 64 7 286
159 96 1 255
159 97 53 12
159 100 25 5
159 12 37 16
159 44 43 353
159 17 49 81
159 87 39 350
159 23 22 140
159 86 58 445
159 29 15 381
159 62 31 75
160 5 40 445
160 70 37 307
160 7 46 293
160 105 57 303
160 75 34 394
160 76 9 420
160 79 51 332
160 84 19 167
160 117 25 218
160 22 13 154
160 23 43 311
160 25 53 50
161 43 55 69
161 13 37 432
161 48 21 15
161 82 27 93
161 54 17 45
161 119 25 233
161 25 11 50
161 26 13 319
161 91 31 395
161 63 49 380
161 62 1 134
161 95 43 356
162 99 34 269
162 35 39 142
162 7 1 370
162 76 59 2
162 46 43 131
162 112 25 80
162 49 21 230
162 50 28 206
162 19 47 317
162 52 7 85
162 119 31 81
162 88 4 352
163 2 52 141
163 3 15 420
163 36 35 9
163 41 4 292
163 73 39 52
163 114 29 40
163 18 1 448
163 52 49 85
163 85 57 229
163 86 10 216
163 22 46 117
163 95 31 97
164 32 37 60
164 96 31 431
164 66 27 265
164 35 51 413
164 97 41 12
164 104 45 302
164 10 55 321
164 78 19 258
164 86 34 174
164 24 3 18
164 95 15 121
164 63 9 377
165 2 43 400
165 3 15 373
165 41 22 447
165 11 55 28
165 44 37 34
165 81 59 77
165 113 46 193
165 19 31 24
165 23 40 397
165 90 49 76
165 59 1 361
165 60 11 13
166 103 49 272
166 39 15 226
166 42 57 394
166 17 25 280
166 114 23 40
166 49 33 230
166 116 45 102
166 21 37 146
166 118 7 165
166 87 19 151
166 27 1 206
166 92 59 430
167 96 25 178
167 3 3 388
167 102 10 58
167 104 43 416
167 40 51 353
167 42 29 20
167 11 57 327
167 43 13 235
167 44 31 223
167 10 40 122
167 80 21 439
167 23 7 140
168 98 55 252
168 4 59 421
168 104 51 155
168 105 25 249
168 10 46 121
168 12 49 16
168 80 7 111
168 116 13 393
168 22 37 137
168 118 1 262
168 25 43 50
168 61 31 22
169 33 28 283
169 68 45 181
169 69 37 45
169 100 4 4
169 39 39 364
169 5 1 110
169 14 59 121
169 110 31 29
169 18 22 179
169 87 13 350
169 91 35 20
169 95 9 149
170 65 19 115
170 34 47 234
170 102 49 58
170 40 57 5
170 107 13 396
170 77 31 145
170 45 25 414
170 111 3 385
170 15 37 6
170 26 43 116
170 91 9 311
170 63 27 346
171 65 22 286
171 5 13 216
171 102 7 345
171 7 10 378
171 39 45 174
171 44 40 231
171 108 25 35
171 49 31 56
171 18 55 368
171 115 58 240
171 51 37 150
171 95 49 100
172 3 21 327
172 35 51 71
172 101 31 409
172 39 7 429
172 72 27 169
172 9 46 449
172 106 13 11
172 43 3 83
172 16 39 44
172 21 55 1
172 55 43 272
172 30 25 59
173 33 19 253
173 100 34 312
173 68 51 128
173 7 16 378
173 8 3 287
173 105 9 303
173 46 39 372
173 48 43 203
173 52 45 415
173 57 55 9
173 95 27 156
173 63 57 241
174 33 1 35
174 66 9 416
174 67 4 106
174 58 39 234
174 7 49 3
174 12 43 234
174 14 55 32
174 49 57 269
174 114 35 40
174 17 27 407
174 86 22 322
174 26 31 367
175 99 28 120
175 72 9 413
175 73 17 351
175 109 53 122
175 45 51 350
175 20 19 107
175 53 37 401
175 117 43 390
175 23 55 228
175 24 33 218
175 59 22 249
175 30 25 316
176 96 58 41
176 2 10 266
176 34 17 223
176 99 37 274
176 101 55 201
176 3 53 224
176 35 19 207
176 105 49 440
176 58 13 176
176 63 31 376
176 30 3 223
176 31 41 30
177 98 37 383
177 37 13 15
177 38 19 426
177 73 11 3
177 74 34 115
177 44 31 34
177 77 4 145
177 14 49 25
177 120 58 138
177 26 7 124
177 62 27 55
177 63 21 376
178 98 21 263
178 11 43 362
178 76 17 2
178 77 37 97
178 78 25 258
178 47 31 53
178 80 9 120
178 51 1 257
178 24 49 247
178 27 28 248
178 28 15 338
178 30 35 7
179 2 25 297
179 105 13 3
179 13 19 381
179 15 39 407
179 47 31 123
179 17 33 39
179 20 7 274
179 22 46 228
179 119 43 105
179 24 1 266
179 61 49 309
179 62 55 75
180 36 23 9
180 40 37 105
180 10 58 330
180 44 46 239
180 12 5 16
180 111 49 298
180 80 15 22
180 113 31 296
180 114 41 40
180 116 21 441
180 117 9 211
180 59 34 296
181 101 49 201
181 8 27 243
181 13 1 431
181 112 19 373
181 113 58 180
181 18 52 316
181 48 33 151
181 17 39 101
181 86 55 157
181 120 7 248
181 56 15 367
181 92 45 386
182 32 17 60
182 104 13 245
182 59 52 10
182 73 27 231
182 40 45 401
182 12 11 16
182 45 57 350
182 46 39 205
182 110 23 29
182 48 7 4
182 54 35 334
182 91 33 40
183 64 25 286
183 34 57 221
183 98 1 26
183 37 31 15
183 70 13 307
183 105 37 430
183 74 43 209
183 50 22 153
183 55 53 185
183 24 49 295
183 59 19 249
183 28 9 22
184 67 7 184
184 4 25 6
184 68 27 181
184 6 37 412
184 71 43 360
184 76 11 2
184 47 31 116
184 21 13 203
184 54 35 45
184 24 21 204
184 57 51 120
184 94 55 63
185 96 46 178
185 33 43 145
185 7 25 266
185 105 55 385
185 43 37 69
185 46 31 304
185 86 16 322
185 119 33 246
185 26 9 116
185 91 21 100
185 92 5 231
185 61 1 148
186 96 28 178
186 99 4 269
186 67 25 244
186 69 1 45
186 35 57 207
186 47 45 67
186 115 37 48
186 52 17 85
186 53 33 52
186 119 7 10
186 90 49 251
186 95 21 356
187 35 7 307
187 37 29 15
187 7 34 119
187 82 1 17
187 83 49 374
187 20 43 274
187 19 11 57
187 52 13 85
187 23 25 124
187 119 15 105
187 59 37 196
187 92 31 174
188 96 46 120
188 33 10 415
188 2 4 212
188 7 52 170
188 12 19 16
188 45 57 371
188 111 31 388
188 81 1 278
188 50 43 194
188 115 22 365
188 118 13 37
188 30 41 404
189 32 27 135
189 36 33 436
189 40 13 174
189 11 45 211
189 12 25 346
189 45 53 93
189 18 4 72
189 116 17 393
189 84 49 286
189 87 7 350
189 119 57 250
189 57 19 356
190 35 37 71
190 37 1 15
190 39 51 439
190 40 13 143
190 105 27 374
190 106 41 329
190 76 49 2
190 109 59 315
190 108 3 359
190 82 45 212
190 83 31 268
190 23 22 64
191 33 58 415
191 34 19 7
191 41 10 188
191 10 16 301
191 108 21 35
191 46 37 293
191 113 40 242
191 18 55 140
191 86 25 107
191 55 51 388
191 54 3 369
191 89 45 13
192 72 25 395
192 105 13 303
192 80 45 55
192 17 7 142
192 18 58 140
192 49 49 284
192 20 22 274
192 23 19 211
192 25 55 352
192 27 34 372
192 61 3 323
192 94 39 247
193 33 34 159
193 101 58 201
193 38 41 94
193 8 19 24
193 105 3 374
193 74 25 115
193 10 10 330
193 76 1 279
193 111 43 298
193 80 37 111
193 114 49 253
193 87 15 443
194 64 37 291
194 34 35 408
194 67 31 244
194 4 27 100
194 106 17 11
194 112 46 62
194 19 21 173
194 52 5 298
194 118 13 415
194 25 1 50
194 94 9 158
194 95 51 419
195 32 13 60
195 96 34 41
195 2 31 141
195 37 19 15
195 74 52 115
195 111 9 435
195 81 37 4
195 115 40 178
195 20 58 209
195 116 17 294
195 86 46 42
195 94 3 199
196 67 49 106
196 36 3 436
196 101 55 223
196 38 27 305
196 42 37 20
196 78 16 404
196 15 9 391
196 23 13 12
196 55 21 121
196 87 45 57
196 59 34 333
196 92 59 153
197 97 17 12
197 34 1 223
197 41 13 292
197 111 7 208
197 16 19 191
197 47 51 123
197 51 28 323
197 87 45 143
197 23 31 397
197 88 25 320
197 89 39 47
197 90 3 373
198 4 7 6
198 8 15 24
198 105 3 150
198 112 34 360
198 113 19 41
198 80 43 333
198 116 27 421
198 118 57 300
198 55 39 347
198 25 31 50
198 61 51 346
198 31 23 30
199 97 19 12
199 38 15 290
199 73 9 172
199 107 55 396
199 77 40 145
199 14 23 25
199 114 51 117
199 51 37 257
199 84 3 423
199 55 27 203
199 28 7 22
199 62 31 369
200 35 49 142
200 100 37 441
200 102 55 188
200 105 1 80
200 13 27 432
200 14 41 25
200 79 47 332
200 114 19 40
200 115 58 100
200 82 35 213
200 27 13 444
200 28 9 78
201 37 23 15
201 72 25 356
201 73 29 81
201 106 15 280
201 10 58 18
201 44 37 363
201 80 19 368
201 49 9 7
201 119 41 10
201 56 45 75
201 61 51 236
201 94 31 59
202 99 49 415
202 26 1 355
202 90 27 27
202 102 52 188
202 105 21 291
202 108 7 62
202 49 15 23
202 117 45 418
202 23 34 140
202 89 55 47
202 58 39 270
202 31 31 255
203 33 46 283
203 34 15 221
203 37 41 15
203 103 25 248
203 72 19 136
203 75 28 153
203 107 7 422
203 109 33 331
203 49 1 411
203 55 5 236
203 23 58 211
203 58 37 176
204 32 45 60
204 100 55 297
204 6 49 149
204 103 28 202
204 73 21 52
204 41 16 279
204 14 25 25
204 114 5 234
204 23 40 326
204 59 31 33
204 61 1 295
204 30 9 179
205 67 19 361
205 37 7 15
205 41 46 80
205 109 1 52
205 77 22 318
205 13 15 158
205 18 55 316
205 114 43 40
205 82 53 17
205 27 28 163
205 61 31 154
205 30 39 404
206 67 13 424
206 3 35 19
206 5 43 9
206 8 49 159
206 60 1 308
206 18 28 196
206 84 3 393
206 20 55 379
206 22 16 78
206 24 7 18
206 92 33 16
206 95 19 149
207 97 7 12
207 102 43 96
207 106 55 11
207 75 28 38
207 42 23 20
207 77 52 293
207 14 5 25
207 17 9 68
207 18 31 299
207 88 58 320
207 91 17 40
207 31 1 163
208 98 31 336
208 6 27 108
208 39 21 428
208 41 58 447
208 11 13 191
208 110 37 248
208 79 17 134
208 114 25 224
208 118 9 364
208 24 45 270
208 58 39 376
208 63 1 59
209 3 51 423
209 7 31 400
209 12 29 16
209 78 13 38
209 81 1 443
209 50 16 379
209 114 7 40
209 84 9 414
209 117 21 418
209 24 39 18
209 26 45 104
209 29 27 256
210 96 7 229
210 68 51 68
210 70 58 167
210 10 22 205
210 106 43 102
210 74 55 239
210 45 45 273
210 49 39 181
210 84 33 403
210 119 19 10
210 58 25 176
210 62 1 37
211 97 25 12
211 40 51 442
211 46 27 33
211 111 55 95
211 49 3 23
211 81 1 398
211 51 22 295
211 19 33 173
211 21 39 360
211 83 13 324
211 92 35 184
211 94 7 381
212 65 37 96
212 33 16 74
212 34 47 384
212 4 23 100
212 12 7 16
212 15 1 185
212 51 10 93
212 22 58 443
212 56 19 306
212 27 34 404
212 28 45 299
212 63 25 376
213 66 21 416
213 35 7 71
213 6 39 325
213 44 46 34
213 46 29 149
213 15 1 219
213 112 43 62
213 17 3 101
213 51 25 257
213 87 31 280
213 58 55 176
213 29 15 426
214 64 57 409
214 66 39 229
214 4 11 421
214 102 28 344
214 7 1 400
214 79 31 437
214 48 13 4
214 23 16 311
214 89 51 216
214 59 43 249
214 92 5 7
214 63 21 241
215 96 10 178
215 67 58 184
215 68 33 216
215 101 25 201
215 108 13 108
215 77 28 106
215 111 39 95
215 84 51 383
215 23 46 140
215 52 23 85
215 119 5 154
215 55 43 196
216 2 7 141
216 67 13 244
216 35 51 307
216 103 16 275
216 72 33 169
216 74 25 51
216 43 3 308
216 109 39 126
216 47 29 440
216 49 19 56
216 22 46 137
216 60 57 261
217 70 49 224
217 102 52 27
217 39 15 428
217 47 9 366
217 112 34 158
217 17 45 54
217 84 57 423
217 117 3 211
217 120 31 235
217 89 21 308
217 62 25 300
217 63 37 380
218 64 39 448
218 66 43 213
218 10 16 171
218 75 4 15
218 76 35 82
218 45 51 406
218 111 9 346
218 23 13 55
218 85 57 141
218 55 33 191
218 92 49 31
218 95 27 121
219 32 19 60
219 34 25 97
219 4 13 6
219 103 58 24
219 105 51 112
219 42 1 20
219 11 39 144
219 46 43 200
219 80 31 160
219 53 15 52
219 120 28 138
219 30 9 384
220 66 49 96
220 67 22 42
220 5 25 275
220 8 37 243
220 42 19 20
220 46 31 101
220 80 1 415
220 50 55 162
220 83 43 132
220 84 15 169
220 55 9 406
220 62 33 37
221 67 52 42
221 5 31 46
221 37 45 269
221 59 37 164
221 108 27 134
221 45 9 407
221 47 1 67
221 81 19 259
221 87 15 144
221 27 55 206
221 29 3 105
221 95 21 78
222 67 40 244
222 35 1 413
222 70 28 214
222 71 43 267
222 73 23 299
222 9 13 439
222 13 33 345
222 60 5 13
222 83 7 268
222 117 19 390
222 28 47 438
222 31 11 30
223 65 16 96
223 36 39 436
223 38 1 88
223 105 31 433
223 43 27 83
223 109 3 187
223 46 45 372
223 113 19 268
223 114 41 227
223 22 58 78
223 60 51 110
223 95 9 326
224 6 45 59
224 11 49 362
224 28 21 299
224 80 25 111
224 18 58 84
224 52 19 85
224 84 1 97
224 54 23 369
224 56 15 214
224 89 11 319
224 92 5 97
224 29 53 426
225 34 55 7
225 68 15 432
225 7 49 378
225 10 43 103
225 12 53 421
225 45 13 2
225 46 33 205
225 15 39 289
225 16 21 44
225 113 4 380
225 56 27 259
225 89 59 319
226 37 55 15
226 11 31 362
226 44 43 190
226 46 51 7
226 115 37 178
226 84 27 222
226 20 13 107
226 55 53 191
226 58 1 442
226 92 23 184
226 61 57 163
226 30 5 316
227 101 43 281
227 102 25 188
227 106 41 11
227 76 59 186
227 109 9 327
227 78 46 38
227 12 55 425
227 46 51 430
227 45 23 435
227 50 16 206
227 57 49 57
227 60 19 13
228 43 9 260
228 44 52 239
228 13 43 345
228 14 29 48
228 110 59 142
228 111 39 386
228 49 3 53
228 51 19 82
228 20 49 107
228 52 15 407
228 84 25 185
228 59 34 249
229 37 59 15
229 38 47 164
229 107 33 234
229 75 55 153
229 45 25 93
229 60 37 13
229 47 9 73
229 48 31 4
229 22 16 117
229 23 40 381
229 90 1 79
229 92 45 31
230 32 47 60
230 65 43 276
230 33 22 155
230 64 7 409
230 37 37 15
230 70 52 300
230 9 28 274
230 12 41 16
230 47 55 6
230 51 31 238
230 22 1 42
230 90 15 30
231 65 19 421
231 34 9 234
231 40 15 389
231 41 4 317
231 9 46 274
231 80 31 30
231 116 39 377
231 22 1 208
231 118 57 418
231 57 27 430
231 30 23 404
231 63 49 331
232 36 55 221
232 77 16 156
232 48 33 200
232 112 1 158
232 81 27 450
232 53 37 387
232 118 45 32
232 55 25 347
232 54 51 369
232 87 19 143
232 28 57 22
232 62 7 1
233 40 45 83
233 9 58 98
233 42 41 353
233 12 51 448
233 109 49 125
233 110 13 29
233 80 3 306
233 49 37 23
233 19 55 317
233 86 7 266
233 88 34 320
233 28 29 370
234 96 34 139
234 104 45 235
234 10 58 181
234 11 37 303
234 12 15 448
234 78 19 38
234 92 25 153
234 83 55 324
234 20 22 107
234 54 7 183
234 26 1 324
234 60 51 132
235 96 52 139
235 40 1 128
235 17 43 254
235 81 33 450
235 82 19 121
235 114 29 117
235 85 57 118
235 119 55 10
235 62 15 321
235 59 22 196
235 60 47 13
235 30 41 7
236 3 55 19
236 102 13 27
236 41 58 292
236 9 19 124
236 76 37 420
236 77 40 97
236 110 9 39
236 15 47 256
236 92 53 330
236 29 29 217
236 30 23 7
236 63 1 403
237 36 21 436
237 4 39 417
237 73 45 112
237 10 58 171
237 11 1 28
237 78 13 228
237 15 27 293
237 84 31 125
237 52 43 85
237 23 55 293
237 120 16 138
237 89 51 333
238 99 55 120
238 5 37 445
238 71 40 267
238 72 7 103
238 42 27 52
238 44 52 161
238 18 46 339
238 85 33 192
238 54 3 365
238 25 49 68
238 28 17 210
238 30 59 120
239 65 28 147
239 98 19 150
239 67 37 106
239 70 7 224
239 10 55 312
239 11 31 144
239 115 58 446
239 20 52 323
239 53 1 125
239 23 10 128
239 59 49 249
239 30 43 59
240 90 57 318
240 105 31 291
240 10 16 252
240 42 45 429
240 60 25 308
240 47 39 245
240 17 21 39
240 116 37 77
240 117 3 164
240 58 7 442
240 91 49 63
240 92 53 7
241 98 57 336
241 70 4 214
241 75 31 421
241 108 9 298
241 78 19 404
241 14 37 25
241 79 25 232
241 20 52 107
241 59 16 10
241 60 13 132
241 61 45 309
241 95 27 84
242 67 37 141
242 4 51 177
242 36 15 436
242 72 43 347
242 105 1 260
242 74 7 310
242 43 55 260
242 15 29 325
242 81 17 77
242 115 25 48
242 55 33 17
242 61 19 102
243 67 4 42
243 5 52 328
243 37 17 15
243 72 13 293
243 43 7 235
243 111 33 188
243 61 37 309
243 52 23 103
243 117 25 270
243 88 46 352
243 59 49 199
243 29 31 19
244 32 53 135
244 97 23 12
244 2 43 417
244 4 59 417
244 6 19 271
244 42 51 108
244 107 39 76
244 109 49 1
244 15 15 26
244 80 27 158
244 50 10 186
244 26 31 222
245 33 37 288
245 34 33 408
245 101 55 103
245 104 19 378
245 9 10 273
245 40 3 389
245 11 45 28
245 43 27 296
245 46 15 232
245 55 23 382
245 25 53 410
245 91 51 399
246 65 31 96
246 66 15 58
246 67 58 42
246 3 9 159
246 5 1 5
246 6 27 271
246 73 55 123
246 11 37 211
246 114 49 40
246 55 25 441
246 23 34 228
246 120 43 138
247 2 58 212
247 99 37 214
247 6 51 379
247 39 3 198
247 40 25 157
247 105 31 72
247 108 15 227
247 92 9 360
247 113 22 213
247 114 13 40
247 17 43 342
247 60 29 110
248 67 43 159
248 3 35 224
248 38 19 94
248 40 25 353
248 108 1 227
248 47 53 440
248 80 21 415
248 48 17 288
248 116 33 377
248 22 37 443
248 89 5 175
248 91 9 395
249 32 5 60
249 64 37 2
249 36 9 436
249 11 27 28
249 45 15 435
249 78 58 192
249 15 53 6
249 55 23 348
249 53 43 218
249 87 1 31
249 120 19 406
249 62 49 75
250 32 59 60
250 35 21 244
250 100 49 5
250 102 46 399
250 38 29 205
250 8 37 175
250 7 10 400
250 13 33 427
250 116 15 179
250 120 55 138
250 58 3 382
250 59 52 249
251 32 41 60
251 5 55 76
251 105 19 172
251 41 10 14
251 107 1 326
251 12 33 448
251 49 51 56
251 116 45 82
251 84 25 403
251 55 49 390
251 87 37 217
251 29 59 402
252 7 28 389
252 73 21 351
252 74 31 115
252 44 34 253
252 13 13 450
252 19 45 381
252 117 49 325
252 120 37 138
252 24 57 204
252 60 9 13
252 61 1 62
252 31 43 30
253 37 27 205
253 6 21 108
253 39 1 428
253 43 57 46
253 75 31 368
253 11 37 362
253 50 34 379
253 115 16 365
253 53 43 177
253 118 7 48
253 86 52 174
253 25 47 50
254 64 39 220
254 32 51 422
254 69 11 227
254 37 9 176
254 8 1 36
254 106 53 11
254 111 43 208
254 15 55 344
254 82 25 17
254 18 16 438
254 85 33 88
254 60 59 434
255 3 55 224
255 105 1 303
255 11 33 327
255 44 43 253
255 77 40 9
255 76 11 279
255 108 19 134
255 47 25 392
255 14 53 25
255 19 17 392
255 115 37 446
255 60 9 434
256 99 7 257
256 37 11 15
256 107 19 326
256 45 31 247
256 112 46 360
256 81 3 450
256 86 34 266
256 30 59 373
256 88 37 320
256 58 55 129
256 28 27 438
256 62 49 285
257 34 57 106
257 35 1 207
257 3 35 256
257 101 22 201
257 6 49 358
257 106 25 278
257 47 59 160
257 111 27 298
257 114 9 315
257 116 19 274
257 86 46 447
257 57 15 430
258 66 25 173
258 100 55 397
258 8 3 156
258 9 49 273
258 42 59 391
258 78 16 38
258 14 35 25
258 110 43 29
258 115 31 100
258 84 7 167
258 56 21 186
258 61 37 154
259 96 52 179
259 34 45 106
259 66 1 434
259 73 59 81
259 105 9 112
259 42 21 343
259 45 57 58
259 112 49 290
259 82 55 362
259 85 37 339
259 21 33 199
259 31 23 163
260 96 16 147
260 65 58 246
260 5 43 5
260 41 40 317
260 47 3 366
260 49 9 230
260 18 13 127
260 119 53 221
260 21 19 401
260 55 33 167
260 25 25 222
260 60 55 13
261 34 3 161
261 100 43 365
261 102 16 188
261 104 7 92
261 74 25 387
261 111 49 386
261 51 46 257
261 22 58 99
261 23 34 211
261 91 21 399
261 28 39 299
261 31 19 279
262 32 3 422
262 34 19 223
262 100 37 5
262 37 49 15
262 70 10 343
262 71 22 147
262 41 46 163
262 43 55 308
262 109 25 331
262 50 52 67
262 27 13 206
262 94 31 219
263 32 45 422
263 35 31 424
263 5 49 364
263 40 55 174
263 9 19 27
263 107 13 326
263 77 22 156
263 84 7 423
263 55 3 236
263 59 52 41
263 93 25 43
263 95 37 78
264 34 15 97
264 58 19 257
264 100 52 69
264 72 31 347
264 105 37 298
264 44 58 324
264 109 45 316
264 46 25 200
264 17 1 280
264 86 55 404
264 87 27 144
264 90 9 210
265 34 39 408
265 35 45 142
265 8 19 99
265 44 10 363
265 13 57 97
265 80 3 333
265 49 51 23
265 83 7 170
265 84 25 193
265 55 29 41
265 87 15 31
265 24 33 294
266 64 43 220
266 69 33 413
266 42 21 84
266 113 13 180
266 55 9 84
266 54 57 369
266 119 47 10
266 53 49 218
266 57 59 144
266 26 1 237
266 92 27 361
266 29 39 233
267 96 10 337
267 33 34 90
267 102 19 267
267 39 55 290
267 77 31 343
267 16 3 301
267 81 45 443
267 87 25 199
267 23 16 228
267 29 47 435
267 30 13 284
267 31 59 340
268 2 16 141
268 101 37 67
268 40 19 83
268 107 25 76
268 77 13 390
268 46 33 131
268 81 9 443
268 18 40 72
268 116 45 332
268 55 51 214
268 62 57 55
268 63 1 327
269 33 55 253
269 100 4 448
269 10 1 330
269 74 40 209
269 44 52 319
269 77 37 318
269 81 33 4
269 117 27 95
269 53 43 70
269 87 19 130
269 26 13 157
269 59 7 249
270 34 47 7
270 6 49 197
270 39 55 139
270 8 15 128
270 10 28 263
270 14 7 226
270 52 59 237
270 118 1 32
270 119 9 243
270 87 33 149
270 90 19 76
270 88 40 46
271 100 55 263
271 4 5 410
271 70 49 300
271 102 10 96
271 40 37 172
271 73 33 351
271 72 19 169
271 104 45 245
271 45 31 25
271 118 13 34
271 87 25 260
271 90 1 429
272 96 58 255
272 66 13 86
272 102 46 27
272 41 37 14
272 73 43 299
272 77 19 331
272 14 51 444
272 48 27 445
272 85 33 339
272 87 1 57
272 90 9 373
272 28 23 182
273 97 37 12
273 67 19 42
273 4 45 421
273 8 51 20
273 40 25 105
273 108 13 163
273 110 17 29
273 49 9 23
273 54 39 369
273 55 59 87
273 28 41 438
273 95 1 419
274 96 1 197
274 65 13 276
274 35 33 309
274 69 57 413
274 13 27 419
274 112 19 62
274 82 51 291
274 114 37 51
274 117 43 187
274 88 10 352
274 89 59 175
274 31 23 450
275 32 33 422
275 65 43 191
275 7 52 389
275 42 57 104
275 110 37 29
275 14 55 181
275 29 47 84
275 115 10 166
275 84 39 162
275 85 19 118
275 23 49 261
275 93 1 259
276 64 3 245
276 67 13 361
276 9 43 449
276 106 35 11
276 76 57 82
276 45 51 101
276 80 7 412
276 49 25 2
276 86 46 322
276 24 21 252
276 90 31 415
276 91 39 173
277 6 49 271
277 104 39 237
277 105 31 61
277 40 19 221
277 77 10 355
277 28 59 219
277 115 28 240
277 83 46 194
277 119 53 81
277 90 13 210
277 60 3 261
277 93 55 304
278 66 49 265
278 34 59 223
278 99 19 158
278 98 33 383
278 73 9 351
278 109 43 343
278 46 45 3
278 79 41 13
278 82 13 185
278 117 27 390
278 28 39 232
278 94 15 8
279 65 46 286
279 67 31 337
279 102 58 113
279 7 4 329
279 6 13 433
279 76 29 154
279 109 41 1
279 112 52 360
279 21 19 450
279 87 25 151
279 56 37 186
279 92 9 430
280 64 3 421
280 3 51 436
280 5 13 125
280 37 47 15
280 8 9 24
280 40 43 148
280 44 37 269
280 113 55 380
280 17 21 54
280 117 25 187
280 88 58 284
280 92 33 334
281 64 43 114
281 3 27 436
281 100 37 53
281 37 47 334
281 78 13 193
281 50 40 153
281 117 31 164
281 24 1 252
281 25 59 50
281 90 9 79
281 93 55 43
281 57 49 9
282 102 37 397
282 38 45 133
282 13 57 345
282 47 13 274
282 15 3 407
282 120 22 138
282 62 49 156
282 58 31 442
282 59 16 444
282 60 35 13
282 30 9 194
282 31 29 255
283 32 1 205
283 2 40 141
283 5 31 152
283 111 43 95
283 29 27 435
283 52 11 85
283 119 23 61
283 88 49 320
283 25 35 50
283 58 55 442
283 93 3 179
283 30 9 284
284 32 27 422
284 66 13 177
284 100 49 397
284 37 35 433
284 70 7 382
284 71 4 84
284 8 21 347
284 44 31 286
284 45 59 273
284 27 52 55
284 28 57 13
284 94 39 8
285 2 28 141
285 67 25 42
285 70 34 300
285 39 49 428
285 9 4 264
285 43 15 253
285 77 7 328
285 109 53 52
285 113 10 268
285 87 43 280
285 120 58 215
285 31 19 30
286 33 31 253
286 39 25 226
286 41 37 163
286 11 15 362
286 13 21 352
286 46 57 430
286 50 34 153
286 61 9 192
286 54 45 369
286 58 49 305
286 60 59 132
286 93 1 43
287 70 16 343
287 102 7 27
287 12 1 124
287 109 51 336
287 15 21 407
287 81 25 15
287 113 13 397
287 83 10 323
287 52 47 85
287 85 43 355
287 114 23 315
287 92 39 7
288 56 27 391
288 58 1 391
288 38 37 128
288 105 21 328
288 50 46 153
288 114 39 315
288 83 43 46
288 24 13 384
288 90 7 368
288 27 31 172
288 61 57 73
288 63 51 327
289 99 43 304
289 4 51 421
289 70 37 195
289 6 1 149
289 42 41 86
289 79 9 441
289 80 25 160
289 112 34 176
289 85 15 355
289 87 55 196
289 58 21 234
289 31 13 30
290 70 43 91
290 9 13 315
290 11 21 303
290 43 37 308
290 76 33 82
290 60 27 434
290 108 49 134
290 53 9 125
290 87 55 199
290 25 59 172
290 90 3 309
290 28 19 97
291 97 49 319
291 66 7 173
291 99 58 147
291 69 19 280
291 104 1 131
291 106 37 11
291 77 46 145
291 50 13 194
291 83 43 374
291 119 35 10
291 55 27 304
291 88 55 148
292 35 39 207
292 4 9 417
292 100 25 263
292 8 55 20
292 9 28 190
292 106 23 11
292 43 13 282
292 14 19 273
292 48 33 445
292 81 51 450
292 54 31 310
292 93 3 168
293 98 13 336
293 8 57 243
293 41 7 279
293 42 17 248
293 78 49 193
293 14 21 444
293 112 1 68
293 47 33 444
293 52 31 285
293 55 27 441
293 24 45 18
293 29 35 217
294 67 4 281
294 35 33 307
294 6 45 149
294 39 7 215
294 43 49 296
294 13 27 431
294 110 19 248
294 116 39 129
294 52 59 285
294 89 15 386
294 29 13 426
294 94 21 8
295 71 55 267
295 8 31 36
295 72 49 361
295 74 1 209
295 7 4 172
295 81 15 77
295 115 58 365
295 116 21 68
295 56 43 435
295 90 37 179
295 30 27 404
295 95 9 52
296 66 49 259
296 2 25 141
296 70 28 343
296 71 22 226
296 72 55 287
296 106 19 11
296 107 13 234
296 56 31 391
296 89 3 386
296 26 45 175
296 60 39 434
296 95 7 156
297 96 4 139
297 97 55 12
297 100 46 53
297 8 33 116
297 9 19 449
297 74 1 115
297 78 40 285
297 111 13 112
297 82 51 417
297 114 27 315
297 28 7 338
297 94 9 372
298 33 4 90
298 98 9 94
298 4 35 388
298 6 37 59
298 104 43 396
298 13 15 431
298 79 33 441
298 114 51 315
298 83 28 372
298 19 21 438
298 51 25 352
298 118 57 48
299 36 57 436
299 69 35 99
299 5 28 332
299 100 43 448
299 39 19 139
299 9 16 36
299 107 39 354
299 13 7 431
299 116 51 441
299 24 1 111
299 92 33 430
299 31 37 30
300 64 57 114
300 33 49 90
300 2 31 279
300 36 47 21
300 104 3 202
300 73 19 123
300 78 52 411
300 48 25 109
300 83 43 99
300 53 21 218
300 58 13 90
300 62 9 446
Trạng thái: OPTIMUM
Điểm tối ưu: 3600
Thời gian: 104.3811 giây
