948
1 1 3 1
1 3 55 24
1 5 51 115
1 6 21 89
1 8 25 105
1 9 10 103
1 12 15 17
1 13 58 54
1 19 45 11
1 20 31 83
1 21 35 92
1 27 37 65
2 2 13 99
2 10 45 80
2 12 25 118
2 14 27 79
2 15 7 23
2 16 23 110
2 21 31 2
2 22 40 85
2 25 49 29
2 26 55 36
2 28 33 71
3 4 40 20
3 5 33 23
3 6 49 89
3 7 13 64
3 10 31 41
3 11 58 99
3 13 22 16
3 15 27 120
3 18 45 74
3 21 5 108
3 22 16 99
3 24 7 9
4 2 22 111
4 3 53 9
4 4 49 20
4 13 34 16
4 15 43 120
4 17 13 47
4 20 5 120
4 21 59 2
4 25 55 17
4 28 7 120
4 30 47 67
4 31 1 117
5 2 28 82
5 3 41 24
5 4 4 10
5 7 58 119
5 11 31 19
5 15 19 120
5 16 43 110
5 18 37 74
5 20 35 83
5 23 45 69
5 24 15 100
5 30 53 67
6 32 57 13
6 3 17 9
6 4 46 10
6 8 1 105
6 10 27 80
6 13 31 16
6 15 19 8
6 20 23 83
6 21 13 2
6 22 49 99
6 31 10 117
7 32 59 13
7 2 1 99
7 3 5 64
7 4 55 20
7 8 31 77
7 14 15 53
7 15 51 108
7 19 29 11
7 24 19 100
7 25 25 29
7 27 34 63
7 29 37 35
8 4 34 10
8 6 1 89
8 14 57 53
8 15 43 101
8 17 16 77
8 19 11 11
8 21 49 8
8 22 40 77
8 23 21 92
8 27 13 63
8 28 25 19
8 31 52 117
9 32 49 13
9 3 25 86
9 4 55 10
9 7 1 119
9 8 37 105
9 9 13 27
9 12 45 31
9 16 19 95
9 19 7 11
9 21 35 2
9 23 31 92
9 26 27 58
10 4 28 20
10 5 37 37
10 7 55 119
10 8 16 105
10 9 7 103
10 13 31 54
10 14 1 97
10 25 21 29
10 26 45 99
10 28 49 60
10 30 35 67
10 31 25 117
11 32 29 13
11 3 57 86
11 5 3 65
11 12 43 17
11 13 10 16
11 16 53 101
11 17 25 54
11 19 47 11
11 25 39 29
11 26 31 36
11 29 13 42
11 31 22 117
12 1 55 1
12 4 4 20
12 6 13 106
12 9 25 103
12 13 58 16
12 14 19 79
12 16 47 95
12 17 28 47
12 19 35 72
12 20 1 83
12 21 41 2
12 24 43 100
13 1 37 1
13 3 35 9
13 4 40 10
13 7 58 64
13 10 55 37
13 11 13 19
13 13 7 54
13 15 51 12
13 25 19 65
13 26 43 36
13 29 31 35
13 31 4 41
14 1 49 1
14 4 34 20
14 5 45 23
14 9 22 37
14 10 15 80
14 15 3 23
14 16 1 95
14 26 37 71
14 28 57 19
14 29 19 37
14 30 51 67
15 2 22 96
15 4 10 20
15 9 19 103
15 10 25 97
15 11 7 99
15 12 53 31
15 14 49 79
15 16 55 110
15 18 1 109
15 21 17 2
15 23 33 69
15 27 28 8
16 1 21 1
16 6 25 37
16 12 11 17
16 14 13 97
16 16 9 101
16 19 31 11
16 21 53 2
16 24 55 100
16 25 1 86
16 26 49 58
16 28 43 71
16 31 34 117
17 1 57 1
17 3 51 64
17 4 22 10
17 5 31 111
17 17 4 27
17 18 43 65
17 19 35 11
17 20 47 102
17 21 55 43
17 22 10 96
17 24 13 9
17 31 7 117
18 3 19 9
18 5 45 82
18 7 55 82
18 10 23 11
18 11 58 111
18 15 33 12
18 17 52 27
18 18 7 109
18 19 15 11
18 25 39 86
18 28 27 101
18 31 4 117
19 1 29 1
19 5 15 111
19 9 34 115
19 10 1 80
19 11 40 27
19 12 13 17
19 14 21 97
19 16 57 101
19 18 49 109
19 21 7 2
19 25 3 6
19 27 37 8
20 32 19 13
20 2 37 96
20 3 29 86
20 7 7 53
20 14 57 18
20 18 51 18
20 19 55 72
20 22 1 85
20 28 43 60
20 29 10 35
20 30 13 67
21 32 31 13
21 2 4 96
21 3 39 63
21 8 46 16
21 14 9 79
21 15 19 63
21 19 59 72
21 20 55 102
21 22 16 96
21 27 13 8
21 30 25 67
21 31 52 63
22 1 17 1
22 8 13 82
22 10 27 41
22 14 31 97
22 15 51 8
22 17 58 97
22 19 1 11
22 20 49 83
22 21 11 2
22 23 19 69
22 26 37 36
22 28 7 71
23 32 7 13
23 5 49 6
23 7 31 82
23 10 59 41
23 11 43 19
23 12 29 17
23 13 34 54
23 18 9 18
23 22 19 96
23 23 15 92
23 25 25 6
23 28 37 115
24 4 43 10
24 5 15 23
24 8 52 77
24 10 13 11
24 15 25 23
24 16 5 110
24 17 1 27
24 19 9 72
24 20 31 85
24 21 19 2
24 26 21 71
24 29 34 42
25 1 43 1
25 3 25 63
25 5 33 6
25 8 10 105
25 12 1 17
25 13 4 54
25 16 29 110
25 19 17 11
25 25 45 17
25 26 13 61
25 28 37 111
25 31 55 111
26 32 25 13
26 13 7 16
26 14 57 79
26 15 27 98
26 18 31 113
26 19 17 72
26 21 39 43
26 23 45 92
26 24 51 100
26 28 3 60
26 30 55 67
26 31 13 114
27 32 23 13
27 9 13 65
27 10 49 97
27 11 46 63
27 12 9 31
27 13 43 16
27 16 29 95
27 18 33 109
27 21 59 92
27 23 39 92
27 24 1 9
27 29 16 35
28 32 41 13
28 2 52 96
28 8 22 105
28 10 15 41
28 11 31 63
28 12 35 17
28 16 17 110
28 21 29 113
28 22 43 26
28 23 9 92
28 29 19 42
28 30 25 10
29 32 13 13
29 2 40 96
29 6 3 115
29 9 58 37
29 11 49 63
29 13 52 16
29 16 37 110
29 18 21 18
29 22 10 26
29 27 55 47
29 30 31 67
29 31 16 114
30 1 41 1
30 3 49 86
30 4 31 20
30 10 11 77
30 13 55 16
30 18 45 18
30 19 53 72
30 26 1 61
30 28 37 60
30 29 34 35
30 31 22 114
31 3 1 108
31 4 49 10
31 5 55 65
31 6 45 115
31 11 22 103
31 15 15 101
31 17 34 47
31 20 37 83
31 21 5 2
31 23 7 84
31 29 28 35
31 30 39 67
32 3 5 9
32 4 25 20
32 5 39 6
32 8 58 105
32 9 31 101
32 17 1 54
32 21 29 92
32 23 13 69
32 25 7 6
32 26 19 61
32 28 49 111
32 30 11 10
33 1 39 1
33 10 35 41
33 12 21 101
33 16 41 110
33 20 55 101
33 21 49 2
33 22 7 77
33 24 25 9
33 25 1 29
33 26 45 58
33 27 31 47
33 30 57 67
34 1 5 1
34 2 28 96
34 4 16 10
34 6 51 106
34 15 19 12
34 20 43 83
34 22 40 26
34 23 1 92
34 26 31 119
34 28 57 60
34 31 25 114
35 3 59 63
35 4 37 20
35 7 22 82
35 9 13 103
35 14 51 53
35 16 41 95
35 18 55 109
35 19 19 11
35 20 5 102
35 25 31 64
35 27 43 77
35 30 17 67
36 32 37 13
36 4 19 10
36 6 33 89
36 7 22 64
36 8 28 77
36 9 49 103
36 15 45 98
36 25 57 29
36 26 13 58
36 27 7 63
36 29 25 35
36 31 1 114
37 5 13 120
37 6 7 89
37 9 49 65
37 14 1 53
37 17 19 77
37 18 39 18
37 20 29 102
37 21 37 120
37 22 31 26
37 26 43 61
37 27 34 77
37 30 11 67
38 1 23 1
38 4 19 20
38 7 34 37
38 9 13 37
38 12 25 17
38 15 9 108
38 21 55 2
38 26 51 36
38 28 1 111
38 29 40 42
38 31 43 41
39 32 11 13
39 4 43 20
39 5 55 120
39 8 40 105
39 13 1 16
39 15 13 98
39 16 25 95
39 18 27 74
39 26 21 36
39 27 7 8
39 29 37 42
39 30 59 67
40 1 25 1
40 6 31 106
40 9 37 103
40 14 51 97
40 18 19 70
40 25 7 29
40 27 43 47
40 28 1 101
40 29 40 35
40 30 29 67
40 31 55 114
41 32 53 13
41 3 47 64
41 4 28 10
41 6 55 89
41 9 1 103
41 17 16 54
41 18 43 109
41 20 41 102
41 22 34 26
41 26 9 58
41 28 19 19
41 29 4 42
42 2 13 96
42 5 51 120
42 6 43 116
42 11 37 99
42 13 28 54
42 16 7 110
42 19 49 72
42 20 23 102
42 23 57 11
42 25 19 84
42 29 40 65
42 31 10 114
43 6 27 89
43 7 37 64
43 8 58 77
43 9 46 37
43 13 40 16
43 17 13 77
43 19 49 11
43 20 1 102
43 23 33 84
43 27 4 47
43 28 19 115
44 1 1 1
44 5 51 23
44 6 31 116
44 7 4 16
44 8 28 16
44 10 59 84
44 14 39 79
44 17 16 65
44 21 43 2
44 23 55 69
44 28 9 115
44 29 25 82
45 2 22 109
45 3 45 108
45 4 16 20
45 6 37 89
45 13 49 54
45 16 13 95
45 18 31 74
45 19 25 11
45 22 52 26
45 23 9 69
45 25 1 64
45 29 58 82
46 4 13 10
46 13 37 16
46 14 27 18
46 15 31 120
46 18 9 113
46 19 3 11
46 22 55 117
46 25 51 86
46 27 16 8
46 28 21 60
46 30 45 67
46 31 58 108
47 3 37 86
47 8 25 65
47 10 9 41
47 11 31 103
47 13 13 16
47 14 45 79
47 15 39 12
47 16 7 95
47 18 1 18
47 20 11 83
47 22 22 26
47 31 58 117
48 3 41 64
48 5 57 23
48 6 1 106
48 14 27 97
48 15 51 98
48 16 55 95
48 17 31 27
48 18 9 27
48 19 39 72
48 25 13 29
48 27 43 63
49 1 19 1
49 3 33 86
49 5 1 82
49 6 25 106
49 8 10 65
49 14 45 97
49 16 31 95
49 18 39 70
49 20 7 83
49 21 43 9
49 24 49 9
49 29 55 71
50 4 46 20
50 6 57 116
50 8 25 77
50 13 43 54
50 18 31 70
50 20 51 92
50 22 1 26
50 23 37 69
50 25 21 86
50 26 9 61
50 28 13 115
50 30 49 67
51 32 55 13
51 4 7 20
51 6 33 18
51 11 46 19
51 12 49 17
51 13 16 16
51 14 37 53
51 16 19 110
51 19 53 11
51 20 5 83
51 21 41 108
51 29 25 42
52 2 55 96
52 3 35 108
52 4 22 20
52 10 9 80
52 12 1 118
52 16 19 31
52 18 43 70
52 20 17 83
52 22 49 26
52 24 37 9
52 28 27 71
52 30 33 67
53 3 55 108
53 4 52 20
53 5 31 65
53 7 25 64
53 11 10 99
53 15 21 108
53 17 7 65
53 19 43 72
53 21 47 2
53 23 39 11
53 25 3 77
53 31 28 114
54 1 53 1
54 6 39 106
54 9 58 103
54 11 46 27
54 13 10 54
54 14 33 53
54 15 13 12
54 16 43 95
54 17 28 27
54 20 25 83
54 29 22 35
55 5 7 111
55 6 37 101
55 7 16 64
55 8 1 120
55 11 31 99
55 14 27 53
55 16 51 82
55 17 19 27
55 19 11 72
55 23 57 113
55 25 45 86
55 30 5 67
56 3 7 64
56 7 55 64
56 10 37 80
56 11 16 63
56 12 19 17
56 13 52 54
56 16 1 110
56 18 25 70
56 19 47 72
56 20 29 111
56 22 58 85
56 24 39 100
57 32 17 13
57 3 39 24
57 4 58 10
57 6 27 116
57 8 19 105
57 13 46 54
57 15 7 12
57 17 34 27
57 18 51 70
57 23 3 113
57 28 13 71
57 29 55 42
58 1 59 1
58 3 25 108
58 8 28 105
58 9 49 27
58 13 13 54
58 14 43 53
58 19 33 11
58 21 37 2
58 24 21 9
58 29 16 42
58 30 9 67
58 31 52 114
59 1 31 1
59 2 34 99
59 4 1 10
59 6 51 116
59 9 40 103
59 10 55 11
59 14 9 97
59 15 57 12
59 17 22 27
59 20 47 83
59 29 28 42
59 30 15 67
60 2 25 109
60 5 31 8
60 7 43 64
60 8 55 77
60 12 53 17
60 14 15 18
60 18 39 113
60 21 29 2
60 22 19 26
60 28 49 19
60 30 9 10
60 31 46 114
61 32 47 13
61 7 7 82
61 8 55 105
61 14 31 79
61 16 13 92
61 17 16 27
61 18 21 99
61 20 45 85
61 26 51 61
61 27 37 47
61 29 1 42
61 31 58 114
62 2 1 96
62 4 31 10
62 7 22 119
62 9 46 103
62 10 29 84
62 12 17 17
62 14 37 97
62 15 9 98
62 19 19 72
62 21 25 2
62 24 55 9
62 31 4 114
63 2 19 109
63 7 52 119
63 8 7 105
63 11 16 19
63 18 45 113
63 19 29 72
63 22 55 26
63 23 1 69
63 24 31 9
63 25 39 17
63 28 25 115
63 29 49 37
64 32 43 13
64 3 35 24
64 10 39 41
64 13 19 16
64 14 15 79
64 17 52 65
64 19 37 11
64 22 28 26
64 24 31 100
64 26 57 61
64 28 1 8
64 29 22 42
65 32 49 18
65 4 52 10
65 5 39 23
65 9 34 103
65 11 43 111
65 12 37 17
65 13 25 16
65 18 55 27
65 19 21 11
65 24 3 100
65 26 9 36
65 31 13 117
66 2 25 96
66 3 3 24
66 5 13 6
66 7 52 37
66 8 31 105
66 9 43 103
66 10 1 77
66 12 23 17
66 18 7 74
66 21 37 108
66 27 55 63
66 30 41 67
67 6 15 116
67 9 49 101
67 15 33 98
67 16 31 110
67 18 3 74
67 19 43 11
67 20 59 83
67 21 29 43
67 22 22 85
67 23 25 113
67 25 45 29
67 27 40 8
68 1 47 1
68 8 19 82
68 9 34 101
68 11 7 37
68 12 29 118
68 13 55 54
68 16 11 110
68 17 1 47
68 18 13 74
68 19 5 11
68 20 59 102
68 25 43 84
69 2 34 96
69 5 55 6
69 9 16 103
69 11 10 19
69 13 19 54
69 18 39 109
69 19 5 72
69 20 59 101
69 21 47 108
69 22 7 17
69 23 25 92
69 25 1 63
70 32 31 71
70 2 43 96
70 5 37 82
70 7 25 119
70 8 28 65
70 17 55 97
70 19 51 11
70 21 49 47
70 27 58 8
70 28 9 60
70 30 19 67
71 2 31 96
71 5 21 23
71 7 49 119
71 9 58 115
71 10 3 37
71 12 9 118
71 19 13 72
71 22 46 77
71 23 15 113
71 27 55 8
71 28 27 60
71 31 37 114
72 4 37 10
72 7 40 119
72 9 25 27
72 12 45 118
72 14 1 79
72 15 19 98
72 18 51 74
72 22 16 117
72 23 55 92
72 28 33 60
72 29 10 42
72 30 7 67
73 1 11 1
73 6 21 116
73 7 31 37
73 12 15 118
73 15 37 98
73 18 57 70
73 19 1 72
73 24 27 100
73 27 46 111
73 28 49 71
73 30 3 67
73 31 43 114
74 32 35 13
74 3 33 108
74 5 39 120
74 8 43 105
74 9 10 37
74 13 22 54
74 15 27 108
74 16 49 95
74 18 1 70
74 25 55 84
74 28 15 60
74 29 52 35
75 3 35 86
75 8 46 105
75 9 31 115
75 10 21 80
75 11 52 99
75 12 57 118
75 13 49 16
75 15 25 12
75 18 7 70
75 19 15 72
75 26 39 61
75 28 1 19
76 32 1 37
76 3 3 108
76 6 43 106
76 15 27 63
76 16 15 38
76 20 55 83
76 21 59 43
76 24 7 100
76 25 33 29
76 27 19 111
76 28 39 19
76 30 37 67
77 2 55 99
77 3 15 108
77 5 43 6
77 7 10 53
77 10 31 80
77 12 33 118
77 13 40 54
77 17 37 27
77 18 27 99
77 22 49 77
77 23 3 84
77 30 1 67
78 1 15 1
78 6 39 116
78 9 55 115
78 10 33 41
78 14 19 53
78 19 27 72
78 20 37 102
78 23 51 113
78 24 45 9
78 28 1 71
78 29 7 35
78 30 23 67
79 2 28 109
79 3 39 108
79 4 13 20
79 8 49 105
79 10 1 41
79 12 21 118
79 22 58 26
79 25 9 64
79 27 25 111
79 28 43 8
79 29 55 35
79 31 34 114
80 6 3 116
80 7 34 82
80 8 22 77
80 9 43 37
80 11 55 103
80 12 25 101
80 16 11 95
80 18 15 109
80 19 51 72
80 23 39 84
80 27 7 47
80 31 19 114
Trạng thái: OPTIMUM
Điểm tối ưu: 948
Thời gian: 7.3236 giây
