69
1 14 15 2
2 1 41 4
2 3 1 6
2 4 25 2
2 5 21 8
3 5 27 1
3 6 21 4
3 8 1 3
3 14 57 2
4 3 28 6
4 6 3 4
4 10 49 2
4 11 34 8
4 13 55 9
5 1 59 7
5 4 19 3
5 6 1 4
5 8 51 5
6 1 7 3
6 4 59 3
6 10 55 1
6 11 1 8
7 1 1 5
7 3 52 6
7 4 31 3
7 11 55 8
7 12 25 10
8 15 59 9
9 5 43 1
9 7 59 10
9 11 52 8
9 14 1 2
10 3 55 6
10 5 1 1
10 6 59 4
10 12 34 3
10 14 9 2
11 10 21 2
11 12 55 10
12 2 41 6
12 10 9 6
12 12 31 2
13 5 33 1
13 6 7 4
13 8 41 5
13 13 25 9
13 14 37 2
14 4 53 2
14 10 43 6
14 12 22 10
15 3 22 6
15 7 35 7
15 10 49 1
15 13 40 1
16 3 13 6
16 12 28 3
16 13 4 9
16 15 17 8
17 1 49 5
17 11 13 8
18 3 34 6
18 4 57 3
18 6 29 4
18 8 37 3
18 12 4 10
19 4 19 2
19 7 27 7
20 7 49 7
20 10 39 8
Trạng thái: OPTIMUM
Điểm tối ưu: 69
Thời gian: 0.1405 giây
