1783
1 32 21 218
1 37 34 9
1 39 45 187
1 9 57 191
1 44 1 176
1 13 29 165
1 15 49 147
1 18 11 14
1 51 13 127
1 23 5 1
1 57 25 123
1 28 16 54
2 32 21 49
2 34 7 29
2 36 51 208
2 9 25 100
2 10 57 80
2 49 40 144
2 19 1 190
2 51 29 18
2 20 13 211
2 54 17 135
2 22 35 212
2 26 49 3
3 2 13 194
3 39 39 179
3 43 55 128
3 12 27 56
3 14 1 87
3 46 29 82
3 17 45 147
3 51 51 108
3 54 43 22
3 24 19 51
3 28 4 49
3 29 7 179
4 32 9 218
4 6 19 201
4 8 23 23
4 42 31 80
4 11 13 142
4 14 41 8
4 48 25 58
4 50 37 65
4 20 51 106
4 26 1 221
4 28 28 49
4 30 4 224
5 34 43 29
5 37 16 152
5 43 55 141
5 44 3 174
5 48 13 58
5 49 28 93
5 17 1 147
5 50 7 63
5 54 41 22
5 56 31 49
5 26 47 117
5 28 37 80
6 3 55 2
6 42 19 106
6 13 59 146
6 45 39 18
6 47 45 55
6 16 57 131
6 49 31 144
6 50 7 61
6 24 1 51
6 25 15 17
6 29 49 84
6 30 28 45
7 35 23 191
7 37 52 20
7 6 58 171
7 39 9 166
7 40 19 107
7 27 37 201
7 9 13 149
7 47 33 213
7 20 1 211
7 55 27 101
7 24 55 13
7 59 43 81
8 32 43 124
8 2 9 72
8 6 19 187
8 12 27 119
8 14 59 148
8 47 1 64
8 52 52 158
8 24 22 150
8 57 49 187
8 27 15 91
8 28 34 54
8 31 40 183
9 33 23 89
9 34 31 212
9 4 58 100
9 7 11 8
9 41 55 216
9 42 19 178
9 15 1 164
9 49 25 93
9 20 49 211
9 54 53 135
9 23 35 32
9 59 37 145
10 32 45 120
10 3 17 2
10 36 21 28
10 5 51 58
10 38 37 119
10 28 1 80
10 47 7 64
10 52 13 6
10 25 29 17
10 26 43 3
10 60 31 164
10 30 58 57
11 3 55 99
11 36 51 5
11 38 27 132
11 42 19 86
11 43 15 92
11 15 45 156
11 50 3 56
11 19 7 190
11 20 37 106
11 54 1 171
11 27 57 111
11 30 31 224
12 3 9 14
12 4 31 100
12 9 25 161
12 42 45 152
12 17 1 195
12 18 11 181
12 19 3 223
12 20 37 211
12 53 21 146
12 58 15 157
12 27 49 91
12 29 57 84
13 5 15 15
13 39 57 19
13 7 13 8
13 8 1 23
13 10 7 36
13 11 37 17
13 50 31 63
13 51 11 116
13 19 19 43
13 24 49 51
13 30 25 126
14 32 25 121
14 3 51 164
14 6 34 13
14 41 1 159
14 13 43 146
14 45 23 18
14 47 19 213
14 48 55 58
14 17 17 147
14 54 7 188
14 24 58 94
14 60 31 9
15 4 7 100
15 37 16 47
15 6 25 206
15 9 49 6
15 43 31 44
15 46 13 214
15 14 1 209
15 18 21 66
15 51 35 7
15 19 43 43
15 24 58 51
15 60 28 166
16 35 29 175
16 5 55 68
16 37 7 171
16 6 10 128
16 11 31 24
16 46 5 82
16 18 59 14
16 21 13 101
16 54 41 86
16 23 49 1
16 28 19 45
16 29 25 174
17 32 3 218
17 6 55 159
17 40 49 107
17 41 19 159
17 44 37 163
17 14 1 8
17 20 21 211
17 56 7 49
17 24 46 11
17 31 28 168
17 29 31 65
17 57 13 200
18 32 31 56
18 33 43 89
18 35 29 191
18 36 1 5
18 40 39 77
18 41 25 90
18 12 7 139
18 16 3 206
18 18 19 14
18 54 37 22
18 25 11 17
18 59 55 145
19 33 55 160
19 2 7 194
19 4 4 100
19 44 51 90
19 12 17 10
19 13 31 146
19 50 27 63
19 51 43 7
19 52 58 6
19 60 1 166
19 29 39 97
19 30 19 207
20 5 9 200
20 38 3 86
20 41 43 90
20 10 39 159
20 44 31 176
20 45 59 18
20 47 25 64
20 51 29 208
20 52 52 85
20 19 13 223
20 56 21 176
20 28 46 197
21 33 41 89
21 4 55 100
21 37 7 20
21 38 49 151
21 7 53 202
21 44 15 175
21 21 27 61
21 23 1 94
21 24 22 201
21 58 43 145
21 59 31 145
21 31 4 171
22 33 47 89
22 3 21 111
22 4 1 100
22 6 58 13
22 41 49 90
22 10 37 36
22 9 33 6
22 14 7 8
22 53 19 21
22 23 51 216
22 57 4 123
22 29 27 65
23 8 35 63
23 42 25 152
23 10 55 36
23 47 31 55
23 19 7 90
23 52 52 225
23 53 49 28
23 55 1 62
23 25 45 209
23 28 13 54
23 30 22 35
24 2 33 137
24 3 41 2
24 36 25 5
24 9 19 161
24 41 1 143
24 44 3 163
24 51 49 7
24 20 37 27
24 54 59 179
24 56 13 124
24 24 10 11
24 60 7 45
25 33 35 89
25 4 22 88
25 36 13 5
25 6 16 153
25 41 55 90
25 45 31 118
25 46 49 214
25 54 41 188
25 58 37 95
25 27 25 91
25 31 1 88
26 3 41 111
26 8 47 23
26 42 55 217
26 10 37 116
26 44 49 163
26 51 23 7
26 22 1 41
26 55 13 111
26 56 43 26
26 58 19 38
26 60 4 115
26 29 27 97
27 59 19 81
27 11 58 142
27 12 31 161
27 45 15 18
27 54 53 22
27 23 25 1
27 24 34 11
27 27 1 91
27 28 43 31
27 29 49 198
27 30 7 35
27 31 46 134
28 33 57 89
28 41 59 90
28 44 7 174
28 45 35 149
28 46 47 214
28 47 43 64
28 53 21 67
28 55 13 86
28 56 25 26
28 25 31 17
28 28 49 45
28 29 37 52
29 32 57 102
29 42 51 26
29 44 27 176
29 16 49 46
29 18 43 14
29 51 25 221
29 24 4 13
29 57 34 35
29 58 13 63
29 29 45 97
29 25 9 192
29 31 37 150
30 36 13 216
30 5 49 218
30 6 55 201
30 37 25 168
30 39 39 133
30 8 31 125
30 47 33 178
30 48 16 58
30 18 5 199
30 21 1 188
30 60 28 106
31 37 52 1
31 6 7 13
31 9 37 86
31 17 19 147
31 50 45 122
31 52 1 162
31 20 31 177
31 54 25 22
31 27 13 201
31 60 4 77
31 29 55 179
31 31 28 16
32 6 34 206
32 8 31 138
32 40 37 107
32 44 13 163
32 14 59 8
32 16 29 46
32 56 1 95
32 57 49 123
32 28 19 31
32 30 7 222
32 31 52 88
33 33 19 89
33 3 9 89
33 36 55 5
33 4 34 166
33 38 39 200
33 8 45 77
33 42 51 185
33 13 1 212
33 53 15 127
33 54 25 111
33 31 31 59
34 3 5 2
34 36 15 27
34 5 1 60
34 35 13 1
34 42 39 222
34 13 29 146
34 14 55 131
34 52 25 158
34 57 31 12
34 27 51 115
34 30 19 77
34 31 22 16
35 33 35 132
35 3 19 2
35 40 15 107
35 47 55 64
35 48 22 108
35 17 47 147
35 18 1 174
35 51 5 85
35 54 51 77
35 56 9 95
35 25 7 17
35 58 31 222
36 34 21 212
36 3 13 2
36 4 4 88
36 8 59 63
36 10 7 106
36 44 37 90
36 45 33 75
36 48 49 168
36 49 1 144
36 50 43 56
36 56 55 26
36 31 25 16
37 33 17 89
37 3 45 111
37 7 25 8
37 9 39 100
37 12 5 10
37 13 9 165
37 17 57 147
37 50 27 192
37 18 47 14
37 19 49 43
37 24 34 51
37 29 1 84
38 32 51 166
38 2 9 137
38 37 16 171
38 8 37 23
38 45 55 18
38 16 29 216
38 49 22 126
38 21 39 117
38 58 1 207
38 59 57 44
38 30 13 21
38 31 46 16
39 4 40 88
39 8 13 23
39 41 47 90
39 10 15 36
39 12 1 10
39 17 43 147
39 50 3 21
39 22 25 41
39 23 53 108
39 24 22 51
39 27 7 115
39 28 31 31
40 33 53 89
40 36 47 5
40 37 55 149
40 6 13 206
40 42 31 106
40 47 21 64
40 48 4 53
40 51 29 71
40 22 49 41
40 55 39 15
40 30 43 35
40 31 1 16
41 33 7 132
41 35 5 175
41 40 43 107
41 41 13 90
41 42 25 178
41 49 1 225
41 19 19 190
41 52 16 85
41 20 31 131
41 54 47 22
41 59 37 60
41 31 58 175
42 32 37 166
42 33 7 89
42 6 46 171
42 8 15 138
42 46 13 82
42 48 25 62
42 17 41 195
42 51 35 116
42 52 19 59
42 54 11 22
42 25 29 171
42 29 51 109
43 2 25 137
43 5 33 182
43 39 13 198
43 40 51 136
43 45 19 18
43 14 39 20
43 16 17 46
43 18 57 114
43 55 7 101
43 27 1 201
43 60 43 115
43 29 21 174
44 32 51 56
44 34 45 212
44 3 49 2
44 35 19 1
44 11 16 24
44 12 43 10
44 28 34 31
44 47 21 55
44 23 31 216
44 55 25 220
44 60 7 9
44 30 4 35
45 5 57 81
45 6 25 106
45 40 31 107
45 43 19 141
45 49 40 148
45 20 43 106
45 53 51 142
45 21 15 78
45 55 9 62
45 24 37 11
45 57 28 12
45 30 1 35
46 34 51 29
46 6 34 128
46 43 37 50
46 44 19 163
46 12 29 21
46 46 7 82
46 16 23 46
46 19 13 43
46 52 46 85
46 23 41 94
46 53 1 142
46 55 55 101
47 34 3 212
47 38 7 225
47 6 28 13
47 12 31 72
47 14 47 8
47 47 55 178
47 15 43 73
47 49 52 93
47 20 21 27
47 21 33 78
47 22 59 157
47 60 16 115
48 8 53 23
48 41 1 216
48 42 49 181
48 10 3 36
48 13 47 146
48 15 57 196
48 47 43 178
48 17 11 147
48 18 7 14
48 21 13 61
48 22 27 209
48 28 37 31
49 3 7 2
49 37 37 45
49 39 57 133
49 12 47 139
49 13 49 146
49 51 29 108
49 19 1 90
49 21 43 179
49 26 5 221
49 27 21 115
49 30 52 131
49 31 10 20
50 38 3 132
50 39 31 112
50 8 27 131
50 9 49 22
50 12 53 119
50 28 16 80
50 50 39 23
50 19 7 43
50 22 11 41
50 55 55 15
50 60 43 166
50 31 22 210
51 3 47 2
51 4 43 88
51 43 3 128
51 44 31 175
51 45 41 18
51 20 19 204
51 53 39 121
51 54 25 86
51 22 1 168
51 56 49 116
51 57 13 12
51 21 57 30
52 33 25 89
52 35 43 1
52 8 29 23
52 9 3 151
52 44 13 174
52 49 22 109
52 53 17 3
52 22 31 41
52 55 33 39
52 27 51 38
52 29 57 97
52 31 7 183
53 32 37 120
53 7 23 8
53 39 57 161
53 10 15 159
53 43 31 218
53 60 1 106
53 16 9 46
53 18 51 66
53 21 19 57
53 22 11 172
53 28 4 147
53 31 43 171
54 58 43 63
54 37 4 168
54 7 13 122
54 43 33 139
54 12 11 161
54 13 27 146
54 14 51 119
54 21 39 112
54 56 15 116
54 24 19 94
54 26 37 117
54 31 1 210
55 33 49 89
55 7 41 67
55 44 55 176
55 13 39 146
55 60 34 115
55 46 23 82
55 17 31 147
55 53 53 127
55 24 10 94
55 28 13 197
55 30 4 126
56 34 51 212
56 6 4 165
56 39 9 85
56 42 55 86
56 44 43 176
56 16 47 138
56 19 25 190
56 52 40 158
56 53 59 21
56 27 33 114
56 28 13 31
56 31 19 171
57 32 57 124
57 34 39 29
57 3 53 99
57 7 29 138
57 44 25 163
57 46 19 82
57 49 13 93
57 19 1 43
57 55 49 101
57 23 21 162
57 24 31 51
57 27 43 91
58 33 21 132
58 36 55 56
58 38 13 185
58 8 31 179
58 13 53 165
58 47 37 178
58 48 28 58
58 18 17 14
58 19 7 223
58 56 45 150
58 59 3 145
58 60 25 45
59 32 3 120
59 39 7 22
59 40 57 136
59 42 51 32
59 43 27 92
59 44 45 174
59 13 21 165
59 46 17 82
59 15 37 164
59 52 34 24
59 53 23 3
59 26 31 3
60 33 1 89
60 36 31 5
60 5 57 34
60 38 39 139
60 8 55 23
60 12 25 72
60 16 11 46
60 49 49 148
60 20 13 177
60 53 29 86
60 56 7 116
60 30 46 35
61 5 9 34
61 38 37 151
61 6 22 13
61 40 45 136
61 42 57 152
61 43 49 44
61 13 19 212
61 46 17 214
61 18 27 14
61 51 31 7
61 54 33 111
61 31 4 16
62 4 43 67
62 58 15 38
62 39 21 19
62 9 9 21
62 43 27 127
62 18 31 166
62 50 55 140
62 20 51 177
62 55 37 32
62 26 1 117
62 27 33 33
63 37 40 1
63 7 31 202
63 42 21 185
63 45 49 18
63 46 55 214
63 13 1 146
63 16 59 46
63 19 33 43
63 55 27 39
63 23 47 162
63 25 15 219
63 60 10 109
64 36 21 92
64 6 49 13
64 9 7 112
64 10 39 210
64 11 25 24
64 45 53 18
64 13 35 146
64 15 13 99
64 50 57 122
64 57 1 200
64 58 31 124
65 35 1 121
65 36 29 5
65 37 25 68
65 38 13 132
65 3 39 140
65 10 45 210
65 11 7 123
65 44 33 90
65 47 49 64
65 48 10 108
65 50 55 21
65 51 5 7
66 32 21 95
66 34 55 29
66 3 37 2
66 44 43 163
66 12 27 21
66 15 9 73
66 48 31 183
66 51 53 7
66 22 7 41
66 55 3 220
66 59 39 110
66 28 49 52
67 34 21 29
67 36 37 28
67 8 19 23
67 10 57 210
67 47 15 213
67 16 31 46
67 50 1 61
67 22 41 41
67 59 27 44
67 60 46 164
67 29 49 65
67 30 10 35
68 33 37 89
68 35 7 1
68 36 3 72
68 5 43 93
68 40 57 107
68 17 47 188
68 18 15 14
68 21 19 112
68 53 5 121
68 56 9 78
68 25 1 17
68 59 51 145
69 32 27 124
69 38 21 119
69 42 15 110
69 44 55 163
69 45 35 204
69 12 47 21
69 21 3 117
69 56 51 150
69 25 13 17
69 59 43 110
69 30 37 57
70 2 57 76
70 35 27 191
70 3 29 2
70 37 43 9
70 40 15 136
70 44 39 174
70 15 31 99
70 50 9 146
70 51 25 7
70 24 1 78
70 25 23 17
70 28 49 31
71 32 33 67
71 4 7 67
71 40 13 60
71 11 10 142
71 12 1 21
71 18 3 181
71 51 23 199
71 50 25 180
71 23 17 1
71 24 52 11
71 25 41 146
71 29 37 109
72 36 59 5
72 40 9 37
72 9 13 100
72 10 49 36
72 42 43 217
72 43 25 129
72 13 19 146
72 48 37 58
72 17 35 147
72 53 33 3
72 54 1 149
72 22 21 209
73 32 45 49
73 2 57 123
73 3 53 2
73 39 19 180
73 8 15 131
73 43 25 48
73 12 31 199
73 46 43 82
73 21 33 179
73 23 11 1
73 24 4 11
73 56 49 124
74 6 37 153
74 27 31 91
74 9 15 191
74 10 55 116
74 45 29 75
74 15 43 142
74 16 3 131
74 53 9 47
74 55 51 86
74 26 49 33
74 59 25 81
74 60 22 45
75 32 13 49
75 33 29 89
75 37 55 20
75 39 1 19
75 41 27 143
75 12 7 56
75 14 45 17
75 49 22 93
75 53 37 47
75 54 9 182
75 59 51 110
75 30 31 207
76 32 43 219
76 2 51 76
76 5 39 39
76 38 1 119
76 6 13 171
76 41 33 216
76 12 19 139
76 13 5 146
76 51 21 18
76 21 7 57
76 56 25 135
76 31 16 16
77 32 55 49
77 35 33 102
77 37 16 168
77 39 19 166
77 45 11 118
77 14 47 20
77 15 37 40
77 49 28 126
77 52 1 85
77 24 4 51
77 57 13 33
77 58 7 38
78 2 43 194
78 35 7 34
78 4 10 100
78 5 21 48
78 8 3 179
78 13 25 146
78 45 1 18
78 48 31 58
78 51 19 34
78 21 49 61
78 55 37 220
78 24 58 11
79 33 15 160
79 2 57 27
79 5 39 10
79 9 31 86
79 11 49 24
79 44 7 176
79 15 27 15
79 55 21 15
79 24 52 128
79 26 55 19
79 27 1 141
79 30 46 207
80 34 13 29
80 2 9 27
80 39 25 112
80 8 55 184
80 9 37 161
80 13 23 165
80 48 4 58
80 19 43 190
80 51 19 7
80 23 31 1
80 25 29 87
80 59 33 60
81 32 43 121
81 40 3 37
81 27 51 199
81 42 57 110
81 43 9 129
81 12 17 56
81 9 13 161
81 14 33 148
81 52 22 85
81 22 25 47
81 59 27 47
81 30 40 57
82 7 29 8
82 8 11 23
82 40 33 37
82 14 9 209
82 16 15 203
82 53 41 142
82 22 3 157
82 55 55 28
82 26 45 129
82 59 21 110
82 60 37 138
83 33 9 132
83 3 53 111
83 35 37 34
83 6 46 13
83 7 27 50
83 40 1 107
83 8 7 23
83 42 31 32
83 18 11 174
83 53 19 208
83 21 57 61
83 56 49 95
84 3 49 110
84 4 16 166
84 5 1 182
84 37 40 171
84 40 33 136
84 47 7 55
84 15 27 164
84 17 55 147
84 18 23 14
84 49 19 148
84 20 43 32
84 28 58 66
85 2 57 202
85 34 31 29
85 58 45 195
85 6 52 13
85 39 27 85
85 8 25 23
85 7 5 8
85 19 37 43
85 51 13 7
85 25 49 17
85 26 9 39
85 30 16 35
86 32 25 95
86 39 55 85
86 8 53 184
86 7 17 8
86 41 5 216
86 27 1 33
86 45 49 149
86 50 19 61
86 20 7 177
86 55 39 3
86 24 31 94
86 59 43 60
87 33 45 160
87 37 34 45
87 38 1 114
87 39 37 85
87 40 21 136
87 42 9 86
87 10 25 71
87 47 15 64
87 16 13 46
87 52 31 10
87 22 43 41
87 54 53 179
88 5 19 60
88 6 1 187
88 40 57 37
88 11 4 17
88 15 51 27
88 16 29 203
88 49 10 144
88 18 31 170
88 21 25 30
88 56 39 135
88 27 45 114
88 30 13 222
89 2 1 137
89 39 51 133
89 8 9 205
89 40 31 159
89 10 57 112
89 7 15 135
89 13 55 146
89 15 19 39
89 18 13 166
89 53 11 3
89 54 47 182
89 60 25 9
90 32 31 219
90 33 11 89
90 36 35 72
90 13 57 165
90 14 1 55
90 49 46 126
90 51 7 7
90 53 51 127
90 56 21 2
90 57 4 12
90 27 37 91
90 60 13 45
91 2 45 184
91 3 31 178
91 36 37 5
91 5 9 156
91 6 28 147
91 38 39 132
91 45 51 204
91 47 1 178
91 18 57 174
91 51 59 7
91 23 33 119
91 56 21 124
92 32 7 92
92 5 31 156
92 41 41 90
92 12 49 10
92 13 37 146
92 48 1 58
92 49 52 148
92 53 15 143
92 28 22 31
92 29 57 109
92 31 43 16
93 33 55 89
93 36 49 222
93 37 25 118
93 39 31 180
93 42 39 190
93 47 3 55
93 19 15 190
93 51 57 18
93 21 7 161
93 54 21 188
93 27 51 33
93 28 46 155
94 32 55 92
94 2 27 76
94 5 21 152
94 37 16 45
94 7 31 8
94 41 9 159
94 43 33 48
94 47 51 55
94 49 13 109
94 18 45 159
94 20 1 177
94 56 37 94
95 32 3 67
95 33 13 160
95 34 25 29
95 36 19 5
95 7 43 8
95 39 31 22
95 41 21 159
95 45 37 18
95 18 53 14
95 52 10 6
95 23 29 152
95 28 49 155
96 35 55 1
96 4 37 88
96 5 45 68
96 6 40 13
96 39 51 162
96 15 1 40
96 48 34 58
96 18 7 114
96 51 9 7
96 25 57 192
96 26 25 117
96 30 13 35
97 2 49 137
97 34 7 212
97 36 21 73
97 5 15 34
97 9 39 149
97 42 31 190
97 14 37 8
97 15 43 15
97 21 1 57
97 22 55 41
97 25 47 17
97 28 25 155
98 33 1 160
98 2 45 137
98 35 39 191
98 37 13 118
98 38 33 151
98 8 29 184
98 44 49 175
98 13 3 146
98 15 55 164
98 50 19 56
98 56 7 26
98 29 25 84
99 2 1 194
99 37 7 168
99 39 49 193
99 45 25 18
99 13 15 146
99 50 37 61
99 51 29 7
99 21 43 101
99 23 27 66
99 26 47 3
99 29 19 65
99 30 34 57
100 33 59 132
100 6 1 3
100 9 21 100
100 42 25 46
100 15 33 40
100 47 55 55
100 17 53 147
100 18 15 199
100 22 51 47
100 24 40 51
100 57 10 2
100 31 43 183
101 32 37 73
101 6 10 13
101 42 57 32
101 43 13 129
101 46 31 82
101 14 3 8
101 15 19 221
101 17 51 195
101 19 27 90
101 20 33 223
101 53 5 3
101 58 45 38
102 32 13 121
102 33 57 160
102 3 43 2
102 4 49 4
102 37 40 81
102 6 31 13
102 12 53 10
102 14 55 209
102 15 7 15
102 47 27 55
102 52 37 6
102 23 59 108
103 3 35 2
103 4 7 88
103 7 49 8
103 8 3 23
103 44 31 163
103 16 55 133
103 21 39 24
103 53 13 3
103 25 19 17
103 59 21 145
103 28 46 31
104 4 4 166
104 6 25 187
104 39 7 193
104 40 39 37
104 9 45 86
104 43 13 48
104 13 51 165
104 52 28 158
104 23 21 20
104 56 33 68
104 58 55 118
104 31 1 213
105 5 49 156
105 9 15 13
105 47 27 213
105 16 55 46
105 51 41 7
105 20 45 211
105 52 4 109
105 56 7 117
105 26 59 33
105 30 37 224
105 31 31 16
106 32 51 73
106 6 37 13
106 40 13 77
106 11 4 142
106 13 11 212
106 19 57 223
106 21 7 30
106 22 17 41
106 58 43 95
106 59 25 145
106 60 19 102
106 30 1 45
107 35 43 50
107 3 1 205
107 37 10 81
107 44 45 175
107 48 58 58
107 49 7 144
107 17 41 147
107 52 22 6
107 23 3 152
107 27 33 141
107 28 25 31
107 31 13 150
108 2 31 76
108 5 49 152
108 37 22 47
108 39 37 180
108 10 57 144
108 13 13 146
108 49 43 148
108 51 17 7
108 57 19 12
108 27 7 201
108 30 28 35
109 33 51 92
109 35 35 94
109 38 19 200
109 8 49 77
109 10 31 36
109 46 11 214
109 48 46 58
109 49 37 126
109 52 43 6
109 20 55 177
109 55 1 104
109 30 40 35
110 4 31 4
110 38 49 114
110 7 39 134
110 42 9 152
110 49 4 144
110 18 55 14
110 51 59 141
110 23 29 99
110 56 45 168
110 57 16 187
110 60 1 32
110 29 25 198
111 32 37 49
111 35 45 42
111 36 9 68
111 5 1 155
111 46 25 82
111 51 55 7
111 53 29 3
111 22 33 168
111 23 35 108
111 59 49 60
111 60 22 104
111 31 19 210
112 34 3 29
112 6 25 165
112 7 19 8
112 48 37 108
112 18 49 14
112 50 21 143
112 20 45 177
112 22 59 172
112 56 9 135
112 27 55 115
112 60 28 9
112 29 31 198
113 34 57 212
113 36 41 5
113 4 28 88
113 6 25 13
113 39 1 161
113 42 49 80
113 44 37 175
113 12 47 10
113 14 35 8
113 47 7 178
113 19 19 90
113 30 31 35
114 32 49 120
114 3 29 140
114 5 55 193
114 37 34 171
114 39 25 193
114 41 45 165
114 44 13 176
114 12 9 133
114 46 43 214
114 47 39 213
114 56 19 224
114 31 4 150
115 33 51 132
115 37 4 149
115 39 13 193
115 11 34 123
115 13 53 146
115 14 59 209
115 15 9 158
115 16 43 46
115 17 23 147
115 56 19 26
115 57 25 12
116 4 16 67
116 5 1 39
116 7 27 202
116 8 43 23
116 10 51 112
116 11 13 123
116 12 23 139
116 17 49 195
116 49 46 148
116 18 59 159
116 54 9 188
116 30 31 77
117 2 25 194
117 35 51 191
117 34 13 212
117 5 31 155
117 6 55 106
117 39 9 180
117 8 39 205
117 9 21 149
117 40 43 37
117 17 7 147
117 28 1 31
117 31 58 93
118 33 39 92
118 7 47 67
118 40 49 159
118 8 37 77
118 44 7 175
118 50 1 122
118 51 11 18
118 22 19 41
118 56 25 2
118 25 53 17
118 58 55 67
118 28 13 155
119 42 7 32
119 47 57 213
119 16 53 46
119 50 33 21
119 19 27 223
119 52 4 213
119 53 15 147
119 20 37 204
119 55 49 111
119 25 43 17
119 30 19 35
119 57 46 200
120 2 13 76
120 35 47 1
120 36 49 5
120 56 51 49
120 7 45 202
120 45 1 118
120 49 40 93
120 22 33 41
120 24 10 51
120 26 57 117
120 59 3 44
120 60 22 22
121 33 33 160
121 4 1 189
121 37 49 81
121 9 27 22
121 41 23 90
121 49 55 93
121 17 59 195
121 51 39 221
121 52 4 225
121 22 9 70
121 26 15 39
121 29 43 198
122 39 37 193
122 9 25 151
122 43 1 50
122 44 21 175
122 46 59 214
122 49 55 126
122 19 49 190
122 21 15 55
122 54 33 188
122 53 47 60
122 55 43 162
122 59 7 60
123 35 27 102
123 5 39 34
123 43 49 48
123 44 31 174
123 50 55 63
123 19 21 223
123 18 37 14
123 21 9 87
123 20 13 106
123 25 29 60
123 59 45 44
123 28 4 197
124 32 49 102
124 2 7 76
124 36 27 222
124 37 16 20
124 5 57 39
124 39 31 85
124 58 3 18
124 12 35 10
124 47 43 213
124 21 19 179
124 26 25 3
124 28 40 31
125 8 57 184
125 9 1 48
125 10 15 178
125 11 37 123
125 14 21 117
125 16 41 46
125 49 7 93
125 18 55 199
125 52 25 59
125 54 45 188
125 55 33 162
125 56 49 135
126 37 4 118
126 5 49 200
126 39 15 179
126 9 25 6
126 41 23 216
126 11 10 123
126 44 39 176
126 43 43 139
126 15 19 118
126 51 33 221
126 54 57 188
126 28 1 54
127 37 28 118
127 38 51 15
127 39 7 124
127 11 19 123
127 45 41 121
127 18 5 14
127 52 46 6
127 53 31 121
127 55 55 104
127 58 37 162
127 59 15 145
127 31 25 183
128 33 33 89
128 35 9 113
128 41 31 90
128 43 19 79
128 44 51 176
128 13 45 146
128 46 1 82
128 47 39 64
128 19 15 90
128 22 59 41
128 25 27 219
128 59 55 60
129 2 21 137
129 35 29 112
129 11 55 142
129 45 15 204
129 14 39 209
129 15 31 142
129 17 27 195
129 50 43 180
129 51 3 7
129 23 9 150
129 29 49 97
129 30 58 168
130 40 19 37
130 41 33 165
130 9 37 21
130 43 55 48
130 10 45 116
130 13 41 212
130 45 27 204
130 18 13 66
130 51 9 221
130 52 49 158
130 22 5 41
130 60 1 102
131 5 15 81
131 38 25 113
131 12 51 161
131 46 53 214
131 47 7 213
131 17 39 195
131 49 31 93
131 53 55 3
131 25 57 219
131 58 43 118
131 59 19 44
131 29 3 52
132 3 57 222
132 39 21 198
132 8 51 205
132 9 3 6
132 11 13 24
132 45 19 173
132 18 29 14
132 52 16 6
132 53 53 3
132 23 59 119
132 57 34 12
132 60 7 77
133 32 9 120
133 35 35 1
133 41 49 216
133 11 55 17
133 43 37 79
133 12 3 139
133 48 13 205
133 17 33 195
133 18 59 174
133 23 21 99
133 58 43 157
133 30 25 35
134 2 21 72
134 39 43 193
134 40 7 136
134 41 31 165
134 12 27 10
134 15 15 73
134 17 57 195
134 49 34 144
134 19 37 223
134 52 1 59
134 57 52 12
134 30 49 35
135 33 51 89
135 3 33 2
135 4 13 189
135 9 1 191
135 16 27 216
135 49 22 225
135 51 25 108
135 20 43 27
135 54 39 188
135 23 59 1
135 58 7 207
135 31 19 16
136 35 33 34
136 6 4 187
136 8 25 172
136 42 57 185
136 12 13 10
136 45 1 75
136 50 43 181
136 19 51 223
136 53 21 80
136 58 37 207
136 27 9 91
136 29 15 97
137 2 43 76
137 36 1 56
137 9 57 151
137 42 37 124
137 43 3 79
137 12 25 10
137 14 15 209
137 16 9 216
137 49 31 225
137 53 51 68
137 23 47 108
137 26 21 181
138 32 51 121
138 38 45 185
138 39 33 187
138 40 7 107
138 9 1 22
138 11 16 142
138 12 39 199
138 45 37 75
138 24 19 11
138 57 22 187
138 27 27 38
138 29 57 198
139 3 3 140
139 6 52 171
139 8 33 205
139 40 13 37
139 14 5 184
139 47 39 55
139 49 22 148
139 20 43 223
139 21 55 78
139 23 59 150
139 56 7 145
139 27 25 115
140 32 31 95
140 35 59 113
140 38 55 22
140 40 49 37
140 45 35 50
140 13 17 146
140 18 3 199
140 50 25 140
140 20 7 131
140 21 45 112
140 23 15 216
140 58 19 121
141 3 21 222
141 8 57 146
141 11 1 24
141 12 59 10
141 45 9 204
141 15 15 196
141 48 49 183
141 19 25 43
141 52 40 59
141 54 29 183
141 23 43 119
141 31 46 9
142 2 37 76
142 35 21 220
142 4 58 88
142 37 7 118
142 39 33 193
142 11 10 24
142 18 27 182
142 53 15 221
142 21 3 30
142 23 45 216
142 56 49 23
142 31 55 9
143 33 21 160
143 36 17 5
143 37 10 45
143 40 27 107
143 42 13 217
143 11 7 142
143 47 49 178
143 17 25 195
143 21 31 61
143 22 53 41
143 26 45 221
143 30 40 224
144 5 21 193
144 38 7 3
144 7 59 50
144 40 55 77
144 11 43 123
144 12 39 72
144 44 49 174
144 17 13 147
144 18 41 14
144 21 25 179
144 22 5 47
144 23 3 216
145 33 43 92
145 42 15 44
145 14 51 209
145 51 21 34
145 52 7 109
145 21 37 87
145 56 55 150
145 24 28 162
145 59 3 81
145 28 10 52
145 31 46 88
146 5 3 156
146 6 37 217
146 27 43 201
146 11 7 24
146 47 33 64
146 16 21 216
146 17 59 188
146 20 25 211
146 52 40 6
146 22 15 112
146 26 51 221
146 59 55 47
147 37 10 171
147 5 31 26
147 8 57 205
147 40 39 136
147 42 3 46
147 11 46 24
147 12 21 139
147 48 49 188
147 51 15 141
147 57 43 12
147 26 27 221
147 25 37 98
148 33 39 160
148 36 43 212
148 42 19 32
148 11 52 24
148 12 45 199
148 43 15 50
148 48 34 118
148 49 28 225
148 18 57 181
148 52 1 49
148 57 4 106
148 29 9 198
149 33 3 160
149 34 25 212
149 38 49 139
149 7 9 202
149 49 43 225
149 20 57 211
149 21 15 57
149 22 35 41
149 24 31 211
149 25 21 219
149 60 46 104
149 29 37 198
150 34 37 212
150 2 25 144
150 40 1 136
150 12 5 72
150 45 45 204
150 47 51 213
150 48 19 22
150 17 9 195
150 18 57 199
150 53 23 21
150 54 15 188
150 57 34 200
Trạng thái: OPTIMUM
Điểm tối ưu: 1783
Thời gian: 26.0210 giây
