3600
1 64 1 413
1 98 49 422
1 3 17 190
1 38 19 427
1 39 39 132
1 104 34 116
1 73 28 196
1 79 43 191
1 49 31 152
1 20 7 101
1 120 55 151
1 26 13 273
2 89 45 2
2 99 4 44
2 3 25 24
2 74 9 249
2 77 13 276
2 15 40 363
2 48 11 261
2 49 52 152
2 85 57 15
2 86 33 440
2 57 21 112
2 60 27 14
3 66 47 232
3 35 23 432
3 99 13 120
3 37 10 229
3 70 1 8
3 45 29 21
3 46 57 292
3 16 40 124
3 49 16 152
3 82 21 283
3 21 43 65
3 31 51 41
4 32 37 174
4 96 57 235
4 102 52 345
4 40 39 300
4 73 34 13
4 104 22 156
4 43 27 111
4 82 45 3
4 115 9 230
4 118 31 121
4 87 15 262
4 58 7 283
5 100 43 300
5 8 7 443
5 107 21 395
5 46 27 124
5 14 49 72
5 16 4 305
5 19 39 97
5 20 1 101
5 53 53 311
5 117 34 279
5 88 16 182
5 91 58 439
6 65 11 255
6 66 13 354
6 101 55 426
6 39 3 231
6 40 51 444
6 14 46 263
6 47 41 42
6 46 19 216
6 19 9 97
6 85 27 198
6 23 33 82
6 120 37 50
7 32 27 215
7 66 21 209
7 98 15 176
7 46 57 86
7 16 31 124
7 113 37 133
7 50 3 32
7 84 9 190
7 94 45 66
7 90 1 424
7 95 51 322
7 31 13 107
8 33 33 316
8 67 22 22
8 102 7 354
8 103 16 392
8 104 19 239
8 7 57 376
8 78 49 10
8 14 43 418
8 46 1 353
8 52 11 67
8 53 39 311
8 56 25 49
9 65 29 281
9 66 49 447
9 38 4 171
9 12 33 32
9 76 19 114
9 14 37 187
9 111 25 323
9 46 57 353
9 113 13 348
9 48 11 151
9 16 7 307
9 63 1 394
10 68 57 6
10 69 25 84
10 71 34 429
10 39 21 231
10 74 39 138
10 11 4 249
10 111 31 137
10 80 9 402
10 49 28 152
10 48 59 11
10 19 51 97
10 119 1 142
11 34 28 227
11 106 11 338
11 42 49 153
11 46 7 411
11 49 37 152
11 82 19 3
11 51 45 68
11 117 13 279
11 56 34 49
11 91 4 170
11 28 58 126
11 29 21 124
12 97 1 51
12 34 49 13
12 67 52 342
12 35 55 358
12 70 57 22
12 110 21 74
12 111 10 101
12 46 27 411
12 51 33 339
12 117 4 85
12 56 7 49
12 61 40 178
13 2 51 45
13 36 19 119
13 38 22 171
13 9 33 418
13 10 9 23
13 107 39 340
13 46 15 379
13 51 43 241
13 83 31 84
13 23 1 369
13 24 25 120
13 27 57 431
14 75 34 156
14 44 15 433
14 77 43 232
14 110 29 42
14 76 3 27
14 80 53 204
14 85 41 403
14 22 25 329
14 23 37 188
14 55 21 284
14 91 55 112
14 30 49 7
15 7 21 87
15 9 27 181
15 115 1 395
15 19 43 97
15 53 39 146
15 21 55 35
15 84 45 435
15 52 37 63
15 119 10 43
15 20 49 19
15 83 7 34
15 95 13 441
16 33 15 80
16 2 53 381
16 39 43 231
16 106 29 314
16 43 57 111
16 46 21 139
16 47 47 286
16 111 10 27
16 16 49 59
16 116 1 31
16 20 25 203
16 30 31 160
17 96 43 264
17 34 52 293
17 36 25 266
17 6 34 375
17 10 9 17
17 44 15 162
17 13 23 417
17 14 31 387
17 48 21 21
17 17 3 282
17 84 39 227
17 26 57 273
18 4 39 78
18 37 19 317
18 75 52 156
18 110 1 200
18 14 4 269
18 16 22 307
18 46 31 411
18 50 15 32
18 51 7 333
18 19 13 328
18 116 49 450
18 92 25 406
19 98 21 206
19 2 9 45
19 103 25 165
19 104 49 338
19 75 46 324
19 11 16 390
19 109 57 29
19 110 7 42
19 15 52 36
19 77 39 314
19 114 31 23
19 26 1 166
20 65 49 330
20 73 40 115
20 107 57 102
20 43 9 111
20 45 19 21
20 77 45 276
20 16 52 148
20 114 21 155
20 85 11 211
20 118 1 367
20 25 37 1
20 30 25 432
21 35 51 71
21 67 55 294
21 101 46 309
21 14 43 5
21 80 11 402
21 49 22 152
21 17 1 93
21 19 7 97
21 83 39 144
21 86 25 449
21 91 16 233
21 31 3 41
22 32 39 342
22 69 55 389
22 38 13 437
22 9 45 360
22 42 52 153
22 75 7 195
22 12 21 12
22 106 17 378
22 114 1 443
22 52 35 1
22 20 49 101
22 84 25 435
23 70 13 140
23 39 7 285
23 72 27 101
23 103 49 65
23 11 34 257
23 108 11 93
23 109 55 193
23 12 39 291
23 47 45 96
23 113 19 168
23 19 17 97
23 25 1 205
24 35 33 71
24 99 13 158
24 73 10 254
24 74 27 11
24 108 1 406
24 15 4 9
24 18 57 20
24 53 51 146
24 88 16 338
24 60 39 14
24 29 43 240
24 30 21 160
25 65 1 290
25 100 10 401
25 104 31 139
25 8 39 109
25 10 27 17
25 45 7 21
25 111 52 145
25 47 13 42
25 51 15 333
25 118 58 128
25 25 45 242
25 61 55 397
26 32 31 342
26 2 11 45
26 99 43 44
26 98 1 409
26 101 19 198
26 6 52 202
26 100 37 89
26 35 15 71
26 107 7 102
26 12 27 48
26 118 46 42
26 91 58 233
27 2 1 45
27 99 34 44
27 6 31 206
27 109 21 29
27 46 43 18
27 111 13 304
27 80 9 98
27 113 4 445
27 16 16 148
27 84 39 58
27 27 49 358
27 94 27 397
28 102 13 345
28 106 55 28
28 46 37 216
28 79 45 81
28 18 1 145
28 83 19 144
28 20 10 19
28 52 31 105
28 117 22 200
28 54 57 267
28 23 33 369
28 58 7 398
29 65 25 21
29 34 31 210
29 3 35 24
29 36 55 349
29 37 1 113
29 39 45 287
29 106 49 8
29 78 27 419
29 111 37 169
29 83 17 57
29 53 9 146
29 22 51 438
30 32 21 197
30 96 7 39
30 99 43 30
30 39 25 36
30 73 37 449
30 106 1 339
30 75 49 206
30 109 47 43
30 79 31 81
30 20 13 101
30 24 3 433
30 60 57 14
31 34 49 425
31 6 55 303
31 103 52 60
31 39 39 231
31 81 11 10
31 115 43 168
31 84 33 125
31 85 9 15
31 54 21 267
31 24 13 16
31 90 47 312
31 91 25 264
32 34 10 82
32 99 40 30
32 4 43 280
32 103 52 113
32 9 15 137
32 76 57 27
32 44 1 253
32 14 49 323
32 110 21 164
32 16 37 275
32 49 28 420
32 29 31 287
33 33 33 262
33 34 58 247
33 98 7 404
33 71 46 355
33 104 16 422
33 10 21 17
33 49 43 239
33 19 23 97
33 84 27 130
33 54 1 4
33 26 51 273
33 92 13 369
34 64 16 95
34 34 4 373
34 69 58 346
34 38 13 166
34 71 34 355
34 50 11 147
34 114 37 416
34 55 51 220
34 86 7 228
34 87 19 346
34 28 28 306
34 95 45 209
35 64 10 252
35 97 52 299
35 98 45 158
35 99 49 173
35 7 3 358
35 43 39 111
35 13 41 286
35 14 22 416
35 79 55 81
35 49 34 239
35 87 1 122
35 31 43 180
36 2 35 45
36 69 4 219
36 6 49 49
36 9 45 137
36 42 10 387
36 43 33 111
36 15 55 9
36 48 23 11
36 82 29 258
36 50 1 433
36 62 39 288
36 63 58 213
37 66 23 274
37 99 31 334
37 100 7 43
37 37 25 317
37 90 15 74
37 68 3 6
37 76 49 114
37 14 34 323
37 111 58 123
37 55 43 236
37 58 11 4
37 94 39 397
38 98 3 422
38 3 19 24
38 67 46 316
38 75 31 412
38 107 39 313
38 109 27 29
38 117 13 127
38 22 7 86
38 24 57 230
38 89 51 2
38 91 34 177
38 62 55 57
39 65 15 178
39 100 52 336
39 10 5 17
39 11 31 126
39 109 21 373
39 78 3 278
39 16 58 104
39 115 7 288
39 52 1 439
39 88 40 420
39 25 13 122
39 95 27 123
40 7 7 11
40 39 19 79
40 105 45 125
40 74 1 188
40 106 3 330
40 14 49 295
40 80 37 204
40 116 55 88
40 56 58 49
40 25 27 62
40 92 40 157
40 31 33 41
41 35 53 358
41 6 55 198
41 73 58 249
41 45 11 21
41 47 1 102
41 49 31 343
41 17 21 247
41 18 45 135
41 118 16 426
41 86 25 309
41 26 7 181
41 29 37 214
42 68 45 411
42 70 57 41
42 39 21 36
42 40 37 79
42 75 13 252
42 28 34 164
42 113 31 302
42 85 27 15
42 86 3 323
42 87 51 112
42 24 9 332
42 92 16 241
43 34 10 96
43 35 57 71
43 4 13 106
43 38 28 293
43 9 37 62
43 10 53 17
43 12 49 40
43 19 31 97
43 20 34 203
43 21 43 59
43 117 19 200
43 23 1 82
44 65 1 435
44 98 9 409
44 103 34 136
44 10 19 17
44 110 3 200
44 79 21 211
44 15 55 365
44 49 52 303
44 18 43 145
44 113 37 185
44 54 15 298
44 120 27 369
45 65 31 332
45 100 46 416
45 5 49 143
45 38 40 166
45 102 7 174
45 70 1 144
45 73 25 157
45 36 37 388
45 109 15 29
45 79 33 215
45 20 10 448
45 25 5 31
46 64 16 252
46 36 43 263
46 39 25 79
46 105 37 280
46 11 40 223
46 13 11 417
46 110 1 42
46 79 33 224
46 45 9 399
46 18 3 199
46 52 19 375
46 29 55 214
47 97 25 51
47 98 21 228
47 99 49 151
47 6 10 73
47 71 28 259
47 45 1 21
47 13 39 53
47 15 58 9
47 112 33 52
47 85 3 15
47 27 15 283
47 31 45 41
48 66 1 294
48 56 7 52
48 36 40 377
48 69 52 359
48 6 49 264
48 107 21 301
48 75 34 322
48 79 57 191
48 16 43 275
48 84 3 425
48 24 27 349
48 26 15 365
49 96 57 96
49 65 37 389
49 68 27 6
49 38 46 206
49 39 19 285
49 43 25 111
49 109 23 345
49 79 13 215
49 48 17 81
49 118 4 239
49 23 49 16
49 25 39 284
50 96 19 295
50 98 15 117
50 99 49 30
50 70 1 245
50 73 58 157
50 107 9 81
50 78 31 321
50 20 52 19
50 26 27 371
50 29 45 124
50 30 33 372
50 31 39 41
51 71 28 229
51 10 43 17
51 108 7 10
51 16 31 435
51 113 1 229
51 18 37 145
51 53 15 146
51 86 51 449
51 88 58 37
51 60 11 40
51 61 22 147
51 62 35 160
52 68 49 201
52 102 31 184
52 59 43 299
52 10 41 220
52 43 11 111
52 45 23 21
52 113 13 1
52 87 1 54
52 89 27 2
52 91 19 264
52 29 51 124
52 94 37 326
53 96 9 365
53 99 43 120
53 4 15 417
53 74 29 344
53 76 31 119
53 45 5 21
53 110 7 151
53 52 51 439
53 21 25 161
53 53 49 311
53 24 19 349
53 88 55 37
54 65 37 222
54 66 7 235
54 8 45 109
54 28 10 306
54 78 1 197
54 15 40 9
54 116 22 309
54 53 57 311
54 24 27 12
54 25 5 284
54 26 15 78
54 60 33 22
55 96 21 94
55 33 7 59
55 32 45 332
55 6 55 316
55 104 16 139
55 46 25 216
55 92 34 218
55 48 39 383
55 81 1 26
55 28 58 133
55 94 51 261
55 63 31 170
56 3 5 24
56 67 49 133
56 101 43 450
56 8 33 179
56 81 9 320
56 18 57 135
56 117 25 85
56 119 22 100
56 88 40 212
56 57 31 61
56 92 19 369
56 63 13 213
57 33 57 268
57 99 52 334
57 71 37 229
57 43 29 111
57 13 9 53
57 15 49 9
57 111 13 428
57 83 43 34
57 118 34 367
57 119 4 221
57 28 40 164
57 29 21 287
58 68 39 6
58 36 16 377
58 103 13 155
58 106 9 137
58 11 31 405
58 108 21 329
58 16 34 124
58 52 23 427
58 117 28 85
58 56 25 27
58 90 57 74
58 59 51 21
59 36 1 298
59 101 34 3
59 70 57 284
59 103 19 162
59 76 37 119
59 12 43 211
59 13 31 286
59 79 9 164
59 81 5 26
59 115 15 363
59 27 25 244
59 60 51 14
60 3 17 24
60 40 45 79
60 41 28 441
60 11 7 315
60 46 31 18
60 79 3 164
60 50 35 133
60 116 13 69
60 117 10 77
60 89 57 2
60 91 52 177
60 31 49 107
61 33 19 290
61 98 43 422
61 69 25 53
61 38 58 229
61 40 33 217
61 91 7 173
61 81 31 149
61 88 40 121
61 26 49 317
61 27 15 56
61 29 1 124
61 62 29 197
62 64 46 413
62 69 4 202
62 39 39 36
62 72 33 70
62 40 49 300
62 110 57 42
62 15 1 365
62 112 15 34
62 79 21 224
62 118 25 105
62 92 28 429
62 62 9 197
63 32 27 90
63 2 7 45
63 41 31 205
63 12 45 113
63 49 4 371
63 83 41 361
63 119 10 400
63 85 51 192
63 55 37 236
63 27 19 327
63 29 57 75
63 62 15 110
64 64 49 94
64 32 15 332
64 101 55 356
64 40 7 154
64 79 25 136
64 54 31 327
64 22 3 173
64 56 40 27
64 57 1 112
64 26 21 371
64 91 37 233
64 93 43 446
65 96 57 8
65 100 16 43
65 103 4 165
65 106 29 202
65 43 7 111
65 44 43 162
65 16 25 275
65 56 31 150
65 57 55 280
65 58 1 436
65 29 51 287
65 95 9 68
66 98 37 410
66 34 19 67
66 100 16 248
66 4 57 200
66 70 45 338
66 103 13 136
66 72 27 23
66 78 35 326
66 53 9 311
66 88 22 193
66 25 5 1
66 60 33 14
67 66 39 38
67 98 25 442
67 102 4 174
67 75 1 368
67 46 49 353
67 50 45 32
67 18 15 20
67 54 21 278
67 87 37 350
67 88 34 241
67 93 57 446
67 31 53 120
68 4 25 149
68 7 13 87
68 104 58 338
68 42 55 153
68 48 1 91
68 117 19 279
68 54 33 247
68 27 45 279
68 92 52 193
68 61 4 52
68 62 7 12
68 31 43 41
69 32 21 325
69 97 13 436
69 37 34 260
69 106 57 64
69 108 31 216
69 79 1 449
69 18 51 135
69 53 27 146
69 21 16 158
69 55 9 199
69 25 7 291
69 60 37 14
70 66 47 202
70 35 19 358
70 38 1 171
70 7 49 274
70 40 13 322
70 10 41 17
70 111 22 361
70 50 57 32
70 22 33 420
70 90 27 74
70 60 39 246
70 95 9 163
71 32 1 256
71 66 33 294
71 2 5 228
71 5 19 143
71 44 37 253
71 13 57 53
71 53 55 146
71 118 49 128
71 89 3 2
71 90 9 74
71 29 13 75
71 57 27 247
72 8 45 153
72 41 7 441
72 78 33 89
72 92 4 423
72 17 35 200
72 114 51 340
72 82 41 3
72 116 25 355
72 26 21 28
72 60 49 93
72 63 58 186
72 95 13 68
73 97 46 436
73 100 31 428
73 46 19 86
73 111 4 169
73 16 25 300
73 17 59 93
73 80 51 98
73 117 13 419
73 55 7 66
73 92 55 278
73 61 1 189
73 95 37 390
74 96 15 314
74 65 21 330
74 72 37 228
74 73 43 196
74 77 7 112
74 21 31 59
74 56 55 231
74 57 53 443
74 90 51 166
74 59 39 385
74 62 23 260
74 63 28 35
75 96 7 108
75 3 15 385
75 68 33 6
75 101 40 88
75 102 1 184
75 35 47 71
75 39 55 285
75 120 25 66
75 17 45 93
75 56 49 27
75 89 21 2
75 28 4 133
76 64 34 413
76 97 37 107
76 4 57 38
76 105 55 218
76 106 53 409
76 45 17 21
76 80 3 98
76 112 27 336
76 18 49 20
76 114 13 201
76 52 25 128
76 29 9 214
77 96 31 295
77 35 29 212
77 4 9 105
77 67 22 131
77 45 25 314
77 111 19 441
77 16 55 275
77 113 1 163
77 18 13 97
77 54 45 63
77 90 51 74
77 93 39 91
78 32 3 43
78 103 13 165
78 71 34 78
78 104 31 319
78 74 45 310
78 108 53 437
78 12 9 266
78 78 25 416
78 79 57 224
78 113 49 223
78 82 43 3
78 56 16 27
79 38 58 427
79 39 9 36
79 72 29 43
79 75 1 18
79 45 31 21
79 15 4 7
79 80 15 98
79 82 7 3
79 84 33 130
79 87 39 4
79 120 49 241
79 90 45 74
80 96 27 39
80 99 34 120
80 4 21 391
80 70 15 8
80 78 1 227
80 47 55 49
80 81 57 16
80 50 39 32
80 115 3 370
80 91 7 219
80 61 49 328
80 30 43 56
81 96 25 205
81 34 10 13
81 35 43 71
81 99 58 30
81 37 34 229
81 6 1 178
81 39 49 285
81 47 55 75
81 21 19 59
81 90 47 87
81 31 5 287
81 63 16 170
82 65 23 186
82 68 21 6
82 37 4 49
82 7 57 373
82 72 39 432
82 13 51 427
82 110 55 42
82 50 53 32
82 115 27 370
82 119 13 378
82 24 33 115
82 120 45 291
83 35 17 71
83 68 15 6
83 14 22 336
83 48 29 81
83 112 45 34
83 18 33 350
83 115 57 363
83 51 1 333
83 53 43 146
83 23 37 171
83 92 52 46
83 62 27 4
84 97 37 80
84 4 15 324
84 104 55 449
84 9 45 182
84 42 31 153
84 43 49 113
84 44 7 269
84 108 5 406
84 81 27 139
84 83 59 84
84 120 19 314
84 24 1 350
85 65 45 281
85 66 49 38
85 39 7 287
85 74 15 370
85 60 47 40
85 80 57 98
85 48 23 151
85 49 1 88
85 50 55 32
85 55 51 432
85 58 33 362
85 92 25 409
86 98 19 433
86 99 28 334
86 100 46 428
86 69 4 346
86 66 31 294
86 39 33 36
86 75 7 206
86 79 49 215
86 80 53 98
86 113 10 330
86 90 23 74
86 28 25 235
87 97 46 181
87 5 37 193
87 6 10 445
87 39 25 132
87 14 22 57
87 48 5 383
87 113 55 237
87 55 15 236
87 24 31 349
87 89 29 236
87 58 43 252
87 63 19 128
88 67 1 133
88 102 43 181
88 7 51 203
88 40 25 291
88 105 37 215
88 46 33 353
88 78 47 77
88 50 49 32
88 83 29 331
88 25 9 122
88 91 22 219
88 94 55 326
89 32 59 325
89 66 15 420
89 100 34 428
89 40 43 353
89 59 27 424
89 9 49 418
89 107 37 425
89 43 47 322
89 109 5 34
89 46 9 292
89 25 13 44
89 91 1 170
90 32 37 4
90 100 4 428
90 5 55 143
90 37 16 229
90 40 9 322
90 75 52 252
90 18 21 199
90 54 45 267
90 55 31 155
90 91 13 321
90 92 1 46
90 95 27 285
91 97 55 80
91 100 58 428
91 70 9 50
91 39 15 36
91 105 3 322
91 10 1 17
91 46 33 86
91 48 53 91
91 21 28 59
91 118 49 400
91 90 41 74
91 28 46 76
92 58 59 270
92 100 43 376
92 6 25 141
92 39 13 214
92 104 31 422
92 72 1 58
92 38 22 350
92 110 7 278
92 15 10 7
92 116 28 88
92 25 49 390
92 90 51 316
93 35 25 358
93 36 7 388
93 101 43 251
93 44 19 253
93 45 59 404
93 80 47 98
93 113 1 125
93 114 27 443
93 84 33 305
93 119 16 51
93 24 49 349
93 89 39 360
94 32 49 197
94 66 55 38
94 68 51 6
94 41 37 302
94 79 7 211
94 49 1 152
94 19 11 97
94 52 41 16
94 21 25 100
94 83 29 34
94 92 4 240
94 63 19 38
95 64 31 252
95 97 40 436
95 11 10 223
95 49 25 428
95 84 15 435
95 117 7 127
95 85 21 15
95 54 57 60
95 56 28 375
95 89 5 123
95 26 43 305
95 63 37 46
96 4 21 140
96 37 49 293
96 70 45 438
96 6 16 206
96 42 34 204
96 107 57 234
96 116 4 450
96 52 9 298
96 86 25 168
96 58 29 151
96 94 37 208
96 31 41 41
97 96 57 257
97 65 17 280
97 4 7 376
97 100 1 147
97 71 37 125
97 42 4 352
97 109 43 156
97 13 55 53
97 115 13 288
97 117 19 72
97 86 31 438
97 95 45 163
98 70 19 218
98 71 52 191
98 105 31 200
98 41 7 346
98 11 1 386
98 18 25 368
98 55 57 374
98 85 55 443
98 119 43 51
98 86 33 347
98 26 15 204
98 61 37 283
99 34 13 121
99 7 7 273
99 76 27 119
99 77 33 399
99 78 53 59
99 80 1 98
99 20 4 448
99 21 22 59
99 54 57 52
99 22 37 438
99 93 43 342
99 62 51 83
100 36 7 32
100 71 52 355
100 106 55 8
100 75 22 207
100 47 59 94
100 111 16 169
100 17 31 247
100 113 13 199
100 16 46 307
100 116 37 88
100 54 25 267
100 120 1 314
101 96 43 108
101 2 53 45
101 68 11 124
101 37 1 78
101 38 22 293
101 7 39 273
101 104 16 120
101 9 49 396
101 75 7 276
101 76 57 370
101 109 55 29
101 28 25 43
102 64 19 221
102 2 37 376
102 67 31 177
102 101 22 116
102 69 10 219
102 10 39 220
102 11 13 422
102 13 1 427
102 48 35 91
102 55 55 155
102 90 43 74
102 61 4 375
103 65 33 186
103 66 13 420
103 99 40 151
103 69 52 347
103 102 58 207
103 39 7 79
103 105 55 215
103 42 22 352
103 50 37 433
103 83 29 162
103 53 19 146
103 59 25 433
104 33 21 142
104 2 59 45
104 102 49 184
104 103 55 173
104 44 37 372
104 14 52 5
104 16 25 104
104 49 7 349
104 21 13 35
104 88 34 234
104 25 31 120
104 29 3 214
105 66 39 71
105 6 13 202
105 7 21 333
105 8 9 217
105 105 3 33
105 12 33 441
105 112 49 210
105 81 59 16
105 114 25 81
105 53 47 146
105 24 43 16
105 58 55 4
106 96 15 138
106 64 4 413
106 97 1 80
106 100 55 428
106 6 37 317
106 76 45 386
106 46 27 379
106 79 51 211
106 52 9 439
106 21 19 424
106 54 33 312
106 92 58 218
107 2 15 225
107 68 51 411
107 41 25 117
107 106 19 394
107 10 55 17
107 77 45 141
107 14 28 72
107 51 37 33
107 93 9 24
107 54 57 293
107 92 1 218
107 29 33 240
108 101 16 116
108 103 4 387
108 75 43 167
108 14 13 387
108 48 37 91
108 115 25 288
108 85 29 357
108 54 21 52
108 120 39 369
108 26 49 66
108 93 55 24
108 94 31 379
109 2 49 45
109 98 31 298
109 35 53 71
109 36 1 174
109 3 47 24
109 103 22 136
109 108 37 10
109 111 25 145
109 48 43 11
109 115 13 38
109 25 9 259
109 26 57 423
110 100 1 255
110 6 40 437
110 74 59 198
110 43 29 295
110 44 31 409
110 80 5 204
110 112 43 210
110 51 19 99
110 116 16 355
110 115 7 264
110 83 55 34
110 89 49 2
111 90 35 74
111 38 28 427
111 39 43 132
111 44 1 194
111 80 49 98
111 81 25 10
111 83 15 52
111 84 37 263
111 85 17 407
111 26 57 305
111 30 21 380
111 63 52 398
112 33 51 365
112 69 7 84
112 10 55 293
112 11 46 249
112 76 57 386
112 109 27 399
112 14 16 291
112 47 21 75
112 87 29 339
112 120 39 54
112 26 33 275
112 92 13 157
113 35 3 212
113 100 19 428
113 105 39 56
113 10 13 17
113 76 33 386
113 81 51 231
113 17 23 422
113 113 7 231
113 83 15 361
113 87 47 4
113 24 55 256
113 95 27 322
114 67 49 121
114 75 37 344
114 15 40 7
114 80 23 204
114 113 19 366
114 116 13 355
114 54 45 52
114 119 1 100
114 120 7 67
114 90 17 74
114 92 31 46
114 93 27 326
115 36 49 354
115 5 13 224
115 6 1 73
115 4 45 417
115 8 9 430
115 105 5 10
115 81 31 26
115 54 27 332
115 89 33 60
115 90 53 115
115 61 40 237
115 62 21 177
116 98 7 176
116 5 25 143
116 103 1 136
116 78 13 76
116 111 22 169
116 46 15 292
116 53 35 146
116 22 45 173
116 87 19 122
116 57 29 310
116 59 49 366
116 28 58 79
117 66 31 312
117 69 55 232
117 39 3 190
117 41 7 302
117 43 35 111
117 92 28 174
117 16 13 104
117 112 19 138
117 50 47 32
117 25 43 160
117 27 49 279
117 28 25 346
118 97 31 436
118 2 59 248
118 3 39 49
118 35 23 71
118 41 43 302
118 106 27 339
118 48 49 21
118 113 10 150
118 84 51 417
118 31 19 120
118 29 55 124
118 63 13 398
119 101 46 155
119 102 1 345
119 75 16 326
119 46 9 216
119 15 22 7
119 17 31 340
119 50 59 147
119 22 27 177
119 57 25 142
119 91 13 233
119 92 40 240
119 63 49 46
120 2 41 45
120 35 55 71
120 100 22 428
120 72 39 148
120 74 15 344
120 12 33 58
120 13 53 53
120 112 3 118
120 16 19 148
120 118 28 131
120 25 59 62
120 92 7 363
121 104 22 145
121 106 15 275
121 12 49 441
121 45 43 21
121 46 7 379
121 80 31 98
121 17 1 447
121 117 4 426
121 54 37 15
121 23 33 16
121 89 47 2
121 92 19 46
122 100 55 300
122 5 31 143
122 6 10 198
122 45 41 432
122 52 47 372
122 84 51 38
122 23 3 252
122 56 19 381
122 57 49 11
122 88 22 420
122 60 25 14
122 95 37 322
123 2 31 45
123 4 1 385
123 101 22 214
123 104 28 234
123 74 49 179
123 108 55 194
123 110 59 95
123 114 43 23
123 18 37 135
123 23 15 48
123 60 53 217
123 31 5 398
124 2 17 45
124 35 13 347
124 72 43 4
124 9 51 393
124 73 1 292
124 79 57 51
124 51 27 192
124 116 4 355
124 85 49 15
124 22 19 438
124 55 31 284
124 89 55 2
125 66 25 38
125 100 43 428
125 10 49 17
125 107 3 81
125 43 53 111
125 79 57 420
125 17 15 212
125 82 13 105
125 49 40 241
125 55 33 118
125 57 11 11
125 91 7 297
126 97 10 51
126 66 47 39
126 70 51 155
126 40 57 291
126 42 34 352
126 47 15 96
126 19 55 97
126 20 28 19
126 120 21 54
126 24 43 115
126 95 37 423
126 63 31 237
127 98 51 117
127 39 1 132
127 27 7 431
127 107 27 8
127 14 55 183
127 81 59 369
127 56 31 27
127 89 19 2
127 90 49 74
127 88 40 327
127 92 22 449
127 63 34 46
128 34 19 96
128 100 13 401
128 5 51 224
128 7 7 209
128 75 37 157
128 13 55 427
128 17 29 93
128 114 57 340
128 23 43 48
128 22 1 376
128 55 25 290
128 57 33 192
129 97 49 51
129 66 43 447
129 101 28 377
129 70 13 289
129 104 40 445
129 105 31 154
129 75 4 326
129 16 19 104
129 80 35 98
129 20 7 19
129 117 1 127
129 62 33 197
130 96 3 205
130 67 25 316
130 38 40 66
130 70 49 22
130 8 45 217
130 109 1 373
130 14 31 263
130 78 59 242
130 115 7 395
130 55 21 236
130 90 13 74
130 62 29 160
131 66 37 38
131 70 27 144
131 7 49 84
131 9 1 181
131 106 13 8
131 75 46 156
131 110 59 164
131 47 53 357
131 116 43 69
131 27 33 348
131 60 39 217
131 63 16 186
132 33 19 80
132 97 28 51
132 3 51 171
132 68 41 6
132 5 37 224
132 36 31 384
132 111 25 304
132 81 9 18
132 62 1 161
132 92 34 193
132 30 3 441
132 31 53 41
133 96 45 257
133 98 39 433
133 12 9 94
133 79 21 191
133 111 13 274
133 16 4 275
133 85 35 15
133 22 51 420
133 23 27 434
133 87 59 196
133 118 55 368
133 58 31 383
134 32 31 4
134 41 16 269
134 44 21 269
134 14 28 5
134 80 55 98
134 53 59 311
134 86 51 363
134 119 37 365
134 54 45 194
134 25 3 160
134 90 25 74
134 91 10 170
135 96 33 39
135 4 27 280
135 36 19 288
135 100 7 147
135 101 1 202
135 41 10 302
135 106 49 55
135 42 16 387
135 44 45 253
135 114 55 450
135 62 59 43
135 94 51 186
136 65 45 31
136 97 40 51
136 3 13 190
136 33 3 99
136 100 31 378
136 102 58 354
136 41 34 205
136 76 7 386
136 109 25 29
136 46 51 158
136 79 19 215
136 52 37 375
137 68 21 43
137 108 51 301
137 50 41 32
137 18 7 20
137 116 16 309
137 53 37 146
137 52 39 162
137 118 43 128
137 56 46 27
137 26 25 273
137 59 31 366
137 93 55 344
138 64 37 413
138 97 49 37
138 66 33 209
138 71 1 193
138 45 15 399
138 14 19 289
138 47 17 234
138 116 22 355
138 117 58 426
138 85 47 15
138 55 43 404
138 28 28 106
139 96 3 324
139 99 40 120
139 68 47 6
139 5 15 143
139 47 35 357
139 29 49 240
139 84 31 113
139 85 1 15
139 23 9 48
139 88 19 445
139 26 57 190
139 93 27 24
140 2 13 70
140 99 28 158
140 36 16 266
140 103 4 390
140 108 35 10
140 45 41 393
140 77 57 206
140 44 31 253
140 15 37 7
140 114 21 407
140 54 45 9
140 88 7 92
141 96 13 94
141 64 4 95
141 2 9 218
141 37 46 140
141 39 25 231
141 107 51 395
141 48 1 11
141 84 37 92
141 58 31 283
141 59 55 142
141 61 34 301
141 94 21 414
142 96 55 108
142 2 31 254
142 68 35 6
142 5 1 143
142 104 7 350
142 42 13 352
142 20 22 19
142 56 43 27
142 94 49 442
142 91 40 177
142 92 28 31
142 62 33 94
143 109 17 319
143 14 46 300
143 111 55 323
143 80 41 98
143 79 3 215
143 18 7 135
143 82 35 307
143 85 19 15
143 22 51 329
143 119 28 275
143 93 13 66
143 62 11 347
144 2 43 45
144 36 58 153
144 69 25 183
144 6 1 445
144 44 51 185
144 45 37 21
144 48 29 268
144 17 9 212
144 49 4 177
144 53 7 146
144 86 31 131
144 63 13 280
145 100 40 378
145 103 52 136
145 41 13 302
145 11 37 223
145 13 17 427
145 49 46 152
145 113 58 223
145 17 33 212
145 117 43 419
145 23 1 286
145 58 29 362
145 59 7 208
146 64 16 293
146 33 25 268
146 98 49 42
146 5 9 193
146 7 43 147
146 73 4 254
146 42 19 352
146 107 37 8
146 108 31 219
146 81 47 161
146 55 33 66
146 56 13 313
147 67 7 183
147 101 31 413
147 69 40 228
147 71 43 315
147 105 17 316
147 47 3 263
147 81 15 64
147 50 29 147
147 51 51 221
147 116 46 88
147 22 21 376
147 56 37 137
148 68 35 298
148 37 19 159
148 71 52 401
148 74 11 80
148 43 47 111
148 77 15 147
148 52 29 439
148 84 3 299
148 54 57 33
148 21 43 195
148 57 27 142
148 58 31 67
149 99 22 334
149 36 37 235
149 4 55 107
149 6 34 198
149 11 1 405
149 83 31 57
149 20 4 101
149 54 9 278
149 87 15 442
149 86 49 228
149 28 19 116
149 93 27 155
150 65 51 389
150 2 23 45
150 67 13 7
150 68 53 6
150 70 57 44
150 39 27 214
150 40 1 217
150 42 19 176
150 115 37 370
150 53 31 151
150 92 16 157
150 63 46 421
151 96 37 139
151 64 10 187
151 2 19 45
151 66 1 38
151 36 22 235
151 3 13 88
151 103 34 208
151 44 15 414
151 15 52 375
151 115 27 188
151 117 31 367
151 92 4 363
152 98 43 288
152 35 5 71
152 103 10 392
152 11 19 192
152 80 7 98
152 112 1 138
152 50 37 32
152 83 15 300
152 51 57 385
152 88 22 188
152 25 27 260
152 90 53 74
153 67 16 372
153 37 7 229
153 105 5 90
153 10 25 17
153 49 13 295
153 17 35 199
153 51 57 241
153 84 39 296
153 19 37 97
153 87 51 182
153 60 43 14
153 93 21 316
154 64 49 130
154 66 13 235
154 100 40 428
154 101 28 421
154 6 19 313
154 39 3 285
154 103 10 390
154 11 25 223
154 44 57 372
154 112 45 336
154 85 55 15
154 56 22 137
155 33 21 410
155 68 1 201
155 103 16 208
155 74 51 286
155 107 3 301
155 109 37 29
155 110 13 164
155 118 7 131
155 89 43 173
155 90 47 74
155 93 57 66
155 31 55 41
156 103 52 262
156 73 13 254
156 42 58 278
156 108 43 78
156 44 27 401
156 12 39 40
156 78 35 127
156 21 49 131
156 28 1 56
156 93 31 364
156 95 9 308
156 63 22 38
157 32 21 238
157 100 49 282
157 101 28 243
157 39 31 132
157 8 39 270
157 9 9 182
157 59 1 208
157 107 55 395
157 20 16 448
157 118 13 426
157 89 5 415
157 27 45 92
158 66 31 447
158 99 37 158
158 100 28 89
158 6 43 202
158 106 41 8
158 112 1 210
158 113 46 359
158 114 13 145
158 49 52 104
158 20 19 19
158 88 34 285
158 28 58 347
159 64 31 187
159 97 25 212
159 65 9 255
159 98 51 260
159 100 40 394
159 102 13 184
159 112 57 138
159 18 45 199
159 20 22 101
159 56 37 27
159 88 34 236
159 31 11 41
160 32 9 90
160 98 43 260
160 35 41 71
160 58 47 398
160 101 28 387
160 41 37 346
160 76 51 370
160 17 33 373
160 86 57 176
160 90 11 74
160 60 31 14
160 62 25 102
161 38 58 177
161 41 16 302
161 106 19 8
161 11 7 126
161 76 27 386
161 46 43 38
161 79 39 215
161 114 31 145
161 86 49 305
161 88 22 282
161 57 55 11
161 59 3 366
162 65 31 159
162 68 29 6
162 6 43 345
162 9 33 182
162 106 11 8
162 13 41 53
162 92 4 46
162 16 22 418
162 51 57 127
162 20 1 203
162 28 7 180
162 95 49 250
163 6 37 198
163 40 45 85
163 107 13 362
163 76 57 119
163 75 4 368
163 109 19 29
163 16 25 166
163 18 31 199
163 117 40 200
163 27 7 348
163 60 53 14
163 94 21 181
164 34 58 393
164 102 31 25
164 103 40 229
164 104 25 116
164 6 28 278
164 9 21 393
164 11 13 323
164 109 11 29
164 78 9 286
164 16 49 275
164 25 3 242
164 26 45 273
165 64 46 187
165 34 1 380
165 99 19 30
165 35 35 212
165 8 15 179
165 105 41 322
165 73 43 449
165 106 59 99
165 50 29 32
165 88 4 188
165 59 7 410
165 31 31 41
166 98 27 210
166 68 15 357
166 102 34 330
166 103 46 192
166 11 10 257
166 13 5 427
166 79 57 211
166 114 51 149
166 22 1 438
166 55 39 374
166 89 37 2
166 61 43 101
167 99 43 213
167 100 7 394
167 105 27 241
167 11 55 19
167 107 33 340
167 112 39 118
167 80 59 98
167 84 3 417
167 119 49 244
167 88 19 282
167 60 29 22
167 29 15 240
168 26 33 365
168 68 59 6
168 37 28 140
168 38 1 293
168 101 40 426
168 69 37 183
168 17 21 340
168 83 23 34
168 90 19 74
168 61 25 394
168 94 51 434
168 95 55 84
169 96 43 235
169 65 23 331
169 4 55 417
169 69 13 183
169 7 25 333
169 105 5 184
169 43 31 111
169 76 1 114
169 15 16 359
169 19 35 97
169 53 59 146
169 119 19 1
170 96 33 232
170 66 19 380
170 5 45 224
170 70 39 181
170 7 51 96
170 40 21 217
170 42 16 352
170 76 9 114
170 77 25 112
170 45 55 21
170 17 5 372
170 31 7 41
171 36 37 153
171 37 31 167
171 73 55 254
171 107 25 254
171 75 19 344
171 110 53 42
171 111 1 361
171 81 29 10
171 23 9 260
171 89 59 2
171 91 34 233
171 31 17 301
172 65 39 201
172 100 22 64
172 101 31 356
172 105 53 296
172 75 1 157
172 114 43 340
172 61 4 130
172 52 59 298
172 118 25 301
172 119 55 223
172 91 13 294
172 29 9 240
173 96 25 55
173 4 33 5
173 69 19 183
173 102 13 358
173 74 55 150
173 110 31 278
173 14 22 5
173 18 39 226
173 115 49 377
173 120 9 54
173 91 43 177
173 60 59 14
174 2 1 343
174 26 51 141
174 98 7 396
174 5 3 302
174 71 58 25
174 91 55 177
174 25 47 259
174 58 45 250
174 27 33 84
174 28 22 366
174 29 27 240
174 63 37 435
175 32 59 90
175 3 45 61
175 101 25 67
175 73 4 13
175 42 28 153
175 17 21 227
175 49 10 428
175 83 39 84
175 87 49 403
175 88 31 282
175 27 51 307
175 92 55 409
176 32 49 221
176 2 33 381
176 36 40 388
176 37 1 398
176 42 37 232
176 78 15 132
176 19 59 445
176 22 45 86
176 54 7 267
176 58 5 4
176 29 25 75
176 62 23 4
177 96 9 55
177 99 46 44
177 4 57 149
177 102 19 156
177 103 22 408
177 39 15 278
177 45 49 235
177 17 31 222
177 82 5 309
177 23 1 16
177 88 40 155
177 30 27 390
178 2 59 70
178 99 7 334
178 37 49 195
178 75 1 206
178 110 31 42
178 111 40 123
178 48 33 261
178 83 15 84
178 20 37 19
178 86 55 168
178 91 43 233
178 31 23 41
179 35 31 347
179 68 57 161
179 70 3 50
179 40 19 338
179 42 7 296
179 44 51 122
179 109 29 29
179 79 45 215
179 84 33 248
179 22 25 376
179 88 16 123
179 92 37 278
180 99 7 213
180 100 10 251
180 5 25 224
180 101 1 450
180 103 4 136
180 107 51 81
180 13 43 53
180 17 45 200
180 20 40 101
180 24 55 332
180 58 33 398
180 27 21 348
181 64 25 293
181 101 49 198
181 38 43 350
181 113 13 223
181 82 47 3
181 85 23 15
181 118 37 382
181 119 34 223
181 24 1 349
181 25 29 437
181 117 19 77
181 59 7 366
182 97 34 51
182 69 49 356
182 7 25 410
182 12 13 315
182 28 22 203
182 110 55 166
182 79 45 164
182 114 1 149
182 20 52 101
182 21 19 190
182 92 40 46
182 62 17 94
183 27 37 255
183 105 9 389
183 44 49 253
183 14 1 393
183 84 31 417
183 85 11 15
183 20 4 203
183 25 45 110
183 26 21 66
183 59 13 366
183 60 29 14
183 94 57 414
184 67 1 131
184 6 13 282
184 43 19 111
184 75 46 195
184 109 17 399
184 84 49 154
184 85 25 15
184 118 34 42
184 24 37 349
184 58 57 4
184 93 7 91
184 63 43 293
185 32 59 197
185 2 39 248
185 36 28 374
185 38 7 106
185 71 4 125
185 6 19 363
185 42 46 179
185 76 31 370
185 60 35 14
185 61 1 70
185 94 15 255
185 31 37 41
186 2 47 45
186 70 9 22
186 43 23 111
186 12 1 211
186 17 51 372
186 49 34 219
186 115 55 219
186 83 15 306
186 85 7 351
186 23 39 339
186 89 53 2
186 94 19 397
187 101 13 389
187 38 16 286
187 7 45 84
187 74 37 17
187 11 49 386
187 12 57 394
187 50 43 32
187 114 7 155
187 21 31 260
187 26 27 204
187 59 1 362
187 30 21 390
188 64 7 187
188 34 28 380
188 5 13 193
188 69 31 196
188 39 19 132
188 76 1 119
188 113 25 185
188 83 51 448
188 21 10 35
188 88 43 161
188 57 17 108
188 63 55 46
189 6 40 160
189 103 31 266
189 104 4 316
189 13 59 417
189 47 43 42
189 16 10 307
189 113 19 223
189 115 25 7
189 84 55 418
189 119 1 244
189 29 49 75
189 62 7 4
190 65 27 384
190 98 15 210
190 36 22 317
190 39 39 190
190 107 57 362
190 44 33 414
190 13 47 53
190 16 1 148
190 113 43 357
190 19 49 97
190 115 7 368
190 87 5 100
191 34 34 67
191 66 31 38
191 100 16 434
191 37 28 113
191 7 9 310
191 72 5 262
191 51 39 213
191 118 25 42
191 120 57 50
191 26 45 328
191 30 1 198
191 95 21 423
192 35 37 71
192 72 3 262
192 73 52 200
192 106 35 8
192 104 58 239
192 44 39 401
192 47 9 378
192 15 19 439
192 113 25 306
192 59 15 115
192 60 23 14
192 63 28 394
193 64 13 187
193 65 35 21
193 34 19 89
193 97 52 51
193 4 37 323
193 73 1 13
193 13 27 417
193 110 11 42
193 78 9 293
193 59 31 299
193 92 46 46
193 94 57 228
194 96 33 325
194 3 9 88
194 102 16 11
194 104 28 353
194 105 3 348
194 9 51 62
194 73 22 268
194 48 41 11
194 16 46 104
194 119 55 1
194 62 19 410
194 31 59 287
195 69 25 258
195 102 52 25
195 11 7 192
195 109 41 29
195 47 33 368
195 49 49 5
195 115 15 368
195 24 55 212
195 89 5 2
195 58 21 4
195 59 45 330
195 92 10 89
196 32 43 140
196 99 19 44
196 69 4 227
196 8 55 221
196 105 25 87
196 111 31 169
196 51 51 127
196 83 9 57
196 118 16 131
196 90 59 74
196 63 28 337
196 31 35 41
197 97 16 37
197 106 21 202
197 107 49 216
197 113 10 299
197 114 3 340
197 51 33 68
197 17 59 212
197 50 31 32
197 22 43 420
197 58 57 407
197 93 25 344
197 95 39 68
198 64 22 130
198 67 43 272
198 37 37 168
198 105 27 103
198 43 17 111
198 76 7 119
198 11 40 405
198 80 47 402
198 114 13 407
198 21 4 35
198 55 51 388
198 93 57 342
199 96 33 96
199 40 43 322
199 105 49 348
199 76 37 114
199 110 25 280
199 15 55 393
199 48 9 21
199 17 51 93
199 16 4 435
199 54 21 322
199 22 15 86
199 61 1 328
200 2 55 376
200 104 1 182
200 10 47 17
200 111 10 441
200 80 25 98
200 48 21 81
200 18 37 20
200 114 31 450
200 20 58 203
200 22 27 86
200 29 49 1
200 94 43 228
201 33 15 290
201 101 7 198
201 104 10 156
201 11 19 412
201 107 33 216
201 79 57 136
201 52 3 39
201 93 43 344
201 54 25 347
201 21 22 35
201 25 51 110
201 29 39 1
202 64 40 221
202 5 3 30
202 37 28 408
202 75 37 243
202 77 57 314
202 13 15 53
202 115 7 38
202 21 31 107
202 119 34 268
202 120 19 50
202 59 43 203
202 93 51 364
203 97 31 51
203 34 46 13
203 38 4 312
203 103 58 65
203 105 7 280
203 10 29 17
203 77 25 303
203 78 13 371
203 80 35 402
203 20 1 19
203 85 17 15
203 89 41 2
204 96 43 130
204 33 1 175
204 67 49 230
204 35 25 71
204 69 31 183
204 71 22 315
204 109 53 373
204 81 15 249
204 83 29 84
204 21 58 78
204 87 9 304
204 90 37 74
205 96 27 108
205 70 49 288
205 6 16 282
205 104 37 116
205 40 55 154
205 10 59 17
205 42 22 179
205 44 45 397
205 109 31 29
205 50 1 32
205 54 9 268
205 56 34 27
206 4 1 321
206 70 31 444
206 103 19 277
206 41 40 346
206 107 25 367
206 13 49 53
206 110 9 280
206 111 46 370
206 77 13 55
206 83 57 391
206 119 22 302
206 31 11 176
207 2 5 45
207 67 40 262
207 6 16 449
207 7 27 274
207 38 13 180
207 13 1 417
207 112 55 118
207 17 21 18
207 50 59 433
207 114 7 450
207 53 31 146
207 30 51 446
208 101 19 389
208 7 1 172
208 105 13 125
208 107 15 216
208 12 45 94
208 77 51 297
208 108 31 10
208 87 59 442
208 26 39 371
208 91 22 173
208 28 10 116
208 62 35 110
209 98 33 117
209 70 9 314
209 8 39 254
209 75 19 26
209 76 45 119
209 111 52 169
209 49 25 425
209 114 1 228
209 83 29 266
209 50 59 32
209 87 57 54
209 24 13 349
210 64 16 187
210 68 19 6
210 4 57 56
210 72 51 23
210 73 1 364
210 10 25 405
210 75 28 345
210 46 37 292
210 83 13 448
210 25 53 1
210 27 43 283
210 30 31 380
211 68 49 6
211 101 1 47
211 102 19 354
211 76 25 114
211 28 52 408
211 78 15 341
211 116 7 69
211 85 5 15
211 119 10 244
211 89 35 360
211 92 43 46
211 30 57 255
212 71 25 234
212 72 9 184
212 40 3 444
212 41 34 302
212 44 19 63
212 110 37 42
212 79 39 191
212 113 49 357
212 83 57 448
212 119 52 226
212 120 45 314
212 26 15 356
213 6 7 313
213 72 47 184
213 74 49 80
213 16 43 104
213 48 25 307
213 114 21 450
213 80 17 98
213 117 52 72
213 86 27 164
213 90 31 166
213 28 55 116
213 63 37 252
214 2 29 343
214 36 22 168
214 41 19 64
214 42 40 345
214 14 31 323
214 79 25 191
214 112 51 34
214 47 9 149
214 18 45 226
214 115 57 264
214 59 15 393
214 61 1 121
215 35 59 71
215 68 11 6
215 69 25 138
215 39 55 287
215 42 46 352
215 45 21 404
215 17 51 311
215 83 49 34
215 24 37 230
215 57 19 11
215 92 13 85
215 62 29 410
216 97 10 107
216 102 52 450
216 70 33 50
216 104 28 116
216 105 1 44
216 46 57 139
216 18 21 135
216 51 13 285
216 55 3 155
216 58 43 259
216 94 45 326
216 95 39 285
217 32 39 329
217 100 55 299
217 69 52 63
217 43 5 111
217 75 19 326
217 13 37 53
217 111 43 169
217 49 25 257
217 119 46 365
217 90 1 74
217 60 7 361
217 31 49 41
218 34 58 121
218 9 3 14
218 107 15 340
218 12 25 159
218 111 46 169
218 16 22 300
218 81 53 341
218 83 37 34
218 120 7 347
218 26 39 239
218 27 33 178
218 62 31 94
219 98 19 443
219 66 7 420
219 90 17 121
219 38 28 414
219 103 43 136
219 15 34 102
219 80 23 98
219 114 39 81
219 53 25 146
219 120 51 50
219 26 13 58
219 63 31 290
220 64 22 187
220 96 45 174
220 66 11 38
220 101 4 251
220 6 28 250
220 103 7 60
220 104 19 110
220 41 25 302
220 77 57 55
220 21 49 326
220 53 41 146
220 91 34 170
221 98 3 135
221 35 1 71
221 7 9 179
221 8 27 60
221 40 31 338
221 42 37 352
221 10 57 281
221 109 23 29
221 49 13 231
221 114 51 201
221 25 45 166
221 94 19 40
222 97 22 51
222 67 52 360
222 5 39 143
222 104 46 116
222 110 33 278
222 14 58 227
222 17 55 282
222 82 13 3
222 120 27 356
222 92 19 157
222 94 7 72
222 95 1 308
223 98 1 442
223 37 16 195
223 6 10 282
223 5 43 143
223 12 57 40
223 48 5 151
223 52 41 427
223 53 35 151
223 55 21 259
223 24 27 230
223 89 13 2
223 31 25 41
224 64 40 187
224 97 7 51
224 34 43 13
224 3 57 406
224 71 46 78
224 14 19 418
224 17 33 227
224 18 27 199
224 50 23 32
224 55 1 404
224 26 49 4
224 94 15 40
225 65 27 400
225 3 7 397
225 4 49 132
225 5 3 224
225 6 58 313
225 45 53 79
225 54 21 225
225 120 13 50
225 26 43 58
225 59 33 162
225 60 39 117
225 29 9 75
226 40 57 217
226 9 13 14
226 105 29 56
226 77 37 156
226 14 7 5
226 46 51 379
226 29 31 1
226 118 22 431
226 23 43 150
226 89 41 117
226 91 25 233
226 61 4 29
227 96 19 388
227 101 37 163
227 69 7 63
227 7 31 258
227 40 15 353
227 48 59 151
227 114 55 23
227 19 47 97
227 83 51 371
227 56 40 52
227 60 45 142
227 29 25 287
228 66 29 38
228 35 13 71
228 38 25 226
228 103 37 136
228 104 55 120
228 105 33 56
228 7 51 339
228 112 9 138
228 50 19 32
228 118 4 367
228 23 43 369
228 30 21 446
229 32 31 215
229 101 52 295
229 38 58 225
229 14 55 227
229 16 19 275
229 82 5 3
229 115 13 220
229 52 45 341
229 61 7 189
229 57 25 11
229 63 34 38
229 31 29 41
230 96 1 139
230 2 31 228
230 69 55 359
230 71 58 125
230 107 9 340
230 50 13 32
230 20 40 448
230 53 23 146
230 119 34 378
230 25 37 44
230 58 7 362
230 60 45 14
231 64 25 187
231 35 19 71
231 8 15 270
231 75 52 412
231 77 21 248
231 84 1 402
231 21 58 299
231 118 37 447
231 87 29 346
231 23 43 82
231 25 7 110
231 59 33 400
232 64 43 95
232 8 13 150
232 104 10 316
232 45 33 432
232 46 21 292
232 109 17 29
232 79 49 164
232 112 3 53
232 56 40 165
232 62 19 4
232 94 57 331
232 95 25 70
233 100 13 139
233 5 27 30
233 8 37 60
233 9 55 360
233 76 49 119
233 12 19 360
233 14 34 416
233 17 31 20
233 52 17 1
233 117 46 10
233 87 9 4
233 24 1 120
234 33 45 271
234 98 21 396
234 2 51 218
234 99 58 120
234 39 37 287
234 44 9 433
234 13 35 427
234 110 5 42
234 17 1 195
234 88 31 285
234 26 25 413
234 120 13 151
235 2 45 381
235 99 52 44
235 36 49 257
235 74 37 199
235 42 19 179
235 75 34 207
235 10 11 17
235 112 15 118
235 50 47 133
235 118 40 367
235 54 1 60
235 88 22 106
236 96 39 65
236 99 25 173
236 69 28 232
236 71 22 229
236 75 4 298
236 109 45 371
236 48 1 268
236 84 55 263
236 21 7 107
236 24 31 188
236 25 15 62
236 59 51 87
237 36 52 354
237 69 46 222
237 38 4 106
237 104 43 316
237 80 11 98
237 49 31 88
237 16 37 59
237 61 58 101
237 52 29 235
237 53 13 146
237 85 7 15
237 93 21 342
238 103 40 173
238 7 57 272
238 8 19 102
238 10 23 17
238 107 9 234
238 110 15 200
238 80 13 98
238 48 37 11
238 49 49 360
238 51 1 68
238 52 45 159
238 62 35 277
239 98 49 176
239 6 25 202
239 70 3 22
239 8 43 277
239 9 15 181
239 12 37 113
239 15 22 212
239 51 55 403
239 21 28 354
239 89 11 2
239 28 34 106
239 31 9 398
240 96 9 130
240 4 33 171
240 7 15 310
240 71 25 382
240 9 55 137
240 74 51 138
240 106 1 410
240 47 23 42
240 112 19 34
240 20 40 19
240 88 37 338
240 59 43 87
241 33 3 268
241 66 27 292
241 35 11 71
241 36 37 384
241 37 31 229
241 6 40 154
241 68 17 6
241 8 51 102
241 41 58 302
241 76 19 370
241 118 43 367
241 27 13 413
242 4 15 149
242 7 31 147
242 76 45 114
242 79 1 420
242 50 25 32
242 83 49 162
242 116 7 355
242 53 55 311
242 20 37 203
242 89 29 2
242 25 51 205
242 95 19 331
243 97 25 436
243 101 19 47
243 69 13 195
243 40 31 300
243 43 35 295
243 45 9 432
243 13 39 417
243 19 29 97
243 57 5 11
243 28 16 76
243 61 58 237
243 31 23 180
244 32 55 329
244 64 25 282
244 67 28 311
244 70 57 216
244 43 41 111
244 15 46 7
244 16 34 104
244 114 49 443
244 23 13 119
244 25 31 125
244 29 3 75
244 30 7 446
245 64 55 187
245 98 33 376
245 7 9 203
245 72 51 254
245 105 41 10
245 46 3 379
245 79 13 191
245 17 21 347
245 81 19 10
245 82 53 3
245 22 37 260
245 93 25 91
246 96 31 65
246 101 10 201
246 6 40 250
246 106 5 8
246 108 45 329
246 78 15 227
246 118 52 382
246 22 1 86
246 88 7 2
246 59 21 299
246 31 13 41
246 63 58 46
247 37 52 229
247 8 13 63
247 42 22 232
247 75 40 243
247 14 46 295
247 15 7 7
247 47 31 75
247 114 25 201
247 19 49 196
247 115 33 395
247 57 57 280
247 91 37 297
248 104 40 116
248 105 31 251
248 9 1 360
248 107 9 412
248 111 28 393
248 80 5 98
248 54 33 194
248 55 19 195
248 89 25 2
248 59 45 368
248 94 55 91
248 57 51 280
249 96 33 11
249 64 19 187
249 34 43 254
249 42 40 352
249 11 22 223
249 12 15 284
249 112 1 336
249 80 37 98
249 18 49 350
249 114 7 407
249 21 58 260
249 94 25 255
250 32 9 325
250 33 49 271
250 2 27 381
250 4 19 321
250 5 31 30
250 38 46 180
250 72 1 23
250 106 7 8
250 76 15 114
250 52 39 63
250 27 3 260
250 95 57 441
251 68 7 6
251 69 43 306
251 70 9 444
251 9 13 418
251 10 49 167
251 105 1 215
251 42 58 352
251 46 19 158
251 88 34 396
251 25 23 108
251 59 39 142
251 29 25 1
252 35 27 71
252 103 13 173
252 72 35 93
252 41 46 302
252 106 1 55
252 71 37 404
252 77 19 303
252 82 17 3
252 118 10 32
252 88 4 69
252 89 33 108
252 29 55 240
253 97 46 51
253 33 15 175
253 3 35 94
253 100 52 428
253 73 49 334
253 106 25 8
253 44 21 401
253 109 7 29
253 78 13 154
253 18 55 361
253 62 9 277
253 63 37 345
254 5 43 193
254 71 34 174
254 8 27 63
254 9 15 360
254 108 1 351
254 76 57 114
254 49 31 2
254 55 19 271
254 118 10 301
254 86 3 137
254 24 49 433
254 31 39 409
255 64 43 187
255 37 34 195
255 27 27 179
255 44 15 185
255 14 46 183
255 15 31 7
255 113 37 96
255 114 57 201
255 52 19 372
255 59 21 25
255 60 7 14
255 30 3 311
256 97 52 436
256 67 22 249
256 4 25 256
256 76 33 114
256 45 3 158
256 108 15 445
256 111 43 157
256 13 1 53
256 51 7 188
256 55 37 127
256 91 46 233
256 60 11 14
257 69 58 159
257 5 25 193
257 8 19 368
257 43 13 111
257 111 37 101
257 113 16 231
257 82 31 3
257 115 1 230
257 53 29 146
257 23 51 48
257 120 43 50
257 59 33 163
258 32 57 179
258 36 31 168
258 78 11 191
258 14 49 269
258 17 37 422
258 18 15 226
258 51 45 391
258 52 23 67
258 117 28 428
258 22 1 418
258 56 7 375
258 57 39 280
259 32 31 221
259 2 15 381
259 101 49 397
259 103 46 285
259 104 4 185
259 73 40 196
259 8 21 430
259 44 57 253
259 15 25 325
259 81 1 64
259 19 37 196
259 120 9 369
260 97 58 181
260 67 52 264
260 37 40 293
260 38 46 229
260 90 5 74
260 14 34 336
260 113 1 223
260 17 17 93
260 115 21 220
260 83 19 57
260 26 27 305
260 27 7 358
261 66 15 447
261 4 1 289
261 38 25 312
261 71 34 259
261 72 57 422
261 106 59 236
261 109 47 29
261 52 21 149
261 21 7 100
261 20 28 203
261 94 43 443
261 31 49 398
262 98 43 91
262 101 4 421
262 7 31 410
262 103 1 10
262 9 37 381
262 46 49 139
262 82 19 393
262 20 7 448
262 116 28 355
262 54 57 18
262 25 21 122
262 26 15 19
263 33 15 410
263 67 28 183
263 9 43 409
263 74 55 430
263 106 35 105
263 14 40 295
263 111 52 95
263 16 31 198
263 47 1 49
263 84 7 263
263 53 47 151
263 89 23 2
264 96 15 328
264 2 39 45
264 103 55 387
264 104 22 319
264 42 7 352
264 109 13 29
264 79 3 191
264 50 41 147
264 52 1 375
264 57 11 112
264 91 19 233
264 63 34 421
265 96 45 296
265 102 22 110
265 7 25 147
265 105 51 421
265 75 31 326
265 76 9 370
265 14 19 16
265 53 17 146
265 54 37 347
265 23 3 48
265 95 57 308
265 63 13 293
266 98 1 117
266 99 31 158
266 68 5 6
266 37 40 276
266 71 43 230
266 40 15 154
266 16 19 90
266 55 7 272
266 88 46 405
266 58 57 274
266 59 25 263
266 28 49 116
267 13 27 286
267 110 19 258
267 111 49 292
267 48 9 261
267 15 52 160
267 45 57 432
267 109 35 29
267 51 21 68
267 54 31 63
267 86 3 440
267 26 37 356
267 62 1 347
268 2 3 381
268 67 49 303
268 71 28 78
268 8 45 270
268 110 39 95
268 46 7 139
268 47 1 207
268 80 15 402
268 19 19 210
268 85 13 15
268 89 17 2
268 90 57 424
269 2 15 45
269 100 28 300
269 102 31 236
269 7 21 272
269 103 46 447
269 71 25 429
269 108 57 445
269 15 7 9
269 84 1 434
269 120 49 369
269 61 34 328
269 94 39 261
270 96 37 205
270 66 27 447
270 68 17 77
270 37 43 229
270 102 58 358
270 110 9 449
270 82 49 3
270 51 19 33
270 20 4 19
270 21 1 35
270 52 7 1
270 87 33 404
271 101 16 397
271 7 39 195
271 11 7 223
271 107 25 340
271 44 19 185
271 77 55 147
271 43 5 113
271 112 31 53
271 115 51 236
271 20 1 448
271 90 45 424
271 28 13 416
272 99 25 151
272 102 55 325
272 45 15 79
272 16 22 104
272 17 31 425
272 18 1 226
272 113 19 229
272 116 49 355
272 117 46 72
272 57 5 438
272 29 33 214
272 25 11 205
273 2 27 45
273 99 16 173
273 4 37 249
273 36 49 374
273 71 22 174
273 91 13 439
273 114 1 416
273 116 19 309
273 23 7 171
273 26 57 345
273 27 45 327
273 30 33 280
274 32 41 140
274 98 31 91
274 34 52 67
274 7 45 49
274 40 13 444
274 73 49 325
274 8 9 121
274 45 19 432
274 83 59 36
274 24 21 120
274 92 55 31
274 29 1 287
275 2 39 376
275 38 49 226
275 71 19 174
275 40 1 300
275 107 43 301
275 48 31 268
275 82 55 3
275 117 7 125
275 86 33 374
275 23 57 12
275 92 16 218
275 94 27 261
276 33 39 268
276 3 51 330
276 38 43 139
276 40 55 85
276 73 31 99
276 91 46 170
276 75 10 145
276 109 21 425
276 49 7 295
276 22 15 311
276 26 1 90
276 27 27 389
277 64 31 341
277 101 40 303
277 104 34 210
277 11 22 323
277 46 43 379
277 113 16 391
277 114 27 407
277 115 1 264
277 52 37 341
277 86 55 164
277 92 7 46
277 31 51 409
278 64 34 187
278 98 1 176
278 39 51 214
278 103 55 447
278 13 39 427
278 111 13 169
278 85 41 15
278 23 7 327
278 26 19 365
278 28 31 346
278 63 16 337
278 95 43 441
279 66 21 447
279 67 1 312
279 100 37 251
279 105 9 421
279 74 59 387
279 75 16 156
279 45 45 432
279 109 57 425
279 15 13 411
279 115 33 175
279 52 27 439
279 21 52 100
280 36 19 310
280 5 7 143
280 68 37 128
280 42 25 278
280 107 55 398
280 108 23 158
280 15 40 411
280 17 59 391
280 19 15 196
280 120 31 314
280 24 1 115
280 58 45 407
281 97 58 436
281 5 7 30
281 8 31 297
281 9 37 444
281 92 55 366
281 47 51 276
281 114 13 81
281 53 45 311
281 21 22 65
281 120 27 448
281 89 3 318
281 60 41 103
282 65 49 255
282 99 7 120
282 8 39 389
282 14 31 291
282 92 10 46
282 113 34 231
282 17 5 283
282 86 13 305
282 55 27 404
282 54 43 15
282 26 1 273
282 60 21 399
283 33 13 130
283 99 37 173
283 39 57 132
283 72 21 320
283 41 34 397
283 40 43 154
283 13 19 53
283 46 9 158
283 115 1 220
283 21 40 59
283 25 27 440
283 27 51 283
284 3 21 49
284 26 33 4
284 37 1 159
284 5 57 193
284 100 40 282
284 106 5 278
284 42 25 352
284 80 51 402
284 52 45 439
284 54 15 429
284 56 28 27
284 90 37 121
285 32 23 221
285 101 40 251
285 70 3 339
285 42 52 352
285 106 33 211
285 46 55 411
285 16 10 418
285 17 21 372
285 82 59 402
285 23 13 171
285 55 27 195
285 24 45 12
286 2 13 343
286 35 15 432
286 4 37 391
286 5 9 224
286 37 4 78
286 40 31 79
286 75 58 145
286 46 25 18
286 85 41 192
286 55 45 220
286 88 52 178
286 93 19 364
287 97 10 436
287 69 43 347
287 73 19 13
287 9 55 381
287 107 37 301
287 111 31 101
287 47 5 263
287 21 46 131
287 54 27 33
287 55 1 388
287 91 16 321
287 95 51 308
288 65 59 360
288 70 9 337
288 72 33 265
288 10 49 220
288 44 25 122
288 77 55 297
288 83 15 144
288 86 51 123
288 24 3 332
288 28 19 416
288 29 45 75
288 94 37 25
289 4 3 391
289 37 19 78
289 38 28 350
289 103 7 321
289 71 49 229
289 43 43 111
289 112 33 34
289 82 31 309
289 54 37 18
289 27 45 178
289 93 13 24
289 94 57 3
290 99 52 151
290 70 45 337
290 106 21 394
290 44 39 269
290 48 27 383
290 18 7 226
290 116 49 309
290 85 29 15
290 23 13 384
290 87 57 196
290 118 34 121
290 91 31 233
291 36 16 317
291 102 49 289
291 71 46 230
291 104 52 338
291 78 57 435
291 112 25 34
291 16 34 166
291 52 39 39
291 58 59 252
291 27 21 413
291 28 43 179
291 93 7 326
292 68 53 195
292 41 10 397
292 78 51 435
292 16 7 104
292 80 19 98
292 49 28 206
292 51 57 333
292 20 16 203
292 19 41 97
292 22 1 329
292 25 21 440
292 95 45 308
293 98 33 135
293 70 43 40
293 6 16 329
293 40 1 291
293 9 51 137
293 102 55 110
293 75 22 85
293 110 47 166
293 49 28 279
293 20 25 19
293 116 10 355
293 27 39 431
294 33 45 175
294 34 1 372
294 6 4 147
294 70 57 337
294 103 7 262
294 102 34 449
294 16 37 418
294 50 31 414
294 115 15 67
294 82 29 3
294 25 51 440
294 91 10 233
295 96 21 8
295 65 51 437
295 66 59 39
295 71 37 355
295 46 3 216
295 79 15 164
295 113 25 133
295 29 9 1
295 54 45 247
295 57 55 192
295 91 40 294
295 93 31 161
296 65 39 400
296 66 9 447
296 72 33 138
296 73 25 99
296 107 15 102
296 116 1 69
296 117 28 127
296 54 57 167
296 89 13 108
296 27 49 431
296 28 19 212
296 63 4 186
297 103 10 309
297 9 51 181
297 12 31 40
297 45 59 57
297 46 27 96
297 111 7 242
297 76 39 386
297 15 55 202
297 52 3 439
297 86 13 388
297 23 43 339
297 29 21 240
298 32 15 446
298 97 10 37
298 67 7 186
298 5 49 302
298 102 25 418
298 40 3 338
298 75 28 157
298 114 57 443
298 53 21 311
298 22 39 86
298 87 33 442
298 30 45 70
299 70 45 144
299 75 10 85
299 109 15 425
299 14 25 335
299 60 57 399
299 16 7 435
299 47 39 94
299 89 33 98
299 58 35 445
299 92 4 89
299 93 49 344
299 31 21 409
300 2 15 376
300 67 1 183
300 3 27 412
300 70 43 216
300 104 58 156
300 73 31 230
300 51 19 186
300 116 34 88
300 85 39 443
300 54 51 429
300 21 55 354
300 26 7 78
Trạng thái: OPTIMUM
Điểm tối ưu: 3600
Thời gian: 115.6615 giây
