585
1 3 49 35
1 4 19 39
1 5 57 16
1 6 31 13
1 7 17 2
1 10 46 47
1 12 1 64
1 13 13 7
1 16 29 9
1 17 11 34
1 18 40 66
1 19 7 42
2 2 19 44
2 3 33 38
2 4 27 37
2 8 10 70
2 9 21 30
2 10 52 19
2 11 3 66
2 14 13 6
2 16 59 9
2 17 23 34
2 18 55 11
2 19 7 5
3 3 27 72
3 4 9 39
3 5 41 59
3 7 17 73
3 8 43 33
3 9 1 35
3 14 46 25
3 15 19 7
3 16 7 8
3 18 4 11
3 19 39 32
4 4 7 48
4 5 53 16
4 7 29 2
4 12 19 5
4 13 25 64
4 14 55 6
4 16 41 9
4 17 1 24
4 18 37 66
4 19 35 42
4 20 27 5
5 3 57 53
5 5 19 59
5 8 25 47
5 9 31 30
5 10 34 40
5 11 43 66
5 12 39 62
5 14 16 25
5 16 5 8
5 17 13 24
5 18 28 66
5 20 9 5
6 5 49 59
6 6 1 13
6 7 35 2
6 9 51 30
6 10 7 19
6 12 21 62
6 13 29 47
6 14 55 25
6 15 15 7
6 17 11 24
6 19 25 42
6 20 41 63
7 2 35 17
7 3 13 72
7 4 49 48
7 5 55 16
7 7 43 73
7 9 59 30
7 10 28 19
7 12 31 62
7 15 7 7
7 17 5 34
7 18 25 66
7 19 53 10
8 3 51 38
8 4 3 48
8 7 29 73
8 10 22 19
8 12 37 5
8 13 1 7
8 14 58 47
8 15 27 71
8 17 11 28
8 18 46 11
8 19 31 67
8 20 25 5
9 3 33 53
9 4 27 39
9 6 53 13
9 7 19 2
9 8 13 33
9 11 57 56
9 12 43 64
9 13 9 47
9 14 22 32
9 16 17 8
9 17 25 28
9 19 37 42
10 3 33 72
10 5 1 59
10 6 39 13
10 7 5 2
10 8 22 33
10 10 43 40
10 12 7 32
10 13 31 7
10 14 28 6
10 16 53 8
10 19 55 42
10 20 41 5
11 2 5 17
11 3 51 53
11 5 13 40
11 6 11 13
11 9 19 30
11 10 31 47
11 11 43 56
11 12 15 5
11 13 1 51
11 15 3 7
11 19 29 42
11 20 35 5
12 4 49 39
12 5 23 16
12 6 21 40
12 8 4 70
12 9 7 30
12 10 43 19
12 11 15 56
12 12 25 32
12 13 53 51
12 15 11 7
12 17 31 24
12 19 13 42
13 2 47 17
13 3 51 72
13 4 15 39
13 5 7 16
13 6 3 13
13 8 40 47
13 9 25 58
13 10 55 19
13 14 19 25
13 15 59 61
13 16 31 26
13 19 35 67
14 2 1 55
14 3 39 53
14 5 45 16
14 6 13 13
14 7 31 72
14 8 52 33
14 9 23 30
14 11 55 66
14 12 15 62
14 13 19 51
14 15 5 7
14 17 35 24
15 2 25 40
15 3 57 65
15 4 19 20
15 6 15 40
15 8 7 33
15 9 49 30
15 10 1 19
15 15 23 7
15 16 41 8
15 18 43 11
15 19 17 42
15 20 5 63
16 3 19 35
16 4 51 20
16 5 17 40
16 6 5 13
16 7 7 73
16 9 41 30
16 10 13 47
16 12 31 5
16 13 49 7
16 18 37 11
16 19 27 1
16 20 1 63
17 4 27 20
17 5 41 16
17 8 58 33
17 9 23 58
17 11 49 56
17 12 13 64
17 13 53 15
17 14 10 10
17 15 17 7
17 16 25 8
17 17 1 28
17 19 31 42
18 2 53 17
18 3 3 53
18 5 59 40
18 6 47 13
18 7 11 2
18 8 16 70
18 9 13 30
18 12 27 40
18 14 49 6
18 16 7 26
18 17 31 28
18 18 34 11
19 2 1 17
19 3 9 53
19 5 47 16
19 6 51 13
19 10 16 47
19 11 31 66
19 12 25 62
19 15 37 7
19 16 3 8
19 17 43 24
19 18 19 11
19 20 23 5
20 2 31 40
20 3 39 35
20 4 45 71
20 9 5 30
20 10 34 19
20 12 7 40
20 13 29 51
20 15 1 71
20 16 19 8
20 17 37 28
20 18 49 66
20 19 13 67
21 3 43 38
21 5 1 16
21 6 25 13
21 7 51 74
21 9 53 30
21 10 31 19
21 12 57 62
21 13 21 15
21 15 13 71
21 16 35 8
21 18 16 11
21 20 3 5
22 5 7 59
22 6 21 13
22 8 58 70
22 9 15 35
22 10 46 19
22 12 27 64
22 13 3 47
22 14 40 25
22 15 37 71
22 16 11 8
22 17 17 34
22 20 43 63
23 2 33 44
23 4 57 37
23 6 43 13
23 7 23 2
23 11 19 56
23 12 37 40
23 13 51 15
23 14 46 10
23 15 9 71
23 16 7 9
23 17 17 24
23 18 25 11
24 3 15 65
24 4 31 37
24 5 51 59
24 6 23 40
24 7 37 73
24 9 47 58
24 10 58 19
24 13 9 7
24 15 29 61
24 17 41 28
24 19 1 42
24 20 43 5
25 4 33 48
25 5 19 40
25 6 59 13
25 8 46 33
25 9 41 58
25 11 25 56
25 12 1 62
25 13 57 7
25 14 22 6
25 16 13 8
25 18 7 11
25 19 17 67
26 2 37 17
26 4 31 71
26 6 9 13
26 7 43 2
26 8 19 70
26 11 1 56
26 13 35 47
26 15 57 61
26 16 23 9
26 18 40 11
26 19 13 32
26 20 29 5
27 2 11 17
27 5 19 16
27 6 29 13
27 7 59 2
27 8 7 70
27 9 35 30
27 12 43 32
27 13 57 15
27 14 52 25
27 17 3 24
27 19 1 67
27 20 37 63
28 2 7 17
28 4 33 20
28 5 23 59
28 7 1 2
28 8 40 33
28 10 16 19
28 14 28 25
28 16 31 9
28 17 59 28
28 19 51 1
28 20 11 5
29 2 7 55
29 3 51 65
29 4 1 37
29 5 5 16
29 8 16 33
29 10 40 19
29 13 55 7
29 14 31 6
29 16 11 9
29 17 13 34
29 20 47 5
30 5 57 40
30 6 55 13
30 7 7 2
30 9 1 58
30 10 49 19
30 12 19 64
30 13 3 15
30 15 43 7
30 16 37 26
30 18 28 11
30 19 59 67
31 2 43 55
31 5 13 59
31 7 49 73
31 8 25 33
31 9 19 58
31 13 59 7
31 15 7 61
31 16 5 26
31 17 41 24
31 18 1 11
31 20 53 5
32 2 7 44
32 4 57 48
32 5 11 59
32 6 35 13
32 12 49 62
32 13 55 64
32 14 4 6
32 17 43 34
32 18 16 66
32 19 53 67
32 20 13 5
33 2 41 44
33 4 57 39
33 5 25 59
33 6 37 13
33 10 4 19
33 12 51 32
33 13 9 15
33 14 16 6
33 16 43 9
33 17 47 34
33 18 13 11
33 20 19 63
34 2 43 44
34 5 11 16
34 7 31 73
34 9 55 58
34 10 19 47
34 12 57 5
34 13 33 7
34 14 7 6
34 17 25 24
34 18 13 66
34 19 23 67
34 20 1 5
35 3 3 35
35 4 37 48
35 7 59 73
35 8 55 47
35 9 53 58
35 10 25 19
35 12 9 64
35 13 33 51
35 14 16 10
35 15 21 71
35 16 41 26
35 20 49 5
36 3 45 72
36 5 59 59
36 6 7 13
36 7 11 72
36 11 39 56
36 12 51 40
36 14 4 10
36 15 21 61
36 16 43 26
36 17 1 34
36 19 49 42
36 20 55 5
37 5 47 40
37 7 55 2
37 8 43 47
37 9 37 35
37 12 3 32
37 13 15 51
37 14 34 25
37 15 39 7
37 18 7 66
37 19 23 42
37 20 59 63
38 2 55 55
38 3 19 53
38 5 43 16
38 6 23 13
38 7 47 73
38 8 37 33
38 9 29 58
38 12 15 32
38 13 51 47
38 14 58 32
38 16 35 26
38 18 10 66
39 2 55 40
39 3 27 65
39 4 13 48
39 7 5 73
39 9 49 58
39 12 57 64
39 13 9 51
39 15 33 61
39 18 22 11
39 19 19 72
39 20 3 63
40 2 29 55
40 5 55 59
40 6 33 13
40 8 43 70
40 9 59 58
40 10 22 47
40 12 3 40
40 16 17 26
40 17 37 34
40 18 52 11
40 19 41 67
41 2 53 55
41 3 9 65
41 4 43 48
41 6 15 13
41 8 4 33
41 9 37 58
41 12 31 32
41 13 51 51
41 14 58 25
41 15 49 61
41 17 25 34
41 20 27 63
42 2 5 44
42 3 15 53
42 4 43 39
42 5 53 59
42 7 37 2
42 8 28 70
42 9 11 58
42 15 41 7
42 16 47 26
42 17 55 34
42 18 19 66
43 2 11 44
43 3 39 38
43 4 13 20
43 5 37 16
43 6 17 13
43 7 1 73
43 9 29 30
43 14 52 6
43 15 35 7
43 18 31 11
43 19 43 67
43 20 45 63
44 2 47 44
44 4 15 71
44 5 25 16
44 6 27 13
44 7 21 72
44 8 31 70
44 9 43 58
44 12 51 64
44 16 55 26
44 18 10 11
44 19 5 42
45 3 21 38
45 4 55 63
45 5 49 40
45 7 41 73
45 8 25 70
45 9 1 30
45 13 13 51
45 14 46 6
45 17 7 34
45 18 52 66
45 20 39 63
46 3 1 65
46 5 33 16
46 6 45 13
46 7 23 73
46 10 13 19
46 12 37 64
46 14 19 10
46 15 41 61
46 16 49 26
46 18 58 11
46 19 11 67
46 20 51 63
47 2 49 55
47 5 47 59
47 6 1 40
47 8 13 70
47 9 31 58
47 10 37 19
47 12 43 62
47 13 25 7
47 16 59 26
47 17 35 34
47 20 9 63
48 2 59 55
48 3 55 35
48 5 35 59
48 6 11 40
48 8 40 70
48 10 37 47
48 12 31 64
48 14 4 25
48 15 53 7
48 18 49 11
48 20 15 63
49 3 13 38
49 6 49 13
49 7 41 2
49 8 52 70
49 11 31 56
49 12 7 62
49 13 47 64
49 14 1 25
49 15 39 71
49 17 29 28
49 19 55 67
49 20 21 63
50 2 31 55
50 3 39 72
50 4 3 39
50 5 59 16
50 6 19 13
50 7 55 73
50 11 9 56
50 14 25 6
50 15 51 71
50 16 37 9
50 18 22 66
50 19 53 42
Trạng thái: OPTIMUM
Điểm tối ưu: 585
Thời gian: 2.3994 giây
