6000
1 67 45 163
1 132 1 538
1 101 33 33
1 100 43 100
1 7 40 257
1 137 19 287
1 80 52 457
1 114 25 261
1 85 9 55
1 88 49 6
1 57 15 630
1 62 55 285
2 97 19 20
2 194 31 239
2 137 3 194
2 105 35 318
2 172 41 226
2 145 27 9
2 18 39 80
2 150 43 536
2 55 55 484
2 27 13 293
2 188 52 332
2 61 49 242
3 128 45 8
3 159 28 182
3 129 9 651
3 197 3 301
3 6 39 622
3 170 49 63
3 11 25 711
3 12 55 645
3 14 19 415
3 21 21 653
3 92 1 430
3 127 34 362
4 66 51 273
4 197 57 658
4 165 25 296
4 134 4 439
4 10 43 576
4 148 46 41
4 117 7 13
4 152 31 524
4 24 28 652
4 90 13 433
4 189 39 358
4 30 19 419
5 192 49 391
5 121 28 629
5 132 34 373
5 134 4 697
5 166 53 657
5 41 22 638
5 175 43 306
5 143 59 733
5 177 17 689
5 55 10 676
5 153 19 38
5 124 57 82
6 64 9 15
6 66 29 2
6 106 4 273
6 138 37 667
6 140 47 37
6 12 52 645
6 143 27 33
6 49 1 585
6 183 21 708
6 185 49 559
6 58 43 567
6 95 41 28
7 192 16 490
7 193 27 555
7 66 37 749
7 70 1 261
7 134 40 219
7 169 11 42
7 43 7 166
7 187 51 12
7 185 13 397
7 91 45 9
7 158 22 259
7 57 49 471
8 103 29 624
8 8 49 159
8 72 40 332
8 139 7 218
8 140 25 735
8 11 4 445
8 50 45 466
8 115 1 669
8 20 19 621
8 121 55 629
8 26 31 396
8 155 35 2
9 96 1 572
9 67 41 244
9 101 15 477
9 38 55 182
9 168 5 380
9 104 51 296
9 72 43 269
9 18 21 80
9 51 34 560
9 85 27 55
9 55 46 70
9 159 10 426
10 162 33 17
10 99 40 140
10 10 28 153
10 106 49 42
10 45 25 234
10 142 31 6
10 174 37 574
10 144 59 173
10 18 3 80
10 58 19 387
10 27 55 318
10 191 43 119
11 65 37 88
11 4 22 702
11 165 19 453
11 9 35 37
11 170 7 63
11 106 46 586
11 82 15 36
11 61 52 239
11 85 17 489
11 121 31 629
11 187 57 12
11 189 25 739
12 160 17 315
12 163 19 190
12 164 37 86
12 171 49 350
12 13 3 552
12 113 13 570
12 49 43 154
12 56 31 330
12 185 40 186
12 154 7 265
12 59 34 267
12 157 25 728
13 96 49 70
13 102 39 226
13 71 1 533
13 104 45 630
13 173 17 466
13 111 33 595
13 83 27 94
13 116 4 428
13 86 23 603
13 87 58 722
13 185 10 473
13 58 13 408
14 65 9 587
14 162 45 355
14 194 57 287
14 130 51 484
14 5 31 164
14 11 4 711
14 143 39 33
14 112 13 749
14 145 27 42
14 85 21 560
14 122 1 184
14 61 34 488
15 131 35 106
15 164 31 505
15 196 57 177
15 133 5 252
15 41 16 570
15 169 49 222
15 171 27 129
15 46 10 585
15 142 53 6
15 117 33 413
15 23 7 429
15 59 43 531
16 33 16 496
16 163 37 645
16 67 19 153
16 68 51 35
16 137 45 283
16 43 13 297
16 110 55 527
16 51 58 576
16 86 31 257
16 57 43 1
16 92 5 361
16 189 27 358
17 65 57 667
17 130 19 614
17 166 45 403
17 200 33 156
17 40 25 162
17 10 4 423
17 77 15 321
17 178 9 96
17 182 37 572
17 119 1 512
17 91 7 380
17 30 49 526
18 98 49 127
18 131 27 106
18 196 3 547
18 200 13 170
18 41 34 570
18 49 43 140
18 114 57 604
18 51 7 304
18 150 52 536
18 25 37 19
18 58 21 476
18 92 55 10
19 162 21 17
19 130 33 633
19 3 57 117
19 69 25 351
19 122 46 454
19 200 49 104
19 142 31 428
19 14 39 487
19 22 11 141
19 26 15 158
19 93 43 732
19 30 1 297
20 164 19 715
20 200 25 104
20 107 13 386
20 140 29 37
20 172 35 288
20 110 31 90
20 175 3 436
20 145 17 9
20 115 10 458
20 57 45 552
20 93 52 283
20 30 39 490
21 164 21 179
21 165 52 454
21 122 46 326
21 186 57 402
21 74 7 560
21 171 33 335
21 46 43 554
21 15 37 210
21 115 40 193
21 22 55 600
21 90 25 490
21 92 1 60
22 33 7 361
22 132 25 370
22 165 28 296
22 104 21 630
22 74 46 156
22 91 33 288
22 77 31 526
22 174 4 308
22 110 10 52
22 176 57 654
22 155 35 437
22 156 49 250
23 97 37 179
23 7 22 512
23 168 15 174
23 109 25 378
23 112 33 500
23 18 9 80
23 82 57 36
23 23 19 374
23 149 3 727
23 54 46 725
23 119 51 188
23 126 40 164
24 67 37 153
24 4 4 28
24 70 19 742
24 111 55 411
24 176 33 654
24 80 16 206
24 48 52 51
24 63 40 155
24 22 45 707
24 118 25 339
24 29 1 516
24 31 7 59
25 64 57 15
25 96 19 572
25 196 33 438
25 36 3 350
25 9 25 37
25 137 27 632
25 112 49 394
25 114 39 251
25 147 45 511
25 54 10 670
25 150 7 517
25 62 13 587
26 65 51 234
26 162 19 479
26 132 37 180
26 101 15 638
26 103 59 624
26 199 1 651
26 41 25 458
26 52 3 258
26 149 7 727
26 88 55 500
26 58 45 476
26 28 33 492
27 194 25 682
27 66 7 2
27 164 41 5
27 196 49 142
27 7 19 120
27 200 9 456
27 8 55 547
27 109 13 60
27 52 45 724
27 116 37 368
27 54 58 395
27 127 4 166
28 193 51 316
28 166 31 383
28 167 11 275
28 198 13 581
28 138 45 545
28 108 28 630
28 14 7 596
28 81 9 25
28 114 37 347
28 116 4 185
28 150 1 595
28 183 17 48
29 153 1 521
29 196 51 498
29 134 7 714
29 137 39 194
29 80 22 86
29 82 47 619
29 83 35 344
29 180 25 659
29 87 4 642
29 183 29 708
29 187 45 28
29 189 31 720
30 192 1 56
30 65 55 130
30 36 51 14
30 73 35 128
30 141 37 150
30 110 31 25
30 173 7 222
30 83 53 94
30 181 21 451
30 60 27 354
30 61 10 600
30 126 13 482
31 162 45 17
31 6 57 236
31 169 21 643
31 138 1 681
31 106 37 42
31 141 9 19
31 110 13 368
31 17 40 648
31 18 33 80
31 180 16 659
31 22 7 696
31 157 49 464
32 122 25 502
32 139 3 218
32 43 46 297
32 77 1 490
32 79 51 486
32 18 9 236
32 83 7 344
32 21 41 269
32 150 28 536
32 57 39 705
32 90 57 225
32 126 16 260
33 3 17 381
33 164 19 284
33 7 55 353
33 106 4 551
33 44 25 340
33 76 52 242
33 53 37 7
33 154 39 592
33 59 43 417
33 93 49 199
33 95 59 28
33 63 46 612
34 162 15 17
34 36 57 14
34 197 3 655
34 133 37 280
34 103 31 9
34 9 11 698
34 138 13 16
34 169 9 47
34 113 43 413
34 82 33 36
34 124 17 142
34 127 25 286
35 160 19 7
35 133 51 280
35 102 37 361
35 199 45 334
35 175 57 471
35 144 39 64
35 81 11 565
35 53 13 66
35 22 7 242
35 89 28 283
35 27 1 380
35 190 4 736
36 3 15 117
36 39 51 22
36 72 31 144
36 106 37 340
36 77 45 551
36 47 34 175
36 176 25 529
36 115 1 337
36 148 4 405
36 85 29 55
36 154 57 441
36 91 53 9
37 193 33 662
37 198 19 427
37 137 9 467
37 106 22 64
37 146 40 70
37 83 29 94
37 148 25 320
37 85 45 535
37 178 43 320
37 180 58 725
37 122 52 38
37 156 15 460
38 130 55 614
38 36 33 14
38 37 16 660
38 132 10 370
38 102 43 204
38 46 19 152
38 112 45 134
38 183 1 603
38 57 27 167
38 92 7 368
38 157 49 369
38 94 4 52
39 97 22 713
39 165 52 26
39 101 59 1
39 138 35 199
39 11 19 581
39 48 7 51
39 176 37 326
39 177 45 87
39 115 4 68
39 116 1 106
39 187 27 12
39 92 13 446
40 98 4 383
40 6 15 622
40 39 27 22
40 9 45 553
40 11 31 307
40 124 21 82
40 177 39 286
40 24 55 73
40 89 34 283
40 60 51 62
40 189 9 366
40 190 58 181
41 161 10 637
41 185 34 732
41 101 17 211
41 72 37 83
41 78 57 640
41 110 7 157
41 113 1 747
41 17 40 605
41 180 13 659
41 86 31 414
41 57 5 318
41 30 27 110
42 33 46 496
42 166 29 456
42 199 1 392
42 136 7 564
42 174 4 414
42 47 22 149
42 111 25 81
42 48 43 51
42 152 49 245
42 62 39 478
42 58 57 275
42 30 13 555
43 34 4 683
43 196 55 417
43 39 17 677
43 12 19 47
43 142 1 213
43 48 22 461
43 124 59 82
43 181 51 328
43 182 43 539
43 22 27 706
43 60 13 249
43 157 31 486
44 129 51 479
44 2 39 703
44 39 1 22
44 135 29 496
44 71 37 519
44 75 58 129
44 111 31 716
44 47 43 633
44 116 55 368
44 90 19 67
44 124 27 82
44 94 10 692
45 193 19 615
45 162 11 355
45 134 13 311
45 138 55 555
45 173 27 398
45 111 37 530
45 144 53 475
45 50 57 132
45 85 31 55
45 25 49 704
45 124 45 82
45 95 29 28
46 128 15 8
46 129 27 622
46 98 10 464
46 34 37 225
46 36 3 14
46 71 45 621
46 43 40 297
46 140 19 37
46 117 1 339
46 23 55 374
46 27 22 746
46 158 58 233
47 193 57 617
47 97 16 20
47 130 21 230
47 194 27 534
47 7 1 169
47 8 7 547
47 42 35 251
47 14 45 678
47 48 4 51
47 144 55 298
47 153 10 671
47 95 25 28
48 191 57 696
48 98 10 239
48 195 51 89
48 196 15 161
48 6 37 727
48 103 23 688
48 170 31 117
48 13 5 34
48 180 34 659
48 120 1 277
48 59 43 26
48 31 25 59
49 161 31 367
49 2 23 651
49 75 55 72
49 187 45 12
49 15 13 658
49 177 7 570
49 18 27 80
49 147 39 740
49 181 1 34
49 59 58 737
49 188 49 198
49 29 10 592
50 161 55 557
50 98 58 156
50 99 22 591
50 165 34 26
50 37 43 79
50 133 27 420
50 110 19 25
50 176 7 263
50 17 49 92
50 146 1 207
50 54 31 617
50 61 4 149
51 99 25 84
51 200 45 225
51 169 1 503
51 13 17 509
51 142 29 6
51 173 53 222
51 81 13 565
51 18 15 80
51 150 4 595
51 151 57 738
51 58 9 422
51 123 39 614
52 104 43 364
52 41 4 570
52 143 41 190
52 17 37 733
52 49 34 463
52 18 21 217
52 148 25 405
52 84 31 642
52 181 7 223
52 25 49 434
52 26 13 669
52 127 58 622
53 7 34 353
53 11 31 197
53 142 1 565
53 144 51 64
53 17 19 568
53 145 25 368
53 152 15 234
53 25 55 541
53 56 40 535
53 123 27 164
53 60 43 61
53 126 10 407
54 96 55 565
54 33 28 21
54 164 43 5
54 200 39 704
54 141 51 253
54 112 7 134
54 18 35 182
54 116 16 26
54 85 45 69
54 119 11 529
54 157 3 542
54 95 13 517
55 32 45 717
55 165 58 436
55 72 28 274
55 105 55 412
55 106 16 42
55 137 39 467
55 147 33 280
55 54 25 175
55 55 22 200
55 158 4 653
55 190 10 424
55 94 1 52
56 130 27 484
56 67 55 270
56 136 31 217
56 108 22 44
56 140 11 746
56 115 49 68
56 52 3 598
56 53 13 307
56 54 7 663
56 88 37 6
56 189 45 687
56 127 40 362
57 97 7 672
57 98 25 464
57 39 13 677
57 137 51 376
57 140 41 37
57 173 15 54
57 49 1 75
57 114 57 40
57 23 22 321
57 56 19 372
57 28 45 120
57 29 28 370
58 66 27 579
58 196 19 142
58 102 31 128
58 42 11 28
58 15 37 677
58 16 15 253
58 147 3 587
58 117 35 658
58 22 51 141
58 125 40 692
58 30 57 637
58 159 7 243
59 65 33 295
59 2 29 554
59 35 7 634
59 4 13 23
59 6 25 655
59 9 21 119
59 10 37 634
59 106 43 42
59 142 59 600
59 50 1 87
59 23 46 50
59 89 49 337
60 193 19 617
60 199 35 115
60 45 11 574
60 187 39 12
60 17 43 605
60 83 1 94
60 182 49 539
60 54 25 112
60 56 28 50
60 24 55 50
60 59 7 628
60 92 33 361
61 32 25 459
61 38 19 97
61 9 29 592
61 44 49 644
61 109 43 378
61 143 35 33
61 18 57 719
61 120 16 345
61 89 10 409
61 122 37 246
61 125 13 664
61 191 31 391
62 163 49 326
62 168 39 556
62 8 58 386
62 74 10 747
62 76 19 659
62 173 31 531
62 80 7 345
62 114 15 148
62 182 25 493
62 121 43 629
62 156 1 739
62 93 46 732
63 64 51 15
63 65 15 295
63 161 40 72
63 191 57 294
63 167 53 13
63 138 11 16
63 46 22 592
63 113 4 747
63 177 47 171
63 92 9 598
63 30 43 543
63 159 1 124
64 38 55 271
64 135 51 496
64 43 16 297
64 16 21 91
64 49 37 154
64 83 13 94
64 148 31 405
64 21 45 4
64 182 1 581
64 93 10 283
64 57 35 709
64 61 7 180
65 166 5 25
65 102 35 101
65 27 28 499
65 10 37 122
65 178 7 740
65 119 17 11
65 22 51 600
65 151 9 84
65 89 22 256
65 26 57 669
65 155 13 227
65 61 31 199
66 33 34 538
66 101 57 136
66 166 27 383
66 39 25 22
66 137 13 322
66 46 4 610
66 20 43 133
66 56 31 277
66 59 1 440
66 92 37 10
66 189 19 720
66 158 10 259
67 32 57 717
67 5 40 638
67 198 19 733
67 199 29 5
67 7 46 169
67 106 43 251
67 140 7 37
67 48 10 51
67 21 51 4
67 151 31 739
67 27 1 457
67 61 13 189
68 129 43 380
68 168 37 606
68 172 27 435
68 110 13 521
68 47 16 276
68 17 40 384
68 145 23 9
68 19 57 34
68 115 1 462
68 119 51 609
68 57 9 421
68 157 31 542
69 34 43 722
69 3 21 348
69 164 3 12
69 197 9 285
69 35 25 176
69 39 37 682
69 74 49 156
69 143 13 33
69 80 58 490
69 179 39 97
69 149 53 726
69 122 16 96
70 33 28 434
70 100 17 6
70 8 40 159
70 9 1 610
70 174 13 143
70 51 52 71
70 20 4 170
70 149 33 77
70 118 19 593
70 152 57 257
70 62 45 674
70 159 37 245
71 33 4 540
71 4 1 86
71 6 45 727
71 9 15 358
71 45 35 237
71 145 41 508
71 83 17 94
71 53 57 66
71 150 52 185
71 56 22 372
71 186 27 513
71 27 31 298
72 128 33 292
72 67 31 310
72 132 10 305
72 35 43 145
72 7 28 394
72 137 21 27
72 43 7 497
72 172 41 90
72 173 37 369
72 112 55 229
72 146 16 207
72 52 3 724
73 130 31 733
73 98 52 676
73 132 55 143
73 4 13 28
73 107 1 272
73 46 28 364
73 47 43 57
73 49 25 546
73 20 40 13
73 180 4 659
73 152 9 667
73 158 58 333
74 33 16 705
74 194 45 95
74 105 9 495
74 172 31 394
74 77 43 3
74 115 19 582
74 148 37 405
74 86 3 622
74 152 57 558
74 90 33 61
74 156 25 509
74 126 13 241
75 192 4 315
75 163 39 53
75 164 31 21
75 70 57 209
75 42 21 28
75 142 19 6
75 143 37 33
75 24 1 607
75 58 27 567
75 61 49 643
75 158 16 467
75 95 43 626
76 65 31 461
76 130 21 206
76 193 57 354
76 165 46 312
76 38 16 178
76 71 35 77
76 136 9 507
76 10 25 191
76 171 39 355
76 46 4 246
76 47 43 282
76 63 52 50
77 128 3 8
77 36 31 350
77 38 19 78
77 8 49 547
77 79 25 101
77 145 1 9
77 115 55 193
77 119 53 351
77 52 15 220
77 183 13 48
77 122 58 38
77 27 7 699
78 100 1 6
78 133 31 252
78 167 53 473
78 41 55 458
78 43 4 349
78 174 7 143
78 15 10 559
78 82 35 246
78 147 27 750
78 87 16 722
78 120 40 429
78 24 13 374
79 128 17 594
79 132 22 703
79 167 1 338
79 41 25 704
79 108 37 610
79 156 43 593
79 115 49 260
79 87 4 592
79 120 28 143
79 185 19 732
79 91 15 337
79 188 31 32
80 100 1 465
80 175 7 116
80 112 51 491
80 177 27 428
80 146 16 372
80 115 58 193
80 178 33 96
80 149 45 77
80 89 55 393
80 188 4 381
80 125 37 664
80 159 22 24
81 89 55 344
81 2 9 321
81 3 23 585
81 9 35 207
81 76 16 217
81 172 13 3
81 141 21 19
81 178 27 96
81 151 43 292
81 184 39 39
81 121 1 629
81 189 51 84
82 64 55 648
82 68 53 418
82 101 1 393
82 71 17 621
82 137 19 604
82 172 33 647
82 173 15 610
82 77 41 120
82 15 10 364
82 91 43 9
82 125 46 633
82 31 25 445
83 196 39 477
83 37 55 79
83 102 43 101
83 103 1 624
83 7 58 169
83 171 45 278
83 20 22 314
83 189 51 100
83 185 10 577
83 28 15 70
83 61 31 205
83 158 28 333
84 194 21 477
84 67 43 153
84 27 34 260
84 105 1 543
84 74 37 371
84 78 51 111
84 17 7 733
84 178 5 96
84 180 58 109
84 150 46 185
84 187 19 298
84 92 17 10
85 193 57 78
85 4 1 23
85 165 7 335
85 7 22 18
85 103 55 564
85 46 13 182
85 81 47 669
85 113 25 291
85 50 51 712
85 116 19 223
85 150 16 185
85 127 10 401
86 129 55 397
86 34 16 197
86 198 52 202
86 8 43 159
86 136 27 472
86 76 22 201
86 45 5 341
86 108 7 44
86 77 13 602
86 48 19 51
86 54 40 370
86 123 1 164
87 97 52 79
87 196 25 477
87 154 33 635
87 140 11 37
87 112 45 97
87 82 43 530
87 146 37 327
87 88 22 83
87 90 7 449
87 124 55 89
87 184 15 39
87 159 40 124
88 64 27 15
88 134 7 306
88 200 45 485
88 139 49 550
88 109 37 593
88 85 3 188
88 86 29 285
88 189 57 100
88 117 23 13
88 155 35 294
88 61 13 181
88 62 31 503
89 32 13 282
89 193 39 545
89 36 29 14
89 40 43 443
89 75 52 168
89 78 33 561
89 79 21 275
89 14 37 666
89 20 49 133
89 27 10 388
89 60 3 62
89 189 25 480
90 33 22 434
90 130 49 230
90 3 39 117
90 40 31 722
90 137 15 400
90 138 19 16
90 47 10 2
90 20 46 133
90 149 25 155
90 86 55 63
90 117 43 155
90 24 7 125
91 32 57 666
91 192 19 210
91 2 23 694
91 4 49 540
91 72 40 500
91 136 13 355
91 16 45 550
91 177 17 536
91 146 52 641
91 49 4 86
91 124 55 203
91 63 1 248
92 96 25 392
92 192 1 210
92 196 9 438
92 5 46 737
92 102 37 737
92 198 31 202
92 166 29 25
92 73 51 495
92 177 7 87
92 49 22 671
92 180 55 109
92 25 13 219
93 160 7 520
93 67 51 428
93 167 43 473
93 136 21 347
93 42 33 28
93 43 1 349
93 108 25 446
93 16 15 91
93 150 46 536
93 183 39 187
93 25 9 442
93 29 55 159
94 64 39 15
94 160 57 286
94 198 34 202
94 39 13 22
94 40 49 217
94 73 15 57
94 9 7 490
94 107 28 447
94 134 1 388
94 114 21 726
94 180 46 109
94 149 9 77
95 64 21 15
95 163 15 634
95 101 1 278
95 38 52 461
95 69 40 419
95 108 10 630
95 112 43 749
95 80 7 227
95 53 13 7
95 119 49 351
95 58 27 670
95 93 4 334
96 193 57 545
96 163 3 634
96 67 31 430
96 102 41 737
96 104 45 99
96 200 33 189
96 170 7 69
96 175 13 471
96 117 51 13
96 150 25 707
96 152 19 365
96 57 1 402
97 162 23 17
97 76 4 201
97 44 57 644
97 178 7 96
97 52 45 421
97 117 37 546
97 86 39 252
97 84 35 506
97 88 10 706
97 91 31 421
97 124 33 114
97 189 51 207
98 165 10 432
98 197 39 515
98 91 15 195
98 174 22 45
98 29 49 708
98 116 19 746
98 125 4 566
98 22 35 425
98 24 43 374
98 187 17 29
98 61 58 205
98 31 31 549
99 96 55 703
99 66 49 2
99 99 7 320
99 169 35 172
99 44 37 492
99 45 45 682
99 141 25 448
99 17 16 384
99 84 29 11
99 184 27 39
99 89 4 409
99 123 21 393
100 191 43 250
100 33 31 109
100 5 19 221
100 72 40 93
100 200 57 581
100 137 9 678
100 78 47 394
100 15 25 431
100 176 15 712
100 56 1 466
100 90 51 61
100 63 37 50
101 33 52 109
101 101 19 1
101 70 45 241
101 199 21 680
101 12 49 645
101 18 13 80
101 84 41 11
101 120 37 440
101 58 57 505
101 157 7 486
101 126 1 260
101 127 4 401
102 161 13 323
102 101 3 393
102 41 16 706
102 171 27 216
102 173 23 610
102 78 57 465
102 18 11 253
102 86 7 308
102 25 33 557
102 59 40 162
102 95 5 614
102 31 51 59
103 69 4 419
103 8 19 191
103 43 22 607
103 140 39 451
103 182 49 578
103 119 53 11
103 184 9 39
103 153 46 483
103 58 15 97
103 92 1 647
103 61 43 229
103 159 34 124
104 4 13 589
104 197 9 183
104 166 35 426
104 40 43 294
104 169 33 211
104 148 19 510
104 22 1 569
104 120 16 453
104 185 55 475
104 186 49 166
104 188 4 32
104 191 37 691
105 32 7 741
105 102 11 24
105 199 47 354
105 169 29 748
105 106 13 199
105 108 16 44
105 173 25 54
105 50 51 102
105 84 31 409
105 118 19 478
105 151 1 700
105 25 57 687
106 65 45 303
106 68 29 47
106 134 49 512
106 169 15 172
106 44 39 723
106 140 5 37
106 16 1 688
106 118 7 533
106 152 21 667
106 90 55 163
106 124 17 82
106 31 31 708
107 163 55 664
107 6 7 655
107 42 29 530
107 45 41 88
107 14 39 360
107 13 37 16
107 177 13 474
107 114 25 148
107 179 31 67
107 52 21 115
107 185 49 732
107 187 15 12
108 32 13 546
108 2 55 44
108 164 7 5
108 6 25 307
108 40 37 183
108 136 3 217
108 77 11 617
108 144 9 64
108 16 57 91
108 87 31 226
108 27 52 658
108 95 35 571
109 192 25 210
109 72 1 568
109 74 55 483
109 75 22 606
109 77 9 271
109 175 13 141
109 177 35 545
109 147 31 511
109 180 49 109
109 53 39 66
109 153 28 671
109 123 43 301
110 128 45 594
110 160 1 187
110 64 59 118
110 174 7 355
110 78 25 10
110 176 19 263
110 52 49 514
110 21 11 4
110 187 41 12
110 156 27 460
110 30 55 543
110 159 16 641
111 131 21 224
111 136 3 507
111 43 55 607
111 172 25 394
111 76 7 123
111 175 33 110
111 19 43 332
111 179 27 440
111 121 16 629
111 154 39 320
111 27 13 698
111 159 10 451
112 164 23 531
112 79 43 275
112 176 19 342
112 146 1 473
112 147 27 280
112 19 33 471
112 183 51 677
112 24 16 435
112 185 4 186
112 126 7 260
112 158 40 371
112 159 55 124
113 3 9 117
113 100 23 60
113 37 55 140
113 133 7 280
113 102 39 401
113 16 41 470
113 20 31 133
113 85 43 55
113 56 52 213
113 58 25 571
113 28 1 484
113 93 19 85
114 65 21 166
114 2 57 44
114 66 19 2
114 165 1 511
114 167 35 337
114 199 5 329
114 42 53 28
114 175 31 241
114 176 49 373
114 79 7 313
114 144 37 429
114 90 15 561
115 195 9 89
115 199 31 579
115 139 57 180
115 12 49 633
115 141 11 19
115 110 37 25
115 111 15 524
115 55 1 720
115 153 28 521
115 27 25 115
115 28 45 30
115 30 33 526
116 37 52 68
116 38 28 271
116 40 31 567
116 73 21 251
116 138 39 655
116 107 25 410
116 172 47 226
116 11 4 124
116 46 58 304
116 49 7 248
116 89 16 256
116 91 43 249
117 5 28 589
117 199 1 61
117 137 33 139
117 10 10 122
117 139 49 208
117 172 37 569
117 147 57 630
117 148 7 76
117 85 53 388
117 24 25 125
117 26 15 650
117 156 21 586
118 161 49 72
118 101 45 356
118 8 22 547
118 138 31 555
118 75 28 324
118 43 10 446
118 150 1 185
118 126 37 90
118 91 33 528
118 124 35 82
118 157 57 486
118 158 16 369
119 195 57 89
119 5 4 656
119 187 11 12
119 142 7 6
119 81 45 177
119 50 13 409
119 177 21 343
119 116 28 538
119 148 40 739
119 21 51 653
119 122 25 347
119 123 31 628
120 96 1 582
120 161 52 367
120 132 31 212
120 6 57 487
120 137 7 400
120 107 49 713
120 78 45 608
120 81 39 649
120 115 22 433
120 116 19 501
120 186 15 724
120 29 25 159
121 34 22 616
121 100 15 391
121 122 7 359
121 72 1 332
121 76 19 414
121 13 35 277
121 142 45 562
121 85 13 128
121 88 10 99
121 154 57 320
121 27 49 293
121 188 4 627
122 130 51 614
122 38 25 97
122 135 35 432
122 170 1 63
122 107 4 272
122 42 19 28
122 50 13 491
122 82 9 36
122 116 43 538
122 53 23 582
122 23 37 177
122 154 55 153
123 160 31 7
123 163 9 639
123 70 37 74
123 170 58 63
123 146 1 244
123 188 55 32
123 19 51 623
123 184 45 39
123 89 22 20
123 186 25 463
123 28 13 571
123 158 4 674
124 129 33 565
124 99 16 140
124 199 53 286
124 141 37 553
124 143 19 131
124 50 57 418
124 51 1 632
124 82 29 36
124 178 27 442
124 153 40 208
124 189 7 720
124 158 46 453
125 2 39 391
125 137 55 154
125 108 43 44
125 172 15 7
125 110 1 648
125 179 9 550
125 180 22 109
125 21 17 430
125 20 31 637
125 55 19 103
125 119 35 512
125 124 25 82
126 64 25 416
126 37 31 79
126 11 10 280
126 44 43 340
126 14 21 599
126 52 57 115
126 125 28 136
126 184 51 525
126 154 37 103
126 124 7 190
126 189 13 687
126 31 1 429
127 33 10 109
127 4 22 23
127 197 57 447
127 6 51 739
127 135 31 553
127 132 34 212
127 74 1 560
127 76 43 416
127 77 7 665
127 14 27 666
127 85 13 395
127 182 39 191
128 193 19 555
128 33 43 109
128 101 25 1
128 45 11 436
128 14 31 365
128 111 51 81
128 49 34 75
128 178 47 96
128 183 23 48
128 151 27 300
128 94 4 417
128 30 57 721
129 196 51 477
129 71 1 174
129 43 19 293
129 12 31 645
129 173 17 54
129 108 22 339
129 178 25 138
129 149 37 155
129 182 57 191
129 154 43 265
129 156 13 508
129 94 4 427
130 129 33 296
130 194 1 97
130 4 58 86
130 8 46 159
130 170 19 63
130 60 49 385
130 112 9 382
130 80 22 406
130 21 29 623
130 118 25 455
130 188 37 338
130 63 43 741
131 132 7 150
131 39 35 682
131 74 4 632
131 138 31 16
131 171 49 220
131 110 10 521
131 146 13 327
131 83 33 543
131 182 57 198
131 151 45 664
131 57 29 421
131 94 37 49
132 67 23 428
132 70 45 584
132 39 37 22
132 199 33 286
132 136 57 355
132 45 21 574
132 14 51 268
132 16 19 91
132 80 40 104
132 85 55 55
132 184 27 700
132 190 1 578
133 65 43 652
133 130 57 126
133 99 49 86
133 35 9 302
133 10 25 256
133 107 28 120
133 80 19 220
133 19 31 318
133 83 55 585
133 152 37 365
133 122 4 447
133 124 53 462
134 121 19 286
134 34 49 192
134 131 39 48
134 68 27 35
134 133 37 329
134 80 1 480
134 149 23 77
134 182 33 518
134 184 15 445
134 185 52 146
134 152 57 244
134 25 9 434
135 129 7 549
135 162 41 241
135 195 15 89
135 197 55 704
135 138 39 681
135 107 52 689
135 172 5 485
135 142 23 198
135 111 19 595
135 16 31 737
135 82 13 36
135 53 33 184
136 35 45 290
136 135 11 553
136 73 31 699
136 110 19 527
136 85 17 393
136 150 40 185
136 54 13 405
136 184 7 290
136 122 37 38
136 27 58 293
136 30 27 672
136 63 1 270
137 160 29 348
137 163 57 155
137 38 46 365
137 135 25 9
137 40 51 632
137 75 1 606
137 108 10 518
137 11 13 492
137 46 43 7
137 20 34 314
137 150 19 113
137 152 37 633
138 161 46 557
138 70 15 132
138 105 41 495
138 108 31 44
138 76 19 601
138 12 22 187
138 112 1 288
138 50 55 438
138 152 25 139
138 57 29 561
138 154 9 428
138 159 52 494
139 160 41 315
139 162 17 533
139 195 27 89
139 66 13 2
139 106 31 340
139 117 11 730
139 53 1 508
139 120 4 378
139 94 7 113
139 186 57 673
139 28 21 520
139 184 45 346
140 32 21 666
140 194 57 665
140 130 31 230
140 5 7 221
140 137 25 299
140 172 11 485
140 46 13 246
140 145 5 9
140 83 49 353
140 121 16 286
140 28 45 245
140 157 51 729
141 2 15 51
141 133 9 679
141 9 27 592
141 41 19 458
141 11 1 711
141 49 49 463
141 84 33 147
141 21 13 4
141 189 39 55
141 152 57 245
141 125 4 458
141 62 43 478
142 34 46 209
142 131 57 106
142 163 21 521
142 167 59 493
142 8 43 547
142 41 52 674
142 140 39 557
142 147 27 277
142 21 7 4
142 54 10 191
142 88 4 325
142 92 17 338
143 160 1 744
143 97 4 553
143 130 19 126
143 192 28 56
143 70 31 232
143 135 13 145
143 40 39 118
143 168 49 69
143 138 23 446
143 10 46 122
143 185 10 519
143 123 57 413
144 159 22 438
144 5 46 530
144 137 9 605
144 10 28 256
144 147 31 743
144 115 16 487
144 55 40 200
144 56 37 342
144 90 55 449
144 127 25 92
144 158 19 81
144 63 52 124
145 67 57 428
145 198 25 224
145 39 7 22
145 71 51 388
145 43 43 293
145 13 31 494
145 80 4 132
145 177 39 408
145 18 11 80
145 19 13 493
145 147 21 750
145 151 33 712
146 200 33 485
146 12 52 615
146 110 46 468
146 144 1 298
146 116 4 223
146 53 15 538
146 149 29 77
146 183 11 677
146 84 13 325
146 55 40 277
146 61 49 205
146 127 25 193
147 130 3 105
147 163 45 172
147 100 17 502
147 133 31 420
147 37 22 79
147 41 37 165
147 10 28 122
147 174 34 355
147 47 7 726
147 113 25 312
147 115 10 68
147 91 49 118
148 128 47 88
148 166 37 426
148 40 57 162
148 105 51 215
148 169 33 315
148 75 40 717
148 12 1 190
148 144 5 670
148 113 22 335
148 50 25 409
148 58 13 387
148 191 7 721
149 96 13 582
149 129 1 450
149 69 49 413
149 170 43 63
149 174 37 45
149 144 55 410
149 85 11 55
149 55 7 617
149 88 19 464
149 89 40 318
149 154 27 103
149 29 52 370
150 4 34 23
150 38 1 324
150 43 55 293
150 140 19 520
150 49 13 242
150 117 47 339
150 22 11 25
150 149 41 77
150 120 7 253
150 90 21 529
150 59 49 267
150 92 5 10
151 196 1 293
151 165 16 443
151 199 29 696
151 104 9 557
151 40 43 222
151 79 31 275
151 176 49 634
151 81 7 366
151 50 37 438
151 146 25 287
151 153 22 394
151 189 55 636
152 160 35 315
152 3 27 117
152 4 16 23
152 165 49 26
152 133 11 278
152 72 13 274
152 108 1 44
152 14 33 160
152 115 43 433
152 54 55 405
152 90 19 41
152 94 7 52
153 160 21 744
153 97 31 98
153 194 39 682
153 35 25 634
153 129 9 450
153 143 37 66
153 145 35 9
153 81 23 558
153 88 1 83
153 25 43 219
153 90 13 419
153 188 58 222
154 64 13 15
154 160 29 191
154 66 59 2
154 197 19 183
154 70 7 742
154 106 1 344
154 79 43 442
154 82 39 616
154 52 55 421
154 184 41 703
154 90 31 433
154 91 47 459
155 193 57 638
155 102 15 82
155 70 49 74
155 173 13 162
155 46 34 729
155 111 37 81
155 175 21 228
155 114 45 285
155 18 3 623
155 184 29 39
155 189 7 394
155 158 25 542
156 128 1 8
156 34 55 192
156 35 9 145
156 4 49 23
156 131 31 48
156 99 52 140
156 105 17 215
156 109 27 593
156 79 19 105
156 118 3 574
156 184 47 703
156 120 34 404
157 67 13 651
157 163 55 95
157 133 33 455
157 105 1 24
157 106 40 546
157 42 59 266
157 46 10 30
157 176 3 396
157 19 15 542
157 147 25 429
157 85 21 175
157 156 43 43
158 32 45 212
158 162 5 17
158 130 1 19
158 38 49 515
158 74 37 747
158 139 21 379
158 107 16 740
158 143 19 731
158 112 7 130
158 145 29 402
158 25 33 442
158 125 40 458
159 89 58 342
159 195 55 673
159 100 7 60
159 70 15 110
159 7 37 169
159 169 9 42
159 170 46 63
159 177 23 87
159 20 1 431
159 150 49 185
159 121 40 73
159 188 52 95
160 128 31 378
160 160 7 7
160 36 43 14
160 168 47 239
160 107 52 725
160 77 39 3
160 149 13 266
160 54 49 725
160 119 5 353
160 21 19 340
160 154 21 265
160 31 57 708
161 4 34 540
161 166 53 548
161 135 27 360
161 8 40 71
161 137 57 632
161 106 10 340
161 174 13 414
161 17 7 354
161 114 3 103
161 179 45 695
161 55 37 529
161 25 49 414
162 161 34 72
162 130 55 430
162 163 49 583
162 39 5 22
162 200 27 195
162 170 37 63
162 155 1 269
162 45 15 115
162 145 3 283
162 55 40 223
162 89 7 217
162 123 19 164
163 5 28 332
163 6 21 622
163 70 31 724
163 167 35 275
163 199 9 334
163 106 1 29
163 12 37 480
163 77 51 617
163 85 45 175
163 54 40 337
163 185 16 732
163 154 57 197
164 67 13 153
164 37 58 79
164 106 1 541
164 43 16 548
164 75 43 72
164 76 34 359
164 155 39 269
164 17 49 652
164 114 27 582
164 83 23 94
164 119 25 437
164 59 10 26
165 160 59 740
165 96 19 724
165 99 16 262
165 164 1 151
165 165 10 3
165 166 41 309
165 196 43 498
165 186 55 157
165 90 49 433
165 179 25 550
165 58 31 151
165 63 7 257
166 166 7 25
166 71 5 573
166 8 31 198
166 9 17 743
166 10 19 486
166 42 35 28
166 75 37 72
166 142 13 131
166 17 1 227
166 153 40 275
166 31 49 411
166 63 22 81
167 193 55 96
167 68 21 35
167 72 4 274
167 40 13 294
167 107 28 135
167 16 59 470
167 145 31 234
167 84 9 301
167 20 25 637
167 152 39 521
167 124 11 82
167 63 49 448
168 129 57 549
168 102 37 101
168 12 49 615
168 173 31 546
168 78 23 561
168 14 41 686
168 143 33 190
168 179 9 619
168 21 13 269
168 117 7 339
168 120 28 345
168 190 4 275
169 99 10 525
169 70 3 734
169 8 37 71
169 136 31 619
169 78 27 141
169 16 59 250
169 85 53 698
169 57 49 709
169 122 22 38
169 27 13 334
169 63 43 427
169 127 16 559
170 161 7 652
170 130 25 170
170 193 55 713
170 196 21 498
170 37 37 609
170 105 29 67
170 44 33 149
170 109 13 593
170 112 51 409
170 115 10 250
170 51 40 501
170 157 45 464
171 153 43 73
171 131 9 254
171 165 19 709
171 77 33 56
171 144 11 475
171 82 5 36
171 178 55 538
171 149 13 77
171 183 1 677
171 25 51 557
171 91 15 620
171 156 37 509
172 130 37 406
172 35 19 234
172 38 52 515
172 39 11 152
172 167 13 278
172 75 1 451
172 116 4 376
172 119 33 624
172 57 27 684
172 154 57 188
172 187 47 12
172 29 43 370
173 161 1 652
173 106 49 417
173 138 25 681
173 172 5 569
173 77 13 317
173 15 52 490
173 176 37 2
173 81 9 121
173 18 15 378
173 55 31 529
173 58 27 607
173 27 46 260
174 194 33 95
174 165 19 470
174 11 28 124
174 12 37 615
174 145 7 508
174 177 25 233
174 115 10 582
174 82 41 709
174 151 51 738
174 58 57 550
174 156 43 509
174 62 15 503
175 97 25 173
175 195 39 89
175 163 15 157
175 132 46 639
175 137 9 287
175 170 28 563
175 139 1 550
175 14 21 596
175 15 43 197
175 180 58 456
175 59 52 737
175 93 34 548
176 33 25 128
176 68 45 35
176 199 1 579
176 40 3 722
176 105 7 24
176 80 22 490
176 17 13 683
176 117 39 469
176 22 31 141
176 90 51 561
176 28 57 380
176 158 10 81
177 34 40 695
177 153 16 134
177 101 31 84
177 41 19 439
177 9 13 37
177 12 10 615
177 173 29 398
177 79 45 486
177 145 7 132
177 185 4 732
177 90 57 378
177 92 51 430
178 6 49 487
178 135 29 553
178 104 7 744
178 107 55 135
178 142 39 213
178 80 46 345
178 82 11 36
178 83 23 424
178 180 25 227
178 118 31 245
178 23 4 50
178 93 19 542
179 99 19 197
179 196 9 406
179 5 31 221
179 142 47 6
179 48 55 596
179 177 17 87
179 16 27 454
179 84 45 642
179 87 58 75
179 56 40 522
179 188 1 698
179 191 13 696
180 2 15 703
180 195 31 134
180 135 39 589
180 42 29 470
180 107 52 135
180 172 37 336
180 110 19 196
180 19 45 318
180 149 5 77
180 92 55 446
180 30 57 190
180 63 1 165
181 96 57 431
181 99 40 142
181 101 7 1
181 103 29 235
181 40 15 619
181 9 43 37
181 200 9 139
181 108 4 44
181 49 46 463
181 147 33 750
181 115 22 193
181 27 25 699
182 66 17 2
182 35 21 538
182 68 15 35
182 7 1 570
182 200 45 659
182 137 31 604
182 15 37 551
182 113 40 306
182 51 49 176
182 180 25 4
182 121 28 73
182 29 58 336
183 162 9 212
183 67 5 310
183 106 19 29
183 31 43 508
183 79 49 313
183 21 17 504
183 86 41 63
183 58 27 387
183 28 1 245
183 29 58 516
183 158 37 233
183 191 31 696
184 96 55 178
184 134 37 439
184 109 19 325
184 175 1 478
184 113 25 127
184 61 28 205
184 21 43 4
184 88 16 609
184 154 51 382
184 187 49 12
184 92 9 647
184 157 31 345
185 32 1 561
185 162 47 304
185 35 37 290
185 37 43 118
185 40 21 410
185 105 9 412
185 73 59 347
185 171 25 610
185 175 49 368
185 20 13 93
185 184 33 539
185 188 16 708
186 200 13 714
186 139 25 486
186 46 46 139
186 16 39 591
186 17 19 274
186 113 52 52
186 84 55 11
186 85 23 55
186 118 57 299
186 153 31 208
186 123 9 387
186 157 3 682
187 33 1 740
187 35 37 398
187 197 51 152
187 72 31 669
187 10 4 191
187 139 27 262
187 174 58 712
187 15 43 188
187 80 19 699
187 23 7 177
187 186 13 541
187 92 55 60
188 32 7 563
188 129 45 587
188 102 25 200
188 8 28 71
188 73 19 57
188 12 13 615
188 44 49 240
188 47 37 133
188 79 33 261
188 146 55 641
188 147 1 750
188 84 21 147
189 193 7 485
189 162 37 521
189 35 49 443
189 7 31 63
189 72 1 129
189 106 4 726
189 47 19 285
189 18 27 253
189 51 13 412
189 152 45 182
189 91 17 486
189 31 55 105
190 64 55 15
190 164 33 5
190 197 25 322
190 37 1 474
190 6 21 236
190 170 37 404
190 75 43 440
190 107 40 135
190 14 47 360
190 177 35 87
190 25 49 323
190 127 13 92
191 3 35 117
191 195 51 134
191 102 3 204
191 135 27 694
191 40 45 295
191 9 53 37
191 149 55 726
191 118 39 299
191 184 49 39
191 121 58 444
191 91 23 147
191 92 19 10
192 33 1 18
192 193 31 566
192 138 35 16
192 140 57 605
192 110 22 527
192 46 7 360
192 177 41 484
192 82 51 616
192 84 25 549
192 53 53 333
192 118 13 612
192 91 59 524
193 65 25 226
193 3 51 473
193 99 19 328
193 40 3 602
193 105 57 306
193 171 7 278
193 142 35 395
193 51 22 632
193 148 40 583
193 23 37 111
193 125 13 458
193 63 31 81
194 168 59 552
194 106 7 515
194 171 33 154
194 170 16 404
194 111 37 599
194 119 31 327
194 88 28 691
194 123 3 530
194 124 41 82
194 29 43 98
194 158 22 491
194 191 49 10
195 3 17 117
195 5 43 221
195 103 59 688
195 136 19 75
195 76 31 201
195 46 28 265
195 80 13 699
195 178 53 450
195 59 49 485
195 188 1 708
195 189 9 234
195 127 37 41
196 128 43 594
196 8 40 459
196 10 49 122
196 109 31 238
196 49 1 40
196 146 4 207
196 180 7 109
196 152 13 84
196 58 21 570
196 155 47 2
196 157 57 621
196 159 10 408
197 99 19 202
197 36 31 674
197 37 1 687
197 168 53 552
197 10 22 122
197 139 37 237
197 53 47 174
197 22 57 706
197 25 7 445
197 89 49 279
197 155 17 230
197 62 25 414
198 161 19 557
198 130 37 230
198 9 5 580
198 10 10 423
198 44 55 492
198 81 59 565
198 115 52 541
198 148 43 632
198 62 31 587
198 90 1 225
198 152 15 257
198 158 46 371
199 196 51 438
199 69 28 144
199 165 1 13
199 167 37 13
199 73 59 498
199 41 13 573
199 177 55 87
199 145 31 644
199 179 39 456
199 52 33 258
199 188 22 213
199 60 7 653
200 96 55 70
200 97 40 20
200 128 43 8
200 193 9 545
200 41 19 378
200 77 45 368
200 114 49 508
200 23 25 50
200 181 13 725
200 183 47 48
200 121 31 183
200 125 1 458
201 196 31 243
201 69 4 413
201 7 1 394
201 158 25 325
201 10 7 374
201 74 49 562
201 181 43 223
201 117 21 678
201 122 13 24
201 27 40 627
201 156 57 362
201 94 37 566
202 131 33 224
202 167 53 493
202 138 35 341
202 107 4 135
202 43 55 331
202 109 25 250
202 88 7 519
202 24 40 435
202 90 43 434
202 155 29 270
202 152 15 667
202 127 22 535
203 33 13 109
203 194 21 333
203 66 45 220
203 67 53 384
203 138 9 213
203 141 5 699
203 174 49 558
203 111 55 118
203 53 25 730
203 21 59 4
203 89 34 402
203 187 19 12
204 100 39 601
204 102 9 206
204 166 35 25
204 200 43 456
204 173 53 373
204 49 19 463
204 145 27 381
204 51 1 408
204 82 23 743
204 119 59 353
204 187 13 12
204 62 55 478
205 195 29 524
205 90 9 419
205 28 49 30
205 45 43 674
205 46 37 30
205 144 5 64
205 51 55 501
205 148 25 510
205 89 58 528
205 122 16 447
205 188 19 215
205 159 13 299
206 32 33 390
206 34 43 649
206 199 7 173
206 168 25 352
206 172 21 266
206 109 27 238
206 80 16 583
206 176 9 418
206 180 55 138
206 182 1 725
206 121 13 73
206 58 39 569
207 192 28 653
207 3 55 117
207 199 53 364
207 74 4 156
207 12 46 271
207 109 37 390
207 48 13 519
207 49 22 242
207 149 59 589
207 120 10 710
207 57 41 611
207 25 49 533
208 97 46 167
208 135 21 360
208 104 33 630
208 12 25 660
208 141 23 70
208 174 7 209
208 176 37 263
208 81 53 366
208 186 1 362
208 93 10 214
208 62 49 359
208 191 57 147
209 198 7 202
209 136 57 564
209 72 1 291
209 75 43 168
209 12 16 615
209 173 21 466
209 44 33 214
209 43 28 331
209 174 4 424
209 17 52 621
209 47 49 149
209 121 10 73
210 97 46 713
210 194 19 239
210 164 43 599
210 5 49 466
210 102 5 24
210 105 11 515
210 109 13 381
210 173 59 546
210 52 27 290
210 21 41 4
210 25 37 323
210 157 1 680
211 129 57 731
211 134 25 124
211 136 37 507
211 104 31 535
211 43 28 159
211 143 55 33
211 144 19 64
211 16 47 440
211 87 52 636
211 151 7 535
211 26 43 650
211 92 5 613
212 69 25 363
212 166 15 426
212 38 31 103
212 70 21 241
212 170 34 312
212 10 28 8
212 44 9 78
212 173 43 54
212 151 45 447
212 25 49 747
212 154 39 17
212 94 55 692
213 99 13 591
213 69 34 363
213 7 37 512
213 27 25 563
213 75 19 72
213 172 59 523
213 139 1 208
213 110 52 468
213 114 9 347
213 117 43 372
213 123 45 387
213 159 28 257
214 64 59 701
214 129 19 362
214 3 5 489
214 68 49 35
214 70 25 209
214 106 1 334
214 138 53 504
214 46 31 254
214 14 51 599
214 148 43 481
214 30 15 333
214 191 9 626
215 96 9 70
215 35 37 443
215 6 55 307
215 134 22 341
215 138 45 213
215 74 4 536
215 140 59 288
215 45 49 428
215 61 16 205
215 87 1 149
215 154 51 153
215 189 25 714
216 7 22 169
216 168 35 552
216 136 15 709
216 75 52 349
216 13 41 231
216 176 55 51
216 113 43 291
216 20 31 556
216 86 49 386
216 119 19 39
216 186 7 541
216 190 1 195
217 65 19 721
217 66 39 138
217 3 59 179
217 68 49 418
217 5 1 221
217 102 9 348
217 71 51 356
217 142 29 428
217 120 43 253
217 153 4 38
217 26 31 444
217 28 55 579
218 32 9 546
218 98 25 677
218 34 37 603
218 103 53 673
218 73 45 656
218 51 58 71
218 20 4 516
218 120 49 670
218 27 13 499
218 156 33 646
218 29 1 98
218 63 22 741
219 197 3 590
219 135 59 496
219 136 31 472
219 107 37 244
219 141 49 19
219 176 19 418
219 19 9 493
219 179 55 695
219 180 25 636
219 117 45 344
219 151 13 739
219 186 51 724
220 96 9 524
220 194 13 19
220 101 49 530
220 168 29 168
220 138 21 446
220 45 53 117
220 80 31 540
220 83 39 588
220 84 43 11
220 150 4 371
220 90 45 495
220 94 34 164
221 97 58 27
221 103 43 447
221 104 37 292
221 169 47 211
221 170 52 329
221 10 13 122
221 110 16 468
221 79 27 361
221 180 22 499
221 119 41 102
221 62 1 287
221 126 10 590
222 2 23 729
222 69 34 436
222 140 15 142
222 176 57 556
222 146 31 517
222 93 10 76
222 182 19 46
222 153 25 525
222 122 43 246
222 61 40 600
222 190 1 424
222 57 49 1
223 129 45 549
223 69 7 363
223 199 59 739
223 170 31 69
223 107 1 135
223 12 25 86
223 174 4 122
223 110 19 468
223 80 34 683
223 180 52 227
223 123 55 387
223 61 37 205
224 165 28 403
224 166 43 25
224 10 1 122
224 75 31 488
224 12 4 645
224 16 21 600
224 52 37 653
224 151 45 300
224 88 16 99
224 94 10 49
224 59 55 723
224 190 49 181
225 36 9 61
225 133 33 216
225 100 59 679
225 138 35 522
225 106 37 29
225 47 52 652
225 17 49 501
225 181 27 594
225 54 19 519
225 117 15 701
225 26 1 128
225 91 23 249
226 160 59 7
226 199 45 392
226 170 10 404
226 111 13 359
226 17 25 158
226 18 43 623
226 84 47 11
226 189 39 636
226 87 7 470
226 185 31 146
226 125 52 458
226 95 29 626
227 34 43 602
227 195 51 524
227 39 21 650
227 168 19 69
227 41 4 588
227 74 58 560
227 43 55 520
227 44 39 123
227 76 34 201
227 84 15 271
227 187 27 268
227 29 7 98
228 192 1 353
228 161 16 72
228 165 55 709
228 7 13 78
228 109 33 60
228 112 37 491
228 113 19 385
228 178 29 96
228 56 25 466
228 26 43 697
228 27 10 293
228 152 49 509
229 129 15 296
229 121 52 73
229 135 19 230
229 136 25 619
229 137 33 467
229 44 37 534
229 143 49 33
229 151 1 93
229 89 10 299
229 126 43 166
229 91 29 174
229 158 7 268
230 193 45 316
230 196 33 498
230 71 17 239
230 41 55 123
230 75 13 451
230 172 59 599
230 140 29 436
230 44 25 5
230 47 7 451
230 48 10 173
230 147 39 9
230 158 19 548
231 32 1 459
231 2 51 543
231 166 15 25
231 39 53 254
231 168 41 324
231 41 37 711
231 158 34 718
231 141 13 372
231 173 45 128
231 50 19 268
231 155 9 286
231 126 25 271
232 192 1 391
232 36 53 14
232 5 28 636
232 39 49 22
232 16 15 454
232 115 40 342
232 20 7 133
232 117 59 13
232 120 55 727
232 94 22 49
232 186 45 137
232 126 34 590
233 160 59 58
233 66 5 355
233 6 45 236
233 104 27 523
233 174 49 308
233 113 52 237
233 146 10 181
233 18 31 80
233 116 7 573
233 24 19 485
233 124 37 82
233 127 13 41
234 2 31 703
234 163 43 331
234 132 40 212
234 69 10 628
234 92 3 446
234 177 27 204
234 188 7 645
234 51 52 342
234 183 57 53
234 121 13 314
234 28 19 688
234 190 37 181
235 65 13 159
235 98 1 383
235 100 11 627
235 103 23 447
235 107 55 315
235 82 59 616
235 84 31 139
235 119 45 437
235 186 25 131
235 60 19 693
235 30 33 672
235 95 51 28
236 64 53 15
236 100 59 6
236 198 16 202
236 40 43 410
236 41 10 165
236 139 31 577
236 141 55 19
236 110 7 196
236 115 1 342
236 149 19 77
236 86 35 541
236 62 27 478
237 160 11 298
237 131 31 292
237 6 1 390
237 11 46 192
237 177 43 87
237 85 35 411
237 86 21 576
237 23 58 374
237 123 51 387
237 189 15 480
237 126 40 45
237 159 25 257
238 68 19 35
238 136 1 619
238 104 39 396
238 41 52 123
238 75 16 168
238 16 23 470
238 22 49 700
238 87 13 636
238 88 7 464
238 94 58 569
238 30 27 233
238 95 43 28
239 163 1 146
239 131 5 48
239 195 35 89
239 39 43 22
239 135 9 553
239 139 25 199
239 75 31 72
239 172 59 163
239 46 19 361
239 118 39 612
239 62 55 587
239 127 16 92
240 96 51 200
240 193 1 701
240 32 43 537
240 5 25 221
240 102 49 24
240 104 15 292
240 75 19 657
240 110 31 734
240 143 41 33
240 87 58 226
240 27 10 177
240 92 5 648
241 103 37 9
241 171 55 443
241 110 4 195
241 176 15 600
241 144 43 64
241 112 31 572
241 149 9 367
241 150 22 185
241 54 28 112
241 185 40 431
241 124 53 82
241 183 59 48
242 132 7 370
242 196 37 722
242 166 1 389
242 10 10 41
242 47 25 282
242 51 31 501
242 148 49 76
242 150 46 672
242 119 59 11
242 57 55 1
242 91 29 467
242 30 19 373
243 131 29 48
243 7 46 570
243 72 25 669
243 199 21 322
243 11 52 711
243 75 40 129
243 142 33 6
243 86 15 694
243 183 7 247
243 22 9 425
243 89 58 344
243 90 3 372
244 64 29 416
244 192 55 210
244 102 53 24
244 40 15 410
244 176 19 114
244 19 9 476
244 84 1 486
244 117 39 701
244 87 58 357
244 186 45 401
244 123 49 261
244 94 31 563
245 128 23 8
245 195 17 89
245 137 27 604
245 106 55 551
245 41 13 302
245 49 34 546
245 181 37 594
245 118 51 339
245 88 4 609
245 58 19 569
245 152 9 252
245 159 43 24
246 130 37 126
246 134 49 445
246 105 27 648
246 74 7 473
246 44 15 720
246 78 45 141
246 79 31 177
246 146 4 2
246 115 52 582
246 148 19 632
246 121 10 523
246 92 23 10
247 129 31 676
247 98 28 640
247 67 23 153
247 101 55 586
247 198 46 487
247 71 19 3
247 106 4 541
247 176 57 373
247 51 40 412
247 117 53 646
247 54 25 372
247 93 1 76
248 130 25 614
248 132 10 143
248 72 49 332
248 40 43 414
248 73 59 641
248 186 13 498
248 10 55 576
248 79 3 269
248 17 7 120
248 179 37 382
248 52 19 290
248 154 33 607
249 35 51 538
249 134 22 291
249 71 1 302
249 38 19 541
249 39 55 152
249 7 25 692
249 169 13 222
249 112 15 317
249 177 9 570
249 122 4 454
249 62 33 470
249 63 37 227
250 128 3 311
250 100 55 395
250 69 37 363
250 165 40 511
250 37 31 178
250 40 21 162
250 170 52 404
250 81 19 250
250 83 59 330
250 84 1 549
250 153 13 366
250 155 11 712
251 128 47 8
251 131 51 56
251 36 19 14
251 140 55 37
251 77 9 368
251 14 1 360
251 175 33 161
251 145 5 535
251 22 39 707
251 186 27 724
251 92 59 368
251 31 21 136
252 195 21 543
252 8 25 386
252 137 57 705
252 108 40 44
252 14 43 746
252 111 13 411
252 179 1 67
252 54 49 446
252 119 45 512
252 156 33 229
252 189 9 687
252 159 37 257
253 192 7 210
253 69 34 93
253 167 55 700
253 103 59 9
253 10 40 122
253 138 27 341
253 47 37 524
253 144 45 343
253 81 3 309
253 115 49 663
253 22 1 734
253 159 52 714
254 193 49 294
254 132 31 180
254 196 7 477
254 104 55 535
254 40 1 410
254 137 15 604
254 11 19 112
254 18 43 80
254 58 45 408
254 27 22 457
254 28 25 658
254 29 34 592
255 33 46 351
255 164 59 605
255 196 7 603
255 39 1 254
255 43 40 166
255 76 19 201
255 47 49 625
255 48 37 43
255 117 15 437
255 154 25 270
255 125 55 166
255 190 34 287
256 68 5 35
256 164 11 18
256 6 45 307
256 7 40 169
256 123 7 282
256 110 58 331
256 118 27 519
256 185 1 141
256 59 19 26
256 125 49 170
256 95 25 346
256 191 15 721
257 32 37 698
257 33 22 299
257 195 7 89
257 7 16 169
257 170 49 381
257 109 57 295
257 112 27 382
257 144 53 483
257 84 9 325
257 118 1 66
257 156 43 739
257 125 19 394
258 192 40 210
258 66 25 2
258 36 31 14
258 165 13 729
258 198 10 281
258 39 59 22
258 200 49 203
258 90 1 529
258 10 16 589
258 53 45 528
258 122 34 447
258 188 28 95
259 194 1 412
259 36 7 407
259 100 55 6
259 4 37 540
259 8 34 71
259 9 49 37
259 75 16 569
259 51 43 412
259 83 47 94
259 122 25 326
259 29 19 98
259 62 57 389
260 34 13 319
260 131 9 337
260 68 47 35
260 39 55 22
260 9 59 37
260 78 1 452
260 48 52 269
260 80 25 345
260 82 43 36
260 26 19 739
260 29 28 98
260 62 39 587
261 32 51 741
261 192 7 315
261 196 27 572
261 134 43 143
261 106 10 29
261 91 21 174
261 76 40 201
261 173 49 54
261 12 46 235
261 80 58 206
261 59 4 737
261 190 1 20
262 161 58 557
262 197 13 183
262 167 37 576
262 40 21 506
262 137 49 467
262 140 55 534
262 142 33 10
262 14 1 487
262 49 4 303
262 150 25 185
262 188 7 198
262 127 43 617
263 129 33 204
263 164 15 509
263 4 10 23
263 168 25 47
263 8 49 71
263 73 31 403
263 43 1 48
263 75 37 560
263 16 29 253
263 89 4 337
263 58 45 281
263 29 22 98
264 161 28 367
264 68 37 35
264 137 1 678
264 173 53 54
264 110 40 527
264 144 59 64
264 147 45 563
264 149 31 77
264 184 5 39
264 154 7 188
264 124 55 82
264 126 13 305
265 64 37 15
265 129 31 658
265 162 9 447
265 99 19 525
265 100 59 465
265 197 55 101
265 128 49 8
265 155 25 151
265 78 27 385
265 187 29 12
265 93 46 76
265 30 1 555
266 121 52 470
266 2 7 391
266 37 34 581
266 38 40 133
266 168 55 5
266 13 49 231
266 21 59 165
266 182 27 581
266 56 19 50
266 25 13 691
266 29 1 566
266 30 45 555
267 129 21 380
267 162 45 581
267 67 35 310
267 164 53 284
267 165 40 436
267 66 55 633
267 104 15 233
267 107 10 135
267 77 59 120
267 89 37 167
267 188 7 215
267 25 31 219
268 64 59 15
268 32 15 741
268 100 21 627
268 199 49 5
268 167 39 316
268 105 37 24
268 138 43 16
268 12 46 660
268 146 10 207
268 152 55 521
268 88 4 1
268 95 25 34
269 128 19 8
269 32 55 459
269 105 59 24
269 187 53 12
269 77 23 665
269 143 29 502
269 113 46 465
269 82 27 40
269 21 37 4
269 118 3 533
269 155 39 101
269 94 43 573
270 128 53 8
270 161 34 717
270 162 19 17
270 97 40 98
270 11 55 552
270 44 15 149
270 12 7 615
270 176 1 357
270 177 31 87
270 19 45 623
270 117 27 644
270 183 51 603
271 160 35 7
271 193 7 402
271 162 5 521
271 134 46 180
271 103 49 399
271 6 31 655
271 137 55 231
271 11 40 157
271 50 19 100
271 22 37 734
271 188 13 496
271 158 1 718
272 33 19 575
272 36 43 356
272 101 9 211
272 75 52 72
272 172 29 599
272 171 45 452
272 46 1 592
272 113 49 306
272 18 55 80
272 117 15 52
272 54 25 617
272 62 39 674
273 191 49 669
273 71 21 161
273 154 33 382
273 169 45 441
273 136 39 403
273 178 31 96
273 146 13 207
273 55 4 70
273 56 16 330
273 122 1 439
273 59 58 26
273 31 25 411
274 193 51 354
274 194 21 412
274 2 27 323
274 132 34 370
274 70 9 232
274 73 39 198
274 77 29 3
274 46 55 592
274 24 31 73
274 26 1 139
274 156 43 646
274 125 58 305
275 64 49 15
275 100 27 627
275 167 55 717
275 13 7 16
275 78 29 302
275 146 34 327
275 114 39 148
275 179 1 520
275 147 19 447
275 182 43 748
275 20 52 133
275 121 10 462
276 97 10 661
276 66 33 522
276 99 16 734
276 35 3 59
276 70 39 584
276 169 57 396
276 187 35 602
276 16 43 550
276 144 1 64
276 146 28 156
276 22 45 734
276 155 59 230
277 65 37 652
277 68 35 35
277 39 59 59
277 44 1 45
277 175 7 478
277 112 43 382
277 18 49 80
277 52 15 557
277 53 51 66
277 25 21 687
277 154 27 334
277 28 55 338
278 64 5 55
278 196 33 547
278 38 13 133
278 103 47 9
278 168 9 352
278 141 25 19
278 144 55 64
278 20 16 431
278 21 45 165
278 54 52 670
278 61 40 561
278 126 22 305
279 129 25 70
279 6 51 390
279 168 59 5
279 171 39 247
279 93 16 214
279 53 55 253
279 87 7 357
279 58 43 726
279 155 31 143
279 127 19 535
279 157 1 369
279 63 10 266
280 98 49 408
280 99 7 140
280 37 13 732
280 102 41 24
280 137 1 322
280 106 58 586
280 49 19 154
280 179 33 329
280 84 31 182
280 116 52 53
280 88 10 332
280 30 37 373
281 68 25 35
281 70 45 261
281 40 9 722
281 10 34 122
281 139 15 247
281 172 49 523
281 46 1 364
281 14 21 648
281 81 57 121
281 53 53 7
281 118 37 624
281 124 31 82
282 65 43 88
282 197 37 285
282 103 27 396
282 136 49 690
282 173 47 54
282 178 41 96
282 82 35 36
282 84 25 11
282 86 21 257
282 184 53 39
282 30 55 526
282 159 10 124
283 197 9 322
283 102 49 521
283 199 53 173
283 8 34 194
283 134 1 445
283 39 31 22
283 103 51 307
283 172 13 523
283 13 41 675
283 53 25 333
283 184 55 39
283 125 16 668
284 192 58 88
284 130 1 434
284 69 34 144
284 70 51 209
284 167 13 13
284 79 9 269
284 112 27 749
284 178 43 96
284 18 41 80
284 86 7 488
284 183 37 48
284 191 21 7
285 185 55 489
285 196 9 142
285 133 45 317
285 169 47 636
285 138 49 16
285 105 29 24
285 110 52 407
285 46 25 214
285 47 19 633
285 146 37 207
285 25 33 434
285 58 15 567
286 194 37 641
286 36 17 14
286 37 34 578
286 133 23 280
286 4 31 100
286 170 1 703
286 45 27 432
286 49 19 127
286 52 7 631
286 117 47 13
286 180 4 684
286 21 59 543
287 185 28 346
287 198 37 581
287 106 52 42
287 111 19 327
287 156 31 460
287 19 13 738
287 115 1 663
287 88 49 325
287 24 58 651
287 28 45 305
287 157 9 680
287 159 4 257
288 100 45 670
288 164 35 5
288 198 1 496
288 42 9 309
288 140 13 206
288 173 23 584
288 79 25 275
288 114 49 726
288 55 58 92
288 184 43 718
288 185 16 216
288 157 39 423
289 33 1 548
289 102 31 24
289 72 4 123
289 73 33 62
289 9 23 37
289 74 19 156
289 177 25 87
289 88 58 99
289 89 7 167
289 26 39 697
289 92 53 10
289 62 27 503
290 64 47 15
290 66 31 381
290 2 43 231
290 101 41 1
290 200 1 714
290 137 13 424
290 74 7 156
290 105 55 215
290 173 27 584
290 21 29 731
290 26 37 158
290 156 19 229
291 32 49 563
291 162 47 17
291 107 31 135
291 77 5 21
291 143 3 671
291 48 7 43
291 148 16 76
291 149 55 77
291 116 28 259
291 55 40 558
291 120 25 548
291 188 13 32
292 97 34 641
292 129 1 658
292 161 13 72
292 5 46 589
292 133 21 280
292 7 31 78
292 104 51 292
292 74 25 156
292 79 57 77
292 48 7 635
292 29 28 406
292 31 37 472
293 96 55 572
293 65 15 303
293 194 9 333
293 2 59 44
293 38 22 78
293 41 37 195
293 138 41 16
293 171 25 576
293 176 49 263
293 50 43 304
293 115 34 458
293 28 1 639
294 101 59 477
294 38 1 515
294 39 47 22
294 137 33 231
294 44 19 123
294 45 23 392
294 118 15 478
294 87 52 325
294 89 40 256
294 124 29 82
294 183 27 708
294 57 31 1
295 65 33 652
295 39 53 22
295 44 55 472
295 142 21 318
295 110 37 527
295 16 13 91
295 179 43 520
295 148 4 76
295 55 1 92
295 184 25 39
295 153 28 266
295 126 16 45
296 38 25 544
296 70 57 241
296 73 21 57
296 74 40 573
296 79 13 71
296 50 31 334
296 179 51 97
296 150 28 609
296 120 10 345
296 122 1 38
296 158 46 629
296 126 4 339
297 2 59 231
297 58 27 476
297 199 9 516
297 8 52 401
297 15 34 273
297 49 37 120
297 180 19 402
297 181 13 328
297 87 55 693
297 126 22 482
297 91 45 467
297 158 4 629
298 159 22 124
298 130 27 243
298 34 49 165
298 69 1 363
298 165 52 267
298 143 31 268
298 48 40 43
298 112 57 716
298 148 16 41
298 59 4 440
298 30 45 526
298 127 10 622
299 65 7 303
299 162 37 17
299 199 29 197
299 43 16 293
299 172 21 324
299 75 52 560
299 171 33 129
299 144 59 252
299 115 13 656
299 116 1 376
299 22 39 141
299 159 55 577
300 70 27 149
300 39 23 22
300 40 37 619
300 38 52 178
300 15 46 638
300 112 9 491
300 17 31 92
300 49 1 303
300 183 59 677
300 120 16 710
300 61 13 205
300 63 55 296
301 32 49 45
301 97 43 20
301 165 28 26
301 166 37 309
301 199 55 364
301 12 4 615
301 29 16 406
301 178 59 138
301 151 39 300
301 56 34 330
301 153 1 488
301 125 19 305
302 34 28 192
302 69 58 315
302 102 33 521
302 199 41 322
302 10 7 122
302 138 47 213
302 108 10 44
302 52 19 631
302 88 49 706
302 153 16 208
302 56 43 522
302 29 13 566
303 97 10 294
303 130 31 170
303 199 53 30
303 91 25 337
303 15 55 256
303 16 37 688
303 84 21 651
303 118 3 608
303 54 46 24
303 122 16 171
303 27 58 325
303 60 39 548
304 32 49 162
304 164 9 713
304 8 43 622
304 72 19 442
304 186 13 124
304 12 58 660
304 149 5 199
304 183 27 647
304 58 31 449
304 28 37 170
304 189 1 455
304 126 55 228
305 160 15 74
305 191 9 669
305 3 47 117
305 41 31 588
305 170 43 404
305 138 17 16
305 113 58 237
305 147 51 429
305 92 29 647
305 63 4 743
305 158 40 233
305 159 1 119
306 129 51 587
306 39 31 186
306 168 35 587
306 41 43 559
306 139 27 258
306 175 9 331
306 47 37 57
306 177 49 87
306 18 21 719
306 147 1 234
306 144 13 64
306 25 15 371
307 192 13 210
307 37 28 578
307 154 57 17
307 44 7 192
307 173 5 54
307 18 23 80
307 125 46 136
307 151 1 313
307 25 39 687
307 186 49 602
307 93 34 76
307 191 19 294
308 75 13 406
308 76 55 201
308 77 23 3
308 112 43 394
308 145 31 42
308 18 25 80
308 84 9 632
308 118 37 106
308 88 49 519
308 153 19 512
308 58 1 422
308 190 58 334
309 58 21 131
309 197 25 608
309 8 43 71
309 73 59 248
309 108 4 162
309 173 31 54
309 174 37 186
309 109 7 498
309 113 55 385
309 84 33 532
309 24 13 485
309 186 49 137
310 130 31 65
310 131 47 155
310 36 13 14
310 136 19 577
310 72 37 669
310 106 16 334
310 170 4 404
310 108 1 320
310 78 43 10
310 177 53 423
310 84 59 271
310 185 40 577
311 101 17 745
311 70 1 232
311 169 7 42
311 13 33 416
311 78 25 470
311 109 19 238
311 82 49 36
311 181 45 606
311 117 29 658
311 123 13 376
311 156 9 593
311 125 55 305
312 4 7 86
312 5 10 274
312 171 3 565
312 139 55 494
312 141 39 699
312 46 46 152
312 123 27 638
312 83 59 522
312 54 16 405
312 90 31 225
312 27 19 334
312 158 52 259
313 96 57 724
313 129 27 450
313 194 19 641
313 132 13 373
313 164 11 5
313 104 49 99
313 79 39 486
313 113 16 413
313 183 33 636
313 152 7 245
313 28 3 492
313 191 45 691
314 64 5 15
314 161 28 637
314 130 31 614
314 165 52 709
314 42 43 587
314 108 7 455
314 172 35 163
314 110 19 157
314 17 10 249
314 51 1 385
314 115 13 208
314 159 58 152
315 130 39 65
315 3 49 183
315 166 25 223
315 105 15 306
315 12 43 459
315 174 31 349
315 113 34 291
315 177 47 87
315 20 19 159
315 185 4 203
315 91 53 231
315 188 22 332
316 102 31 552
316 74 13 473
316 43 46 293
316 139 7 707
316 109 1 584
316 77 55 3
316 115 22 541
316 189 51 687
316 55 37 720
316 151 57 30
316 186 25 673
316 29 19 664
317 10 22 144
317 106 10 251
317 44 13 644
317 77 31 271
317 109 55 250
317 138 35 681
317 19 51 424
317 117 29 13
317 86 33 417
317 88 7 83
317 90 37 372
317 159 19 408
318 67 21 749
318 166 49 727
318 40 13 663
318 41 7 165
318 144 35 64
318 145 59 382
318 180 10 636
318 84 57 506
318 54 43 482
318 52 1 115
318 150 28 185
318 58 31 131
319 192 31 88
319 131 59 602
319 196 3 603
319 135 29 533
319 73 21 605
319 180 10 54
319 181 55 371
319 54 49 191
319 118 39 455
319 184 35 159
319 158 7 548
319 94 13 125
320 2 15 53
320 99 4 84
320 100 57 151
320 197 45 183
320 104 39 744
320 170 10 578
320 77 59 308
320 15 19 424
320 146 7 641
320 90 33 419
320 188 52 32
320 61 25 205
321 34 43 568
321 4 4 126
321 39 11 22
321 46 25 265
321 174 46 349
321 81 9 279
321 51 16 549
321 25 39 336
321 27 58 318
321 60 49 101
321 95 21 571
321 159 34 152
322 129 37 565
322 131 55 665
322 165 31 454
322 170 58 381
322 42 7 28
322 16 35 91
322 144 41 64
322 50 43 712
322 117 17 606
322 181 27 140
322 151 51 516
322 125 22 384
323 98 55 156
323 56 22 566
323 76 13 416
323 45 17 43
323 187 25 12
323 49 58 699
323 82 37 36
323 114 45 610
323 24 4 111
323 186 9 104
323 155 33 143
323 126 40 482
324 131 53 48
324 132 19 370
324 133 49 317
324 104 43 569
324 42 33 441
324 75 22 349
324 13 27 566
324 110 55 468
324 14 51 160
324 16 1 253
324 88 40 83
324 29 37 98
325 98 49 383
325 198 13 202
325 8 52 622
325 168 27 504
325 170 37 312
325 110 55 734
325 46 19 592
325 82 17 36
325 147 9 411
325 180 22 659
325 122 31 502
325 92 35 10
326 194 25 641
326 67 47 153
326 195 13 89
326 69 7 220
326 199 39 579
326 12 55 678
326 13 21 675
326 15 43 273
326 51 4 71
326 181 31 437
326 119 51 351
326 90 15 177
327 35 13 398
327 174 40 424
327 110 25 468
327 176 33 600
327 81 45 25
327 53 49 7
327 118 19 66
327 119 1 742
327 153 52 580
327 157 9 369
327 126 55 45
327 159 58 577
328 128 37 8
328 3 19 117
328 104 3 630
328 41 25 559
328 171 43 247
328 79 39 217
328 83 55 94
328 22 33 640
328 57 1 421
328 158 49 259
328 156 21 508
328 94 10 235
329 89 58 217
329 153 25 196
329 3 37 117
329 195 23 89
329 37 7 79
329 134 43 686
329 198 19 404
329 66 1 325
329 47 46 635
329 17 52 121
329 185 31 397
329 191 15 250
330 160 5 7
330 161 19 243
330 194 27 412
330 106 58 515
330 44 45 286
330 78 1 542
330 111 7 530
330 112 39 272
330 49 31 463
330 19 13 728
330 84 11 11
330 156 49 664
331 33 46 86
331 194 21 431
331 133 25 278
331 5 13 717
331 176 33 276
331 177 41 87
331 113 4 335
331 22 51 700
331 87 16 266
331 152 57 548
331 57 39 471
331 28 27 338
332 33 19 86
332 162 11 17
332 36 23 14
332 4 52 702
332 11 4 307
332 43 58 455
332 78 7 10
332 17 31 213
332 119 29 353
332 121 1 73
332 58 25 467
332 31 15 105
333 197 31 259
333 40 55 183
333 106 25 29
333 11 46 124
333 144 49 64
333 113 19 335
333 146 7 734
333 20 28 431
333 182 39 748
333 119 51 742
333 62 1 285
333 94 43 49
334 192 16 56
334 34 37 192
334 68 41 35
334 36 49 14
334 197 19 658
334 177 5 426
334 51 7 176
334 84 51 11
334 54 34 405
334 186 43 673
334 157 57 239
334 31 25 7
335 128 13 8
335 37 19 79
335 103 31 399
335 7 43 429
335 73 27 225
335 139 37 694
335 12 10 724
335 47 4 625
335 121 46 73
335 91 7 537
335 29 58 613
335 94 52 566
336 196 49 77
336 68 43 35
336 133 39 278
336 36 11 14
336 8 22 194
336 105 1 215
336 18 9 704
336 51 46 406
336 56 28 282
336 88 31 609
336 61 34 643
336 62 15 191
337 96 37 144
337 130 1 614
337 68 33 47
337 167 31 13
337 186 25 719
337 75 49 324
337 110 22 71
337 15 7 346
337 81 45 157
337 87 10 693
337 26 13 640
337 94 52 49
338 32 55 454
338 162 17 17
338 153 34 196
338 101 9 356
338 200 37 202
338 10 31 122
338 14 11 360
338 174 22 411
338 113 19 747
338 114 43 148
338 81 27 269
338 25 51 336
339 100 23 6
339 165 7 709
339 166 1 697
339 103 21 736
339 72 16 442
339 105 47 67
339 17 52 249
339 115 28 208
339 180 4 109
339 181 57 328
339 21 11 653
339 92 45 102
340 65 37 303
340 37 46 609
340 102 31 152
340 7 55 480
340 73 9 128
340 140 27 142
340 51 58 385
340 87 43 75
340 151 21 738
340 25 3 490
340 157 33 728
340 183 7 708
341 97 49 31
341 161 46 249
341 3 27 705
341 37 40 79
341 11 13 192
341 48 4 196
341 22 21 564
341 87 52 593
341 54 55 112
341 123 9 389
341 157 31 38
341 94 16 563
342 160 31 744
342 128 7 8
342 99 19 140
342 199 13 5
342 173 41 54
342 114 51 604
342 149 25 77
342 118 45 322
342 183 1 621
342 117 27 643
342 28 3 579
342 127 58 570
343 160 29 740
343 34 22 260
343 35 45 398
343 165 55 453
343 135 7 377
343 77 11 321
343 113 49 291
343 146 31 207
343 178 13 619
343 54 52 405
343 24 4 652
343 28 25 380
344 34 52 685
344 132 55 455
344 134 34 311
344 137 21 400
344 75 25 569
344 140 39 37
344 45 29 633
344 76 1 414
344 50 7 748
344 117 45 577
344 24 49 125
344 94 16 427
345 68 13 35
345 134 1 617
345 105 27 543
345 77 35 3
345 79 21 261
345 83 37 94
345 93 10 575
345 22 15 632
345 121 49 73
345 92 29 542
345 189 31 366
345 126 43 439
346 128 25 8
346 129 13 462
346 131 35 48
346 136 3 690
346 73 47 624
346 170 28 329
346 13 1 416
346 77 45 321
346 82 55 36
346 115 22 487
346 26 37 538
346 59 58 485
347 96 7 284
347 162 49 17
347 131 31 97
347 38 34 133
347 9 37 457
347 170 19 589
347 107 22 21
347 140 39 746
347 52 51 631
347 120 58 453
347 26 3 158
347 95 17 28
348 129 43 653
348 34 55 394
348 99 22 328
348 196 37 161
348 68 9 613
348 166 27 727
348 41 58 238
348 169 11 97
348 107 49 135
348 79 33 714
348 146 19 292
348 151 1 300
349 99 22 140
349 185 31 732
349 133 13 280
349 74 37 573
349 75 49 451
349 112 45 138
349 177 1 171
349 146 58 735
349 149 7 77
349 57 17 1
349 122 4 359
349 95 27 547
350 5 37 221
350 197 15 655
350 39 51 164
350 72 25 83
350 71 31 388
350 104 33 523
350 76 40 729
350 15 55 702
350 17 28 92
350 146 22 292
350 122 43 347
350 30 3 506
351 65 45 234
351 6 37 236
351 166 57 142
351 112 1 382
351 115 31 603
351 83 23 344
351 116 25 259
351 183 59 187
351 58 15 476
351 27 52 395
351 28 19 579
351 189 7 480
352 2 45 362
352 102 39 152
352 167 27 717
352 168 41 504
352 74 13 156
352 109 19 718
352 49 58 463
352 82 53 36
352 146 31 70
352 148 7 41
352 95 37 138
352 191 1 691
353 194 43 333
353 131 55 292
353 37 22 660
353 167 57 90
353 138 5 213
353 80 16 308
353 113 7 237
353 52 27 598
353 121 19 73
353 29 1 406
353 158 34 674
353 63 52 266
354 66 33 509
354 131 19 48
354 4 22 154
354 69 58 513
354 167 35 13
354 103 45 48
354 171 37 214
354 108 49 44
354 189 9 100
354 63 25 120
354 94 13 575
354 159 55 408
355 162 31 17
355 39 19 22
355 199 9 115
355 106 52 334
355 142 41 6
355 47 58 112
355 78 7 82
355 52 13 631
355 89 49 528
355 154 43 607
355 156 33 586
355 126 37 271
356 36 5 14
356 133 27 314
356 198 58 224
356 39 19 254
356 136 15 254
356 140 37 605
356 78 33 667
356 143 1 104
356 15 55 399
356 184 13 39
356 93 40 130
356 31 21 441
357 129 31 431
357 66 15 2
357 135 1 154
357 105 11 290
357 75 55 440
357 141 7 19
357 142 43 6
357 47 49 57
357 49 25 248
357 145 21 381
357 157 3 486
357 191 39 498
358 5 28 221
358 102 11 204
358 6 55 280
358 166 51 25
358 41 43 704
358 103 9 688
358 136 33 564
358 76 46 201
358 11 22 358
358 17 16 568
358 147 39 288
358 187 31 12
359 33 40 109
359 67 21 310
359 70 3 729
359 102 1 206
359 12 43 615
359 79 15 628
359 82 27 188
359 83 7 94
359 93 52 76
359 188 58 332
359 63 10 410
359 31 31 136
360 193 39 662
360 131 23 749
360 37 34 687
360 165 4 432
360 123 57 530
360 45 31 436
360 16 7 91
360 177 1 545
360 182 15 34
360 25 19 445
360 91 51 231
360 63 10 50
361 98 46 615
361 37 4 531
361 71 25 388
361 40 15 602
361 107 37 297
361 173 7 54
361 112 27 272
361 177 1 600
361 145 43 196
361 83 35 424
361 19 9 107
361 95 23 696
362 128 17 8
362 66 37 220
362 98 1 640
362 34 34 165
362 130 45 173
362 168 15 564
362 73 21 90
362 171 49 216
362 77 39 287
362 143 31 33
362 82 25 36
362 91 19 524
363 130 43 65
363 103 33 399
363 8 37 159
363 14 15 268
363 47 58 175
363 82 7 36
363 147 1 526
363 21 19 329
363 119 23 11
363 26 51 444
363 91 11 288
363 31 27 276
364 3 25 452
364 90 21 522
364 122 13 439
364 71 39 302
364 73 11 154
364 105 17 24
364 42 1 28
364 110 34 468
364 179 51 440
364 26 57 146
364 27 43 601
364 94 7 692
365 160 55 348
365 194 25 488
365 132 49 513
365 200 31 537
365 186 37 719
365 173 47 373
365 79 57 628
365 179 1 695
365 148 7 739
365 120 10 56
365 154 21 635
365 30 13 151
366 128 55 8
366 129 39 479
366 33 1 540
366 99 19 686
366 197 13 285
366 101 23 1
366 41 31 559
366 47 58 149
366 79 25 313
366 115 10 413
366 151 49 535
366 88 7 500
367 32 21 454
367 71 35 621
367 168 17 69
367 139 57 199
367 77 39 519
367 110 4 468
367 15 7 662
367 144 49 173
367 176 43 263
367 85 1 55
367 59 52 417
367 159 10 714
368 67 37 310
368 195 35 435
368 4 7 702
368 102 45 747
368 44 19 472
368 117 27 168
368 118 57 533
368 22 33 206
368 88 49 567
368 153 40 335
368 158 52 198
368 63 1 155
369 32 7 238
369 35 19 634
369 195 59 623
369 131 33 602
369 165 16 432
369 44 27 744
369 13 51 16
369 174 37 575
369 176 1 114
369 148 40 52
369 120 43 345
369 189 55 234
370 34 34 272
370 197 13 259
370 70 51 288
370 198 55 202
370 76 31 242
370 173 27 222
370 113 1 127
370 114 39 590
370 147 21 511
370 179 7 67
370 183 19 603
370 25 45 323
371 96 25 116
371 193 39 78
371 160 7 302
371 195 49 89
371 166 11 64
371 106 34 29
371 13 1 735
371 83 19 94
371 115 46 473
371 182 13 264
371 88 55 519
371 157 21 573
372 161 46 72
372 67 33 651
372 100 35 627
372 138 13 601
372 155 21 346
372 49 4 154
372 113 25 413
372 178 11 96
372 53 19 333
372 25 57 19
372 187 17 12
372 61 52 205
373 128 31 594
373 194 45 641
373 3 29 117
373 35 1 145
373 130 57 434
373 7 25 169
373 74 37 393
373 173 19 54
373 142 5 6
373 54 34 601
373 157 49 432
373 191 9 696
374 194 49 431
374 66 31 304
374 70 9 241
374 198 25 202
374 8 55 622
374 102 39 24
374 74 28 539
374 16 5 91
374 81 13 25
374 146 43 624
374 82 41 36
374 20 1 133
375 65 9 614
375 161 22 717
375 67 17 153
375 138 15 213
375 75 55 16
375 106 40 29
375 173 3 54
375 82 31 36
375 88 52 83
375 155 7 270
375 190 43 471
375 31 27 549
376 159 31 119
376 194 43 534
376 98 40 156
376 166 47 276
376 13 1 153
376 47 37 625
376 175 49 58
376 112 13 572
376 52 27 631
376 184 7 39
376 122 4 228
376 95 9 28
377 129 49 651
377 168 23 5
377 41 58 407
377 74 28 747
377 106 1 186
377 14 21 716
377 144 39 343
377 147 15 280
377 85 13 55
377 59 4 26
377 28 9 376
377 30 45 110
378 160 1 507
378 2 45 491
378 67 11 153
378 103 25 181
378 137 3 316
378 155 19 357
378 173 9 668
378 21 7 430
378 182 33 748
378 54 52 285
378 185 40 732
378 91 21 421
379 41 28 198
379 142 1 395
379 79 57 714
379 80 40 513
379 49 19 24
379 83 25 94
379 179 15 550
379 21 9 731
379 85 45 698
379 120 52 345
379 122 37 447
379 187 7 12
380 32 39 563
380 35 31 398
380 4 58 542
380 101 47 1
380 154 51 103
380 72 55 144
380 45 15 137
380 25 27 165
380 186 21 104
380 155 9 151
380 126 4 90
380 191 43 52
381 100 1 679
381 198 58 164
381 39 45 677
381 137 37 139
381 108 52 518
381 177 55 286
381 146 25 407
381 148 22 481
381 84 7 632
381 182 3 198
381 190 19 471
381 191 9 147
382 162 7 17
382 131 9 607
382 164 35 605
382 74 58 366
382 171 31 247
382 75 43 716
382 142 51 611
382 113 16 312
382 61 1 205
382 153 28 366
382 125 40 177
382 62 19 503
383 64 9 275
383 65 19 652
383 196 27 438
383 169 33 704
383 172 5 288
383 142 45 611
383 14 51 365
383 144 49 298
383 17 40 92
383 46 55 729
383 88 13 648
383 28 1 305
384 121 19 703
384 33 28 688
384 167 15 275
384 105 25 568
384 76 49 201
384 13 9 172
384 12 58 47
384 172 17 3
384 53 37 266
384 89 52 212
384 59 31 26
384 61 1 659
385 162 13 17
385 5 22 221
385 69 19 513
385 11 40 663
385 109 51 295
385 14 33 268
385 111 57 554
385 143 5 33
385 189 43 720
385 57 9 318
385 91 1 147
385 157 15 693
386 160 5 740
386 97 19 661
386 99 46 140
386 167 27 90
386 108 58 610
386 80 13 583
386 147 51 511
386 53 55 7
386 118 37 608
386 55 43 277
386 185 1 732
386 26 33 408
387 64 7 15
387 37 25 79
387 198 49 202
387 197 21 395
387 171 3 443
387 140 9 625
387 143 29 33
387 49 46 75
387 120 13 345
387 153 58 73
387 60 31 148
387 125 52 317
388 194 1 239
388 67 25 189
388 165 49 403
388 73 27 498
388 170 19 312
388 74 55 366
388 179 9 695
388 116 37 26
388 23 22 50
388 152 33 84
388 27 46 395
388 158 16 674
389 131 33 337
389 35 27 145
389 102 57 747
389 74 43 156
389 172 11 508
389 176 7 114
389 20 4 385
389 149 1 77
389 86 23 63
389 57 35 611
389 58 15 505
389 25 39 445
390 160 51 298
390 162 43 359
390 68 7 35
390 166 33 379
390 168 5 255
390 111 15 598
390 176 55 276
390 49 40 585
390 115 28 193
390 152 9 365
390 94 19 417
390 30 1 233
391 134 10 138
391 199 35 520
391 136 1 709
391 123 13 389
391 11 22 12
391 75 37 657
391 147 49 255
391 23 58 111
391 89 28 20
391 187 43 12
391 156 31 443
391 191 45 10
392 2 35 85
392 101 5 19
392 198 22 202
392 41 46 195
392 77 27 602
392 173 29 155
392 60 31 249
392 179 13 652
392 93 37 334
392 84 43 409
392 124 19 82
392 29 55 98
393 66 43 2
393 126 31 185
393 167 27 337
393 136 1 347
393 174 10 201
393 80 55 683
393 145 15 535
393 20 40 516
393 56 37 277
393 186 49 610
393 88 58 83
393 190 22 474
394 134 25 219
394 166 57 309
394 102 33 715
394 141 47 19
394 110 10 468
394 15 37 424
394 50 1 200
394 21 29 4
394 183 59 227
394 58 21 567
394 29 16 98
394 30 51 744
395 165 40 26
395 101 35 1
395 8 22 159
395 170 28 203
395 75 25 72
395 171 7 565
395 43 31 293
395 16 47 253
395 119 49 11
395 184 37 39
395 120 4 532
395 31 51 276
396 39 45 204
396 169 21 222
396 41 49 458
396 137 33 400
396 78 31 361
396 17 58 291
396 53 41 174
396 149 37 589
396 182 3 259
396 62 15 75
396 25 7 323
396 94 55 125
397 97 34 188
397 34 25 192
397 69 52 520
397 5 4 475
397 13 37 172
397 50 43 132
397 18 49 719
397 52 21 250
397 181 15 635
397 86 9 694
397 29 40 747
397 127 58 401
398 131 43 48
398 103 9 399
398 169 7 211
398 74 58 536
398 107 37 489
398 108 25 44
398 109 33 250
398 115 19 208
398 52 1 250
398 180 16 697
398 23 13 50
398 26 49 318
399 33 40 496
399 121 16 73
399 40 25 663
399 137 3 400
399 109 57 718
399 48 49 43
399 81 55 505
399 88 34 83
399 25 9 273
399 188 52 649
399 93 22 76
399 190 46 20
400 70 55 74
400 200 37 47
400 168 43 526
400 142 27 439
400 112 21 637
400 51 13 248
400 179 7 226
400 21 47 4
400 88 31 83
400 89 1 26
400 123 49 594
400 188 16 95
401 3 59 117
401 41 46 198
401 12 13 324
401 108 37 44
401 114 55 148
401 115 16 451
401 119 41 353
401 87 10 149
401 89 25 283
401 31 1 441
401 63 31 227
401 159 43 124
402 2 23 127
402 5 10 221
402 170 7 404
402 171 25 355
402 46 49 139
402 112 19 216
402 177 15 689
402 17 46 605
402 179 37 321
402 146 31 407
402 152 1 633
402 188 34 32
403 32 51 352
403 96 19 489
403 98 4 665
403 67 55 244
403 164 45 142
403 70 25 232
403 103 59 416
403 11 34 445
403 43 7 293
403 174 1 209
403 149 37 77
403 182 13 198
404 33 19 109
404 34 22 685
404 166 49 100
404 27 34 293
404 139 15 146
404 141 25 560
404 177 27 689
404 145 39 644
404 116 4 116
404 149 37 197
404 55 7 92
404 123 45 376
405 128 55 719
405 64 25 15
405 3 23 117
405 37 4 79
405 102 21 204
405 199 31 680
405 43 37 341
405 44 13 340
405 46 52 182
405 51 43 501
405 21 35 4
405 125 40 668
406 2 51 447
406 35 1 176
406 101 57 745
406 138 23 16
406 172 37 3
406 77 59 3
406 174 25 376
406 115 19 413
406 85 47 55
406 25 9 490
406 154 15 603
406 127 34 622
407 38 37 5
407 105 33 648
407 170 40 404
407 139 57 707
407 109 7 718
407 60 25 616
407 20 46 314
407 26 13 385
407 28 49 172
407 125 22 458
407 94 19 235
407 95 43 266
408 166 9 657
408 8 19 728
408 136 51 55
408 106 28 29
408 109 1 30
408 46 46 246
408 175 13 255
408 179 57 652
408 150 40 333
408 87 43 470
408 189 33 191
408 126 25 482
409 128 31 8
409 191 27 685
409 98 40 475
409 36 55 356
409 169 25 42
409 9 59 553
409 171 15 129
409 187 45 268
409 58 1 571
409 59 7 276
409 60 19 654
409 159 52 257
410 134 34 544
410 154 45 603
410 71 41 3
410 42 39 163
410 10 7 640
410 75 52 717
410 173 21 668
410 82 23 619
410 20 25 316
410 21 19 160
410 26 1 517
410 191 13 626
411 40 7 153
411 104 15 270
411 77 21 526
411 48 37 196
411 113 4 306
411 180 28 109
411 21 31 4
411 118 49 574
411 23 43 50
411 184 13 525
411 123 55 103
411 31 33 105
412 64 31 15
412 32 37 282
412 185 13 431
412 132 1 370
412 165 22 432
412 169 57 559
412 170 43 207
412 44 51 340
412 176 9 556
412 145 33 508
412 57 47 723
412 159 16 85
413 96 43 572
413 129 1 676
413 195 41 89
413 132 13 370
413 14 31 599
413 48 58 43
413 145 7 234
413 115 49 541
413 21 19 349
413 149 17 77
413 85 37 55
413 86 9 386
414 35 3 302
414 39 15 682
414 7 31 169
414 42 27 28
414 138 55 545
414 14 17 678
414 48 22 43
414 81 9 558
414 183 59 603
414 120 37 345
414 30 51 151
414 95 25 547
415 34 58 192
415 72 43 336
415 41 46 439
415 42 51 204
415 74 10 156
415 106 31 273
415 172 15 226
415 116 19 671
415 53 39 7
415 54 7 175
415 86 27 308
415 25 1 557
416 67 45 430
416 4 10 540
416 69 22 484
416 70 31 209
416 167 37 451
416 8 55 71
416 91 49 273
416 45 59 747
416 120 40 56
416 153 25 646
416 88 13 83
416 61 4 205
417 193 1 78
417 70 33 210
417 138 39 267
417 44 43 45
417 143 25 33
417 48 10 196
417 145 15 730
417 178 53 96
417 51 19 307
417 81 59 269
417 57 31 561
417 62 49 478
418 194 1 534
418 195 47 89
418 72 43 418
418 136 39 215
418 138 21 277
418 75 31 168
418 43 49 341
418 148 34 632
418 85 27 395
418 117 53 321
418 119 25 188
418 186 13 402
419 66 45 325
419 4 25 540
419 72 52 383
419 74 31 536
419 141 23 19
419 78 29 385
419 144 37 64
419 83 41 94
419 84 19 11
419 23 55 429
419 122 7 38
419 124 47 82
420 133 9 216
420 73 43 495
420 137 45 16
420 139 19 672
420 11 37 473
420 77 51 321
420 109 55 390
420 113 31 237
420 55 34 372
420 90 3 399
420 157 27 121
420 63 13 44
421 129 19 465
421 153 10 483
421 3 43 117
421 164 33 569
421 103 25 447
421 109 15 718
421 112 1 130
421 49 46 390
421 178 31 204
421 52 57 598
421 89 37 542
421 190 28 471
422 161 58 249
422 163 19 612
422 197 37 395
422 133 43 329
422 70 45 149
422 187 31 287
422 110 28 368
422 87 10 452
422 62 49 287
422 158 25 674
422 157 15 4
422 30 1 121
423 128 59 292
423 195 11 580
423 72 4 332
423 170 34 69
423 15 28 210
423 177 9 689
423 114 13 251
423 189 43 480
423 182 19 177
423 119 1 11
423 59 31 451
423 93 55 502
424 162 55 17
424 131 43 665
424 39 33 682
424 73 59 488
424 169 51 47
424 13 47 665
424 15 16 399
424 19 3 543
424 90 27 61
424 92 21 598
424 94 40 113
424 31 9 112
425 3 29 183
425 198 46 733
425 169 5 47
425 47 1 112
425 113 7 291
425 147 33 200
425 85 25 395
425 54 49 175
425 119 11 609
425 181 37 265
425 183 59 647
425 186 15 401
426 32 37 125
426 194 1 641
426 7 13 169
426 71 47 3
426 109 19 609
426 111 43 595
426 21 9 329
426 152 33 558
426 28 27 245
426 63 52 120
426 184 11 700
426 31 55 445
427 192 34 235
427 2 25 651
427 131 21 337
427 40 1 567
427 12 52 86
427 78 9 618
427 15 28 399
427 180 49 499
427 120 37 670
427 24 40 679
427 186 45 679
427 28 15 688
428 160 49 520
428 67 37 577
428 8 7 159
428 59 25 18
428 40 55 602
428 114 31 285
428 18 35 80
428 119 59 512
428 57 3 723
428 123 21 92
428 188 16 32
428 30 39 506
429 67 9 255
429 68 53 35
429 101 15 745
429 168 3 650
429 13 29 16
429 45 51 436
429 16 11 91
429 147 21 587
429 21 19 233
429 185 34 473
429 93 43 542
429 63 58 582
430 96 33 116
430 66 7 325
430 99 52 620
430 3 27 473
430 100 39 743
430 38 58 182
430 186 13 388
430 175 45 116
430 153 19 646
430 58 3 281
430 155 9 712
430 188 55 222
431 128 35 8
431 77 25 53
431 78 9 437
431 49 49 114
431 29 58 595
431 116 55 361
431 85 21 151
431 157 31 464
431 89 46 402
431 93 4 152
431 94 28 573
431 31 39 59
432 173 45 668
432 113 37 291
432 177 29 423
432 146 55 735
432 149 43 77
432 85 47 738
432 119 9 353
432 152 31 545
432 153 16 38
432 120 52 301
432 125 25 633
432 94 58 563
433 35 27 311
433 132 55 212
433 104 3 523
433 137 45 424
433 10 58 122
433 139 49 262
433 44 9 723
433 172 31 3
433 176 37 357
433 179 15 456
433 182 33 493
433 120 22 706
434 33 49 439
434 191 1 626
434 136 39 254
434 13 27 735
434 48 10 43
434 18 5 80
434 84 25 421
434 21 59 329
434 56 13 436
434 153 43 366
434 158 46 460
434 95 23 28
435 132 55 513
435 71 25 621
435 74 22 317
435 11 13 413
435 79 45 714
435 50 49 304
435 83 3 94
435 180 37 531
435 19 27 107
435 182 31 74
435 150 19 185
435 61 58 475
436 129 21 398
436 130 43 126
436 98 58 384
436 36 25 14
436 3 41 117
436 68 35 49
436 99 31 525
436 5 16 221
436 33 10 229
436 50 1 235
436 180 52 402
436 152 27 295
437 33 43 575
437 196 13 417
437 5 25 172
437 105 17 574
437 110 55 456
437 113 4 291
437 181 37 188
437 151 9 664
437 184 59 39
437 121 19 462
437 190 1 705
437 127 34 166
438 192 16 210
438 3 7 117
438 104 39 523
438 13 1 131
438 110 13 468
438 173 43 584
438 83 11 94
438 23 52 408
438 89 25 393
438 124 23 82
438 125 19 212
438 57 45 723
439 159 19 124
439 36 1 14
439 133 29 278
439 164 15 715
439 104 37 465
439 12 55 172
439 180 49 65
439 117 43 13
439 87 31 375
439 186 3 137
439 187 17 136
439 191 9 691
440 96 31 192
440 97 28 31
440 64 23 15
440 161 7 637
440 167 55 13
440 79 37 442
440 112 19 138
440 175 1 546
440 111 57 537
440 84 11 421
440 26 15 59
440 124 43 82
441 132 55 370
441 70 15 584
441 199 3 60
441 103 45 736
441 9 11 270
441 172 49 3
441 48 7 523
441 16 25 91
441 20 40 656
441 53 53 528
441 21 59 409
441 24 34 50
442 97 43 83
442 36 29 674
442 171 57 348
442 140 23 534
442 28 15 639
442 79 1 101
442 92 21 725
442 17 46 92
442 116 37 671
442 60 25 654
442 29 34 98
442 190 31 20
443 161 28 501
443 70 7 463
443 71 39 533
443 42 49 28
443 110 31 153
443 114 3 148
443 83 51 94
443 56 58 213
443 26 45 59
443 27 13 318
443 157 19 345
443 159 16 119
444 34 13 260
444 195 9 378
444 166 23 270
444 122 16 184
444 136 51 75
444 109 3 593
444 17 46 384
444 183 49 48
444 121 55 314
444 154 19 270
444 125 28 508
444 30 31 721
445 97 13 127
445 33 22 439
445 200 9 581
445 50 44 438
445 52 27 514
445 54 16 243
445 24 19 111
445 25 50 691
445 154 31 395
445 31 1 276
445 157 37 432
445 191 57 52
446 34 46 566
446 35 49 398
446 4 58 702
446 164 9 509
446 69 43 363
446 68 29 35
446 106 13 551
446 170 55 404
446 114 31 719
446 182 1 46
446 58 21 281
446 62 39 75
447 66 43 579
447 3 11 117
447 67 23 342
447 167 39 145
447 200 13 139
447 44 27 577
447 141 17 19
447 13 45 735
447 48 34 43
447 187 5 12
447 125 52 455
447 95 3 377
448 2 21 729
448 34 40 260
448 35 57 697
448 163 1 95
448 167 19 13
448 199 9 414
448 75 37 349
448 139 43 146
448 12 28 615
448 113 25 166
448 123 13 164
448 126 49 305
449 64 43 15
449 35 15 176
449 68 55 35
449 200 1 189
449 75 40 134
449 46 7 214
449 80 10 132
449 48 31 43
449 183 29 227
449 26 21 146
449 155 35 457
449 94 49 592
450 97 25 357
450 136 7 472
450 76 28 115
450 44 39 240
450 77 19 271
450 49 34 140
450 180 46 329
450 22 59 309
450 25 55 221
450 123 21 352
450 30 49 282
450 191 3 294
451 67 7 577
451 69 37 628
451 40 45 162
451 42 21 711
451 12 40 615
451 141 53 19
451 13 57 509
451 82 51 743
451 180 1 684
451 52 33 631
451 20 25 274
451 22 59 337
452 32 37 495
452 64 19 15
452 162 43 17
452 167 55 451
452 47 22 625
452 18 51 734
452 20 7 274
452 157 25 318
452 22 59 242
452 120 4 345
452 27 46 522
452 61 10 205
453 33 43 540
453 4 58 340
453 5 40 567
453 41 31 458
453 138 21 655
453 45 27 88
453 111 15 103
453 20 34 656
453 85 3 745
453 151 51 300
453 57 19 552
453 190 10 203
454 5 52 567
454 13 21 34
454 110 1 468
454 92 43 662
454 50 13 245
454 85 27 745
454 182 31 725
454 117 45 644
454 121 4 73
454 122 40 454
454 156 55 460
454 189 7 152
455 193 21 192
455 97 37 20
455 98 40 464
455 69 13 430
455 170 55 578
455 12 46 645
455 44 27 240
455 49 10 140
455 146 52 517
455 182 1 177
455 183 31 620
455 26 33 418
456 2 17 391
456 66 21 2
456 131 19 283
456 165 58 729
456 6 33 54
456 70 9 110
456 9 45 743
456 11 55 437
456 107 25 135
456 76 28 201
456 142 1 562
456 31 39 105
457 128 41 8
457 100 57 743
457 43 43 475
457 81 47 25
457 83 21 727
457 53 59 671
457 21 31 624
457 88 10 83
457 89 34 20
457 155 3 712
457 30 49 297
457 159 16 494
458 161 4 72
458 164 57 715
458 196 31 371
458 197 51 608
458 109 25 451
458 47 46 150
458 115 1 193
458 20 22 133
458 93 19 76
458 57 43 611
458 28 39 658
458 29 16 592
459 99 49 542
459 4 55 23
459 134 52 143
459 13 19 451
459 111 37 598
459 47 7 682
459 15 22 273
459 79 15 361
459 52 45 631
459 152 1 509
459 187 29 411
459 157 25 693
460 3 13 117
460 70 37 231
460 71 51 161
460 140 27 746
460 80 58 104
460 124 49 82
460 16 23 91
460 19 15 623
460 55 43 92
460 155 29 27
460 60 3 61
460 191 9 7
461 64 41 15
461 97 1 553
461 133 21 420
461 38 16 133
461 169 35 42
461 141 37 725
461 144 47 64
461 81 29 123
461 20 55 686
461 182 7 539
461 58 51 131
461 156 31 664
462 128 47 40
462 160 3 375
462 3 15 748
462 163 31 343
462 4 52 23
462 166 57 742
462 135 59 591
462 52 39 631
462 87 22 197
462 57 55 561
462 59 19 440
462 125 7 606
463 131 41 330
463 3 33 381
463 69 22 363
463 93 13 76
463 148 10 510
463 54 55 670
463 86 17 181
463 21 5 476
463 121 19 475
463 182 25 551
463 92 51 534
463 125 1 664
464 193 37 294
464 65 33 730
464 39 21 22
464 138 45 681
464 139 1 262
464 13 23 540
464 115 7 193
464 20 58 686
464 149 47 77
464 87 49 452
464 183 55 426
464 60 13 736
465 164 45 715
465 168 27 650
465 109 21 656
465 174 10 209
465 47 7 224
465 13 51 735
465 81 49 123
465 178 25 96
465 84 39 651
465 156 15 229
465 29 4 98
465 95 35 722
466 162 35 521
466 90 21 662
466 166 27 742
466 154 15 265
466 103 19 673
466 42 33 711
466 142 57 439
466 177 45 689
466 54 1 748
466 25 49 442
466 122 40 359
466 191 9 729
467 132 43 639
467 167 53 688
467 110 58 468
467 113 13 291
467 179 7 621
467 84 39 11
467 149 23 727
467 53 25 590
467 24 16 111
467 186 19 366
467 60 1 89
467 61 28 239
468 96 27 422
468 196 9 461
468 166 39 742
468 74 43 483
468 139 57 218
468 77 25 587
468 14 49 668
468 17 46 648
468 50 19 578
468 19 51 107
468 183 17 449
468 24 31 111
469 160 27 68
469 98 58 383
469 131 9 749
469 69 37 419
469 103 29 9
469 170 31 220
469 109 51 584
469 18 1 80
469 86 15 215
469 90 3 163
469 28 19 170
469 159 46 257
470 128 21 8
470 35 55 398
470 142 19 488
470 46 49 680
470 17 52 733
470 19 45 107
470 180 28 97
470 181 3 437
470 25 31 530
470 58 39 281
470 59 7 440
470 63 25 612
471 34 40 602
471 45 21 540
471 174 1 575
471 109 45 718
471 48 52 749
471 50 25 748
471 87 31 325
471 184 29 703
471 185 37 134
471 59 55 737
471 28 7 154
471 62 13 470
472 130 43 206
472 41 37 238
472 171 27 105
472 110 10 157
472 143 53 33
472 111 21 271
472 49 55 671
472 113 40 291
472 51 34 412
472 178 49 96
472 150 58 283
472 29 31 159
473 160 59 286
473 195 53 89
473 164 51 715
473 133 15 679
473 132 25 485
473 7 10 169
473 72 37 418
473 106 55 29
473 16 33 91
473 180 7 97
473 90 1 326
473 62 21 389
474 32 1 231
474 36 41 14
474 71 45 684
474 105 9 648
474 41 25 573
474 172 51 701
474 47 55 524
474 16 19 668
474 147 31 411
474 183 15 187
474 24 37 617
474 94 22 427
475 32 33 666
475 103 11 564
475 170 43 703
475 108 37 61
475 144 59 298
475 147 3 721
475 84 57 11
475 53 21 730
475 21 15 731
475 60 51 549
475 157 7 9
475 158 40 181
476 163 45 338
476 196 55 498
476 44 1 214
476 173 51 668
476 144 21 690
476 17 34 593
476 83 59 620
476 51 31 406
476 150 37 536
476 152 15 79
476 91 9 620
476 30 27 526
477 160 31 187
477 101 49 209
477 73 57 248
477 107 28 297
477 46 40 680
477 78 21 712
477 144 45 690
477 178 13 96
477 26 7 396
477 123 1 336
477 29 25 98
477 63 37 410
478 160 3 7
478 162 9 479
478 68 11 35
478 5 46 221
478 71 7 376
478 200 31 333
478 72 13 276
478 139 21 95
478 145 27 730
478 113 52 523
478 83 35 94
478 54 43 191
479 5 22 274
479 40 7 443
479 137 1 120
479 105 33 515
479 172 27 532
479 174 40 143
479 62 51 503
479 153 55 266
479 122 16 326
479 124 5 82
479 94 46 417
479 63 13 448
480 4 43 23
480 37 40 91
480 133 59 280
480 43 55 612
480 172 35 599
480 84 3 651
480 149 33 727
480 56 7 50
480 154 15 382
480 123 21 530
480 94 46 49
480 191 27 391
481 193 55 316
481 98 52 156
481 35 3 398
481 4 37 23
481 133 21 329
481 68 23 35
481 59 25 417
481 10 13 224
481 84 41 642
481 182 45 578
481 120 16 532
481 88 28 99
482 162 59 102
482 130 1 65
482 70 49 110
482 71 21 371
482 167 39 724
482 8 55 333
482 13 33 735
482 78 27 712
482 114 45 194
482 50 15 438
482 122 7 454
482 94 10 125
483 192 22 210
483 130 1 733
483 104 49 364
483 9 27 553
483 170 43 431
483 42 15 711
483 77 17 551
483 110 55 746
483 15 58 399
483 113 10 384
483 114 31 726
483 50 37 87
484 39 47 682
484 199 15 5
484 43 25 293
484 14 51 746
484 111 39 554
484 144 17 690
484 112 43 216
484 181 31 606
484 59 19 737
484 157 7 74
484 190 28 736
484 127 1 286
485 161 1 72
485 66 53 138
485 166 33 742
485 135 45 694
485 136 25 75
485 169 59 81
485 47 55 2
485 16 21 244
485 20 4 556
485 53 41 7
485 87 7 693
485 29 49 98
486 64 1 15
486 97 4 20
486 37 28 246
486 38 37 541
486 136 51 355
486 111 13 489
486 80 19 132
486 115 10 193
486 19 31 723
486 85 23 388
486 150 7 185
486 118 55 608
487 130 21 430
487 101 45 745
487 7 28 169
487 72 13 332
487 43 37 293
487 12 25 615
487 144 33 690
487 16 57 750
487 156 1 586
487 83 9 94
487 183 41 719
487 92 59 256
488 64 9 701
488 193 33 713
488 163 15 585
488 132 58 694
488 134 22 697
488 137 43 705
488 9 25 450
488 12 52 17
488 118 1 612
488 151 39 620
488 91 27 620
488 188 49 32
489 192 40 235
489 164 27 715
489 199 51 322
489 155 23 712
489 77 45 719
489 110 34 746
489 174 13 45
489 120 19 143
489 59 7 26
489 156 1 229
489 189 57 84
489 127 37 313
490 128 49 88
490 2 3 321
490 195 21 134
490 5 46 273
490 82 9 743
490 53 51 730
490 149 27 574
490 87 40 175
490 24 43 244
490 26 33 689
490 188 58 698
490 189 13 152
491 104 21 396
491 41 46 238
491 11 25 418
491 75 10 72
491 107 37 135
491 111 49 327
491 145 57 730
491 18 29 236
491 179 1 329
491 24 13 435
491 59 40 628
491 94 34 52
492 33 1 351
492 131 39 749
492 71 51 684
492 73 49 641
492 141 15 288
492 82 21 743
492 114 45 506
492 20 4 314
492 184 11 39
492 24 55 736
492 28 27 732
492 30 7 297
493 197 9 542
493 105 51 54
493 107 16 135
493 111 21 714
493 80 34 583
493 112 27 491
493 151 55 620
493 24 40 607
493 89 37 142
493 154 1 635
493 124 59 427
493 31 45 105
494 96 15 422
494 131 45 692
494 37 22 728
494 198 7 513
494 39 47 164
494 72 58 274
494 104 39 296
494 75 34 406
494 47 10 33
494 89 49 532
494 90 27 662
494 191 1 696
495 32 57 741
495 64 45 701
495 162 7 341
495 131 53 106
495 136 21 507
495 73 3 699
495 43 16 421
495 48 10 596
495 19 37 728
495 21 25 165
495 59 13 290
495 159 34 494
496 163 19 53
496 100 51 41
496 197 55 259
496 198 43 202
496 174 37 712
496 46 4 554
496 176 7 342
496 87 1 636
496 23 40 50
496 24 25 679
496 25 31 222
496 123 13 163
497 98 49 95
497 195 11 89
497 196 25 722
497 40 3 222
497 74 13 539
497 141 31 19
497 45 7 428
497 143 43 33
497 19 57 107
497 55 34 92
497 188 22 496
497 157 37 621
498 96 25 545
498 194 9 665
498 35 51 145
498 197 1 616
498 70 57 584
498 107 16 244
498 112 31 138
498 49 13 231
498 146 46 127
498 117 39 730
498 188 43 32
498 127 19 401
499 193 3 545
499 3 19 748
499 196 9 20
499 135 51 694
499 136 31 709
499 7 46 385
499 108 28 44
499 142 15 611
499 178 37 96
499 92 1 49
499 190 40 578
499 159 43 299
500 97 22 31
500 194 7 431
500 39 51 682
500 7 55 169
500 104 1 99
500 171 13 576
500 175 39 462
500 180 19 65
500 120 58 727
500 123 27 46
500 60 45 693
500 94 34 686
Trạng thái: OPTIMUM
Điểm tối ưu: 6000
Thời gian: 230.0718 giây
