3579
1 33 1 147
1 2 43 159
1 34 57 97
1 12 39 53
1 45 51 2
1 14 53 35
1 44 13 161
1 111 19 298
1 116 5 7
1 84 7 125
1 56 31 126
1 29 37 46
2 96 49 120
2 99 7 47
2 36 57 9
2 71 19 64
2 104 43 28
2 9 52 27
2 44 39 390
2 109 37 1
2 114 55 224
2 117 1 187
2 91 23 40
2 30 5 179
3 98 43 94
3 100 7 87
3 40 37 105
3 44 56 390
3 13 49 97
3 12 35 16
3 112 3 22
3 80 25 140
3 56 19 155
3 24 13 229
3 58 31 257
4 66 13 177
4 6 7 149
4 7 34 170
4 12 23 16
4 15 11 26
4 79 1 86
4 17 25 39
4 117 49 390
4 88 19 148
4 89 31 113
4 59 3 196
4 28 57 78
5 98 15 179
5 6 33 271
5 8 1 117
5 9 49 27
5 77 46 106
5 110 5 61
5 48 28 15
5 112 37 22
5 19 7 24
5 53 9 218
5 88 52 120
5 28 31 78
6 36 45 17
6 71 39 57
6 108 55 74
6 109 29 1
6 15 43 86
6 114 25 224
6 84 49 112
6 116 37 7
6 27 1 118
6 92 53 31
6 29 47 46
6 94 7 135
7 97 19 52
7 4 9 114
7 73 46 123
7 106 53 21
7 42 7 52
7 76 41 90
7 43 13 188
7 10 43 11
7 45 5 25
7 51 58 82
7 88 25 148
7 31 49 77
8 65 10 96
8 66 49 177
8 4 19 114
8 6 43 379
8 103 16 34
8 11 55 144
8 46 21 3
8 111 37 188
8 53 1 387
8 21 25 67
8 24 31 89
8 29 13 46
9 98 55 103
9 99 45 35
9 36 33 9
9 102 22 188
9 103 28 34
9 75 40 51
9 47 43 6
9 49 13 254
9 50 37 194
9 119 35 10
9 56 49 75
9 63 1 173
10 34 13 106
10 68 31 29
10 70 43 110
10 42 55 20
10 44 40 146
10 46 37 3
10 78 22 121
10 47 11 6
10 111 1 342
10 82 59 121
10 50 49 194
10 93 25 162
11 64 19 220
11 33 43 38
11 34 29 97
11 35 25 207
11 69 13 45
11 38 59 1
11 7 4 119
11 41 31 80
11 13 7 215
11 15 41 26
11 79 11 86
11 26 49 156
12 96 58 101
12 2 37 159
12 4 27 114
12 68 49 29
12 38 23 19
12 7 40 170
12 45 21 2
12 111 1 208
12 48 47 15
12 120 31 81
12 26 43 175
12 92 25 31
13 100 16 44
13 101 13 43
13 7 55 170
13 107 7 354
13 44 4 161
13 13 43 226
13 79 23 86
13 113 28 116
13 81 21 4
13 17 49 54
13 84 31 42
13 21 37 67
14 68 55 29
14 69 23 45
14 8 31 147
14 42 39 20
14 75 1 109
14 17 19 68
14 51 7 142
14 119 41 10
14 21 43 67
14 20 25 209
14 55 53 13
14 63 13 173
15 98 31 118
15 2 10 159
15 68 25 29
15 4 21 114
15 38 1 19
15 7 58 170
15 104 37 16
15 6 13 325
15 14 23 48
15 51 52 82
15 23 4 30
15 28 41 78
16 38 11 77
16 39 25 174
16 9 37 27
16 42 5 52
16 75 55 51
16 45 9 2
16 47 35 6
16 84 43 112
16 118 13 249
16 56 49 100
16 26 31 175
16 93 19 162
17 32 17 60
17 2 10 141
17 39 37 64
17 7 1 119
17 105 13 61
17 81 5 4
17 49 25 56
17 50 34 162
17 116 29 7
17 22 31 117
17 92 21 31
17 31 19 77
18 103 13 74
18 7 37 170
18 78 22 127
18 79 33 86
18 82 40 121
18 50 19 206
18 52 45 85
18 53 1 195
18 119 17 10
18 55 57 13
18 92 35 97
18 94 7 188
19 96 52 14
19 33 55 90
19 65 28 96
19 37 35 79
19 75 19 38
19 11 43 174
19 13 37 236
19 14 9 48
19 49 31 230
19 86 1 37
19 22 15 117
19 92 7 31
20 5 7 9
20 104 25 28
20 73 23 172
20 42 17 52
20 45 11 25
20 48 40 37
20 17 3 68
20 116 45 7
20 21 13 124
20 27 19 118
20 30 1 179
20 31 59 77
21 104 1 28
21 72 37 169
21 42 15 20
21 14 25 48
21 18 55 69
21 83 19 73
21 87 31 130
21 30 58 120
21 89 17 175
21 26 7 222
21 92 51 31
21 25 23 50
22 32 5 60
22 102 28 58
22 72 55 242
22 11 1 241
22 76 53 75
22 110 59 39
22 80 7 160
22 18 34 69
22 83 19 66
22 116 15 7
22 21 49 67
22 88 43 120
23 5 1 9
23 37 33 79
23 7 40 119
23 39 43 139
23 101 28 43
23 110 35 29
23 111 55 342
23 81 49 4
23 114 9 224
23 56 19 100
23 89 53 47
23 57 31 14
24 35 43 71
24 58 49 221
24 101 19 43
24 70 1 91
24 6 55 271
24 72 13 136
24 105 37 61
24 10 28 11
24 12 31 53
24 19 23 24
24 118 33 249
24 26 7 104
25 66 25 213
25 98 13 94
25 3 1 41
25 67 49 159
25 107 37 181
25 77 4 74
25 78 22 38
25 111 43 208
25 113 7 98
25 114 53 51
25 115 34 48
25 120 31 45
26 34 33 97
26 68 19 33
26 40 55 143
26 104 1 23
26 106 29 21
26 105 25 249
26 44 16 161
26 28 5 83
26 21 49 108
26 55 9 17
26 24 43 204
26 60 39 132
27 98 43 118
27 3 16 41
27 67 31 228
27 101 22 15
27 70 13 110
27 2 1 159
27 110 53 29
27 16 55 202
27 56 37 75
27 92 9 31
27 61 25 138
27 95 49 308
28 96 1 101
28 67 19 228
28 58 13 234
28 38 7 19
28 102 10 131
28 71 34 57
28 103 58 24
28 50 55 194
28 87 25 8
28 24 37 111
28 90 43 153
28 60 52 110
29 96 49 101
29 3 19 49
29 70 46 110
29 7 10 266
29 104 31 16
29 59 40 196
29 42 1 20
29 15 57 26
29 113 16 116
29 21 25 87
29 91 3 40
29 61 21 154
30 2 13 159
30 35 1 244
30 6 31 325
30 43 55 167
30 76 41 75
30 82 5 93
30 116 27 7
30 52 21 85
30 21 7 124
30 87 49 113
30 29 11 46
30 31 37 77
31 67 1 184
31 36 31 17
31 5 19 5
31 6 49 149
31 102 4 58
31 74 55 115
31 107 33 223
31 43 7 65
31 44 22 146
31 11 37 241
31 113 25 98
31 84 13 42
32 2 33 159
32 98 55 150
32 6 25 358
32 105 1 209
32 42 21 20
32 83 46 66
32 52 43 85
32 23 37 30
32 26 13 222
32 91 31 40
32 28 51 78
32 93 7 162
33 6 49 161
33 7 28 119
33 9 46 27
33 107 13 223
33 75 25 51
33 16 1 157
33 116 35 7
33 117 31 95
33 86 10 63
33 55 17 17
33 29 21 46
33 95 55 308
34 33 58 130
34 100 55 53
34 4 31 114
34 38 17 19
34 101 27 52
34 48 51 15
34 80 33 233
34 83 22 73
34 119 39 10
34 54 9 183
34 55 25 17
34 60 43 132
35 65 55 96
35 2 7 159
35 100 31 44
35 69 3 45
35 37 41 79
35 12 53 16
35 13 43 215
35 44 34 146
35 109 13 1
35 16 19 195
35 61 15 138
35 30 25 120
36 32 19 60
36 3 29 41
36 102 49 188
36 70 10 91
36 105 31 150
36 77 22 74
36 113 13 98
36 84 25 26
36 117 55 92
36 54 7 183
36 86 4 37
36 26 37 175
37 32 3 64
37 2 55 141
37 67 22 184
37 100 10 44
37 45 17 2
37 48 53 15
37 113 31 116
37 87 25 130
37 120 19 81
37 57 13 14
37 27 7 118
37 92 15 31
38 5 10 9
38 8 43 90
38 43 39 167
38 14 37 32
38 112 52 22
38 50 7 194
38 22 4 137
38 23 25 30
38 89 17 113
38 91 29 40
38 30 23 59
38 63 55 152
39 64 21 219
39 2 46 141
39 3 25 41
39 7 16 119
39 72 37 136
39 106 5 21
39 11 31 211
39 75 27 38
39 79 9 86
39 111 49 208
39 118 1 165
39 91 19 40
40 96 13 120
40 66 55 213
40 106 45 21
40 11 37 264
40 44 1 161
40 16 49 191
40 81 35 4
40 18 10 72
40 21 31 124
40 55 25 13
40 56 27 126
40 28 21 78
41 64 33 219
41 107 3 223
41 45 1 2
41 46 49 3
41 16 25 157
41 17 13 54
41 83 43 66
41 118 19 107
41 94 51 63
41 91 9 40
41 92 31 31
41 30 11 59
42 32 55 60
42 99 4 47
42 4 41 114
42 71 28 57
42 73 13 148
42 106 1 21
42 12 17 53
42 14 15 48
42 82 7 185
42 29 25 46
42 57 9 14
42 93 37 145
43 36 59 9
43 5 13 5
43 69 19 45
43 8 7 117
43 41 21 80
43 111 1 346
43 16 27 202
43 113 34 98
43 87 49 8
43 89 25 113
43 61 43 73
43 94 37 135
44 96 51 41
44 3 37 49
44 38 21 19
44 47 19 6
44 112 28 22
44 49 7 56
44 82 1 185
44 111 13 342
44 26 43 124
44 27 55 55
44 92 41 31
44 29 23 46
45 67 34 228
45 39 1 139
45 72 7 136
45 106 13 21
45 76 23 75
45 84 37 26
45 53 49 195
45 22 19 137
45 23 16 30
45 87 43 8
45 89 47 48
45 26 25 104
46 33 52 38
46 2 16 141
46 99 4 35
46 4 23 114
46 37 7 79
46 39 31 139
46 72 25 136
46 77 49 106
46 116 13 7
46 58 37 221
46 92 11 31
46 61 19 102
47 3 45 49
47 103 1 74
47 104 55 23
47 41 16 163
47 106 21 21
47 42 5 20
47 78 49 127
47 18 13 72
47 83 7 99
47 19 27 24
47 53 31 218
47 30 10 179
48 100 49 18
48 71 22 57
48 7 25 119
48 42 17 20
48 107 45 223
48 76 52 90
48 77 31 74
48 14 41 25
48 11 37 190
48 112 19 22
48 58 1 129
48 30 43 59
49 7 44 119
49 40 31 105
49 76 58 43
49 13 49 158
49 110 39 72
49 77 16 74
49 16 7 157
49 93 19 168
49 57 3 14
49 61 25 73
50 2 52 141
50 99 16 35
50 70 40 91
50 38 57 6
50 108 7 134
50 79 19 86
50 115 13 178
50 86 1 63
50 54 4 183
50 24 21 218
50 60 11 261
50 94 31 135
51 96 37 41
51 65 40 96
51 32 35 60
51 36 25 9
51 102 7 58
51 6 43 161
51 70 13 91
51 72 49 48
51 42 29 20
51 11 19 144
51 84 31 26
51 29 27 46
52 96 10 120
52 34 33 106
52 8 55 128
52 40 1 286
52 46 13 3
52 15 45 86
52 112 40 22
52 51 25 142
52 117 21 187
52 25 15 50
52 92 53 97
52 29 19 46
53 3 15 49
53 39 37 139
53 103 10 34
53 12 13 53
53 77 55 106
53 78 19 121
53 76 1 132
53 52 53 85
53 54 22 183
53 23 7 30
53 57 5 14
53 59 25 164
54 35 31 71
54 42 9 20
54 43 43 83
54 44 55 146
54 107 19 234
54 79 15 86
54 80 49 140
54 113 40 98
54 53 1 296
54 88 58 148
54 91 27 40
55 96 10 41
55 36 41 9
55 70 28 91
55 73 37 148
55 107 43 234
55 75 55 38
55 115 19 178
55 61 31 138
55 24 1 218
55 88 15 148
55 28 13 78
55 29 51 19
56 96 16 101
56 64 37 220
56 100 34 44
56 41 52 80
56 12 25 53
56 109 45 1
56 47 47 6
56 80 1 160
56 18 49 69
56 87 7 113
56 26 27 175
56 94 55 63
57 33 10 90
57 99 25 35
57 68 15 51
57 105 19 209
57 43 31 99
57 115 49 166
57 52 13 85
57 20 58 183
57 86 4 63
57 23 43 12
57 91 7 40
57 28 46 78
58 97 15 52
58 33 55 130
58 3 17 49
58 8 31 144
58 41 25 163
58 12 29 53
58 111 43 298
58 80 37 233
58 116 51 7
58 55 3 13
58 87 19 113
58 56 7 100
59 64 55 197
59 34 3 97
59 101 19 15
59 102 44 188
59 72 13 242
59 44 7 146
59 13 25 236
59 21 31 67
59 117 37 92
59 90 49 76
59 60 22 123
60 97 11 12
60 67 40 184
60 4 17 100
60 7 7 170
60 107 25 181
60 78 31 38
60 112 58 22
60 50 34 194
60 115 1 166
60 26 19 104
60 91 15 40
60 29 55 19
61 66 25 177
61 34 9 97
61 35 15 71
61 6 19 149
61 72 43 48
61 108 55 50
61 45 35 2
61 114 13 51
61 118 1 107
61 89 47 47
61 60 5 92
61 29 59 19
62 70 22 110
62 45 33 2
62 110 53 39
62 111 49 298
62 15 5 26
62 82 25 93
62 51 37 82
62 84 7 42
62 53 55 218
62 58 27 176
62 27 46 55
62 30 31 59
63 32 29 60
63 3 58 41
63 99 7 35
63 41 22 120
63 75 4 109
63 114 19 117
63 50 37 153
63 53 31 195
63 120 45 45
63 25 13 50
63 27 49 55
63 95 25 308
64 39 19 139
64 73 17 33
64 42 31 20
64 12 47 16
64 78 10 38
64 81 23 4
64 22 37 117
64 89 29 47
64 26 25 124
64 60 35 92
64 93 1 145
64 62 43 245
65 35 37 71
65 69 5 45
65 102 10 58
65 37 13 79
65 41 16 80
65 73 23 112
65 43 19 83
65 112 7 22
65 49 1 56
65 54 59 52
65 120 49 45
65 95 25 84
66 64 43 219
66 34 19 97
66 36 31 9
66 91 17 40
66 44 4 146
66 77 21 156
66 14 57 25
66 48 33 15
66 51 1 142
66 24 7 111
66 59 37 196
66 63 25 152
67 35 37 142
67 6 43 325
67 105 31 72
67 41 13 80
67 43 55 83
67 111 27 208
67 82 53 17
67 115 10 166
67 51 7 82
67 54 25 52
67 25 3 50
67 59 49 164
68 32 33 60
68 65 13 115
68 8 55 116
68 10 22 18
68 43 43 167
68 75 10 109
68 109 3 1
68 82 49 121
68 84 37 42
68 120 25 81
68 59 28 196
68 93 51 168
69 89 5 113
69 33 16 38
69 102 52 58
69 7 25 170
69 12 41 16
69 47 29 6
69 113 19 98
69 115 22 166
69 57 11 14
69 27 7 55
69 61 31 73
69 62 55 134
70 64 49 219
70 35 19 244
70 36 27 9
70 39 7 139
70 7 37 119
70 106 33 21
70 76 29 75
70 48 13 37
70 21 1 87
70 22 15 137
70 23 43 32
70 54 47 52
71 66 43 58
71 40 37 128
71 72 19 169
71 46 15 3
71 79 29 86
71 80 1 233
71 115 52 178
71 51 49 82
71 86 55 37
71 57 25 14
71 26 7 237
71 61 31 102
72 96 52 101
72 100 55 44
72 7 58 119
72 74 25 115
72 107 19 181
72 12 9 53
72 50 37 206
72 93 13 145
72 53 43 218
72 23 49 30
72 29 33 19
72 95 1 267
73 37 47 79
73 102 22 58
73 103 19 34
73 38 25 19
73 9 55 27
73 107 7 223
73 14 17 48
73 47 15 6
73 15 3 182
73 86 28 63
73 26 37 124
73 60 59 92
74 96 4 101
74 5 37 5
74 101 1 43
74 8 43 36
74 13 13 215
74 111 31 208
74 49 55 201
74 50 22 206
74 22 40 137
74 24 7 89
74 92 27 31
74 63 49 115
75 8 43 99
75 10 19 18
75 109 25 1
75 13 1 226
75 82 35 93
75 84 27 42
75 53 7 296
75 56 31 75
75 24 37 89
75 60 57 132
75 61 13 73
75 94 49 135
76 96 19 101
76 101 37 43
76 42 35 20
76 43 49 99
76 45 11 2
76 15 55 86
76 80 43 140
76 49 1 201
76 79 27 86
76 54 40 52
76 94 57 135
76 95 13 308
77 69 27 45
77 70 40 110
77 101 57 15
77 105 13 209
77 74 52 209
77 107 3 234
77 76 9 132
77 77 37 156
77 120 49 81
77 92 1 150
77 29 35 19
77 31 45 77
78 64 7 197
78 32 43 60
78 97 25 12
78 12 37 53
78 45 39 2
78 13 1 158
78 31 55 77
78 25 35 50
78 90 27 76
78 60 41 92
78 29 45 46
78 95 13 84
79 65 34 96
79 2 43 141
79 35 39 253
79 7 31 119
79 40 19 128
79 9 16 27
79 45 37 2
79 110 5 39
79 80 55 140
79 49 7 230
79 51 25 82
79 119 3 10
80 67 4 184
80 100 43 44
80 7 28 170
80 11 33 241
80 76 47 75
80 45 31 2
80 14 7 48
80 16 9 191
80 54 57 52
80 23 22 32
80 57 15 14
80 92 49 31
81 96 34 41
81 32 3 60
81 38 57 1
81 75 7 109
81 79 21 86
81 82 29 93
81 114 13 117
81 20 40 183
81 94 15 199
81 27 10 118
81 30 37 59
81 95 25 267
82 64 1 219
82 104 55 16
82 10 22 11
82 11 43 241
82 75 28 51
82 74 31 131
82 83 25 66
82 115 19 166
82 85 13 88
82 87 49 25
82 30 41 59
82 95 7 267
83 66 15 213
83 98 19 94
83 68 43 29
83 38 13 19
83 7 10 119
83 76 59 75
83 46 23 3
83 82 27 93
83 118 31 107
83 25 29 50
83 95 1 84
83 31 25 77
84 67 16 244
84 6 19 325
84 105 7 209
84 106 55 21
84 10 13 18
84 109 41 1
84 115 31 166
84 116 59 7
84 51 4 142
84 83 1 73
84 119 51 10
84 24 43 111
85 98 7 94
85 3 5 41
85 90 15 76
85 73 41 33
85 107 25 223
85 45 13 2
85 110 29 29
85 17 1 39
85 50 52 162
85 54 49 52
85 58 55 129
85 59 19 164
86 3 31 49
86 4 15 114
86 70 1 110
86 38 9 77
86 11 43 211
86 78 33 127
86 15 59 86
86 81 53 4
86 116 57 7
86 55 21 13
86 88 25 154
86 89 4 175
87 34 13 97
87 6 37 149
87 72 19 136
87 41 10 80
87 77 28 74
87 109 31 1
87 50 52 186
87 87 1 8
87 24 15 111
87 58 33 129
87 59 7 164
87 62 43 134
88 3 11 49
88 102 49 58
88 73 17 112
88 43 37 65
88 52 5 85
88 86 33 37
88 22 28 137
88 120 1 81
88 57 7 14
88 54 53 52
88 118 19 165
88 60 55 110
89 96 1 120
89 65 10 115
89 34 31 106
89 66 43 177
89 38 29 19
89 9 34 27
89 76 17 132
89 81 15 4
89 50 25 194
89 52 19 85
89 85 37 118
89 92 57 31
90 98 37 103
90 3 13 49
90 100 28 44
90 70 31 110
90 78 34 121
90 48 11 37
90 81 9 4
90 19 21 24
90 115 43 166
90 53 55 296
90 58 49 176
90 30 15 59
91 32 5 64
91 99 10 47
91 5 31 5
91 102 19 188
91 104 13 28
91 42 3 52
91 108 25 134
91 109 53 1
91 17 37 54
91 50 7 206
91 25 47 50
91 26 55 175
92 97 9 12
92 2 19 159
92 103 37 34
92 73 55 123
92 9 13 36
92 106 23 21
92 82 25 121
92 118 43 194
92 24 31 204
92 57 29 14
92 90 57 153
92 28 49 78
93 7 43 170
93 41 16 120
93 10 49 11
93 77 58 145
93 78 4 121
93 14 53 25
93 60 34 132
93 113 25 116
93 80 19 233
93 52 29 85
93 23 31 30
93 28 9 78
94 37 10 156
94 39 19 186
94 104 13 16
94 8 49 116
94 103 4 34
94 28 39 78
94 92 33 31
94 17 43 54
94 86 7 63
94 89 41 113
94 60 55 132
94 62 25 290
95 67 52 184
95 100 49 44
95 69 21 45
95 72 31 169
95 74 16 115
95 45 43 2
95 48 55 15
95 16 1 191
95 116 7 7
95 52 57 85
95 120 40 81
95 28 59 78
96 32 1 60
96 70 16 91
96 73 47 33
96 59 34 164
96 111 37 208
96 116 9 7
96 20 55 107
96 52 27 85
96 118 43 165
96 119 11 10
96 91 13 40
96 93 19 145
97 32 7 60
97 33 16 130
97 67 25 228
97 36 29 9
97 37 3 79
97 71 55 57
97 110 11 39
97 46 45 3
97 51 13 142
97 21 19 124
97 25 37 50
97 95 39 267
98 32 1 64
98 33 52 53
98 2 13 141
98 64 43 197
98 38 55 1
98 72 3 169
98 11 7 190
98 80 31 70
98 17 19 39
98 83 58 46
98 53 37 218
98 62 25 300
99 32 9 60
99 3 3 41
99 67 37 184
99 71 16 57
99 45 47 2
99 16 33 157
99 53 43 296
99 118 25 107
99 55 29 13
99 54 31 52
99 61 19 138
99 62 49 245
100 33 7 38
100 68 1 29
100 6 15 149
100 39 43 64
100 11 19 190
100 12 5 16
100 110 23 29
100 49 37 56
100 82 10 93
100 115 31 48
100 60 29 92
100 30 13 59
101 96 13 101
101 99 22 35
101 101 4 43
101 70 37 110
101 104 7 16
101 17 25 68
101 51 51 93
101 53 55 195
101 90 31 171
101 91 11 40
101 94 43 199
101 31 47 77
102 32 49 60
102 65 52 96
102 34 11 106
102 67 34 184
102 71 43 57
102 106 15 21
102 110 23 61
102 83 31 66
102 119 21 10
102 24 25 204
102 29 17 46
102 95 55 84
103 98 7 103
103 7 49 266
103 75 37 51
103 76 19 132
103 18 40 69
103 84 43 42
103 22 52 137
103 55 33 13
103 56 27 100
103 58 21 176
103 28 25 78
103 61 13 102
104 97 21 12
104 37 39 79
104 71 25 57
104 106 43 21
104 46 19 3
104 111 1 298
104 49 31 56
104 114 16 224
104 50 52 194
104 85 45 104
104 23 13 32
104 56 55 100
105 65 19 96
105 2 7 141
105 67 49 244
105 33 13 38
105 82 22 185
105 51 4 82
105 118 37 107
105 24 25 89
105 25 11 50
105 27 16 55
105 95 43 84
105 63 31 115
106 65 28 115
106 34 41 97
106 67 10 184
106 68 37 33
106 2 25 159
106 9 22 27
106 10 34 11
106 74 1 174
106 78 43 127
106 86 19 63
106 119 15 10
106 27 4 118
107 36 52 9
107 70 58 91
107 41 31 120
107 44 49 146
107 45 25 2
107 110 41 63
107 46 7 15
107 48 17 37
107 82 3 185
107 51 37 93
107 54 35 183
107 86 55 42
108 65 31 96
108 100 25 44
108 5 49 9
108 70 10 110
108 72 13 184
108 11 55 241
108 44 28 146
108 49 1 230
108 114 34 117
108 51 46 82
108 117 37 161
108 55 21 17
109 96 45 14
109 4 35 100
109 11 55 211
109 13 7 158
109 16 25 191
109 80 1 70
109 49 13 56
109 23 21 30
109 55 19 17
109 89 53 48
109 93 49 57
109 62 31 245
110 67 31 244
110 26 13 104
110 69 1 45
110 35 25 71
110 71 7 57
110 74 46 131
110 82 55 17
110 24 57 33
110 56 3 75
110 89 11 175
110 90 19 76
110 94 37 63
111 96 19 41
111 2 22 159
111 4 34 114
111 37 15 79
111 101 7 43
111 75 31 51
111 46 3 3
111 110 29 39
111 114 53 224
111 51 43 93
111 24 49 204
111 61 37 154
112 64 25 219
112 72 55 136
112 105 49 61
112 74 22 131
112 46 1 3
112 17 3 54
112 83 10 66
112 84 13 26
112 54 45 52
112 88 19 120
112 28 17 78
112 62 31 285
113 35 19 207
113 41 4 80
113 43 31 83
113 80 7 70
113 48 35 15
113 18 1 69
113 83 15 66
113 16 55 157
113 115 37 166
113 54 29 183
113 92 13 31
113 61 49 62
114 38 13 77
114 42 9 52
114 10 58 11
114 108 25 108
114 47 45 6
114 16 31 191
114 83 4 73
114 22 55 154
114 56 15 126
114 28 1 83
114 61 49 148
114 63 37 173
115 32 15 64
115 4 43 114
115 5 25 5
115 9 10 36
115 12 35 53
115 14 21 48
115 110 41 61
115 18 58 69
115 116 49 7
115 120 37 81
115 89 19 175
115 29 29 46
116 97 19 12
116 33 4 90
116 34 21 106
116 69 11 45
116 7 49 119
116 111 7 208
116 15 23 26
116 51 43 82
116 20 46 107
116 115 58 48
116 86 52 37
116 55 13 17
117 6 25 271
117 39 13 139
117 73 29 33
117 77 43 106
117 14 17 25
117 48 57 4
117 114 23 224
117 21 1 67
117 88 7 148
117 58 19 129
117 27 10 55
117 95 37 84
118 96 45 101
118 97 39 12
118 98 49 130
118 32 13 64
118 5 7 5
118 7 4 266
118 71 33 59
118 42 43 20
118 48 28 37
118 51 16 142
118 52 1 98
118 24 55 204
119 96 55 41
119 33 37 74
119 5 16 5
119 38 31 19
119 69 35 45
119 43 7 235
119 108 19 134
119 19 33 24
119 115 52 166
119 25 43 50
119 61 1 138
119 94 25 199
120 4 17 114
120 6 37 271
120 70 22 91
120 104 25 23
120 74 34 131
120 46 41 3
120 14 7 32
120 47 13 6
120 18 43 69
120 114 19 224
120 115 46 166
120 21 49 87
121 65 58 96
121 5 40 5
121 73 29 123
121 10 25 18
121 109 51 1
121 82 21 93
121 51 10 142
121 50 31 194
121 53 15 296
121 54 13 183
121 118 1 194
121 31 43 77
122 70 52 91
122 73 58 81
122 75 1 51
122 46 9 3
122 14 35 25
122 49 37 201
122 50 4 206
122 85 31 104
122 118 25 165
122 87 13 8
122 60 23 132
122 31 55 30
123 32 39 60
123 2 46 159
123 100 58 44
123 39 13 198
123 103 55 24
123 41 7 163
123 12 3 53
123 46 17 3
123 52 51 85
123 21 31 87
123 88 10 154
123 59 19 196
124 66 37 229
124 35 7 71
124 101 22 43
124 11 31 190
124 79 25 86
124 15 47 86
124 117 1 95
124 21 13 87
124 55 5 17
124 26 55 104
124 27 28 55
124 29 49 19
125 38 55 6
125 9 1 27
125 43 25 83
125 15 59 26
125 82 23 93
125 21 7 67
125 85 49 88
125 117 31 92
125 88 4 148
125 118 19 194
125 90 13 153
125 29 57 19
126 97 33 12
126 3 43 49
126 68 13 33
126 8 55 147
126 9 40 27
126 72 1 242
126 42 23 20
126 45 19 2
126 90 25 153
126 91 35 40
126 28 9 83
126 61 49 138
127 66 19 229
127 99 37 35
127 34 29 106
127 11 13 190
127 45 49 2
127 110 7 61
127 78 1 127
127 15 57 86
127 113 4 116
127 18 46 69
127 81 31 4
127 89 11 113
128 32 11 60
128 65 16 96
128 73 34 123
128 109 1 1
128 113 31 98
128 18 28 69
128 51 13 82
128 20 58 107
128 54 25 183
128 56 37 100
128 25 19 50
128 63 21 152
129 96 55 14
129 66 31 213
129 35 19 71
129 34 5 97
129 6 25 149
129 7 13 119
129 103 40 24
129 73 11 33
129 14 23 25
129 20 7 107
129 56 1 100
129 60 47 92
130 43 19 65
130 13 55 158
130 111 13 298
130 112 46 22
130 81 33 4
130 115 40 48
130 19 25 24
130 53 49 218
130 89 29 48
130 58 1 176
130 29 35 46
130 30 43 35
131 39 25 186
131 73 47 112
131 10 7 11
131 114 11 117
131 51 58 93
131 30 13 66
131 85 15 182
131 83 52 66
131 23 34 32
131 57 21 14
131 29 41 46
131 94 1 199
132 97 23 12
132 101 16 43
132 72 43 242
132 9 25 27
132 10 13 11
132 108 19 108
132 113 37 180
132 17 7 54
132 85 55 88
132 87 31 25
132 120 28 81
132 30 3 179
133 66 55 173
133 100 7 44
133 6 19 271
133 40 25 105
133 107 37 234
133 108 13 89
133 109 47 1
133 48 49 15
133 51 31 82
133 55 1 17
133 93 3 162
133 95 43 308
134 33 25 147
134 68 7 33
134 4 13 114
134 73 5 172
134 43 19 167
134 46 51 3
134 110 17 61
134 52 39 85
134 55 59 13
134 87 55 47
134 119 37 10
134 24 1 111
135 98 55 94
135 67 52 228
135 73 1 123
135 43 13 65
135 110 41 29
135 15 3 26
135 114 27 224
135 20 46 183
135 88 34 148
135 92 25 16
135 61 7 62
135 63 37 152
136 98 31 103
136 99 13 35
136 36 37 17
136 7 16 170
136 40 1 105
136 10 46 11
136 75 40 38
136 110 35 39
136 16 55 191
136 120 7 81
136 26 21 175
136 63 49 152
137 64 55 219
137 65 37 96
137 3 35 49
137 68 25 33
137 100 22 44
137 45 7 2
137 46 33 3
137 80 13 140
137 49 9 181
137 117 43 92
137 92 29 31
137 29 31 46
138 5 55 5
138 74 58 131
138 43 25 167
138 76 13 75
138 44 52 34
138 78 34 38
138 48 41 15
138 114 21 224
138 52 23 85
138 21 7 108
138 118 1 249
138 24 37 204
139 38 3 19
139 103 34 34
139 102 56 58
139 105 43 150
139 9 7 27
139 11 49 144
139 107 19 223
139 84 25 125
139 21 37 87
139 120 16 81
140 96 58 14
140 102 43 131
140 72 31 136
140 105 37 172
140 75 10 51
140 44 16 146
140 19 19 24
140 116 3 7
140 117 25 187
140 22 46 137
140 27 52 55
140 94 21 210
141 66 49 173
141 67 44 184
141 100 31 18
141 74 25 131
141 77 19 74
141 16 37 195
141 117 7 92
141 24 1 89
141 31 15 77
141 94 55 28
142 5 28 5
142 70 49 110
142 38 5 77
142 42 45 20
142 13 19 236
142 15 1 182
142 82 55 121
142 115 7 178
142 84 31 125
142 57 39 14
142 93 57 162
142 63 13 203
143 69 9 45
143 102 19 58
143 7 49 170
143 104 43 23
143 9 28 27
143 72 31 242
143 43 13 167
143 12 7 53
143 76 47 100
143 23 55 12
143 61 1 102
143 62 37 285
144 68 37 29
144 101 10 43
144 38 5 19
144 7 13 170
144 105 25 61
144 106 19 21
144 44 43 146
144 49 21 201
144 50 49 186
144 51 46 93
144 85 1 88
144 22 52 117
145 68 15 29
145 8 37 144
145 73 52 81
145 42 13 20
145 14 55 25
145 78 46 121
145 16 25 195
145 82 31 93
145 51 22 82
145 52 3 85
145 53 33 387
145 90 7 153
146 64 49 197
146 66 43 173
146 36 29 17
146 5 10 5
146 8 19 99
146 73 1 33
146 77 34 74
146 46 3 15
146 16 37 157
146 51 16 82
146 62 55 285
146 95 25 315
147 98 31 179
147 35 57 207
147 5 1 12
147 103 7 74
147 10 28 18
147 76 4 132
147 81 55 4
147 19 35 24
147 55 51 13
147 87 15 143
147 56 19 126
147 28 13 83
148 2 19 141
148 100 1 44
148 6 27 325
148 102 37 58
148 106 17 21
148 110 47 29
148 80 7 233
148 114 59 117
148 119 25 10
148 87 49 47
148 24 55 111
148 29 43 19
149 98 19 179
149 75 46 38
149 78 13 121
149 46 7 3
149 113 58 98
149 18 25 69
149 84 37 97
149 54 31 183
149 25 17 50
149 26 1 237
149 61 49 102
149 95 33 308
150 38 59 6
150 74 7 131
150 12 5 53
150 76 25 90
150 112 22 22
150 17 49 39
150 50 34 153
150 82 17 93
150 80 13 70
150 53 43 195
150 59 1 164
150 30 19 59
151 2 40 159
151 68 7 29
151 101 25 15
151 37 55 79
151 41 4 163
151 107 43 128
151 21 19 67
151 22 49 117
151 87 31 8
151 85 57 182
151 28 15 83
152 97 7 12
152 71 58 57
152 13 31 226
152 79 39 86
152 19 9 24
152 20 25 274
152 85 49 104
152 23 46 32
152 56 1 126
152 29 15 46
152 94 19 199
153 3 55 49
153 36 37 9
153 12 47 53
153 77 57 125
153 110 29 61
153 79 41 86
153 50 4 186
153 18 52 69
153 23 1 30
153 120 43 81
153 91 49 40
153 60 27 132
154 64 31 197
154 99 19 47
154 36 39 9
154 67 2 228
154 103 25 34
154 72 7 242
154 42 47 20
154 112 51 40
154 17 55 54
154 113 13 116
154 21 43 87
155 66 43 229
155 106 11 21
155 80 25 70
155 82 7 93
155 83 55 46
155 50 58 194
155 117 13 92
155 22 37 137
155 58 31 176
155 27 3 55
155 28 1 78
155 63 19 115
156 33 19 130
156 3 9 49
156 101 46 43
156 70 16 110
156 72 55 169
156 78 31 121
156 81 43 4
156 55 41 13
156 89 53 113
156 90 1 171
156 93 37 162
156 57 27 14
157 37 53 79
157 6 7 325
157 106 51 21
157 42 59 20
157 108 1 108
157 77 34 145
157 46 39 3
157 18 28 72
157 55 37 13
157 88 46 148
157 57 43 14
157 90 19 153
158 35 13 253
158 104 43 16
158 74 1 131
158 43 57 110
158 108 31 62
158 13 7 226
158 78 37 121
158 47 27 6
158 15 53 26
158 49 49 201
158 22 22 137
158 54 55 52
159 64 37 197
159 96 55 120
159 97 4 12
159 100 49 53
159 12 27 53
159 44 19 161
159 17 43 68
159 23 16 32
159 86 31 63
159 29 9 46
160 5 58 5
160 70 43 91
160 7 7 266
160 105 19 172
160 75 46 51
160 76 13 132
160 79 37 86
160 84 31 112
160 117 49 95
160 22 55 137
160 23 39 32
160 25 27 50
161 43 49 65
161 13 25 158
161 48 37 15
161 82 1 93
161 54 43 52
161 119 31 10
161 25 9 50
161 26 13 157
161 91 39 40
161 63 45 115
161 62 3 285
161 95 19 84
162 99 37 47
162 35 43 244
162 7 19 170
162 76 17 90
162 46 25 3
162 112 4 62
162 49 49 181
162 50 40 194
162 19 15 24
162 52 33 85
162 119 29 10
162 88 10 148
163 2 1 141
163 3 33 49
163 36 43 9
163 41 49 80
163 73 25 123
163 114 4 224
163 18 13 69
163 52 16 85
163 85 37 88
163 86 45 37
163 22 7 137
163 95 19 267
164 32 58 60
164 96 28 101
164 66 13 259
164 35 37 207
164 97 31 12
164 104 19 23
164 10 55 11
164 78 25 127
164 86 52 42
164 24 1 204
164 95 33 84
164 63 7 152
165 2 37 141
165 3 4 49
165 41 40 80
165 11 55 190
165 44 1 146
165 81 29 4
165 113 16 98
165 19 11 24
165 23 52 30
165 90 31 76
165 59 43 164
165 60 46 132
166 103 22 34
166 39 49 139
166 42 27 20
166 17 31 68
166 114 41 224
166 49 7 269
166 116 17 7
166 21 1 124
166 118 13 262
166 87 43 47
166 27 58 55
166 92 39 31
167 96 4 120
167 3 41 49
167 102 28 131
167 104 37 23
167 40 7 128
167 42 49 20
167 11 51 190
167 43 13 99
167 44 46 146
167 10 25 11
167 80 31 160
167 23 1 32
168 98 55 118
168 4 3 114
168 104 49 23
168 105 31 172
168 10 40 11
168 12 21 53
168 80 13 233
168 116 43 7
168 22 28 154
168 25 45 50
168 61 7 102
169 33 7 130
169 68 31 33
169 69 25 45
169 100 40 44
169 39 55 139
169 5 52 5
169 14 27 48
169 110 47 61
169 18 22 69
169 87 43 113
169 91 37 40
169 95 13 267
170 65 4 96
170 34 15 97
170 102 49 131
170 40 31 36
170 107 7 234
170 77 25 74
170 45 29 2
170 111 55 208
170 15 17 26
170 26 37 104
170 91 1 40
170 63 43 108
171 65 13 96
171 5 46 5
171 102 55 131
171 7 52 119
171 39 7 186
171 44 49 34
171 108 37 108
171 49 1 269
171 18 19 69
171 115 28 166
171 51 34 82
172 3 29 49
172 35 49 142
172 101 31 43
172 39 43 186
172 72 7 169
172 9 58 27
172 106 37 21
172 43 1 167
172 16 13 202
172 21 19 87
172 55 27 17
172 30 17 59
173 33 58 90
173 100 37 44
173 68 49 33
173 7 55 119
173 8 21 147
173 105 13 172
173 46 31 3
173 48 45 15
173 52 35 85
173 57 19 14
173 95 7 308
173 63 1 152
174 33 37 38
174 66 7 213
174 67 49 228
174 58 43 129
174 7 22 119
174 12 11 16
174 14 29 25
174 49 55 56
174 114 40 117
174 17 31 39
174 86 25 37
174 26 1 104
175 99 13 47
175 72 49 242
175 73 35 33
175 109 33 1
175 45 3 25
175 20 37 183
175 53 43 387
175 117 7 95
175 23 25 32
175 24 55 89
175 59 22 164
175 30 5 59
176 96 25 101
176 2 28 159
176 34 47 97
176 99 19 35
176 101 15 15
176 3 22 49
176 35 55 142
176 105 49 72
176 58 43 176
176 63 37 115
176 30 34 120
176 31 31 77
177 98 1 103
177 37 21 79
177 38 53 6
177 73 11 123
177 74 13 174
177 44 55 34
177 77 31 145
177 14 59 35
177 120 39 45
177 26 49 175
177 62 25 285
177 63 7 173
178 98 25 103
178 11 43 144
178 76 29 132
178 77 10 74
178 78 16 121
178 47 5 6
178 80 37 70
178 51 1 82
178 24 19 89
178 27 13 55
178 28 7 78
178 30 23 179
179 2 49 141
179 105 43 72
179 13 55 215
179 15 19 26
179 47 3 6
179 17 37 39
179 20 34 209
179 22 13 154
179 119 7 10
179 24 9 204
179 61 25 102
179 62 21 285
180 36 57 17
180 40 13 105
180 10 52 11
180 44 19 146
180 12 23 53
180 111 33 298
180 80 37 140
180 113 28 98
180 114 31 224
180 116 55 7
180 117 1 92
180 59 25 196
181 101 43 43
181 8 49 147
181 13 19 226
181 112 55 40
181 113 34 116
181 18 4 69
181 48 39 15
181 17 13 68
181 86 25 63
181 120 46 81
181 56 7 126
181 92 59 97
182 32 7 64
182 104 31 28
182 59 16 196
182 73 59 112
182 40 49 128
182 12 45 53
182 45 3 2
182 46 57 3
182 110 47 39
182 48 9 37
182 54 11 183
182 91 41 40
183 64 25 197
183 34 1 97
183 98 13 103
183 37 5 79
183 70 7 91
183 105 19 61
183 74 58 51
183 50 40 153
183 55 23 17
183 24 43 33
183 59 10 164
183 28 3 78
184 67 28 184
184 4 25 114
184 68 19 29
184 6 1 271
184 71 31 57
184 76 11 132
184 47 9 6
184 21 13 67
184 54 17 183
184 24 43 89
184 57 23 14
184 94 55 95
185 96 37 101
185 33 31 90
185 7 1 266
185 105 55 209
185 43 49 167
185 46 27 3
185 86 16 63
185 119 13 10
185 26 7 319
185 91 21 40
185 92 43 31
185 61 45 138
186 96 33 101
186 99 1 47
186 67 52 159
186 69 15 45
186 35 55 71
186 47 21 6
186 115 25 166
186 52 31 85
186 53 43 398
186 119 19 10
186 90 7 76
186 95 37 308
187 35 31 142
187 37 1 156
187 7 10 170
187 82 57 121
187 83 7 73
187 20 43 107
187 19 5 24
187 52 41 85
187 23 13 30
187 119 27 10
187 59 16 164
187 92 59 31
188 96 7 41
188 33 58 38
188 2 25 141
188 7 34 119
188 12 29 16
188 45 55 2
188 111 13 208
188 81 1 4
188 50 10 194
188 115 4 166
188 118 49 107
188 30 45 59
189 32 11 64
189 36 47 17
189 40 49 105
189 11 31 174
189 12 41 53
189 45 59 2
189 18 7 72
189 116 25 7
189 84 43 125
189 87 27 113
189 119 55 10
189 57 37 14
190 35 1 207
190 37 31 79
190 39 37 174
190 40 55 105
190 105 13 150
190 106 25 21
190 76 59 100
190 109 23 1
190 108 49 74
190 82 33 93
190 83 28 66
190 23 43 30
191 33 40 130
191 34 25 106
191 41 46 80
191 10 16 18
191 108 31 134
191 46 11 15
191 113 37 98
191 18 1 72
191 86 58 42
191 55 35 13
191 54 27 183
191 89 13 175
192 72 55 61
192 105 25 150
192 80 19 160
192 17 43 39
192 18 37 69
192 49 13 201
192 20 2 274
192 23 10 30
192 25 7 50
192 27 31 55
192 61 49 73
193 33 1 90
193 101 34 43
193 38 27 19
193 8 55 117
193 105 49 172
193 74 16 174
193 10 10 11
193 76 23 90
193 111 19 346
193 80 37 160
193 114 7 224
193 87 45 25
194 64 13 220
194 34 23 106
194 67 19 184
194 4 25 100
194 106 9 21
194 112 1 62
194 19 17 24
194 52 37 85
194 118 39 165
194 25 33 50
194 94 43 63
194 95 49 267
195 32 45 60
195 96 22 41
195 2 34 141
195 37 29 79
195 74 4 131
195 111 55 298
195 81 19 4
195 115 40 166
195 20 49 183
195 116 31 7
195 86 37 37
195 94 7 28
196 67 22 228
196 36 55 9
196 101 52 43
196 38 1 77
196 42 57 20
196 78 40 127
196 15 5 182
196 23 31 32
196 55 43 13
196 87 45 130
196 59 13 196
196 92 9 150
197 97 15 12
197 34 25 97
197 41 37 80
197 111 27 298
197 16 43 157
197 47 1 6
197 51 40 82
197 87 31 94
197 23 19 32
197 88 22 148
197 89 9 175
197 90 3 123
198 4 37 114
198 8 19 90
198 105 7 172
198 112 49 22
198 113 43 98
198 80 1 140
198 116 39 7
198 118 13 194
198 55 47 13
198 25 41 50
198 61 55 62
198 31 52 77
199 97 41 12
199 38 15 19
199 73 17 123
199 107 37 223
199 77 31 156
199 14 11 48
199 114 22 117
199 51 19 142
199 84 1 112
199 55 49 13
199 28 27 78
199 62 7 245
200 35 43 207
200 100 34 18
200 102 13 58
200 105 9 61
200 13 25 215
200 14 19 25
200 79 7 86
200 114 1 224
200 115 37 48
200 82 3 93
200 27 21 55
200 28 5 78
201 37 25 79
201 72 27 242
201 73 41 112
201 106 31 21
201 10 4 11
201 44 10 146
201 80 19 140
201 49 49 230
201 119 33 10
201 56 13 100
201 61 37 102
201 94 43 135
202 99 10 35
202 26 49 157
202 90 1 76
202 102 40 58
202 105 43 61
202 108 19 62
202 49 31 201
202 117 25 92
202 23 58 12
202 89 7 175
202 58 13 257
202 31 29 77
203 33 27 90
203 34 7 106
203 37 43 79
203 103 31 34
203 72 51 136
203 75 4 51
203 107 37 226
203 109 49 1
203 49 45 181
203 55 55 13
203 23 57 30
203 58 9 176
204 32 15 60
204 100 4 44
204 6 31 149
204 103 1 34
204 73 19 123
204 41 27 120
204 14 21 25
204 114 11 224
204 23 52 12
204 59 46 164
204 61 7 138
204 30 25 59
205 67 7 228
205 37 1 79
205 41 34 80
205 109 27 1
205 77 16 156
205 13 49 215
205 18 31 69
205 114 29 117
205 82 59 17
205 27 37 55
205 61 43 102
205 30 3 59
206 67 45 228
206 3 40 41
206 5 34 5
206 8 25 99
206 60 43 123
206 18 16 69
206 84 19 125
206 20 10 107
206 22 1 137
206 24 49 89
206 92 23 31
206 95 55 315
207 97 17 12
207 102 9 254
207 106 39 21
207 75 43 51
207 42 7 20
207 77 28 156
207 14 19 48
207 17 49 68
207 18 4 72
207 88 1 154
207 91 47 40
207 31 57 77
208 98 1 94
208 6 43 271
208 39 31 64
208 41 7 80
208 11 19 211
208 110 11 29
208 79 5 86
208 114 37 224
208 118 13 107
208 24 49 32
208 58 25 129
208 63 57 59
209 3 49 41
209 7 25 266
209 12 57 21
209 78 9 127
209 81 7 4
209 50 28 194
209 114 59 224
209 84 1 125
209 117 13 95
209 24 51 111
209 26 19 157
209 29 45 19
210 96 55 101
210 68 3 33
210 70 34 110
210 10 37 11
210 106 47 21
210 74 58 115
210 45 1 25
210 49 49 56
210 84 25 112
210 119 43 10
210 58 7 221
210 62 19 245
211 97 35 12
211 40 1 143
211 46 43 3
211 111 25 342
211 49 7 201
211 81 17 4
211 51 40 93
211 19 31 24
211 21 55 87
211 83 49 66
211 92 47 31
211 94 19 135
212 65 46 96
212 33 13 130
212 34 7 97
212 4 39 114
212 12 17 16
212 15 1 26
212 51 10 82
212 22 49 137
212 56 25 75
212 27 34 55
212 28 43 78
212 63 19 173
213 66 19 177
213 35 13 207
213 6 25 379
213 44 37 146
213 46 29 3
213 15 51 26
213 112 34 22
213 17 7 68
213 51 55 93
213 87 1 130
213 58 43 221
213 29 47 19
214 64 39 219
214 66 19 213
214 4 5 100
214 102 16 58
214 7 7 119
214 79 35 86
214 48 43 15
214 23 46 12
214 89 59 47
214 59 28 164
214 92 37 31
214 63 49 59
215 96 10 101
215 67 58 228
215 68 49 51
215 101 25 43
215 108 13 134
215 77 43 156
215 111 19 342
215 84 37 125
215 23 34 30
215 52 55 85
215 119 5 10
215 55 3 17
216 2 22 141
216 67 28 228
216 35 7 207
216 103 13 34
216 72 1 136
216 74 19 131
216 43 37 83
216 109 11 1
216 47 33 6
216 49 43 56
216 22 25 137
216 60 17 92
217 70 46 91
217 102 58 188
217 39 37 186
217 47 7 6
217 112 13 22
217 17 19 54
217 84 1 42
217 117 49 92
217 120 10 81
217 89 55 113
217 62 31 290
217 63 25 173
218 64 15 197
218 66 43 213
218 10 10 18
218 75 49 38
218 76 35 75
218 45 13 25
218 111 19 208
218 23 4 32
218 85 25 88
218 55 7 17
218 92 55 31
218 95 31 267
219 32 27 60
219 34 17 97
219 4 11 114
219 103 7 34
219 105 31 61
219 42 25 20
219 11 1 144
219 46 5 3
219 80 19 70
219 53 37 177
219 120 13 81
219 30 29 59
220 66 49 213
220 67 55 159
220 5 19 9
220 8 37 90
220 42 13 52
220 46 5 15
220 80 43 70
220 50 1 186
220 83 34 66
220 84 15 125
220 55 11 17
220 62 7 285
221 67 16 228
221 5 22 5
221 37 49 79
221 59 55 164
221 108 3 134
221 45 9 25
221 47 1 53
221 81 47 4
221 87 37 94
221 27 13 118
221 29 51 46
221 95 43 267
222 67 58 159
222 35 49 207
222 70 19 91
222 71 10 57
222 73 23 33
222 9 37 24
222 13 33 215
222 60 31 123
222 83 4 66
222 117 25 95
222 28 29 78
222 31 17 77
223 65 1 96
223 36 41 17
223 38 7 77
223 105 55 72
223 43 43 65
223 109 39 1
223 46 59 3
223 113 22 98
223 114 13 224
223 22 10 99
223 60 53 92
223 95 49 84
224 6 1 149
224 11 25 144
224 28 17 83
224 80 31 140
224 18 7 69
224 52 11 85
224 84 13 112
224 54 19 183
224 56 43 75
224 89 23 113
224 92 35 31
224 29 37 19
225 34 19 106
225 68 21 51
225 7 31 170
225 10 4 18
225 12 15 53
225 45 7 25
225 46 9 15
225 15 53 86
225 16 37 191
225 113 1 116
225 56 43 100
225 89 47 113
226 37 45 79
226 11 1 211
226 44 25 146
226 46 53 3
226 115 34 166
226 84 19 42
226 20 28 209
226 55 15 17
226 58 37 176
226 92 17 31
226 61 55 102
226 30 47 59
227 101 21 52
227 102 25 58
227 106 59 21
227 76 7 132
227 109 17 1
227 78 4 127
227 12 43 53
227 46 1 15
227 45 57 2
227 50 31 162
227 57 41 14
227 60 15 132
228 43 49 83
228 44 46 34
228 13 37 158
228 14 3 48
228 110 5 29
228 111 31 342
228 49 19 230
228 51 28 82
228 20 55 183
228 52 1 85
228 84 7 26
228 59 13 164
229 37 59 79
229 38 3 77
229 107 49 223
229 75 34 51
229 45 27 2
229 60 37 132
229 47 39 6
229 48 31 37
229 22 43 117
229 23 55 32
229 90 7 123
229 92 5 150
230 32 41 60
230 65 7 115
230 33 22 130
230 64 13 219
230 37 27 79
230 70 55 91
230 9 49 24
230 12 59 16
230 47 17 6
230 51 19 82
230 22 10 137
230 90 1 153
231 65 7 96
231 34 21 97
231 40 13 128
231 41 25 80
231 9 4 27
231 80 43 160
231 116 19 7
231 22 49 154
231 118 55 165
231 57 17 14
231 30 39 59
231 63 31 152
232 36 43 17
232 77 25 156
232 48 15 37
232 112 58 40
232 81 41 4
232 53 19 296
232 118 7 165
232 55 31 13
232 54 1 183
232 87 49 94
232 28 35 78
232 62 3 245
233 40 31 128
233 9 4 36
233 42 53 20
233 12 19 53
233 109 9 1
233 110 17 39
233 80 49 160
233 49 25 201
233 19 29 24
233 86 22 63
233 88 37 120
233 28 11 83
234 96 7 120
234 104 31 23
234 10 1 11
234 11 43 191
234 12 27 16
234 78 37 127
234 92 23 97
234 83 55 66
234 20 52 183
234 54 15 183
234 26 19 222
234 60 25 132
235 96 49 14
235 40 3 128
235 17 55 39
235 81 25 4
235 82 19 93
235 114 46 117
235 85 7 88
235 119 1 10
235 62 13 245
235 59 52 164
235 60 27 123
235 30 21 59
236 3 25 49
236 102 52 188
236 41 55 80
236 9 13 27
236 76 49 90
236 77 3 156
236 110 41 39
236 15 29 26
236 92 45 31
236 29 39 19
236 30 27 59
236 63 31 173
237 36 34 17
237 4 29 114
237 73 53 148
237 10 31 11
237 11 25 190
237 78 19 127
237 15 51 86
237 84 37 112
237 52 49 85
237 23 46 30
237 120 55 81
237 89 1 175
238 99 22 47
238 5 4 9
238 71 46 57
238 72 55 184
238 42 51 20
238 44 9 161
238 18 25 72
238 85 15 192
238 54 33 183
238 25 39 50
238 28 7 83
238 30 13 179
239 65 57 10
239 98 19 103
239 67 40 228
239 70 4 91
239 10 1 18
239 11 49 211
239 115 13 166
239 20 43 183
239 53 31 296
239 23 28 30
239 59 37 164
239 30 9 59
240 90 57 123
240 105 1 172
240 10 7 18
240 42 11 52
240 60 51 132
240 47 49 6
240 17 25 54
240 116 41 7
240 117 19 95
240 58 13 221
240 91 45 40
240 92 55 97
241 98 25 179
241 70 19 110
241 75 7 51
241 108 49 35
241 78 43 121
241 14 15 25
241 79 3 86
241 20 31 209
241 59 10 196
241 60 53 123
241 61 55 138
241 95 37 315
242 67 10 228
242 4 41 100
242 36 39 17
242 72 25 169
242 105 1 61
242 74 13 131
242 43 55 65
242 15 35 26
242 81 37 4
242 115 16 166
242 55 23 13
242 61 43 62
243 67 55 228
243 5 1 5
243 37 11 79
243 72 49 169
243 43 25 65
243 111 43 342
243 61 13 62
243 52 9 85
243 117 19 92
243 88 31 148
243 59 40 164
243 29 4 46
244 32 21 60
244 97 37 12
244 2 4 141
244 4 11 100
244 6 13 271
244 42 41 20
244 107 25 226
244 109 43 1
244 15 47 26
244 80 49 70
244 50 1 206
244 26 55 124
245 33 10 130
245 34 35 106
245 101 40 43
245 104 19 28
245 9 7 36
245 40 25 143
245 11 43 190
245 43 55 99
245 46 47 3
245 55 17 13
245 25 31 50
245 91 33 40
246 65 49 96
246 66 37 213
246 67 7 184
246 3 1 49
246 5 45 9
246 6 19 358
246 73 55 33
246 11 57 264
246 114 5 117
246 55 15 13
246 23 28 32
246 120 34 81
247 2 58 141
247 99 1 35
247 6 37 325
247 39 31 186
247 40 19 105
247 105 25 172
247 108 51 50
247 92 4 31
247 113 10 98
247 114 29 224
247 17 13 39
247 60 41 123
248 67 31 184
248 3 7 49
248 38 41 19
248 40 49 36
248 108 45 74
248 47 37 6
248 80 55 70
248 48 19 37
248 116 21 7
248 22 25 117
248 89 59 113
248 91 43 40
249 32 31 60
249 64 1 197
249 36 49 17
249 11 7 144
249 45 45 2
249 78 51 121
249 15 55 26
249 55 13 13
249 53 25 218
249 87 33 113
249 120 22 81
249 62 37 245
250 32 13 60
250 35 7 244
250 100 40 18
250 102 31 58
250 38 11 19
250 8 55 36
250 7 19 119
250 13 15 226
250 116 1 7
250 120 52 45
250 58 25 221
250 59 4 164
251 32 9 64
251 5 22 9
251 105 43 172
251 41 1 163
251 107 25 326
251 12 33 53
251 49 13 230
251 116 53 7
251 84 55 112
251 55 7 13
251 87 37 113
251 29 49 46
252 7 3 170
252 73 11 112
252 74 7 174
252 44 43 34
252 13 51 226
252 19 1 24
252 117 31 161
252 120 55 45
252 24 25 111
252 60 49 132
252 61 37 73
252 31 19 30
253 37 9 79
253 6 43 149
253 39 49 64
253 43 31 65
253 75 3 38
253 11 37 211
253 50 26 206
253 115 55 48
253 118 13 165
253 86 21 37
253 25 1 50
254 64 45 114
254 32 37 60
254 69 17 45
254 37 19 79
254 8 39 36
254 106 7 21
254 111 31 188
254 15 49 26
254 82 13 93
254 18 10 69
254 85 21 88
254 60 25 110
255 3 27 41
255 105 45 209
255 11 15 191
255 44 40 34
255 77 52 106
255 76 11 75
255 108 55 108
255 47 23 6
255 14 43 25
255 19 13 24
255 115 1 178
255 60 31 132
256 99 34 35
256 37 51 79
256 107 13 181
256 45 53 2
256 112 31 22
256 81 11 4
256 86 58 37
256 30 55 59
256 88 1 148
256 58 7 129
256 28 37 78
256 62 39 134
257 34 37 106
257 35 1 71
257 3 39 49
257 101 49 43
257 6 55 161
257 106 41 21
257 47 31 6
257 111 25 188
257 114 19 51
257 116 23 7
257 86 13 63
257 57 33 14
258 66 49 229
258 100 13 44
258 8 43 147
258 9 10 27
258 42 3 20
258 78 28 127
258 14 1 48
258 110 23 39
258 115 58 166
258 84 19 112
258 56 31 100
258 61 37 138
259 96 22 101
259 34 17 106
259 66 7 177
259 73 53 112
259 105 55 172
259 42 37 20
259 45 41 2
259 112 43 22
259 82 29 121
259 85 49 118
259 21 13 108
259 31 33 77
260 96 7 101
260 65 3 115
260 5 13 9
260 41 46 120
260 47 51 6
260 49 19 56
260 18 16 72
260 119 53 10
260 21 55 67
260 55 1 13
260 25 49 50
260 60 23 261
261 34 27 106
261 100 52 44
261 102 34 58
261 104 13 23
261 74 37 131
261 111 7 298
261 51 22 142
261 22 31 137
261 23 49 12
261 91 5 40
261 28 3 83
261 31 41 77
262 32 25 60
262 34 11 97
262 100 37 18
262 37 23 79
262 70 27 110
262 71 1 57
262 41 43 80
262 43 31 167
262 109 19 1
262 50 49 162
262 27 40 55
262 94 13 135
263 32 23 60
263 35 43 142
263 5 16 9
263 40 25 128
263 9 19 27
263 107 31 234
263 77 39 106
263 84 7 112
263 55 5 13
263 59 58 164
263 93 49 145
263 95 1 308
264 34 9 106
264 58 1 221
264 100 43 18
264 72 13 169
264 105 19 150
264 44 52 146
264 109 7 1
264 46 35 3
264 17 31 54
264 86 49 37
264 87 25 47
264 90 55 76
265 34 1 106
265 35 49 71
265 8 37 116
265 44 58 146
265 13 31 158
265 80 25 160
265 49 3 284
265 83 22 66
265 84 43 26
265 55 9 13
265 87 13 113
266 64 7 219
266 69 43 45
266 42 33 20
266 113 46 98
266 55 11 13
266 54 51 52
266 119 49 10
266 53 13 195
266 57 35 14
266 26 55 156
266 92 3 150
266 29 39 46
267 96 40 101
267 33 37 130
267 102 16 131
267 39 25 139
267 77 13 156
267 16 19 191
267 81 3 4
267 87 55 8
267 23 9 32
267 29 7 46
267 30 53 59
267 31 35 77
268 2 4 159
268 101 55 43
268 40 7 105
268 107 31 181
268 77 58 106
268 46 13 15
268 81 39 4
268 18 21 72
268 116 1 22
268 55 19 13
268 62 25 245
268 63 15 152
269 33 34 90
269 100 19 44
269 10 16 11
269 74 58 174
269 44 31 146
269 77 55 145
269 81 51 4
269 117 43 95
269 53 37 296
269 87 25 94
269 26 1 222
269 59 7 196
270 34 27 97
270 6 55 149
270 39 31 198
270 8 1 99
270 10 19 11
270 14 13 48
270 52 25 85
270 118 15 279
270 119 9 10
270 87 37 25
270 90 49 153
270 88 43 148
271 100 58 18
271 4 23 100
271 70 31 91
271 102 1 254
271 40 7 143
271 73 53 33
271 72 37 242
271 104 19 16
271 45 5 2
271 118 49 165
271 87 25 25
271 90 13 123
272 96 13 41
272 66 1 213
272 102 55 188
272 41 28 80
272 73 35 112
272 77 49 125
272 14 53 32
272 48 59 4
272 85 21 182
272 87 7 8
272 90 37 123
272 28 19 78
273 97 29 12
273 67 37 228
273 4 5 114
273 8 19 36
273 40 43 105
273 108 55 35
273 110 59 29
273 49 1 181
273 54 33 52
273 55 27 13
273 28 11 78
273 95 7 84
274 96 31 41
274 65 25 96
274 35 43 253
274 69 7 45
274 13 1 215
274 112 10 22
274 82 15 93
274 114 34 224
274 117 37 95
274 88 28 148
274 89 57 113
274 31 21 77
275 32 47 60
275 65 22 96
275 7 52 170
275 42 19 20
275 110 35 61
275 14 59 25
275 29 1 46
275 115 55 166
275 84 43 97
275 85 31 88
275 23 40 30
275 93 25 145
276 64 3 220
276 67 13 244
276 9 31 27
276 106 27 21
276 76 1 75
276 45 23 2
276 80 7 140
276 49 55 181
276 86 49 42
276 24 19 111
276 90 43 76
276 91 25 40
277 6 55 127
277 104 1 16
277 105 49 150
277 40 31 221
277 77 40 74
277 28 15 78
277 115 10 178
277 83 7 66
277 119 23 10
277 90 19 171
277 60 59 132
277 93 43 145
278 66 43 152
278 34 15 106
278 99 40 35
278 98 7 180
278 73 5 112
278 109 21 1
278 46 55 3
278 79 31 86
278 82 27 121
278 117 33 187
278 28 53 78
278 94 49 199
279 65 43 96
279 67 49 184
279 102 52 131
279 7 46 170
279 6 7 271
279 76 21 132
279 109 35 1
279 112 16 22
279 21 31 108
279 87 37 8
279 56 55 75
279 92 19 31
280 64 49 114
280 3 27 49
280 5 4 5
280 37 57 79
280 8 43 116
280 40 31 143
280 44 13 146
280 113 20 180
280 17 7 39
280 117 37 187
280 88 16 154
280 92 1 31
281 64 55 114
281 3 46 41
281 100 52 18
281 37 37 79
281 78 10 121
281 50 31 153
281 117 25 161
281 24 13 218
281 25 21 50
281 90 3 210
281 93 39 168
281 57 1 14
282 102 1 58
282 38 19 19
282 13 13 158
282 47 25 6
282 15 21 26
282 120 4 81
282 62 49 134
282 58 37 129
282 59 31 164
282 60 11 92
282 30 7 59
282 31 27 77
283 32 52 60
283 2 16 159
283 5 49 5
283 111 7 342
283 29 33 46
283 52 59 85
283 119 45 10
283 88 55 148
283 25 25 50
283 58 19 221
283 93 1 168
283 30 40 120
284 32 22 64
284 66 31 177
284 100 46 18
284 37 17 79
284 70 49 91
284 71 19 57
284 8 7 116
284 44 58 34
284 45 15 2
284 27 43 55
284 28 55 78
284 94 1 135
285 2 28 141
285 67 13 228
285 70 25 91
285 39 19 174
285 9 46 24
285 43 7 167
285 77 52 125
285 109 5 1
285 113 55 98
285 87 1 113
285 120 58 45
285 31 23 77
286 33 31 35
286 39 25 64
286 41 1 80
286 11 49 174
286 13 43 158
286 46 11 3
286 50 58 186
286 61 37 62
286 54 35 52
286 58 13 176
286 60 41 132
286 93 7 145
287 70 7 110
287 102 40 131
287 12 11 53
287 109 15 1
287 15 49 86
287 81 45 4
287 113 51 98
287 83 58 66
287 52 47 85
287 85 25 118
287 114 43 224
287 92 31 97
288 56 19 75
288 58 49 129
288 38 9 19
288 105 37 150
288 50 44 162
288 114 33 227
288 83 1 66
288 24 13 204
288 27 25 55
288 61 55 73
289 99 28 35
289 4 7 114
289 70 4 110
289 6 49 325
289 42 11 20
289 79 13 86
289 80 15 160
289 112 25 22
289 85 43 88
289 87 31 47
289 58 55 176
289 31 39 77
290 70 34 91
290 9 43 24
290 11 1 190
290 43 37 99
290 76 47 90
290 60 53 132
290 108 25 62
290 53 7 195
290 87 19 8
290 25 5 50
290 90 49 123
290 28 23 78
291 97 27 12
291 66 1 177
291 99 16 47
291 69 37 45
291 104 51 28
291 106 49 21
291 77 7 156
291 50 55 186
291 83 10 73
291 119 47 10
291 55 45 13
291 88 39 148
292 35 39 244
292 4 53 100
292 100 46 44
292 8 9 147
292 9 43 27
292 106 35 21
292 43 1 188
292 14 58 32
292 48 7 37
292 81 27 4
292 54 37 52
292 93 13 162
293 98 49 103
293 8 13 144
293 41 58 80
293 42 1 52
293 78 7 121
293 14 5 48
293 112 55 22
293 47 41 6
293 52 3 98
293 55 39 13
293 24 31 111
293 29 43 46
294 67 25 184
294 35 31 207
294 6 15 358
294 39 55 64
294 43 1 65
294 13 19 158
294 110 13 29
294 116 11 7
294 52 7 85
294 89 41 47
294 29 53 19
294 94 37 28
295 71 4 57
295 8 25 36
295 72 43 169
295 74 10 174
295 7 22 170
295 81 13 4
295 115 7 166
295 116 33 7
295 56 15 75
295 90 37 76
295 30 1 59
295 95 55 267
296 66 55 177
296 2 31 141
296 70 37 91
296 71 13 57
296 72 43 136
296 106 3 21
296 107 25 234
296 56 7 75
296 89 35 47
296 26 49 124
296 60 23 92
296 95 19 308
297 96 43 41
297 97 13 12
297 100 55 18
297 8 19 116
297 9 52 24
297 74 4 174
297 78 15 127
297 111 7 346
297 82 49 93
297 114 39 224
297 28 33 78
297 94 25 135
298 33 13 90
298 98 43 103
298 4 1 114
298 6 49 271
298 104 7 23
298 13 19 215
298 79 17 86
298 114 47 224
298 83 40 66
298 19 3 24
298 51 55 82
298 118 31 165
299 36 51 17
299 69 29 45
299 5 43 5
299 100 58 53
299 39 13 186
299 9 1 36
299 107 9 326
299 13 37 215
299 116 47 7
299 24 19 204
299 92 7 150
299 31 4 106
300 64 19 197
300 33 7 90
300 2 40 141
300 36 35 9
300 104 49 16
300 73 29 112
300 78 1 121
300 48 31 15
300 83 37 66
300 53 25 296
300 58 13 129
300 62 55 245
Trạng thái nghiệm: 1
Điểm tối ưu: 3579
Thời gian: 1013.5701 giây
