169
1 4 5 20
1 17 27 13
1 19 1 1
1 27 9 9
1 29 25 6
2 8 31 4
2 19 40 13
2 22 15 16
2 28 43 10
3 6 55 2
3 27 49 9
4 1 7 10
4 2 10 10
4 3 19 1
4 10 29 9
5 8 27 4
5 21 22 2
6 4 15 20
6 7 10 2
6 21 19 2
6 29 7 6
7 18 4 11
7 21 13 2
7 22 51 16
7 30 25 5
8 1 4 3
8 9 58 18
8 11 55 17
8 20 23 4
8 28 37 15
9 4 5 17
9 9 55 18
9 16 40 10
10 1 1 3
10 2 52 10
10 3 13 1
10 28 7 15
11 1 37 3
11 4 59 20
12 6 49 2
12 11 22 6
12 18 43 11
13 10 5 9
13 11 1 17
13 18 10 11
13 21 7 2
14 2 58 10
14 4 35 4
14 20 1 4
14 24 13 18
14 26 9 14
15 11 7 17
15 28 1 10
15 30 31 5
16 2 22 10
16 8 13 4
16 9 19 18
16 26 7 4
16 29 17 6
17 2 16 10
17 4 21 20
17 20 59 4
18 6 43 2
18 11 49 17
18 21 58 8
18 22 25 16
18 29 11 6
19 4 45 9
19 17 25 12
19 18 19 11
20 7 1 2
20 11 55 6
20 22 43 16
20 28 51 15
21 1 31 3
21 4 45 20
21 6 57 12
21 17 1 20
21 27 13 9
22 4 41 16
22 8 3 4
22 22 55 16
22 25 19 12
22 26 43 4
23 4 23 9
23 16 19 10
23 17 57 3
23 27 7 19
23 30 1 5
24 14 55 7
24 25 7 12
24 28 19 15
25 3 57 11
25 20 9 4
25 28 13 13
26 3 49 11
26 6 37 2
26 11 58 17
26 12 1 8
27 2 28 10
27 4 25 4
27 14 49 7
27 22 33 16
28 17 7 3
28 21 55 8
29 10 27 9
29 24 1 18
30 19 28 20
30 24 49 18
30 25 33 12
30 27 37 9
31 11 4 6
31 21 34 3
32 2 31 10
32 11 28 6
32 22 19 16
33 9 25 18
33 14 58 7
34 17 19 3
34 22 1 16
34 24 43 18
34 28 57 15
35 3 7 1
35 11 52 17
35 30 43 5
36 9 7 16
36 10 25 9
37 5 37 18
37 10 57 9
37 15 10 16
37 29 59 6
38 2 25 10
38 9 7 18
38 18 55 14
38 25 39 12
38 27 1 19
39 16 34 10
39 19 7 13
39 21 4 2
40 2 37 10
40 9 10 18
40 10 3 9
40 29 15 6
41 25 1 12
42 1 43 3
42 26 17 12
43 5 31 18
43 10 1 9
43 27 19 9
44 5 25 3
44 6 31 2
44 18 1 11
44 25 55 13
44 30 19 5
45 23 1 13
45 27 31 9
46 6 25 2
46 10 59 9
46 26 37 4
47 7 16 2
47 28 25 15
47 30 55 5
48 1 13 10
48 18 58 14
49 8 19 4
49 22 37 16
49 23 49 13
50 6 43 12
50 16 55 10
Trạng thái nghiệm: 0
Điểm tối ưu: 169
Thời gian: 3.8565 giây
