574
1 3 3 33
1 4 7 20
1 5 1 16
1 6 11 13
1 7 13 2
1 10 19 19
1 12 15 5
1 13 25 7
1 16 27 7
1 17 29 1
1 18 22 11
1 19 31 1
2 2 5 16
2 3 7 33
2 4 19 20
2 8 13 33
2 9 1 35
2 10 25 40
2 11 31 66
2 14 28 47
2 16 11 7
2 17 17 74
2 18 37 66
2 19 3 72
3 3 19 33
3 4 25 20
3 5 9 16
3 7 1 72
3 8 16 33
3 9 3 35
3 11 43 66
3 14 31 47
3 15 7 71
3 16 13 7
3 18 40 66
3 19 5 72
4 4 1 20
4 5 11 16
4 7 7 72
4 11 49 66
4 12 13 40
4 13 17 7
4 14 25 47
4 16 19 7
4 17 21 74
4 18 28 66
4 19 9 72
4 20 5 63
5 3 25 33
5 5 3 16
5 8 31 33
5 9 5 35
5 10 7 40
5 11 55 66
5 12 19 40
5 14 34 47
5 16 15 7
5 17 11 74
5 18 37 11
5 20 1 63
6 5 15 16
6 6 17 40
6 7 11 72
6 9 7 35
6 10 28 40
6 12 31 40
6 13 5 7
6 14 19 47
6 15 1 71
6 17 9 74
6 19 13 72
6 20 3 63
7 2 7 16
7 3 37 33
7 4 31 20
7 5 13 16
7 7 15 72
7 9 9 35
7 10 43 40
7 12 49 40
7 15 3 71
7 17 1 74
7 18 19 66
7 19 17 72
8 3 43 33
8 4 13 20
8 7 19 72
8 10 1 40
8 12 37 40
8 13 9 7
8 14 49 47
8 15 5 71
8 17 23 74
8 18 25 66
8 19 21 72
8 20 7 63
9 3 49 33
9 4 37 20
9 6 41 40
9 7 23 72
9 8 34 33
9 11 13 66
9 12 55 40
9 13 1 7
9 14 7 47
9 16 3 7
9 17 5 74
9 19 25 72
10 3 55 33
10 5 17 16
10 6 23 40
10 7 27 72
10 8 1 47
10 10 4 40
10 12 13 64
10 13 7 7
10 14 37 47
10 16 21 7
10 19 29 72
10 20 9 63
11 2 19 16
11 3 13 35
11 5 21 16
11 6 35 40
11 9 11 35
11 10 46 40
11 11 25 56
11 12 1 64
11 13 23 7
11 15 9 71
11 19 31 72
11 20 17 63
12 4 43 20
12 5 23 16
12 6 53 40
12 8 40 47
12 9 17 35
12 10 13 19
12 11 19 56
12 12 7 64
12 13 29 7
12 15 11 71
12 17 3 74
12 19 33 72
13 2 25 16
13 3 19 35
13 4 49 20
13 5 27 16
13 6 59 40
13 8 4 47
13 9 23 35
13 10 10 40
13 14 16 47
13 15 13 71
13 16 31 7
13 19 35 72
14 2 31 16
14 3 25 35
14 5 33 16
14 6 1 13
14 7 37 72
14 8 10 47
14 9 29 35
14 11 43 56
14 12 19 64
14 13 35 7
14 15 15 71
14 17 7 74
15 2 29 16
15 3 31 35
15 4 55 20
15 6 3 13
15 8 13 47
15 9 35 35
15 10 7 19
15 15 17 71
15 16 37 7
15 18 22 66
15 19 39 72
15 20 11 63
16 3 37 35
16 4 1 37
16 5 35 16
16 6 5 13
16 7 43 72
16 9 41 35
16 10 10 19
16 12 25 64
16 13 33 7
16 18 7 66
16 19 45 72
16 20 13 63
17 4 7 37
17 5 37 16
17 8 22 47
17 9 43 35
17 11 1 66
17 12 31 64
17 13 39 7
17 14 52 47
17 15 19 71
17 16 45 7
17 17 13 74
17 19 41 72
18 2 39 16
18 3 45 35
18 5 41 16
18 6 7 13
18 7 51 72
18 8 4 70
18 9 49 35
18 12 55 64
18 14 1 32
18 16 43 7
18 17 15 74
18 18 10 66
19 2 43 16
19 3 51 35
19 5 45 16
19 6 9 13
19 10 1 19
19 11 31 56
19 12 37 64
19 15 21 71
19 16 41 7
19 17 19 74
19 18 4 11
19 20 15 63
20 2 49 16
20 3 55 35
20 4 13 37
20 9 59 35
20 10 4 19
20 12 43 64
20 13 51 7
20 15 23 71
20 16 53 7
20 17 25 74
20 18 1 11
20 19 47 72
21 3 1 38
21 5 47 16
21 6 13 13
21 7 49 72
21 9 11 32
21 10 16 19
21 12 7 5
21 13 55 7
21 15 25 71
21 16 57 7
21 18 28 11
21 20 19 63
22 5 51 16
22 6 15 13
22 8 43 47
22 9 7 32
22 10 31 19
22 12 1 5
22 13 47 7
22 14 55 47
22 15 27 71
22 16 49 7
22 17 29 74
22 20 21 63
23 2 55 16
23 4 19 37
23 6 17 13
23 7 53 72
23 11 1 56
23 12 49 64
23 13 59 7
23 14 46 47
23 15 29 71
23 16 5 66
23 17 27 74
23 18 7 11
24 3 7 38
24 4 25 37
24 5 53 16
24 6 19 13
24 7 55 72
24 9 13 32
24 10 37 19
24 13 5 64
24 15 31 71
24 17 33 74
24 19 57 72
24 20 23 63
25 4 31 37
25 5 57 16
25 6 21 13
25 8 1 70
25 9 9 32
25 11 37 56
25 12 25 5
25 13 11 64
25 14 4 32
25 16 17 66
25 18 13 11
25 19 59 72
26 2 59 16
26 4 37 37
26 6 23 13
26 7 1 2
26 8 7 70
26 11 13 56
26 13 17 64
26 15 33 71
26 16 35 66
26 18 10 11
26 19 5 5
26 20 25 63
27 2 1 59
27 5 3 59
27 6 25 13
27 7 5 2
27 8 58 47
27 9 15 32
27 12 19 5
27 13 23 64
27 14 34 32
27 17 31 74
27 19 11 5
27 20 27 63
28 2 5 59
28 4 43 37
28 5 7 59
28 7 3 2
28 8 10 70
28 10 22 19
28 11 49 56
28 14 19 32
28 16 47 66
28 17 35 74
28 19 13 5
28 20 29 63
29 2 9 59
29 3 13 38
29 4 49 37
29 5 11 59
29 8 19 70
29 10 25 19
29 11 55 56
29 13 29 64
29 14 22 32
29 16 53 66
29 17 37 74
29 20 31 63
30 5 13 59
30 6 27 13
30 7 7 2
30 9 17 32
30 10 43 19
30 12 31 5
30 13 41 64
30 15 35 71
30 16 59 66
30 18 19 11
30 19 23 5
31 2 15 59
31 5 17 59
31 7 9 2
31 8 22 70
31 9 25 32
31 13 35 64
31 15 37 71
31 16 1 8
31 17 39 74
31 18 43 11
31 20 33 63
32 2 19 59
32 4 55 37
32 5 21 59
32 6 29 13
32 11 7 56
32 12 37 5
32 13 47 64
32 14 31 32
32 17 41 74
32 18 16 11
32 19 43 5
32 20 35 63
33 2 23 59
33 4 1 39
33 5 25 59
33 6 31 13
33 10 28 19
33 12 45 5
33 13 53 64
33 14 49 32
33 16 5 8
33 17 43 74
33 18 34 11
33 20 37 63
34 2 27 59
34 5 29 59
34 7 11 2
34 9 37 32
34 10 34 19
34 12 49 5
34 13 59 64
34 14 55 32
34 17 45 74
34 18 31 11
34 19 41 5
34 20 39 63
35 3 19 38
35 4 7 39
35 7 15 2
35 8 31 70
35 9 27 32
35 10 46 19
35 12 55 5
35 13 1 15
35 14 43 32
35 15 39 71
35 16 3 8
35 20 41 63
36 3 25 38
36 5 31 59
36 6 33 13
36 7 17 2
36 12 1 62
36 14 52 32
36 15 41 71
36 16 7 8
36 17 47 74
36 19 29 5
36 20 43 63
37 5 33 59
37 7 19 2
37 8 13 70
37 9 29 32
37 12 39 32
37 13 3 15
37 14 58 32
37 15 43 71
37 18 25 11
37 19 35 5
37 20 45 63
38 2 35 59
38 3 31 38
38 5 37 59
38 6 39 13
38 7 21 2
38 8 16 70
38 9 1 30
38 12 7 62
38 13 5 15
38 14 46 32
38 16 11 8
38 18 49 11
39 2 41 59
39 3 37 38
39 4 13 39
39 7 23 2
39 9 3 30
39 12 19 62
39 13 7 15
39 15 45 71
39 18 55 11
39 19 53 5
39 20 47 63
40 2 39 59
40 5 43 59
40 6 35 13
40 8 25 70
40 9 5 30
40 10 52 19
40 12 13 62
40 16 9 8
40 17 49 74
40 18 46 11
40 19 59 5
41 2 51 59
41 3 43 38
41 4 19 39
41 6 37 13
41 8 34 70
41 9 7 30
41 12 25 62
41 13 9 15
41 14 1 10
41 15 47 71
41 17 53 74
41 20 49 63
42 2 45 59
42 3 49 38
42 4 25 39
42 5 47 59
42 7 29 2
42 8 37 70
42 9 9 30
42 15 53 71
42 16 13 8
42 17 55 74
42 18 40 11
43 2 53 59
43 3 55 38
43 4 31 39
43 5 59 59
43 6 41 13
43 7 25 2
43 9 11 30
43 14 4 10
43 15 49 71
43 19 1 1
43 20 51 63
44 2 49 59
44 4 37 39
44 5 55 59
44 6 43 13
44 7 27 2
44 8 46 70
44 9 13 30
44 12 31 62
44 16 15 8
44 18 52 11
44 19 3 1
45 3 1 53
45 4 43 39
45 5 57 59
45 7 31 2
45 8 28 70
45 9 15 30
45 13 11 15
45 14 7 10
45 17 51 74
45 20 53 63
46 3 7 53
46 6 45 13
46 7 33 2
46 10 40 19
46 12 57 62
46 14 13 10
46 15 51 71
46 16 17 8
46 19 5 1
46 20 55 63
47 2 1 17
47 6 47 13
47 8 43 70
47 9 17 30
47 10 49 19
47 12 37 62
47 13 13 15
47 16 19 8
47 17 59 74
47 20 57 63
48 2 3 17
48 3 13 53
48 6 49 13
48 8 40 70
48 12 43 62
48 14 10 10
48 15 55 71
48 20 59 63
49 3 19 53
49 6 51 13
49 7 35 2
49 13 15 15
49 14 25 10
49 15 57 71
49 17 1 51
49 19 7 1
50 2 5 17
50 3 25 53
50 4 49 39
50 6 53 13
50 7 37 2
50 14 16 10
50 15 59 71
50 16 21 8
50 19 9 1
Trạng thái nghiệm: 1
Điểm tối ưu: 574
Thời gian: 1000.3184 giây
