2359
1 3 43 25
1 36 23 28
1 67 46 121
1 39 55 243
1 74 40 76
1 11 31 25
1 46 3 89
1 79 19 257
1 51 49 243
1 57 13 65
1 58 7 129
1 29 37 7
2 4 55 108
2 68 41 24
2 38 7 162
2 39 37 243
2 44 33 107
2 78 49 251
2 47 1 131
2 19 31 4
2 52 45 243
2 24 59 83
2 27 43 22
2 30 21 52
3 33 55 251
3 65 37 251
3 4 25 56
3 71 7 100
3 40 19 192
3 72 5 9
3 73 49 130
3 75 32 117
3 45 45 34
3 55 59 88
3 25 15 11
3 62 1 54
4 68 58 24
4 41 40 50
4 74 13 76
4 15 34 58
4 48 47 41
4 51 19 140
4 22 1 82
4 55 9 91
4 25 45 11
4 58 49 129
4 29 55 7
4 62 28 54
5 66 31 251
5 70 1 160
5 39 55 92
5 72 19 9
5 43 13 8
5 76 7 59
5 50 45 38
5 21 38 129
5 55 15 88
5 57 49 38
5 58 21 268
5 62 25 12
6 2 4 10
6 4 31 108
6 36 21 28
6 8 55 25
6 41 43 50
6 75 7 219
6 11 49 25
6 14 46 130
6 51 37 130
6 52 59 21
6 58 25 129
6 62 1 115
7 64 5 45
7 66 43 251
7 36 3 28
7 38 31 86
7 75 41 74
7 44 13 107
7 77 55 38
7 14 15 130
7 47 7 183
7 46 19 31
7 18 28 49
7 21 25 165
8 64 19 45
8 66 13 119
8 36 55 4
8 69 57 299
8 39 9 102
8 13 49 299
8 78 31 121
8 48 3 41
8 18 52 30
8 50 7 115
8 59 37 25
8 61 41 71
9 33 7 251
9 67 56 121
9 35 45 53
9 70 33 55
9 74 16 76
9 75 3 117
9 48 31 41
9 51 49 140
9 55 39 88
9 25 43 11
9 26 25 23
9 29 28 7
10 32 7 1
10 65 43 181
10 5 3 73
10 69 37 299
10 73 55 130
10 10 15 239
10 49 19 38
10 52 5 21
10 53 25 64
10 23 10 18
10 55 13 88
10 59 31 151
11 32 49 1
11 33 25 251
11 2 13 10
11 66 1 145
11 36 17 28
11 69 55 105
11 15 40 51
11 80 43 66
11 48 23 41
11 22 31 43
11 59 19 152
11 30 9 52
12 65 1 181
12 36 17 32
12 5 57 73
12 7 45 29
12 72 55 9
12 41 25 50
12 10 13 189
12 43 43 8
12 56 49 121
12 24 53 83
12 29 40 7
12 62 7 54
13 32 31 1
13 67 38 121
13 68 1 24
13 4 13 39
13 6 7 33
13 9 17 25
13 10 9 117
13 56 55 141
13 57 3 27
13 59 49 23
13 60 35 54
13 63 25 154
14 64 11 45
14 65 19 57
14 67 49 252
14 76 16 59
14 45 7 34
14 12 58 19
14 44 1 107
14 50 23 38
14 51 31 130
14 53 3 161
14 57 25 42
14 60 29 56
15 35 49 6
15 12 37 36
15 45 31 34
15 46 33 74
15 15 28 58
15 49 43 135
15 17 9 15
15 52 52 21
15 26 57 23
15 61 55 71
15 62 22 54
15 63 1 279
16 66 7 97
16 9 51 117
16 74 4 76
16 43 35 8
16 41 1 50
16 77 13 116
16 14 58 214
16 46 31 46
16 21 55 129
16 28 29 44
16 61 17 71
16 31 27 2
17 65 31 181
17 66 25 97
17 68 17 24
17 39 1 66
17 14 37 141
17 48 10 41
17 80 13 25
17 16 51 120
17 51 55 133
17 20 7 16
17 53 19 64
17 54 43 129
18 65 25 181
18 37 35 47
18 6 17 33
18 7 49 87
18 12 31 32
18 76 19 84
18 78 1 251
18 44 15 107
18 80 55 74
18 15 10 51
18 23 40 18
18 57 43 52
19 35 55 56
19 68 51 24
19 6 35 33
19 43 53 8
19 48 45 41
19 16 49 120
19 19 1 4
19 20 10 17
19 54 19 91
19 24 40 83
19 59 25 152
19 62 13 115
20 64 15 45
20 5 25 73
20 6 13 33
20 39 31 79
20 40 9 163
20 18 40 30
20 51 49 133
20 52 43 21
20 55 7 88
20 58 55 252
20 27 45 22
20 60 23 56
21 3 49 61
21 68 3 24
21 6 15 33
21 9 53 25
21 41 19 50
21 11 25 122
21 44 7 107
21 78 55 239
21 80 31 66
21 57 37 42
21 58 43 252
21 63 9 279
22 66 3 97
22 36 57 4
22 10 45 146
22 75 41 43
22 44 17 107
22 77 49 75
22 79 10 257
22 48 19 41
22 15 21 58
22 21 31 129
22 55 43 1
22 28 37 44
23 32 43 81
23 2 1 32
23 10 13 258
23 75 31 74
23 80 7 106
23 48 51 41
23 24 55 83
23 25 39 11
23 56 25 205
23 27 47 22
23 29 19 13
23 62 58 54
24 67 4 208
24 37 39 47
24 9 57 117
24 41 34 50
24 11 49 122
24 43 59 8
24 45 53 34
24 42 1 30
24 52 27 21
24 27 55 22
24 29 7 7
24 30 11 52
25 66 49 97
25 4 45 56
25 39 55 53
25 40 13 163
25 71 40 62
25 72 43 9
25 75 19 69
25 43 29 8
25 77 21 123
25 79 1 257
25 63 25 169
25 31 35 2
26 65 43 57
26 5 1 73
26 8 7 147
26 41 55 49
26 10 31 189
26 11 27 68
26 40 49 5
26 78 19 121
26 15 4 51
26 23 16 18
26 27 25 22
26 30 13 44
27 35 19 6
27 71 28 62
27 8 13 147
27 73 55 261
27 40 31 5
27 9 41 117
27 13 4 26
27 47 37 214
27 80 7 60
27 17 1 15
27 23 22 18
27 58 49 103
28 35 55 6
28 4 43 132
28 37 21 47
28 38 52 147
28 6 49 33
28 79 31 78
28 50 25 38
28 19 7 4
28 56 39 205
28 57 27 65
28 27 15 22
28 31 37 2
29 64 7 61
29 67 25 208
29 68 1 89
29 6 57 33
29 42 9 3
29 12 16 89
29 48 39 58
29 17 43 15
29 18 22 55
29 55 3 91
29 23 13 80
29 29 46 13
30 64 25 45
30 32 40 1
30 35 22 53
30 39 49 92
30 8 13 200
30 40 33 163
30 42 31 3
30 43 27 8
30 75 59 43
30 78 1 137
30 15 43 51
30 56 55 205
31 32 10 1
31 67 7 208
31 36 15 28
31 5 17 73
31 71 25 62
31 77 1 75
31 80 19 25
31 17 23 15
31 51 49 276
31 55 35 88
31 26 28 23
32 2 40 10
32 34 7 165
32 37 57 47
32 7 13 87
32 11 1 113
32 12 52 32
32 80 31 67
32 20 46 16
32 23 49 18
32 58 19 252
32 61 37 71
32 31 23 2
33 2 34 10
33 35 43 6
33 40 37 163
33 9 52 47
33 75 5 43
33 44 41 107
33 43 1 8
33 79 13 78
33 56 19 205
33 57 7 65
33 27 57 22
33 62 49 53
34 2 19 10
34 67 40 208
34 34 37 80
34 3 4 36
34 71 13 62
34 74 55 69
34 45 35 34
34 14 45 47
34 47 49 183
34 78 25 134
34 23 58 18
34 60 17 56
35 4 13 132
35 37 41 47
35 38 1 162
35 74 10 76
35 11 43 136
35 76 37 84
35 46 31 54
35 48 17 41
35 18 19 49
35 19 27 4
35 52 29 21
35 55 5 91
36 2 46 10
36 5 23 73
36 73 55 195
36 10 19 146
36 13 16 26
36 79 37 78
36 49 31 104
36 20 1 17
36 54 25 91
36 55 29 88
36 57 7 42
36 25 13 11
37 2 43 10
37 68 21 24
37 70 1 125
37 40 7 177
37 76 49 59
37 12 58 32
37 14 28 141
37 53 37 161
37 21 13 165
37 54 25 193
37 29 16 7
37 62 46 12
38 66 19 97
38 4 1 39
38 69 43 85
38 7 25 20
38 75 17 5
38 77 37 75
38 53 13 64
38 54 31 193
38 56 49 177
38 57 7 27
38 26 5 23
38 59 55 152
39 64 59 45
39 2 7 32
39 5 55 73
39 42 57 3
39 12 13 36
39 45 10 39
39 52 49 21
39 21 16 96
39 23 1 80
39 55 47 88
39 26 37 23
39 29 4 7
40 69 19 85
40 39 37 79
40 7 49 29
40 41 46 49
40 10 25 146
40 75 57 5
40 74 13 69
40 77 7 174
40 13 31 84
40 47 1 214
40 62 34 12
40 31 5 2
41 36 53 4
41 73 43 261
41 75 47 43
41 11 55 68
41 76 7 84
41 45 27 34
41 12 40 32
41 48 33 41
41 52 31 21
41 56 19 173
41 58 1 223
41 59 13 151
42 32 10 81
42 2 28 10
42 40 19 177
42 42 1 3
42 11 55 122
42 46 37 46
42 79 13 257
42 52 34 21
42 23 31 18
42 26 45 23
42 28 5 83
42 61 49 71
43 33 13 251
43 66 19 119
43 70 25 55
43 40 55 119
43 74 10 69
43 76 37 59
43 17 7 15
43 49 49 135
43 20 34 16
43 55 23 88
43 23 43 18
43 63 1 297
44 3 16 36
44 71 22 62
44 40 1 102
44 73 55 186
44 75 59 74
44 76 19 59
44 45 5 34
44 12 34 32
44 15 7 51
44 49 25 104
44 18 31 30
44 54 46 91
45 2 10 10
45 34 43 80
45 35 25 6
45 69 49 144
45 8 37 200
45 44 21 107
45 13 34 26
45 14 13 141
45 79 16 257
45 80 1 67
45 49 55 104
45 61 5 71
46 65 7 181
46 67 25 211
46 40 55 163
46 42 23 3
46 74 46 69
46 78 19 155
46 46 49 46
46 80 13 67
46 53 31 149
46 24 35 83
46 57 37 52
46 29 28 13
47 67 49 208
47 68 23 24
47 4 37 108
47 8 55 200
47 74 34 69
47 75 25 69
47 12 46 32
47 13 52 84
47 15 7 58
47 16 11 120
47 17 3 15
47 60 5 124
48 66 31 97
48 3 10 36
48 67 22 211
48 7 37 29
48 8 25 147
48 75 43 74
48 13 19 26
48 57 13 27
48 59 45 152
48 28 4 44
48 61 7 71
48 62 1 12
49 68 37 24
49 5 19 73
49 38 10 86
49 69 43 63
49 73 3 186
49 10 55 123
49 45 21 34
49 15 34 51
49 18 49 30
49 51 13 133
49 55 1 1
49 24 28 83
50 64 21 45
50 67 4 211
50 36 19 28
50 68 35 24
50 71 37 99
50 27 51 22
50 41 28 50
50 46 31 31
50 21 58 96
50 55 17 88
50 59 7 151
50 29 13 13
51 70 51 77
51 41 58 49
51 74 40 69
51 45 49 34
51 46 45 74
51 80 1 106
51 19 43 4
51 21 10 165
51 25 31 11
51 26 21 23
51 27 19 22
51 60 27 124
52 40 25 163
52 10 49 146
52 11 37 113
52 45 1 34
52 16 31 120
52 18 19 30
52 23 4 18
52 27 11 79
52 28 45 44
52 61 23 71
52 30 15 44
52 63 55 154
53 35 28 6
53 67 55 208
53 10 13 123
53 11 31 68
53 13 43 84
53 46 49 31
53 14 19 178
53 48 5 41
53 21 25 96
53 56 37 177
53 25 3 11
53 26 9 23
54 2 49 10
54 35 52 53
54 68 55 24
54 36 59 28
54 69 13 63
54 71 1 99
54 43 46 8
54 47 7 131
54 54 4 129
54 56 25 177
54 57 31 27
54 29 43 7
55 64 23 45
55 71 13 99
55 8 7 214
55 40 37 102
55 10 43 159
55 43 51 2
55 45 55 34
55 80 57 67
55 49 1 135
55 17 19 15
55 27 17 22
55 62 25 54
56 32 25 1
56 34 34 80
56 37 7 47
56 40 43 119
56 43 55 2
56 12 22 32
56 11 13 122
56 16 9 120
56 80 1 25
56 54 58 129
56 59 37 170
57 66 37 119
57 4 55 39
57 69 25 105
57 7 19 148
57 39 49 79
57 9 9 169
57 12 43 19
57 53 13 161
57 23 1 18
57 27 11 22
57 31 7 2
58 32 1 81
58 68 31 24
58 36 51 4
58 73 43 195
58 10 37 159
58 11 7 122
58 76 58 59
58 13 34 99
58 18 55 30
58 54 22 91
58 55 41 14
58 62 28 12
59 66 19 145
59 68 28 24
59 37 33 47
59 70 49 37
59 72 15 9
59 75 5 74
59 11 43 68
59 18 25 30
59 54 37 193
59 24 47 83
59 59 1 170
59 28 9 44
60 66 37 145
60 6 43 33
60 70 31 77
60 75 49 43
60 43 55 13
60 77 45 165
60 45 57 34
60 19 21 4
60 20 13 17
60 53 7 173
60 22 25 43
60 54 4 193
61 33 19 251
61 34 49 80
61 65 1 57
61 36 31 28
61 6 37 33
61 42 35 3
61 75 53 74
61 44 29 107
61 11 39 68
61 15 25 58
61 52 47 21
61 57 43 27
62 38 28 86
62 72 25 9
62 59 13 152
62 10 7 189
62 42 53 3
62 77 43 116
62 15 1 58
62 18 31 49
62 20 40 16
62 58 49 223
62 27 23 79
62 28 57 44
63 35 1 6
63 71 49 62
63 8 13 214
63 73 25 261
63 74 31 69
63 11 19 113
63 13 46 84
63 79 52 78
63 80 7 67
63 20 58 16
63 56 37 173
63 28 35 44
64 32 37 1
64 65 49 181
64 4 25 132
64 37 13 47
64 72 9 9
64 15 22 51
64 16 17 120
64 50 1 38
64 18 46 30
64 21 31 96
64 24 43 83
64 63 55 169
65 34 40 80
65 2 31 10
65 37 43 47
65 39 19 79
65 42 29 3
65 12 37 32
65 17 35 15
65 50 23 115
65 54 13 91
65 59 7 90
65 28 11 44
66 3 57 36
66 35 34 6
66 69 13 105
66 43 49 2
66 44 31 107
66 15 4 58
66 49 7 104
66 22 51 43
66 25 29 11
66 27 17 79
66 28 55 44
66 63 19 154
67 64 39 45
67 34 7 143
67 35 51 19
67 46 19 74
67 14 1 141
67 48 37 41
67 47 55 217
67 49 13 135
67 23 10 80
67 29 34 13
67 30 17 52
67 31 29 2
68 5 29 73
68 6 23 33
68 39 43 102
68 8 51 200
68 41 37 50
68 75 1 117
68 45 47 34
68 15 13 58
68 48 25 41
68 80 19 106
68 27 59 22
68 28 49 44
69 32 19 1
69 34 22 143
69 69 49 85
69 70 1 37
69 40 25 5
69 8 43 147
69 16 47 120
69 49 7 38
69 53 13 149
69 55 17 91
69 26 11 23
69 27 5 22
70 34 19 80
70 38 22 86
70 39 13 53
70 8 31 88
70 75 11 5
70 13 1 26
70 78 25 121
70 17 5 15
70 51 55 140
70 59 37 90
70 62 7 12
71 3 46 25
71 7 31 29
71 42 17 3
71 75 55 5
71 43 21 8
71 77 37 123
71 45 41 34
71 21 1 96
71 54 43 91
71 58 57 103
71 62 52 12
71 63 7 154
72 65 55 181
72 69 49 105
72 71 40 99
72 74 19 76
72 76 25 84
72 45 9 34
72 17 15 15
72 51 1 243
72 21 37 96
72 24 17 83
72 57 43 42
72 28 33 44
73 65 13 181
73 36 53 28
73 5 49 73
73 4 7 132
73 74 25 76
73 13 34 84
73 14 19 130
73 80 43 67
73 24 31 83
73 60 1 124
73 29 40 13
73 31 3 2
74 64 37 45
74 34 16 143
74 35 4 56
74 37 27 47
74 6 55 33
74 71 49 99
74 73 19 195
74 42 59 3
74 79 7 257
74 19 33 4
74 22 43 43
74 61 13 71
75 64 4 61
75 4 49 56
75 6 45 33
75 39 25 92
75 72 57 9
75 10 39 189
75 75 23 74
75 43 59 13
75 78 7 134
75 79 34 78
75 48 37 58
75 29 1 13
76 38 49 86
76 71 22 99
76 39 1 79
76 9 47 117
76 10 7 159
76 74 27 69
76 47 55 230
76 16 34 120
76 50 39 38
76 27 13 22
76 62 31 12
76 31 25 2
77 64 47 45
77 2 55 10
77 4 37 132
77 6 1 33
77 71 31 99
77 40 43 177
77 43 15 8
77 49 3 140
77 18 19 55
77 54 7 193
77 27 27 22
77 28 59 44
78 32 13 81
78 3 19 61
78 6 51 33
78 7 7 87
78 40 1 163
78 75 35 43
78 44 37 107
78 13 43 26
78 14 28 130
78 19 11 4
78 20 16 17
78 29 22 13
79 71 27 99
79 75 5 117
79 16 21 120
79 48 41 41
79 19 9 4
79 52 25 21
79 53 31 161
79 54 46 129
79 23 52 60
79 28 11 83
79 29 49 13
79 62 16 54
80 67 1 211
80 36 29 28
80 5 31 73
80 7 55 20
80 14 51 71
80 46 43 46
80 52 37 21
80 25 5 11
80 26 47 23
80 27 35 79
80 28 9 83
80 62 40 12
81 2 58 10
81 36 15 32
81 5 41 73
81 38 55 86
81 9 7 117
81 42 5 3
81 76 28 84
81 14 1 130
81 51 9 133
81 25 17 11
81 28 51 44
81 30 19 52
82 35 16 19
82 38 19 86
82 76 25 59
82 13 40 84
82 14 22 130
82 78 43 137
82 45 33 34
82 77 49 116
82 16 1 120
82 55 7 14
82 56 55 177
82 29 10 13
83 67 20 208
83 35 40 6
83 41 31 50
83 10 13 159
83 42 51 3
83 76 55 59
83 44 27 107
83 14 8 178
83 53 43 149
83 55 35 14
83 57 1 65
84 26 33 23
84 3 16 61
84 69 1 63
84 5 47 73
84 9 5 169
84 43 49 8
84 46 25 31
84 52 55 21
84 56 43 205
84 57 57 27
84 58 7 223
84 29 52 7
85 32 34 81
85 34 31 143
85 4 43 108
85 38 16 162
85 42 25 3
85 12 7 36
85 46 1 46
85 16 53 120
85 30 19 19
85 56 55 173
85 27 39 22
85 62 10 12
86 2 10 32
86 4 19 132
86 6 27 33
86 70 13 55
86 40 1 177
86 43 33 8
86 11 43 122
86 78 55 137
86 49 49 156
86 18 37 49
86 54 7 224
86 27 41 22
87 35 22 6
87 69 13 85
87 27 37 22
87 9 49 117
87 76 10 84
87 46 55 31
87 16 39 120
87 50 19 115
87 25 7 11
87 58 27 223
87 59 1 90
87 30 25 19
88 64 52 45
88 3 58 61
88 5 37 73
88 37 55 47
88 76 46 59
88 61 27 71
88 20 49 16
88 21 19 129
88 56 1 205
88 28 41 44
88 29 34 7
88 30 15 52
89 32 57 81
89 3 25 162
89 72 49 9
89 41 52 50
89 78 13 134
89 46 7 74
89 50 21 115
89 29 31 13
89 52 39 21
89 25 55 11
89 61 47 71
89 31 19 2
90 32 3 1
90 64 1 45
90 34 28 143
90 66 55 58
90 38 49 147
90 40 13 5
90 8 19 88
90 13 9 26
90 78 43 134
90 60 23 124
90 30 7 19
90 63 37 154
91 66 25 119
91 34 58 80
91 71 4 99
91 39 19 66
91 8 31 200
91 7 37 87
91 75 35 5
91 76 1 84
91 79 43 78
91 52 17 21
91 23 13 18
91 25 9 11
92 35 46 19
92 36 39 28
92 69 19 105
92 70 7 125
92 7 25 87
92 72 41 9
92 43 57 2
92 12 43 36
92 46 49 54
92 80 1 88
92 56 31 173
92 27 29 22
93 66 49 58
93 67 58 208
93 34 25 80
93 37 4 47
93 7 7 29
93 8 19 147
93 41 34 49
93 15 1 51
93 18 16 30
93 24 23 83
93 59 37 152
94 66 13 97
94 67 43 121
94 69 49 114
94 5 9 73
94 8 37 147
94 44 11 107
94 77 31 116
94 12 21 19
94 47 55 183
94 49 1 77
94 22 25 14
95 32 25 81
95 68 53 24
95 5 13 73
95 70 37 77
95 7 55 29
95 10 19 189
95 48 29 41
95 52 45 21
95 20 15 16
95 23 34 18
95 24 49 83
95 60 3 124
96 65 55 57
96 66 51 119
96 36 49 28
96 68 46 24
96 70 25 77
96 75 29 74
96 76 13 84
96 45 7 39
96 19 37 4
96 28 1 83
96 29 43 13
96 31 39 2
97 66 43 58
97 69 37 105
97 38 7 86
97 39 1 53
97 73 31 261
97 42 15 3
97 75 5 5
97 10 49 159
97 77 25 116
97 24 41 20
97 59 19 90
97 61 59 11
98 4 31 132
98 68 15 24
98 10 55 159
98 12 49 32
98 76 22 84
98 46 43 28
98 14 4 178
98 49 37 135
98 50 25 115
98 18 28 30
98 21 1 165
98 60 7 124
99 32 28 81
99 35 39 19
99 68 43 24
99 6 33 33
99 46 1 74
99 49 57 120
99 50 11 115
99 19 5 4
99 54 16 129
99 56 7 205
99 25 53 11
99 60 47 58
100 32 21 81
100 64 27 45
100 36 25 28
100 69 55 85
100 38 34 86
100 39 7 66
100 41 16 50
100 9 29 117
100 43 5 8
100 53 1 149
100 25 19 11
100 58 37 223
101 35 52 6
101 5 27 73
101 8 55 147
101 42 19 3
101 77 7 116
101 46 43 54
101 15 31 58
101 16 3 120
101 47 13 131
101 13 37 124
101 59 21 170
102 65 49 57
102 34 43 143
102 35 7 6
102 68 10 24
102 4 19 108
102 70 37 37
102 12 25 32
102 13 46 99
102 14 4 141
102 55 1 91
102 57 31 42
102 62 13 12
103 67 28 211
103 3 25 61
103 37 9 47
103 75 17 43
103 44 23 107
103 16 13 120
103 19 3 4
103 53 19 161
103 54 58 91
103 25 33 11
103 57 37 27
104 35 4 6
104 3 34 36
104 7 43 87
104 41 13 50
104 15 19 51
104 52 9 21
104 53 25 173
104 54 49 91
104 22 55 43
104 55 29 14
104 58 37 252
104 28 31 44
105 2 16 10
105 70 7 77
105 71 43 99
105 41 49 49
105 80 19 67
105 16 41 120
105 20 28 16
105 22 31 82
105 54 1 193
105 60 35 124
105 30 37 19
106 64 29 45
106 2 22 10
106 67 34 208
106 5 39 73
106 38 16 86
106 71 31 62
106 45 59 34
106 49 7 135
106 21 55 96
106 53 49 149
106 58 43 223
107 34 4 143
107 70 7 37
107 39 55 41
107 40 45 5
107 75 23 43
107 12 1 19
107 77 19 116
107 53 31 64
107 58 13 223
107 59 49 90
107 60 59 56
108 34 28 80
108 67 52 208
108 39 31 53
108 71 16 62
108 72 13 9
108 11 7 68
108 13 55 99
108 45 19 34
108 16 45 120
108 59 1 152
108 60 25 124
108 62 21 12
109 64 43 45
109 34 52 107
109 72 39 9
109 73 7 186
109 9 59 47
109 13 55 26
109 17 41 15
109 29 49 7
109 53 45 64
109 55 5 14
109 56 13 173
109 61 1 71
110 65 43 191
110 35 16 6
110 71 7 99
110 72 11 9
110 11 19 122
110 76 52 59
110 50 59 38
110 51 55 276
110 21 28 96
110 54 34 129
110 27 3 22
110 62 37 12
111 68 33 24
111 7 19 87
111 9 16 117
111 42 47 3
111 75 11 74
111 15 49 51
111 79 55 78
111 16 43 120
111 23 13 60
111 62 4 115
111 25 27 11
111 30 7 52
112 41 22 50
112 43 57 8
112 47 33 183
112 29 25 13
112 23 4 80
112 24 59 20
112 26 31 23
112 59 43 151
112 60 10 124
112 61 39 71
112 62 7 53
112 31 1 2
113 35 55 19
113 6 41 33
113 39 1 92
113 8 19 214
113 72 51 9
113 38 43 86
113 79 46 78
113 48 53 41
113 50 29 115
113 57 31 52
113 27 49 22
113 29 13 7
114 32 28 1
114 66 7 145
114 34 55 107
114 69 31 114
114 38 40 86
114 71 37 62
114 74 1 69
114 15 46 51
114 16 15 120
114 20 22 16
114 60 13 124
114 63 49 154
115 4 43 39
115 9 29 25
115 75 23 5
115 12 13 19
115 76 1 59
115 77 7 75
115 79 4 78
115 24 35 20
115 56 19 141
115 59 25 90
115 31 11 2
116 35 13 6
116 40 21 102
116 9 35 25
116 73 31 195
116 47 25 131
116 50 41 38
116 51 43 133
116 52 3 21
116 53 7 64
116 22 37 14
116 28 19 44
116 62 16 12
117 35 7 56
117 37 11 47
117 38 13 162
117 39 19 92
117 72 3 9
117 40 49 163
117 5 45 73
117 11 55 113
117 24 29 20
117 25 35 11
117 56 31 205
117 28 25 44
118 36 33 28
118 71 19 99
118 39 43 79
118 9 49 47
118 44 39 107
118 77 1 123
118 48 59 41
118 54 22 129
118 25 37 11
118 58 55 223
118 60 53 56
118 29 16 13
119 38 1 86
119 71 10 62
119 72 17 9
119 77 13 75
119 79 25 78
119 49 31 38
119 18 7 30
119 21 22 96
119 23 19 18
119 24 53 20
119 60 47 54
119 63 43 145
120 67 31 208
120 36 27 28
120 43 7 8
120 80 13 66
120 50 17 115
120 51 37 133
120 18 9 49
120 53 1 64
120 25 23 11
120 58 19 103
120 60 35 56
121 36 11 28
121 42 43 3
121 75 29 43
121 44 35 107
121 46 55 46
121 47 49 131
121 20 37 16
121 55 23 14
121 58 1 103
121 59 13 90
121 62 40 53
121 63 45 154
122 64 55 45
122 68 39 24
122 69 1 114
122 6 9 33
122 39 43 92
122 40 13 177
122 72 29 9
122 74 22 76
122 38 52 86
122 46 25 74
122 78 31 239
122 17 37 15
123 3 37 61
123 38 46 86
123 41 4 50
123 45 29 34
123 13 31 26
123 49 13 77
123 29 1 7
123 23 25 18
123 24 19 83
123 61 34 71
123 30 21 44
124 32 55 1
124 2 52 10
124 4 7 209
124 5 35 73
124 39 37 92
124 42 3 3
124 76 43 59
124 47 13 183
124 55 47 14
124 56 31 177
124 28 23 44
124 63 19 169
125 34 31 80
125 66 55 97
125 36 5 28
125 6 25 33
125 8 1 200
125 73 19 186
125 74 7 76
125 17 27 15
125 50 17 38
125 61 15 71
125 62 10 53
126 34 55 80
126 3 34 61
126 36 41 28
126 38 58 86
126 10 7 146
126 42 3 30
126 75 17 74
126 11 51 68
126 48 49 41
126 22 37 43
126 28 43 44
126 29 31 7
127 32 22 1
127 35 31 6
127 7 1 20
127 72 7 9
127 40 37 5
127 71 34 62
127 76 10 59
127 79 16 78
127 21 13 96
127 55 41 88
127 25 25 11
127 63 49 145
128 72 27 9
128 73 43 186
128 40 33 102
128 74 1 76
128 76 22 59
128 16 25 120
128 50 4 38
128 24 47 20
128 57 13 42
128 58 7 103
128 31 31 2
129 32 7 81
129 35 58 6
129 39 13 92
129 40 25 102
129 73 37 186
129 72 31 9
129 78 19 134
129 17 33 15
129 51 43 140
129 22 1 43
129 27 35 22
129 29 10 7
130 34 46 80
130 4 25 39
130 70 31 37
130 75 43 5
130 78 55 155
130 79 40 257
130 48 15 41
130 49 19 104
130 20 10 16
130 54 37 91
130 59 49 152
131 64 13 45
131 3 52 36
131 40 19 163
131 72 1 9
131 10 3 159
131 12 28 32
131 76 34 59
131 17 11 15
131 50 47 38
131 52 15 21
131 55 59 14
131 63 55 145
132 32 46 81
132 66 25 145
132 4 49 108
132 5 1 97
132 6 39 33
132 72 59 9
132 43 57 13
132 46 13 74
132 54 19 193
132 28 3 83
132 31 9 2
133 32 45 1
133 5 43 73
133 7 31 20
133 73 25 186
133 42 55 3
133 45 51 34
133 18 1 49
133 19 49 4
133 53 57 64
133 55 7 91
133 62 4 54
134 34 19 143
134 35 10 56
134 4 1 132
134 36 51 28
134 11 13 136
134 43 55 8
134 19 47 4
134 53 25 161
134 23 57 60
134 26 40 23
134 29 37 13
134 63 31 169
135 2 1 10
135 4 13 56
135 8 31 147
135 76 28 59
135 80 19 60
135 20 25 16
135 53 7 149
135 21 52 96
135 24 23 20
135 58 43 259
135 59 37 151
136 26 17 23
136 70 43 55
136 8 1 147
136 9 19 117
136 43 53 2
136 76 31 59
136 47 49 214
136 15 13 51
136 18 37 30
136 52 23 21
136 24 57 83
136 58 25 103
137 32 31 81
137 4 7 108
137 6 3 33
137 8 21 200
137 14 25 130
137 79 28 78
137 80 37 66
137 46 13 31
137 51 45 276
137 52 19 21
137 60 17 124
137 61 43 71
138 69 31 85
138 6 47 33
138 39 7 79
138 7 55 87
138 9 21 117
138 43 51 8
138 12 1 36
138 47 37 217
138 49 13 104
138 19 45 4
138 28 27 44
138 30 49 19
139 69 7 105
139 5 11 73
139 73 31 186
139 74 37 69
139 15 58 51
139 17 13 15
139 21 40 96
139 22 19 43
139 55 5 88
139 57 49 42
139 60 53 58
139 30 1 52
140 3 19 36
140 37 25 47
140 8 55 161
140 41 52 49
140 73 37 195
140 48 7 41
140 20 43 16
140 23 46 18
140 26 13 23
140 59 9 152
140 29 4 13
140 63 15 154
141 32 52 1
141 35 10 6
141 11 15 113
141 76 4 59
141 77 37 116
141 79 19 78
141 48 13 41
141 47 25 214
141 52 1 21
141 22 31 14
141 24 45 83
141 57 55 42
142 69 7 63
142 40 49 26
142 9 1 169
142 10 3 189
142 72 47 9
142 80 25 60
142 19 41 4
142 22 55 14
142 23 37 18
142 24 17 20
142 59 31 90
142 31 45 2
143 65 31 57
143 4 19 56
143 37 29 47
143 39 25 79
143 45 15 34
143 14 10 130
143 49 3 104
143 51 37 140
143 20 55 16
143 21 7 96
143 25 1 11
143 28 17 44
144 67 13 211
144 36 37 28
144 69 55 63
144 70 19 37
144 8 49 88
144 72 35 9
144 42 33 3
144 10 25 159
144 78 7 137
144 18 43 30
144 53 39 64
144 59 1 151
145 67 10 208
145 8 43 88
145 75 41 5
145 77 55 75
145 46 13 46
145 47 25 183
145 18 34 30
145 21 49 96
145 23 7 18
145 24 37 83
145 26 3 23
145 31 17 2
146 69 37 85
146 38 13 86
146 7 19 20
146 71 3 62
146 77 25 75
146 46 55 28
146 48 1 41
146 55 17 14
146 56 43 141
146 26 7 23
146 61 11 71
147 32 34 1
147 3 49 36
147 38 4 86
147 9 41 25
147 74 58 69
147 43 23 8
147 47 37 183
147 48 19 58
147 17 25 15
147 49 27 135
147 21 10 96
147 31 13 2
148 64 7 45
148 9 23 25
148 10 43 117
148 73 49 195
148 11 19 68
148 78 37 134
148 49 13 38
148 51 31 140
148 20 4 16
148 53 25 149
148 28 1 44
148 61 9 71
149 65 25 57
149 66 3 119
149 36 1 28
149 73 13 195
149 12 31 19
149 44 59 73
149 80 37 60
149 49 43 104
149 50 11 38
149 51 7 243
149 24 51 83
149 57 19 42
150 67 19 211
150 6 53 33
150 40 55 102
150 10 31 146
150 77 1 116
150 15 16 58
150 80 25 67
150 19 39 4
150 54 13 129
150 23 49 60
150 60 59 58
150 31 47 2
151 35 37 6
151 68 49 24
151 69 31 63
151 43 59 2
151 45 25 34
151 14 46 90
151 79 9 78
151 52 41 21
151 55 53 14
151 57 27 52
151 28 7 83
151 62 43 12
152 2 25 10
152 67 37 208
152 3 9 61
152 4 49 39
152 7 21 29
152 9 55 117
152 42 7 3
152 16 29 120
152 50 35 38
152 22 13 14
152 54 31 91
152 61 19 71
153 34 45 107
153 3 28 36
153 59 31 152
153 74 4 69
153 13 25 26
153 79 58 78
153 18 10 30
153 53 49 64
153 22 19 14
153 26 23 23
153 27 7 22
153 60 15 124
154 2 37 10
154 35 46 6
154 34 1 143
154 46 49 74
154 47 7 217
154 80 25 106
154 18 58 30
154 19 35 4
154 30 5 52
154 55 53 88
154 58 31 223
154 62 13 54
155 37 15 47
155 6 11 33
155 71 7 62
155 69 37 63
155 9 13 117
155 43 19 8
155 49 27 38
155 22 1 14
155 54 34 91
155 24 25 83
155 61 21 71
156 68 19 24
156 5 5 73
156 69 33 105
156 11 43 113
156 12 27 19
156 45 17 34
156 14 40 141
156 50 53 38
156 22 7 43
156 56 13 205
156 59 49 151
156 61 31 71
157 64 49 45
157 65 9 57
157 35 1 56
157 73 13 186
157 16 7 120
157 17 45 15
157 19 29 4
157 21 4 96
157 24 33 83
157 25 51 11
157 60 37 54
157 31 43 2
158 69 1 85
158 70 7 55
158 7 27 29
158 10 19 159
158 45 43 34
158 47 31 214
158 15 52 51
158 19 25 4
158 53 55 149
158 61 45 71
158 62 37 53
158 31 41 2
159 32 4 81
159 34 46 143
159 36 7 28
159 4 37 39
159 6 31 33
159 70 55 37
159 40 33 119
159 8 25 200
159 11 9 113
159 53 19 149
159 24 13 83
159 27 1 22
160 4 37 56
160 70 49 55
160 38 4 162
160 11 31 113
160 44 25 107
160 46 43 31
160 47 13 217
160 14 10 141
160 19 23 4
160 20 19 16
160 23 28 18
160 60 41 124
161 3 13 61
161 67 16 208
161 38 37 86
161 39 31 92
161 74 21 69
161 76 40 59
161 13 58 26
161 15 10 58
161 48 27 41
161 19 19 4
161 61 25 71
161 63 1 154
162 67 44 208
162 68 13 24
162 73 15 261
162 10 31 123
162 75 53 5
162 13 28 26
162 80 7 25
162 79 49 78
162 49 37 104
162 20 1 16
162 57 19 27
163 36 9 28
163 5 7 73
163 4 25 108
163 9 59 117
163 11 31 122
163 77 55 116
163 46 39 54
163 47 1 183
163 45 37 34
163 18 22 49
163 20 52 16
163 26 43 23
164 67 28 208
164 3 55 61
164 5 15 73
164 70 43 77
164 39 7 92
164 45 39 34
164 17 17 15
164 18 4 49
164 51 19 133
164 53 49 161
164 27 23 22
164 28 53 44
165 7 1 87
165 11 25 113
165 79 22 78
165 80 37 67
165 19 15 4
165 52 11 21
165 53 43 161
165 23 7 80
165 60 29 124
165 29 52 13
165 62 19 53
166 69 19 63
166 70 1 55
166 7 7 20
166 72 45 9
166 43 17 8
166 13 52 99
166 77 25 123
166 19 13 4
166 25 57 11
166 58 31 252
167 3 31 36
167 67 13 208
167 39 25 53
167 72 23 9
167 7 37 20
167 42 11 3
167 11 1 68
167 75 29 5
167 14 57 71
167 48 21 41
167 51 7 140
167 21 34 96
168 64 31 45
168 65 13 57
168 70 55 55
168 11 1 122
168 44 43 107
168 45 23 34
168 15 25 51
168 47 33 131
168 23 45 60
168 25 11 11
168 58 19 223
168 27 5 79
169 66 43 97
169 37 17 47
169 71 10 99
169 72 53 9
169 41 7 50
169 43 37 8
169 13 39 26
169 46 19 46
169 49 49 104
169 54 55 91
169 24 5 20
169 31 15 2
170 32 37 81
170 64 3 45
170 69 7 85
170 7 31 148
170 12 55 32
170 76 16 84
170 14 25 141
170 18 40 49
170 21 46 96
170 54 13 193
170 62 49 12
170 31 21 2
171 64 1 61
171 32 16 81
171 36 13 32
171 7 31 87
171 40 43 163
171 9 53 117
171 74 28 76
171 11 49 113
171 17 39 15
171 53 3 173
171 25 47 11
171 29 58 7
172 64 34 45
172 36 13 28
172 70 37 55
172 8 7 200
172 10 1 146
172 43 11 8
172 13 46 26
172 78 15 121
172 15 31 51
172 21 43 96
172 27 53 22
172 62 58 12
173 6 19 33
173 7 13 20
173 72 21 9
173 73 49 186
173 41 25 49
173 40 7 5
173 75 3 5
173 77 31 75
173 14 43 130
173 51 37 276
173 54 28 91
173 26 1 23
174 34 52 80
174 71 46 62
174 9 59 25
174 43 3 8
174 13 22 26
174 78 13 137
174 15 28 51
174 16 5 120
174 24 11 20
174 27 9 22
174 60 41 56
175 32 15 1
175 37 31 47
175 73 7 195
175 12 4 19
175 45 13 34
175 79 1 78
175 47 21 131
175 16 19 120
175 50 43 38
175 57 25 27
175 58 37 103
175 30 11 19
176 34 58 107
176 4 1 108
176 71 16 99
176 72 37 9
176 74 52 69
176 10 43 123
176 23 55 18
176 62 10 54
176 60 19 124
176 29 7 13
176 30 13 52
176 63 31 154
177 64 41 45
177 34 10 143
177 70 55 77
177 71 52 62
177 42 49 3
177 43 31 8
177 11 37 122
177 74 43 69
177 78 1 134
177 20 7 17
177 62 19 54
177 63 13 169
178 67 8 211
178 42 45 3
178 74 49 69
178 78 55 134
178 80 31 60
178 23 52 18
178 53 37 149
178 22 13 43
178 54 1 224
178 58 25 252
178 60 21 124
178 61 29 71
179 34 25 143
179 3 28 61
179 4 19 39
179 70 13 37
179 42 41 3
179 78 31 134
179 47 43 131
179 55 37 88
179 56 49 173
179 57 1 42
179 28 7 44
179 30 9 19
180 34 13 143
180 67 34 211
180 3 43 61
180 76 4 84
180 15 55 51
180 50 9 115
180 20 31 16
180 21 28 165
180 22 37 74
180 23 16 60
180 29 22 7
180 30 25 52
181 26 15 23
181 37 19 47
181 39 49 66
181 9 11 25
181 10 25 117
181 44 5 107
181 45 3 34
181 14 7 141
181 79 40 78
181 18 22 30
181 52 13 21
181 58 31 103
182 4 13 108
182 5 33 73
182 6 29 33
182 13 49 84
182 46 37 31
182 79 4 257
182 47 55 131
182 77 19 75
182 48 35 41
182 22 43 14
182 59 25 151
183 67 58 211
183 70 25 37
183 8 43 200
183 40 13 102
183 43 41 8
183 13 55 84
183 78 1 155
183 48 39 41
183 80 49 67
183 52 21 21
183 31 33 2
184 2 4 32
184 66 37 97
184 69 25 63
184 5 51 73
184 71 19 62
184 14 7 130
184 54 1 129
184 25 49 11
184 58 13 252
184 59 55 90
184 29 46 7
184 63 31 279
185 4 31 39
185 5 21 73
185 69 49 63
185 71 43 62
185 37 1 47
185 73 7 261
185 10 37 146
185 75 59 5
185 80 25 25
185 51 3 133
185 24 15 83
185 59 55 151
186 3 40 36
186 4 31 56
186 69 1 105
186 26 19 23
186 39 25 66
186 10 55 146
186 74 7 69
186 18 13 30
186 55 10 88
186 56 49 141
186 58 21 259
186 60 43 56
187 67 1 208
187 7 43 20
187 73 25 195
187 10 13 146
187 78 7 121
187 16 23 120
187 17 31 15
187 19 17 4
187 23 4 60
187 57 49 27
187 27 33 22
187 25 21 11
188 7 13 29
188 42 39 3
188 75 11 43
188 46 25 46
188 47 43 183
188 78 31 155
188 17 21 15
188 20 4 17
188 53 7 161
188 54 52 91
188 62 55 54
189 3 22 36
189 68 5 24
189 10 31 159
189 43 9 8
189 44 3 107
189 77 43 75
189 47 25 217
189 18 13 49
189 21 19 96
189 54 40 91
189 22 49 14
190 34 49 107
190 36 35 28
190 9 23 117
190 42 21 3
190 12 25 36
190 13 58 84
190 50 37 38
190 51 31 133
190 18 43 49
190 25 41 11
190 62 55 12
190 63 13 145
191 2 7 10
191 38 25 86
191 7 1 29
191 39 55 66
191 9 34 117
191 76 13 59
191 44 19 107
191 78 49 134
191 15 16 51
191 49 21 77
191 56 43 173
192 64 17 45
192 8 55 62
192 45 11 34
192 14 43 90
192 46 7 46
192 51 25 133
192 58 13 103
192 27 21 22
192 60 53 54
192 62 4 12
192 63 31 145
193 64 9 45
193 3 31 61
193 70 43 37
193 39 55 79
193 9 5 25
193 42 27 3
193 41 49 50
193 78 19 137
193 47 37 131
193 18 16 49
193 21 34 165
193 58 1 252
194 36 59 4
194 69 25 85
194 40 49 102
194 41 10 50
194 74 16 69
194 14 4 130
194 47 19 183
194 15 37 51
194 23 1 60
194 28 47 44
195 64 45 45
195 36 47 28
195 6 21 33
195 39 13 79
195 72 33 9
195 40 7 119
195 10 49 123
195 16 37 120
195 26 35 23
195 27 31 22
195 30 3 52
196 3 22 61
196 8 55 88
196 42 37 3
196 43 25 8
196 11 13 68
196 77 7 123
196 45 5 39
196 48 43 41
196 17 29 15
196 21 19 165
196 28 39 44
196 61 3 71
197 65 37 57
197 37 23 47
197 6 5 33
197 7 49 20
197 40 19 5
197 13 13 26
197 78 31 137
197 46 1 31
197 16 27 120
197 52 7 21
197 22 9 14
198 64 57 45
198 2 19 32
198 5 53 73
198 10 49 189
198 11 1 136
198 12 46 36
198 45 17 39
198 43 39 8
198 16 55 120
198 50 31 115
198 23 22 80
198 29 25 7
199 32 58 1
199 68 25 24
199 37 37 47
199 42 13 3
199 12 43 32
199 78 49 137
199 46 7 31
199 50 27 115
199 59 19 151
199 60 41 58
199 30 34 19
200 34 16 80
200 68 7 24
200 8 25 88
200 10 37 117
200 75 1 5
200 44 9 107
200 78 3 121
200 55 13 1
200 56 31 141
200 58 43 103
200 29 19 7
Trạng thái nghiệm: 1
Điểm tối ưu: 2359
Thời gian: 1004.8154 giây
