2337
1 64 27 5
1 38 46 176
1 11 33 255
1 12 55 172
1 45 52 51
1 50 37 120
1 52 1 145
1 54 43 23
1 22 15 96
1 24 19 74
1 59 49 298
1 30 29 66
2 66 4 54
2 67 26 173
2 2 13 177
2 38 37 176
2 8 59 1
2 44 53 124
2 77 49 2
2 78 1 95
2 53 43 172
2 55 31 23
2 59 56 298
2 63 51 35
3 33 31 131
3 2 22 177
3 69 43 166
3 5 55 166
3 40 7 74
3 10 19 208
3 80 49 172
3 17 46 121
3 53 37 172
3 25 5 47
3 62 25 255
3 31 9 173
4 67 34 100
4 5 49 166
4 69 31 166
4 8 7 58
4 73 40 64
4 10 13 208
4 11 57 255
4 48 9 14
4 18 46 103
4 51 43 298
4 20 5 23
4 61 1 67
5 65 43 120
5 5 37 166
5 41 55 176
5 47 19 278
5 48 59 63
5 80 31 172
5 20 1 23
5 22 13 96
5 55 3 268
5 25 27 47
5 61 10 67
5 62 50 255
6 2 52 177
6 69 13 166
6 37 19 110
6 71 22 46
6 73 37 64
6 9 35 30
6 13 49 120
6 47 43 278
6 15 26 172
6 17 55 121
6 19 7 139
6 24 1 80
7 4 22 60
7 6 40 10
7 39 19 4
7 8 44 58
7 41 49 176
7 15 14 172
7 50 55 120
7 51 37 298
7 20 46 23
7 55 1 175
7 24 31 74
7 60 25 166
8 64 5 5
8 66 13 54
8 3 37 278
8 68 16 126
8 40 11 74
8 12 19 172
8 48 57 14
8 53 7 172
8 24 49 74
8 61 25 22
8 62 43 255
8 63 47 35
9 67 50 100
9 4 16 60
9 69 20 166
9 9 11 30
9 47 43 160
9 79 27 66
9 16 37 40
9 54 55 70
9 23 58 6
9 56 31 120
9 61 7 67
9 62 39 255
10 40 9 74
10 43 17 210
10 45 46 51
10 77 43 2
10 48 55 14
10 21 7 71
10 53 3 172
10 22 11 96
10 57 50 151
10 60 13 120
10 25 1 66
10 31 57 173
11 66 19 54
11 34 49 32
11 67 56 100
11 70 13 255
11 7 51 56
11 6 37 10
11 71 4 46
11 39 10 15
11 75 32 165
11 54 40 70
11 23 46 6
11 62 1 141
12 64 23 5
12 65 19 120
12 3 49 278
12 38 13 176
12 41 43 177
12 46 55 246
12 54 40 41
12 23 16 12
12 56 25 120
12 25 11 66
12 27 7 166
12 62 4 141
13 4 13 60
13 37 22 110
13 42 7 120
13 13 1 120
13 79 37 28
13 80 49 121
13 23 19 6
13 57 55 151
13 58 44 100
13 61 4 67
13 25 47 47
13 63 25 35
14 35 1 94
14 39 22 15
14 71 13 46
14 9 45 30
14 74 43 110
14 43 7 210
14 44 29 124
14 12 25 298
14 53 37 246
14 28 55 160
14 63 35 35
14 31 33 173
15 34 55 32
15 70 37 151
15 39 1 15
15 74 53 110
15 75 46 78
15 43 10 210
15 76 43 56
15 50 49 58
15 20 59 23
15 23 7 6
15 24 13 52
15 29 31 161
16 64 35 5
16 2 44 226
16 69 13 25
16 74 29 110
16 11 10 255
16 75 49 78
16 44 27 124
16 15 7 102
16 19 16 139
16 54 58 8
16 26 4 27
16 61 1 7
17 64 29 5
17 66 55 33
17 3 58 278
17 4 37 3
17 74 40 110
17 75 4 89
17 79 15 28
17 52 7 59
17 20 25 23
17 54 49 8
17 58 52 39
17 29 43 143
18 32 47 34
18 64 13 79
18 10 28 95
18 11 21 85
18 44 35 124
18 45 1 53
18 14 38 58
18 77 57 2
18 80 31 121
18 46 43 246
18 58 10 100
18 30 23 66
19 67 44 173
19 68 38 276
19 70 7 48
19 7 25 56
19 40 16 62
19 42 31 298
19 43 21 210
19 14 56 58
19 79 3 28
19 78 13 18
19 49 49 246
20 3 26 278
20 6 5 10
20 72 31 58
20 74 45 110
20 43 19 210
20 77 51 2
20 14 16 118
20 47 1 207
20 79 9 28
20 54 13 70
20 56 37 121
20 59 56 131
21 32 39 34
21 2 16 177
21 67 56 114
21 4 10 60
21 36 27 121
21 9 23 30
21 10 7 208
21 48 25 14
21 51 43 63
21 24 49 52
21 25 35 47
21 56 19 121
22 69 7 25
22 41 55 275
22 10 22 95
22 46 43 131
22 19 10 97
22 25 1 47
22 55 25 175
22 24 3 20
22 57 49 262
22 27 37 210
22 28 13 108
22 62 19 50
23 64 51 5
23 65 37 280
23 67 58 142
23 69 55 25
23 70 7 129
23 10 31 208
23 15 4 123
23 48 27 14
23 49 13 117
23 24 19 26
23 25 53 47
23 62 46 70
24 2 28 84
24 4 7 60
24 40 1 74
24 77 31 2
24 15 19 102
24 79 35 28
24 16 33 40
24 19 22 139
24 53 55 254
24 23 10 12
24 24 13 26
24 59 37 131
25 37 43 13
25 27 3 166
25 9 1 33
25 77 27 2
25 18 22 71
25 53 37 207
25 56 13 121
25 57 46 151
25 59 49 131
25 60 7 131
25 29 55 161
25 62 19 141
26 65 49 280
26 68 28 82
26 72 7 179
26 74 5 115
26 76 55 280
26 15 34 13
26 19 13 139
26 21 3 43
26 58 58 35
26 60 37 173
26 63 11 35
26 31 45 64
27 65 13 42
27 67 50 173
27 36 1 121
27 9 7 30
27 74 11 72
27 14 43 44
27 80 55 140
27 48 41 14
27 52 25 145
27 22 9 93
27 63 19 35
27 31 21 107
28 4 31 3
28 36 8 278
28 72 43 157
28 42 19 280
28 43 34 36
28 76 56 56
28 49 37 87
28 19 1 97
28 20 11 23
28 21 27 43
28 25 29 47
28 27 49 210
29 67 19 142
29 36 32 278
29 37 10 91
29 70 37 48
29 71 4 45
29 73 28 49
29 13 16 114
29 78 7 18
29 17 13 280
29 53 49 115
29 59 25 131
29 62 43 50
30 64 7 5
30 34 15 32
30 4 40 3
30 5 49 161
30 10 46 95
30 42 25 280
30 47 55 207
30 17 34 11
30 18 31 71
30 52 19 59
30 53 9 174
30 30 43 37
31 35 58 9
31 71 55 45
31 73 13 64
31 10 3 208
31 43 1 210
31 13 31 56
31 23 25 6
31 57 19 151
31 26 22 188
31 61 16 22
31 30 39 37
31 31 51 64
32 2 49 84
32 5 1 165
32 69 34 25
32 72 37 83
32 10 43 95
32 11 57 79
32 79 19 28
32 18 28 71
32 24 7 20
32 57 14 151
32 59 25 16
32 63 5 35
33 67 45 15
33 43 41 36
33 45 16 51
33 14 1 118
33 78 55 18
33 79 43 28
33 18 58 71
33 25 49 47
33 26 4 188
33 28 37 127
33 30 51 37
33 57 32 151
34 65 43 42
34 66 25 33
34 36 55 60
34 10 37 95
34 75 28 78
34 13 4 114
34 52 49 31
34 21 15 43
34 54 21 8
34 57 34 262
34 58 40 39
34 30 19 37
35 65 49 110
35 68 9 126
35 9 5 30
35 74 35 72
35 43 15 210
35 44 13 124
35 13 38 56
35 78 28 44
35 79 33 28
35 16 7 40
35 19 25 139
35 63 21 35
36 66 43 33
36 26 19 27
36 37 1 91
36 72 31 157
36 42 37 184
36 48 13 14
36 16 23 40
36 18 28 103
36 54 10 41
36 25 15 47
36 58 58 39
36 31 56 64
37 67 28 100
37 38 55 90
37 39 22 4
37 8 41 1
37 74 25 110
37 15 1 123
37 24 49 20
37 57 37 262
37 26 58 27
37 63 17 35
37 62 34 70
37 31 4 107
38 33 43 213
38 34 23 32
38 67 40 100
38 9 49 30
38 11 13 85
38 78 19 18
38 15 28 13
38 49 31 73
38 55 55 268
38 56 1 105
38 58 7 39
38 60 15 244
39 67 37 142
39 5 31 162
39 71 40 45
39 77 7 2
39 15 52 13
39 47 43 207
39 52 13 59
39 53 19 99
39 23 4 12
39 56 9 105
39 28 25 160
39 29 55 143
40 72 19 83
40 40 1 62
40 10 34 57
40 75 25 78
40 43 7 36
40 12 49 143
40 46 43 268
40 54 4 8
40 25 13 47
40 59 15 16
40 60 55 244
40 62 9 50
41 4 52 3
41 5 27 161
41 7 55 188
41 43 25 36
41 75 4 78
41 78 37 18
41 47 7 276
41 51 22 63
41 53 31 115
41 24 13 20
41 25 19 47
41 29 43 275
42 3 25 127
42 37 49 91
42 5 43 161
42 73 37 49
42 44 53 25
42 14 7 118
42 18 55 71
42 50 1 235
42 52 13 145
42 22 21 93
42 23 34 6
43 35 1 9
43 6 31 10
43 38 4 176
43 42 13 298
43 12 37 143
43 77 21 2
43 78 25 18
43 52 43 31
43 53 7 99
43 22 23 93
43 26 28 27
43 28 33 108
44 32 29 34
44 33 21 198
44 64 13 5
44 69 4 31
44 8 49 1
44 74 51 72
44 43 39 36
44 49 45 87
44 29 15 275
44 20 19 23
44 22 43 93
44 61 31 7
45 33 1 213
45 3 28 127
45 4 55 3
45 39 16 15
45 12 19 298
45 45 13 51
45 78 46 18
45 52 49 59
45 21 31 43
45 22 53 93
45 54 25 41
45 59 40 16
46 65 1 156
46 33 13 213
46 71 43 45
46 43 31 36
46 47 21 276
46 16 19 40
46 19 39 124
46 23 28 6
46 56 55 179
46 26 49 27
46 59 7 16
46 61 34 7
47 64 49 5
47 70 25 48
47 71 46 45
47 41 37 275
47 42 31 280
47 76 19 145
47 28 55 41
47 14 13 118
47 53 1 115
47 54 43 8
47 31 51 140
47 63 9 35
48 64 19 5
48 67 7 142
48 37 16 91
48 73 40 49
48 43 52 36
48 14 58 96
48 50 31 152
48 51 13 63
48 20 21 23
48 18 49 71
48 54 55 8
48 56 1 132
49 35 43 9
49 4 34 22
49 73 31 49
49 11 53 79
49 76 46 46
49 78 16 18
49 18 40 71
49 20 13 23
49 57 4 151
49 26 37 27
49 60 49 142
49 30 23 37
50 32 17 34
50 65 37 42
50 67 1 142
50 69 4 25
50 6 19 10
50 39 13 4
50 72 21 134
50 42 55 184
50 13 28 114
50 47 31 276
50 18 43 71
50 56 49 105
51 32 43 34
51 33 1 68
51 65 31 86
51 67 40 114
51 3 10 127
51 39 16 4
51 78 21 44
51 18 25 103
51 21 5 71
51 25 45 47
51 58 28 39
51 30 19 66
52 35 4 9
52 36 16 74
52 3 20 268
52 38 34 90
52 72 25 83
52 41 55 177
52 42 43 280
52 13 13 56
52 50 9 58
52 54 1 8
52 28 51 40
52 29 37 161
53 64 37 5
53 35 49 9
53 67 58 15
53 69 13 31
53 39 46 4
53 71 16 46
53 10 4 95
53 12 31 143
53 46 27 268
53 25 9 66
53 59 43 16
53 30 25 66
54 32 13 34
54 34 9 32
54 37 39 91
54 6 15 10
54 38 1 90
54 8 37 1
54 41 49 275
54 43 19 36
54 76 43 46
54 49 21 73
54 21 35 43
54 27 25 67
55 36 25 60
55 69 10 31
55 40 4 74
55 72 19 157
55 79 55 28
55 48 33 14
55 17 49 11
55 21 59 43
55 22 15 93
55 23 1 6
55 61 37 22
56 68 58 82
56 6 25 10
56 39 1 4
56 73 43 49
56 44 23 124
56 79 5 28
56 15 31 102
56 80 37 144
56 49 19 87
56 51 10 63
56 57 28 151
56 29 13 143
57 64 21 5
57 37 10 110
57 70 1 129
57 73 25 64
57 80 49 144
57 16 43 40
57 30 45 37
57 56 37 179
57 25 41 47
57 26 13 188
57 29 55 156
57 62 31 70
58 69 28 25
58 39 25 15
58 9 51 30
58 74 59 72
58 15 16 102
58 47 37 160
58 53 43 240
58 54 22 41
58 56 1 179
58 26 34 27
58 62 10 70
59 34 41 32
59 35 13 9
59 37 49 13
59 5 1 161
59 71 34 45
59 77 37 2
59 80 43 220
59 50 19 152
59 55 7 135
59 25 39 47
59 29 55 167
59 62 28 50
60 2 19 84
60 39 13 15
60 73 16 64
60 42 37 169
60 11 1 85
60 12 49 188
60 41 25 275
60 49 7 73
60 21 57 43
60 23 31 6
60 59 4 16
60 30 59 37
61 36 16 17
61 41 1 187
61 74 9 72
61 75 40 78
61 11 47 79
61 77 33 2
61 78 28 18
61 53 43 139
61 30 35 37
61 61 52 7
61 62 55 50
61 63 23 35
62 38 1 176
62 9 9 30
62 16 47 40
62 17 28 53
62 51 52 63
62 53 55 174
62 23 25 12
62 56 37 132
62 24 43 52
62 63 33 35
62 62 22 70
62 31 31 107
63 65 31 42
63 69 25 25
63 7 7 19
63 39 28 4
63 11 35 79
63 43 43 36
63 19 37 97
63 20 41 23
63 55 1 135
63 57 13 262
63 29 49 156
63 30 47 37
64 64 9 5
64 5 13 161
64 72 1 134
64 40 53 62
64 42 25 109
64 51 49 63
64 22 45 93
64 57 37 296
64 58 55 39
64 60 19 94
64 30 33 37
65 32 31 34
65 64 1 5
65 34 13 32
65 35 19 9
65 37 40 13
65 70 43 61
65 76 22 145
65 46 25 246
65 53 7 115
65 58 3 39
65 27 33 89
65 60 49 94
66 64 7 79
66 34 53 32
66 68 43 82
66 4 22 22
66 38 4 90
66 7 25 147
66 9 29 30
66 80 37 140
66 20 55 23
66 56 49 132
66 26 31 27
66 59 46 16
67 35 55 9
67 36 13 74
67 4 46 22
67 71 7 46
67 72 49 157
67 40 59 62
67 77 3 2
67 78 16 44
67 17 40 11
67 20 35 23
67 22 37 93
67 56 25 132
68 33 37 213
68 68 9 82
68 6 1 10
68 7 25 19
68 40 7 62
68 12 43 65
68 17 52 11
68 52 19 31
68 22 5 93
68 27 13 67
68 28 55 40
68 29 31 275
69 65 19 86
69 33 1 131
69 67 25 100
69 70 31 61
69 6 7 10
69 9 41 30
69 12 55 65
69 46 49 268
69 48 47 14
69 21 29 43
69 25 37 47
69 58 13 39
70 5 31 228
70 70 25 61
70 9 39 30
70 11 7 44
70 15 13 102
70 79 21 28
70 49 49 73
70 17 58 11
70 56 1 209
70 25 43 47
70 60 45 244
70 31 9 107
71 65 55 42
71 34 3 32
71 35 7 94
71 4 22 3
71 40 25 62
71 41 49 187
71 74 34 110
71 11 19 85
71 15 27 102
71 80 13 144
71 22 17 93
71 62 43 70
72 33 31 68
72 68 16 82
72 37 7 13
72 41 25 176
72 42 43 109
72 12 55 29
72 48 5 14
72 19 19 97
72 52 37 31
72 55 1 282
72 58 49 34
73 64 5 79
73 66 49 33
73 9 17 30
73 10 52 57
73 43 27 36
73 78 13 44
73 80 1 140
73 48 23 14
73 21 45 43
73 53 55 115
73 59 7 21
73 31 29 107
74 64 43 5
74 68 19 82
74 36 34 17
74 59 28 16
74 74 13 72
74 11 41 79
74 14 31 96
74 20 23 23
74 53 37 139
74 54 10 8
74 58 58 34
74 27 49 89
75 64 11 79
75 65 19 156
75 58 43 39
75 70 37 79
75 77 9 2
75 14 4 118
75 51 28 63
75 21 49 43
75 54 13 41
75 25 59 47
75 26 52 27
75 29 31 156
76 4 7 3
76 70 31 79
76 8 5 1
76 44 10 124
76 80 1 144
76 50 49 152
76 19 40 97
76 54 46 8
76 30 17 37
76 26 22 27
76 27 55 89
76 62 19 70
77 34 17 32
77 35 22 9
77 69 40 25
77 72 31 83
77 11 59 79
77 12 49 65
77 77 11 2
77 79 13 28
77 80 7 220
77 49 1 73
77 61 19 7
77 31 27 107
78 32 25 34
78 67 22 100
78 58 19 39
78 37 46 91
78 6 3 10
78 43 57 36
78 44 5 124
78 80 13 128
78 19 52 97
78 23 40 6
78 26 43 27
78 27 27 263
79 2 25 84
79 36 34 60
79 37 16 110
79 69 7 31
79 39 31 4
79 71 1 46
79 73 4 64
79 12 49 29
79 76 10 145
79 78 37 44
79 48 21 14
79 24 55 26
80 5 25 165
80 38 7 90
80 39 37 4
80 73 16 49
80 10 46 57
80 11 5 85
80 44 3 124
80 13 19 56
80 14 40 96
80 15 58 13
80 25 55 47
80 31 53 107
81 5 55 162
81 71 52 45
81 76 40 46
81 77 15 2
81 78 1 44
81 52 25 59
81 23 22 12
81 25 13 66
81 58 46 39
81 27 31 263
81 61 10 22
81 30 17 66
82 68 46 82
82 8 43 1
82 9 55 30
82 41 25 187
82 77 19 2
82 78 34 44
82 49 7 87
82 20 57 23
82 21 51 43
82 52 37 59
82 60 13 173
82 62 1 70
83 32 9 34
83 70 13 61
83 39 4 4
83 72 43 134
83 12 19 29
83 16 41 40
83 17 25 53
83 19 58 97
83 24 31 26
83 27 49 270
83 62 37 70
83 31 47 107
84 35 40 9
84 36 58 60
84 67 49 15
84 70 43 48
84 74 53 72
84 75 13 78
84 46 19 246
84 15 16 13
84 80 1 128
84 17 55 11
84 18 9 71
84 51 37 12
85 33 13 198
85 2 55 84
85 65 43 86
85 37 1 110
85 71 28 45
85 40 34 62
85 44 37 124
85 18 39 103
85 51 31 63
85 20 9 23
85 55 49 135
85 24 19 52
86 33 7 198
86 5 45 228
86 71 19 46
86 10 58 57
86 12 25 143
86 45 1 51
86 13 16 56
86 15 55 102
86 48 39 14
86 25 51 47
86 59 22 21
86 31 43 64
87 66 52 33
87 2 22 84
87 69 16 25
87 5 55 165
87 71 25 45
87 10 19 57
87 79 28 28
87 15 10 102
87 52 43 59
87 23 4 6
87 57 40 262
87 28 31 127
88 64 11 5
88 32 41 34
88 34 35 32
88 38 43 90
88 8 53 1
88 73 28 64
88 46 1 298
88 20 17 23
88 22 7 96
88 56 13 179
88 62 58 50
88 63 37 35
89 4 55 22
89 5 21 162
89 39 4 15
89 42 31 169
89 76 7 145
89 45 10 51
89 56 13 132
89 24 37 52
89 26 46 27
89 31 19 107
89 30 53 37
89 63 43 35
90 66 1 54
90 36 43 60
90 78 25 44
90 14 52 96
90 17 46 11
90 50 7 152
90 20 39 23
90 23 13 6
90 57 22 262
90 58 4 100
90 27 31 270
90 30 57 37
91 32 1 34
91 4 3 3
91 40 13 62
91 8 7 1
91 43 9 36
91 12 31 188
91 49 37 72
91 53 15 99
91 55 43 135
91 59 25 21
91 28 19 108
91 29 49 167
92 66 10 33
92 68 13 82
92 75 22 78
92 13 1 114
92 47 43 276
92 80 55 128
92 17 28 11
92 15 4 13
92 18 19 71
92 19 31 97
92 29 37 156
92 30 7 37
93 67 49 114
93 37 52 91
93 38 10 176
93 16 13 40
93 18 7 103
93 51 40 63
93 20 3 23
93 21 33 43
93 22 1 96
93 53 43 115
93 59 58 16
93 28 25 174
94 33 49 68
94 35 7 9
94 40 3 62
94 41 25 177
94 10 40 57
94 17 19 11
94 18 57 28
94 19 13 97
94 21 1 43
94 27 43 263
94 62 34 50
95 33 43 198
95 7 19 147
95 74 7 72
95 15 37 13
95 16 5 40
95 17 9 11
95 80 27 140
95 48 1 14
95 22 25 93
95 55 13 135
95 27 57 32
95 31 23 107
96 32 27 34
96 66 31 33
96 67 34 15
96 2 37 84
96 70 49 48
96 7 1 19
96 9 21 30
96 41 7 275
96 12 13 65
96 48 19 14
96 60 43 94
96 31 53 64
97 67 55 15
97 72 1 157
97 45 22 51
97 16 29 40
97 48 17 14
97 49 7 117
97 80 13 220
97 18 34 71
97 21 53 43
97 54 40 8
97 29 25 156
97 62 46 50
98 4 58 3
98 37 4 91
98 68 37 82
98 73 22 49
98 10 7 95
98 12 31 65
98 50 25 152
98 18 16 103
98 20 53 23
98 54 1 41
98 23 55 6
98 27 43 210
99 38 22 90
99 73 55 49
99 9 25 30
99 45 43 51
99 79 41 28
99 48 51 14
99 50 13 152
99 18 19 103
99 27 1 270
99 28 31 160
99 29 37 167
99 63 29 35
100 36 28 60
100 37 10 13
100 5 19 161
100 7 31 147
100 41 37 187
100 43 3 36
100 76 25 46
100 13 7 56
100 79 1 28
100 53 49 99
100 54 16 8
100 27 55 52
101 4 31 22
101 8 9 1
101 42 25 169
101 43 37 36
101 77 55 2
101 80 19 128
101 18 13 103
101 19 57 124
101 57 16 262
101 26 40 27
101 61 4 7
101 31 45 107
102 6 29 10
102 39 25 4
102 79 45 28
102 16 21 40
102 19 49 124
102 53 1 174
102 22 47 93
102 55 13 175
102 24 31 52
102 54 37 41
102 56 55 132
102 29 7 167
103 6 27 10
103 75 1 78
103 43 13 36
103 12 15 29
103 14 43 96
103 46 37 268
103 79 25 28
103 45 19 51
103 50 31 210
103 19 7 97
103 51 55 12
103 59 52 16
104 32 5 34
104 67 31 100
104 4 28 3
104 37 19 91
104 6 9 10
104 8 1 1
104 17 16 11
104 27 43 67
104 63 7 35
104 62 37 50
104 31 49 107
105 32 19 34
105 66 28 33
105 69 21 25
105 71 1 45
105 72 37 157
105 10 49 57
105 46 7 246
105 19 16 97
105 52 31 59
105 21 41 43
105 56 43 105
105 60 55 248
106 32 33 34
106 67 40 142
106 68 13 126
106 6 21 10
106 39 10 4
106 7 43 147
106 75 37 78
106 44 7 124
106 16 17 40
106 49 25 87
106 22 3 96
107 64 39 5
107 5 13 162
107 70 55 48
107 42 19 169
107 75 1 89
107 76 25 265
107 45 49 51
107 78 34 18
107 17 4 53
107 53 43 99
107 54 52 8
107 28 7 160
108 2 52 84
108 67 34 114
108 71 16 45
108 73 22 64
108 15 46 102
108 61 43 7
108 52 1 59
108 22 39 93
108 58 49 39
108 28 55 127
108 29 7 143
108 30 13 37
109 64 41 5
109 39 43 4
109 73 46 49
109 42 13 109
109 75 52 78
109 76 37 145
109 44 21 124
109 59 49 16
109 48 31 14
109 49 55 72
109 54 34 8
109 27 7 89
110 64 1 79
110 35 52 9
110 4 49 22
110 72 55 83
110 13 7 114
110 78 31 44
110 77 59 2
110 48 35 14
110 17 16 53
110 47 25 276
110 20 3 52
110 63 45 35
111 65 21 42
111 66 16 33
111 67 37 100
111 37 13 13
111 40 5 62
111 9 19 30
111 41 7 187
111 50 31 123
111 19 28 97
111 18 25 71
111 57 58 151
111 60 43 142
112 37 58 91
112 73 52 49
112 43 1 39
112 12 31 29
112 13 25 114
112 54 28 41
112 56 7 132
112 24 19 20
112 26 55 27
112 27 13 89
112 63 3 35
113 3 7 127
113 4 28 22
113 5 1 162
113 41 55 187
113 14 25 96
113 48 45 14
113 80 31 128
113 25 21 47
113 59 37 16
113 31 47 64
113 63 15 35
114 4 19 3
114 5 7 161
114 9 15 30
114 46 31 246
114 47 49 276
114 15 46 13
114 19 25 97
114 52 55 31
114 53 37 115
114 58 22 39
114 28 1 108
115 3 4 263
115 58 31 39
115 37 55 91
115 71 49 45
115 39 58 4
115 17 43 11
115 50 37 123
115 51 34 63
115 23 10 6
115 26 7 188
115 28 13 127
116 65 13 86
116 34 29 32
116 6 47 10
116 71 37 45
116 38 25 90
116 39 34 4
116 43 49 36
116 80 7 128
116 24 43 26
116 28 51 127
116 61 40 7
117 66 19 33
117 35 25 9
117 7 31 19
117 71 7 45
117 42 55 169
117 43 22 36
117 76 37 46
117 10 28 57
117 74 5 72
117 47 49 207
117 16 15 40
117 58 10 39
118 32 35 34
118 39 49 4
118 7 7 147
118 8 45 1
118 10 16 208
118 75 58 78
118 43 29 36
118 77 5 2
118 79 39 28
118 15 52 102
118 59 55 16
118 28 1 160
119 35 10 9
119 71 19 45
119 72 43 83
119 12 3 29
119 76 52 46
119 14 22 96
119 79 17 28
119 19 34 97
119 58 55 35
119 28 13 160
119 29 25 167
119 30 1 37
120 64 47 5
120 5 55 228
120 7 43 19
120 71 22 45
120 42 31 109
120 11 59 44
120 17 13 11
120 51 16 63
120 24 37 26
120 57 10 151
120 62 25 50
121 33 7 68
121 37 22 91
121 5 39 162
121 40 31 62
121 8 15 1
121 12 43 29
121 45 28 51
121 14 19 96
121 13 1 56
121 80 33 140
121 20 37 23
122 65 49 82
122 34 25 32
122 67 22 142
122 70 55 61
122 8 47 1
122 9 3 30
122 72 13 134
122 14 19 118
122 55 31 175
122 24 7 26
122 63 27 35
123 65 55 86
123 34 1 32
123 67 46 114
123 4 43 22
123 70 49 79
123 8 33 1
123 40 37 62
123 14 10 118
123 79 31 28
123 15 39 102
123 22 27 93
123 30 25 37
124 64 15 79
124 34 51 32
124 4 19 60
124 5 43 162
124 68 22 126
124 72 25 134
124 77 39 2
124 14 55 96
124 21 3 71
124 22 9 96
124 28 31 174
125 34 5 32
125 36 31 17
125 70 19 48
125 41 37 177
125 42 55 109
125 73 7 49
125 47 49 160
125 53 25 99
125 26 1 27
125 59 10 21
125 62 13 50
125 31 16 107
126 2 4 84
126 66 34 33
126 34 37 32
126 70 7 61
126 38 39 90
126 7 49 147
126 42 19 109
126 80 55 220
126 19 46 97
126 25 25 47
126 26 13 27
126 30 27 37
127 32 7 34
127 66 37 33
127 68 40 82
127 40 23 62
127 10 19 95
127 12 9 29
127 24 31 20
127 57 25 262
127 56 13 105
127 59 28 21
127 28 43 108
127 30 5 37
128 64 17 5
128 33 3 198
128 34 39 32
128 36 25 17
128 7 55 19
128 9 59 30
128 42 13 184
128 21 1 71
128 56 19 105
128 24 7 52
128 28 49 108
128 63 41 35
129 66 46 33
129 3 38 263
129 38 49 90
129 8 19 1
129 73 58 49
129 18 1 103
129 19 31 124
129 50 25 235
129 56 21 209
129 61 13 7
129 30 9 37
129 31 11 107
130 3 1 263
130 68 22 82
130 5 49 162
130 37 7 91
130 6 17 10
130 72 13 216
130 45 31 51
130 14 34 96
130 49 55 73
130 24 25 20
130 62 40 50
131 64 45 5
131 68 34 82
131 74 29 72
131 76 55 46
131 17 22 11
131 61 49 7
131 52 25 31
131 20 1 52
131 23 31 12
131 29 3 143
131 31 58 64
132 3 22 79
132 4 10 3
132 7 49 19
132 10 14 95
132 44 46 25
132 78 3 18
132 80 37 128
132 52 31 145
132 22 1 93
132 55 55 175
132 56 25 58
133 65 33 134
133 37 7 110
133 43 55 36
133 76 58 46
133 77 25 2
133 78 4 44
133 15 49 102
133 16 27 40
133 50 37 152
133 24 43 20
133 25 31 47
133 31 41 107
134 4 58 22
134 68 19 126
134 37 4 110
134 40 55 62
134 73 10 64
134 10 34 95
134 20 51 23
134 23 22 6
134 58 1 100
134 27 25 89
134 61 16 7
135 65 55 110
135 67 31 114
135 35 10 94
135 9 43 30
135 74 47 110
135 78 40 44
135 16 45 40
135 20 27 23
135 24 49 26
135 57 7 296
135 29 13 167
135 25 3 66
136 65 1 42
136 67 31 15
136 38 19 90
136 10 13 57
136 75 16 78
136 12 37 29
136 43 5 36
136 44 10 25
136 47 55 276
136 48 7 14
136 55 25 135
136 31 34 107
137 32 23 34
137 2 31 84
137 67 16 100
137 69 1 25
137 38 10 90
137 40 19 62
137 11 55 79
137 44 49 25
137 49 25 72
137 30 21 37
137 62 4 50
138 34 47 32
138 70 43 129
138 11 10 85
138 75 34 78
138 77 5 21
138 17 13 53
138 18 52 71
138 51 19 63
138 54 37 8
138 23 1 12
138 58 25 39
138 62 7 70
139 64 33 5
139 35 28 9
139 72 39 134
139 14 46 96
139 19 55 97
139 56 7 121
139 24 1 26
139 27 19 67
139 57 52 262
139 61 58 7
139 30 37 37
139 63 31 35
140 64 31 5
140 33 37 198
140 9 57 30
140 16 49 40
140 62 4 70
140 25 7 66
140 26 16 188
140 59 13 21
140 57 25 151
140 29 9 156
140 30 21 66
140 31 1 107
141 32 37 34
141 35 46 9
141 5 39 228
141 71 58 45
141 44 15 124
141 80 7 140
141 18 22 103
141 22 19 93
141 23 43 6
141 57 1 262
141 27 49 67
141 61 4 22
142 64 57 5
142 66 7 54
142 8 29 1
142 42 37 109
142 77 53 2
142 49 13 87
142 50 43 123
142 17 19 53
142 24 25 52
142 25 5 66
142 61 1 22
143 32 21 34
143 37 25 91
143 70 43 79
143 41 1 177
143 74 41 72
143 45 37 51
143 78 31 18
143 14 49 96
143 80 55 144
143 54 7 41
143 28 15 256
143 31 13 107
144 37 13 110
144 40 51 62
144 12 19 65
144 44 25 124
144 78 40 18
144 79 23 28
144 16 9 40
144 18 31 103
144 20 7 23
144 22 29 93
144 56 43 179
144 57 4 262
145 36 7 17
145 68 31 82
145 39 28 15
145 42 13 169
145 77 45 2
145 14 37 96
145 50 1 152
145 20 49 23
145 57 22 151
145 61 55 7
146 3 19 79
146 36 4 121
146 38 28 90
146 15 25 13
146 80 43 128
146 51 52 12
146 53 37 99
146 56 13 58
146 25 23 47
146 27 31 67
146 31 55 107
147 64 53 5
147 4 25 3
147 5 13 165
147 27 43 89
147 13 31 41
147 57 1 151
147 26 10 27
147 59 19 16
147 28 37 108
147 61 7 7
148 4 34 3
148 8 25 1
148 76 40 145
148 45 7 51
148 18 37 71
148 19 49 97
148 22 13 93
148 56 43 132
148 58 16 39
148 28 19 174
148 61 10 7
148 62 27 70
149 33 49 198
149 69 16 31
149 70 19 61
149 14 28 96
149 78 9 44
149 79 7 28
149 16 3 40
149 24 37 20
149 59 31 21
149 61 13 22
150 32 15 34
150 33 19 131
150 36 28 17
150 5 43 165
150 39 7 4
150 41 1 275
150 16 39 40
150 53 55 99
150 22 5 96
150 28 49 41
150 31 31 64
151 32 3 34
151 33 25 68
151 66 7 33
151 36 38 17
151 42 49 109
151 11 19 44
151 13 34 41
151 14 46 58
151 53 13 174
151 57 58 262
151 58 55 34
151 27 21 270
152 4 46 3
152 38 16 90
152 72 7 134
152 14 52 44
152 16 35 40
152 48 3 14
152 22 55 93
152 27 57 263
152 28 19 160
152 63 13 35
152 31 37 107
153 2 34 84
153 36 55 17
153 38 31 90
153 73 7 64
153 12 37 65
153 77 13 2
153 80 49 128
153 48 15 14
153 50 25 123
153 51 4 63
153 26 10 188
153 61 22 7
154 36 1 17
154 6 35 10
154 72 7 83
154 41 13 187
154 42 31 184
154 45 25 51
154 78 52 18
154 21 47 43
154 23 19 12
154 61 28 7
155 70 13 48
155 71 10 45
155 73 4 49
155 10 55 57
155 74 17 72
155 76 28 46
155 80 37 220
155 49 31 87
155 14 49 44
155 56 19 132
156 66 40 33
156 70 49 61
156 8 27 1
156 9 13 30
156 10 10 95
156 43 5 210
156 19 1 139
156 54 16 41
156 23 7 12
156 56 31 179
156 22 35 93
156 29 19 143
157 2 40 15
157 36 13 17
157 69 31 25
157 40 43 62
157 8 11 1
157 42 19 184
157 11 55 44
157 76 49 46
157 51 46 12
157 21 5 43
157 57 7 151
157 59 1 16
158 66 4 33
158 36 22 17
158 73 1 49
158 75 7 78
158 14 46 44
158 47 31 207
158 80 37 86
158 18 16 71
158 25 11 47
158 58 52 34
158 60 25 94
159 68 34 126
159 37 31 110
159 6 11 10
159 40 49 62
159 27 51 263
159 9 27 30
159 44 17 124
159 13 43 114
159 51 37 63
159 19 4 139
159 21 21 43
159 59 40 21
160 65 7 42
160 33 25 198
160 36 46 17
160 7 21 19
160 74 1 72
160 10 16 57
160 17 3 11
160 21 19 43
160 55 31 135
160 23 37 6
160 31 51 107
161 64 55 5
161 33 43 68
161 36 58 17
161 10 25 57
161 77 17 2
161 13 34 56
161 49 21 72
161 50 1 58
161 54 13 8
161 57 10 262
161 59 31 16
162 33 55 68
162 65 25 86
162 36 50 17
162 37 31 91
162 38 46 90
162 7 1 147
162 73 10 49
162 74 15 72
162 40 29 62
162 78 22 18
162 51 40 12
163 34 21 32
163 6 23 10
163 7 13 19
163 40 47 62
163 77 35 2
163 46 1 246
163 49 43 73
163 21 37 43
163 56 39 105
163 26 25 27
163 62 31 50
164 2 13 84
164 69 37 25
164 37 43 91
164 40 40 62
164 74 49 72
164 60 25 142
164 47 19 207
164 19 46 124
164 22 33 93
164 25 3 47
164 28 7 108
164 30 31 37
165 38 58 90
165 72 13 83
165 40 10 62
165 44 51 25
165 13 19 114
165 12 25 29
165 15 1 13
165 17 22 53
165 19 4 97
165 53 31 99
165 54 7 8
166 33 13 131
166 39 55 4
166 9 31 30
166 73 1 64
166 15 22 102
166 80 7 144
166 17 37 11
166 48 4 109
166 22 58 93
166 56 25 105
166 60 33 142
166 30 49 37
167 32 45 34
167 68 4 126
167 9 33 30
167 45 55 51
167 13 37 114
167 48 53 14
167 49 19 117
167 15 7 123
167 19 10 139
167 25 15 66
168 7 37 19
168 40 27 62
168 11 17 79
168 45 4 51
168 78 10 18
168 15 31 13
168 18 46 71
168 55 19 135
168 56 55 209
168 28 13 277
168 62 49 50
169 34 27 32
169 67 4 142
169 5 7 162
169 72 49 134
169 8 31 1
169 50 55 123
169 53 19 115
169 22 41 93
169 23 16 6
169 56 33 105
169 62 1 50
170 65 49 86
170 71 10 46
170 72 13 157
170 73 19 64
170 75 31 78
170 43 46 36
170 45 40 51
170 77 1 21
170 15 43 102
170 55 3 190
170 23 34 12
170 27 55 210
171 64 25 5
171 3 20 127
171 4 43 3
171 40 57 62
171 10 31 95
171 48 11 14
171 49 49 87
171 51 1 63
171 53 37 174
171 26 16 27
171 60 7 244
172 65 3 86
172 66 13 33
172 2 16 84
172 67 52 15
172 39 40 4
172 44 1 124
172 13 10 56
172 50 25 210
172 51 58 12
172 19 43 97
172 57 19 262
173 33 31 198
173 3 16 263
173 38 13 90
173 73 25 49
173 74 3 72
173 10 22 57
173 60 37 244
173 16 1 40
173 21 9 43
173 28 43 41
173 31 49 64
174 33 7 213
174 66 58 33
174 35 16 94
174 2 43 84
174 37 28 91
174 38 52 90
174 68 1 126
174 8 35 1
174 77 23 2
174 21 39 43
174 23 13 12
174 28 19 256
175 33 55 198
175 67 52 114
175 8 17 1
175 40 21 62
175 10 31 57
175 75 10 78
175 49 13 73
175 17 25 11
175 51 7 63
175 55 37 135
175 57 28 262
175 30 3 37
176 65 57 134
176 34 31 32
176 35 37 9
176 72 7 157
176 73 33 64
176 74 27 110
176 43 3 210
176 79 52 28
176 48 29 14
176 51 46 63
176 21 55 43
176 23 49 6
177 69 43 25
177 39 7 15
177 43 59 36
177 76 46 145
177 45 34 51
177 79 49 28
177 18 10 103
177 53 55 139
177 54 4 41
177 22 51 93
177 56 19 179
177 62 16 70
178 64 3 79
178 34 33 32
178 4 52 22
178 70 25 79
178 41 7 177
178 42 43 169
178 77 1 2
178 48 49 14
178 54 19 41
178 60 55 94
178 63 39 35
179 37 19 13
179 72 3 83
179 59 22 16
179 10 37 57
179 43 1 36
179 80 43 140
179 52 31 31
179 21 7 43
179 22 11 93
179 54 25 8
179 27 55 67
180 66 22 33
180 2 10 84
180 8 3 1
180 9 1 30
180 10 7 57
180 42 49 184
180 12 27 65
180 13 46 56
180 50 13 123
180 25 33 47
180 60 37 94
180 31 25 107
181 64 3 5
181 66 10 54
181 34 45 32
181 8 39 1
181 10 25 95
181 42 49 169
181 13 22 114
181 79 47 28
181 20 29 23
181 57 31 262
181 58 13 100
181 61 19 22
182 2 58 51
182 34 11 32
182 4 15 3
182 41 43 187
182 10 1 57
182 42 7 109
182 44 19 25
182 49 31 72
182 21 13 43
182 56 21 58
182 60 49 70
183 2 46 84
183 26 19 188
183 4 4 60
183 69 1 31
183 6 13 10
183 78 49 18
183 17 10 53
183 20 15 23
183 53 25 115
183 25 57 47
183 58 7 100
184 37 34 91
184 73 13 49
184 41 19 176
184 47 7 207
184 80 25 128
184 15 55 13
184 19 43 124
184 51 49 12
184 58 37 39
184 60 3 173
184 62 52 50
184 63 1 35
185 67 19 100
185 36 31 60
185 3 13 263
185 8 55 1
185 75 43 78
185 77 41 2
185 15 34 102
185 79 11 28
185 18 4 103
185 51 25 63
185 22 7 93
185 61 37 7
186 64 9 79
186 2 40 84
186 70 1 48
186 9 53 30
186 11 16 85
186 44 59 25
186 13 13 114
186 50 19 123
186 24 55 20
186 57 43 262
186 28 25 108
187 64 15 5
187 35 4 94
187 4 40 22
187 36 10 17
187 11 7 85
187 75 19 78
187 78 58 18
187 80 43 144
187 23 28 12
187 26 1 188
187 59 34 21
187 30 55 37
188 32 11 34
188 36 43 17
188 37 13 91
188 10 4 57
188 76 33 46
188 74 19 72
188 43 16 36
188 15 22 13
188 49 25 73
188 22 31 93
188 25 9 47
189 38 7 176
189 39 19 15
189 7 13 147
189 6 33 10
189 74 43 72
189 13 10 114
189 77 3 21
189 61 46 7
189 22 49 93
189 56 55 105
190 33 37 68
190 36 19 17
190 5 25 162
190 71 13 45
190 40 45 62
190 41 31 177
190 10 10 57
190 73 49 49
190 53 1 99
190 21 43 43
190 25 7 47
190 62 16 50
191 34 7 32
191 4 1 60
191 8 51 1
191 60 13 142
191 15 58 102
191 48 43 14
191 17 37 53
191 16 25 40
191 21 11 43
191 24 27 26
191 56 31 132
191 28 45 174
192 65 7 86
192 33 13 68
192 35 34 9
192 5 39 165
192 71 31 45
192 9 47 30
192 74 37 110
192 13 22 56
192 15 4 102
192 55 55 135
192 61 25 7
192 30 29 37
193 68 1 82
193 70 31 48
193 39 52 4
193 9 37 30
193 10 43 57
193 13 4 56
193 47 25 207
193 80 13 140
193 49 39 73
193 60 9 248
193 62 22 50
193 31 7 107
194 64 59 5
194 34 43 32
194 2 7 84
194 68 55 82
194 4 49 3
194 73 34 49
194 44 19 124
194 77 47 2
194 17 31 11
194 27 21 89
194 28 1 127
194 29 13 156
195 65 25 42
195 67 37 15
195 3 19 263
195 11 59 14
195 43 11 36
195 16 31 40
195 21 17 43
195 22 3 93
195 53 13 115
195 57 7 262
195 59 34 16
195 31 43 107
196 65 49 42
196 70 37 61
196 8 22 1
196 73 19 49
196 11 3 85
196 80 25 144
196 54 31 8
196 55 7 175
196 58 34 39
196 28 55 108
196 30 15 37
197 33 19 68
197 5 15 228
197 70 1 61
197 8 13 1
197 59 10 16
197 46 31 268
197 54 28 8
197 23 52 6
197 27 37 89
197 28 43 127
197 30 41 37
198 35 31 9
198 36 4 17
198 68 25 82
198 72 49 83
198 11 29 79
198 15 1 102
198 16 11 40
198 21 23 43
198 25 17 47
198 26 7 27
198 57 43 151
199 2 1 84
199 34 19 32
199 41 31 176
199 74 46 72
199 77 29 2
199 78 43 18
199 48 37 14
199 50 49 123
199 29 21 167
199 21 25 43
199 61 7 22
200 35 16 9
200 68 4 82
200 3 7 263
200 59 19 21
200 11 57 44
200 18 13 71
200 51 43 12
200 19 22 97
200 27 37 67
200 60 31 94
200 30 11 37
Trạng thái nghiệm: 1
Điểm tối ưu: 2337
Thời gian: 1003.4410 giây
