3544
1 64 4 219
1 98 37 143
1 3 13 24
1 38 46 66
1 39 55 287
1 104 1 110
1 73 34 13
1 79 19 211
1 49 28 5
1 20 25 448
1 120 7 163
1 26 49 86
2 89 33 2
2 99 44 173
2 3 41 37
2 74 11 15
2 77 1 69
2 15 25 36
2 48 23 91
2 49 28 32
2 85 31 59
2 86 37 121
2 57 35 61
2 60 53 35
3 66 3 39
3 35 45 212
3 99 56 120
3 37 19 140
3 70 7 40
3 45 11 158
3 46 31 139
3 16 37 90
3 49 13 5
3 82 5 34
3 21 16 100
3 31 1 107
4 32 55 4
4 96 49 91
4 102 58 18
4 40 7 217
4 73 28 13
4 104 46 47
4 43 44 287
4 82 39 45
4 115 13 188
4 118 34 131
4 87 1 27
4 58 37 135
5 100 55 43
5 8 43 45
5 107 13 216
5 46 25 292
5 14 7 72
5 16 52 90
5 19 35 97
5 20 38 448
5 53 41 311
5 117 31 106
5 88 49 1
5 91 4 112
6 65 39 21
6 66 21 71
6 101 10 38
6 39 49 287
6 40 55 154
6 14 31 183
6 47 15 42
6 46 43 139
6 19 29 97
6 85 19 59
6 23 1 255
6 120 25 241
7 32 25 43
7 66 13 39
7 98 45 135
7 46 15 411
7 16 28 104
7 113 22 28
7 50 33 147
7 84 37 58
7 94 49 181
7 90 59 86
7 95 55 70
7 31 7 107
8 33 49 41
8 67 10 57
8 102 7 25
8 103 40 22
8 104 13 110
8 7 1 116
8 78 47 10
8 14 37 183
8 46 19 139
8 52 58 105
8 53 53 146
8 56 16 150
9 65 15 21
9 66 35 71
9 38 22 66
9 12 1 119
9 76 55 386
9 14 28 183
9 111 25 95
9 46 43 353
9 113 10 28
9 48 41 91
9 16 49 90
9 63 7 128
10 68 17 31
10 69 34 84
10 71 7 118
10 39 19 287
10 74 25 15
10 11 37 126
10 111 28 95
10 80 15 204
10 49 31 5
10 48 47 91
10 19 40 97
10 119 4 51
11 34 31 67
11 106 19 8
11 42 55 176
11 46 25 353
11 49 16 32
11 82 21 45
11 51 7 94
11 117 58 106
11 56 43 99
11 91 34 112
11 28 4 6
11 29 37 287
12 97 55 212
12 34 25 67
12 67 39 7
12 35 32 212
12 70 49 48
12 110 5 75
12 111 43 95
12 46 13 379
12 51 1 120
12 117 46 106
12 56 7 150
12 61 22 17
13 2 51 198
13 36 22 32
13 38 58 33
13 9 25 287
13 10 3 23
13 107 37 234
13 46 13 353
13 51 43 94
13 83 53 36
13 24 7 287
13 27 31 92
14 75 39 26
14 44 25 122
14 77 13 69
14 110 17 74
14 76 49 386
14 80 55 204
14 85 37 15
14 22 31 177
14 23 43 82
14 55 19 118
14 91 7 112
14 30 1 40
15 7 49 49
15 9 31 287
15 115 19 175
15 19 17 196
15 53 53 311
15 21 25 100
15 84 3 92
15 52 1 39
15 119 7 14
15 20 38 203
15 83 10 80
15 95 13 68
16 33 25 41
16 2 11 198
16 39 49 214
16 106 55 8
16 43 5 111
16 46 43 411
16 47 33 42
16 111 40 95
16 16 37 104
16 116 16 88
16 20 22 101
16 30 1 76
17 96 19 138
17 34 13 67
17 36 49 53
17 6 28 30
17 10 33 23
17 44 43 185
17 13 55 286
17 14 58 72
17 48 5 151
17 17 11 11
17 84 37 115
17 26 7 90
18 4 7 13
18 37 25 140
18 75 49 26
18 110 17 75
18 14 37 57
18 16 52 104
18 46 31 292
18 50 28 147
18 51 19 68
18 19 47 97
18 116 4 88
18 92 40 46
19 98 25 143
19 2 22 218
19 103 34 16
19 104 19 47
19 75 4 145
19 11 1 137
19 109 31 156
19 110 37 75
19 15 16 9
19 77 55 125
19 114 49 201
19 26 7 78
20 65 13 21
20 73 40 13
20 107 7 254
20 43 15 111
20 45 1 158
20 77 31 69
20 16 43 104
20 114 19 295
20 85 17 59
20 118 28 128
20 25 3 1
20 30 55 51
21 35 50 212
21 67 25 57
21 101 4 22
21 14 37 72
21 80 19 204
21 49 7 32
21 17 1 11
21 19 15 196
21 83 13 80
21 86 31 123
21 91 10 146
21 31 21 107
22 32 9 43
22 69 28 63
22 38 13 66
22 9 49 360
22 42 31 153
22 75 19 145
22 12 43 119
22 106 23 8
22 114 37 149
22 52 16 105
22 20 25 203
22 84 1 113
23 70 19 48
23 39 55 214
23 72 35 4
23 103 16 60
23 11 4 137
23 108 37 35
23 109 39 156
23 12 43 159
23 47 41 42
23 113 31 70
23 19 1 196
23 25 27 26
24 35 25 212
24 99 27 334
24 73 37 34
24 74 13 15
24 108 11 35
24 15 4 36
24 18 19 350
24 53 55 146
24 88 49 24
24 60 43 35
24 29 45 214
24 30 31 76
25 65 49 21
25 100 58 50
25 104 25 110
25 8 15 109
25 10 41 23
25 45 39 158
25 111 1 101
25 47 35 42
25 51 51 120
25 118 4 212
25 25 13 26
25 61 43 17
26 32 23 43
26 2 40 198
26 99 26 213
26 98 3 91
26 101 34 3
26 6 55 30
26 100 43 50
26 35 13 347
26 107 49 216
26 12 15 211
26 118 7 131
26 91 37 112
27 2 29 198
27 99 49 334
27 6 34 30
27 109 17 156
27 46 43 379
27 111 4 95
27 80 53 98
27 113 19 28
27 16 58 90
27 84 13 92
27 27 25 108
27 94 7 181
28 102 31 18
28 106 11 8
28 79 7 164
28 18 43 226
28 83 19 52
28 20 28 101
28 52 23 39
28 117 4 106
28 54 37 60
28 23 49 82
28 58 57 67
29 65 47 21
29 34 40 67
29 3 16 37
29 36 19 62
29 37 49 140
29 39 55 132
29 106 43 8
29 78 25 10
29 111 7 101
29 83 33 80
29 53 37 311
29 22 27 177
30 32 15 43
30 96 25 55
30 99 49 213
30 39 43 278
30 73 55 34
30 106 3 8
30 75 34 145
30 109 21 156
30 79 7 191
30 20 31 203
30 24 37 212
30 60 41 40
31 34 37 67
31 6 58 30
31 103 34 22
31 39 25 214
31 81 11 16
31 115 49 175
31 84 19 115
31 85 29 59
31 54 43 81
31 24 1 256
31 90 7 87
31 91 40 146
32 34 4 67
32 99 58 334
32 4 7 74
32 103 49 16
32 9 31 182
32 76 43 386
32 44 19 122
32 14 55 72
32 110 15 75
32 16 1 104
32 49 52 5
32 29 37 214
33 33 43 41
33 34 37 13
33 98 55 91
33 71 34 125
33 104 49 47
33 10 27 23
33 49 10 5
33 19 21 196
33 84 13 124
33 54 1 182
33 92 40 157
34 64 22 219
34 34 10 67
34 69 40 63
34 38 19 66
34 71 16 118
34 50 31 147
34 114 33 295
34 55 25 155
34 86 55 150
34 87 7 27
34 28 4 3
34 95 43 117
35 64 13 187
35 97 55 436
35 98 19 117
35 99 37 334
35 7 25 87
35 43 7 111
35 13 29 286
35 14 52 57
35 79 43 136
35 49 1 5
35 87 11 27
35 31 17 41
36 2 25 198
36 69 43 63
36 6 22 30
36 9 37 182
36 42 34 153
36 43 3 111
36 15 31 9
36 48 53 81
36 82 15 45
36 50 17 133
36 62 9 12
36 63 19 128
37 66 15 71
37 99 37 213
37 100 49 43
37 37 45 140
37 90 41 86
37 68 43 6
37 76 1 386
37 14 10 72
37 111 52 53
37 55 19 155
37 58 33 135
37 94 55 181
38 98 13 91
38 3 23 24
38 67 1 57
38 75 58 26
38 107 19 234
38 109 11 156
38 117 28 106
38 22 49 177
38 24 43 332
38 89 5 2
38 91 40 112
38 62 35 12
39 65 43 21
39 100 49 50
39 10 29 23
39 11 45 126
39 109 37 156
39 78 13 10
39 16 40 104
39 115 1 188
39 52 23 105
39 88 19 37
39 25 15 26
39 95 7 123
40 7 1 96
40 39 37 132
40 105 11 33
40 74 29 15
40 106 59 8
40 14 31 72
40 80 22 204
40 116 7 88
40 56 19 99
40 25 35 26
40 92 16 89
40 31 5 107
41 35 29 347
41 6 19 49
41 73 45 35
41 45 49 158
41 47 43 42
41 49 10 32
41 17 23 11
41 18 51 226
41 118 40 131
41 86 1 121
41 26 25 78
41 29 31 214
42 68 43 31
42 70 45 48
42 39 7 278
42 40 1 154
42 75 25 85
42 28 16 6
42 113 40 28
42 85 23 59
42 86 49 121
42 87 37 27
42 24 55 230
42 92 19 89
43 34 4 13
43 35 39 347
43 4 13 34
43 38 25 66
43 9 55 182
43 10 17 23
43 12 49 119
43 19 7 97
43 20 28 203
43 21 46 59
43 117 9 106
43 23 31 82
44 65 55 21
44 98 43 143
44 103 13 29
44 10 31 23
44 110 39 75
44 79 57 164
44 15 22 36
44 49 19 32
44 18 49 350
44 113 28 28
44 54 33 81
44 120 1 163
45 65 27 21
45 100 40 64
45 5 13 302
45 38 37 79
45 102 31 25
45 70 43 97
45 73 19 7
45 36 22 62
45 109 51 156
45 79 1 164
45 20 55 101
45 25 7 1
46 64 7 187
46 36 31 32
46 39 27 132
46 105 55 10
46 11 1 126
46 13 10 286
46 110 5 74
46 79 13 136
46 45 59 79
46 18 37 199
46 52 25 39
46 29 43 240
47 97 19 299
47 98 37 36
47 99 31 334
47 6 10 30
47 71 16 125
47 45 43 158
47 13 5 286
47 15 7 9
47 112 25 138
47 85 57 15
47 27 1 108
47 31 13 107
48 66 7 71
48 56 43 137
48 36 34 32
48 69 4 63
48 6 13 30
48 107 9 234
48 75 16 85
48 79 25 191
48 16 1 124
48 84 19 113
48 24 49 256
48 26 55 78
49 96 19 65
49 65 9 21
49 68 15 31
49 38 55 66
49 39 49 231
49 43 11 111
49 109 33 156
49 79 37 164
49 48 1 81
49 118 4 131
49 23 25 171
49 25 31 1
50 96 31 55
50 98 7 91
50 99 16 213
50 70 55 75
50 73 19 13
50 107 43 216
50 78 3 10
50 20 13 448
50 26 25 19
50 29 37 240
50 30 49 76
50 31 23 107
51 71 13 125
51 10 35 23
51 108 31 35
51 16 25 124
51 113 28 70
51 18 1 199
51 53 55 311
51 86 19 131
51 88 39 1
51 60 59 40
51 61 49 17
51 62 52 12
52 68 41 31
52 102 49 25
52 59 1 87
52 10 52 23
52 43 37 111
52 45 29 158
52 113 45 28
52 87 39 27
52 89 19 2
52 91 7 146
52 29 31 240
52 94 13 181
53 96 21 55
53 99 43 334
53 4 49 56
53 74 19 15
53 76 7 114
53 45 15 158
53 110 11 75
53 52 29 105
53 21 58 100
53 53 34 311
53 24 1 230
53 88 55 24
54 65 45 21
54 66 57 71
54 8 49 77
54 28 22 6
54 78 5 10
54 15 19 36
54 116 40 88
54 53 28 311
54 24 7 230
54 25 1 26
54 26 31 78
54 60 3 93
55 96 37 130
55 33 49 59
55 32 19 43
55 6 34 49
55 104 4 110
55 46 55 353
55 92 31 157
55 48 47 151
55 81 9 16
55 28 28 6
55 94 13 186
55 63 22 128
56 3 39 37
56 67 34 57
56 101 52 38
56 8 9 109
56 81 7 16
56 18 13 361
56 117 25 116
56 119 43 51
56 88 31 24
56 57 5 108
56 92 58 89
56 63 1 128
57 33 7 41
57 99 58 213
57 71 31 118
57 43 1 111
57 13 3 286
57 15 13 9
57 111 55 95
57 83 23 80
57 118 43 128
57 119 19 51
57 28 16 3
57 29 25 240
58 68 34 31
58 36 37 62
58 103 31 22
58 106 25 8
58 11 55 126
58 108 15 35
58 16 28 124
58 52 49 105
58 117 43 200
58 56 40 150
58 90 11 115
58 59 19 61
59 36 19 53
59 101 13 22
59 70 49 40
59 103 25 29
59 76 43 370
59 12 55 119
59 13 37 286
59 79 39 191
59 81 17 16
59 115 1 175
59 27 31 108
59 60 29 40
60 3 9 37
60 40 31 154
60 41 19 142
60 11 16 126
60 46 43 292
60 79 37 136
60 50 29 133
60 116 22 88
60 117 1 106
60 89 27 2
60 91 13 112
60 31 5 41
61 33 55 59
61 98 1 179
61 69 31 84
61 38 52 66
61 40 37 300
61 91 7 170
61 81 15 16
61 88 22 37
61 26 25 90
61 27 43 151
61 62 29 12
62 64 3 187
62 69 10 63
62 39 15 214
62 72 13 4
62 40 37 154
62 110 59 74
62 15 22 9
62 112 43 210
62 79 31 164
62 118 55 121
62 92 25 46
62 62 1 12
63 32 49 4
63 2 43 198
63 41 46 142
63 12 31 190
63 49 37 5
63 83 3 80
63 119 28 51
63 85 15 59
63 55 19 195
63 27 7 108
63 29 55 240
63 62 25 12
64 64 25 187
64 32 21 43
64 101 31 3
64 40 7 154
64 79 13 191
64 54 49 52
64 22 1 329
64 56 34 137
64 57 47 19
64 26 37 19
64 91 55 112
64 93 43 316
65 96 13 65
65 100 10 50
65 103 37 22
65 106 29 8
65 43 5 113
65 44 19 185
65 16 55 104
65 56 46 99
65 57 49 19
65 58 59 67
65 29 51 240
65 95 1 123
66 98 43 176
66 34 1 82
66 100 13 89
66 4 19 90
66 70 39 144
66 103 25 60
66 72 37 4
66 78 9 10
66 53 23 311
66 88 58 37
66 25 33 26
66 60 16 93
67 66 33 71
67 98 13 143
67 102 4 25
67 75 46 145
67 46 37 292
67 50 55 133
67 18 57 350
67 54 7 52
67 87 21 27
67 88 1 24
67 93 25 232
67 31 29 107
68 4 13 56
68 7 55 96
68 104 37 47
68 42 19 179
68 48 53 151
68 117 28 116
68 54 49 60
68 27 7 178
68 92 4 157
68 61 25 17
68 62 11 12
68 31 17 107
69 32 37 43
69 97 44 436
69 37 4 140
69 106 15 8
69 108 23 35
69 79 7 136
69 18 31 199
69 53 58 146
69 21 1 100
69 55 25 118
69 25 21 26
69 60 17 14
70 66 27 39
70 35 21 347
70 38 1 66
70 7 31 96
70 40 13 217
70 10 11 23
70 111 46 27
70 50 35 133
70 22 37 173
70 90 23 87
70 60 41 14
70 95 7 117
71 32 3 43
71 66 5 39
71 2 59 45
71 5 19 193
71 44 7 122
71 13 13 286
71 53 46 146
71 118 55 105
71 89 1 2
71 90 11 74
71 57 17 19
72 8 55 102
72 41 3 205
72 78 11 10
72 92 52 89
72 17 13 18
72 114 31 228
72 82 17 34
72 116 7 309
72 26 45 12
72 60 1 93
72 63 28 20
72 95 37 68
73 97 37 436
73 100 7 50
73 46 13 292
73 111 10 95
73 16 25 104
73 17 53 11
73 80 5 204
73 117 49 106
73 55 43 127
73 92 58 46
73 61 40 17
73 95 1 68
74 96 43 65
74 65 29 21
74 72 1 4
74 73 7 7
74 77 55 147
74 21 19 161
74 56 37 150
74 57 13 108
74 90 17 115
74 59 49 61
74 62 33 12
74 63 25 128
75 96 25 130
75 3 43 37
75 68 59 31
75 101 40 38
75 102 31 79
75 35 7 347
75 39 55 231
75 120 19 241
75 17 9 18
75 56 13 150
75 89 53 2
75 28 3 31
76 64 33 130
76 97 49 51
76 4 43 56
76 105 31 33
76 106 39 8
76 45 47 79
76 80 23 98
76 112 55 138
76 18 9 199
76 114 1 149
76 52 7 105
76 29 13 240
77 96 1 65
77 35 23 347
77 4 55 56
77 67 43 7
77 45 41 158
77 111 46 95
77 16 7 124
77 113 34 28
77 18 13 350
77 54 37 81
77 90 53 87
77 93 19 232
78 32 45 43
78 103 33 60
78 71 40 125
78 104 49 110
78 74 31 15
78 108 29 35
78 12 55 159
78 78 15 10
78 79 25 211
78 113 19 70
78 82 37 45
78 56 52 150
79 38 28 66
79 39 19 132
79 72 15 4
79 75 31 145
79 45 34 158
79 15 25 9
79 80 13 204
79 82 23 45
79 84 1 58
79 87 17 27
79 120 7 54
79 90 5 87
80 96 37 65
80 99 4 334
80 4 25 74
80 70 13 97
80 78 19 10
80 47 47 42
80 81 59 16
80 50 41 147
80 115 43 188
80 91 34 146
80 61 1 19
80 30 21 160
81 96 13 130
81 34 19 67
81 35 41 212
81 99 43 213
81 37 22 159
81 6 49 30
81 39 31 278
81 47 3 42
81 21 58 107
81 90 17 86
81 31 9 107
81 63 25 20
82 65 5 21
82 68 13 31
82 37 1 140
82 7 19 84
82 72 11 4
82 13 35 286
82 110 53 74
82 50 15 147
82 115 31 168
82 119 7 51
82 24 43 230
82 120 25 54
83 35 43 212
83 68 1 31
83 14 55 57
83 48 41 81
83 112 31 210
83 18 25 199
83 115 13 168
83 51 7 68
83 53 17 311
83 23 19 82
83 92 3 46
83 62 58 5
84 97 44 351
84 4 49 34
84 104 34 47
84 9 9 182
84 42 3 153
84 43 17 111
84 44 13 122
84 108 1 35
84 81 19 16
84 83 7 36
84 120 37 54
84 24 21 230
85 65 23 21
85 66 41 39
85 39 43 132
85 74 1 15
85 60 17 40
85 80 35 98
85 48 47 81
85 49 19 5
85 50 5 133
85 55 37 127
85 58 11 135
85 92 28 46
86 98 1 143
86 99 52 334
86 100 19 50
86 69 22 63
86 66 25 71
86 39 31 231
86 75 55 85
86 79 27 136
86 80 47 98
86 113 16 28
86 90 35 86
86 28 10 6
87 97 55 80
87 5 37 224
87 6 49 38
87 39 13 132
87 14 1 72
87 48 17 81
87 113 52 28
87 55 7 127
87 24 43 115
87 89 11 2
87 58 19 135
87 63 34 20
88 67 28 57
88 102 40 25
88 7 33 100
88 40 51 291
88 105 49 33
88 46 55 379
88 78 21 10
88 50 9 147
88 83 59 36
88 25 31 26
88 91 1 146
88 94 43 181
89 32 11 43
89 66 23 71
89 100 55 50
89 40 19 291
89 59 49 14
89 9 13 287
89 107 1 216
89 43 9 111
89 109 25 156
89 46 37 353
89 25 17 1
89 91 31 112
90 32 47 4
90 100 52 43
90 5 37 302
90 37 34 140
90 40 19 217
90 75 7 85
90 18 25 350
90 54 1 52
90 55 13 127
90 91 58 112
90 92 49 46
90 95 43 68
91 97 37 351
91 100 1 50
91 70 49 44
91 39 25 231
91 105 29 33
91 10 7 23
91 46 13 139
91 48 11 91
91 21 22 100
91 118 58 128
91 90 5 86
91 28 40 3
92 58 43 135
92 100 37 64
92 6 13 49
92 39 1 231
92 104 34 110
92 72 9 4
92 38 16 79
92 110 5 77
92 15 58 9
92 116 25 88
92 25 19 26
92 90 23 115
93 35 13 212
93 36 16 62
93 101 28 38
93 44 37 162
93 45 23 158
93 80 25 204
93 113 4 70
93 114 19 228
93 84 49 113
93 119 31 51
93 24 43 256
93 89 9 2
94 32 45 4
94 66 59 39
94 68 23 31
94 41 52 142
94 79 19 215
94 49 13 32
94 19 3 196
94 52 11 105
94 21 25 131
94 83 41 52
94 92 31 89
94 63 55 20
95 64 13 219
95 97 19 351
95 11 10 137
95 49 22 5
95 84 43 92
95 117 1 200
95 85 49 15
95 54 55 81
95 56 4 150
95 89 7 2
95 26 51 19
95 63 16 20
96 4 25 34
96 37 37 140
96 70 13 48
96 6 19 30
96 42 46 153
96 107 55 216
96 116 10 309
96 52 1 105
96 86 31 121
96 58 49 67
96 94 51 186
96 31 3 107
97 96 7 55
97 65 1 21
97 4 43 13
97 100 25 50
97 71 49 118
97 42 28 179
97 109 19 156
97 13 5 417
97 115 55 175
97 117 13 200
97 86 37 123
97 95 21 123
98 70 43 116
98 71 4 125
98 105 35 33
98 41 25 205
98 11 7 137
98 18 13 199
98 55 31 220
98 85 51 15
98 119 22 51
98 26 55 79
98 61 37 17
99 34 52 13
99 7 7 84
99 76 55 370
99 77 25 69
99 78 23 10
99 80 35 204
99 20 13 203
99 21 19 100
99 54 37 52
99 22 31 173
99 93 43 232
99 62 5 12
100 36 9 62
100 71 28 125
100 106 43 28
100 75 13 145
100 47 45 42
100 111 52 95
100 17 7 18
100 113 22 70
100 16 58 104
100 116 19 88
100 54 1 133
100 120 31 290
101 96 1 130
101 2 22 198
101 68 59 6
101 37 10 159
101 38 7 66
101 7 37 116
101 104 31 47
101 9 43 360
101 75 19 85
101 76 49 370
101 109 27 156
101 28 13 3
102 64 49 187
102 2 27 198
102 67 16 57
102 101 52 22
102 69 31 63
102 10 21 23
102 11 34 126
102 13 43 286
102 48 59 91
102 55 37 155
102 90 19 86
102 61 7 17
103 65 7 21
103 66 55 71
103 99 13 213
103 69 58 63
103 102 34 18
103 39 3 132
103 105 37 33
103 42 10 153
103 50 41 133
103 83 1 80
103 53 19 146
103 59 51 31
104 33 43 80
104 2 4 218
104 102 52 25
104 103 1 60
104 44 25 194
104 14 22 183
104 16 34 124
104 49 40 32
104 21 57 158
104 88 13 37
104 25 9 1
105 66 47 39
105 6 7 49
105 7 25 96
105 8 1 102
105 105 39 33
105 12 49 159
105 112 31 268
105 81 55 16
105 114 57 201
105 53 43 311
105 24 13 256
105 58 21 135
106 96 1 55
106 64 46 187
106 97 50 351
106 100 58 43
106 6 16 30
106 76 25 114
106 52 9 105
106 21 37 131
106 54 19 81
106 92 34 89
107 2 55 198
107 68 45 6
107 41 28 205
107 106 1 8
107 10 9 23
107 77 13 141
107 14 58 57
107 51 19 94
107 93 31 316
107 54 3 81
107 92 49 89
108 101 37 3
108 103 55 22
108 75 7 145
108 14 46 72
108 48 50 261
108 115 19 188
108 85 3 59
108 54 25 137
108 120 31 163
108 26 13 90
109 2 45 198
109 98 9 176
109 35 41 347
109 36 28 62
109 3 7 37
109 103 52 29
109 108 25 35
109 111 58 95
109 48 1 261
109 115 37 188
109 25 21 1
109 26 31 86
110 100 10 64
110 6 25 49
110 74 3 15
110 43 28 111
110 44 55 162
110 80 37 204
110 112 19 268
110 51 13 99
110 116 43 88
110 115 31 175
110 83 47 36
110 89 51 2
111 90 47 87
111 38 4 66
111 39 19 214
111 44 7 162
111 80 27 204
111 81 23 16
111 83 25 80
111 84 55 92
111 85 41 15
111 26 31 19
111 30 13 116
111 63 37 20
112 33 19 41
112 69 46 63
112 10 49 23
112 11 55 137
112 76 51 114
112 109 5 193
112 14 15 183
112 47 9 42
112 87 13 27
112 120 31 241
112 26 1 86
112 92 25 157
113 35 59 212
113 100 1 89
113 105 51 33
113 10 45 23
113 76 25 370
113 81 15 18
113 17 57 11
113 113 37 70
113 83 49 80
113 87 41 27
113 24 19 256
113 95 7 148
114 67 49 7
114 75 10 145
114 15 43 9
114 80 52 204
114 113 3 28
114 116 46 88
114 54 31 133
114 119 25 51
114 120 13 163
114 90 59 87
114 92 28 89
114 93 37 232
115 36 34 62
115 5 45 224
115 6 40 49
115 4 49 75
115 8 19 109
115 105 23 33
115 81 57 16
115 54 7 167
115 89 29 2
115 90 25 115
115 61 4 19
115 62 43 12
116 98 19 143
116 5 55 224
116 103 13 60
116 78 27 10
116 111 10 101
116 46 1 353
116 53 25 311
116 22 49 173
116 87 34 27
116 57 59 61
116 59 43 61
116 28 31 6
117 66 1 71
117 69 43 53
117 39 49 190
117 41 3 142
117 43 21 111
117 92 34 46
117 16 46 90
117 112 7 210
117 50 53 133
117 25 13 1
117 27 15 108
117 28 58 3
118 97 56 351
118 2 53 70
118 3 1 37
118 35 27 212
118 41 22 142
118 106 5 8
118 48 29 81
118 113 7 70
118 84 13 58
118 31 19 107
118 63 10 20
119 101 7 22
119 102 40 18
119 75 25 145
119 46 57 292
119 15 49 9
119 17 55 11
119 50 1 147
119 22 13 177
119 57 29 61
119 91 4 146
119 92 46 89
119 63 43 20
120 2 40 70
120 35 1 347
120 100 22 50
120 72 27 4
120 74 5 15
120 12 7 190
120 13 19 286
120 112 43 268
120 16 13 104
120 118 58 121
120 25 29 26
120 92 31 46
121 104 7 110
121 106 57 8
121 12 19 190
121 45 17 158
121 46 25 411
121 80 40 204
121 17 51 11
121 117 37 106
121 54 13 81
121 23 31 252
121 89 3 29
121 92 43 89
122 100 31 50
122 5 55 193
122 6 40 30
122 45 37 158
122 52 3 105
122 84 13 113
122 23 7 171
122 56 46 150
122 57 53 61
122 88 43 1
122 60 35 35
122 95 49 123
123 2 37 198
123 4 1 56
123 101 10 22
123 104 52 47
123 74 7 15
123 108 13 35
123 110 25 75
123 114 31 149
123 18 43 199
123 23 27 82
123 60 5 93
123 31 15 107
124 2 46 70
124 35 29 212
124 72 17 4
124 9 49 62
124 73 25 13
124 79 19 191
124 51 1 94
124 116 31 309
124 85 9 59
124 22 55 173
124 55 13 155
124 89 37 2
125 66 17 71
125 100 13 50
125 10 25 23
125 107 43 196
125 43 33 111
125 79 19 136
125 17 47 11
125 82 23 34
125 49 49 5
125 55 1 155
125 57 5 61
125 91 27 112
126 97 4 351
126 66 11 39
126 70 55 44
126 40 49 154
126 42 7 153
126 47 17 42
126 19 23 97
126 20 19 448
126 120 31 54
126 24 13 230
126 95 43 64
126 63 1 20
127 98 13 176
127 39 37 231
127 27 55 108
127 107 33 254
127 14 4 72
127 81 25 16
127 56 49 137
127 89 17 2
127 90 31 87
127 88 28 37
127 92 46 46
127 63 19 20
128 34 7 67
128 100 40 50
128 5 31 224
128 7 49 85
128 75 10 85
128 13 27 286
128 17 45 11
128 114 1 201
128 23 13 119
128 22 19 177
128 55 55 127
128 57 17 61
129 97 1 299
129 66 28 71
129 101 19 22
129 70 37 48
129 104 25 47
129 105 17 33
129 75 31 85
129 16 55 90
129 80 41 98
129 20 34 101
129 117 43 106
129 62 22 12
130 96 37 91
130 67 16 7
130 38 31 66
130 70 25 97
130 8 49 102
130 109 23 156
130 14 43 72
130 78 29 10
130 115 1 191
130 55 7 195
130 90 41 87
130 62 19 12
131 66 15 39
131 70 1 144
131 7 55 87
131 9 7 360
131 106 45 8
131 75 52 145
131 110 27 75
131 47 19 42
131 116 21 309
131 27 37 151
131 60 35 14
131 63 31 20
132 33 7 44
132 97 34 351
132 3 3 37
132 68 27 31
132 5 43 193
132 36 31 62
132 111 19 101
132 81 1 16
132 62 15 12
132 92 22 157
132 30 55 76
132 31 51 107
133 96 49 55
133 98 25 91
133 12 3 190
133 79 45 191
133 111 13 53
133 16 16 104
133 85 43 15
133 22 7 173
133 23 37 82
133 87 59 4
133 118 55 128
133 58 1 135
134 32 13 43
134 41 37 142
134 44 1 185
134 14 15 72
134 80 7 204
134 53 58 311
134 86 49 74
134 119 46 14
134 54 21 52
134 25 19 1
134 90 29 87
134 91 10 112
135 96 43 130
135 4 31 74
135 36 40 62
135 100 4 89
135 101 7 38
135 41 56 142
135 106 21 8
135 42 50 176
135 44 13 194
135 62 27 12
136 65 3 21
136 97 7 351
136 3 19 24
136 33 55 41
136 100 52 50
136 102 49 18
136 41 10 142
136 76 37 114
136 109 45 156
136 46 21 292
136 79 13 164
136 52 35 105
137 68 31 31
137 108 58 17
137 50 19 133
137 18 7 350
137 116 28 88
137 53 11 311
137 52 33 105
137 118 49 128
137 56 52 137
137 26 43 58
137 59 37 14
137 93 1 232
138 64 28 187
138 97 49 436
138 66 31 71
138 71 1 118
138 45 5 158
138 14 22 72
138 47 25 42
138 116 13 88
138 117 34 106
138 85 55 15
138 55 7 155
138 28 52 3
139 96 43 55
139 99 2 213
139 68 19 31
139 5 15 193
139 47 29 42
139 84 25 113
139 85 13 59
139 23 7 82
139 88 52 24
139 26 21 86
139 93 37 161
140 2 33 198
140 99 55 334
140 36 1 62
140 103 58 22
140 108 19 35
140 45 25 158
140 77 27 141
140 44 37 185
140 15 16 36
140 114 43 228
140 54 21 133
140 88 7 24
141 96 33 39
141 64 49 219
141 2 17 198
141 37 28 140
141 39 55 190
141 107 37 216
141 48 41 151
141 84 7 113
141 58 25 135
141 59 19 14
141 61 4 17
141 94 43 98
142 96 37 55
142 2 1 198
142 68 55 6
142 5 13 224
142 104 28 47
142 42 57 153
142 20 7 203
142 56 46 137
142 94 3 208
142 91 52 112
142 92 10 89
142 62 33 7
143 109 29 156
143 14 7 183
143 111 19 95
143 80 17 204
143 79 55 136
143 18 31 226
143 82 53 34
143 85 47 15
143 22 1 173
143 119 10 14
143 93 13 161
143 62 35 7
144 2 10 218
144 36 7 53
144 69 34 63
144 6 46 38
144 44 55 122
144 45 31 158
144 48 17 151
144 17 41 11
144 49 43 5
144 53 59 151
144 86 25 121
144 63 49 20
145 100 49 64
145 103 10 60
145 41 43 142
145 11 22 137
145 13 58 286
145 49 46 32
145 113 55 42
145 17 39 11
145 117 52 106
145 23 25 252
145 58 41 135
145 59 13 115
146 64 34 219
146 33 1 44
146 98 49 135
146 7 13 96
146 73 46 34
146 42 37 179
146 107 25 234
146 108 9 35
146 81 21 16
146 55 55 155
146 56 43 150
147 67 31 57
147 101 22 38
147 69 28 84
147 71 52 118
147 105 15 33
147 47 49 42
147 81 17 18
147 50 19 147
147 51 37 99
147 116 34 88
147 22 43 177
147 56 58 137
148 68 47 6
148 37 13 159
148 71 19 125
148 74 9 15
148 43 49 111
148 77 57 141
148 52 17 39
148 84 43 113
148 54 31 52
148 21 52 131
148 57 41 19
148 58 55 67
149 99 31 213
149 36 55 53
149 4 7 75
149 6 52 30
149 11 58 126
149 83 35 52
149 20 4 448
149 54 13 137
149 87 19 27
149 86 21 150
149 28 1 3
149 93 43 161
150 65 17 21
150 2 15 198
150 67 4 7
150 68 11 31
150 70 19 40
150 39 43 231
150 40 31 217
150 42 40 153
150 115 55 168
150 53 49 311
150 92 25 89
150 63 7 20
151 96 31 91
151 64 25 219
151 2 53 198
151 66 37 71
151 36 16 53
151 3 21 24
151 103 28 29
151 44 7 185
151 15 1 36
151 115 43 175
151 117 4 200
151 92 40 89
152 98 49 36
152 35 53 212
152 103 43 29
152 11 31 126
152 80 29 98
152 112 3 210
152 50 7 147
152 83 41 36
152 51 55 99
152 88 25 24
152 25 1 1
152 90 47 86
153 67 40 57
153 37 55 140
153 105 47 33
153 10 43 23
153 49 37 32
153 17 33 11
153 51 49 94
153 84 25 92
153 19 7 196
153 87 29 27
153 60 19 93
153 93 9 316
154 64 19 187
154 66 49 71
154 100 13 64
154 101 22 3
154 6 1 49
154 39 7 132
154 103 16 29
154 11 27 126
154 44 31 122
154 112 37 138
154 85 25 59
154 56 4 99
155 33 43 44
155 68 39 31
155 103 19 60
155 74 15 15
155 107 3 254
155 109 59 156
155 110 47 75
155 118 7 212
155 89 57 2
155 90 1 115
155 93 49 232
155 31 33 107
156 103 46 29
156 73 55 35
156 42 37 176
156 108 21 35
156 44 1 162
156 12 7 211
156 78 31 10
156 21 28 100
156 28 43 3
156 93 13 326
156 95 49 70
156 63 58 20
157 32 29 43
157 100 16 64
157 101 22 22
157 39 49 132
157 8 31 77
157 9 7 381
157 59 43 25
157 107 1 234
157 20 55 203
157 118 58 131
157 89 25 2
157 27 37 108
158 66 59 71
158 99 1 334
158 100 52 64
158 6 46 49
158 106 31 8
158 112 7 138
158 113 16 70
158 114 55 149
158 49 43 32
158 20 49 101
158 88 34 24
158 28 40 6
159 64 55 130
159 97 4 299
159 65 19 21
159 98 49 45
159 100 28 50
159 102 43 18
159 112 13 210
159 18 7 226
159 20 21 203
159 56 1 99
159 88 46 1
159 31 53 41
160 32 33 43
160 98 13 117
160 35 17 347
160 58 9 135
160 101 1 22
160 41 49 142
160 76 57 114
160 17 31 11
160 86 43 131
160 90 55 86
160 60 53 14
160 62 37 12
161 38 10 66
161 41 31 142
161 106 35 8
161 11 22 126
161 46 49 292
161 79 43 164
161 114 13 149
161 86 25 123
161 88 37 24
161 57 29 19
161 59 1 61
162 65 41 21
162 68 45 31
162 6 28 49
162 9 55 299
162 106 33 8
162 13 31 286
162 92 13 157
162 16 22 124
162 51 7 99
162 20 1 448
162 28 25 6
162 95 49 68
163 6 7 30
163 40 25 291
163 107 31 234
163 76 19 114
163 75 43 26
163 109 1 156
163 16 40 90
163 117 16 106
163 27 49 92
163 60 5 14
163 94 55 98
164 34 43 67
164 102 10 79
164 103 37 29
164 104 40 110
164 6 22 49
164 9 13 182
164 11 19 137
164 109 49 156
164 78 35 10
164 16 46 104
164 25 17 26
164 26 31 90
165 64 16 187
165 34 51 67
165 99 55 213
165 35 19 347
165 8 45 77
165 105 7 33
165 73 40 34
165 106 49 8
165 50 13 147
165 88 34 37
165 59 9 87
165 31 43 107
166 98 57 135
166 68 55 31
166 102 1 25
166 103 40 29
166 11 10 126
166 13 21 286
166 79 49 191
166 114 13 201
166 22 43 260
166 55 31 155
166 89 23 2
166 61 28 17
167 99 22 213
167 100 37 50
167 105 5 33
167 11 19 126
167 107 43 102
167 112 13 138
167 80 17 98
167 84 7 58
167 119 1 51
167 88 40 24
167 60 11 40
168 26 37 86
168 68 49 31
168 37 4 159
168 38 34 79
168 101 31 38
168 69 51 84
168 17 27 11
168 83 59 80
168 90 41 115
168 61 46 17
168 94 19 181
168 95 55 117
169 96 31 65
169 65 11 21
169 4 7 56
169 69 25 84
169 7 37 96
169 105 3 33
169 43 19 111
169 76 43 114
169 15 13 36
169 19 5 196
169 53 47 311
169 119 16 51
170 96 49 35
170 66 31 39
170 70 27 48
170 7 37 84
170 40 43 154
170 42 33 176
170 76 1 370
170 77 55 69
170 45 21 158
170 17 25 11
170 31 11 107
171 36 25 62
171 37 7 159
171 73 43 34
171 107 13 254
171 75 55 145
171 110 33 75
171 111 4 101
171 81 52 16
171 23 37 252
171 89 21 2
171 91 28 146
171 31 31 107
172 65 53 21
172 100 7 64
172 101 16 38
172 105 49 10
172 75 40 145
172 114 19 201
172 61 34 17
172 52 51 105
172 118 28 131
172 119 37 51
172 91 46 112
172 29 1 240
173 96 7 130
173 4 31 56
173 69 37 63
173 102 25 18
173 74 17 15
173 110 19 75
173 14 1 183
173 18 55 226
173 115 13 175
173 120 43 163
173 91 21 146
173 60 35 40
174 2 59 198
174 26 55 12
174 98 1 176
174 5 43 302
174 71 10 118
174 91 16 146
174 25 5 1
174 58 13 135
174 27 19 151
174 28 49 3
174 63 40 20
175 32 41 43
175 3 37 37
175 101 58 38
175 73 31 36
175 42 16 179
175 17 7 11
175 49 43 70
175 83 47 80
175 87 55 27
175 88 28 24
175 27 49 178
175 92 1 157
176 32 7 43
176 2 3 198
176 36 58 32
176 37 52 140
176 42 40 176
176 78 37 10
176 19 33 97
176 22 9 260
176 54 43 60
176 58 15 135
176 29 19 240
176 62 17 12
177 96 55 94
177 4 37 74
177 102 15 25
177 103 49 29
177 39 7 231
177 45 52 158
177 17 13 11
177 82 35 45
177 23 1 252
177 88 46 24
177 30 19 116
178 2 19 198
178 99 52 213
178 37 31 140
178 75 46 26
178 110 29 74
178 111 43 27
178 48 35 91
178 83 5 52
178 20 40 101
178 86 9 71
178 91 16 112
178 31 23 41
179 35 47 212
179 68 52 6
179 70 9 97
179 40 37 217
179 42 28 153
179 44 31 162
179 109 7 156
179 79 13 215
179 84 19 58
179 22 43 329
179 88 4 24
179 92 55 46
180 99 10 213
180 100 4 64
180 5 55 302
180 101 1 38
180 103 7 60
180 107 37 102
180 13 17 286
180 17 15 11
180 20 25 101
180 24 33 115
180 58 23 135
180 27 19 108
181 64 7 219
181 101 19 38
181 38 43 79
181 113 49 28
181 82 53 45
181 85 33 59
181 118 1 212
181 119 40 51
181 24 13 332
181 25 23 1
181 117 46 125
181 59 55 25
182 97 28 351
182 69 25 53
182 7 37 85
182 12 7 119
182 28 19 3
182 110 22 75
182 79 49 164
182 114 43 149
182 20 58 101
182 21 4 100
182 92 15 46
182 62 13 12
183 27 13 178
183 105 53 10
183 44 25 185
183 14 34 183
183 84 55 113
183 85 45 15
183 20 31 448
183 25 3 26
183 26 49 79
183 59 7 61
183 60 11 93
183 94 19 186
184 67 46 7
184 6 1 30
184 43 43 111
184 75 28 85
184 109 41 156
184 84 7 115
184 85 59 15
184 118 16 212
184 24 37 256
184 58 4 135
184 93 49 161
184 63 13 20
185 32 17 43
185 2 57 198
185 36 22 53
185 38 1 79
185 71 31 125
185 6 43 30
185 42 10 179
185 60 7 93
185 61 13 17
185 94 37 186
185 31 27 107
186 2 9 198
186 70 43 40
186 43 47 111
186 12 19 119
186 17 17 11
186 49 4 32
186 115 37 168
186 83 11 52
186 85 7 59
186 23 13 82
186 89 41 2
186 94 25 98
187 101 25 22
187 38 34 66
187 7 43 96
187 74 23 15
187 11 52 126
187 12 1 211
187 50 47 147
187 114 7 295
187 21 55 131
187 26 37 78
187 59 19 25
187 30 13 160
188 64 34 187
188 34 28 67
188 5 7 224
188 69 55 63
188 39 37 190
188 76 1 114
188 113 51 42
188 83 15 80
188 21 31 131
188 88 58 1
188 57 41 61
188 63 46 20
189 6 31 49
189 103 4 60
189 104 22 110
189 13 41 286
189 47 27 42
189 16 43 124
189 113 1 70
189 115 7 175
189 84 37 113
189 119 34 51
189 62 49 12
190 65 37 21
190 98 43 36
190 36 13 62
190 39 1 214
190 107 55 196
190 44 39 122
190 13 53 286
190 16 34 104
190 113 31 28
190 19 17 97
190 115 49 168
190 87 27 27
191 34 1 67
191 66 4 71
191 100 34 50
191 37 37 167
191 7 7 96
191 72 21 4
191 51 25 120
191 118 31 239
191 120 43 241
191 26 49 58
191 30 55 116
191 95 13 123
192 35 37 347
192 72 31 4
192 73 58 34
192 106 1 28
192 104 10 110
192 44 13 162
192 47 23 42
192 15 28 36
192 113 25 70
192 59 3 115
192 60 21 93
192 63 33 128
193 64 40 187
193 65 31 21
193 34 22 67
193 97 10 351
193 4 45 74
193 73 28 7
193 13 15 286
193 110 53 75
193 78 43 10
193 59 33 87
193 92 37 89
193 94 1 98
194 96 19 130
194 3 11 37
194 102 13 79
194 104 43 110
194 105 57 10
194 9 25 299
194 73 52 27
194 48 7 151
194 16 4 124
194 119 46 51
194 62 39 12
194 31 41 107
195 69 4 138
195 102 34 25
195 11 1 192
195 109 7 193
195 47 21 42
195 49 25 32
195 115 49 188
195 24 57 256
195 89 55 2
195 58 39 135
195 59 13 87
195 92 10 157
196 32 5 43
196 99 40 213
196 69 13 63
196 8 27 102
196 105 59 10
196 111 10 53
196 51 31 120
196 83 53 52
196 118 16 131
196 90 57 86
196 63 22 20
196 31 25 107
197 97 43 299
197 106 51 8
197 107 7 216
197 113 34 70
197 114 25 228
197 51 37 94
197 17 21 11
197 50 59 133
197 22 1 311
197 58 17 135
197 93 13 344
197 95 55 68
198 64 58 130
198 67 13 7
198 37 7 140
198 105 1 33
198 43 25 111
198 76 33 370
198 11 4 126
198 80 31 204
198 114 49 149
198 21 39 59
198 55 43 118
198 93 19 316
199 96 55 55
199 40 1 291
199 105 41 33
199 76 15 370
199 110 13 75
199 15 46 9
199 48 59 81
199 17 19 11
199 16 7 104
199 54 37 133
199 22 25 173
199 61 52 17
200 2 47 45
200 104 4 47
200 10 1 23
200 111 49 27
200 80 59 98
200 48 11 81
200 18 19 199
200 114 55 23
200 20 43 101
200 22 13 173
200 94 7 98
201 33 31 41
201 101 28 22
201 104 40 47
201 11 49 126
201 107 19 216
201 79 7 215
201 52 47 105
201 93 1 316
201 54 43 52
201 21 55 100
201 25 37 1
202 64 58 187
202 5 19 224
202 37 10 140
202 75 52 26
202 77 37 69
202 13 49 286
202 115 25 168
202 21 7 100
202 119 55 14
202 120 43 54
202 59 1 14
202 93 13 316
203 97 1 351
203 34 34 67
203 38 28 79
203 103 55 29
203 105 43 33
203 10 47 23
203 77 49 69
203 78 41 10
203 80 11 98
203 20 16 101
203 85 37 59
203 89 59 2
204 96 25 65
204 33 37 41
204 67 58 7
204 35 15 347
204 69 49 63
204 71 22 125
204 109 53 156
204 81 3 16
204 83 41 80
204 21 7 161
204 87 5 27
204 90 29 115
205 96 43 39
205 70 19 97
205 6 4 30
205 104 7 47
205 40 55 217
205 10 15 23
205 42 49 153
205 44 31 185
205 109 13 156
205 50 35 147
205 54 25 81
205 56 10 150
206 4 19 34
206 70 55 40
206 103 31 16
206 41 28 142
206 107 49 234
206 13 3 417
206 110 41 75
206 111 34 95
206 77 43 69
206 83 39 80
206 119 13 51
206 31 37 107
207 2 47 198
207 67 13 57
207 6 16 49
207 7 43 85
207 38 49 66
207 13 7 286
207 112 31 138
207 17 9 11
207 50 23 147
207 114 25 149
207 53 5 311
207 30 19 76
208 101 55 38
208 7 37 100
208 105 9 33
208 107 49 254
208 12 13 266
208 77 1 141
208 108 33 35
208 87 31 27
208 26 25 86
208 91 43 146
208 28 19 6
208 62 59 12
209 98 19 91
209 70 31 40
209 8 37 77
209 75 13 85
209 111 16 95
209 49 4 5
209 114 43 201
209 83 35 80
209 50 47 133
209 87 9 27
209 24 25 230
210 64 43 187
210 68 47 31
210 4 25 56
210 72 19 4
210 73 22 13
210 10 37 23
210 75 34 85
210 46 1 139
210 83 31 80
210 25 7 26
210 27 9 151
210 30 39 76
211 68 57 31
211 101 25 38
211 102 40 79
211 76 13 114
211 28 49 6
211 78 33 10
211 116 37 88
211 85 35 59
211 119 52 51
211 89 47 2
211 92 7 157
211 30 1 160
212 71 34 118
212 72 3 4
212 40 49 217
212 41 13 142
212 44 19 162
212 110 1 75
212 79 37 215
212 113 58 42
212 83 7 80
212 119 10 51
212 120 25 163
212 26 43 78
213 6 37 49
213 72 5 4
213 74 27 15
213 16 31 104
213 48 29 91
213 114 7 201
213 80 3 204
213 117 40 106
213 86 55 123
213 90 11 86
213 28 34 6
213 63 52 20
214 2 59 70
214 36 52 32
214 41 25 142
214 42 19 153
214 14 49 72
214 79 1 136
214 112 55 268
214 47 11 42
214 18 37 226
214 115 7 168
214 59 13 61
214 61 31 17
215 35 34 212
215 68 9 31
215 69 1 63
215 39 45 190
215 42 25 153
215 45 13 158
215 17 43 11
215 83 29 52
215 24 55 115
215 57 23 19
215 92 19 46
215 62 7 12
216 97 16 351
216 102 21 18
216 70 37 40
216 104 10 47
216 105 19 33
216 18 55 199
216 51 25 94
216 55 49 127
216 58 7 135
216 94 1 181
216 95 31 64
217 32 43 4
217 100 46 50
217 69 55 84
217 43 52 111
217 75 37 145
217 13 1 417
217 111 49 95
217 49 40 5
217 119 58 14
217 90 27 115
217 60 13 93
217 31 35 107
218 34 58 13
218 9 31 299
218 107 37 196
218 12 25 190
218 111 7 95
218 16 10 104
218 81 5 16
218 83 17 52
218 120 19 163
218 26 13 78
218 27 43 108
218 62 3 12
219 98 31 143
219 66 13 71
219 90 53 86
219 38 16 66
219 103 37 16
219 15 10 9
219 80 46 204
219 114 49 228
219 120 55 54
219 26 19 78
219 63 43 46
220 64 52 187
220 96 7 65
220 66 46 71
220 101 28 3
220 6 4 49
220 103 19 29
220 104 43 47
220 41 40 142
220 77 31 179
220 21 55 107
220 53 13 311
220 91 49 112
221 98 43 91
221 35 31 347
221 7 55 49
221 8 15 102
221 40 37 291
221 42 27 176
221 10 13 23
221 109 9 156
221 49 34 5
221 114 1 228
221 25 25 1
221 94 49 98
222 97 7 436
222 67 10 7
222 104 16 47
222 110 3 75
222 14 25 72
222 17 5 18
222 82 19 45
222 120 37 163
222 92 22 89
222 94 31 181
222 95 49 117
223 98 55 36
223 37 22 140
223 6 46 30
223 5 49 302
223 12 13 190
223 48 31 81
223 52 53 39
223 53 19 311
223 55 25 127
223 24 7 332
223 89 3 2
223 31 11 41
224 64 16 219
224 97 40 351
224 34 49 13
224 3 5 37
224 71 13 118
224 14 52 72
224 17 3 18
224 18 25 226
224 50 57 133
224 55 19 127
224 26 7 19
224 94 31 98
225 65 35 21
225 3 10 24
225 4 1 74
225 5 19 302
225 6 31 30
225 45 55 158
225 54 25 133
225 120 49 163
225 26 13 86
225 59 37 61
225 60 23 93
226 40 13 154
226 9 37 299
226 105 25 33
226 77 49 125
226 14 19 72
226 46 7 139
226 118 43 121
226 23 27 255
226 89 31 2
226 91 1 112
226 61 55 17
227 96 37 39
227 101 25 3
227 69 1 53
227 7 43 87
227 40 7 291
227 48 17 91
227 114 13 228
227 19 53 97
227 83 59 52
227 56 31 137
227 60 23 14
228 66 43 71
228 35 4 347
228 38 37 66
228 103 34 29
228 104 55 47
228 105 27 33
228 7 49 96
228 112 13 268
228 50 11 147
228 118 1 131
228 23 19 171
228 30 7 160
229 32 39 43
229 101 43 22
229 38 4 79
229 14 10 183
229 16 19 124
229 82 13 45
229 115 25 175
229 52 41 105
229 61 1 17
229 57 23 108
229 63 15 128
229 31 46 107
230 96 19 39
230 2 49 198
230 69 46 53
230 71 55 118
230 107 51 196
230 50 17 147
230 20 1 203
230 53 7 311
230 119 43 14
230 25 35 1
230 58 27 135
230 60 5 40
231 64 31 219
231 35 25 347
231 8 19 77
231 75 16 145
231 77 37 141
231 84 7 92
231 21 1 161
231 118 52 128
231 87 23 27
231 23 43 171
231 25 27 1
231 59 57 21
232 64 37 187
232 8 27 45
232 104 1 47
232 45 7 158
232 46 9 353
232 109 4 156
232 79 49 136
232 112 43 138
232 56 33 99
232 62 31 7
232 94 13 98
232 95 19 64
233 100 16 50
233 5 49 224
233 8 7 77
233 9 43 182
233 12 37 119
233 14 34 72
233 17 29 11
233 52 19 105
233 117 21 106
233 87 3 27
233 24 25 256
234 33 13 41
234 98 55 45
234 2 31 198
234 99 19 213
234 39 7 214
234 44 1 122
234 13 33 286
234 110 29 75
234 17 5 11
234 88 43 24
234 26 25 58
234 120 49 54
235 2 35 198
235 99 7 213
235 36 28 53
235 74 21 15
235 42 37 153
235 75 1 145
235 10 23 23
235 112 49 138
235 50 4 147
235 118 46 121
235 54 13 52
235 88 25 37
236 96 49 39
236 99 46 213
236 69 7 63
236 71 37 125
236 75 28 145
236 109 3 193
236 48 53 91
236 84 19 92
236 21 25 161
236 24 31 256
236 25 11 1
236 59 13 14
237 36 4 53
237 69 1 138
237 38 25 79
237 104 28 110
237 80 9 204
237 49 46 5
237 16 49 104
237 61 16 17
237 52 39 105
237 85 21 59
237 93 31 232
238 103 46 16
238 7 21 96
238 8 1 77
238 10 19 23
238 107 25 216
238 110 43 74
238 80 33 204
238 48 29 151
238 49 55 5
238 51 49 99
238 52 37 53
238 62 31 12
239 98 31 117
239 6 43 38
239 70 1 48
239 8 55 77
239 9 49 299
239 12 37 211
239 15 28 9
239 51 19 120
239 21 10 161
239 89 13 2
239 28 46 3
239 31 41 41
240 96 31 94
240 4 19 74
240 7 7 116
240 71 43 125
240 9 13 299
240 74 39 15
240 106 37 8
240 47 1 42
240 112 25 210
240 20 4 203
240 88 52 37
240 59 55 61
241 33 13 44
241 66 53 71
241 35 34 347
241 36 31 53
241 37 28 159
241 6 25 30
241 68 57 6
241 8 7 102
241 41 22 205
241 76 37 386
241 118 19 212
241 27 1 151
242 4 19 56
242 7 1 84
242 79 31 136
242 50 7 133
242 83 5 80
242 116 10 88
242 53 51 311
242 20 37 101
242 89 15 2
242 25 23 26
242 95 25 68
243 97 46 299
243 101 13 38
243 69 16 63
243 40 19 154
243 43 23 111
243 45 3 158
243 13 1 286
243 19 31 97
243 57 35 19
243 28 7 6
243 61 10 17
243 31 29 41
244 32 1 43
244 64 22 187
244 67 52 7
244 70 7 48
244 43 31 111
244 15 40 9
244 16 19 104
244 114 25 201
244 23 3 171
244 25 29 1
244 30 13 76
245 64 10 187
245 98 1 117
245 7 49 87
245 72 41 4
245 105 45 33
245 46 55 139
245 79 25 164
245 17 37 11
245 81 19 18
245 82 35 34
245 22 13 260
245 93 21 326
246 96 49 130
246 101 34 38
246 6 43 49
246 106 41 8
246 108 27 35
246 78 17 10
246 118 10 212
246 22 55 177
246 88 31 37
246 59 19 87
246 31 39 107
246 63 46 128
247 37 16 140
247 8 31 45
247 42 13 179
247 75 4 85
247 14 49 57
247 15 1 9
247 47 7 42
247 114 9 228
247 19 55 97
247 115 25 188
247 57 59 19
247 91 22 112
248 104 16 110
248 105 21 33
248 9 1 360
248 107 55 234
248 111 31 95
248 80 59 204
248 54 43 133
248 55 51 155
248 89 49 2
248 59 25 25
248 94 37 181
248 57 11 61
249 96 7 39
249 64 31 187
249 34 1 13
249 42 16 153
249 11 13 126
249 12 25 119
249 112 55 210
249 80 29 204
249 18 49 361
249 114 37 201
249 21 43 59
249 94 19 98
250 32 31 43
250 33 25 44
250 2 19 218
250 4 37 56
250 5 9 193
250 38 58 66
250 72 33 4
250 106 13 8
250 76 21 370
250 52 53 105
250 27 1 178
250 95 43 123
251 68 37 31
251 69 58 84
251 70 43 75
251 9 1 287
251 10 39 23
251 105 51 10
251 42 22 153
251 46 7 292
251 88 55 37
251 25 25 26
251 59 31 61
252 35 10 347
252 103 22 60
252 72 29 4
252 41 7 142
252 106 17 8
252 71 4 118
252 77 31 141
252 82 25 45
252 118 37 128
252 88 49 37
252 89 1 29
253 97 22 299
253 33 37 44
253 3 47 37
253 100 25 64
253 73 55 13
253 106 53 8
253 44 49 122
253 109 1 193
253 78 45 10
253 18 13 226
253 62 41 12
253 63 4 128
254 5 49 193
254 71 4 78
254 8 9 45
254 9 25 182
254 108 7 35
254 49 16 5
254 55 31 127
254 118 13 131
254 86 19 121
254 24 37 230
254 31 47 41
255 64 55 187
255 37 58 140
255 27 49 108
255 44 13 185
255 14 40 72
255 15 34 9
255 113 7 28
255 114 1 295
255 52 31 105
255 59 25 14
255 60 47 40
255 30 43 76
256 97 16 436
256 67 1 7
256 4 7 34
256 45 27 158
256 108 5 35
256 111 22 95
256 13 25 286
256 51 31 68
256 55 37 195
256 91 13 146
256 60 53 40
257 69 19 63
257 5 7 302
257 8 13 77
257 43 40 111
257 111 37 95
257 113 25 28
257 82 17 45
257 115 43 168
257 23 49 171
257 120 1 54
257 59 31 14
258 32 35 43
258 36 58 53
258 78 39 10
258 14 19 183
258 17 11 18
258 18 49 199
258 51 25 99
258 52 13 105
258 117 55 106
258 22 7 177
258 56 1 150
258 57 23 61
259 32 43 43
259 2 7 218
259 101 16 22
259 103 31 29
259 104 19 110
259 73 39 35
259 8 25 77
259 44 49 162
259 15 34 36
259 81 13 16
259 19 9 196
259 120 55 163
260 97 33 436
260 67 22 57
260 37 19 159
260 38 7 79
260 90 31 115
260 14 25 183
260 113 10 70
260 17 3 11
260 115 37 175
260 83 28 80
260 26 55 58
260 27 13 151
261 66 51 71
261 4 13 74
261 38 22 79
261 71 19 157
261 72 39 4
261 106 27 8
261 109 57 156
261 52 45 105
261 21 31 161
261 20 34 203
261 94 7 186
261 31 49 107
262 98 19 176
262 101 4 38
262 7 43 100
262 103 58 29
262 9 49 182
262 46 25 379
262 82 29 34
262 116 55 88
262 54 13 133
262 25 33 1
262 26 7 86
263 33 19 80
263 67 43 57
263 9 7 299
263 74 33 15
263 106 58 28
263 14 46 183
263 111 13 101
263 16 55 124
263 47 39 42
263 84 49 115
263 53 31 311
263 89 5 29
264 96 55 39
264 2 1 218
264 103 27 16
264 104 13 47
264 42 7 179
264 109 47 156
264 79 31 191
264 50 25 147
264 52 21 105
264 57 11 108
264 91 3 170
264 63 52 46
265 96 55 65
265 102 28 18
265 7 31 116
265 105 13 33
265 75 22 85
265 76 37 370
265 14 46 57
265 54 49 133
265 23 7 252
265 95 15 148
265 63 4 20
266 98 7 143
266 99 40 334
266 68 21 31
266 37 16 159
266 71 1 125
266 40 43 291
266 16 37 124
266 55 33 195
266 88 55 1
266 58 31 135
266 59 25 61
266 28 13 6
267 13 47 286
267 110 31 75
267 111 39 53
267 48 23 151
267 15 4 9
267 45 45 158
267 109 43 156
267 51 7 120
267 54 25 52
267 86 33 150
267 26 13 19
267 62 37 7
268 2 13 198
268 67 55 7
268 71 49 78
268 8 33 102
268 110 41 74
268 46 1 292
268 47 31 42
268 80 5 98
268 19 58 97
268 85 11 59
268 89 43 2
268 90 29 86
269 2 15 218
269 100 28 64
269 102 10 25
269 7 49 100
269 103 7 29
269 71 58 118
269 108 17 35
269 15 55 9
269 84 31 113
269 120 37 241
269 61 19 17
269 94 1 186
270 96 49 65
270 66 19 71
270 68 25 31
270 37 31 159
270 102 37 18
270 110 35 75
270 82 11 34
270 51 13 120
270 20 46 101
270 21 4 161
270 52 27 105
270 87 57 4
271 101 46 22
271 7 13 84
271 11 7 126
271 107 31 196
271 44 25 162
271 77 19 69
271 43 35 111
271 112 37 210
271 115 1 168
271 20 52 101
271 90 23 74
271 28 10 3
272 99 40 120
272 102 55 18
272 45 53 79
272 16 43 90
272 17 49 11
272 18 19 226
272 113 13 70
272 116 1 88
272 117 25 106
272 57 11 19
272 29 7 240
272 25 5 26
273 2 17 218
273 99 46 334
273 4 13 13
273 36 49 32
273 71 52 78
273 91 25 146
273 114 31 201
273 116 1 309
273 23 55 82
273 26 19 19
273 27 37 92
273 30 7 76
274 32 53 4
274 98 55 143
274 34 16 67
274 7 37 87
274 40 1 217
274 73 25 7
274 8 21 102
274 45 19 158
274 83 47 52
274 24 31 332
274 92 10 46
275 2 5 198
275 38 55 33
275 71 1 78
275 40 43 300
275 107 31 216
275 48 35 151
275 82 52 9
275 117 13 106
275 86 7 121
275 23 37 171
275 92 22 46
275 94 25 181
276 33 19 44
276 3 17 24
276 38 40 66
276 40 7 300
276 73 31 13
276 91 37 146
276 75 49 145
276 109 35 156
276 49 25 5
276 22 1 260
276 26 43 86
276 27 55 151
277 64 10 219
277 101 49 22
277 104 22 47
277 11 40 126
277 46 1 379
277 113 13 28
277 114 55 228
277 115 31 188
277 52 5 105
277 86 25 150
277 92 7 89
277 31 59 41
278 64 1 219
278 98 49 143
278 39 19 231
278 103 10 29
278 13 45 286
278 111 13 95
278 85 53 15
278 23 31 119
278 26 55 19
278 28 7 3
278 63 37 46
278 95 25 117
279 66 40 71
279 67 4 57
279 100 1 64
279 105 33 33
279 74 35 15
279 75 22 145
279 45 47 158
279 109 55 156
279 15 37 9
279 115 7 188
279 52 43 105
279 21 49 131
280 36 55 32
280 5 37 193
280 68 7 31
280 42 13 153
280 107 25 196
280 108 3 35
280 15 9 36
280 17 1 18
280 19 5 97
280 120 19 54
280 24 31 230
280 58 29 135
281 97 31 351
281 5 25 193
281 8 1 45
281 9 43 62
281 92 7 46
281 47 5 42
281 114 19 149
281 53 39 311
281 21 10 100
281 120 13 54
281 89 35 2
281 60 29 14
282 65 33 21
282 99 37 120
282 8 25 109
282 14 4 183
282 92 16 157
282 113 55 28
282 17 59 11
282 86 19 164
282 54 49 81
282 26 43 19
282 60 9 93
283 33 1 41
283 39 31 132
283 72 7 4
283 41 16 142
283 40 25 154
283 13 23 286
283 46 37 139
283 115 19 168
283 21 13 100
283 25 11 26
283 27 43 84
284 3 58 24
284 26 31 58
284 37 40 140
284 5 27 224
284 100 4 50
284 106 7 8
284 42 52 153
284 80 1 204
284 52 25 105
284 54 9 133
284 56 22 99
284 90 17 87
285 32 27 43
285 101 37 38
285 70 31 48
285 42 43 153
285 106 47 8
285 46 49 353
285 16 22 104
285 17 35 11
285 82 7 45
285 23 13 171
285 55 1 127
285 24 9 256
286 2 7 198
286 35 22 212
286 4 1 34
286 5 31 193
286 37 13 140
286 40 25 217
286 75 55 26
286 85 5 59
286 55 37 118
286 88 52 1
286 93 9 232
287 97 51 80
287 69 25 63
287 73 22 7
287 9 13 360
287 111 34 53
287 47 37 42
287 21 10 131
287 54 55 60
287 55 1 195
287 91 43 112
287 95 39 117
288 65 25 21
288 70 13 40
288 72 23 4
288 10 5 23
288 44 43 162
288 77 7 69
288 83 17 80
288 86 55 74
288 24 49 230
288 28 1 6
288 94 37 98
289 4 31 34
289 37 1 159
289 38 43 66
289 103 40 16
289 71 10 125
289 43 13 111
289 112 19 210
289 82 5 45
289 54 55 52
289 27 49 151
289 93 15 342
289 94 25 186
290 70 25 40
290 106 9 8
290 44 43 122
290 48 23 81
290 18 3 226
290 116 49 88
290 85 1 59
290 23 31 171
290 87 15 27
290 118 40 128
290 91 19 112
291 36 4 62
291 102 46 18
291 71 7 125
291 104 58 47
291 78 1 10
291 112 49 210
291 16 10 124
291 52 37 105
291 58 35 135
291 27 25 151
291 28 55 3
291 93 13 232
292 68 29 31
292 41 34 142
292 78 7 10
292 16 4 104
292 80 11 204
292 49 1 32
292 51 13 94
292 20 31 101
292 19 37 97
292 22 19 173
292 25 9 26
292 95 55 64
293 98 43 155
293 70 55 48
293 6 37 30
293 40 13 291
293 9 19 182
293 102 52 18
293 75 1 85
293 110 35 74
293 49 7 5
293 20 10 203
293 116 4 309
293 27 31 151
294 33 31 44
294 34 46 67
294 6 10 49
294 70 1 97
294 103 22 29
294 102 19 79
294 16 52 124
294 50 37 147
294 115 55 188
294 82 41 45
294 25 15 1
294 91 49 146
295 96 13 55
295 65 21 21
295 66 29 39
295 71 25 125
295 46 49 139
295 79 43 211
295 113 37 28
295 54 7 81
295 57 47 61
295 91 31 146
295 93 55 161
296 65 51 21
296 66 1 91
296 72 25 4
296 73 58 35
296 107 13 234
296 116 31 88
296 117 7 200
296 54 3 167
296 89 45 2
296 27 19 178
296 28 37 6
296 63 10 128
297 103 43 16
297 9 55 62
297 12 37 159
297 45 9 158
297 46 25 139
297 111 1 95
297 76 31 114
297 15 19 9
297 52 52 63
297 86 13 121
298 32 51 4
298 97 13 351
298 67 19 57
298 5 31 302
298 102 37 25
298 40 43 217
298 75 58 85
298 114 7 149
298 22 1 177
298 87 25 27
298 30 27 76
299 70 49 97
299 75 43 145
299 109 15 156
299 14 28 72
299 60 23 40
299 16 31 124
299 47 13 42
299 89 39 2
299 58 47 43
299 92 55 89
299 93 1 326
299 31 35 41
300 2 13 218
300 67 7 57
300 3 15 24
300 70 49 116
300 104 31 110
300 73 57 27
300 51 43 120
300 116 34 309
300 85 27 59
300 54 37 137
300 21 22 161
300 26 1 90
Trạng thái nghiệm: 1
Điểm tối ưu: 3544
Thời gian: 1010.8040 giây
