550
1 3 37 47
1 5 23 11
1 6 40 24
1 8 51 20
1 9 34 52
1 10 55 16
1 11 7 31
1 12 10 38
1 13 1 5
1 18 13 39
1 19 57 15
1 20 5 55
2 3 13 7
2 4 9 67
2 5 57 11
2 6 49 24
2 7 22 57
2 8 55 50
2 10 15 16
2 12 28 38
2 13 37 5
2 15 40 41
2 17 1 7
2 20 33 57
3 2 49 36
3 3 51 47
3 4 45 67
3 5 13 44
3 6 28 24
3 7 10 57
3 8 33 20
3 9 16 52
3 10 43 16
3 12 40 44
3 15 25 41
3 16 3 51
4 3 43 47
4 5 55 11
4 6 52 24
4 7 34 22
4 9 31 10
4 10 27 16
4 11 11 31
4 12 19 44
4 13 13 5
4 16 47 51
4 19 7 15
4 20 17 55
5 3 17 47
5 5 13 11
5 7 43 57
5 8 49 50
5 9 52 52
5 11 1 31
5 12 55 38
5 13 22 5
5 14 15 74
5 17 31 7
5 19 3 15
5 20 37 55
6 2 31 36
6 4 27 59
6 5 25 44
6 6 43 24
6 8 15 20
6 10 1 16
6 11 39 31
6 12 58 38
6 13 52 5
6 19 7 68
6 20 41 55
7 2 3 54
7 3 47 47
7 4 43 59
7 7 10 22
7 9 40 10
7 10 19 16
7 12 22 38
7 13 55 5
7 14 1 74
7 17 15 7
7 18 31 71
7 20 13 55
8 2 11 36
8 3 9 47
8 5 29 44
8 8 47 50
8 9 13 52
8 11 45 31
8 13 40 5
8 16 33 73
8 17 55 6
8 18 1 71
8 20 51 55
9 2 25 54
9 3 5 47
9 4 37 59
9 7 1 65
9 9 52 10
9 10 7 16
9 11 27 49
9 14 13 74
9 15 55 41
9 17 33 6
9 18 43 39
9 20 29 57
10 2 1 36
10 5 27 11
10 6 22 24
10 7 52 22
10 9 43 10
10 11 39 49
10 13 55 19
10 16 7 51
10 18 15 71
10 19 31 68
10 20 37 57
11 2 3 36
11 4 51 59
11 5 39 11
11 7 58 57
11 8 37 20
11 9 55 10
11 11 25 31
11 12 7 44
11 13 16 5
11 19 21 15
11 20 27 57
12 3 27 47
12 6 55 24
12 9 10 10
12 11 15 49
12 12 19 38
12 13 43 5
12 14 41 19
12 15 46 41
12 18 1 39
12 20 39 55
13 2 29 54
13 3 39 47
13 4 31 59
13 5 59 11
13 6 49 74
13 7 16 65
13 8 57 20
13 10 41 16
13 11 27 31
13 12 1 38
13 13 19 5
13 14 5 74
14 4 13 67
14 5 53 11
14 7 25 22
14 8 35 50
14 9 58 52
14 11 33 49
14 12 49 38
14 14 19 19
14 15 1 46
14 16 17 73
14 17 7 7
14 18 37 39
15 2 7 36
15 3 5 7
15 5 47 11
15 6 37 74
15 7 58 22
15 8 9 20
15 9 25 52
15 11 33 31
15 13 49 5
15 17 13 6
15 20 35 57
16 2 17 36
16 3 53 47
16 4 3 59
16 5 1 11
16 6 37 24
16 9 28 10
16 10 25 59
16 11 57 49
16 12 7 38
16 16 45 51
16 20 23 55
17 4 31 67
17 5 49 11
17 6 4 24
17 7 55 65
17 8 29 50
17 9 16 10
17 11 53 31
17 13 10 19
17 14 23 74
17 15 13 46
17 16 21 51
17 17 39 6
18 3 59 47
18 6 25 24
18 8 11 20
18 9 22 52
18 10 5 16
18 11 15 31
18 13 7 19
18 14 33 19
18 15 19 41
18 18 49 71
18 19 45 68
19 2 51 54
19 5 37 11
19 9 19 52
19 10 35 16
19 11 49 49
19 12 25 38
19 14 11 74
19 15 22 46
19 17 55 7
19 18 7 71
19 20 47 55
20 3 41 7
20 4 19 67
20 5 51 11
20 6 31 24
20 9 46 52
20 12 37 44
20 14 29 74
20 15 7 41
20 18 25 39
20 19 1 68
20 20 13 57
21 2 21 54
21 4 55 59
21 5 29 11
21 6 46 74
21 7 37 65
21 9 34 10
21 12 52 44
21 15 7 46
21 16 1 51
21 20 49 55
22 2 57 36
22 3 29 47
22 8 27 20
22 9 49 52
22 10 35 59
22 13 43 19
22 14 9 74
22 15 37 46
22 17 15 38
22 18 31 39
22 20 21 55
23 2 41 54
23 3 49 47
23 4 55 67
23 5 17 44
23 6 43 74
23 9 19 10
23 10 9 16
23 11 11 49
23 12 22 44
23 13 46 19
23 14 59 74
23 19 37 15
24 2 9 36
24 3 19 47
24 5 17 11
24 8 3 50
24 10 59 59
24 15 46 46
24 16 5 73
24 17 37 7
24 19 13 68
24 20 1 55
25 2 15 54
25 3 57 47
25 4 7 59
25 5 11 11
25 8 1 50
25 9 37 52
25 12 31 44
25 16 27 73
25 19 49 68
25 20 3 55
26 2 29 36
26 5 35 11
26 6 7 24
26 7 49 57
26 8 41 50
26 9 31 52
26 10 47 16
26 13 10 5
26 14 19 74
26 16 43 51
26 18 55 71
27 2 39 36
27 3 1 47
27 4 19 59
27 5 41 11
27 6 52 74
27 8 7 20
27 9 28 52
27 10 13 16
27 14 31 19
27 15 16 46
27 17 9 6
27 20 55 55
28 2 5 36
28 4 1 67
28 7 34 65
28 8 59 20
28 9 49 10
28 11 19 49
28 12 31 38
28 13 7 5
28 15 16 41
28 16 39 51
28 20 57 55
29 3 23 47
29 5 43 11
29 6 46 24
29 11 5 49
29 13 25 19
29 14 7 74
29 15 34 41
29 16 57 73
29 18 19 39
29 19 37 68
29 20 15 55
30 2 35 54
30 3 11 47
30 5 25 11
30 9 55 52
30 10 37 16
30 11 59 31
30 14 3 74
30 15 28 46
30 16 39 73
30 17 21 6
30 19 31 15
31 2 15 36
31 3 29 7
31 5 3 11
31 6 34 74
31 9 7 52
31 10 45 16
31 12 52 38
31 14 21 74
31 15 10 41
31 19 25 68
31 20 39 57
32 3 23 7
32 7 4 57
32 8 17 50
32 9 43 52
32 11 59 49
32 12 49 44
32 13 46 5
32 15 52 41
32 17 19 7
32 18 9 39
32 19 27 15
33 5 15 11
33 8 5 20
33 9 1 52
33 10 25 16
33 11 21 49
33 13 49 19
33 14 55 74
33 15 28 41
33 16 13 51
33 17 43 7
33 18 37 71
34 2 25 36
34 3 47 7
34 5 33 11
34 7 55 57
34 8 19 20
34 9 58 10
34 12 4 44
34 13 52 19
34 14 21 19
34 15 37 41
34 19 13 15
34 20 45 55
35 6 58 24
35 7 43 22
35 8 17 20
35 10 47 59
35 11 13 31
35 12 10 44
35 13 31 5
35 14 25 74
35 15 34 46
35 16 37 51
36 2 21 36
36 3 45 47
36 5 31 11
36 8 39 20
36 9 4 52
36 10 57 16
36 11 41 31
36 15 52 46
36 16 33 51
36 17 25 6
36 20 9 55
37 2 47 36
37 5 21 11
37 6 10 24
37 7 40 22
37 8 19 50
37 10 59 16
37 12 43 44
37 13 28 19
37 15 49 46
37 16 5 51
37 17 1 6
37 20 35 55
38 3 33 47
38 4 13 59
38 5 9 11
38 6 19 24
38 7 46 22
38 8 3 20
38 10 17 16
38 13 58 5
38 16 11 73
38 18 25 71
39 2 19 36
39 6 13 24
39 7 7 57
39 9 25 10
39 10 11 59
39 12 43 38
39 13 34 5
39 14 17 74
39 17 51 7
39 18 57 39
40 2 11 54
40 6 34 24
40 7 58 65
40 10 39 16
40 11 9 31
40 12 55 44
40 13 28 5
40 15 13 41
40 16 51 73
40 18 19 71
40 20 1 57
41 3 35 7
41 5 27 44
41 6 40 74
41 8 7 50
41 10 23 59
41 11 51 49
41 12 4 38
41 13 58 19
41 15 55 46
41 16 13 73
41 20 19 57
42 5 5 11
42 7 49 65
42 8 1 20
42 10 3 16
42 11 17 49
42 13 13 19
42 14 35 19
42 15 25 46
42 16 21 73
42 19 45 15
43 2 37 36
43 3 15 47
43 4 49 67
43 8 11 50
43 10 29 16
43 12 1 44
43 13 4 19
43 14 27 74
43 16 45 73
43 20 41 57
44 2 59 36
44 3 41 47
44 5 15 44
44 6 1 24
44 8 27 50
44 9 7 10
44 11 57 31
44 12 34 38
44 13 4 5
44 14 39 19
44 17 49 6
44 18 45 71
45 2 33 54
45 3 11 7
45 5 19 11
45 8 39 50
45 9 46 10
45 12 58 44
45 13 16 19
45 16 27 51
45 19 49 15
46 4 25 67
46 5 45 11
46 8 15 50
46 11 9 49
46 12 34 44
46 13 1 19
46 14 37 19
46 15 40 46
46 16 57 51
46 20 29 55
47 2 41 36
47 3 59 7
47 4 37 67
47 7 28 22
47 8 13 20
47 9 22 10
47 11 35 31
47 12 46 38
47 15 4 46
47 16 15 73
47 20 11 55
48 5 7 11
48 6 16 24
48 8 33 50
48 9 40 52
48 12 46 44
48 14 23 19
48 15 10 46
48 16 3 73
48 17 25 7
48 18 49 39
48 19 55 68
49 2 33 36
49 3 31 47
49 7 7 22
49 8 29 20
49 9 1 10
49 10 17 59
49 12 40 38
49 14 57 74
49 17 45 6
50 2 57 54
50 6 31 74
50 7 43 65
50 9 13 10
50 10 11 16
50 11 3 31
50 12 37 38
50 13 25 5
50 15 49 41
50 19 19 68
Trạng thái nghiệm: 0
Điểm tối ưu: 550
Thời gian: 935.3771 giây
