889
1 1 2 1
1 3 4 9
1 5 7 6
1 6 13 2
1 8 19 9
1 9 22 10
1 12 11 17
1 13 25 16
1 19 17 11
1 20 28 37
1 21 31 2
1 27 33 8
2 2 1 9
2 10 17 37
2 12 23 37
2 14 7 9
2 15 25 63
2 16 43 65
2 21 11 9
2 22 4 64
2 24 13 9
2 25 31 63
2 26 37 63
2 28 19 54
3 4 40 10
3 5 25 9
3 6 43 37
3 7 19 64
3 10 5 37
3 11 22 9
3 13 1 54
3 15 13 63
3 18 7 54
3 21 17 9
3 22 37 64
3 24 31 9
4 2 37 9
4 3 29 9
4 4 16 10
4 13 4 54
4 15 7 63
4 17 13 54
4 20 31 37
4 21 35 9
4 25 19 63
4 28 25 54
4 30 43 10
4 31 1 63
5 2 40 9
5 3 43 9
5 4 19 10
5 7 1 64
5 11 45 9
5 15 55 63
5 16 10 65
5 18 31 54
5 20 7 37
5 23 13 16
5 24 49 9
5 30 5 10
6 32 7 64
6 3 53 9
6 4 25 10
6 8 55 9
6 10 1 37
6 13 16 54
6 15 43 63
6 20 13 37
6 21 58 9
6 22 9 64
6 24 19 100
6 31 4 63
7 32 13 64
7 2 37 54
7 3 1 24
7 4 31 10
7 8 3 65
7 14 43 54
7 15 49 63
7 19 11 11
7 24 25 100
7 25 15 64
7 27 7 8
7 29 22 64
8 4 28 10
8 6 19 37
8 14 49 54
8 15 1 108
8 17 40 54
8 19 5 11
8 21 11 54
8 22 25 64
8 23 31 16
8 27 13 8
8 28 55 54
8 31 7 108
9 32 28 64
9 3 3 24
9 4 34 10
9 7 31 64
9 8 19 65
9 9 9 37
9 12 15 37
9 16 1 65
9 19 7 11
9 21 23 54
9 23 43 16
9 26 37 82
10 4 49 10
10 5 1 6
10 7 34 64
10 8 7 65
10 9 25 37
10 13 28 16
10 14 37 97
10 25 43 64
10 26 13 82
10 28 19 8
10 30 47 10
10 31 10 108
11 32 40 64
11 3 5 24
11 5 19 6
11 12 3 37
11 13 37 16
11 16 25 65
11 17 27 65
11 19 1 11
11 25 49 64
11 26 7 82
11 29 55 64
11 31 13 108
12 1 4 1
12 4 52 10
12 6 33 37
12 9 37 37
12 13 1 16
12 14 7 97
12 16 13 65
12 17 15 65
12 19 19 11
12 20 40 37
12 21 29 54
12 24 43 100
13 1 7 1
13 3 9 24
13 4 13 10
13 7 58 64
13 10 47 37
13 11 49 37
13 13 40 16
13 15 19 108
13 25 1 86
13 26 25 82
13 29 52 37
13 31 16 108
14 1 9 1
14 4 19 20
14 5 13 6
14 9 55 37
14 10 58 37
14 15 25 108
14 16 22 65
14 24 37 100
14 26 43 82
14 28 1 8
14 29 31 65
14 30 7 10
15 2 1 82
15 4 55 10
15 9 37 65
15 10 5 97
15 11 7 111
15 12 19 101
15 14 13 97
15 16 40 65
15 18 45 65
15 21 35 54
15 23 49 16
15 27 10 8
16 1 11 1
16 6 13 115
16 12 5 101
16 14 1 97
16 16 34 65
16 19 23 11
16 21 47 54
16 24 49 100
16 25 7 86
16 26 19 82
16 28 25 8
16 31 31 108
17 1 13 1
17 3 7 24
17 4 9 10
17 5 25 6
17 17 49 65
17 18 55 65
17 19 15 11
17 20 1 111
17 21 53 54
17 22 4 120
17 31 34 108
18 3 11 24
18 5 31 6
18 7 4 82
18 10 17 97
18 11 25 111
18 15 37 108
18 17 19 97
18 18 55 111
18 19 9 11
18 25 13 86
18 28 49 8
18 31 43 108
19 1 15 1
19 5 37 6
19 9 52 65
19 10 25 97
19 11 3 111
19 12 1 101
19 14 27 97
19 16 11 82
19 18 31 111
19 21 59 54
19 25 19 86
19 27 43 8
20 32 47 64
20 2 31 82
20 3 13 24
20 7 34 82
20 14 43 97
20 18 15 111
20 19 21 11
20 22 1 120
20 24 7 100
20 28 37 8
20 29 49 82
20 30 58 10
21 32 53 64
21 2 58 82
21 3 15 24
21 8 10 111
21 14 31 97
21 15 49 108
21 19 3 11
21 20 13 111
21 22 7 120
21 27 55 8
21 30 1 10
21 31 46 108
22 1 17 1
22 8 52 82
22 10 11 97
22 14 1 18
22 15 55 108
22 17 22 97
22 19 13 11
22 20 19 111
22 21 5 108
22 23 25 11
22 26 7 99
22 28 37 111
23 32 59 65
23 5 43 6
23 7 55 82
23 10 35 97
23 11 21 111
23 12 7 101
23 18 49 111
23 22 10 120
23 23 31 11
23 25 25 86
23 28 1 115
24 4 37 10
24 5 49 6
24 8 28 111
24 10 41 97
24 15 1 23
24 16 17 82
24 17 55 97
24 19 43 11
24 20 35 111
24 21 23 108
24 26 13 99
24 29 7 115
25 1 19 1
25 3 17 24
25 5 55 6
25 8 43 111
25 12 9 101
25 16 23 82
25 19 29 11
25 25 31 86
25 26 1 99
25 28 25 115
25 31 49 97
26 32 5 115
26 13 55 16
26 14 13 18
26 15 7 23
26 18 25 18
26 19 35 11
26 21 29 108
26 23 37 11
26 24 1 100
26 28 19 115
26 30 45 10
26 31 52 97
27 32 10 115
27 9 31 115
27 10 47 97
27 11 1 19
27 12 13 101
27 13 4 16
27 16 29 82
27 18 19 18
27 21 41 108
27 23 49 11
27 24 55 100
27 29 34 115
28 32 17 115
28 2 58 97
28 8 46 111
28 10 1 77
28 11 4 19
28 12 11 101
28 16 41 82
28 21 53 108
28 22 13 120
28 23 7 16
28 29 37 115
28 30 19 67
29 32 23 115
29 2 31 99
29 6 43 115
29 9 40 115
29 11 13 19
29 13 58 16
29 16 47 82
29 18 7 18
29 22 19 120
29 27 16 8
29 30 3 10
29 31 25 120
30 1 21 1
30 3 19 24
30 4 7 20
30 10 3 77
30 18 31 18
30 19 41 11
30 26 25 99
30 28 49 115
30 29 55 115
30 31 16 120
31 3 21 24
31 4 34 20
31 5 13 23
31 6 1 2
31 11 7 19
31 15 25 23
31 17 10 77
31 20 41 111
31 21 59 108
31 23 45 11
31 29 31 120
31 30 5 67
32 3 23 24
32 4 10 20
32 5 19 23
32 8 28 120
32 9 58 115
32 17 7 77
32 21 5 8
32 23 1 92
32 25 37 86
32 26 49 99
32 28 43 120
32 30 13 67
33 1 23 1
33 10 5 77
33 12 3 101
33 16 34 120
33 20 53 111
33 21 29 8
33 22 37 120
33 24 13 100
33 25 43 86
33 26 19 99
33 27 58 8
33 30 1 67
34 1 25 1
34 2 37 99
34 4 1 20
34 6 7 2
34 15 31 23
34 20 59 111
34 22 22 120
34 23 55 11
34 26 43 99
34 28 49 120
34 31 40 120
35 3 25 24
35 4 22 20
35 7 37 18
35 9 15 101
35 14 7 53
35 16 53 120
35 18 1 27
35 19 59 11
35 20 55 120
35 25 49 86
35 27 46 8
35 30 11 67
36 32 29 115
36 4 4 20
36 6 19 2
36 7 43 18
36 8 46 18
36 9 25 101
36 15 37 23
36 25 55 86
36 26 13 77
36 27 31 101
36 29 34 99
36 31 1 114
37 5 43 23
37 6 25 2
37 9 34 101
37 14 49 18
37 17 19 77
37 18 7 27
37 20 47 120
37 21 23 8
37 22 57 120
37 26 1 17
37 27 37 101
37 30 15 67
38 1 27 1
38 4 13 20
38 7 40 18
38 9 43 101
38 12 46 101
38 15 49 23
38 21 31 8
38 26 55 99
38 28 19 19
38 29 37 77
38 31 4 114
39 32 47 115
39 4 37 20
39 5 55 23
39 8 25 77
39 15 21 101
39 16 28 101
39 18 13 27
39 26 31 77
39 27 49 101
39 29 40 99
39 30 3 67
40 1 29 1
40 6 33 2
40 9 40 101
40 14 55 18
40 18 1 109
40 25 43 77
40 27 52 101
40 28 25 19
40 29 22 77
40 30 17 67
40 31 7 114
41 32 53 115
41 3 27 24
41 4 16 20
41 6 37 2
41 9 55 101
41 17 49 77
41 18 19 27
41 20 58 101
41 22 43 2
41 26 7 17
41 28 31 19
41 29 1 71
42 2 7 109
42 6 49 2
42 11 10 19
42 13 19 16
42 16 17 16
42 19 53 11
42 20 5 100
42 23 31 92
42 25 55 77
42 29 28 77
42 31 13 114
43 6 55 2
43 7 22 16
43 8 52 77
43 9 31 100
43 17 34 100
43 19 1 72
43 20 11 100
43 23 7 92
43 27 4 47
43 28 37 19
44 1 31 1
44 6 43 19
44 7 19 53
44 8 1 105
44 10 17 77
44 14 37 53
44 17 25 27
44 21 41 8
44 23 13 92
44 28 49 19
44 29 4 71
45 2 25 109
45 3 29 24
45 4 43 20
45 6 55 19
45 16 11 16
45 18 31 27
45 19 3 72
45 22 46 2
45 23 19 92
45 25 13 17
45 29 40 77
46 4 49 20
46 14 31 53
46 15 43 12
46 18 37 27
46 19 5 72
46 22 19 17
46 25 25 17
46 27 1 47
46 28 13 71
46 30 7 67
46 31 10 114
47 3 31 24
47 8 4 105
47 10 47 77
47 11 16 19
47 14 25 53
47 15 7 12
47 16 35 16
47 18 43 27
47 20 23 100
47 22 37 17
47 31 19 114
48 3 33 24
48 6 1 89
48 14 13 53
48 15 19 12
48 16 47 16
48 17 28 27
48 18 49 27
48 19 7 72
48 25 43 17
48 27 10 47
49 1 33 1
49 3 35 24
49 6 7 89
49 8 13 105
49 14 43 53
49 16 1 31
49 18 55 27
49 20 17 100
49 21 53 8
49 29 19 71
50 4 55 20
50 6 13 89
50 8 7 105
50 18 43 109
50 20 29 100
50 22 22 17
50 23 37 92
50 25 31 17
50 26 49 17
50 28 25 71
50 30 35 67
51 32 11 18
51 4 25 20
51 6 19 89
51 11 1 103
51 12 17 17
51 14 49 53
51 16 53 16
51 19 13 72
51 20 41 100
51 21 5 2
51 29 7 71
52 2 10 109
52 3 37 24
52 4 28 20
52 10 35 77
52 12 5 17
52 16 3 31
52 18 13 109
52 20 47 100
52 22 40 17
52 28 31 71
52 30 21 67
53 3 39 24
53 4 46 20
53 7 1 53
53 11 4 103
53 15 31 12
53 17 13 47
53 19 9 72
53 21 11 2
53 23 25 92
53 25 55 17
53 31 16 114
54 1 35 1
54 6 25 89
54 9 7 103
54 11 10 103
54 14 55 53
54 15 1 12
54 16 5 31
54 17 16 47
54 20 53 100
54 29 22 71
55 6 31 89
55 7 22 53
55 8 10 105
55 11 13 103
55 14 25 79
55 16 7 31
55 17 19 47
55 19 17 72
55 23 43 92
55 25 1 84
55 30 29 67
56 3 41 24
56 7 13 119
56 10 59 77
56 11 16 103
56 12 29 17
56 16 9 31
56 18 19 109
56 19 11 72
56 20 1 83
56 22 4 85
57 32 5 18
57 3 43 24
57 6 37 89
57 8 16 105
57 15 25 12
57 17 7 47
57 18 31 109
57 23 55 92
57 28 49 71
57 29 10 71
58 1 37 1
58 3 45 24
58 8 19 105
58 9 25 103
58 14 1 79
58 19 15 72
58 21 17 2
58 29 55 71
58 30 9 67
58 31 22 114
59 1 39 1
59 2 28 109
59 4 31 20
59 6 43 89
59 9 19 103
59 10 59 100
59 14 7 79
59 15 13 12
59 17 22 47
59 20 3 83
59 29 34 35
59 30 25 67
60 2 49 109
60 7 4 53
60 8 28 105
60 12 35 17
60 14 13 79
60 18 55 109
60 21 23 2
60 22 1 85
60 28 37 71
60 30 31 67
60 31 25 114
61 32 17 18
61 7 1 119
61 8 22 105
61 14 49 79
61 16 11 31
61 17 25 47
61 18 37 109
61 20 5 83
61 26 43 71
61 27 31 47
61 29 58 71
61 31 28 114
62 2 52 109
62 7 4 119
62 9 22 103
62 10 1 41
62 12 47 17
62 14 37 79
62 15 55 12
62 19 19 72
62 21 29 2
62 31 31 114
63 2 10 96
63 7 37 119
63 8 25 105
63 11 28 103
63 18 1 113
63 19 21 72
63 22 7 85
63 23 49 92
63 25 13 84
63 28 31 60
63 29 40 35
64 32 23 18
64 3 47 24
64 10 3 41
64 14 19 79
64 17 28 47
64 19 25 72
64 22 10 85
64 26 31 36
64 28 13 60
64 29 7 35
65 32 29 18
65 4 40 20
65 9 31 103
65 11 37 103
65 12 53 17
65 18 7 113
65 19 23 72
65 26 1 36
65 31 34 114
66 2 1 96
66 3 49 24
66 7 7 119
66 8 31 105
66 9 34 103
66 10 5 41
66 12 59 17
66 18 13 113
66 21 41 2
66 27 37 47
66 30 23 67
67 6 49 89
67 9 40 103
67 15 1 60
67 16 13 31
67 18 19 113
67 19 27 72
67 20 7 83
67 21 53 2
67 22 16 85
67 23 43 113
67 25 55 84
67 27 34 47
68 1 41 1
68 8 34 105
68 9 43 103
68 11 46 103
68 12 15 31
68 16 17 31
68 17 49 47
68 18 25 113
68 19 29 72
68 20 9 83
68 25 19 84
69 2 4 96
69 9 49 103
69 11 52 103
69 18 37 113
69 19 31 72
69 20 11 83
69 21 59 2
69 22 13 85
69 23 55 113
69 25 7 84
70 32 35 18
70 2 7 96
70 7 10 119
70 8 37 105
70 17 40 47
70 19 33 72
70 21 5 27
70 27 43 47
70 28 19 60
70 30 27 67
71 2 13 96
71 7 16 119
71 9 55 103
71 10 7 41
71 12 19 31
71 19 35 72
71 22 22 85
71 23 31 113
71 27 46 47
71 28 25 60
71 31 37 114
72 7 28 119
72 9 58 103
72 12 21 31
72 14 43 79
72 15 37 12
72 18 49 113
72 22 25 85
72 23 31 84
72 28 7 60
72 29 1 35
72 30 41 67
73 1 43 1
73 6 55 89
73 7 19 119
73 12 23 31
73 15 1 98
73 18 7 70
73 19 37 72
73 27 52 47
73 30 33 67
73 31 40 114
74 32 53 18
74 3 51 24
74 8 40 105
74 15 55 60
74 16 25 31
74 18 1 70
74 25 43 84
74 29 10 35
75 3 53 24
75 8 43 105
75 10 9 41
75 12 27 31
75 15 49 12
75 18 19 70
75 19 39 72
75 26 13 36
76 32 59 18
76 3 55 24
76 6 1 106
76 15 37 60
76 16 29 31
76 20 13 83
76 21 11 27
76 25 25 84
76 28 43 60
76 30 47 67
77 2 16 96
77 3 57 24
77 7 22 119
77 10 11 41
77 12 31 31
77 18 25 70
77 22 19 85
77 23 37 84
77 30 43 67
78 1 45 1
78 6 7 106
78 10 13 41
78 14 31 79
78 19 41 72
78 20 15 83
78 23 49 84
78 29 4 35
78 30 37 67
79 2 19 96
79 3 59 24
79 8 46 105
79 10 15 41
79 12 33 31
79 22 28 85
79 25 1 29
79 27 55 47
79 28 49 60
79 29 22 35
79 31 43 114
80 6 13 106
80 7 25 119
80 8 49 105
80 12 35 31
80 16 37 31
80 18 31 70
80 19 43 72
80 23 1 69
80 27 58 47
80 31 46 114
Trạng thái nghiệm: 1
Điểm tối ưu: 889
Thời gian: 1000.9320 giây
