1760
1 36 44 203
1 41 10 99
1 46 17 2
1 49 1 223
1 18 50 167
1 20 55 203
1 22 33 167
1 56 25 94
1 58 19 161
1 29 52 140
1 30 38 57
1 31 13 46
2 2 39 140
2 35 8 193
2 5 44 94
2 40 15 9
2 9 59 49
2 13 20 94
2 15 41 14
2 16 33 25
2 17 55 167
2 23 53 39
2 56 49 119
2 26 26 140
3 33 28 24
3 4 49 203
3 37 2 203
3 7 16 128
3 41 4 99
3 11 58 94
3 44 55 119
3 21 31 203
3 54 37 203
3 57 13 62
3 27 8 203
3 30 44 57
4 36 25 203
4 4 19 203
4 6 3 73
4 10 44 140
4 15 33 182
4 48 55 57
4 51 7 135
4 24 38 167
4 57 16 13
4 30 50 57
4 31 5 46
5 33 40 24
5 36 14 203
5 7 32 29
5 8 25 167
5 42 43 119
5 14 19 95
5 20 1 158
5 53 55 182
5 23 47 39
5 57 37 13
5 27 50 94
6 32 37 145
6 33 4 68
6 38 19 104
6 40 9 6
6 14 44 167
6 50 27 44
6 22 15 118
6 55 58 96
6 56 31 94
6 60 49 161
6 30 55 58
6 31 53 37
7 32 7 145
7 36 1 68
7 37 59 95
7 40 25 6
7 11 37 94
7 44 40 161
7 47 49 4
7 48 51 29
7 54 55 140
7 25 13 172
7 60 43 161
7 30 32 58
8 35 52 193
8 5 16 94
8 8 19 118
8 40 37 6
8 9 59 28
8 19 32 140
8 22 7 118
8 55 50 96
8 57 13 20
8 58 55 161
8 28 43 92
8 29 26 161
9 2 13 77
9 40 57 6
9 9 43 28
9 10 37 119
9 42 15 97
9 46 7 2
9 18 4 48
9 51 40 73
9 20 49 103
9 54 31 161
9 59 1 24
9 28 46 92
10 2 5 77
10 4 13 112
10 6 39 71
10 39 52 34
10 40 3 6
10 10 46 110
10 12 35 21
10 45 55 41
10 13 49 182
10 47 43 4
10 26 29 57
10 60 7 100
11 36 15 35
11 37 50 99
11 7 38 29
11 9 11 28
11 42 7 78
11 11 19 93
11 41 5 89
11 19 1 27
11 20 55 103
11 24 22 111
11 27 52 197
11 31 13 30
12 35 25 193
12 4 1 132
12 9 29 28
12 11 52 50
12 28 22 92
12 46 13 2
12 48 55 29
12 21 43 182
12 25 7 187
12 58 31 197
12 60 37 72
12 57 49 13
13 38 49 172
13 39 16 15
13 45 23 41
13 49 37 182
13 18 9 18
13 19 19 27
13 52 35 61
13 53 43 103
13 22 13 118
13 24 25 111
13 28 31 92
13 29 56 99
14 2 7 69
14 35 31 193
14 5 9 56
14 43 59 59
14 44 43 29
14 47 5 4
14 49 37 103
14 18 47 2
14 51 19 42
14 52 23 61
14 50 1 44
14 29 56 111
15 33 28 3
15 37 52 14
15 5 1 130
15 8 31 118
15 11 49 50
15 12 21 21
15 15 11 14
15 50 13 44
15 53 37 32
15 21 55 20
15 25 15 195
15 29 43 99
16 2 31 69
16 3 43 1
16 7 2 17
16 59 10 12
16 10 49 65
16 11 13 50
16 44 26 29
16 20 55 207
16 56 37 105
16 58 19 86
16 27 46 197
16 60 33 105
17 3 40 1
17 36 46 35
17 37 57 67
17 5 4 94
17 41 27 89
17 13 52 47
17 14 22 95
17 17 7 55
17 18 29 18
17 52 59 61
17 57 19 13
17 31 43 30
18 35 39 193
18 36 43 27
18 37 59 99
18 10 1 110
18 43 37 59
18 11 22 50
18 46 31 2
18 14 34 11
18 17 25 31
18 49 55 24
18 23 19 39
18 24 10 111
19 34 16 96
19 37 49 20
19 8 55 64
19 43 9 59
19 12 41 21
19 45 7 41
19 46 39 2
19 16 25 25
19 51 22 42
19 52 37 58
19 53 31 60
19 24 43 83
20 26 3 57
20 35 43 193
20 40 17 9
20 44 46 54
20 46 33 2
20 17 19 55
20 49 49 223
20 51 13 73
20 19 37 74
20 21 55 197
20 58 7 90
20 31 27 30
21 3 1 43
21 6 31 71
21 38 13 51
21 12 37 21
21 46 11 2
21 48 25 143
21 17 7 33
21 51 33 42
21 55 22 153
21 25 49 195
21 27 19 79
21 29 43 109
22 33 16 24
22 34 40 96
22 37 55 67
22 38 1 53
22 12 49 21
22 46 5 2
22 47 33 4
22 50 47 44
22 23 13 39
22 56 51 38
22 58 25 86
22 29 7 109
23 33 37 24
23 34 58 107
23 35 55 193
23 39 28 34
23 42 3 119
23 50 9 49
23 18 31 18
23 23 33 39
23 55 1 153
23 59 16 12
23 60 43 85
23 30 13 48
24 2 45 69
24 35 58 193
24 59 19 12
24 11 10 50
24 45 13 41
24 47 22 4
24 20 15 17
24 21 49 191
24 54 1 67
24 27 7 79
24 29 31 99
24 30 34 16
25 32 37 100
25 3 22 1
25 35 14 193
25 26 27 57
25 6 7 71
25 41 33 89
25 17 55 33
25 50 1 49
25 21 49 75
25 24 46 83
25 58 9 148
26 33 13 3
26 2 27 69
26 37 29 67
26 5 49 58
26 38 9 51
26 9 5 28
26 42 31 97
26 11 16 50
26 12 7 21
26 43 19 59
26 22 57 18
26 27 37 79
27 38 43 53
27 42 19 97
27 45 9 41
27 14 16 95
27 16 1 25
27 17 37 33
27 18 3 18
27 22 57 37
27 25 49 187
27 59 28 12
27 60 31 72
28 38 49 51
28 7 7 123
28 40 59 6
28 45 43 41
28 16 31 25
28 50 13 49
28 20 3 103
28 52 41 61
28 56 37 38
28 57 34 20
28 30 45 16
28 31 1 37
29 2 15 69
29 6 49 71
29 38 3 81
29 40 45 6
29 10 55 65
29 44 19 29
29 48 7 120
29 50 51 44
29 52 1 58
29 24 25 83
29 29 28 111
29 30 58 25
30 33 25 24
30 4 37 101
30 6 33 71
30 8 43 64
30 43 55 59
30 46 29 2
30 50 57 44
30 19 7 74
30 22 17 118
30 24 4 111
30 60 13 85
30 31 59 30
31 8 1 64
31 9 19 28
31 10 10 110
31 41 47 89
31 44 13 29
31 11 58 50
31 45 25 41
31 16 41 25
31 54 37 88
31 23 17 39
31 27 22 79
31 31 45 30
32 33 10 3
32 4 3 112
32 37 46 20
32 38 49 53
32 36 40 27
32 8 55 118
32 10 22 65
32 43 1 59
32 14 31 11
32 55 34 153
32 59 7 12
32 31 29 30
33 33 1 3
33 35 49 193
33 4 19 5
33 7 25 17
33 10 4 65
33 43 16 59
33 13 13 47
33 54 31 68
33 55 41 29
33 25 55 195
33 60 7 72
33 29 28 109
34 9 53 28
34 47 47 4
34 16 51 25
34 49 13 125
34 50 7 49
34 18 27 18
34 55 45 93
34 24 58 83
34 58 9 86
34 59 55 12
34 60 37 85
34 30 1 48
35 32 43 46
35 5 37 56
35 8 19 64
35 10 16 65
35 43 59 4
35 13 34 47
35 47 3 4
35 49 55 223
35 20 25 126
35 21 49 222
35 53 7 22
36 34 49 107
36 37 31 95
36 10 16 110
36 11 40 50
36 14 25 95
36 17 43 31
36 50 37 44
36 51 22 73
36 19 34 27
36 23 9 39
36 29 52 109
36 30 55 45
37 35 21 193
37 9 49 28
37 11 55 50
37 44 34 54
37 47 27 4
37 48 51 120
37 18 19 18
37 50 43 44
37 53 1 60
37 22 11 118
37 57 46 13
37 60 7 85
38 2 59 69
38 34 7 112
38 36 43 37
38 8 49 64
38 9 21 28
38 12 3 21
38 45 39 41
38 47 13 4
38 54 25 150
38 25 31 187
38 58 15 90
38 31 57 30
39 41 9 89
39 49 55 126
39 50 15 44
39 51 19 73
39 19 52 27
39 21 43 191
39 55 49 29
39 23 7 39
39 56 1 61
39 25 37 195
39 26 17 57
39 30 28 16
40 33 43 3
40 2 25 69
40 35 4 193
40 37 41 20
40 40 47 6
40 44 1 29
40 15 23 14
40 50 49 44
40 21 7 75
40 22 31 37
40 54 37 67
40 31 11 30
41 3 16 1
41 37 53 20
41 41 35 89
41 45 19 41
41 14 21 11
41 15 13 14
41 51 7 42
41 21 43 75
41 22 11 37
41 24 4 83
41 25 55 172
41 29 25 99
42 34 55 96
42 3 31 1
42 4 43 101
42 58 1 86
42 42 9 195
42 45 15 41
42 16 29 25
42 52 7 58
42 22 51 18
42 26 19 57
42 29 22 109
43 37 45 14
43 8 1 45
43 10 7 65
43 12 23 21
43 48 15 77
43 49 55 152
43 18 49 2
43 16 21 25
43 21 31 75
43 22 43 18
43 54 25 67
44 32 15 46
44 34 10 107
44 2 1 77
44 39 7 15
44 12 29 21
44 14 43 11
44 50 23 44
44 19 46 27
44 18 37 18
44 24 40 83
44 26 35 57
45 4 19 101
45 5 40 94
45 37 58 14
45 36 55 27
45 12 9 21
45 14 28 95
45 17 13 33
45 50 5 44
45 52 45 58
45 55 37 153
45 27 1 104
45 30 25 16
46 4 1 101
46 6 53 71
46 38 19 81
46 8 13 134
46 41 49 89
46 10 31 65
46 40 39 6
46 44 7 54
46 13 45 47
46 14 55 11
46 15 37 14
46 23 43 39
47 32 25 46
47 2 13 69
47 35 46 193
47 42 55 153
47 11 4 50
47 13 10 47
47 47 1 4
47 17 15 31
47 18 43 2
47 54 31 67
47 25 49 188
47 58 19 53
48 5 34 56
48 39 10 15
48 9 31 28
48 42 25 97
48 44 37 54
48 13 1 47
48 47 15 4
48 51 43 42
48 21 55 191
48 54 49 150
48 56 19 61
48 29 40 109
49 32 43 145
49 34 31 107
49 37 47 95
49 42 49 153
49 43 29 59
49 12 27 21
49 14 58 11
49 50 25 44
49 51 40 42
49 22 21 37
49 23 3 39
49 30 16 16
50 34 1 96
50 42 57 78
50 18 55 2
50 19 13 27
50 20 25 103
50 55 4 153
50 24 16 83
50 57 10 13
50 28 43 49
50 29 19 99
50 25 31 172
50 31 23 30
51 36 31 35
51 39 43 15
51 40 21 6
51 41 25 89
51 42 49 97
51 43 27 59
51 44 16 54
51 18 1 18
51 20 7 17
51 22 34 37
51 25 55 187
51 28 46 49
52 2 34 69
52 38 13 81
52 41 43 89
52 10 45 65
52 43 53 59
52 16 17 25
52 49 1 125
52 19 25 27
52 22 51 37
52 56 55 61
52 59 31 12
52 28 37 49
53 2 9 77
53 45 29 41
53 15 1 14
53 18 33 18
53 51 25 73
53 50 59 44
53 19 3 74
53 56 13 103
53 59 22 12
53 28 37 92
53 31 7 37
54 36 3 35
54 37 11 67
54 7 46 67
54 39 19 15
54 10 22 110
54 49 55 125
54 17 37 31
54 51 28 42
54 23 25 39
54 24 49 83
54 28 7 92
54 31 1 30
55 6 46 71
55 39 49 15
55 9 55 28
55 12 52 21
55 45 57 41
55 14 3 95
55 17 31 31
55 18 59 18
55 22 1 118
55 24 37 83
55 57 43 13
55 30 7 48
56 34 34 107
56 6 3 71
56 7 28 123
56 39 46 15
56 41 21 89
56 38 55 74
56 13 7 76
56 18 11 18
56 52 17 61
56 53 37 60
56 54 13 140
56 60 49 72
57 34 10 96
57 3 28 1
57 4 49 5
57 42 43 153
57 12 33 21
57 15 5 14
57 48 37 120
57 20 19 116
57 24 7 111
57 56 13 61
57 60 1 72
57 31 31 30
58 34 28 107
58 3 55 1
58 37 35 95
58 40 13 9
58 10 7 110
58 14 10 95
58 16 15 25
58 17 1 31
58 18 59 2
58 51 52 42
58 20 31 116
58 56 19 103
59 32 19 46
59 34 4 96
59 35 28 193
59 37 49 14
59 47 17 4
59 49 55 84
59 18 53 2
59 20 13 116
59 53 43 32
59 55 51 93
59 57 34 13
59 30 10 16
60 3 19 43
60 37 50 95
60 38 57 81
60 40 55 6
60 11 13 93
60 16 7 25
60 17 37 55
60 20 9 158
60 57 28 20
60 26 33 57
60 27 43 79
60 29 1 109
61 32 55 46
61 33 16 3
61 34 22 96
61 41 3 89
61 10 28 65
61 43 13 59
61 12 1 21
61 14 25 11
61 47 7 4
61 54 37 68
61 24 31 83
62 32 19 150
62 2 11 77
62 5 1 94
62 40 7 6
62 9 51 28
62 10 43 110
62 45 53 41
62 19 16 74
62 23 39 39
62 57 58 13
62 31 9 37
63 32 1 145
63 34 37 96
63 4 13 101
63 38 7 81
63 39 58 15
63 40 33 6
63 11 43 50
63 44 40 54
63 14 49 11
63 22 55 18
63 25 19 187
63 31 5 30
64 32 49 46
64 3 58 1
64 37 44 67
64 6 15 71
64 8 7 60
64 13 25 47
64 14 2 148
64 17 19 31
64 20 31 103
64 53 37 62
64 24 28 148
65 34 55 107
65 7 16 123
65 40 3 9
65 42 25 78
65 12 43 21
65 45 45 41
65 47 41 4
65 16 5 25
65 17 49 31
65 15 39 14
65 53 7 32
65 27 58 79
66 3 43 43
66 37 1 95
66 42 49 78
66 15 3 14
66 47 39 4
66 49 19 125
66 17 55 31
66 20 31 17
66 22 5 118
66 55 53 93
66 56 7 38
66 59 46 12
67 37 55 14
67 7 43 123
67 8 37 45
67 41 19 89
67 40 15 6
67 43 35 59
67 52 28 58
67 53 31 22
67 20 7 116
67 24 1 111
67 57 22 20
67 28 25 49
68 2 37 69
68 3 25 1
68 5 22 56
68 8 3 134
68 10 40 65
68 14 16 11
68 19 31 27
68 20 49 116
68 23 1 39
68 56 43 61
68 29 19 109
68 31 34 30
69 32 31 46
69 2 43 69
69 3 13 43
69 4 25 132
69 10 52 65
69 45 37 41
69 48 1 120
69 16 19 25
69 53 45 62
69 25 39 188
69 29 7 99
69 57 55 13
70 33 52 3
70 34 31 96
70 4 55 101
70 8 7 134
70 42 19 119
70 15 35 14
70 16 45 25
70 58 39 90
70 59 4 24
70 60 25 85
70 29 13 109
70 31 37 30
71 44 22 29
71 45 1 41
71 14 46 11
71 15 7 14
71 48 13 120
71 18 51 2
71 51 37 42
71 52 3 58
71 54 25 88
71 24 10 83
71 31 17 30
72 33 7 3
72 2 5 69
72 35 1 193
72 36 22 35
72 5 19 56
72 38 25 53
72 4 55 5
72 40 51 6
72 42 31 78
72 43 53 4
72 52 11 61
72 24 13 83
73 6 13 71
73 39 22 15
73 8 49 22
73 41 15 89
73 10 25 65
73 11 19 50
73 44 10 54
73 48 43 77
73 49 37 126
73 54 31 88
73 22 3 118
73 28 28 49
74 33 25 3
74 34 34 96
74 36 28 35
74 45 11 41
74 46 23 2
74 13 31 47
74 49 7 84
74 21 43 222
74 57 16 20
74 27 1 79
74 29 37 99
74 25 55 188
75 33 22 24
75 3 16 43
75 5 46 56
75 6 51 71
75 40 49 6
75 42 1 78
75 44 19 54
75 15 25 14
75 49 7 125
75 22 37 37
75 30 58 16
75 31 39 30
76 33 33 3
76 7 25 123
76 8 37 64
76 41 31 89
76 10 58 65
76 9 7 28
76 12 5 21
76 19 16 27
76 20 49 17
76 56 43 38
76 58 19 148
76 27 10 79
77 34 7 107
77 40 5 9
77 16 23 25
77 49 1 84
77 50 17 49
77 19 13 74
77 21 55 222
77 57 25 20
77 58 31 53
77 59 10 24
77 29 28 99
77 31 19 37
78 32 37 46
78 2 49 69
78 40 5 6
78 41 29 89
78 12 25 21
78 19 10 74
78 56 13 38
78 24 22 83
78 58 51 86
78 29 31 109
78 25 43 172
78 57 7 20
79 36 7 35
79 37 37 95
79 39 1 34
79 8 13 64
79 44 4 54
79 49 19 84
79 50 35 44
79 51 46 42
79 53 55 32
79 57 31 13
79 30 51 16
79 31 49 30
80 6 25 71
80 39 52 15
80 42 19 78
80 43 55 4
80 44 7 29
80 14 1 11
80 16 11 25
80 48 31 143
80 20 57 17
80 53 13 32
80 54 43 68
80 55 27 153
81 32 31 145
81 34 1 107
81 36 19 35
81 39 13 15
81 41 41 89
81 45 17 41
81 48 49 111
81 51 55 42
81 19 10 27
81 53 25 60
81 25 37 187
82 3 52 1
82 5 43 56
82 38 55 53
82 6 35 71
82 41 1 99
82 46 37 2
82 50 11 49
82 18 39 18
82 20 7 126
82 21 25 75
82 26 21 57
82 28 4 92
83 38 55 51
83 39 46 34
83 8 7 45
83 9 33 28
83 43 5 59
83 16 39 25
83 22 53 18
83 55 49 93
83 25 19 172
83 58 1 90
83 29 16 109
83 57 43 20
84 2 53 69
84 34 37 107
84 4 43 112
84 46 21 2
84 15 33 14
84 18 15 18
84 52 17 58
84 23 41 39
84 56 25 61
84 26 23 57
84 28 55 49
84 29 49 109
85 32 49 100
85 3 4 1
85 36 25 37
85 39 37 34
85 9 35 28
85 12 31 21
85 49 7 152
85 19 22 74
85 23 29 39
85 26 41 57
85 29 46 99
86 33 37 3
86 2 17 69
86 34 25 96
86 7 21 123
86 40 53 6
86 44 31 54
86 45 3 41
86 50 19 44
86 20 43 126
86 56 7 61
86 27 13 79
87 3 10 1
87 4 1 5
87 37 43 14
87 8 31 45
87 41 23 89
87 44 13 54
87 49 37 125
87 50 21 44
87 55 7 153
87 56 25 38
87 58 49 73
87 31 19 30
88 2 47 69
88 3 22 43
88 4 25 101
88 38 43 74
88 40 29 6
88 42 31 119
88 50 55 44
88 20 7 103
88 54 13 68
88 24 1 83
88 57 52 13
88 60 57 72
89 7 10 123
89 40 19 6
89 10 25 110
89 43 49 59
89 13 28 47
89 49 51 92
89 19 7 27
89 53 31 32
89 24 37 111
89 28 40 92
89 30 22 16
89 31 3 30
90 3 7 43
90 4 31 112
90 38 25 81
90 9 41 28
90 44 16 29
90 60 43 72
90 15 29 14
90 52 23 58
90 57 1 13
90 28 49 49
90 29 37 109
91 3 49 1
91 6 11 71
91 7 22 67
91 42 7 119
91 12 39 21
91 15 19 14
91 17 31 33
91 20 1 126
91 24 28 83
91 30 55 25
91 31 47 30
92 32 55 100
92 34 43 96
92 36 39 35
92 4 49 101
92 39 28 15
92 7 13 123
92 41 37 89
92 47 31 4
92 16 35 25
92 49 7 182
92 52 53 58
92 28 22 49
93 37 37 20
93 6 43 71
93 39 10 34
93 7 31 123
93 41 55 89
93 45 27 41
93 17 1 33
93 53 49 32
93 55 16 153
93 24 13 111
93 25 19 188
93 57 7 13
94 4 7 5
94 6 19 71
94 8 13 45
94 10 1 65
94 44 28 54
94 14 4 11
94 47 11 4
94 52 39 58
94 21 31 222
94 53 21 22
94 25 55 34
94 29 25 109
95 34 46 96
95 3 28 43
95 4 33 101
95 37 41 67
95 7 49 67
95 44 1 54
95 13 19 47
95 15 15 14
95 48 7 143
95 50 5 49
95 22 23 37
95 23 31 39
96 32 1 46
96 3 19 1
96 39 15 34
96 42 7 97
96 43 23 59
96 44 43 54
96 48 37 77
96 16 13 25
96 53 25 22
96 55 41 153
96 27 34 79
96 28 31 49
97 34 19 96
97 35 34 193
97 37 39 20
97 9 3 28
97 10 13 110
97 43 11 59
97 17 7 31
97 51 16 42
97 54 25 68
97 24 52 83
97 58 43 86
98 2 41 69
98 37 35 67
98 8 43 45
98 9 9 28
98 40 11 6
98 11 28 50
98 13 37 47
98 48 49 77
98 19 22 27
98 24 19 111
98 25 13 187
98 60 1 85
99 7 16 67
99 40 13 6
99 60 19 85
99 14 7 11
99 48 55 77
99 51 1 42
99 22 47 18
99 23 37 39
99 25 39 172
99 28 25 92
99 57 10 20
100 32 49 145
100 34 16 107
100 10 4 110
100 43 33 59
100 46 9 2
100 47 25 4
100 50 31 44
100 20 43 116
100 60 27 72
100 29 40 99
100 30 19 16
101 34 4 107
101 36 58 27
101 38 37 51
101 39 25 15
101 40 17 6
101 10 19 65
101 49 49 84
101 51 7 73
101 19 28 27
101 20 13 126
101 53 31 62
102 4 37 5
102 5 3 56
102 10 13 65
102 42 25 119
102 12 11 21
102 48 31 77
102 50 9 44
102 20 43 17
102 53 19 32
102 54 49 68
102 22 41 18
102 26 1 57
103 6 1 71
103 38 37 81
103 59 52 12
103 10 34 110
103 12 55 21
103 13 58 47
103 47 45 4
103 15 21 14
103 48 13 143
103 51 28 73
103 20 3 116
103 27 31 79
104 3 34 43
104 40 27 6
104 59 49 12
104 41 59 89
104 11 37 93
104 44 46 29
104 45 21 41
104 19 31 74
104 21 1 182
104 27 40 79
104 30 10 48
105 2 55 69
105 39 37 15
105 40 31 6
105 41 57 89
105 11 40 93
105 44 10 29
105 17 49 33
105 21 13 75
105 23 45 39
105 25 25 172
105 59 34 12
105 29 4 109
106 2 9 69
106 6 21 71
106 39 34 15
106 42 13 78
106 44 4 29
106 49 49 24
106 20 25 116
106 53 43 22
106 54 55 68
106 56 37 135
106 28 1 121
106 30 31 16
107 2 39 69
107 3 13 1
107 37 53 95
107 38 43 51
107 41 11 89
107 43 41 59
107 11 25 50
107 23 23 39
107 53 49 60
107 22 28 37
107 54 19 68
107 60 31 85
108 33 4 3
108 2 11 69
108 34 19 112
108 4 31 5
108 9 1 28
108 43 51 59
108 48 37 143
108 53 25 32
108 26 7 57
108 60 13 72
108 29 46 109
109 33 49 3
109 36 10 35
109 6 29 71
109 43 3 59
109 15 17 14
109 50 45 44
109 21 19 75
109 54 13 88
109 55 34 93
109 27 52 79
109 60 55 85
109 29 31 111
110 33 46 3
110 5 31 56
110 46 19 2
110 48 21 120
110 50 53 44
110 18 13 18
110 53 15 60
110 54 7 68
110 56 49 61
110 57 1 20
110 26 11 57
111 3 25 43
111 36 57 35
111 39 1 15
111 45 41 41
111 14 37 11
111 48 31 120
111 52 5 61
111 22 49 37
111 23 21 39
111 54 7 67
111 60 51 85
111 31 55 30
112 2 3 69
112 34 52 96
112 38 37 53
112 13 7 47
112 46 25 2
112 15 27 14
112 52 10 58
112 55 13 153
112 54 55 88
112 22 45 18
112 25 15 188
112 28 19 92
113 5 55 56
113 6 37 71
113 7 4 123
113 39 31 34
113 43 25 59
113 11 1 93
113 46 27 2
113 52 13 58
113 22 39 37
113 24 34 83
113 59 58 12
113 29 52 99
114 2 57 69
114 9 25 28
114 42 1 97
114 11 33 50
114 12 16 21
114 45 31 41
114 10 28 110
114 51 37 73
114 53 43 60
114 25 7 172
114 59 13 12
114 31 5 37
115 33 55 3
115 8 25 118
115 9 23 28
115 12 13 21
115 15 9 14
115 17 1 55
115 49 43 84
115 19 49 27
115 52 29 61
115 56 31 61
115 60 15 100
115 31 52 30
116 32 7 46
116 33 19 3
116 34 25 107
116 3 4 43
116 4 13 5
116 18 22 18
116 50 29 44
116 53 37 22
116 59 1 12
116 29 34 109
117 33 40 3
117 2 19 69
117 8 31 64
117 9 15 28
117 10 37 110
117 17 25 55
117 19 4 27
117 51 58 42
117 53 9 62
117 58 21 90
117 31 7 30
118 7 19 67
118 40 7 9
118 41 51 89
118 42 37 97
118 11 4 93
118 13 55 47
118 45 34 41
118 16 47 25
118 49 25 125
118 57 31 20
118 58 43 90
118 28 13 92
119 33 22 3
119 34 13 107
119 58 31 90
119 37 59 20
119 7 28 17
119 9 17 28
119 10 19 110
119 13 40 47
119 52 43 58
119 26 9 57
119 59 4 12
120 32 27 145
120 34 7 96
120 39 4 15
120 8 19 45
120 42 43 97
120 11 1 50
120 52 25 58
120 53 13 22
120 55 10 153
120 56 37 61
120 28 34 49
121 32 25 100
121 2 51 69
121 3 10 43
121 38 1 51
121 12 47 21
121 45 49 41
121 46 35 2
121 14 40 11
121 48 43 111
121 49 13 152
121 56 31 38
121 59 37 12
122 3 34 1
122 4 25 112
122 7 37 123
122 11 46 50
122 13 49 47
122 20 21 158
122 22 41 37
122 55 19 153
122 24 16 111
122 57 13 13
122 60 1 100
122 31 9 30
123 2 1 69
123 3 7 1
123 8 55 22
123 14 10 11
123 49 37 84
123 51 13 42
123 20 19 17
123 52 47 58
123 25 43 195
123 58 31 86
123 27 28 79
123 30 3 16
124 58 7 53
124 39 40 15
124 40 1 9
124 44 22 54
124 16 37 25
124 49 31 84
124 48 25 77
124 52 15 58
124 25 43 187
124 26 5 57
124 28 19 49
125 33 31 24
125 2 23 69
125 36 34 35
125 5 49 56
125 6 41 71
125 48 19 143
125 17 43 33
125 16 27 25
125 53 55 60
125 56 1 105
125 59 7 24
126 36 25 35
126 39 4 34
126 40 41 6
126 9 46 28
126 11 16 93
126 17 31 55
126 18 35 18
126 53 19 62
126 24 55 83
126 59 43 12
126 28 10 92
127 5 52 56
127 39 49 34
127 9 27 28
127 12 45 21
127 46 41 2
127 16 9 25
127 49 13 84
127 20 37 17
127 21 1 75
127 52 5 58
127 55 55 93
127 58 57 86
128 34 13 96
128 11 7 50
128 43 57 4
128 45 5 41
128 46 3 2
128 49 25 84
128 51 10 42
128 55 35 29
128 24 19 83
128 25 31 188
128 58 43 73
128 28 16 92
129 5 15 56
129 39 31 15
129 40 43 6
129 41 13 89
129 42 37 78
129 10 10 65
129 43 21 59
129 49 1 152
129 52 19 58
129 22 49 18
129 27 25 79
130 33 43 24
130 6 27 71
130 40 1 6
130 9 39 28
130 43 46 59
130 45 51 41
130 13 3 76
130 28 55 92
130 51 31 73
130 22 16 37
130 23 35 39
130 60 19 100
131 32 31 100
131 37 51 20
131 6 1 73
131 39 22 34
131 10 37 65
131 14 13 11
131 48 25 120
131 49 45 125
131 16 43 25
131 51 4 42
131 55 59 29
131 57 19 20
132 4 7 101
132 37 31 50
132 38 25 51
132 7 52 67
132 39 19 34
132 13 22 47
132 46 15 2
132 49 33 125
132 50 41 44
132 51 49 42
132 18 5 18
132 25 1 172
133 34 28 96
133 37 47 14
133 8 49 45
133 41 1 89
133 43 31 59
133 47 9 4
133 50 7 44
133 51 25 42
133 52 21 58
133 21 33 191
133 58 55 73
133 30 13 16
134 2 29 69
134 34 46 107
134 6 9 71
134 11 25 93
134 44 49 54
134 43 7 59
134 14 13 95
134 50 39 44
134 18 57 2
134 20 19 126
134 53 1 32
134 27 16 104
135 3 1 1
135 4 43 5
135 8 25 64
135 9 37 28
135 41 53 89
135 47 35 4
135 49 49 125
135 50 33 44
135 21 57 75
135 22 55 37
135 29 22 99
135 30 39 16
136 32 43 100
136 7 1 123
136 43 51 4
136 48 55 120
136 55 29 29
136 56 19 38
136 57 25 13
136 58 31 196
136 59 40 12
136 29 16 99
136 30 7 16
137 5 40 56
137 9 13 28
137 41 7 89
137 11 22 93
137 17 25 33
137 50 3 44
137 19 19 74
137 20 55 116
137 52 35 58
137 55 43 93
137 26 15 57
138 34 40 107
138 3 37 1
138 36 13 37
138 39 25 34
138 40 35 6
138 42 55 97
138 47 29 4
138 53 19 60
138 22 59 37
138 26 31 57
138 27 49 79
138 31 3 37
139 5 28 56
139 38 21 51
139 44 25 54
139 13 16 47
139 47 19 4
139 50 11 44
139 18 7 18
139 52 58 58
139 55 31 153
139 23 5 39
139 26 13 57
139 28 1 92
140 33 58 3
140 6 5 71
140 39 55 15
140 14 28 11
140 48 19 77
140 19 37 27
140 23 11 39
140 56 1 38
140 24 7 83
140 27 16 79
140 31 41 30
141 2 21 69
141 3 46 1
141 36 49 35
141 38 13 53
141 8 7 138
141 11 28 93
141 14 52 11
141 47 37 4
141 55 57 93
141 57 4 13
141 58 31 148
142 34 19 107
142 41 39 89
142 42 43 78
142 11 7 93
142 46 1 2
142 49 49 126
142 18 17 18
142 50 3 49
142 52 41 58
142 51 10 73
142 59 25 12
142 29 34 99
143 34 43 107
143 5 25 56
143 41 17 89
143 10 34 65
143 11 37 50
143 12 19 21
143 57 40 13
143 21 1 191
143 56 7 94
143 28 52 49
143 31 21 30
144 6 59 71
144 40 11 9
144 8 25 45
144 44 52 54
144 14 7 95
144 16 3 25
144 17 19 33
144 55 29 153
144 27 46 79
144 30 55 16
144 31 15 30
145 32 19 145
145 36 52 35
145 39 7 34
145 7 13 67
145 41 45 89
145 11 10 93
145 15 31 14
145 48 55 143
145 22 47 37
145 57 28 13
145 58 37 86
145 27 4 79
146 38 31 51
146 6 23 71
146 8 7 64
146 42 19 195
146 13 4 47
146 50 17 44
146 18 45 2
146 54 49 88
146 55 47 93
146 28 40 49
146 29 13 99
146 31 25 30
147 33 19 24
147 34 22 107
147 37 5 67
147 6 55 71
147 40 9 9
147 45 47 41
147 16 49 25
147 51 16 73
147 55 25 153
147 56 57 38
147 59 13 24
147 28 28 92
148 34 10 112
148 4 25 5
148 37 59 67
148 6 17 71
148 10 31 110
148 43 39 59
148 53 1 22
148 54 43 88
148 23 15 39
148 24 34 111
148 27 55 79
148 60 19 72
149 6 57 71
149 40 23 6
149 43 43 59
149 11 31 93
149 18 25 18
149 50 15 49
149 19 27 74
149 21 37 75
149 54 19 88
149 25 45 188
149 29 10 109
149 57 4 20
150 2 3 77
150 34 52 107
150 58 13 86
150 3 31 43
150 36 43 35
150 39 34 34
150 13 10 76
150 48 37 192
150 23 27 39
150 55 59 93
150 57 22 13
150 26 25 57
Trạng thái nghiệm: 1
Điểm tối ưu: 1760
Thời gian: 1002.2874 giây
