528
1 4 3 30
1 6 7 34
1 9 10 51
1 11 13 2
1 12 19 55
1 13 1 3
1 14 25 15
1 15 5 15
1 16 17 2
1 17 31 11
1 19 37 1
1 20 23 14
2 3 31 54
2 4 1 30
2 7 9 17
2 9 4 51
2 10 37 20
2 13 7 43
2 14 15 69
2 15 19 69
2 16 11 2
2 17 25 11
2 18 13 51
2 20 21 17
3 2 10 54
3 3 37 54
3 4 5 30
3 5 13 34
3 6 1 43
3 8 43 21
3 9 7 51
3 10 49 20
3 11 19 2
3 12 25 55
3 14 31 69
3 18 15 51
4 2 34 54
4 4 7 30
4 6 4 43
4 9 1 51
4 11 25 2
4 12 13 55
4 13 9 43
4 14 37 69
4 16 23 2
4 17 43 11
4 18 17 51
4 19 19 56
5 2 16 54
5 3 22 54
5 4 9 30
5 6 13 43
5 7 7 17
5 8 31 21
5 9 19 51
5 10 43 20
5 13 11 43
5 16 1 2
5 18 25 51
5 19 4 56
6 3 40 54
6 4 11 30
6 5 1 34
6 6 16 43
6 7 29 17
6 8 49 21
6 9 22 51
6 11 3 2
6 12 7 55
6 13 19 43
6 15 13 69
6 19 25 56
7 4 13 30
7 7 5 17
7 8 55 21
7 9 31 51
7 10 43 49
7 11 7 2
7 12 1 55
7 13 21 43
7 14 25 69
7 16 29 2
7 17 37 11
7 20 11 17
8 2 19 54
8 3 43 54
8 4 15 30
8 5 3 34
8 8 55 26
8 12 37 55
8 14 7 69
8 16 31 2
8 17 49 11
8 18 27 51
8 19 22 56
8 20 1 17
9 2 28 54
9 3 49 54
9 4 17 30
9 6 25 43
9 7 13 17
9 8 19 21
9 9 34 51
9 11 37 2
9 12 43 55
9 14 1 69
9 19 7 56
9 20 15 17
10 4 19 30
10 5 5 34
10 6 28 43
10 7 3 17
10 8 7 21
10 10 13 20
10 11 33 2
10 12 49 55
10 13 23 43
10 14 43 69
10 16 41 2
10 18 37 51
11 2 7 54
11 5 15 34
11 6 31 43
11 7 17 17
11 8 25 21
11 9 43 51
11 10 55 20
11 13 37 43
11 15 5 69
11 17 1 11
11 18 29 51
11 20 19 17
12 2 1 54
12 4 21 30
12 5 17 34
12 8 13 21
12 10 25 20
12 12 31 55
12 13 39 43
12 15 11 69
12 16 43 2
12 17 7 11
12 18 41 51
12 20 23 17
13 2 4 54
13 4 23 30
13 5 19 34
13 8 37 21
13 9 46 51
13 10 7 20
13 12 55 55
13 13 41 43
13 14 49 69
13 17 13 11
13 19 1 56
13 20 25 17
14 2 13 54
14 4 25 30
14 6 34 43
14 7 27 17
14 8 1 21
14 9 49 51
14 10 37 49
14 12 21 69
14 13 43 43
14 16 45 2
14 19 10 56
14 20 31 17
15 3 25 54
15 5 21 34
15 6 49 43
15 8 7 26
15 9 52 51
15 14 55 69
15 15 29 69
15 16 47 2
15 17 1 27
15 18 39 51
15 19 13 56
15 20 33 17
16 5 23 34
16 7 35 17
16 8 25 26
16 9 55 51
16 10 31 20
16 11 49 2
16 14 1 15
16 16 53 2
16 17 19 11
16 18 5 50
16 19 16 56
17 2 55 54
17 3 13 61
17 6 52 43
17 9 58 51
17 11 1 36
17 13 45 43
17 14 7 15
17 15 35 69
17 18 11 50
17 19 28 56
17 20 37 17
18 3 52 54
18 5 25 34
18 6 55 43
18 8 31 26
18 9 1 70
18 11 7 36
18 13 47 43
18 14 13 15
18 15 41 69
18 16 59 2
18 17 19 27
18 18 17 50
19 3 16 61
19 4 27 30
19 7 39 17
19 10 49 49
19 11 55 2
19 13 3 3
19 14 19 15
19 15 47 69
19 17 7 27
19 18 1 50
19 19 31 56
20 2 46 54
20 5 27 34
20 6 58 43
20 7 41 17
20 8 13 26
20 9 4 70
20 13 7 3
20 15 53 69
20 18 9 50
20 19 34 56
20 20 43 17
21 2 7 19
21 4 29 30
21 5 31 34
21 8 37 26
21 10 19 20
21 11 13 36
21 13 5 3
21 15 59 69
21 16 1 66
21 17 55 11
21 18 3 50
22 3 58 54
22 4 31 30
22 5 29 34
22 7 47 17
22 8 19 26
22 9 7 70
22 10 1 20
22 14 37 15
22 15 11 15
22 18 13 50
22 19 43 56
22 20 49 17
23 2 10 19
23 5 33 34
23 7 45 17
23 10 25 49
23 11 19 36
23 16 3 66
23 17 13 27
23 18 7 50
23 19 37 56
23 20 51 17
24 2 4 19
24 3 1 61
24 4 33 30
24 6 10 34
24 11 25 36
24 14 43 15
24 17 49 27
24 18 15 50
24 19 40 56
24 20 53 17
25 2 1 19
25 3 19 61
25 4 35 30
25 6 37 34
25 7 55 17
25 8 49 26
25 13 9 3
25 16 5 66
25 17 25 27
25 18 23 50
25 19 46 56
26 4 37 30
26 6 40 34
26 7 57 17
26 10 1 49
26 11 31 36
26 13 11 3
26 15 17 15
26 16 7 66
26 17 43 27
26 18 19 50
27 2 25 19
27 4 39 30
27 7 59 17
27 10 13 49
27 11 43 36
27 16 9 66
27 17 31 27
27 18 21 50
27 19 49 56
27 20 1 14
28 3 7 61
28 4 41 30
28 6 43 34
28 9 10 70
28 13 15 3
28 15 23 15
28 16 13 66
28 18 25 50
28 19 52 56
28 20 3 14
29 3 4 61
29 4 43 30
29 5 35 34
29 6 46 34
29 9 13 70
29 10 7 49
29 11 37 36
29 13 17 3
29 14 31 15
29 17 55 27
30 2 13 19
30 4 45 30
30 5 49 34
30 6 55 34
30 7 5 21
30 10 19 49
30 11 1 46
30 14 7 18
30 15 29 15
30 16 11 66
30 18 27 50
31 5 51 34
31 6 58 34
31 8 1 26
31 9 16 70
31 10 31 49
31 11 7 46
31 13 13 3
31 15 35 15
31 17 37 27
31 18 29 50
31 20 5 14
32 3 10 61
32 4 47 30
32 5 53 34
32 6 1 74
32 7 17 21
32 8 43 26
32 14 49 15
32 15 41 15
32 16 15 66
32 18 31 50
32 20 7 14
33 2 28 19
33 3 25 61
33 4 49 30
33 6 4 74
33 9 19 70
33 10 13 73
33 13 23 3
33 14 55 15
33 20 9 14
34 2 16 19
34 4 51 30
34 6 7 74
34 7 23 21
34 11 55 36
34 13 19 3
34 14 1 18
34 15 47 15
34 18 33 50
34 19 10 1
35 2 19 19
35 6 10 74
35 7 29 21
35 9 22 70
35 11 49 36
35 13 25 3
35 14 13 18
35 18 35 50
35 19 55 56
35 20 17 14
36 2 43 19
36 3 37 61
36 6 13 74
36 9 25 70
36 11 19 46
36 13 29 3
36 14 31 18
36 15 53 15
36 18 41 50
36 19 58 56
36 20 11 14
37 2 31 19
37 6 16 74
37 7 11 21
37 10 55 49
37 11 25 46
37 13 21 3
37 14 37 18
37 15 59 15
37 18 43 50
37 19 1 1
38 2 22 19
38 4 53 30
38 6 19 74
38 10 7 73
38 11 13 46
38 14 25 18
38 15 1 67
38 20 29 14
39 3 40 61
39 4 55 30
39 7 35 21
39 9 28 70
39 10 43 73
39 11 31 46
39 14 19 18
39 15 3 67
39 19 7 1
40 3 34 61
40 4 57 30
40 6 22 74
40 7 41 21
40 9 31 70
40 10 1 73
40 13 27 3
40 15 5 67
40 20 13 14
41 4 59 30
41 9 34 70
41 11 37 46
41 14 43 18
41 15 7 67
41 16 17 66
41 18 47 50
41 20 15 14
42 2 34 19
42 3 22 61
42 4 1 39
42 6 25 74
42 9 37 70
42 10 55 73
42 11 43 46
42 13 31 3
42 16 19 66
42 18 49 50
43 2 40 19
43 4 3 39
43 6 28 74
43 10 31 73
43 11 49 46
43 15 9 67
43 16 21 66
43 18 37 50
43 19 13 1
43 20 19 14
44 2 37 19
44 4 5 39
44 6 31 74
44 7 47 21
44 10 19 73
44 11 55 46
44 13 35 3
44 19 16 1
45 2 46 19
45 3 43 61
45 4 7 39
45 7 53 21
45 11 25 66
45 13 33 3
45 14 49 18
45 15 11 67
45 16 23 66
45 18 39 50
45 19 4 1
46 2 1 33
46 3 28 61
46 4 9 39
46 6 34 74
46 10 49 73
46 11 37 66
46 14 55 18
46 15 13 67
46 20 21 14
47 2 49 19
47 3 31 61
47 9 40 70
47 10 25 73
47 13 37 3
47 15 15 67
47 16 29 66
47 18 45 50
47 19 19 1
48 2 52 19
48 3 46 61
48 6 37 74
48 7 59 21
48 9 43 70
48 11 31 66
48 15 17 67
48 16 35 66
49 2 55 19
49 3 49 61
49 4 11 39
49 7 53 50
49 11 43 66
49 15 19 67
49 19 22 1
49 20 25 14
50 2 58 19
50 6 40 74
50 9 46 70
50 13 43 3
50 15 21 67
50 16 49 66
50 18 51 50
50 20 27 14
Trạng thái nghiệm: 1
Điểm tối ưu: 528
Thời gian: 1000.1730 giây
