167
1 10 37 10
1 26 49 2
2 10 25 10
2 17 37 15
2 37 5 26
2 41 1 5
2 46 7 20
3 38 13 10
3 42 3 1
4 4 1 12
5 12 37 13
5 14 1 8
5 19 35 12
5 47 7 2
6 29 4 28
6 35 1 17
7 14 7 8
7 21 5 19
8 9 31 9
8 28 4 21
8 38 16 10
9 20 1 14
9 25 13 16
10 9 1 9
10 34 21 8
10 49 7 25
11 44 7 5
12 24 7 14
12 25 25 16
12 46 19 20
12 49 1 25
13 16 5 4
13 24 31 13
13 37 7 26
14 2 19 6
14 4 4 12
14 19 23 12
14 24 49 13
15 16 3 4
15 22 7 29
15 32 58 9
15 45 25 2
16 4 7 12
16 17 13 15
16 24 19 14
16 32 46 9
17 14 11 8
18 2 16 6
18 25 19 16
18 28 7 21
18 32 55 9
18 41 4 5
19 10 31 10
20 20 43 14
20 26 37 2
20 39 1 11
20 42 5 1
21 21 7 19
21 25 9 16
21 36 1 3
21 45 13 2
22 41 19 5
23 41 22 5
23 50 43 12
24 1 19 12
24 47 1 2
25 14 3 8
25 36 7 3
26 14 13 8
27 17 19 15
27 46 13 20
28 6 13 1
28 16 11 4
28 25 1 16
29 9 7 9
29 42 1 1
30 10 19 10
30 11 1 13
30 15 17 15
30 26 43 2
31 37 9 26
31 46 1 20
32 1 49 12
33 1 55 12
33 6 19 1
34 10 7 10
34 21 3 19
34 39 5 11
34 49 13 25
35 12 43 13
35 15 11 15
35 23 7 6
35 33 1 4
36 9 13 9
36 15 5 15
36 47 3 2
37 23 1 6
37 37 13 26
37 47 5 2
38 4 10 12
38 22 21 29
38 34 19 8
38 48 13 3
39 20 13 14
39 35 3 17
39 37 11 26
39 47 9 2
40 14 5 8
40 17 7 15
40 50 31 12
41 11 13 13
41 19 17 12
41 39 3 11
41 40 31 1
42 7 19 2
42 44 13 5
43 26 31 2
43 34 17 8
44 13 31 5
44 17 1 15
45 1 13 12
45 19 29 12
45 29 1 28
45 32 43 9
46 14 9 8
46 25 49 9
47 16 9 4
47 22 1 29
48 11 7 13
48 21 1 19
48 40 25 1
50 16 7 4
50 20 31 14
50 22 13 29
50 42 9 1
50 50 25 12
51 9 19 9
51 39 7 11
52 37 3 26
52 50 37 12
53 11 19 13
53 20 25 14
54 27 19 3
54 34 15 8
54 37 1 26
55 40 37 1
56 2 13 6
56 12 1 18
56 49 19 25
57 9 37 9
57 26 55 2
57 28 10 21
57 44 25 5
57 49 31 25
58 2 22 6
58 9 25 9
58 28 1 21
58 29 7 28
58 38 4 10
59 11 25 13
59 17 31 15
59 49 37 25
60 13 34 5
60 24 55 13
60 27 25 3
60 38 1 10
60 49 43 25
Trạng thái nghiệm: 0
Điểm tối ưu: 167
Thời gian: 1.2355 giây
