847
1 32 2 6
1 2 7 72
1 3 9 8
1 6 13 19
1 7 16 17
1 10 19 12
1 12 25 16
1 15 22 24
1 21 29 8
1 27 31 6
1 28 34 16
1 31 37 18
2 2 3 72
2 7 10 17
2 9 31 12
2 12 19 56
2 13 17 59
2 15 5 24
2 17 1 104
2 18 13 8
2 23 25 59
2 27 7 6
2 30 43 32
2 31 37 120
3 2 1 72
3 5 10 6
3 8 16 8
3 10 13 12
3 12 31 56
3 16 7 68
3 17 3 104
3 20 37 87
3 22 25 19
3 24 49 32
3 29 19 8
3 31 43 120
4 32 13 6
4 4 7 8
4 10 25 12
4 11 28 90
4 14 5 72
4 16 10 68
4 19 1 107
4 21 22 8
4 22 31 19
4 24 37 32
4 27 19 6
4 30 46 32
5 2 9 72
5 4 1 8
5 7 13 17
5 8 25 8
5 9 37 12
5 11 16 90
5 17 5 104
5 18 31 8
5 22 19 19
5 25 55 58
5 28 43 16
5 31 49 120
6 3 3 8
6 5 22 6
6 7 19 17
6 10 28 12
6 11 31 90
6 12 13 56
6 14 11 72
6 18 34 8
6 22 7 19
6 23 43 59
6 27 25 6
6 29 37 8
7 32 37 6
7 2 13 72
7 5 28 6
7 8 43 8
7 11 4 90
7 14 15 72
7 15 11 24
7 16 1 68
7 24 19 32
7 26 17 100
7 30 25 32
7 31 7 120
8 4 40 8
8 5 34 6
8 6 1 19
8 9 49 12
8 11 10 90
8 16 4 68
8 17 7 104
8 18 46 8
8 20 13 87
8 24 55 32
8 28 19 16
8 31 25 120
9 4 49 8
9 5 43 6
9 8 51 8
9 12 25 56
9 14 17 72
9 17 9 104
9 18 55 8
9 19 4 107
9 20 19 87
9 25 31 58
9 28 1 16
9 31 13 120
10 2 19 72
10 7 1 17
10 10 4 12
10 12 43 56
10 13 11 59
10 16 13 68
10 19 7 107
10 21 58 8
10 22 37 19
10 28 16 16
10 29 22 93
10 30 28 32
11 2 21 72
11 4 11 70
11 6 4 19
11 11 13 90
11 12 7 56
11 13 1 59
11 16 16 68
11 18 37 46
11 20 25 87
11 21 29 16
11 23 31 59
11 31 55 120
12 4 1 70
12 5 46 6
12 6 16 19
12 15 25 24
12 16 19 68
12 20 7 87
12 23 3 59
12 24 31 32
12 25 37 58
12 26 11 100
12 28 13 16
12 29 28 93
13 5 49 6
13 6 43 19
13 12 1 56
13 13 7 59
13 14 23 72
13 18 16 46
13 21 9 16
13 24 25 95
13 25 19 58
13 27 52 6
13 28 31 16
13 29 13 93
14 5 55 6
14 7 4 17
14 9 43 12
14 10 1 12
14 11 19 90
14 13 9 59
14 15 13 24
14 20 31 87
14 21 7 16
14 24 37 95
14 25 25 58
14 29 16 93
15 32 13 104
15 3 25 68
15 4 3 70
15 6 46 19
15 12 37 56
15 15 1 24
15 16 22 68
15 18 10 46
15 25 49 58
15 29 7 93
15 30 19 37
15 31 31 120
16 32 19 104
16 5 58 6
16 6 49 19
16 8 37 2
16 9 7 12
16 16 31 68
16 17 11 104
16 18 34 46
16 19 13 107
16 20 1 87
16 22 25 45
16 27 16 15
17 2 25 72
17 7 7 17
17 11 1 90
17 14 27 72
17 15 19 24
17 16 34 68
17 17 17 104
17 18 22 46
17 20 43 87
17 21 4 16
17 23 13 59
17 30 10 32
18 2 29 72
18 10 16 12
18 13 19 59
18 18 7 46
18 19 10 107
18 20 49 87
18 21 37 16
18 22 55 19
18 23 21 59
18 25 43 58
18 30 13 32
18 31 1 120
19 32 25 104
19 3 37 68
19 6 52 19
19 8 31 2
19 12 55 56
19 18 4 46
19 19 16 107
19 20 19 120
19 23 7 81
19 24 43 95
19 27 1 15
19 30 13 37
20 5 4 26
20 6 1 50
20 7 25 17
20 8 10 2
20 10 55 12
20 12 49 56
20 17 23 104
20 18 19 46
20 23 37 59
20 26 31 100
20 27 7 15
20 31 13 18
21 32 31 104
21 2 35 72
21 5 1 26
21 7 22 17
21 8 16 2
21 9 7 14
21 10 58 12
21 18 13 46
21 23 49 59
21 25 25 106
21 26 19 100
21 29 4 93
22 32 37 104
22 2 31 72
22 4 7 70
22 5 10 26
22 6 4 50
22 7 28 17
22 8 13 2
22 12 49 16
22 14 33 72
22 20 55 87
22 30 1 32
22 31 19 18
23 2 37 72
23 3 43 68
23 17 29 104
23 18 1 46
23 20 13 81
23 21 11 16
23 23 55 59
23 26 25 100
23 27 4 15
23 28 22 16
23 30 31 37
23 31 7 18
24 32 43 104
24 3 49 68
24 4 5 70
24 5 13 26
24 6 7 50
24 7 31 17
24 8 19 2
24 11 22 90
24 14 39 72
24 15 3 24
24 27 10 15
24 28 55 16
25 32 49 104
25 3 55 68
25 6 10 50
25 9 1 14
25 11 7 90
25 15 15 24
25 19 19 107
25 21 39 16
25 23 25 81
25 25 31 106
25 28 46 16
26 32 55 104
26 2 41 72
26 4 9 70
26 7 34 17
26 9 25 14
26 10 22 12
26 16 1 47
26 21 53 16
26 26 7 100
26 27 13 15
26 30 4 32
27 5 7 26
27 9 13 14
27 18 25 46
27 20 1 81
27 21 41 16
27 23 31 81
27 24 49 95
27 26 23 100
27 27 19 15
27 30 10 37
28 5 16 26
28 7 37 17
28 8 4 2
28 10 1 55
28 12 19 26
28 14 43 72
28 18 28 46
28 23 49 81
28 25 7 58
28 26 13 100
28 27 25 15
29 2 45 72
29 7 40 17
29 8 22 2
29 12 25 26
29 13 29 59
29 16 4 47
29 21 58 16
29 25 13 58
29 28 1 98
29 30 7 32
30 2 47 72
30 4 13 70
30 9 37 14
30 14 49 72
30 16 7 47
30 19 22 107
30 21 1 116
30 22 31 45
30 23 43 81
30 28 4 98
30 31 25 18
31 2 51 72
31 5 31 26
31 7 43 17
31 11 37 90
31 12 55 26
31 15 7 24
31 17 35 104
31 18 40 46
31 19 25 107
31 20 19 81
31 21 3 116
31 26 1 100
32 4 15 70
32 12 37 26
32 13 35 59
32 14 53 72
32 16 10 47
32 18 31 46
32 20 55 81
32 25 43 106
32 26 21 100
32 30 7 37
32 31 1 18
33 7 46 17
33 8 25 2
33 12 49 26
33 13 41 59
33 14 55 72
33 16 13 47
33 20 37 81
33 22 1 45
33 25 19 106
33 26 9 100
34 2 57 72
34 6 13 50
34 14 59 72
34 15 17 24
34 17 41 104
34 19 28 107
34 22 19 45
34 23 3 100
34 28 7 98
34 30 25 37
34 31 31 18
35 4 17 70
35 7 49 17
35 11 25 90
35 12 43 26
35 14 1 117
35 22 13 45
35 23 33 100
35 28 10 98
35 29 19 93
35 30 4 37
35 31 55 18
36 4 19 70
36 7 52 17
36 9 55 14
36 11 34 90
36 15 9 24
36 18 43 46
36 21 5 116
36 27 22 15
36 28 13 98
36 30 16 32
37 7 55 17
37 10 4 55
37 14 7 117
37 20 49 100
37 21 9 116
37 22 37 45
37 27 28 15
37 28 16 98
37 29 1 93
37 30 22 37
37 31 43 18
38 5 34 26
38 6 16 50
38 7 58 17
38 11 40 90
38 13 53 59
38 16 19 47
38 17 47 104
38 18 49 46
38 24 7 95
38 27 31 15
38 30 1 37
39 2 31 107
39 5 4 20
39 7 1 33
39 9 13 48
39 11 43 90
39 15 27 24
39 18 46 46
39 22 49 45
39 23 37 100
39 26 41 100
39 28 19 98
39 29 10 93
40 2 33 107
40 4 23 70
40 6 19 50
40 8 40 2
40 11 46 90
40 14 3 117
40 15 29 24
40 21 7 116
40 22 55 45
40 25 13 106
40 31 49 18
41 2 35 107
41 5 7 20
41 8 49 2
41 9 19 14
41 13 47 59
41 16 16 47
41 17 53 104
41 23 27 100
41 26 43 100
41 30 37 37
41 31 1 34
42 9 31 14
42 10 7 55
42 12 1 41
42 14 5 117
42 18 52 46
42 19 37 107
42 21 11 116
42 22 43 45
42 24 19 95
42 25 55 106
42 26 15 100
42 29 25 93
43 2 40 107
43 4 21 70
43 5 13 20
43 9 1 48
43 10 10 55
43 11 49 90
43 13 59 59
43 15 31 24
43 19 43 107
43 22 25 48
43 23 55 100
43 30 16 37
44 2 46 107
44 4 25 70
44 7 4 33
44 11 52 90
44 12 7 41
44 13 1 73
44 14 11 117
44 16 22 47
44 28 28 98
44 29 31 93
45 2 49 107
45 5 16 20
45 6 22 50
45 13 3 73
45 18 55 46
45 20 45 100
45 24 31 95
45 25 37 106
45 30 28 37
45 31 7 34
46 2 51 107
46 9 43 14
46 10 13 55
46 14 9 117
46 15 33 24
46 20 1 99
46 21 17 116
46 26 53 100
46 28 22 98
46 30 40 37
46 31 25 34
47 5 10 20
47 7 7 33
47 8 28 2
47 10 16 55
47 13 5 73
47 15 35 24
47 17 59 104
47 18 1 11
47 22 19 48
47 25 49 106
47 29 37 93
48 6 25 50
48 7 10 33
48 10 19 55
48 11 58 90
48 14 13 117
48 17 1 119
48 18 4 11
48 19 55 107
48 20 43 99
48 21 15 116
48 22 37 48
48 29 34 93
49 6 28 50
49 11 55 90
49 12 13 41
49 14 17 117
49 15 37 24
49 16 25 47
49 18 58 46
49 25 1 58
49 26 5 4
50 2 53 107
50 5 1 20
50 6 31 50
50 13 7 73
50 14 15 117
50 16 28 47
50 19 58 107
50 27 34 15
50 28 25 98
50 29 40 93
50 31 19 34
51 13 9 73
51 17 3 119
51 21 13 116
51 22 49 48
51 24 55 95
51 26 59 100
51 27 37 15
51 29 43 93
51 30 46 37
51 31 31 34
52 4 27 70
52 6 34 50
52 9 49 14
52 11 37 119
52 14 19 117
52 21 21 116
52 22 7 45
52 25 1 106
52 26 11 4
52 28 31 98
52 31 13 34
53 4 29 70
53 6 37 50
53 11 13 119
53 14 21 117
53 15 41 24
53 17 5 119
53 18 16 11
53 20 25 99
53 22 7 48
53 27 43 15
53 28 34 98
54 5 25 20
54 6 40 50
54 10 22 55
54 11 7 119
54 13 11 73
54 15 43 24
54 19 31 70
54 21 19 116
54 27 46 15
55 4 34 70
55 5 19 20
55 6 43 50
55 8 1 2
55 10 25 55
55 11 10 119
55 21 23 116
55 27 40 15
55 29 46 93
55 30 49 37
56 4 37 70
56 7 13 33
56 10 28 55
56 11 16 119
56 14 23 117
56 20 7 99
56 21 25 116
56 22 31 48
56 27 49 15
56 30 43 37
57 9 43 48
57 10 31 55
57 12 19 41
57 15 39 24
57 16 34 47
57 18 7 11
57 21 27 116
57 29 49 93
57 30 52 37
58 4 39 70
58 8 7 2
58 10 34 55
58 15 47 24
58 16 31 47
58 18 10 11
58 20 13 99
58 21 29 116
58 22 55 48
58 26 1 4
58 28 43 98
59 4 41 70
59 12 25 41
59 14 29 117
59 17 19 119
59 18 13 11
59 21 31 116
59 24 1 95
59 26 7 4
59 29 52 93
59 30 34 37
59 31 37 34
60 5 28 20
60 8 43 2
60 11 21 119
60 12 31 41
60 16 37 47
60 17 25 119
60 25 7 106
60 26 3 4
60 29 55 93
61 4 43 70
61 5 22 20
61 6 46 50
61 8 34 2
61 11 27 119
61 12 37 41
61 14 25 117
61 16 49 47
61 29 58 93
62 4 45 70
62 5 34 20
62 7 16 33
62 10 37 55
62 13 13 73
62 16 40 47
62 17 31 119
62 18 19 11
62 19 49 70
63 4 47 70
63 8 58 2
63 10 40 55
63 17 33 119
63 19 52 70
63 26 9 4
63 28 37 98
63 30 55 37
63 31 43 34
64 4 55 70
64 6 49 50
64 8 46 2
64 14 27 117
64 18 22 11
64 19 57 70
64 20 31 99
64 22 7 30
64 27 52 15
64 30 13 77
64 31 1 61
65 4 58 37
65 6 52 50
65 17 35 119
65 19 1 111
65 21 33 116
65 22 13 30
65 26 17 4
65 27 55 15
65 28 40 98
66 6 55 50
66 10 43 55
66 13 15 73
66 16 46 47
66 17 40 119
66 19 4 111
66 27 58 15
66 31 49 34
67 4 4 66
67 7 19 33
67 10 46 55
67 14 31 117
67 18 25 11
67 20 37 99
67 21 35 116
67 28 49 98
67 30 1 77
68 8 52 2
68 13 17 73
68 14 33 117
68 17 43 119
68 19 7 111
68 21 37 116
68 29 13 95
68 30 4 77
68 31 55 34
69 4 13 66
69 6 58 50
69 8 7 27
69 10 49 55
69 11 55 119
69 12 43 41
69 19 10 111
69 20 19 99
69 22 1 30
69 28 52 98
70 5 31 20
70 7 22 33
70 11 49 119
70 13 19 73
70 14 35 117
70 18 28 11
70 27 1 76
70 28 46 98
70 29 16 95
70 31 7 61
71 7 25 33
71 11 58 119
71 12 49 41
71 16 43 47
71 22 19 30
71 26 23 4
71 31 13 61
72 5 40 20
72 10 52 55
72 13 21 73
72 15 45 24
72 16 55 47
72 18 37 11
72 19 13 111
72 22 31 30
72 27 4 76
72 30 7 77
72 31 25 61
73 5 43 20
73 8 55 2
73 13 23 73
73 14 37 117
73 15 49 24
73 20 51 99
73 21 39 116
73 31 19 61
74 5 37 20
74 8 1 27
74 11 45 119
74 15 58 24
74 16 52 47
74 19 16 111
74 27 7 76
74 28 55 98
74 31 31 61
75 4 1 66
75 5 46 20
75 10 55 55
75 14 39 117
75 17 52 119
75 19 19 111
75 22 25 30
75 28 58 98
75 30 10 77
76 4 7 66
76 5 49 20
76 7 28 33
76 19 22 111
76 22 43 30
76 26 13 4
76 27 10 76
76 28 1 28
76 31 37 61
77 14 41 117
77 19 25 111
77 21 43 116
77 22 37 30
77 27 13 76
77 30 16 77
77 31 49 61
78 4 15 66
78 7 31 33
78 8 10 27
78 12 55 41
78 13 25 73
78 21 41 116
78 26 19 4
78 28 4 28
78 31 43 61
79 7 34 33
79 8 4 27
79 16 58 47
79 30 19 77
80 5 52 20
80 7 37 33
80 10 58 55
80 11 1 44
80 14 43 117
80 18 31 11
80 19 28 111
80 21 45 116
80 28 7 28
Trạng thái nghiệm: 1
Điểm tối ưu: 847
Thời gian: 1000.5403 giây
