480
1 4 3 6
1 5 7 37
1 6 13 15
1 9 10 45
1 10 19 25
1 11 43 24
1 12 28 28
1 13 5 25
1 15 49 68
1 16 31 29
1 18 37 32
2 2 31 22
2 4 13 68
2 5 25 37
2 6 3 18
2 8 19 58
2 9 52 45
2 11 16 46
2 15 49 19
2 17 35 40
2 18 55 32
3 3 7 58
3 9 13 45
3 10 43 43
3 11 19 24
3 12 55 28
3 13 37 25
3 14 11 62
3 16 31 70
3 17 1 43
3 18 49 32
4 2 17 22
4 4 51 6
4 8 37 58
4 9 46 61
4 10 25 25
4 11 7 24
4 13 31 25
4 14 21 4
4 16 57 29
4 17 1 57
4 18 3 32
4 19 13 26
5 2 15 22
5 5 28 44
5 7 21 26
5 8 49 58
5 9 58 61
5 10 39 25
5 12 43 28
5 13 13 32
5 16 7 53
5 17 35 57
6 2 49 22
6 4 5 68
6 9 58 45
6 11 7 46
6 12 13 28
6 13 3 25
6 14 41 62
6 15 37 19
6 16 25 53
6 17 11 43
6 19 31 26
6 20 43 40
7 2 53 22
7 4 9 6
7 8 37 72
7 9 25 61
7 10 55 25
7 11 34 24
7 12 1 28
7 14 5 4
7 15 47 19
7 17 51 57
8 2 57 22
8 5 13 44
8 10 3 43
8 11 34 46
8 15 25 52
8 16 39 47
8 17 49 40
8 19 7 50
9 2 51 22
9 3 55 10
9 5 4 37
9 6 31 18
9 8 45 72
9 11 10 46
9 12 22 36
9 14 35 2
9 15 19 19
9 16 13 53
9 20 27 18
10 2 29 22
10 3 31 58
10 8 55 36
10 9 37 45
10 12 4 28
10 13 43 32
10 15 7 68
10 17 17 43
10 20 13 18
11 3 49 10
11 4 59 6
11 5 16 44
11 6 37 15
11 7 33 74
11 8 25 36
11 14 1 4
11 15 53 19
11 16 45 70
11 17 19 43
11 19 55 26
12 4 31 6
12 6 43 15
12 11 58 24
12 12 25 28
12 13 23 25
12 15 9 52
12 16 19 29
12 18 49 62
12 19 13 50
12 20 37 40
13 4 49 6
13 5 19 37
13 7 25 74
13 8 13 42
13 9 31 71
13 14 47 2
13 15 17 68
13 16 43 47
13 17 29 43
13 18 3 62
13 19 55 50
13 20 51 40
14 3 15 10
14 4 1 68
14 6 49 15
14 8 33 42
14 9 22 45
14 13 7 25
14 14 13 62
14 17 31 43
14 18 25 32
14 19 37 50
15 2 39 22
15 4 23 6
15 5 10 37
15 6 55 15
15 8 1 42
15 10 25 43
15 11 13 46
15 12 46 28
15 14 59 4
15 15 21 68
15 17 19 57
16 2 11 22
16 3 19 10
16 4 59 68
16 9 1 45
16 11 25 24
16 12 52 36
16 13 15 32
16 17 41 43
16 18 31 62
16 20 37 18
17 2 47 22
17 5 4 44
17 8 37 36
17 11 28 24
17 13 1 25
17 14 33 4
17 16 13 47
17 17 49 57
17 19 51 50
18 3 31 10
18 4 21 6
18 5 16 37
18 7 27 26
18 9 7 45
18 11 40 24
18 12 1 36
18 15 19 68
18 16 51 29
19 4 9 68
19 5 37 37
19 8 19 42
19 9 1 71
19 10 55 43
19 13 11 25
19 14 27 2
19 15 33 52
19 16 45 53
20 2 27 22
20 3 7 10
20 4 25 6
20 7 3 26
20 9 19 45
20 11 22 24
20 13 1 32
20 16 43 29
20 17 39 57
20 18 31 32
21 2 59 22
21 4 29 6
21 11 46 24
21 12 34 28
21 13 13 25
21 14 11 4
21 15 25 68
21 17 55 40
21 18 37 62
21 19 21 50
22 2 25 22
22 8 43 36
22 9 49 45
22 13 53 32
22 14 19 62
22 15 15 19
22 16 1 70
22 20 7 40
23 2 33 22
23 5 40 37
23 8 19 72
23 9 46 45
23 10 51 43
23 12 4 36
23 13 29 25
23 15 31 19
23 17 59 57
23 20 13 40
24 4 11 68
24 5 43 37
24 8 13 72
24 12 49 28
24 13 41 32
24 14 35 62
24 15 27 68
24 16 1 47
24 17 17 57
24 18 55 62
25 5 37 44
25 8 7 42
25 9 52 71
25 11 49 24
25 12 31 28
25 14 25 2
25 15 3 19
25 16 13 29
25 17 23 57
25 19 27 50
26 2 1 22
26 5 58 37
26 9 55 45
26 12 40 28
26 14 37 2
26 15 25 19
26 17 27 57
26 18 15 62
27 2 19 22
27 3 3 10
27 4 11 6
27 7 13 74
27 8 33 72
27 9 58 71
27 11 55 24
27 15 37 68
27 16 51 70
27 18 45 32
28 2 21 22
28 4 35 6
28 5 46 37
28 9 16 45
28 12 49 36
28 13 29 32
28 14 53 4
28 15 39 68
28 17 11 40
29 4 7 6
29 5 10 44
29 7 55 74
29 9 28 71
29 13 35 32
29 14 53 62
29 15 41 68
29 19 31 50
30 2 23 22
30 6 3 15
30 8 39 42
30 11 52 46
30 12 58 28
30 13 9 25
30 15 35 19
30 16 31 53
30 17 29 57
31 4 53 68
31 5 55 44
31 6 25 15
31 8 15 36
31 9 4 71
31 13 23 32
31 14 43 2
31 15 33 19
31 17 37 57
32 5 58 44
32 6 21 15
32 8 25 42
32 10 13 43
32 11 31 24
32 13 11 32
32 15 47 27
32 16 49 47
32 17 41 57
32 20 3 40
33 3 55 58
33 4 41 6
33 9 16 71
33 10 21 43
33 12 7 36
33 13 51 25
33 14 33 2
33 17 31 57
33 18 25 62
34 5 31 37
34 6 7 18
34 8 55 42
34 9 25 71
34 12 22 28
34 14 15 4
34 15 1 27
34 17 29 40
34 18 43 62
34 19 51 26
35 4 45 6
35 5 22 44
35 8 55 72
35 9 25 45
35 11 1 46
35 12 19 28
35 15 13 52
35 16 51 53
35 19 7 26
36 3 27 58
36 4 5 6
36 5 31 44
36 6 43 18
36 7 39 74
36 9 34 45
36 12 10 36
36 16 57 70
36 17 17 40
37 2 35 22
37 3 1 58
37 4 47 68
37 11 28 46
37 12 52 28
37 13 19 32
37 14 5 2
37 18 7 32
37 20 55 18
38 3 25 10
38 4 31 68
38 5 55 37
38 7 43 74
38 8 1 72
38 14 9 2
38 15 23 19
38 16 37 29
38 20 49 18
39 2 13 22
39 5 28 37
39 6 31 15
39 7 9 74
39 10 15 25
39 13 45 25
39 14 37 4
39 15 43 19
39 16 19 53
39 17 41 40
39 19 3 50
40 2 45 22
40 4 37 6
40 8 7 72
40 9 19 61
40 11 4 46
40 13 17 32
40 14 1 62
40 20 25 40
41 2 9 22
41 4 43 6
41 5 46 44
41 11 1 24
41 12 19 36
41 13 33 25
41 14 11 2
41 17 57 57
42 4 39 6
42 5 1 37
42 7 51 74
42 8 27 72
42 9 22 61
42 12 10 28
42 13 35 25
42 14 49 2
42 15 37 52
42 19 43 50
42 20 57 40
43 2 5 22
43 3 39 10
43 4 57 68
43 7 21 74
43 10 7 43
43 12 31 36
43 13 47 25
43 15 1 19
43 16 13 70
44 2 43 22
44 4 51 68
44 8 45 42
44 9 4 45
44 10 37 43
44 13 21 32
44 14 57 2
44 15 59 52
44 16 7 47
45 4 45 68
45 6 9 15
45 8 49 42
45 9 13 71
45 12 37 28
45 13 59 25
45 14 17 4
45 20 31 40
46 2 55 22
46 3 43 58
46 5 7 44
46 7 3 74
46 11 58 46
46 13 53 25
46 14 23 2
46 15 11 19
46 16 37 70
47 2 37 22
47 5 1 44
47 11 13 24
47 12 16 28
47 14 45 4
47 15 41 27
47 17 19 40
47 20 21 40
48 2 41 22
48 3 13 58
48 5 25 44
48 7 37 26
48 9 31 61
48 13 43 25
48 14 51 2
48 15 55 68
48 16 21 47
48 17 3 57
49 3 43 10
49 4 55 6
49 8 51 72
49 9 40 61
49 10 33 43
49 12 7 28
49 13 49 25
49 14 17 2
49 18 21 62
50 9 13 61
50 11 4 24
50 12 34 36
50 13 59 32
50 14 49 4
50 15 41 19
50 17 55 57
50 18 7 62
50 19 45 26
50 20 19 18
Trạng thái nghiệm: 1
Điểm tối ưu: 480
Thời gian: 1000.1491 giây
