1558
1 32 15 175
1 34 50 33
1 5 7 58
1 41 55 116
1 45 10 136
1 49 27 33
1 52 2 33
1 21 43 18
1 25 19 175
1 60 37 116
1 31 32 175
2 3 2 58
2 37 58 18
2 7 14 33
2 9 7 33
2 41 31 116
2 43 56 175
2 45 52 21
2 46 37 175
2 51 43 175
2 22 26 116
2 55 50 175
2 28 21 116
3 32 27 175
3 3 56 58
3 36 32 18
3 4 43 116
3 10 50 116
3 12 7 175
3 13 1 116
3 47 52 11
3 51 37 9
3 54 19 18
3 24 14 116
4 4 7 116
4 5 19 58
4 40 16 58
4 9 31 33
4 44 25 160
4 15 38 18
4 47 57 11
4 19 2 175
4 56 22 187
4 24 43 33
4 59 46 58
4 31 13 18
5 1 23 1
5 35 13 9
5 8 58 175
5 42 45 9
5 43 32 58
5 44 19 160
5 46 49 9
5 14 1 18
5 16 38 33
5 49 56 33
5 58 25 50
5 31 8 18
6 1 29 1
6 35 55 9
6 26 49 18
6 5 37 58
6 38 46 203
6 41 25 18
6 42 9 9
6 13 13 72
6 23 1 60
6 55 20 188
6 58 31 50
6 27 44 26
7 5 26 58
7 6 20 33
7 39 15 60
7 11 40 64
7 45 49 21
7 46 31 9
7 19 2 9
7 51 43 48
7 55 38 188
7 24 8 48
7 25 55 60
8 2 26 9
8 4 13 48
8 37 32 203
8 6 43 60
8 7 56 48
8 10 51 58
8 44 1 160
8 15 46 72
8 16 21 9
8 17 8 60
8 31 38 26
9 32 21 60
9 6 31 60
9 40 27 26
9 11 16 64
9 44 43 160
9 28 8 26
9 48 49 26
9 49 56 26
9 24 38 48
9 27 14 26
9 60 1 72
10 32 38 60
10 34 32 26
10 36 25 48
10 4 49 48
10 39 28 60
10 11 57 64
10 45 40 21
10 16 22 48
10 18 19 26
10 20 1 126
10 53 14 160
11 36 32 48
11 8 52 78
11 40 2 26
11 27 50 60
11 43 4 48
11 10 21 142
11 46 43 187
11 14 7 64
11 56 14 187
11 59 27 72
11 31 56 194
12 32 39 72
12 3 55 72
12 4 19 72
12 37 13 203
12 38 58 203
12 41 25 187
12 42 32 160
12 21 7 160
12 24 2 188
12 29 49 160
12 31 34 194
13 35 31 72
13 40 57 160
13 8 52 175
13 43 39 160
13 15 9 72
13 16 26 142
13 17 14 142
13 50 44 80
13 52 49 187
13 55 28 188
13 26 19 203
13 29 1 142
14 34 56 142
14 35 49 72
14 3 20 64
14 38 27 203
14 39 32 142
14 8 40 78
14 60 13 50
14 17 8 142
14 52 2 187
14 56 37 187
14 28 34 187
14 30 44 133
15 36 56 187
15 37 2 203
15 41 7 187
15 43 22 23
15 45 26 136
15 48 13 188
15 17 50 142
15 52 32 188
15 21 43 142
15 24 37 50
15 28 20 194
16 32 39 142
16 2 7 203
16 8 58 78
16 44 49 95
16 15 21 41
16 47 27 11
16 17 55 188
16 51 1 194
16 21 13 41
16 53 32 41
16 56 10 194
16 58 43 50
17 35 7 188
17 36 44 188
17 39 51 203
17 41 55 41
17 42 39 203
17 11 32 64
17 16 34 23
17 23 1 38
17 59 14 194
17 28 27 194
17 29 19 126
18 1 59 1
18 5 44 194
18 39 33 224
18 10 21 216
18 12 49 188
18 28 14 23
18 19 38 41
18 22 16 114
18 25 25 41
18 60 1 64
18 29 7 126
18 31 56 23
19 32 14 216
19 10 21 108
19 12 25 64
19 48 49 41
19 16 39 23
19 20 55 126
19 21 1 41
19 22 16 75
19 55 33 38
19 25 7 41
19 27 45 64
20 32 4 216
20 35 43 41
20 5 50 194
20 10 22 114
20 12 7 50
20 17 1 23
20 21 13 224
20 53 39 194
20 54 55 38
20 24 19 50
20 28 27 23
20 29 31 126
21 32 58 216
21 33 51 64
21 37 10 74
21 6 38 224
21 40 32 7
21 42 3 50
21 13 19 198
21 20 13 126
21 21 25 224
21 55 8 38
21 27 44 126
21 31 55 50
22 32 33 216
22 2 14 11
22 5 56 224
22 7 26 126
22 41 7 23
22 43 45 23
22 16 52 23
22 50 20 80
22 18 38 38
22 52 49 50
23 34 37 126
23 3 56 7
23 41 49 224
23 11 40 216
23 43 45 224
23 46 13 7
23 15 32 182
23 48 19 224
23 17 8 224
23 54 25 38
23 56 1 224
24 34 50 126
24 3 7 7
24 4 31 108
24 2 4 150
24 38 38 198
24 7 19 7
24 9 13 38
24 42 10 198
24 16 22 35
24 19 1 7
24 24 44 38
24 26 55 184
25 2 37 11
25 36 44 7
25 41 49 38
25 43 57 198
25 12 1 199
25 13 7 216
25 16 15 35
25 50 34 80
25 52 31 75
25 21 25 216
25 25 19 158
26 37 16 74
26 38 14 198
26 39 57 108
26 43 51 184
26 12 25 199
26 13 31 198
26 45 1 136
26 15 45 182
26 53 21 4
26 22 38 114
26 30 4 219
27 26 19 38
27 36 50 7
27 8 34 78
27 41 55 98
27 45 31 21
27 14 46 216
27 18 43 198
27 51 1 198
27 53 17 4
27 59 39 7
27 29 25 7
28 39 15 108
28 42 50 198
28 45 32 136
28 15 52 182
28 49 40 182
28 20 25 31
28 53 9 4
28 25 55 158
28 26 43 184
28 27 38 184
28 30 1 219
29 36 7 184
29 37 56 74
29 10 50 216
29 11 38 74
29 14 40 183
29 46 43 74
29 19 14 184
29 54 31 184
29 23 25 184
29 26 19 184
30 35 1 184
30 38 26 198
30 40 21 74
30 42 50 108
30 48 31 74
30 17 7 108
30 19 52 196
30 23 43 71
30 56 56 114
30 24 37 59
31 33 50 74
31 3 13 182
31 36 56 59
31 10 26 108
31 11 2 74
31 12 37 199
31 45 46 21
31 14 43 183
31 50 4 80
31 55 32 11
31 24 20 59
31 30 52 133
32 32 1 27
32 36 49 59
32 38 57 196
32 11 26 74
32 45 28 21
32 49 20 182
32 20 7 31
32 52 52 75
32 53 37 4
32 55 45 11
32 25 31 158
32 29 39 108
33 2 19 11
33 37 7 158
33 38 32 59
33 41 37 98
33 43 46 59
33 45 34 21
33 46 49 158
33 16 26 32
33 21 13 158
33 22 56 182
33 27 44 108
33 30 28 133
34 1 35 1
34 5 25 158
34 7 49 114
34 40 21 75
34 10 3 108
34 52 8 75
34 55 52 42
34 22 56 144
34 23 31 125
34 27 38 158
34 25 43 158
35 36 50 14
35 5 1 158
35 37 56 75
35 38 38 196
35 6 32 114
35 11 9 196
35 13 13 32
35 16 21 3
35 22 25 114
35 54 43 196
36 32 7 27
36 33 43 30
36 3 1 182
36 11 21 196
36 17 32 196
36 51 37 144
36 52 9 32
36 53 51 4
36 25 55 14
36 59 26 196
36 28 45 144
36 31 13 109
37 1 52 1
37 6 43 114
37 8 37 78
37 41 25 98
37 12 31 199
37 14 55 183
37 46 7 114
37 20 19 31
37 52 46 75
37 24 13 59
37 27 50 144
38 33 45 30
38 34 32 144
38 4 25 182
38 5 56 19
38 40 38 75
38 45 40 136
38 13 49 32
38 48 13 196
38 51 19 144
38 22 8 182
38 56 1 196
39 1 31 1
39 37 55 32
39 42 27 14
39 44 19 95
39 46 1 114
39 15 50 98
39 47 8 11
39 19 37 91
39 52 44 32
39 31 10 109
40 3 44 98
40 4 25 144
40 37 20 32
40 5 31 40
40 7 56 35
40 43 29 10
40 12 49 199
40 16 23 3
40 50 37 80
40 23 1 125
40 59 8 59
41 33 41 30
41 6 7 144
41 46 25 75
41 18 20 98
41 21 49 35
41 54 43 35
41 25 1 183
41 26 55 86
41 27 15 144
41 29 31 98
41 30 37 133
42 33 50 183
42 35 43 164
42 3 14 98
42 5 57 40
42 39 25 42
42 49 33 32
42 51 1 144
42 52 37 32
42 53 55 4
42 24 27 59
42 30 52 219
43 32 59 9
43 3 7 98
43 12 43 199
43 45 37 136
43 13 49 155
43 48 25 146
43 14 13 64
43 20 31 31
43 55 5 38
43 25 55 42
43 31 1 109
44 1 37 1
44 3 58 199
44 6 19 40
44 7 25 35
44 42 31 14
44 14 40 76
44 46 1 75
44 17 7 57
44 52 49 122
44 21 33 35
44 24 55 91
45 34 49 91
45 2 43 150
45 36 7 157
45 35 19 164
45 39 15 42
45 41 1 98
45 10 46 33
45 13 25 155
45 56 52 2
45 30 55 133
45 31 58 97
46 4 37 35
46 42 21 14
46 43 51 10
46 46 1 59
46 16 49 3
46 49 23 21
46 19 44 91
46 52 13 199
46 55 41 38
46 24 25 91
46 60 55 155
47 3 25 183
47 4 7 35
47 7 50 140
47 40 47 64
47 41 13 67
47 12 37 125
47 13 43 155
47 14 55 18
47 50 58 80
47 60 19 155
47 31 4 109
48 32 5 9
48 37 49 86
48 8 25 78
48 27 41 35
48 45 13 136
48 46 43 147
48 17 52 16
48 51 55 15
48 24 31 91
48 59 23 6
48 60 19 183
49 1 13 1
49 10 10 58
49 43 35 10
49 45 19 136
49 14 37 76
49 16 27 3
49 50 31 80
49 55 23 38
49 28 17 60
49 29 55 140
50 33 19 30
50 12 21 199
50 48 7 166
50 16 29 3
50 51 1 19
50 52 55 122
50 19 13 91
50 22 44 122
50 23 37 71
50 56 25 2
50 25 49 195
50 60 31 155
51 32 17 9
51 11 26 86
51 12 13 125
51 17 37 16
51 19 22 91
51 20 1 31
51 21 43 86
51 56 19 2
51 30 55 219
51 31 52 97
52 1 9 1
52 40 53 58
52 8 55 78
52 43 19 10
52 12 25 17
52 13 49 143
52 15 11 18
52 17 1 16
52 22 37 122
52 25 31 183
52 59 7 6
52 30 43 219
53 32 41 9
53 35 25 164
53 37 20 86
53 42 45 14
53 13 13 155
53 46 49 147
53 21 31 86
53 55 55 11
53 26 37 86
53 27 58 26
54 2 55 150
54 7 38 140
54 39 1 42
54 41 3 67
54 10 13 58
54 43 21 10
54 14 33 76
54 55 31 38
54 25 25 195
54 26 49 40
54 59 29 6
54 29 43 140
55 1 40 1
55 7 45 6
55 8 20 78
55 11 1 52
55 44 55 95
55 14 4 18
55 15 23 18
55 52 26 122
55 22 31 122
55 58 49 73
55 30 37 219
56 33 31 30
56 2 50 150
56 41 37 20
56 43 23 10
56 44 13 95
56 12 19 125
56 46 55 147
56 16 1 3
56 49 11 21
56 23 43 37
56 59 33 6
56 60 3 141
57 33 5 30
57 34 37 55
57 3 40 128
57 38 28 32
57 11 31 52
57 14 16 76
57 19 43 13
57 21 19 106
57 53 25 4
57 54 55 73
57 55 10 38
57 31 34 97
58 33 3 30
58 3 25 128
58 37 34 91
58 41 19 20
58 12 49 124
58 14 10 64
58 17 31 16
58 19 28 13
58 21 43 103
58 54 13 105
58 59 17 6
59 1 27 1
59 35 13 164
59 36 19 157
59 37 52 59
59 43 33 10
59 44 43 95
59 48 1 100
59 16 17 3
59 55 40 11
59 60 55 77
60 3 52 60
60 13 55 143
60 48 7 146
60 18 31 8
60 19 1 13
60 20 43 31
60 53 23 4
60 54 37 73
60 52 20 122
60 59 27 6
60 28 49 23
61 3 34 128
61 36 10 53
61 5 27 40
61 8 44 78
61 42 5 14
61 10 17 33
61 44 37 95
61 19 7 13
61 20 49 31
61 21 19 46
61 55 25 11
62 1 19 1
62 37 28 86
62 8 49 78
62 43 11 10
62 15 17 41
62 17 7 16
62 18 13 8
62 19 34 13
62 20 55 31
62 21 43 46
62 27 41 26
63 32 3 27
63 37 16 91
63 7 19 140
63 44 25 95
63 13 37 155
63 16 57 3
63 18 49 8
63 51 7 28
63 21 43 106
63 53 53 4
63 23 31 71
64 33 11 30
64 34 16 55
64 35 31 164
64 37 43 75
64 38 35 32
64 40 5 64
64 43 3 10
64 45 22 136
64 21 55 103
64 22 49 135
64 26 37 40
65 2 49 56
65 5 43 40
65 8 28 78
65 45 58 21
65 46 13 88
65 51 37 15
65 52 52 187
65 22 55 135
65 21 7 46
65 55 5 11
65 60 31 82
66 2 7 150
66 4 25 34
66 6 1 40
66 27 4 35
66 45 43 136
66 48 13 100
66 51 31 19
66 54 37 47
66 55 22 11
66 24 10 78
66 59 59 3
67 1 43 1
67 3 10 98
67 4 21 34
67 35 55 164
67 42 29 14
67 11 19 52
67 46 31 88
67 14 40 18
67 16 47 3
67 17 25 16
67 52 16 160
67 23 49 37
68 33 7 30
68 34 43 55
68 6 34 7
68 39 13 42
68 12 1 186
68 15 11 41
68 50 25 80
68 51 37 19
68 21 49 103
68 23 15 71
68 60 55 82
69 10 19 48
69 43 37 10
69 44 31 95
69 13 1 143
69 49 13 21
69 20 39 31
69 53 35 4
69 30 10 133
69 31 7 97
70 1 3 1
70 3 52 98
70 39 31 42
70 42 9 14
70 10 1 48
70 41 25 27
70 17 13 16
70 28 43 23
71 3 13 128
71 36 19 53
71 5 22 127
71 12 1 17
71 45 55 136
71 16 9 3
71 49 47 7
71 22 31 135
71 55 17 11
71 24 43 76
72 2 55 56
72 35 49 164
72 27 35 26
72 42 3 14
72 13 19 143
72 15 47 18
72 23 25 37
72 24 58 76
72 59 15 6
72 29 7 149
73 36 10 157
73 38 47 32
73 7 7 140
73 10 5 58
73 43 39 10
73 13 13 151
73 46 49 88
73 21 1 86
73 53 27 4
73 25 55 8
74 58 43 73
74 5 34 40
74 10 11 33
74 46 7 88
74 52 19 187
74 21 1 46
74 27 25 26
74 29 13 123
75 1 7 1
75 36 22 53
75 45 49 136
75 14 10 76
75 16 15 3
75 49 17 7
75 51 43 15
75 21 1 103
75 22 19 135
75 60 25 77
75 29 31 140
76 36 37 53
76 39 17 42
76 7 10 140
76 15 23 41
76 16 7 3
76 51 13 19
76 54 31 47
76 23 1 37
76 28 29 23
77 33 17 30
77 2 49 42
77 36 25 53
77 6 4 40
77 38 59 14
77 48 55 100
77 56 22 2
77 24 46 76
77 60 7 82
77 30 13 133
78 3 7 128
78 37 40 75
78 39 33 42
78 42 15 14
78 14 22 76
78 48 25 45
78 18 37 8
78 50 49 80
78 25 55 195
78 26 1 155
79 4 7 34
79 37 49 75
79 40 55 64
79 10 29 33
79 43 17 10
79 15 47 41
79 51 43 19
79 23 19 71
79 55 34 11
79 28 5 60
80 1 25 1
80 3 4 128
80 39 9 42
80 43 41 10
80 12 43 17
80 13 31 143
80 46 19 88
80 59 39 6
80 31 13 97
81 32 7 9
81 2 31 56
81 13 25 143
81 46 1 88
81 49 9 21
81 51 13 15
81 21 19 103
81 28 41 23
81 30 58 133
82 3 22 128
82 43 9 10
82 45 55 21
82 46 43 88
82 15 35 18
82 14 37 64
82 22 4 122
82 25 31 195
82 27 16 26
82 29 49 123
83 5 19 127
83 40 53 32
83 42 37 14
83 43 45 10
83 14 13 76
83 48 7 45
83 53 43 4
83 22 16 135
83 59 41 6
83 29 1 123
84 36 40 53
84 5 7 127
84 45 37 21
84 16 33 3
84 18 16 8
84 52 10 199
84 21 55 46
84 60 25 82
84 31 4 97
85 34 28 55
85 35 3 164
85 43 1 10
85 11 15 52
85 12 31 124
85 46 19 147
85 49 41 7
85 55 10 11
85 25 37 195
85 30 58 219
86 33 37 30
86 4 49 29
86 39 27 42
86 42 25 14
86 43 47 10
86 44 7 95
86 48 31 45
86 19 19 13
86 60 1 77
86 30 40 133
87 42 33 14
87 10 40 33
87 13 1 151
87 15 29 18
87 17 43 16
87 50 14 80
87 19 22 13
87 21 7 106
87 56 49 2
87 30 25 219
88 2 1 56
88 3 25 60
88 6 57 4
88 7 49 6
88 50 28 80
88 20 13 31
88 26 7 155
88 28 19 23
88 30 4 133
89 1 17 1
89 7 1 140
89 13 37 151
89 19 31 13
89 21 25 46
89 23 7 37
89 24 13 78
89 56 4 2
89 60 43 141
89 30 49 219
89 31 22 50
90 33 33 30
90 37 40 59
90 5 52 127
90 39 37 42
90 12 7 124
90 21 13 106
90 54 55 47
90 53 45 4
90 60 1 82
90 31 49 97
91 33 39 30
91 4 13 34
91 5 43 127
91 39 41 42
91 41 9 67
91 42 35 14
91 43 57 10
91 46 25 147
91 51 1 28
91 53 7 4
91 22 46 135
92 33 9 30
92 11 25 52
92 12 49 17
92 50 55 80
92 53 5 4
92 55 43 11
92 56 13 53
92 28 11 60
92 29 37 123
93 32 11 9
93 35 37 164
93 5 22 40
93 39 43 42
93 14 4 76
93 16 41 3
93 50 52 80
93 55 17 38
93 27 47 35
93 30 7 133
94 6 58 32
94 39 3 42
94 59 13 6
94 13 7 143
94 48 43 45
94 49 1 21
94 24 52 76
94 25 15 183
94 27 11 35
95 43 55 10
95 11 27 52
95 13 37 143
95 12 7 125
95 16 53 3
95 18 46 8
95 51 13 28
95 53 33 4
95 21 57 106
95 23 49 71
95 29 1 149
96 37 10 59
96 7 46 114
96 42 19 14
96 12 31 17
96 13 55 151
96 44 1 95
96 48 49 45
96 17 22 16
96 51 25 15
96 22 16 122
96 29 37 172
97 32 35 9
97 38 40 32
97 50 1 80
97 19 13 13
97 56 7 2
97 60 19 82
97 30 16 133
97 31 10 97
98 32 5 27
98 2 52 56
98 41 19 27
98 42 11 23
98 16 55 3
98 17 16 16
98 53 3 4
98 21 31 103
98 23 57 37
98 54 25 73
98 27 13 35
99 2 25 56
99 34 4 55
99 4 7 29
99 37 34 59
99 38 1 32
99 53 19 4
99 22 40 122
99 23 13 37
99 27 29 26
99 29 43 123
100 32 43 9
100 41 49 27
100 11 23 52
100 13 7 151
100 17 34 16
100 19 55 13
100 52 31 187
100 18 40 8
100 55 29 11
100 24 16 78
100 59 21 6
101 33 35 30
101 37 43 59
101 40 53 64
101 42 39 14
101 50 7 80
101 19 46 13
101 21 49 46
101 53 29 4
101 29 55 123
101 30 1 133
102 34 10 55
102 2 28 56
102 12 13 124
102 45 52 136
102 46 45 42
102 48 55 45
102 49 37 7
102 16 25 3
102 18 7 8
102 54 1 47
103 34 33 55
103 36 16 53
103 6 10 7
103 48 3 45
103 51 25 19
103 52 40 187
103 53 1 4
103 22 13 122
103 28 31 23
104 3 10 128
104 39 39 42
104 41 13 27
104 42 1 14
104 14 7 76
104 15 53 18
104 16 37 3
104 49 3 21
104 19 58 13
104 54 43 47
105 2 40 56
105 3 1 128
105 41 43 20
105 46 31 147
105 16 35 3
105 21 13 86
105 23 25 71
105 27 22 26
105 29 7 172
105 31 52 50
106 38 7 32
106 7 19 114
106 43 5 10
106 13 43 143
106 60 13 77
106 48 37 45
106 49 59 7
106 50 10 80
106 22 1 135
106 28 25 23
107 34 7 55
107 5 10 127
107 41 3 20
107 12 13 17
107 51 31 15
107 21 25 103
107 54 19 73
107 55 1 11
107 25 43 195
107 29 37 149
108 4 55 29
108 5 13 127
108 10 35 33
108 48 19 146
108 17 10 16
108 52 25 188
108 23 37 37
108 56 46 2
108 59 3 6
108 24 7 78
109 32 29 9
109 2 46 56
109 5 16 127
109 37 40 74
109 10 35 48
109 46 7 147
109 16 43 3
109 49 21 21
109 56 37 2
109 24 31 78
109 27 19 35
110 33 1 30
110 41 31 20
110 10 23 33
110 14 19 76
110 49 5 21
110 18 25 8
110 19 37 13
110 22 7 122
110 31 28 97
111 4 1 34
111 37 34 75
111 40 59 64
111 41 55 27
111 11 17 52
111 16 5 3
111 48 37 100
111 17 19 16
111 18 10 8
111 28 47 23
111 29 25 140
112 34 22 55
112 5 31 127
112 38 47 14
112 59 19 6
112 45 43 21
112 14 16 18
112 15 53 41
112 23 7 71
112 27 28 35
113 34 25 55
113 36 46 53
113 11 3 52
113 43 13 10
113 46 37 88
113 17 28 16
113 51 19 15
113 21 7 103
113 29 15 149
113 30 34 133
114 33 25 30
114 3 43 72
114 37 4 74
114 6 7 40
114 39 21 42
114 41 31 27
114 16 19 3
114 18 28 8
114 25 13 195
115 3 58 72
115 38 23 32
115 16 13 3
115 17 4 16
115 50 40 80
115 52 55 199
115 21 7 86
115 54 15 47
115 59 11 6
116 33 15 30
116 5 1 138
116 42 23 14
116 12 55 17
116 45 4 136
116 28 53 26
116 48 7 100
116 51 49 19
116 55 47 11
116 60 37 77
117 2 20 56
117 3 46 60
117 4 37 34
117 37 7 91
117 13 49 151
117 14 34 58
117 46 25 88
117 12 55 125
117 51 1 15
117 21 13 46
118 34 1 55
118 3 19 128
118 4 45 29
118 38 31 32
118 43 43 10
118 48 13 45
118 19 4 13
118 53 41 4
118 29 7 123
119 36 28 53
119 5 4 127
119 38 17 32
119 7 52 114
119 39 19 42
119 11 9 52
119 16 31 3
119 19 25 13
119 52 40 188
119 31 22 97
120 2 13 56
120 4 31 29
120 37 28 91
120 41 7 20
120 11 11 52
120 23 19 37
120 55 3 11
120 28 16 23
120 30 40 219
121 34 13 55
121 35 7 164
121 40 29 58
121 41 49 20
121 10 17 48
121 43 31 10
121 45 46 136
121 53 11 4
121 54 19 47
121 27 1 35
122 1 11 1
122 40 29 64
122 10 5 33
122 46 13 147
122 14 1 76
122 15 41 41
122 49 53 7
122 51 7 15
122 22 22 135
122 60 37 82
122 31 19 97
123 2 37 56
123 36 31 53
123 39 5 42
123 7 13 114
123 40 49 64
123 14 34 64
123 19 10 13
123 52 22 188
123 55 59 11
123 56 16 2
123 29 25 123
124 33 23 30
124 34 19 55
124 3 40 60
124 5 46 40
124 38 53 14
124 55 29 38
124 22 1 122
124 54 25 47
124 24 49 76
124 25 7 183
124 59 35 6
125 32 53 9
125 39 35 42
125 41 37 27
125 10 22 58
125 14 27 76
125 49 25 21
125 21 1 106
125 22 58 122
125 56 31 2
125 30 49 133
125 31 46 97
126 32 19 9
126 38 3 32
126 41 25 20
126 45 7 136
126 19 40 13
126 23 31 37
126 22 52 122
126 54 13 73
126 31 58 50
127 33 27 30
127 10 53 48
127 43 25 10
127 15 19 41
127 48 43 100
127 49 15 21
127 21 37 103
127 54 33 73
127 53 31 4
127 56 1 53
128 36 4 53
128 7 28 114
128 40 23 64
128 10 11 48
128 16 39 3
128 21 31 46
128 53 49 4
128 60 43 77
129 1 1 1
129 3 34 60
129 39 11 42
129 21 39 46
129 56 13 2
129 27 17 35
129 28 37 23
129 30 22 133
130 2 43 56
130 5 37 127
130 39 23 42
130 42 13 14
130 13 15 143
130 15 29 41
130 17 40 16
130 49 19 21
130 56 34 2
130 25 1 195
130 59 31 6
130 31 25 97
131 4 31 34
131 41 9 27
131 10 25 33
131 11 21 52
131 12 37 124
131 14 43 58
131 54 49 47
131 56 28 2
131 59 5 6
131 29 55 149
132 40 59 58
132 41 13 20
132 10 47 48
132 42 41 14
132 16 11 3
132 49 7 21
132 60 49 77
132 30 19 133
133 5 1 127
133 37 13 74
133 6 4 7
133 48 19 100
133 49 29 7
133 51 7 19
133 24 55 76
133 60 49 82
133 29 31 123
134 32 47 9
134 33 21 30
134 4 43 34
134 37 52 74
134 5 34 127
134 10 41 48
134 56 55 2
134 24 4 78
134 27 59 35
134 28 13 60
135 4 19 29
135 37 16 59
135 36 43 53
135 5 28 127
135 60 31 141
135 54 7 47
135 59 1 6
135 28 4 23
135 31 40 50
136 37 7 74
136 38 5 32
136 7 52 6
136 12 55 124
136 17 46 16
136 18 43 8
136 53 39 4
136 22 34 122
136 25 19 195
136 60 13 82
137 5 40 127
137 16 51 3
137 17 55 16
137 48 25 100
137 53 15 4
137 54 7 73
137 23 1 71
137 56 58 2
137 60 19 77
138 1 15 1
138 7 55 6
138 42 7 14
138 11 13 52
138 45 58 136
138 15 5 41
138 18 19 8
138 22 52 116
138 56 10 2
139 33 13 30
139 37 52 86
139 6 16 40
139 42 11 14
139 10 28 48
139 46 37 147
139 18 34 8
139 54 1 73
139 28 19 60
140 33 29 30
140 2 9 56
140 7 40 126
140 39 7 42
140 43 27 10
140 12 19 17
140 55 35 38
140 56 43 2
140 60 31 77
141 36 49 53
141 7 13 140
141 39 29 42
141 59 37 6
141 41 43 27
141 42 17 14
141 12 1 124
141 51 19 19
141 27 31 35
141 31 39 97
142 32 23 9
142 2 4 56
142 27 53 35
142 45 16 136
142 51 49 15
142 59 25 6
142 28 46 26
142 31 43 97
143 3 31 128
143 4 25 29
143 10 59 48
143 48 19 45
143 18 1 8
143 22 4 135
143 59 9 6
143 60 43 82
143 30 13 219
143 31 16 97
144 1 21 1
144 34 40 55
144 41 55 20
144 42 43 14
144 43 53 10
144 16 3 3
144 48 31 100
144 19 49 13
144 56 7 53
145 6 22 7
145 7 46 126
145 11 5 52
145 12 37 17
145 15 34 41
145 48 49 100
145 22 13 135
145 56 1 2
145 60 7 77
146 4 13 29
146 5 25 127
146 40 49 58
146 43 7 10
146 12 9 17
146 14 40 58
146 52 58 188
146 22 28 135
146 27 4 26
146 29 19 123
146 30 31 133
147 37 28 74
147 7 58 6
147 40 43 64
147 11 7 52
147 12 19 124
147 53 13 4
147 21 15 103
147 27 10 26
147 30 25 133
147 31 1 97
148 1 5 1
148 4 37 29
148 36 55 53
148 10 53 33
148 43 15 10
148 46 1 147
148 49 17 21
148 22 10 122
148 55 49 11
148 28 59 23
148 31 31 97
149 4 1 29
149 6 13 40
149 43 49 10
149 46 55 88
149 16 45 3
149 18 22 8
149 19 16 13
149 52 34 160
149 53 47 4
149 59 43 6
150 2 16 56
150 36 34 53
150 37 13 75
150 6 10 40
150 10 58 33
150 12 25 124
150 18 4 8
150 56 40 2
150 24 1 78
Trạng thái nghiệm: 1
Điểm tối ưu: 1558
Thời gian: 1003.9904 giây
