284
1 42 1 13
1 52 25 13
2 12 4 14
2 37 43 34
2 42 15 13
3 1 7 18
3 16 4 16
3 49 15 39
3 59 25 36
4 8 10 10
4 16 16 16
4 23 4 37
4 43 28 16
4 52 31 13
5 16 31 16
5 26 13 36
5 34 41 27
5 48 7 7
5 57 19 2
6 8 19 10
6 9 1 9
6 19 25 1
6 55 31 23
7 49 19 39
7 59 37 36
8 35 7 34
8 41 41 39
8 49 31 40
9 10 25 22
9 23 16 37
9 38 13 26
10 6 25 2
10 29 49 17
11 21 19 3
11 55 46 40
12 38 1 11
12 44 57 17
12 50 10 5
13 4 31 38
13 14 19 7
13 38 17 11
14 20 55 16
15 15 7 2
15 43 43 16
15 54 4 35
16 6 25 5
16 46 1 6
16 57 13 2
17 12 31 8
17 34 37 11
17 53 55 14
17 59 43 36
18 11 49 33
18 21 55 3
18 46 4 8
19 4 7 27
19 55 43 23
19 57 16 2
20 5 7 21
20 34 29 11
20 42 11 13
21 27 49 3
21 47 43 14
21 49 39 40
21 52 1 27
22 5 31 21
23 17 57 25
23 32 7 1
24 10 13 22
24 18 35 4
24 38 7 11
25 39 1 23
25 40 59 38
25 42 13 13
25 48 7 19
26 9 3 26
26 18 39 22
26 32 19 19
27 33 7 15
27 48 13 19
27 59 49 36
28 11 15 5
28 13 4 39
28 30 13 32
28 47 55 29
29 32 25 32
29 35 4 34
29 54 1 35
30 14 13 7
30 41 11 2
30 46 22 31
30 58 57 21
31 42 15 15
31 47 1 19
31 53 9 14
31 55 55 40
31 56 11 6
32 12 55 8
32 27 43 3
32 29 7 9
32 59 21 36
32 60 4 20
33 7 25 4
34 21 25 25
34 30 31 27
34 32 55 32
34 50 4 5
34 56 9 6
35 9 57 26
35 42 29 13
35 57 7 29
36 3 1 21
36 27 7 3
36 30 39 37
36 32 13 1
36 38 25 26
37 6 13 14
37 9 59 26
37 48 1 7
38 38 37 26
38 58 55 21
39 6 33 14
39 10 45 22
39 24 55 38
39 49 51 39
40 8 16 10
40 41 29 39
40 52 1 17
40 53 7 14
41 6 39 14
41 8 58 18
41 13 1 39
41 19 55 1
41 22 27 18
42 20 49 16
42 57 1 29
43 3 55 28
43 24 13 38
43 47 49 14
44 23 7 37
44 33 25 10
45 3 4 21
45 48 10 7
45 52 49 27
46 3 52 31
46 14 25 7
46 57 1 2
47 4 43 8
47 33 1 10
47 46 55 31
47 47 28 19
47 58 5 10
48 5 25 21
48 27 37 3
48 50 4 11
49 39 46 23
49 44 27 17
49 59 55 36
50 7 13 4
50 16 10 16
50 49 37 39
50 54 7 35
50 59 1 36
51 18 29 22
51 55 37 23
52 12 7 8
52 38 33 11
52 60 58 28
53 12 31 36
53 52 7 13
54 31 1 34
54 43 4 29
54 49 25 39
54 58 59 21
55 4 55 30
55 42 21 24
55 43 34 29
56 33 4 15
56 44 31 15
57 4 37 8
57 24 7 38
58 18 43 22
58 57 49 19
59 7 7 4
59 20 13 3
59 34 59 27
59 46 28 8
60 16 1 16
60 25 57 19
61 35 52 34
61 57 1 33
62 17 1 25
62 23 10 37
62 25 59 19
62 34 55 11
62 56 7 6
63 30 47 17
63 57 22 2
64 34 57 11
64 43 16 29
64 60 1 20
65 4 49 8
65 18 53 4
65 23 55 37
65 39 13 23
66 7 21 4
66 42 19 13
67 26 16 36
67 43 58 29
68 33 1 15
68 43 31 29
68 55 4 23
69 17 59 35
69 25 3 12
70 12 16 8
70 20 1 3
70 44 19 8
70 49 25 40
71 25 7 12
71 27 25 3
72 18 11 4
72 49 7 40
73 6 57 14
73 12 52 28
73 20 31 3
73 25 1 12
73 52 21 27
74 3 16 21
74 4 55 27
74 17 59 25
74 19 1 1
74 42 5 13
75 1 13 18
75 5 37 21
75 10 1 22
75 13 46 39
75 50 7 5
76 1 19 18
76 19 58 1
76 24 1 38
76 43 13 16
77 23 58 37
77 24 25 38
77 48 4 7
77 52 37 27
78 26 34 36
78 33 10 39
78 55 19 40
79 8 13 10
79 14 57 10
80 6 25 14
80 10 57 22
80 23 1 37
80 39 7 23
80 43 10 29
81 7 1 4
81 16 7 16
82 35 49 34
82 42 59 13
82 43 22 16
82 50 31 5
82 56 57 6
83 1 3 18
83 7 57 4
83 49 33 39
84 5 45 21
84 59 7 36
85 5 19 21
85 13 55 39
85 39 58 34
85 42 17 13
86 8 7 10
86 41 39 2
86 42 59 31
87 13 43 39
87 50 58 5
88 9 35 26
88 15 4 2
88 22 19 36
88 43 25 16
89 9 19 26
89 43 13 29
90 17 9 11
90 53 59 30
Trạng thái nghiệm: 0
Điểm tối ưu: 284
Thời gian: 9.7958 giây
