1770
1 33 2 132
1 36 7 41
1 6 9 13
1 41 13 65
1 11 17 26
1 48 19 58
1 16 25 20
1 21 23 6
1 22 28 12
1 23 31 107
1 59 33 25
1 30 37 25
2 32 16 85
2 34 22 49
2 36 1 41
2 6 7 165
2 7 19 137
2 39 37 175
2 15 13 76
2 49 31 12
2 51 4 153
2 19 29 32
2 56 11 55
2 59 25 156
3 37 5 13
3 6 13 165
3 7 11 137
3 41 7 65
3 12 23 61
3 13 19 144
3 44 31 50
3 47 37 29
3 55 21 46
3 23 17 137
3 58 1 80
3 29 25 128
4 2 13 98
4 34 25 49
4 10 1 155
4 44 43 50
4 15 16 76
4 16 22 20
4 22 28 144
4 56 5 55
4 58 7 80
4 27 31 67
4 29 37 128
4 31 19 98
5 34 28 49
5 8 11 94
5 11 7 26
5 46 19 185
5 17 31 187
5 52 23 11
5 21 17 6
5 23 9 137
5 24 13 94
5 25 1 225
5 27 25 67
5 57 3 41
6 32 7 85
6 2 10 98
6 40 31 46
6 43 23 109
6 14 17 62
6 49 25 12
6 18 5 127
6 51 1 153
6 19 29 130
6 50 37 73
6 24 19 94
6 58 13 80
7 32 19 85
7 4 1 174
7 39 31 175
7 40 37 46
7 8 5 94
7 43 29 109
7 18 3 127
7 19 17 130
7 22 25 144
7 54 7 62
7 57 9 41
7 30 13 214
8 32 37 85
8 2 17 98
8 38 5 219
8 6 19 165
8 39 43 175
8 41 25 65
8 9 31 65
8 10 13 155
8 15 10 76
8 48 1 58
8 19 23 130
8 51 7 153
9 33 7 132
9 26 31 165
9 37 1 13
9 5 3 225
9 10 25 155
9 11 5 26
9 14 11 62
9 19 37 130
9 53 13 41
9 57 15 41
9 58 19 80
9 28 34 134
10 32 22 85
10 37 3 13
10 7 1 137
10 10 7 155
10 43 5 109
10 45 13 13
10 15 19 76
10 49 34 12
10 50 43 73
10 20 37 99
10 55 29 46
10 60 25 21
11 3 5 142
11 38 11 219
11 8 3 94
11 11 1 26
11 43 25 109
11 46 13 185
11 16 28 20
11 17 37 187
11 55 23 46
11 59 19 156
11 60 31 21
11 31 7 98
12 34 10 49
12 5 5 225
12 10 19 155
12 45 25 13
12 60 16 21
12 15 31 76
12 17 43 187
12 18 7 127
12 22 13 144
12 26 1 165
12 27 34 67
12 28 37 134
13 32 10 85
13 33 13 132
13 34 31 49
13 36 19 41
13 41 1 65
13 14 23 62
13 47 34 29
13 19 39 130
13 53 21 41
13 23 5 137
13 25 7 225
13 57 25 41
14 32 13 85
14 33 19 132
14 6 25 165
14 8 1 94
14 10 31 155
14 43 11 109
14 11 3 26
14 50 49 73
14 20 43 99
14 53 23 41
14 55 16 46
14 60 7 21
15 4 3 174
15 5 9 225
15 38 1 219
15 6 37 165
15 40 43 46
15 12 7 61
15 45 19 13
15 13 5 144
15 47 16 29
15 24 25 94
15 57 31 41
15 60 13 21
16 35 25 80
16 4 5 174
16 6 43 165
16 39 19 175
16 11 9 26
16 43 7 109
16 44 13 50
16 19 11 130
16 52 1 11
16 20 49 99
16 23 3 137
16 26 34 165
17 34 1 49
17 4 7 174
17 39 49 175
17 8 17 94
17 40 25 46
17 41 19 65
17 51 10 153
17 20 55 99
17 21 5 6
17 19 15 130
17 23 13 137
17 29 31 128
18 34 7 49
18 5 11 225
18 41 37 65
18 42 1 222
18 43 27 109
18 14 25 62
18 16 4 20
18 21 13 6
18 22 16 144
18 53 29 41
18 28 31 134
18 29 19 128
19 32 1 85
19 35 28 80
19 37 7 13
19 9 43 65
19 16 10 20
19 51 13 153
19 20 19 99
19 53 35 41
19 54 5 62
19 24 49 94
19 57 37 41
19 58 31 80
20 34 4 49
20 10 49 155
20 11 11 26
20 18 9 127
20 51 16 153
20 21 7 6
20 55 35 46
20 56 1 55
20 25 13 225
20 58 37 80
20 30 19 214
20 57 43 41
21 34 43 49
21 2 15 98
21 6 49 165
21 10 37 155
21 42 4 222
21 12 11 61
21 13 47 144
21 46 25 185
21 15 1 76
21 48 7 58
21 51 19 153
21 24 31 94
22 3 1 142
22 4 9 174
22 37 17 13
22 5 15 225
22 40 49 46
22 11 13 26
22 15 4 76
22 17 19 187
22 21 11 6
22 55 7 46
22 58 43 80
22 59 31 156
23 35 49 80
23 3 15 142
23 38 13 219
23 6 55 165
23 41 1 74
23 42 7 222
23 43 37 109
23 15 22 76
23 18 11 127
23 20 25 99
23 22 31 144
23 55 19 46
24 4 11 174
24 5 17 225
24 41 49 65
24 42 13 222
24 46 31 185
24 16 19 20
24 17 25 187
24 18 1 127
24 20 37 179
24 24 7 94
24 60 4 21
24 29 43 128
25 4 13 174
25 8 23 94
25 11 15 26
25 12 5 61
25 13 10 144
25 47 25 29
25 23 7 137
25 21 19 6
25 55 41 46
25 24 37 94
25 58 55 80
25 59 1 156
26 33 25 132
26 35 37 50
26 39 43 8
26 8 29 94
26 40 31 86
26 11 19 26
26 17 13 187
26 22 7 144
26 56 3 55
26 57 49 41
26 28 10 134
26 29 55 128
27 3 11 142
27 37 23 13
27 7 21 137
27 43 19 109
27 15 7 76
27 16 31 20
27 48 13 58
27 18 17 127
27 19 5 130
27 21 25 6
27 57 55 41
27 58 1 191
28 3 3 142
28 35 52 80
28 7 15 137
28 41 55 65
28 42 10 222
28 11 25 26
28 15 28 76
28 18 13 127
28 51 22 153
28 54 1 62
28 56 7 55
28 59 37 156
29 32 4 85
29 38 7 219
29 59 43 156
29 42 16 222
29 44 49 50
29 47 40 29
29 48 25 58
29 51 31 153
29 21 9 6
29 22 21 144
29 27 13 67
29 31 1 98
30 35 13 46
30 39 55 175
30 42 22 222
30 43 39 109
30 45 31 13
30 60 28 21
30 47 43 29
30 20 49 179
30 25 19 225
30 58 7 191
30 28 16 134
30 30 1 214
31 35 25 50
31 36 41 41
31 42 19 222
31 12 17 61
31 13 1 144
31 46 7 185
31 49 37 12
31 17 49 187
31 23 23 137
31 57 55 187
31 59 13 156
31 31 4 98
32 4 15 174
32 39 31 8
32 7 29 137
32 8 35 94
32 44 7 50
32 45 37 13
32 19 13 130
32 52 5 11
32 24 43 94
32 57 1 187
32 58 19 191
32 31 25 98
33 32 28 85
33 4 17 174
33 42 25 222
33 13 3 144
33 15 37 76
33 48 31 58
33 47 46 29
33 23 35 137
33 55 1 46
33 56 9 55
33 25 21 225
33 58 13 191
34 34 13 49
34 5 23 225
34 7 27 137
34 10 43 155
34 11 21 26
34 44 55 50
34 12 1 61
34 47 31 29
34 49 16 12
34 52 3 11
34 57 7 187
34 25 25 225
35 33 31 132
35 34 19 49
35 6 43 13
35 39 25 175
35 10 55 155
35 49 4 12
35 18 15 127
35 55 47 46
35 54 13 62
35 22 37 144
35 27 1 67
35 30 7 214
36 2 22 98
36 5 27 225
36 27 4 67
36 42 31 222
36 12 13 61
36 45 49 13
36 15 40 76
36 51 34 153
36 25 29 225
36 59 7 156
36 28 1 134
36 31 37 98
37 5 31 225
37 6 55 13
37 37 29 13
37 41 7 74
37 44 37 92
37 14 19 62
37 51 25 153
37 52 11 11
37 55 53 46
37 26 4 165
37 27 16 67
37 28 13 134
38 5 33 225
38 38 9 219
38 6 1 36
38 40 25 86
38 37 35 13
38 43 31 109
38 11 23 26
38 50 19 73
38 19 7 130
38 24 55 94
38 57 13 83
38 59 49 156
39 32 31 85
39 35 55 46
39 3 17 142
39 6 7 36
39 14 15 62
39 15 34 76
39 47 49 29
39 54 21 62
39 22 40 144
39 56 13 55
39 24 1 24
39 58 25 191
40 4 19 174
40 37 41 13
40 40 37 86
40 9 13 3
40 28 22 134
40 52 7 11
40 55 58 46
40 23 25 137
40 25 35 225
40 26 4 163
40 27 10 67
40 60 1 21
41 2 31 98
41 37 47 13
41 9 43 3
41 11 27 26
41 44 19 50
41 12 25 61
41 48 37 58
41 50 7 73
41 19 1 130
41 56 15 55
41 59 55 156
41 28 4 134
42 32 40 85
42 6 13 36
42 40 49 86
42 42 34 222
42 46 1 185
42 16 7 20
42 49 10 12
42 50 55 73
42 21 21 6
42 57 43 83
42 27 37 67
42 30 25 214
43 5 37 225
43 41 13 74
43 10 43 57
43 50 49 207
43 19 35 130
43 53 47 41
43 54 3 62
43 30 31 214
43 57 19 83
43 27 7 67
43 28 25 134
43 25 39 225
44 33 37 132
44 35 4 50
44 5 41 225
44 40 19 86
44 10 13 57
44 49 1 12
44 50 25 73
44 22 51 144
44 23 49 137
44 24 7 24
44 58 31 191
44 30 43 214
45 32 25 85
45 40 3 46
45 41 19 74
45 43 1 109
45 11 29 26
45 28 7 134
45 13 49 144
45 47 13 29
45 48 43 58
45 22 55 144
45 60 10 21
45 31 33 98
46 2 28 98
46 37 53 13
46 6 19 36
46 10 55 57
46 12 15 61
46 45 37 214
46 17 43 201
46 49 7 12
46 59 1 25
46 60 34 21
46 30 49 214
47 35 9 46
47 7 33 137
47 41 25 74
47 42 37 222
47 11 31 26
47 13 45 144
47 18 19 127
47 19 41 130
47 20 13 99
47 23 43 137
47 57 1 83
47 27 22 67
48 35 40 50
48 36 53 41
48 3 7 142
48 6 25 36
48 38 3 219
48 9 49 3
48 43 13 109
48 12 19 61
48 17 55 201
48 21 1 6
48 57 31 83
48 26 10 163
49 37 40 98
49 6 31 36
49 9 1 3
49 13 43 144
49 49 22 12
49 53 59 41
49 54 9 62
49 24 13 24
49 56 17 55
49 27 28 67
49 60 19 21
49 30 55 214
50 36 5 58
50 37 59 13
50 39 49 8
50 47 22 29
50 17 31 201
50 51 28 153
50 52 9 11
50 20 43 179
50 21 3 6
50 56 19 55
50 58 37 191
50 59 13 25
51 38 15 219
51 40 55 86
51 42 28 222
51 11 33 26
51 14 31 62
51 18 23 127
51 54 35 62
51 24 37 24
51 56 21 55
51 29 1 128
51 30 7 25
51 31 43 98
52 3 9 142
52 5 43 225
52 38 17 219
52 39 37 8
52 11 35 26
52 16 1 20
52 18 21 127
52 19 19 130
52 50 13 73
52 53 7 91
52 55 5 54
52 28 28 134
53 4 21 174
53 43 9 109
53 48 49 58
53 17 13 201
53 50 1 73
53 51 37 153
53 19 31 130
53 54 29 62
53 55 7 54
53 24 25 24
53 25 45 225
53 28 40 134
54 38 19 219
54 39 55 8
54 8 41 94
54 59 25 25
54 10 1 57
54 60 22 21
54 16 13 20
54 49 49 12
54 27 43 67
54 28 52 134
54 29 7 128
54 31 46 98
55 32 34 85
55 2 49 98
55 3 13 142
55 38 21 219
55 9 7 3
55 11 37 26
55 43 3 109
55 48 55 58
55 17 25 201
55 21 15 6
55 59 43 25
55 28 31 122
56 32 49 85
56 33 43 132
56 35 1 50
56 3 19 142
56 10 7 57
56 12 21 61
56 16 16 20
56 23 31 137
56 52 13 11
56 54 27 62
56 55 11 54
56 60 37 21
57 32 43 85
57 38 23 219
57 39 7 175
57 8 47 94
57 10 49 57
57 46 37 185
57 15 25 76
57 14 33 62
57 20 55 179
57 55 13 54
57 26 1 163
57 59 19 25
58 34 16 49
58 3 21 142
58 37 51 98
58 8 53 94
58 9 31 3
58 10 25 57
58 44 43 92
58 20 3 179
58 55 1 54
58 26 7 163
58 60 40 21
58 30 55 25
59 3 23 142
59 39 1 175
59 10 19 57
59 11 43 26
59 13 34 144
59 14 37 62
59 15 46 76
59 17 7 201
59 51 40 153
59 53 5 91
59 59 49 25
59 31 55 98
60 33 49 132
60 34 46 49
60 4 23 174
60 6 37 36
60 40 19 93
60 41 31 74
60 12 9 61
60 51 43 153
60 21 27 6
60 59 1 40
60 30 15 109
60 31 58 98
61 2 53 98
61 39 25 8
61 11 39 26
61 43 41 109
61 15 43 76
61 49 46 12
61 50 31 73
61 19 9 130
61 52 15 11
61 22 58 144
61 24 19 24
61 31 1 138
62 2 25 142
62 35 28 50
62 40 7 86
62 44 13 92
62 15 49 76
62 50 1 207
62 51 46 153
62 54 39 62
62 23 37 137
62 27 19 67
62 60 43 21
62 30 31 57
63 36 11 58
63 37 1 161
63 6 43 36
63 40 31 93
63 48 39 137
63 49 19 12
63 18 25 127
63 50 7 207
63 52 17 11
63 55 3 54
63 28 49 134
63 29 13 128
64 32 52 85
64 3 27 142
64 36 17 58
64 42 40 222
64 11 45 26
64 45 1 100
64 14 43 62
64 47 7 29
64 60 49 21
64 49 13 12
64 25 47 225
64 28 19 134
65 3 29 142
65 39 13 175
65 40 43 86
65 15 52 76
65 16 34 20
65 17 55 48
65 50 25 207
65 52 19 11
65 56 23 55
65 57 7 83
65 27 40 67
65 31 4 138
66 3 31 142
66 4 25 174
66 5 49 225
66 6 55 36
66 8 59 94
66 45 7 100
66 46 43 185
66 14 1 167
66 49 40 12
66 50 13 207
66 51 52 153
66 28 19 122
67 37 3 161
67 8 34 49
67 9 13 122
67 41 37 74
67 47 28 29
67 48 45 137
67 19 43 130
67 52 21 11
67 23 51 137
67 56 25 55
67 59 7 40
67 60 55 21
68 34 40 49
68 6 27 55
68 42 43 222
68 28 22 122
68 16 37 20
68 18 31 127
68 51 49 153
68 52 25 11
68 57 55 83
68 60 46 21
68 29 1 8
68 31 7 138
69 33 55 132
69 36 23 58
69 11 41 26
69 45 19 100
69 48 13 138
69 17 49 201
69 19 3 130
69 53 1 91
69 22 43 12
69 56 31 55
69 30 37 57
69 31 10 138
70 39 7 8
70 41 43 74
70 44 1 92
70 45 13 100
70 46 49 185
70 16 40 20
70 52 27 11
70 27 55 67
70 28 37 122
70 30 33 109
70 31 19 138
71 34 37 49
71 3 33 142
71 39 1 97
71 59 13 40
71 44 7 92
71 45 25 100
71 14 41 62
71 53 11 91
71 54 53 62
71 24 43 24
71 27 49 67
71 31 22 138
72 33 27 174
72 2 35 142
72 58 43 191
72 37 5 161
72 40 1 86
72 10 7 44
72 43 21 109
72 45 31 100
72 13 37 6
72 14 49 62
72 51 55 153
72 26 13 163
73 38 25 219
73 12 3 61
73 44 7 177
73 46 31 11
73 15 55 76
73 50 19 207
73 52 35 11
73 21 29 6
73 22 45 62
73 23 53 137
73 60 58 21
73 29 49 128
74 3 37 142
74 4 31 174
74 36 29 58
74 6 49 36
74 37 7 161
74 40 13 86
74 43 43 109
74 44 25 92
74 15 58 76
74 54 55 62
74 59 19 40
74 30 45 109
75 35 4 148
75 36 35 58
75 37 9 161
75 7 55 137
75 41 49 74
75 42 46 222
75 11 53 26
75 13 31 6
75 47 1 29
75 57 25 83
75 26 16 163
75 27 58 67
76 2 39 142
76 3 41 142
76 35 1 148
76 41 55 74
76 42 49 222
76 46 43 11
76 17 7 48
76 50 31 207
76 19 21 130
76 54 59 62
76 59 25 40
76 60 52 21
77 2 43 142
77 56 33 55
77 37 11 161
77 38 27 219
77 5 51 225
77 40 7 93
77 42 55 222
77 50 37 207
77 19 25 130
77 53 13 91
77 24 1 180
77 26 19 163
78 4 33 174
78 5 53 225
78 42 58 222
78 43 49 109
78 45 43 100
78 15 1 145
78 48 37 138
78 18 27 127
78 21 35 6
78 22 4 198
78 23 7 198
78 25 55 225
79 2 45 142
79 3 47 142
79 39 7 97
79 40 13 93
79 9 19 3
79 14 3 167
79 48 57 137
79 21 33 6
79 56 35 55
79 27 52 67
79 29 25 106
80 39 13 8
80 8 49 49
80 42 52 222
80 12 27 61
80 13 39 6
80 46 55 185
80 49 4 75
80 50 43 207
80 52 29 11
80 21 41 6
80 22 1 198
80 24 31 24
81 33 37 174
81 4 35 174
81 37 13 161
81 38 29 219
81 40 1 93
81 46 49 11
81 16 43 20
81 53 15 91
81 23 9 198
81 27 46 67
81 30 55 109
81 31 25 138
82 39 19 8
82 9 13 209
82 41 33 127
82 14 5 167
82 16 46 20
82 17 1 201
82 49 55 12
82 55 9 54
82 24 49 24
82 59 37 40
82 28 43 134
82 31 28 138
83 32 46 85
83 3 49 142
83 4 41 174
83 5 57 225
83 40 25 93
83 42 37 100
83 44 19 92
83 45 1 147
83 48 31 138
83 49 52 12
83 59 7 140
83 28 43 122
84 33 43 174
84 38 31 219
84 7 11 57
84 41 37 127
84 15 4 145
84 52 41 11
84 53 17 91
84 55 15 54
84 25 59 225
84 60 1 66
84 29 7 106
84 31 49 138
85 32 55 85
85 2 51 142
85 36 41 58
85 5 11 100
85 4 47 174
85 40 37 93
85 14 7 167
85 19 27 130
85 25 5 155
85 27 19 54
85 28 34 122
85 30 1 152
86 33 49 174
86 4 53 174
86 10 13 44
86 12 37 61
86 44 1 177
86 14 57 62
86 48 43 138
86 18 29 127
86 54 5 152
86 23 11 198
86 59 31 40
86 30 7 152
87 2 53 142
87 35 7 148
87 36 47 58
87 14 51 62
87 47 4 29
87 48 55 138
87 49 1 75
87 21 43 6
87 54 17 152
87 23 13 198
87 25 11 155
87 60 19 66
88 36 53 58
88 5 5 100
88 7 17 57
88 9 25 3
88 59 43 40
88 17 31 48
88 51 58 153
88 56 37 55
88 57 1 166
88 58 49 191
88 27 22 54
88 30 13 152
89 6 39 55
89 38 33 219
89 40 43 93
89 7 5 57
89 11 47 26
89 14 9 167
89 48 55 142
89 50 13 102
89 53 3 91
89 22 19 198
89 25 17 155
89 30 51 109
90 33 55 174
90 34 51 49
90 35 10 148
90 4 59 174
90 6 43 55
90 9 1 122
90 17 25 48
90 50 31 102
90 21 47 6
90 22 15 198
90 23 22 198
90 57 37 83
91 34 31 61
91 10 37 44
91 11 49 26
91 45 7 147
91 13 45 6
91 48 15 161
91 49 25 75
91 53 29 91
91 24 55 24
91 57 19 166
91 29 1 106
91 25 23 155
92 3 59 142
92 37 19 161
92 38 35 219
92 42 40 100
92 48 21 161
92 52 37 11
92 22 25 198
92 55 17 54
92 56 47 55
92 24 7 180
92 31 52 138
93 32 58 85
93 3 3 51
93 4 1 218
93 37 25 161
93 9 37 3
93 43 34 61
93 47 10 29
93 18 41 127
93 23 28 198
93 29 19 106
93 31 13 140
94 4 3 218
94 5 17 100
94 38 37 219
94 9 7 122
94 11 51 26
94 12 39 61
94 45 55 100
94 18 43 127
94 55 25 54
94 25 29 155
94 29 13 106
94 30 19 152
95 34 43 61
95 11 59 26
95 44 49 92
95 15 7 145
95 50 37 102
95 53 19 91
95 23 31 198
95 25 35 155
95 58 55 191
95 27 27 54
95 31 1 140
96 58 1 71
96 5 23 100
96 27 37 54
96 8 55 49
96 12 29 61
96 18 45 127
96 19 33 130
96 54 11 152
96 24 13 180
96 26 25 163
96 59 49 40
97 34 46 61
97 3 1 51
97 36 59 58
97 38 39 219
97 39 13 97
97 13 49 6
97 46 55 11
97 48 27 161
97 54 23 152
97 24 19 180
97 25 41 155
97 31 4 140
98 35 13 148
98 36 5 80
98 37 31 161
98 7 29 57
98 11 55 26
98 49 58 12
98 19 45 130
98 53 9 91
98 26 22 163
98 59 49 83
98 30 25 152
98 31 16 140
99 3 5 51
99 35 16 148
99 38 41 219
99 27 25 122
99 42 49 100
99 12 52 61
99 48 33 161
99 52 39 11
99 23 37 198
99 25 47 155
99 59 55 40
99 30 43 152
100 3 7 51
100 35 25 148
100 39 19 97
100 7 23 57
100 42 52 100
100 14 11 167
100 50 55 207
100 18 47 127
100 20 1 99
100 22 33 198
100 23 39 198
100 27 43 54
101 3 9 51
101 58 1 63
101 11 57 26
101 46 13 51
101 16 49 20
101 17 37 201
101 49 19 75
101 21 53 6
101 54 31 152
101 55 34 54
101 22 43 198
101 26 28 163
102 2 7 79
102 3 17 51
102 34 1 38
102 6 49 55
102 8 5 128
102 41 55 127
102 12 41 61
102 46 19 51
102 15 10 145
102 17 13 48
102 19 47 130
102 21 59 6
103 32 19 29
103 2 5 79
103 39 37 97
103 42 1 164
103 14 17 167
103 15 13 145
103 17 43 48
103 19 49 130
103 21 51 6
103 23 41 198
103 24 25 180
103 27 31 54
104 2 1 79
104 34 49 61
104 6 55 55
104 38 43 219
104 8 11 128
104 9 7 209
104 15 16 145
104 48 37 161
104 19 59 130
104 56 53 55
104 28 46 134
104 29 31 106
105 36 11 80
105 37 41 161
105 8 17 128
105 41 49 127
105 14 13 167
105 15 19 145
105 16 55 20
105 49 7 75
105 20 31 99
105 55 46 54
105 60 4 66
106 4 5 218
106 37 43 161
106 9 25 209
106 42 7 164
106 11 1 52
106 45 13 147
106 16 52 20
106 51 55 61
106 20 31 179
106 55 40 54
106 58 19 71
106 60 10 66
107 32 1 121
107 37 45 161
107 27 4 16
107 46 25 51
107 15 22 145
107 53 35 91
107 23 49 198
107 24 31 180
107 25 53 155
107 59 55 134
107 29 37 106
107 31 19 140
108 32 4 121
108 34 57 49
108 35 19 148
108 2 9 79
108 9 31 209
108 12 1 103
108 13 55 6
108 48 49 161
108 21 47 11
108 54 29 152
108 23 53 198
109 37 47 161
109 39 31 97
109 14 15 167
109 15 25 145
109 48 55 161
109 49 10 75
109 51 1 81
109 19 51 130
109 21 53 11
109 53 21 91
109 29 43 106
110 32 52 29
110 4 7 218
110 39 25 97
110 41 1 146
110 14 19 167
110 60 13 66
110 46 31 51
110 50 43 102
110 51 55 92
110 52 59 11
110 54 37 152
110 28 40 122
111 35 28 148
111 37 1 196
111 39 55 97
111 8 23 128
111 14 21 167
111 49 13 75
111 18 53 127
111 20 7 99
111 22 46 198
111 23 51 198
111 56 59 55
111 24 37 180
112 32 58 29
112 34 4 38
112 2 13 79
112 38 45 219
112 41 7 146
112 12 11 103
112 14 25 167
112 15 28 145
112 17 37 48
112 23 55 198
112 56 1 221
112 31 22 140
113 42 4 164
113 10 43 44
113 45 19 147
113 13 57 6
113 15 31 145
113 60 16 66
113 17 9 45
113 50 37 45
113 56 7 221
113 27 49 54
113 28 28 122
114 39 43 97
114 40 49 93
114 8 29 128
114 44 31 92
114 45 25 147
114 47 55 29
114 16 58 20
114 48 1 184
114 50 19 102
114 51 7 81
114 19 53 130
114 28 10 168
115 34 7 38
115 6 1 95
115 10 19 44
115 46 37 51
115 49 16 75
115 22 57 198
115 23 5 107
115 24 43 180
115 58 31 71
115 28 49 122
115 31 25 140
116 2 11 79
116 4 9 218
116 10 55 44
116 15 34 145
116 17 13 45
116 49 22 75
116 21 1 19
116 54 39 152
116 23 3 107
116 27 52 54
116 28 46 122
116 31 28 140
117 34 13 38
117 2 3 79
117 35 31 148
117 37 53 161
117 5 29 100
117 14 23 167
117 15 37 145
117 48 7 184
117 17 19 201
117 18 59 127
117 58 25 71
117 28 55 122
118 34 58 61
118 35 22 148
118 36 17 80
118 4 11 218
118 38 47 219
118 7 35 57
118 9 1 209
118 13 5 122
118 49 28 75
118 29 37 91
118 30 49 152
118 31 31 140
119 38 49 219
119 11 3 52
119 12 5 103
119 13 11 122
119 46 43 51
119 47 13 171
119 15 40 145
119 17 19 48
119 50 25 102
119 56 9 221
119 24 55 180
119 28 52 122
120 32 7 121
120 2 17 79
120 39 49 97
120 7 41 57
120 41 13 146
120 12 3 103
120 15 43 145
120 53 23 91
120 25 59 155
120 27 55 54
120 60 25 66
120 30 33 152
121 34 10 38
121 36 23 80
121 37 59 161
121 38 51 219
121 44 19 177
121 16 1 135
121 18 31 163
121 24 13 221
121 26 33 163
121 59 37 140
121 29 55 106
121 31 43 140
122 34 16 38
122 36 35 80
122 5 47 100
122 6 7 95
122 39 31 114
122 14 27 167
122 47 19 171
122 49 37 75
122 21 3 19
122 60 22 66
122 31 49 140
123 32 19 121
123 46 49 51
123 48 13 184
123 49 31 75
123 17 43 45
123 24 3 221
123 57 7 166
123 56 11 221
123 27 58 54
123 60 37 66
123 29 25 91
123 31 34 140
124 32 16 121
124 34 25 38
124 4 13 218
124 5 35 100
124 58 43 71
124 41 19 146
124 42 10 164
124 45 31 147
124 21 5 19
124 54 41 152
124 26 37 163
124 59 55 140
125 32 10 121
125 34 22 38
125 4 15 218
125 5 59 100
125 36 41 80
125 41 25 146
125 42 19 164
125 47 4 171
125 55 1 118
125 54 47 152
125 30 55 152
126 34 19 38
126 3 11 51
126 6 13 95
126 44 25 177
126 45 37 147
126 50 7 102
126 19 55 130
126 52 1 150
126 53 31 91
126 56 17 221
126 28 58 122
127 2 21 79
127 36 47 80
127 5 7 103
127 8 35 128
127 41 31 146
127 42 13 164
127 44 43 177
127 51 58 92
127 56 19 221
127 30 37 167
128 38 53 219
128 7 47 57
128 39 25 114
128 42 16 164
128 45 43 147
128 48 19 184
128 19 57 130
128 52 3 150
128 21 7 19
128 25 11 50
128 27 31 16
128 31 13 166
129 35 34 148
129 36 59 80
129 40 55 93
129 45 49 147
129 28 13 168
129 51 10 81
129 23 1 107
129 55 3 118
129 24 21 221
129 59 25 166
129 60 7 66
130 4 17 218
130 40 1 119
130 42 22 164
130 43 59 109
130 48 25 184
130 49 34 75
130 50 49 102
130 20 13 179
130 54 53 152
130 28 7 168
130 31 46 140
131 3 23 51
131 36 11 165
131 37 7 196
131 16 4 135
131 17 19 45
131 48 31 184
131 49 49 75
131 20 25 179
131 53 41 91
131 57 37 166
131 27 1 16
131 30 43 167
132 2 15 79
132 38 55 219
132 7 53 57
132 42 25 164
132 47 1 171
132 17 19 168
132 49 40 75
132 53 43 91
132 23 7 107
132 57 31 166
132 29 49 106
132 25 17 50
133 7 59 57
133 11 5 52
133 43 1 149
133 46 55 51
133 47 16 171
133 16 7 135
133 49 37 148
133 17 25 45
133 55 10 118
133 24 49 180
133 59 43 166
133 30 31 167
134 3 29 51
134 7 5 73
134 9 19 209
134 44 13 177
134 13 17 122
134 46 1 32
134 55 7 118
134 59 55 166
134 28 25 168
134 31 52 140
135 2 28 79
135 4 23 218
135 6 19 95
135 39 1 114
135 10 31 44
135 43 7 149
135 47 25 171
135 49 43 75
135 50 55 102
135 19 5 32
135 18 40 163
135 21 9 19
136 38 57 219
136 42 28 164
136 11 7 52
136 14 35 167
136 16 10 135
136 49 46 75
136 48 37 184
136 21 13 19
136 27 15 16
136 60 31 66
136 30 49 167
137 37 3 196
137 5 9 103
137 7 11 73
137 40 13 119
137 9 37 209
137 10 25 44
137 8 41 128
137 43 5 149
137 15 46 145
137 17 49 48
137 25 23 50
137 30 55 167
138 3 35 51
138 36 17 165
138 6 25 95
138 39 13 114
138 46 7 32
138 15 49 145
138 17 55 45
138 18 43 163
138 51 19 81
138 53 33 91
138 58 37 71
138 59 1 188
139 41 37 146
139 42 31 164
139 43 3 149
139 13 1 181
139 47 7 171
139 50 13 82
139 20 19 179
139 53 45 91
139 24 25 221
139 60 34 66
139 29 49 91
140 34 31 38
140 3 41 51
140 36 23 165
140 4 19 218
140 38 59 219
140 40 7 119
140 12 13 103
140 45 55 147
140 14 29 167
140 13 3 181
140 18 45 163
140 50 49 45
141 34 28 38
141 6 31 95
141 40 19 119
141 9 55 3
141 16 13 135
141 18 47 163
141 54 59 152
141 58 7 71
141 59 49 166
141 60 40 66
141 29 1 154
141 31 16 166
142 35 40 148
142 4 21 218
142 47 28 171
142 51 13 81
142 55 5 118
142 23 9 107
142 25 35 50
142 58 49 71
142 29 55 91
142 31 1 30
143 34 37 38
143 5 15 103
143 7 17 73
143 8 47 128
143 42 34 164
143 48 43 184
143 52 5 150
143 23 11 107
143 26 49 163
143 59 7 188
143 28 1 168
143 31 19 30
144 34 34 38
144 35 43 148
144 4 25 218
144 37 5 196
144 7 23 73
144 17 37 168
144 18 52 163
144 53 47 91
144 54 1 28
144 57 7 28
144 58 13 71
144 31 27 30
145 37 11 196
145 11 9 52
145 44 37 177
145 43 19 149
145 47 22 171
145 48 49 184
145 18 55 163
145 50 1 102
145 55 13 118
145 56 29 221
145 24 31 221
145 58 15 63
146 5 17 103
146 38 5 147
146 43 11 149
146 50 31 45
146 54 3 28
146 23 13 107
146 24 37 221
146 26 57 163
146 29 7 154
146 31 22 30
147 32 13 121
147 34 40 38
147 4 27 218
147 38 11 147
147 39 7 114
147 43 23 149
147 17 1 48
147 50 31 82
147 19 16 32
147 57 19 28
147 58 55 71
148 4 29 218
148 38 23 147
148 6 37 95
148 40 25 119
148 9 55 209
148 42 43 164
148 11 11 52
148 16 16 135
148 54 5 28
148 25 47 50
148 60 49 66
148 29 19 154
149 35 49 148
149 4 31 218
149 12 19 103
149 45 43 38
149 46 21 32
149 14 41 167
149 15 52 145
149 17 1 45
149 18 5 25
149 59 13 188
149 60 28 66
150 35 52 148
150 6 43 95
150 42 37 164
150 15 55 145
150 17 31 168
150 18 17 25
150 19 13 32
150 52 7 150
150 21 11 19
150 58 19 63
150 31 4 30
Trạng thái nghiệm: 1
Điểm tối ưu: 1770
Thời gian: 1003.1660 giây
