150
1 1 23 1
1 3 29 5
1 4 25 17
1 5 45 24
1 6 51 10
1 7 4 24
1 8 9 6
1 10 19 28
2 1 37 1
2 3 59 5
2 4 27 13
2 5 55 24
2 6 57 10
2 7 1 5
2 8 33 6
2 10 45 28
3 1 13 1
3 3 45 13
3 5 47 24
3 6 31 10
3 7 7 5
3 10 53 17
4 1 19 1
4 3 15 5
4 4 39 17
4 5 43 24
4 6 7 17
4 7 10 5
4 8 27 6
4 10 23 28
5 1 1 1
5 3 51 13
5 4 15 17
5 5 49 13
5 6 9 10
5 7 40 5
5 8 21 6
5 9 57 13
5 10 13 28
6 1 33 1
6 3 27 5
6 5 19 24
6 6 41 6
6 7 37 5
6 10 55 28
7 1 3 1
7 3 25 5
7 4 21 17
7 5 31 24
7 6 43 10
7 7 10 24
7 10 47 28
8 1 27 1
8 3 5 13
8 4 43 17
8 5 41 24
8 6 53 10
8 7 34 5
8 8 37 24
8 10 49 28
9 1 25 1
9 3 13 5
9 4 3 17
9 5 27 24
9 6 7 10
9 7 46 5
9 8 51 6
9 10 29 17
10 1 21 1
10 3 53 13
10 5 41 13
10 6 29 10
10 7 49 24
10 8 57 24
10 10 37 28
11 1 53 1
11 3 21 5
11 4 31 17
11 5 55 13
11 6 11 10
11 7 43 5
11 10 19 17
12 1 5 1
12 3 19 5
12 4 31 13
12 5 35 13
12 6 49 6
12 7 52 24
12 8 55 6
12 10 59 28
13 1 55 1
13 3 21 13
13 5 29 24
13 6 15 10
13 7 7 24
13 8 43 6
13 10 31 28
14 1 29 1
14 3 23 13
14 4 49 17
14 5 19 13
14 6 59 10
14 7 16 24
14 8 3 6
14 10 35 17
15 1 45 1
15 3 55 5
15 5 35 24
15 6 19 6
15 7 52 5
15 8 15 6
15 10 25 28
16 1 39 1
16 3 23 5
16 5 7 13
16 6 59 6
16 7 4 5
16 10 15 28
17 1 59 1
17 3 57 5
17 4 9 17
17 5 43 13
17 6 55 10
17 7 31 5
17 8 1 13
17 10 47 17
18 1 51 1
18 3 17 5
18 4 55 17
18 5 25 24
18 6 27 10
18 7 1 24
18 8 21 24
18 10 29 28
19 1 31 1
19 3 47 13
19 4 37 13
19 5 33 24
19 6 23 10
19 7 13 24
19 8 9 13
19 10 51 28
20 1 57 1
20 3 13 13
20 4 15 13
20 5 25 13
20 6 1 6
20 7 49 5
20 8 37 6
20 10 9 28
Trạng thái nghiệm: 0
Điểm tối ưu: 150
Thời gian: 16.0435 giây
