69
1 14 31 2
2 1 57 7
2 3 1 6
2 4 11 2
2 5 31 1
3 5 37 1
3 6 33 4
3 8 3 3
3 14 7 2
4 3 55 6
4 6 11 4
4 10 13 1
4 11 1 8
4 13 7 9
5 1 7 1
5 4 3 2
5 6 9 4
5 8 5 3
6 1 9 1
6 4 37 3
6 10 19 6
6 11 58 8
7 1 59 7
7 3 4 6
7 4 57 3
7 11 10 8
7 12 1 5
8 15 15 6
9 5 25 1
9 7 11 1
9 11 4 8
9 14 55 2
10 3 7 6
10 5 55 1
10 6 59 4
10 12 4 5
10 14 15 2
11 10 49 1
11 12 58 10
12 2 13 6
12 10 21 1
12 12 55 5
13 5 45 1
13 6 3 4
13 8 1 3
13 13 55 9
13 14 19 2
14 4 1 2
14 10 39 2
14 12 4 10
15 3 58 6
15 7 37 10
15 10 13 8
15 13 1 1
16 3 25 6
16 12 31 3
16 13 4 1
16 15 59 9
17 1 57 4
17 11 34 8
18 3 10 6
18 4 5 2
18 6 1 4
18 8 59 5
18 12 46 2
19 4 59 3
19 7 19 5
20 7 21 5
20 10 25 8
Trạng thái nghiệm: 0
Điểm tối ưu: 69
Thời gian: 1.1416 giây
