180
1 2 31 18
1 3 45 25
1 4 13 11
1 5 15 4
1 6 57 15
1 7 29 5
1 8 1 11
1 9 25 14
1 10 4 1
2 2 34 18
2 3 15 25
2 4 25 27
2 5 57 7
2 6 45 15
2 7 27 5
2 8 31 21
2 9 21 14
2 10 37 1
3 2 13 12
3 3 1 25
3 4 59 11
3 5 11 4
3 6 49 17
3 7 45 22
3 8 7 11
3 9 55 10
3 10 34 12
4 2 40 12
4 3 31 16
4 4 5 29
4 5 17 4
4 6 57 20
4 7 11 5
4 8 15 21
4 9 49 10
4 10 28 1
5 2 46 12
5 3 7 16
5 4 3 11
5 5 59 7
5 6 13 15
5 7 17 5
5 8 57 26
5 9 37 14
5 10 28 12
6 2 1 12
6 3 15 16
6 4 31 27
6 5 43 4
6 6 25 17
6 7 9 22
6 8 37 21
6 9 49 14
6 10 40 1
7 2 16 12
7 3 57 25
7 4 13 29
7 5 39 4
7 6 1 17
7 7 21 5
7 8 9 11
7 9 25 10
7 10 31 12
8 2 25 12
8 3 37 16
8 4 57 29
8 5 21 4
8 6 31 17
8 7 13 5
8 8 51 11
8 9 7 10
8 10 46 1
9 2 7 18
9 3 51 25
9 4 57 11
9 5 29 7
9 6 43 17
9 7 59 22
9 8 55 11
9 9 1 14
9 10 13 1
10 2 4 18
10 3 51 16
10 4 45 27
10 5 7 4
10 6 25 15
10 7 19 5
10 8 59 26
10 9 9 14
10 10 1 1
11 2 37 12
11 3 3 16
11 4 45 11
11 5 57 4
11 6 15 17
11 7 1 5
11 8 19 11
11 9 21 10
11 10 31 1
12 2 37 18
12 3 7 25
12 4 17 11
12 5 29 4
12 6 43 20
12 7 23 5
12 8 49 21
12 9 1 10
12 10 34 1
13 2 7 15
13 3 25 16
13 4 3 27
13 5 1 7
13 6 55 17
13 7 59 5
13 8 29 26
13 9 33 14
13 10 22 1
14 2 7 12
14 3 25 25
14 4 33 11
14 5 13 4
14 6 21 20
14 7 5 5
14 8 45 26
14 9 57 14
14 10 10 1
15 2 49 15
15 3 33 25
15 4 27 29
15 5 3 7
15 6 19 17
15 7 7 5
15 8 25 21
15 9 37 10
15 10 55 1
16 2 10 12
16 3 19 25
16 4 57 27
16 5 53 7
16 6 1 15
16 7 15 5
16 8 59 21
16 9 45 14
16 10 25 1
17 2 4 12
17 3 55 16
17 4 59 29
17 5 1 4
17 6 7 17
17 7 25 5
17 8 13 26
17 9 15 14
17 10 19 1
18 2 22 12
18 3 37 25
18 4 5 11
18 5 3 4
18 6 33 15
18 7 9 5
18 8 55 26
18 9 43 10
18 10 19 12
19 2 58 18
19 3 19 16
19 4 31 11
19 5 5 4
19 6 1 20
19 7 33 5
19 8 23 26
19 9 13 10
19 10 7 1
20 2 55 12
20 3 45 16
20 4 1 27
20 5 31 7
20 6 39 15
20 7 3 21
20 8 37 11
20 9 33 10
20 10 58 12
Trạng thái nghiệm: 0
Điểm tối ưu: 180
Thời gian: 5.6090 giây
