180
1 2 27 28
1 3 1 22
1 4 31 25
1 5 29 30
1 6 7 1
1 7 43 13
1 8 37 20
1 9 51 15
1 10 13 3
2 2 57 15
2 3 34 16
2 4 16 25
2 5 11 24
2 6 45 26
2 7 19 23
2 8 31 20
2 9 47 15
2 10 25 5
3 2 11 15
3 3 55 22
3 4 1 25
3 5 17 24
3 6 13 1
3 7 37 13
3 8 25 20
3 9 41 3
3 10 7 5
4 2 35 28
4 3 43 16
4 4 49 25
4 5 1 30
4 6 9 26
4 7 55 13
4 8 40 20
4 9 5 15
4 10 19 5
5 2 19 28
5 3 40 16
5 4 13 8
5 5 33 24
5 6 27 26
5 7 9 23
5 8 1 20
5 9 45 15
5 10 49 3
6 2 39 15
6 3 58 22
6 4 4 8
6 5 7 24
6 6 13 26
6 7 27 13
6 8 16 20
6 9 25 15
6 10 19 3
7 2 13 28
7 3 25 16
7 4 1 8
7 5 9 24
7 6 21 1
7 7 51 13
7 8 46 20
7 9 23 15
7 10 33 3
8 2 33 28
8 3 16 16
8 4 10 25
8 5 45 24
8 6 1 26
8 7 25 23
8 8 7 20
8 9 3 15
8 10 39 5
9 2 21 15
9 3 1 16
9 4 34 25
9 5 13 24
9 6 17 1
9 7 45 23
9 8 58 20
9 9 7 15
9 10 49 5
10 2 15 15
10 3 7 16
10 4 37 25
10 5 23 24
10 6 51 26
10 7 19 13
10 8 4 20
10 9 17 3
10 10 55 5
11 2 57 28
11 3 28 22
11 4 25 8
11 5 45 30
11 6 1 1
11 7 33 23
11 8 49 20
11 9 47 3
11 10 13 5
12 2 25 28
12 3 37 22
12 4 43 8
12 5 5 24
12 6 55 1
12 7 9 13
12 8 19 20
12 9 27 15
12 10 57 3
13 2 59 28
13 3 28 16
13 4 31 8
13 5 47 24
13 6 15 26
13 7 3 13
13 8 10 20
13 9 1 15
13 10 43 3
14 2 13 15
14 3 31 22
14 4 58 8
14 5 21 24
14 6 29 26
14 7 1 23
14 8 55 20
14 9 7 3
14 10 9 3
15 2 55 28
15 3 49 16
15 4 25 25
15 5 59 30
15 6 57 1
15 7 33 13
15 8 22 20
15 9 31 3
15 10 3 3
16 2 33 15
16 3 19 16
16 4 37 8
16 5 1 24
16 6 9 1
16 7 13 13
16 8 43 20
16 9 53 3
16 10 27 3
17 2 9 15
17 3 19 22
17 4 22 8
17 5 7 30
17 6 27 1
17 7 49 23
17 8 13 20
17 9 1 3
17 10 37 3
18 2 55 15
18 3 31 16
18 4 7 8
18 5 35 24
18 6 57 26
18 7 13 23
18 8 52 20
18 9 59 15
18 10 3 5
19 2 9 28
19 3 13 22
19 4 58 25
19 5 23 30
19 6 11 1
19 7 37 23
19 8 28 20
19 9 25 3
19 10 33 5
20 2 31 15
20 3 13 16
20 4 16 8
20 5 9 30
20 6 3 1
20 7 55 23
20 8 34 20
20 9 23 3
20 10 43 5
Trạng thái nghiệm: 0
Điểm tối ưu: 180
Thời gian: 29.4582 giây
