3216
1 96 32 213
1 32 45 152
1 99 55 120
1 70 47 402
1 73 1 152
1 43 13 22
1 114 49 4
1 51 27 213
1 116 20 213
1 18 37 213
1 22 34 22
1 119 40 4
2 97 3 87
2 66 49 291
2 3 7 202
2 4 20 152
2 73 25 152
2 41 32 152
2 47 55 74
2 48 37 152
2 21 10 40
2 55 14 213
2 87 34 4
2 22 45 22
3 96 9 213
3 98 15 152
3 7 55 291
3 108 20 4
3 110 2 213
3 82 33 87
3 22 38 22
3 23 40 263
3 24 46 4
3 58 43 213
3 59 50 224
3 62 26 263
4 2 49 213
4 34 8 152
4 66 43 291
4 75 58 152
4 110 55 213
4 83 37 87
4 116 1 22
4 84 15 4
4 22 20 22
4 118 40 202
4 26 32 288
4 31 25 22
5 96 32 291
5 66 37 291
5 34 49 152
5 36 8 22
5 69 34 366
5 3 26 202
5 72 43 252
5 15 19 87
5 114 1 4
5 19 55 22
5 116 52 22
5 59 14 224
6 66 19 291
6 4 28 291
6 70 53 402
6 107 14 87
6 46 26 4
6 112 2 288
6 83 43 87
6 116 56 4
6 56 8 4
6 57 37 117
6 95 51 288
7 33 56 288
7 35 4 291
7 5 1 366
7 106 20 357
7 42 45 288
7 108 7 288
7 110 32 202
7 52 27 419
7 21 16 40
7 86 39 288
7 29 50 202
7 95 14 288
8 6 31 278
8 71 16 324
8 8 43 366
8 75 38 366
8 77 9 87
8 110 2 202
8 113 19 366
8 51 14 291
8 87 56 87
8 88 25 87
8 59 28 224
8 92 51 87
9 98 50 366
9 2 37 271
9 69 14 366
9 38 19 288
9 103 59 410
9 29 44 202
9 50 1 32
9 93 8 291
9 25 25 288
9 90 57 366
9 28 31 32
9 61 28 366
10 89 2 123
10 1 16 1
10 67 13 263
10 68 8 366
10 6 37 278
10 40 44 43
10 111 32 271
10 82 51 390
10 23 22 263
10 57 55 117
10 92 27 32
10 63 19 32
11 98 21 202
11 69 26 271
11 70 40 402
11 103 46 98
11 104 37 224
11 106 51 357
11 44 13 202
11 15 55 202
11 49 4 140
11 50 7 32
11 85 32 390
11 90 44 271
12 106 53 397
12 109 38 390
12 112 44 40
12 48 7 271
12 19 55 32
12 20 27 80
12 118 20 271
12 56 50 271
12 88 14 271
12 61 3 271
12 62 32 263
13 73 13 32
13 107 31 419
13 108 20 80
13 78 55 80
13 47 34 74
13 15 49 3
13 82 8 390
13 86 27 430
13 57 1 117
13 58 44 32
13 28 37 32
14 7 49 32
14 103 40 98
14 8 55 430
14 42 9 263
14 12 2 289
14 45 19 430
14 108 32 80
14 111 44 436
14 112 26 40
14 88 37 419
14 58 14 430
15 2 13 80
15 66 1 80
15 100 49 430
15 5 8 430
15 72 26 252
15 41 32 430
15 59 20 224
15 11 57 263
15 17 45 430
15 27 40 80
15 63 34 40
15 95 38 430
16 98 14 390
16 69 55 271
16 41 3 430
16 76 19 390
16 109 25 390
16 13 7 80
16 78 43 80
16 80 49 80
16 86 32 352
16 89 58 176
16 27 38 3
16 60 16 419
17 66 37 40
17 98 3 390
17 72 20 252
17 104 10 224
17 40 26 43
17 78 55 390
17 81 50 263
17 84 45 390
17 118 32 3
17 23 13 272
17 26 7 419
17 91 52 16
18 3 32 224
18 38 19 40
18 9 4 263
18 108 46 263
18 50 55 419
18 51 2 419
18 116 7 3
18 23 37 272
18 94 43 419
18 119 13 3
18 89 26 123
18 25 50 419
19 34 55 3
19 99 4 120
19 69 20 419
19 73 49 40
19 10 43 3
19 11 58 224
19 106 8 357
19 109 32 145
19 14 15 2
19 115 37 444
19 118 1 3
19 27 26 3
20 97 3 40
20 98 38 122
20 35 20 3
20 36 45 224
20 6 13 278
20 105 58 110
20 41 40 398
20 76 49 2
20 46 56 40
20 48 25 2
20 23 31 272
21 34 13 444
21 71 5 324
21 110 44 2
21 112 52 239
21 113 1 224
21 16 37 174
21 51 50 145
21 85 20 2
21 22 56 145
21 88 31 122
21 57 7 117
21 61 26 444
22 97 46 145
22 33 44 444
22 38 1 16
22 103 28 98
22 73 31 252
22 9 38 145
22 107 25 398
22 52 15 205
22 87 50 444
22 27 20 145
22 28 55 352
23 3 52 122
23 35 20 444
23 102 46 181
23 105 28 110
23 45 37 39
23 46 50 352
23 116 55 2
23 53 25 239
23 30 1 122
23 87 58 444
23 58 31 444
23 94 43 352
24 34 25 145
24 67 55 16
24 4 43 122
24 101 7 2
24 8 31 2
24 106 28 357
24 48 37 2
24 80 13 145
24 19 19 352
24 26 49 398
24 59 2 2
25 32 8 145
25 35 2 444
25 99 32 120
25 36 4 43
25 74 55 239
25 76 37 352
25 77 26 352
25 15 19 122
25 21 52 439
25 86 50 39
25 30 43 398
25 62 16 263
26 98 56 122
26 68 14 352
26 8 49 181
26 41 1 10
26 107 32 398
26 14 39 181
26 119 25 122
26 118 58 97
26 57 43 117
26 27 3 145
26 63 7 444
27 96 44 39
27 64 1 352
27 34 49 97
27 37 46 97
27 38 37 16
27 10 25 181
27 75 55 39
27 14 8 352
27 112 32 239
27 115 19 16
27 92 15 398
28 1 13 1
28 4 7 122
28 101 1 181
28 102 32 181
28 37 37 43
28 10 19 181
28 107 55 398
28 44 43 16
28 46 27 16
28 51 10 181
28 57 49 117
29 32 21 398
29 100 31 39
29 108 55 181
29 45 13 39
29 46 8 16
29 114 25 39
29 19 37 239
29 85 49 436
29 56 1 39
29 91 46 261
29 93 44 239
30 66 55 43
30 69 7 39
30 39 14 122
30 41 23 10
30 76 19 39
30 112 1 239
30 114 49 409
30 85 40 436
30 118 37 97
30 57 25 117
30 91 33 16
30 31 43 76
31 35 20 239
31 7 13 239
31 10 31 117
31 11 8 239
31 45 1 398
31 78 37 421
31 82 27 97
31 19 43 215
31 118 49 43
31 87 10 398
31 27 52 421
31 95 56 436
32 96 44 409
32 7 13 16
32 72 49 252
32 105 58 108
32 107 1 421
32 78 31 97
32 111 25 436
32 83 37 409
32 84 8 43
32 21 40 439
32 22 21 409
32 94 55 252
33 89 52 123
33 97 50 215
33 36 33 43
33 39 8 215
33 7 55 409
33 15 37 252
33 16 43 174
33 118 13 43
33 23 28 272
33 25 1 252
33 60 26 409
33 57 19 117
34 96 2 409
34 4 37 215
34 37 19 43
34 104 52 447
34 105 49 110
34 80 13 181
34 17 56 215
34 82 22 97
34 20 4 261
34 23 44 272
34 88 58 428
34 30 7 252
35 32 20 215
35 66 13 117
35 35 46 218
35 41 3 10
35 74 37 110
35 18 55 421
35 61 44 421
35 84 50 278
35 85 22 436
35 90 32 409
35 29 7 409
36 8 13 252
36 105 43 110
36 108 49 261
36 112 46 428
36 17 2 215
36 82 8 97
36 19 31 215
36 52 26 205
36 117 20 110
36 26 52 269
36 59 55 299
36 94 37 261
37 33 21 421
37 34 1 97
37 97 50 428
37 102 37 269
37 104 40 447
37 76 7 436
37 45 43 153
37 48 31 421
37 115 13 409
37 85 55 357
37 22 26 215
38 32 26 421
38 99 46 120
38 36 44 269
38 45 49 153
38 13 31 110
38 17 14 97
38 18 7 421
38 21 58 439
38 91 56 261
38 93 20 428
38 31 1 436
39 76 31 436
39 13 7 110
39 15 55 269
39 83 13 421
39 116 37 153
39 53 40 185
39 22 50 108
39 56 20 261
39 57 25 173
39 90 2 269
39 63 43 278
40 1 28 1
40 66 1 428
40 38 37 428
40 71 53 324
40 74 7 261
40 45 55 153
40 14 26 261
40 13 43 112
40 19 49 218
40 115 19 153
40 86 33 269
40 119 13 269
41 33 14 261
41 34 1 110
41 98 16 436
41 65 4 412
41 9 56 218
41 11 44 357
41 12 28 289
41 15 7 269
41 17 26 428
41 86 20 269
41 91 32 261
41 61 38 357
42 96 56 278
42 89 20 123
42 99 49 120
42 3 13 110
42 67 44 108
42 7 7 268
42 11 38 218
42 110 32 428
42 94 1 153
42 62 58 329
43 98 20 218
43 7 55 171
43 73 31 357
43 9 16 215
43 59 49 299
43 41 11 10
43 20 8 218
43 87 1 278
43 27 13 428
43 62 52 329
44 32 8 428
44 97 32 153
44 66 43 299
44 103 58 98
44 39 35 15
44 105 38 108
44 107 10 153
44 108 49 76
44 110 25 269
44 113 19 278
44 55 1 218
44 60 56 185
45 67 32 108
45 71 50 324
45 42 38 299
45 109 7 278
45 14 2 357
45 13 55 76
45 48 19 108
45 113 25 278
45 25 40 76
45 59 16 299
45 92 10 108
45 93 14 357
46 32 50 185
46 4 7 299
46 38 37 120
46 11 33 218
46 107 1 108
46 13 19 76
46 109 44 171
46 45 13 218
46 20 27 218
46 58 10 245
46 93 52 268
46 94 55 276
47 33 27 108
47 3 4 74
47 69 1 76
47 108 7 76
47 14 45 185
47 78 31 299
47 114 13 108
47 119 55 354
47 25 38 268
47 91 50 354
47 95 20 299
48 33 33 76
48 2 25 299
48 36 14 76
48 38 7 120
48 73 1 276
48 10 19 185
48 110 55 227
48 51 39 354
48 84 50 276
48 118 44 276
49 96 39 276
49 64 13 153
49 34 26 153
49 32 2 185
49 68 33 185
49 37 44 354
49 101 49 325
49 104 16 447
49 44 7 185
49 15 19 245
49 114 55 325
50 68 2 299
50 6 31 397
50 38 19 120
50 107 49 171
50 75 55 268
50 78 37 171
50 76 7 401
50 12 58 289
50 116 25 76
50 53 14 185
50 27 44 325
51 97 9 8
51 2 43 268
51 33 2 268
51 101 37 325
51 38 13 120
51 14 26 185
51 15 55 279
51 16 31 174
51 47 28 373
51 119 19 354
51 24 49 399
52 32 2 354
52 33 33 268
52 100 49 227
52 5 26 120
52 107 7 171
52 76 55 401
52 52 10 205
52 55 37 227
52 27 43 439
52 94 13 171
52 31 19 171
53 98 56 399
53 4 43 227
53 103 50 98
53 110 1 227
53 18 25 268
53 24 38 399
53 88 28 171
53 25 20 268
53 90 15 268
53 120 46 399
53 62 52 263
54 34 32 171
54 5 37 439
54 38 13 439
54 103 22 410
54 71 35 324
54 42 56 112
54 10 7 354
54 45 49 279
54 14 20 325
54 61 2 325
54 84 27 33
54 93 44 279
55 35 39 279
55 36 2 171
55 77 26 325
55 78 55 245
55 92 50 401
55 82 14 216
55 52 47 419
55 85 52 245
55 56 32 354
55 57 19 173
55 60 45 397
55 29 7 50
56 66 13 370
56 3 49 397
56 69 43 401
56 38 25 439
56 71 2 324
56 73 19 276
56 109 52 233
56 112 32 439
56 22 8 325
56 58 55 411
56 62 46 329
56 63 38 401
57 67 49 74
57 4 55 397
57 6 37 397
57 39 7 15
57 110 9 227
57 15 43 245
57 114 31 325
57 51 26 354
57 22 14 325
57 89 52 176
57 28 1 173
58 38 19 439
58 73 7 276
58 74 31 276
58 108 37 245
58 45 1 439
58 16 55 174
58 52 47 205
58 90 50 112
58 91 14 354
58 60 28 397
58 30 43 74
58 63 25 401
59 102 22 269
59 104 1 447
59 41 47 3
59 10 55 33
59 13 37 112
59 110 32 227
59 116 25 276
59 117 8 439
59 57 49 173
59 58 43 411
59 95 14 227
60 64 7 399
60 97 33 8
60 5 37 74
60 104 10 447
60 75 13 276
60 107 49 50
60 14 56 50
60 113 25 112
60 53 58 185
60 117 21 112
60 28 43 173
61 32 50 33
61 103 17 410
61 104 40 224
61 39 45 15
61 61 26 399
61 21 10 439
61 22 20 74
61 56 32 112
61 26 55 173
61 59 1 397
61 93 8 279
61 31 13 279
62 96 26 227
62 33 33 401
62 101 43 50
62 5 7 112
62 69 19 401
62 42 14 112
62 15 1 401
62 112 55 106
62 47 38 373
62 18 22 279
62 26 49 411
62 95 52 216
63 1 52 1
63 68 15 401
63 39 19 15
63 44 43 33
63 115 21 397
63 83 31 279
63 119 38 173
63 87 55 370
63 24 34 245
63 90 2 112
63 29 25 50
63 94 49 370
64 9 50 106
64 105 43 370
64 107 37 50
64 44 7 397
64 77 14 397
64 12 46 289
64 21 55 439
64 22 33 399
64 63 25 245
64 30 1 279
64 31 19 98
65 96 20 399
65 98 56 157
65 67 25 279
65 37 1 245
65 102 16 269
65 9 8 74
65 11 14 245
65 76 37 370
65 50 49 157
65 19 43 106
65 25 31 50
66 99 55 303
66 100 19 227
66 37 25 74
66 9 51 235
66 12 31 289
66 78 13 399
66 15 43 157
66 46 23 16
66 81 41 5
66 113 1 399
66 26 37 411
67 39 27 15
67 73 7 370
67 10 31 411
67 9 14 74
67 110 38 106
67 47 49 373
67 82 56 216
67 53 22 239
67 55 1 370
67 56 19 50
67 89 46 123
67 60 44 216
68 69 25 370
68 101 13 50
68 40 49 377
68 17 56 107
68 116 37 157
68 52 44 205
68 86 2 50
68 62 40 329
68 89 35 176
68 59 19 157
68 28 31 173
68 30 7 157
69 3 7 411
69 69 19 370
69 105 55 393
69 16 49 174
69 82 38 216
69 52 10 419
69 85 43 107
69 84 13 33
69 87 31 157
69 56 25 411
69 59 15 157
69 31 1 98
70 34 34 98
70 35 8 173
70 7 1 411
70 11 40 165
70 44 43 8
70 108 19 411
70 75 31 370
70 23 10 272
70 86 56 233
70 119 25 157
70 89 38 123
70 59 49 107
71 97 3 8
71 27 20 235
71 107 13 173
71 108 7 98
71 12 16 289
71 109 43 233
71 45 55 284
71 75 32 216
71 50 25 233
71 20 52 395
71 22 50 284
71 59 38 107
72 67 15 98
72 68 2 157
72 99 34 303
72 105 55 123
72 106 40 357
72 75 25 216
72 44 49 8
72 110 31 233
72 48 43 324
72 119 37 233
72 120 13 2
72 62 19 263
73 101 43 235
73 38 27 107
73 110 19 233
73 14 25 17
73 112 7 233
73 15 37 324
73 19 55 8
73 52 50 205
73 117 32 123
73 20 13 9
73 60 34 235
74 99 37 303
74 4 19 174
74 8 13 411
74 72 4 252
74 77 31 22
74 15 55 324
74 47 44 373
74 18 27 324
74 19 49 393
74 20 25 9
74 95 8 174
75 1 40 1
75 70 23 402
75 38 31 107
75 73 55 235
75 42 38 235
75 10 19 107
75 45 43 284
75 14 15 17
75 13 7 107
75 48 49 197
75 82 26 284
76 5 33 284
76 59 13 107
76 107 1 174
76 113 55 170
76 115 7 235
76 84 31 33
76 55 25 174
76 27 16 64
76 61 44 393
76 95 20 216
77 5 19 284
77 7 13 174
77 8 7 216
77 9 1 40
77 112 3 233
77 83 55 205
77 19 37 393
77 117 58 25
77 85 52 42
77 119 28 185
77 61 26 393
77 63 32 393
78 97 21 8
78 68 8 393
78 13 55 395
78 14 33 17
78 78 37 284
78 80 13 284
78 53 46 239
78 59 1 107
78 30 49 170
79 33 56 197
79 70 37 402
79 104 46 447
79 105 7 123
79 74 31 90
79 106 58 357
79 108 43 395
79 113 13 233
79 23 49 272
79 92 26 235
79 94 1 235
79 95 5 13
80 35 20 324
80 38 7 284
80 71 32 324
80 42 2 216
80 75 40 115
80 48 13 123
80 55 25 106
80 88 43 170
80 91 56 383
80 92 4 90
80 62 37 263
81 99 49 303
81 47 34 373
81 82 2 284
81 115 13 235
81 119 31 205
81 23 55 272
81 56 22 109
81 24 40 395
81 27 4 64
81 60 38 170
81 94 19 393
82 101 43 197
82 103 28 410
82 13 7 324
82 77 47 32
82 111 52 436
82 112 19 106
82 18 37 197
82 113 31 170
82 84 15 33
82 86 26 170
82 89 49 176
83 32 5 102
83 4 13 393
83 102 49 269
83 103 19 410
83 40 55 377
83 107 46 46
83 13 7 395
83 78 1 393
83 111 58 271
83 19 25 395
83 93 44 383
83 94 32 106
84 64 40 123
84 38 43 335
84 9 10 43
84 10 25 199
84 41 17 10
84 78 13 395
84 110 22 182
84 118 52 101
84 27 55 61
84 29 31 395
84 94 19 14
85 65 7 412
85 33 26 197
85 69 58 77
85 101 31 197
85 72 10 171
85 75 28 115
85 109 4 129
85 50 49 383
85 19 19 395
85 114 13 197
85 88 1 24
85 26 46 45
86 96 55 17
86 64 43 145
86 5 1 120
86 37 57 447
86 101 19 197
86 104 34 447
86 21 49 439
86 86 17 50
86 93 26 383
86 63 31 383
87 32 31 69
87 34 16 6
87 4 37 383
87 40 43 377
87 74 1 255
87 50 19 383
87 55 52 52
87 118 57 101
87 22 13 30
87 89 40 176
87 92 55 48
88 65 33 267
88 7 13 383
88 14 3 17
88 80 37 205
88 17 49 87
88 48 7 197
88 51 31 98
88 117 41 25
88 58 28 157
88 27 19 64
88 61 11 63
89 35 58 112
89 37 40 213
89 39 47 15
89 72 25 171
89 41 33 10
89 108 1 395
89 44 13 106
89 14 52 33
89 78 19 205
89 56 4 133
89 29 10 218
90 96 1 106
90 5 7 140
90 73 3 91
90 78 55 62
90 48 31 296
90 51 52 98
90 117 29 25
90 118 46 101
90 22 11 30
90 90 15 11
90 61 37 63
91 98 21 18
91 104 25 447
91 80 37 422
91 18 28 7
91 115 55 36
91 20 19 9
91 50 7 383
91 118 34 101
91 23 1 272
91 88 16 24
91 60 41 117
92 70 55 402
92 102 46 269
92 59 58 94
92 9 1 43
92 75 31 71
92 45 3 131
92 48 49 301
92 118 40 101
92 120 35 2
92 25 7 153
92 27 22 61
93 64 34 123
93 98 43 18
93 69 19 77
93 42 37 42
93 109 58 109
93 77 22 32
93 113 49 113
93 18 25 7
93 56 39 109
93 25 13 169
93 95 11 13
94 34 19 6
94 68 37 80
94 109 13 49
94 77 25 32
94 111 46 271
94 18 16 7
94 52 28 205
94 23 43 263
94 92 22 48
94 29 56 42
94 30 31 82
95 1 10 1
95 2 33 422
95 69 1 77
95 9 31 43
95 42 5 42
95 108 52 34
95 77 29 32
95 110 43 115
95 82 13 60
95 23 58 272
95 92 39 48
95 30 19 170
96 68 23 80
96 36 17 99
96 40 13 377
96 107 43 46
96 111 28 436
96 48 55 159
96 82 51 60
96 84 3 33
96 118 10 167
96 24 7 55
96 93 39 44
97 32 17 69
97 72 4 171
97 105 19 41
97 76 55 422
97 77 59 22
97 60 47 117
97 48 49 296
97 119 22 66
97 56 7 108
97 27 28 61
97 28 43 422
98 74 7 346
98 46 28 4
98 115 49 124
98 84 47 33
98 85 34 31
98 23 19 272
98 86 17 57
98 25 4 153
98 26 37 45
98 19 55 86
99 96 17 39
99 5 34 21
99 71 22 324
99 40 19 377
99 110 49 115
99 80 37 118
99 20 15 9
99 117 27 25
99 116 31 68
99 87 10 35
99 28 1 383
100 2 19 195
100 36 1 99
100 101 13 92
100 38 55 335
100 103 25 410
100 106 59 397
100 12 49 289
100 45 7 75
100 76 31 199
100 47 52 373
100 18 3 7
100 52 23 205
101 102 4 269
101 39 29 15
101 40 31 377
101 110 37 115
101 111 58 436
101 113 13 56
101 24 40 10
101 89 55 176
101 26 7 45
101 93 11 44
101 62 19 329
102 64 52 145
102 99 28 303
102 35 16 76
102 70 49 402
102 107 19 46
102 19 43 86
102 84 33 33
102 85 22 31
102 59 25 113
102 28 37 282
103 8 13 79
103 77 49 22
103 48 51 442
103 113 19 56
103 83 4 61
103 23 34 272
103 90 29 11
103 31 37 59
103 93 1 72
103 95 9 13
104 33 13 73
104 74 43 90
104 77 47 22
104 48 55 301
104 112 28 12
104 18 40 7
104 119 16 66
104 55 10 52
104 30 31 159
104 56 1 109
104 62 37 329
105 100 31 86
105 70 58 402
105 76 13 422
105 80 25 89
105 53 10 239
105 22 17 30
105 23 1 263
105 56 51 15
105 89 37 176
105 90 21 11
105 29 4 174
106 66 1 96
106 35 37 76
106 36 15 99
106 7 33 135
106 104 55 224
106 76 43 199
106 14 27 17
106 46 13 4
106 58 22 110
106 93 31 44
106 62 7 329
107 96 46 39
107 3 7 181
107 71 13 324
107 75 37 94
107 109 49 49
107 77 43 22
107 113 55 56
107 20 33 9
107 25 40 153
107 60 53 117
107 30 1 205
108 96 10 39
108 98 7 18
108 101 25 140
108 12 22 289
108 113 43 56
108 18 40 41
108 51 37 98
108 23 52 272
108 55 13 52
108 25 19 169
108 60 59 117
108 93 16 72
109 2 55 195
109 3 7 170
109 100 19 86
109 99 43 303
109 103 3 410
109 41 5 10
109 9 1 74
109 46 47 16
109 17 10 97
109 50 15 297
109 58 52 110
109 91 13 78
110 98 39 18
110 34 4 29
110 7 55 135
110 104 43 447
110 73 19 88
110 9 53 40
110 108 7 245
110 109 46 49
110 92 29 48
110 48 13 296
110 28 49 282
111 38 19 335
111 105 49 41
111 106 53 357
111 73 25 91
111 18 1 83
111 61 41 63
111 84 23 33
111 117 46 25
111 86 34 50
111 87 37 35
111 88 43 24
111 29 58 215
112 97 39 8
112 99 21 303
112 36 19 99
112 5 46 89
112 101 55 140
112 39 31 15
112 9 59 43
112 44 13 128
112 108 4 216
112 82 49 60
112 85 43 42
112 24 52 44
113 2 43 322
113 71 47 324
113 8 31 79
113 105 25 41
113 80 19 118
113 20 9 9
113 117 15 25
113 53 49 239
113 119 40 66
113 58 58 57
113 61 17 63
114 2 25 195
114 106 47 357
114 107 1 46
114 11 9 165
114 45 19 75
114 13 43 62
114 108 13 34
114 52 58 205
114 117 7 25
114 120 5 2
115 89 47 176
115 2 31 322
115 102 40 269
115 111 13 436
115 48 43 301
115 18 10 7
115 22 3 30
115 25 22 106
115 26 16 45
115 30 55 82
115 31 25 59
116 1 22 1
116 68 17 80
116 101 55 99
116 37 4 55
116 42 1 42
116 109 31 49
116 47 13 373
116 48 43 296
116 116 28 68
116 84 9 33
116 119 19 66
116 88 25 24
117 32 13 69
117 98 11 18
117 100 25 160
117 37 43 55
117 10 55 83
117 109 7 49
117 85 15 31
117 56 4 108
117 91 19 78
117 63 22 23
118 65 5 267
118 66 13 70
118 3 40 170
118 36 11 99
118 102 28 269
118 75 25 71
118 12 55 289
118 110 7 115
118 50 43 11
118 95 3 13
119 3 16 170
119 5 1 21
119 11 47 74
119 12 38 289
119 45 31 75
119 14 9 17
119 48 25 296
119 118 13 101
119 53 4 239
119 62 55 329
120 67 16 173
120 3 46 135
120 99 52 303
120 75 7 71
120 47 19 373
120 80 55 52
120 92 5 48
120 82 3 60
120 117 1 25
120 25 10 106
120 28 31 85
121 3 28 170
121 99 58 303
121 10 31 83
121 108 10 34
121 13 1 149
121 46 17 4
121 17 5 87
121 50 37 273
121 56 55 15
121 62 25 329
121 63 13 23
122 101 49 140
122 5 37 21
122 8 43 79
122 105 34 41
122 74 55 90
122 9 29 43
122 12 13 289
122 75 31 94
122 20 3 9
122 86 23 57
122 95 21 13
123 98 1 18
123 99 3 303
123 34 58 6
123 109 34 49
123 110 19 182
123 115 25 159
123 88 37 24
123 25 16 153
123 90 9 11
124 34 7 6
124 68 29 80
124 5 10 140
124 75 4 94
124 76 19 249
124 109 40 49
124 13 31 149
124 17 55 5
124 82 45 60
124 56 1 133
124 27 13 64
124 93 43 44
125 32 53 69
125 101 19 172
125 41 29 10
125 10 43 84
125 75 4 115
125 81 35 5
125 52 13 419
125 86 15 57
125 55 49 52
125 60 40 122
126 64 28 123
126 35 52 76
126 74 13 90
126 44 43 38
126 77 58 16
126 76 1 249
126 17 7 87
126 50 9 297
126 52 34 205
126 117 37 25
126 23 22 272
127 1 31 1
127 101 25 92
127 72 46 252
127 9 7 40
127 75 10 71
127 44 19 38
127 11 17 165
127 115 13 36
127 118 1 101
127 29 4 197
128 101 31 140
128 75 58 71
128 13 37 62
128 111 19 436
128 119 52 66
128 87 25 35
128 120 29 2
128 25 49 122
128 90 23 11
128 93 55 44
128 31 1 59
129 67 13 184
129 4 16 29
129 70 31 402
129 72 58 252
129 104 49 447
129 74 27 13
129 11 35 97
129 108 19 34
129 12 43 289
129 84 11 33
129 26 4 45
129 30 7 159
130 97 5 8
130 33 11 73
130 34 28 6
130 100 13 160
130 103 41 410
130 45 49 131
130 80 7 118
130 113 37 56
130 85 55 31
130 27 34 61
130 30 43 159
131 32 49 69
131 34 40 6
131 5 4 21
131 37 46 55
131 7 13 183
131 110 34 115
131 78 7 62
131 20 17 9
131 30 21 232
131 90 19 11
131 29 43 218
131 62 1 329
132 2 49 322
132 3 13 170
132 37 22 55
132 70 5 402
132 40 37 377
132 108 16 34
132 80 25 118
132 85 1 31
132 58 46 57
132 59 10 94
132 29 40 215
133 66 55 70
133 8 9 79
133 106 25 357
133 108 39 34
133 81 37 5
133 84 29 33
133 116 22 68
133 86 7 57
133 23 16 272
133 117 35 25
133 61 33 63
133 62 13 329
134 65 13 267
134 34 7 29
134 67 16 184
134 39 43 15
134 9 52 43
134 74 25 90
134 44 55 38
134 20 35 9
134 59 1 113
135 64 22 123
135 68 25 80
135 5 43 21
135 103 56 410
135 40 3 377
135 107 13 46
135 111 37 436
135 85 10 31
135 22 7 30
135 59 31 113
135 61 1 63
135 31 49 59
136 32 1 69
136 65 29 267
136 67 22 184
136 37 19 55
136 38 55 404
136 71 59 324
136 106 41 397
136 10 13 83
136 117 3 25
136 62 31 329
136 28 25 85
136 30 7 82
137 98 27 18
137 71 41 324
137 40 58 377
137 8 1 79
137 76 13 249
137 45 7 95
137 47 55 373
137 81 25 5
137 87 34 35
137 26 19 45
137 59 52 94
137 29 22 215
138 98 13 18
138 37 28 55
138 104 25 224
138 74 49 90
138 109 43 49
138 17 35 87
138 63 58 23
138 61 19 63
138 21 46 439
138 55 37 52
138 93 41 44
138 95 7 13
139 65 27 267
139 3 58 181
139 37 16 55
139 11 23 165
139 107 7 46
139 46 53 4
139 110 46 115
139 84 37 33
139 22 39 30
139 89 31 176
139 94 1 14
139 31 19 238
140 2 7 340
140 35 29 112
140 4 43 29
140 106 25 397
140 77 40 22
140 78 49 46
140 80 55 118
140 18 33 7
140 82 31 60
140 119 4 185
140 61 23 63
141 65 35 267
141 98 15 18
141 3 4 215
141 36 9 99
141 70 51 402
141 7 43 183
141 73 31 91
141 107 37 46
141 75 28 94
141 112 1 38
141 55 19 52
142 33 33 73
142 66 13 96
142 98 31 18
142 5 22 21
142 101 37 140
142 11 35 165
142 14 5 17
142 110 55 115
142 48 43 442
142 55 28 52
142 59 7 113
142 61 25 63
143 32 21 69
143 58 4 110
143 70 13 402
143 71 11 324
143 7 25 183
143 73 7 91
143 76 31 418
143 44 43 128
143 18 55 41
143 90 59 8
143 91 35 10
143 63 37 23
144 32 11 69
144 98 3 18
144 2 19 322
144 106 23 357
144 42 9 42
144 12 25 289
144 78 55 37
144 80 31 118
144 53 28 239
144 119 46 66
144 58 52 57
144 92 37 48
145 99 25 303
145 68 47 80
145 105 13 41
145 10 1 84
145 47 31 373
145 113 7 56
145 20 5 9
145 23 40 272
145 25 52 106
145 29 22 174
145 63 16 23
146 65 46 267
146 98 53 18
146 4 37 29
146 41 25 10
146 78 31 62
146 46 35 16
146 81 49 5
146 20 51 9
146 118 43 101
146 24 28 44
146 26 22 45
146 29 10 202
147 65 53 267
147 98 29 18
147 100 49 160
147 69 34 77
147 101 43 140
147 108 58 34
147 81 23 5
147 17 4 97
147 19 13 86
147 118 37 101
147 90 31 11
147 63 7 37
148 101 25 172
148 69 52 74
148 47 7 373
148 50 13 386
148 19 31 51
148 119 43 66
148 85 19 31
148 115 1 124
148 87 58 18
148 30 37 159
149 96 3 106
149 34 13 29
149 100 55 160
149 5 28 21
149 39 37 15
149 45 19 131
149 110 7 182
149 46 31 16
149 81 47 5
149 91 16 78
149 31 43 59
150 98 47 18
150 99 31 303
150 69 25 77
150 38 37 335
150 41 10 3
150 75 49 71
150 15 13 114
150 112 52 12
150 50 1 273
150 51 43 98
150 59 34 113
150 62 28 329
151 97 31 8
151 35 35 112
151 7 7 183
151 73 43 91
151 105 37 41
151 75 25 94
151 14 29 17
151 15 49 187
151 118 4 167
151 87 22 35
151 94 13 14
152 32 37 69
152 65 15 267
152 66 43 70
152 40 7 377
152 41 53 3
152 109 10 49
152 17 25 97
152 55 40 52
152 22 35 30
152 23 4 272
153 66 1 70
153 35 28 76
153 106 5 357
153 76 13 418
153 47 25 373
153 15 55 114
153 114 7 111
153 18 19 7
153 58 43 57
153 61 47 50
153 31 49 14
154 66 43 96
154 103 47 410
154 7 13 135
154 10 7 199
154 14 21 17
154 47 58 373
154 82 1 60
154 19 37 86
154 83 25 19
154 115 31 36
154 91 3 78
155 33 7 73
155 66 37 70
155 37 10 55
155 40 25 377
155 104 28 447
155 11 1 165
155 108 22 34
155 77 17 32
155 17 59 5
155 118 4 101
156 32 29 69
156 65 3 267
156 34 10 6
156 35 41 112
156 72 16 171
156 41 7 10
156 44 49 38
156 50 55 273
156 116 43 68
156 63 34 23
157 64 52 152
157 32 55 69
157 103 7 410
157 9 22 74
157 106 49 357
157 77 35 43
157 28 43 282
157 81 15 5
157 56 31 109
157 120 13 12
157 29 10 174
157 94 4 14
158 33 9 73
158 98 23 18
158 100 43 160
158 10 55 84
158 107 25 46
158 44 37 38
158 14 19 17
158 83 31 19
158 119 34 66
158 89 1 176
158 30 13 159
159 66 19 96
159 71 25 324
159 40 40 377
159 103 10 410
159 80 13 118
159 87 4 35
159 56 52 108
159 59 34 94
159 63 7 23
160 65 10 267
160 68 5 80
160 103 13 410
160 70 17 82
160 106 43 397
160 108 7 34
160 78 1 37
160 23 25 272
161 65 43 267
161 2 39 195
161 67 58 184
161 100 49 114
161 58 31 57
161 11 27 165
161 14 37 17
161 46 23 4
161 82 15 60
161 26 34 45
161 91 5 78
162 36 31 99
162 75 28 71
162 13 13 149
162 115 37 124
162 116 34 68
162 90 1 11
162 91 11 78
162 92 53 48
162 61 5 63
163 98 49 18
163 100 37 254
163 5 46 21
163 101 51 172
163 9 16 43
163 108 31 245
163 44 25 128
163 112 58 12
163 20 21 9
163 87 55 35
163 90 35 11
163 30 1 232
164 64 43 123
164 38 49 335
164 10 25 84
164 46 5 16
164 15 1 187
164 17 59 87
164 50 55 297
164 86 40 50
164 119 31 66
164 24 21 44
165 96 57 17
165 65 1 267
165 34 10 29
165 37 25 55
165 38 49 404
165 12 7 289
165 48 3 296
165 117 39 25
165 86 28 50
165 61 31 63
166 32 9 69
166 101 13 140
166 70 7 402
166 44 1 128
166 12 19 289
166 18 55 7
166 84 35 33
166 119 25 66
166 58 52 97
166 60 29 117
167 101 55 92
167 70 47 82
167 103 53 410
167 41 31 10
167 77 59 32
167 80 49 89
167 81 33 5
167 18 43 7
167 61 35 63
167 27 40 61
167 93 37 44
168 71 19 49
168 73 13 91
168 41 21 10
168 75 1 115
168 44 25 129
168 84 39 33
168 52 17 205
168 118 7 167
168 22 45 30
168 88 52 24
169 65 37 267
169 2 13 195
169 1 7 1
169 100 1 86
169 28 55 85
169 14 35 17
169 120 23 2
169 112 31 12
169 52 29 419
169 24 52 10
169 92 41 48
170 35 23 112
170 5 13 21
170 38 31 335
170 104 37 447
170 8 49 78
170 45 25 95
170 82 43 60
170 84 19 33
170 86 5 57
170 90 11 11
170 62 16 329
171 97 27 8
171 5 1 140
171 40 34 377
171 73 55 91
171 74 49 255
171 9 22 43
171 18 37 7
171 116 10 68
171 25 31 169
171 92 45 48
171 95 25 13
172 1 19 1
172 68 17 89
172 69 46 77
172 41 13 10
172 109 58 49
172 113 7 92
172 81 51 5
172 51 1 145
172 116 3 82
172 20 53 9
172 120 41 2
172 95 23 13
173 69 52 77
173 37 55 55
173 77 5 32
173 83 13 19
173 87 28 35
173 88 31 24
173 26 43 45
173 60 23 122
173 93 7 72
173 94 25 14
174 96 49 17
174 67 40 184
174 69 28 77
174 73 55 88
174 75 46 71
174 44 19 128
174 108 16 227
174 23 7 272
174 117 51 25
174 55 4 52
175 97 17 8
175 34 22 6
175 4 25 29
175 5 31 21
175 42 11 42
175 109 28 49
175 15 7 114
175 86 19 57
175 56 13 109
175 29 1 197
176 66 31 148
176 69 9 77
176 5 25 21
176 90 3 11
176 44 49 128
176 81 7 5
176 113 19 92
176 58 43 97
176 59 16 113
176 28 37 315
177 65 17 267
177 99 46 303
177 105 10 41
177 106 35 357
177 48 19 296
177 114 25 111
177 19 1 51
177 51 5 98
177 59 7 94
177 28 13 85
178 68 53 80
178 8 55 79
178 104 7 447
178 10 1 199
178 108 40 216
178 110 31 115
178 15 19 187
178 81 5 5
178 115 25 36
178 58 37 57
178 28 13 315
178 30 43 82
179 64 55 152
179 35 47 112
179 36 35 99
179 41 58 3
179 108 49 34
179 12 52 289
179 81 45 5
179 83 1 61
179 85 13 42
180 33 31 73
180 67 49 184
180 39 15 15
180 72 52 252
180 105 1 103
180 17 29 97
180 83 58 19
180 116 19 82
180 20 39 9
180 118 22 167
180 58 46 122
181 64 10 123
181 96 47 17
181 36 13 99
181 104 31 447
181 105 22 41
181 106 5 397
181 78 55 46
181 114 15 303
181 83 19 19
181 58 49 57
181 28 1 282
182 33 5 73
182 26 52 120
182 4 58 29
182 36 25 99
182 9 41 40
182 105 46 41
182 75 13 71
182 52 23 419
182 118 16 167
182 58 55 110
182 91 9 78
183 34 52 6
183 7 55 183
183 75 19 94
183 77 16 22
183 110 10 182
183 11 33 165
183 112 37 12
183 25 22 169
183 90 25 11
183 27 1 64
183 28 27 315
184 39 11 15
184 105 52 41
184 44 7 128
184 45 19 95
184 60 5 122
184 52 13 205
184 117 49 25
184 87 46 35
184 31 55 59
184 93 3 72
184 95 15 13
185 97 7 8
185 4 46 29
185 5 49 21
185 38 31 404
185 74 37 13
185 76 1 418
185 22 23 30
185 27 43 61
185 28 19 282
185 61 27 63
185 63 55 23
186 39 9 15
186 74 37 90
186 75 43 94
186 110 1 182
186 17 57 5
186 119 28 66
186 55 34 52
186 63 16 37
186 31 19 59
187 67 46 184
187 37 39 55
187 103 35 410
187 40 22 377
187 10 49 83
187 14 59 17
187 81 1 5
187 82 37 60
187 20 29 9
187 86 27 57
187 117 33 25
188 64 34 152
188 67 37 184
188 39 3 15
188 104 13 447
188 103 49 410
188 42 31 42
188 87 16 35
188 88 28 24
188 89 43 176
188 30 19 159
188 63 46 23
189 65 19 267
189 3 46 170
189 106 35 397
189 80 31 89
189 17 11 87
189 19 13 51
189 22 1 30
189 118 7 101
189 61 3 63
190 69 31 77
190 104 4 447
190 75 52 71
190 11 29 165
190 14 13 17
190 15 25 187
190 112 49 12
190 22 21 30
190 91 7 78
190 92 57 48
190 63 40 37
191 32 15 69
191 66 19 70
191 15 25 114
191 29 40 197
191 119 1 66
191 22 9 30
191 61 29 63
192 99 40 303
192 5 19 21
192 38 43 404
192 72 52 171
192 11 11 165
192 45 25 75
192 48 7 296
192 112 15 12
192 115 3 36
192 118 22 101
193 1 1 1
193 35 16 112
193 67 7 184
193 34 4 6
193 40 52 377
193 112 43 12
193 55 46 52
193 89 10 176
193 28 25 282
193 61 21 63
193 31 55 14
194 98 9 18
194 4 55 29
194 5 43 89
194 74 1 346
194 75 19 71
194 80 13 139
194 117 5 25
194 119 37 66
194 24 49 44
194 92 33 48
195 96 5 106
195 2 13 322
195 39 1 15
195 9 10 74
195 75 40 94
195 114 19 231
195 83 7 61
195 117 53 25
195 120 58 2
195 56 46 109
195 63 49 37
196 32 19 69
196 33 25 73
196 98 17 18
196 70 35 82
196 75 22 71
196 108 31 34
196 11 15 165
196 118 27 101
196 89 3 176
196 29 49 42
197 66 49 96
197 35 10 76
197 36 27 99
197 42 21 42
197 14 1 17
197 15 31 187
197 48 55 442
197 47 3 373
197 55 16 52
197 25 37 169
197 92 43 48
198 96 4 39
198 67 1 184
198 35 10 112
198 38 37 404
198 104 22 447
198 106 47 397
198 108 25 34
198 14 7 17
198 59 19 113
198 60 16 122
199 65 51 267
199 101 45 172
199 45 33 95
199 13 7 149
199 113 25 56
199 81 3 5
199 17 31 87
199 20 43 9
199 60 23 117
199 29 58 218
199 63 40 23
200 65 59 267
200 2 25 322
200 67 10 184
200 5 7 21
200 101 19 140
200 7 49 73
200 45 55 75
200 18 13 7
200 22 5 30
200 63 1 23
201 96 53 17
201 65 25 267
201 68 1 89
201 5 10 21
201 4 22 29
201 104 19 447
201 109 3 49
201 48 37 296
201 83 16 19
201 115 55 124
201 118 31 101
202 1 4 1
202 3 10 37
202 101 33 92
202 39 25 15
202 70 27 402
202 45 13 75
202 81 31 5
202 114 43 111
202 18 7 7
202 26 1 45
202 28 19 85
203 70 10 402
203 7 55 73
203 44 13 38
203 15 19 114
203 50 25 273
203 86 4 50
203 87 7 35
203 28 37 85
204 32 41 69
204 66 49 70
204 103 31 410
204 114 55 111
204 119 4 66
204 86 10 50
204 87 13 35
204 88 34 24
205 32 3 69
205 64 40 145
205 2 9 322
205 70 17 402
205 71 1 49
205 50 19 273
205 115 31 124
205 82 7 60
205 85 49 31
205 61 15 63
206 66 7 70
206 34 31 6
206 38 1 404
206 39 5 15
206 103 37 410
206 76 49 199
206 119 13 66
206 88 22 24
206 25 28 106
207 3 13 215
207 36 21 99
207 101 31 172
207 69 40 77
207 73 51 91
207 75 43 71
207 46 25 16
207 110 27 182
207 83 10 19
207 25 16 169
207 92 49 48
208 3 37 202
208 37 34 55
208 10 13 84
208 75 1 71
208 80 19 89
208 115 7 36
208 56 58 15
208 60 11 117
208 93 4 44
209 69 40 74
209 13 55 51
209 52 5 205
209 116 7 68
209 117 13 25
209 55 1 52
209 59 10 113
210 40 46 377
210 10 7 84
210 11 19 165
210 15 31 114
210 48 37 301
210 116 4 68
210 22 15 30
210 86 22 50
210 89 17 176
210 30 25 82
211 66 31 96
211 68 11 80
211 105 7 41
211 78 19 37
211 80 1 118
211 48 37 442
211 112 25 12
211 26 13 45
211 60 17 117
211 29 28 197
212 97 1 36
212 98 51 18
212 36 39 99
212 101 45 92
212 46 10 16
212 81 43 5
212 50 55 11
212 51 23 145
212 22 53 30
212 90 37 11
213 2 43 195
213 35 23 76
213 67 52 185
213 101 1 172
213 40 16 377
213 44 31 38
213 78 25 37
213 87 55 18
213 24 58 10
213 92 19 48
213 30 37 82
214 64 16 107
214 2 7 195
214 69 31 74
214 70 1 82
214 7 43 73
214 38 25 335
214 114 49 111
214 63 4 23
215 32 45 69
215 65 40 267
215 66 25 96
215 34 37 6
215 68 5 89
215 36 43 99
215 70 3 402
215 7 49 135
215 87 7 48
215 86 58 39
216 97 11 8
216 35 5 117
216 103 1 410
216 10 19 84
216 75 46 94
216 14 43 17
216 83 49 19
216 117 55 25
216 22 41 30
216 93 9 72
217 96 35 39
217 33 23 73
217 5 40 21
217 106 16 357
217 45 1 95
217 17 46 87
217 20 11 9
217 119 49 66
217 25 58 106
217 28 7 315
218 32 27 69
218 97 15 8
218 98 37 18
218 100 19 160
218 69 49 77
218 74 39 255
218 108 34 34
218 110 43 120
218 114 55 231
218 87 52 35
218 56 7 109
218 28 1 315
219 33 19 73
219 34 1 29
219 100 49 86
219 36 29 99
219 9 47 40
219 106 11 357
219 11 21 165
219 110 4 182
219 115 7 124
219 22 27 30
219 89 33 176
220 36 7 99
220 76 13 199
220 12 34 289
220 13 49 62
220 19 25 51
220 84 1 33
220 117 11 25
220 120 53 2
220 58 40 97
221 26 49 45
221 69 37 77
221 39 23 15
221 9 28 74
221 11 43 165
221 107 34 46
221 13 55 149
221 46 41 16
221 77 47 43
221 50 1 297
221 58 25 110
222 66 7 96
222 105 16 41
222 73 37 88
222 106 11 397
222 47 22 373
222 87 1 35
222 24 43 10
222 89 13 176
222 56 4 109
222 27 19 61
223 2 31 195
223 35 35 76
223 7 7 135
223 47 16 373
223 82 40 60
223 83 4 19
223 52 53 419
223 55 25 52
223 27 37 61
223 25 1 169
224 32 47 69
224 65 1 412
224 2 13 340
224 45 55 95
224 14 11 17
224 13 37 149
224 113 49 56
224 115 19 124
224 86 9 57
224 22 33 30
224 59 4 113
225 97 23 8
225 3 52 37
225 69 4 77
225 70 11 82
225 17 1 87
225 24 46 10
225 89 7 176
226 36 5 99
226 100 27 86
226 103 43 410
226 41 19 10
226 114 21 111
226 51 25 98
226 117 17 25
226 94 10 14
226 24 37 10
226 89 45 176
226 62 49 329
227 98 5 18
227 38 25 404
227 8 21 78
227 110 13 115
227 89 29 176
227 92 10 48
227 93 7 44
228 65 31 267
228 34 1 6
228 78 25 62
228 15 45 165
228 114 15 231
228 51 13 98
228 116 40 68
228 55 22 52
228 88 7 24
228 63 49 23
229 3 4 170
229 67 25 184
229 37 1 55
229 103 33 410
229 41 15 10
229 19 7 51
229 88 19 24
229 90 17 11
229 92 13 48
229 31 43 14
230 33 17 73
230 3 10 170
230 38 19 404
230 70 25 402
230 7 1 183
230 45 13 131
230 14 39 17
230 46 5 4
230 88 58 24
230 90 33 11
230 59 43 113
230 29 7 224
231 96 52 39
231 5 58 89
231 70 1 402
231 41 41 3
231 109 16 49
231 50 25 297
231 20 37 9
231 117 31 25
231 56 10 109
231 59 46 107
232 35 31 76
232 41 35 3
232 74 43 255
232 75 37 71
232 12 10 289
232 109 55 49
232 18 49 7
232 116 19 68
232 25 7 169
232 63 25 23
233 65 49 267
233 98 45 18
233 41 16 3
233 80 1 139
233 48 25 301
233 82 47 60
233 83 55 19
233 115 37 36
233 24 58 44
233 25 10 169
233 29 22 218
234 96 41 39
234 32 35 69
234 3 1 170
234 100 7 254
234 69 43 77
234 75 16 94
234 15 55 165
234 55 31 52
234 90 53 8
234 30 49 82
235 34 55 6
235 68 59 80
235 36 41 99
235 39 49 15
235 40 28 377
235 41 4 3
235 112 25 38
235 50 13 273
235 51 10 145
235 87 1 48
235 58 22 157
236 32 39 69
236 34 34 6
236 101 49 99
236 8 55 78
236 11 4 165
236 108 22 216
236 78 43 37
236 114 25 231
236 83 1 19
236 89 19 176
236 28 13 282
237 97 37 8
237 68 3 89
237 101 7 172
237 73 39 91
237 42 33 42
237 74 19 255
237 60 28 122
237 17 23 87
237 120 47 2
237 92 51 48
238 36 23 99
238 10 37 83
238 107 10 46
238 108 43 34
238 45 13 95
238 77 35 32
238 76 49 249
238 48 1 442
238 17 28 87
238 81 19 5
238 26 31 45
239 37 52 55
239 73 31 88
239 75 16 71
239 110 37 182
239 113 1 92
239 50 43 273
239 19 7 189
239 116 25 68
239 82 22 60
239 91 28 78
239 61 58 50
239 63 19 23
240 77 40 43
240 110 58 120
240 47 10 373
240 114 31 111
240 115 49 36
240 20 23 9
240 84 7 33
240 24 45 44
240 89 17 123
240 61 43 63
241 64 58 123
241 65 55 267
241 42 41 42
241 10 37 84
241 76 43 249
241 77 10 22
241 109 1 129
241 20 49 9
241 86 13 57
241 58 52 107
241 94 16 14
241 63 28 23
242 98 33 18
242 35 59 76
242 38 7 335
242 7 37 73
242 9 5 40
242 108 16 216
242 50 49 11
242 19 43 51
243 7 19 183
243 73 43 88
243 107 28 46
243 76 37 249
243 77 49 16
243 117 23 25
243 56 55 109
243 89 25 176
243 58 16 110
243 61 9 63
243 24 13 44
244 67 28 184
244 5 16 21
244 8 37 79
244 75 4 71
244 82 11 60
244 117 9 25
244 85 31 31
244 56 19 109
244 59 13 113
245 97 47 8
245 4 34 29
245 5 58 21
245 39 41 15
245 13 19 149
245 81 39 5
245 82 55 60
245 19 7 86
245 22 49 30
245 27 51 61
246 2 1 322
246 99 8 303
246 39 39 15
246 45 43 75
246 110 25 115
246 48 55 296
246 114 49 231
246 115 19 36
246 27 16 61
246 31 31 59
247 68 7 89
247 77 4 22
247 15 43 114
247 18 58 41
247 51 17 145
247 116 37 68
247 86 1 57
247 88 13 24
247 60 10 122
248 33 21 73
248 69 55 77
248 103 5 410
248 107 40 46
248 46 37 4
248 17 53 87
248 52 59 419
248 20 31 9
248 56 34 109
248 90 27 11
248 30 49 159
249 33 29 73
249 68 11 89
249 44 31 128
249 77 22 22
249 14 3 34
249 15 49 165
249 108 40 227
249 82 59 60
249 52 5 419
249 20 47 9
249 119 55 66
249 91 25 78
250 64 28 145
250 67 16 261
250 8 7 102
250 46 59 4
250 83 52 19
250 20 45 9
250 118 1 167
250 88 40 24
250 26 55 45
250 59 37 113
251 67 33 184
251 41 9 10
251 9 16 74
251 11 31 165
251 77 41 32
251 110 13 182
251 86 29 57
251 58 46 110
252 34 49 6
252 103 15 410
252 74 43 13
252 108 55 34
252 77 53 32
252 46 29 16
252 119 7 66
252 26 10 45
252 63 31 23
252 31 37 14
253 32 51 69
253 97 29 8
253 67 37 185
253 4 40 113
253 74 13 255
253 14 31 17
253 112 55 12
253 80 7 139
253 83 34 19
253 88 46 24
253 25 25 169
253 58 58 122
254 4 19 29
254 35 4 76
254 73 27 88
254 105 1 41
254 42 7 42
254 92 25 48
254 50 39 11
254 115 13 124
254 89 22 176
254 28 9 85
255 64 4 107
255 38 7 404
255 10 43 83
255 42 16 42
255 78 31 37
255 15 37 114
255 112 21 12
255 22 19 30
255 90 13 11
256 35 19 112
256 76 37 199
256 14 23 17
256 48 31 301
256 85 28 31
256 118 16 101
256 88 4 24
256 31 7 59
257 32 43 69
257 64 49 123
257 73 1 143
257 41 29 3
257 76 25 249
257 109 37 49
257 80 45 118
257 83 22 19
257 93 35 44
257 58 55 97
257 29 52 215
258 98 35 18
258 3 43 135
258 100 37 160
258 101 49 92
258 8 31 78
258 9 29 40
258 74 55 255
258 113 1 56
258 29 10 215
258 30 13 82
259 67 52 184
259 4 49 29
259 36 3 99
259 105 28 41
259 107 31 46
259 44 55 128
259 19 37 189
259 84 21 33
259 24 25 44
259 25 34 169
259 56 43 109
259 31 13 59
260 96 45 17
260 100 31 160
260 7 19 135
260 73 7 88
260 74 25 255
260 110 16 182
260 83 37 19
260 59 49 94
261 2 3 195
261 110 58 115
261 46 31 4
261 48 13 301
261 50 7 273
261 115 49 68
261 52 53 205
261 85 39 31
261 22 37 30
261 24 55 10
261 120 1 12
261 29 28 174
262 97 25 8
262 65 7 267
262 67 19 184
262 107 4 46
262 45 37 75
262 110 22 115
262 114 13 111
262 51 10 98
262 92 27 48
263 76 19 199
263 109 52 49
263 46 11 4
263 112 34 12
263 29 28 215
263 115 43 36
263 22 31 30
263 56 49 109
263 58 40 57
263 93 9 44
264 59 28 113
264 42 39 42
264 74 49 13
264 76 55 249
264 14 41 17
264 17 16 97
264 84 5 33
264 27 46 61
264 62 10 329
264 95 19 13
265 97 19 8
265 5 55 89
265 8 21 79
265 74 7 90
265 18 58 7
265 112 46 12
265 20 27 9
265 55 43 52
265 87 40 35
265 62 4 329
266 33 1 73
266 4 28 29
266 39 21 15
266 8 31 102
266 107 16 46
266 80 49 139
266 82 5 60
266 18 7 83
266 116 13 68
266 115 43 124
266 119 40 157
267 66 3 148
267 37 34 213
267 69 58 74
267 44 37 128
267 18 22 7
267 115 27 124
267 52 41 205
267 117 25 25
267 56 16 109
267 59 55 94
267 92 1 90
267 61 52 50
268 67 4 184
268 70 53 82
268 39 13 15
268 83 28 19
268 116 1 68
268 119 10 66
268 90 7 11
268 59 58 107
269 97 1 8
269 34 43 6
269 10 49 84
269 74 7 255
269 42 23 42
269 15 13 187
269 82 25 60
269 19 37 51
269 90 5 11
269 27 31 61
270 3 43 181
270 70 21 402
270 45 3 75
270 61 7 63
270 20 1 9
270 88 10 24
270 92 15 48
270 93 19 44
270 31 31 14
271 97 41 8
271 69 22 77
271 39 17 15
271 5 52 21
271 78 13 62
271 92 59 48
271 17 19 97
271 50 31 273
271 85 46 31
271 120 7 12
271 28 55 282
272 98 41 18
272 37 31 55
272 101 13 172
272 5 55 21
272 42 28 42
272 75 1 94
272 77 11 32
272 14 59 33
272 15 7 187
272 114 37 231
272 63 43 23
273 96 29 39
273 73 49 88
273 42 3 42
273 109 25 49
273 114 7 231
273 117 21 25
273 120 17 2
273 92 31 48
273 29 58 197
274 33 15 73
274 67 43 184
274 45 37 95
274 113 31 56
274 18 52 7
274 50 19 297
274 82 17 60
274 86 3 57
274 120 11 2
274 94 7 14
274 95 13 13
275 34 13 6
275 103 39 410
275 75 55 71
275 17 17 87
275 82 19 60
275 116 46 68
275 85 52 31
275 52 7 205
275 58 34 122
275 95 1 13
276 68 15 89
276 100 3 160
276 41 22 3
276 14 1 34
276 82 53 60
276 84 41 33
276 86 25 57
276 87 49 35
276 56 27 109
276 28 31 282
276 62 43 329
277 34 46 6
277 100 7 160
277 41 27 10
277 11 13 165
277 45 49 75
277 80 37 89
277 119 58 66
277 58 55 57
278 32 23 69
278 98 19 18
278 70 59 82
278 76 7 249
278 45 45 95
278 46 43 4
278 78 1 62
278 116 55 24
278 26 25 45
278 92 17 48
279 97 13 8
279 35 47 76
279 68 9 89
279 36 33 99
279 15 43 187
279 81 29 5
279 51 55 98
279 119 22 82
279 26 52 45
279 63 37 37
280 67 55 184
280 35 4 112
280 40 10 377
280 8 43 78
280 45 49 95
280 81 27 5
280 82 34 60
280 118 19 101
280 22 29 30
280 87 31 35
281 64 58 145
281 2 31 340
281 100 1 254
281 75 13 94
281 13 25 149
281 81 21 5
281 51 23 98
281 86 11 57
281 120 9 12
281 26 40 45
281 63 52 23
282 32 57 69
282 66 43 148
282 68 13 89
282 69 15 88
282 39 33 15
282 74 27 346
282 83 40 19
282 22 25 30
282 86 21 57
282 58 4 157
282 30 7 232
283 101 55 172
283 9 31 40
283 75 40 71
283 19 13 189
283 117 43 25
283 118 49 101
283 55 7 52
283 56 52 109
283 25 4 169
283 59 22 113
283 93 33 44
284 32 7 69
284 66 31 70
284 73 1 88
284 108 28 34
284 13 19 62
284 114 37 111
284 84 25 33
284 92 35 48
284 63 10 23
285 64 4 123
285 67 10 173
285 4 40 29
285 75 34 71
285 83 7 19
285 85 25 31
285 28 49 85
285 61 13 63
286 97 35 8
286 66 55 96
286 8 49 79
286 105 31 41
286 11 37 165
286 75 22 94
286 18 43 41
286 120 3 12
286 93 5 72
286 95 17 13
287 32 5 69
287 66 37 96
287 69 15 77
287 7 25 135
287 9 13 40
287 42 19 42
287 109 21 49
287 48 1 301
287 115 55 68
287 24 49 10
288 2 49 195
288 101 37 92
288 38 1 335
288 10 25 83
288 110 10 115
288 17 53 5
288 81 13 5
288 19 19 51
288 25 7 106
289 33 27 73
289 36 45 99
289 4 52 29
289 7 37 135
289 76 55 199
289 81 11 5
289 22 47 30
289 56 7 133
289 120 5 12
289 61 49 63
290 98 25 18
290 70 35 402
290 7 1 135
290 8 27 79
290 9 23 40
290 76 31 249
290 118 10 101
290 87 19 35
290 28 43 85
290 93 16 44
291 1 37 1
291 66 25 70
291 37 13 55
291 105 4 41
291 74 31 13
291 10 19 83
291 11 7 165
291 110 16 115
291 27 10 61
291 93 1 44
292 32 59 69
292 35 35 117
292 46 17 16
292 83 45 19
292 20 41 9
292 85 25 42
292 22 43 30
292 19 49 51
292 26 28 45
292 28 7 282
293 100 19 254
293 11 25 165
293 108 46 34
293 77 29 22
293 110 52 115
293 19 1 189
293 116 16 68
293 85 7 31
293 56 55 108
293 58 34 57
294 96 23 39
294 32 33 69
294 36 37 99
294 70 41 82
294 106 19 397
294 42 35 42
294 15 1 114
294 84 17 33
294 27 58 61
294 61 39 63
295 65 23 267
295 34 25 6
295 35 52 112
295 70 29 82
295 14 17 17
295 17 40 87
295 82 57 60
295 88 49 24
295 30 1 159
296 32 25 69
296 65 21 267
296 112 40 12
296 81 9 5
296 87 43 35
296 120 11 12
296 89 5 176
296 28 1 85
296 61 46 63
296 63 13 37
297 2 55 322
297 66 25 148
297 37 49 55
297 73 19 91
297 27 13 61
297 18 46 7
297 82 9 60
297 85 4 31
297 25 34 153
297 91 1 78
298 96 51 17
298 103 45 410
298 8 37 78
298 74 55 13
298 10 31 84
298 44 7 38
298 110 19 115
298 82 43 19
299 33 3 73
299 2 37 322
299 37 55 63
299 9 58 40
299 107 22 46
299 108 28 216
299 80 49 118
299 20 7 9
299 85 43 31
299 27 9 64
299 92 47 48
300 67 58 173
300 4 31 29
300 68 35 80
300 74 21 90
300 81 17 5
300 82 28 60
300 114 1 111
300 117 19 25
300 27 25 61
300 29 46 42
Trạng thái nghiệm: 1
Điểm tối ưu: 3216
Thời gian: 1018.3366 giây
