2138
1 5 23 87
1 6 43 142
1 17 49 38
1 18 13 174
1 20 47 166
1 22 7 175
1 24 19 196
1 25 40 135
1 33 28 27
1 42 16 77
1 45 55 145
1 49 4 154
1 51 1 160
1 56 37 83
1 59 32 129
2 5 35 7
2 8 7 50
2 10 19 30
2 13 44 49
2 15 25 176
2 20 41 165
2 22 58 74
2 31 37 210
2 34 23 80
2 35 31 20
2 36 50 83
2 41 15 34
2 45 9 68
2 47 53 96
2 59 2 143
3 2 5 180
3 9 27 152
3 15 37 39
3 24 55 9
3 25 31 135
3 29 7 77
3 32 22 140
3 34 29 80
3 35 43 2
3 37 19 222
3 38 17 61
3 40 2 216
3 44 33 217
3 51 13 160
3 58 11 30
4 4 49 71
4 5 25 87
4 11 1 82
4 12 29 171
4 13 37 64
4 14 58 192
4 15 13 207
4 20 53 165
4 25 9 135
4 26 55 167
4 40 16 178
4 45 31 171
4 49 20 79
4 60 46 182
5 14 14 192
5 17 31 38
5 20 17 166
5 23 55 48
5 26 37 167
5 28 11 112
5 31 25 13
5 32 35 170
5 35 1 58
5 44 19 10
5 51 40 160
5 58 47 175
5 60 49 62
6 3 19 115
6 5 32 87
6 9 39 152
6 10 55 106
6 16 49 31
6 17 1 38
6 19 11 106
6 20 35 166
6 24 7 9
6 27 43 90
6 40 16 62
6 44 26 170
6 47 58 96
6 52 23 45
7 4 25 193
7 8 7 134
7 9 41 146
7 20 50 166
7 27 31 133
7 28 29 41
7 33 35 212
7 40 4 62
7 41 14 220
7 42 19 33
7 47 9 96
7 50 11 147
7 51 22 107
7 53 44 78
7 60 38 52
8 1 25 144
8 3 20 147
8 8 31 50
8 12 17 32
8 14 41 192
8 17 13 72
8 18 1 35
8 26 4 167
8 32 51 140
8 38 49 49
8 39 9 191
8 43 33 137
8 50 28 43
8 53 38 69
9 1 4 81
9 5 37 87
9 9 58 152
9 18 1 66
9 24 14 153
9 29 32 157
9 30 7 104
9 31 49 200
9 33 26 212
9 45 20 102
9 53 28 69
9 55 40 1
9 56 43 215
9 60 46 154
10 2 23 225
10 3 31 194
10 9 21 146
10 13 44 64
10 15 7 207
10 19 41 106
10 23 55 62
10 27 51 10
10 39 11 6
10 40 4 90
10 41 13 221
10 44 25 68
10 48 37 201
10 58 17 185
11 1 1 144
11 4 43 16
11 13 37 131
11 15 16 176
11 18 10 174
11 20 31 165
11 22 4 175
11 33 33 212
11 40 49 97
11 41 20 181
11 48 26 200
11 53 52 117
11 55 58 177
11 60 7 62
12 11 19 5
12 14 39 192
12 22 25 24
12 30 17 104
12 40 4 178
12 41 7 221
12 42 31 81
12 44 55 184
12 45 13 68
12 47 51 96
12 50 45 43
12 52 41 8
12 55 1 15
12 60 28 182
13 1 52 93
13 3 55 205
13 6 31 142
13 9 46 146
13 15 4 176
13 16 43 28
13 19 26 61
13 22 1 98
13 36 28 83
13 40 13 97
13 41 7 34
13 45 37 102
13 46 16 187
13 51 20 160
13 55 49 177
14 2 45 225
14 14 31 192
14 16 4 28
14 24 19 9
14 25 47 135
14 32 1 64
14 39 53 6
14 40 57 90
14 41 39 181
14 43 34 35
14 44 7 170
14 48 15 174
14 50 23 43
14 51 28 107
14 53 49 209
15 1 13 93
15 4 49 193
15 5 17 210
15 6 7 142
15 13 3 155
15 15 40 176
15 22 26 74
15 30 1 57
15 35 55 20
15 37 43 222
15 41 31 221
15 42 46 77
15 43 20 137
15 49 37 154
15 58 11 175
16 1 13 144
16 9 31 146
16 14 19 192
16 16 16 31
16 17 27 38
16 18 21 52
16 20 33 166
16 27 3 10
16 30 1 104
16 38 8 49
16 39 46 191
16 40 37 178
16 49 40 154
16 53 52 69
16 59 55 36
17 2 4 225
17 5 39 87
17 14 21 192
17 17 44 123
17 18 27 103
17 25 17 47
17 26 34 105
17 28 7 41
17 30 11 57
17 33 1 212
17 40 57 151
17 49 51 103
17 53 31 69
17 58 55 185
17 60 14 98
18 5 59 87
18 8 22 50
18 11 26 82
18 13 55 49
18 17 49 28
18 19 13 106
18 20 35 165
18 23 15 80
18 27 31 32
18 33 7 27
18 42 10 60
18 48 45 105
18 49 40 79
18 51 3 4
18 60 37 62
19 2 17 225
19 8 31 134
19 11 49 48
19 18 1 103
19 28 23 112
19 32 53 140
19 40 37 97
19 41 33 220
19 42 7 33
19 44 25 184
19 47 21 96
19 50 3 43
19 52 10 45
19 57 13 11
20 9 15 152
20 12 9 171
20 18 7 66
20 19 22 193
20 20 29 166
20 22 1 44
20 23 50 26
20 26 4 223
20 32 26 64
20 35 31 100
20 44 37 170
20 47 17 96
20 49 58 103
20 51 55 160
20 52 35 45
21 2 11 180
21 3 7 194
21 5 5 7
21 18 25 66
21 22 13 74
21 25 17 135
21 29 21 157
21 33 19 212
21 34 59 40
21 41 1 34
21 42 49 33
21 43 27 35
21 48 37 10
21 51 33 4
21 54 31 137
22 3 19 179
22 4 31 193
22 14 51 192
22 18 46 103
22 19 43 61
22 27 37 90
22 28 3 41
22 32 23 64
22 39 1 191
22 41 55 181
22 49 13 79
22 50 17 43
22 52 5 34
23 2 47 97
23 6 26 216
23 7 31 70
23 10 52 30
23 12 23 171
23 29 19 173
23 32 43 140
23 35 8 58
23 37 1 222
23 40 16 97
23 42 13 77
23 47 41 129
23 55 4 1
23 59 37 59
23 60 49 52
24 1 46 144
24 2 41 225
24 6 19 219
24 13 37 49
24 18 5 35
24 20 15 166
24 22 34 205
24 23 50 78
24 26 55 223
24 27 25 32
24 35 1 119
24 36 31 126
24 37 58 222
24 52 13 34
25 2 49 225
25 7 7 70
25 11 21 14
25 19 43 106
25 24 13 9
25 27 25 90
25 33 31 212
25 34 5 40
25 36 45 148
25 42 34 77
25 44 55 6
25 52 19 45
25 53 2 117
25 54 29 123
25 59 37 129
26 4 14 193
26 9 45 152
26 12 35 171
26 16 10 28
26 25 7 135
26 36 4 126
26 38 31 182
26 40 1 171
26 41 49 221
26 46 37 187
26 54 19 78
26 56 28 215
26 58 58 185
26 59 21 59
27 2 33 225
27 3 55 147
27 4 37 118
27 6 49 162
27 16 19 31
27 25 7 224
27 26 28 167
27 28 26 41
27 33 13 212
27 34 9 40
27 35 43 100
27 42 1 77
27 47 23 96
27 50 5 153
27 58 15 185
28 1 49 93
28 9 58 146
28 13 8 64
28 15 40 207
28 22 52 74
28 23 31 155
28 29 1 180
28 35 20 119
28 45 13 171
28 51 55 107
28 53 37 117
28 55 46 1
28 59 25 143
28 60 43 154
29 3 56 179
29 12 25 95
29 14 41 157
29 16 37 28
29 17 49 123
29 19 53 193
29 20 13 166
29 23 27 26
29 26 16 223
29 27 1 133
29 30 5 104
29 35 20 2
29 49 10 79
29 56 34 8
29 58 31 185
30 1 25 93
30 4 7 193
30 12 23 95
30 13 33 135
30 21 44 67
30 26 49 223
30 28 31 41
30 32 57 140
30 36 19 58
30 42 16 33
30 49 1 184
30 52 29 45
30 56 13 83
30 58 39 185
31 6 19 162
31 10 51 106
31 12 31 95
31 13 27 131
31 16 13 28
31 19 33 106
31 24 43 9
31 33 9 212
31 40 58 97
31 42 4 77
31 50 39 43
31 52 16 45
31 54 25 137
31 55 55 15
32 4 55 44
32 6 33 219
32 8 5 134
32 10 8 197
32 28 39 112
32 29 50 173
32 32 23 170
32 38 31 176
32 39 3 191
32 42 25 33
32 45 19 171
32 49 16 79
32 50 1 43
32 52 11 34
32 60 13 223
33 7 2 70
33 8 35 50
33 10 40 197
33 17 43 195
33 18 16 103
33 19 22 106
33 24 49 153
33 25 13 47
33 26 8 223
33 33 28 212
33 41 57 221
33 42 32 33
33 52 25 45
33 56 19 8
33 58 11 185
34 12 35 32
34 16 1 28
34 21 13 67
34 22 40 74
34 31 31 13
34 35 25 20
34 36 55 148
34 44 19 170
34 45 50 171
34 46 7 187
34 49 44 79
34 51 10 4
34 56 4 8
35 9 35 146
35 13 31 64
35 16 25 31
35 23 13 155
35 27 55 133
35 29 7 157
35 31 49 207
35 32 11 170
35 46 40 187
35 48 43 201
35 49 4 95
35 51 37 160
35 54 17 89
35 59 19 129
36 2 37 225
36 4 49 44
36 5 43 87
36 6 21 142
36 13 13 64
36 14 27 192
36 22 7 13
36 33 4 212
36 38 19 61
36 41 39 34
36 47 11 96
36 50 25 153
36 58 33 175
36 60 55 182
37 2 47 225
37 3 37 205
37 14 7 192
37 15 28 39
37 16 44 31
37 18 1 52
37 20 9 165
37 22 49 175
37 36 3 148
37 44 19 217
37 46 58 187
37 51 16 160
37 55 31 1
38 1 43 81
38 3 55 199
38 8 53 50
38 11 7 48
38 17 31 195
38 19 40 61
38 20 27 165
38 28 15 112
38 34 23 40
38 38 1 61
38 39 37 191
38 44 19 6
38 48 49 201
38 49 3 103
38 56 46 8
39 3 43 205
39 4 20 44
39 8 47 50
39 12 11 171
39 15 4 207
39 18 17 108
39 19 35 61
39 26 38 105
39 27 7 32
39 33 2 27
39 37 25 195
39 43 13 137
39 45 31 208
39 46 28 187
39 55 51 1
40 1 32 144
40 4 38 16
40 8 55 50
40 11 51 5
40 12 13 95
40 13 3 49
40 22 7 44
40 23 27 177
40 26 10 167
40 29 43 173
40 34 59 80
40 46 22 186
40 52 49 45
40 60 19 154
41 4 55 24
41 17 13 38
41 25 3 135
41 31 25 80
41 34 31 40
41 35 38 20
41 37 22 222
41 43 19 37
41 44 43 170
41 45 50 208
41 50 35 43
41 51 7 107
41 56 10 83
41 58 17 20
42 4 45 209
42 5 43 210
42 7 20 70
42 10 37 47
42 12 29 32
42 14 7 218
42 16 4 31
42 19 9 106
42 25 55 103
42 31 25 207
42 34 49 80
42 39 13 191
42 40 1 97
42 43 15 35
42 51 58 107
43 11 55 14
43 15 49 176
43 20 46 165
43 23 19 113
43 24 31 196
43 35 38 2
43 40 1 151
43 48 9 200
43 54 23 137
43 55 43 177
43 56 25 215
43 58 7 20
43 60 28 223
44 11 1 206
44 12 41 95
44 19 17 131
44 20 10 166
44 23 55 207
44 29 13 198
44 32 29 140
44 33 21 27
44 39 39 191
44 43 43 37
44 50 8 43
44 51 32 107
44 57 50 11
44 58 37 185
44 59 25 129
45 1 56 144
45 2 23 180
45 3 19 7
45 6 43 219
45 8 40 50
45 10 37 197
45 19 1 106
45 20 27 166
45 23 50 155
45 36 34 126
45 49 7 184
45 54 3 89
45 58 47 185
45 59 13 60
46 15 25 39
46 16 22 31
46 18 37 66
46 19 35 106
46 23 31 177
46 25 28 135
46 27 13 10
46 29 2 198
46 30 17 57
46 40 8 90
46 43 46 37
46 46 19 186
46 47 11 129
46 53 52 209
46 58 43 20
47 1 4 144
47 2 1 225
47 22 37 175
47 27 13 59
47 34 56 40
47 35 31 119
47 36 58 126
47 42 10 33
47 43 40 37
47 44 43 217
47 45 25 102
47 49 52 79
47 50 7 153
47 56 22 215
48 1 37 144
48 2 7 225
48 3 9 179
48 5 1 87
48 8 49 50
48 10 45 197
48 13 25 116
48 24 51 9
48 35 20 38
48 36 40 148
48 37 3 195
48 44 31 10
48 54 17 123
48 56 58 83
48 60 55 98
49 5 25 7
49 16 32 31
49 23 43 62
49 25 11 47
49 31 1 179
49 38 55 61
49 39 17 70
49 41 49 181
49 53 7 117
49 57 37 11
49 58 53 185
49 59 19 60
49 60 14 52
50 2 56 225
50 11 43 5
50 15 31 39
50 27 49 108
50 28 9 41
50 31 19 207
50 35 13 58
50 36 34 83
50 39 25 6
50 45 1 115
50 47 39 96
50 49 58 79
50 52 27 45
51 1 10 144
51 2 52 225
51 4 20 16
51 6 56 216
51 7 43 70
51 15 13 176
51 22 28 205
51 25 38 135
51 26 40 167
51 33 25 27
51 43 2 37
51 46 31 186
51 55 16 15
51 56 7 8
52 4 31 209
52 6 7 216
52 13 19 135
52 18 17 52
52 23 55 113
52 24 13 196
52 33 44 27
52 36 46 126
52 39 41 175
52 45 37 115
52 49 1 79
52 51 49 4
52 52 11 160
52 58 27 185
53 1 52 144
53 2 55 87
53 8 13 50
53 14 34 192
53 18 31 103
53 23 15 177
53 26 58 223
53 29 37 77
53 32 41 170
53 45 7 115
53 46 49 186
53 47 29 96
53 53 43 69
53 54 5 89
53 57 25 11
54 1 7 81
54 4 38 168
54 15 1 176
54 31 57 57
54 32 33 140
54 36 22 126
54 39 17 191
54 42 43 33
54 43 19 35
54 45 13 184
54 46 10 187
54 53 25 117
54 55 4 15
54 59 49 129
55 3 50 194
55 9 27 146
55 13 43 131
55 23 19 155
55 27 31 108
55 32 35 140
55 33 23 27
55 35 37 119
55 43 16 37
55 44 55 170
55 50 10 43
55 52 14 45
55 57 1 11
56 2 57 87
56 7 37 70
56 14 44 192
56 18 20 103
56 27 13 108
56 32 59 140
56 34 41 40
56 35 31 2
56 38 1 182
56 43 22 105
56 50 26 43
56 53 46 117
56 54 3 78
56 59 49 143
57 2 16 180
57 3 37 7
57 5 46 210
57 17 7 38
57 18 35 52
57 20 11 165
57 21 55 67
57 32 27 140
57 44 1 170
57 51 31 84
57 52 59 45
57 53 13 209
57 54 52 137
57 59 19 143
58 6 39 142
58 9 37 152
58 13 7 131
58 20 1 166
58 23 44 26
58 45 55 171
58 46 22 187
58 49 31 79
58 50 13 43
58 53 25 69
58 56 4 215
58 58 49 185
58 60 19 223
59 1 7 93
59 4 32 16
59 9 10 152
59 10 19 106
59 12 5 171
59 17 1 123
59 21 26 67
59 22 16 74
59 30 23 104
59 38 51 49
59 39 43 191
59 49 38 184
59 51 46 160
59 54 41 89
59 59 56 60
60 1 16 81
60 3 49 7
60 15 28 176
60 23 9 177
60 26 25 223
60 27 43 108
60 30 31 104
60 31 33 57
60 33 7 212
60 36 37 58
60 41 1 181
60 43 13 37
60 53 22 69
60 55 40 15
61 1 44 93
61 4 13 99
61 5 17 67
61 10 1 197
61 12 33 95
61 13 20 116
61 15 10 207
61 19 50 61
61 25 7 47
61 28 5 41
61 36 26 126
61 38 29 61
61 47 37 96
61 59 57 143
62 2 49 87
62 9 8 146
62 11 43 82
62 16 1 31
62 25 25 47
62 26 13 167
62 35 19 108
62 43 16 137
62 47 4 96
62 49 37 95
62 52 35 34
62 53 10 78
62 55 28 1
62 60 40 62
63 1 49 81
63 9 43 152
63 10 52 197
63 13 25 133
63 16 13 31
63 23 7 26
63 25 1 135
63 36 40 83
63 38 46 61
63 43 37 137
63 48 32 99
63 54 55 123
63 58 3 185
64 3 9 7
64 5 3 210
64 11 13 14
64 15 52 176
64 18 29 103
64 19 41 193
64 20 7 166
64 29 37 157
64 39 5 6
64 42 25 81
64 49 22 184
64 51 19 107
64 52 1 45
65 3 9 39
65 10 25 113
65 14 1 192
65 21 19 67
65 24 31 9
65 31 37 80
65 33 4 27
65 37 50 222
65 38 41 49
65 42 28 33
65 45 13 208
65 51 46 4
65 56 43 8
65 57 56 11
66 1 40 144
66 3 56 137
66 22 22 74
66 23 13 26
66 25 46 47
66 29 7 173
66 34 17 40
66 42 31 77
66 43 19 202
66 46 34 187
66 48 1 99
66 49 28 95
66 53 43 117
66 55 25 1
66 59 50 59
67 5 35 87
67 16 10 31
67 17 57 72
67 18 26 52
67 25 23 135
67 32 8 140
67 33 40 27
67 38 15 61
67 39 17 6
67 43 37 37
67 47 13 96
67 48 43 99
67 49 19 184
67 53 31 117
67 56 1 8
68 2 29 225
68 4 7 16
68 11 43 14
68 22 31 152
68 25 22 47
68 28 51 41
68 33 17 27
68 35 13 2
68 37 34 222
68 39 11 191
68 44 1 6
68 52 55 45
68 53 57 78
68 58 20 185
68 59 37 36
69 9 23 152
69 17 19 123
69 23 9 154
69 26 28 105
69 27 37 32
69 28 35 41
69 29 14 173
69 35 31 58
69 42 43 77
69 43 25 37
69 47 41 96
69 48 55 99
69 49 49 60
69 52 52 45
69 59 2 36
70 11 55 5
70 13 31 131
70 14 43 157
70 18 41 52
70 20 4 166
70 22 13 44
70 23 19 26
70 26 16 105
70 38 53 20
70 39 7 191
70 42 1 33
70 47 35 96
70 53 10 69
70 58 28 175
71 1 1 81
71 5 23 67
71 11 13 5
71 17 50 72
71 18 31 52
71 20 39 166
71 22 4 44
71 27 9 133
71 35 26 108
71 36 43 126
71 41 19 221
71 43 46 202
71 46 57 186
71 49 34 79
72 3 31 147
72 4 39 99
72 12 52 95
72 16 28 28
72 18 23 52
72 22 10 74
72 32 47 140
72 34 37 40
72 41 55 220
72 45 1 102
72 47 19 96
72 53 43 151
72 56 25 83
72 59 13 36
73 1 49 144
73 2 43 225
73 6 25 219
73 7 13 70
73 22 10 13
73 23 31 78
73 26 19 105
73 31 37 100
73 39 52 191
73 44 1 149
73 51 46 107
73 52 5 45
73 60 22 62
74 2 11 225
74 5 1 210
74 13 19 64
74 15 34 39
74 17 39 123
74 20 17 165
74 22 7 74
74 23 3 177
74 26 31 167
74 28 23 41
74 36 43 58
74 43 46 137
74 47 15 96
74 48 25 201
74 53 56 117
75 12 2 95
75 20 15 165
75 25 9 47
75 27 19 133
75 33 33 27
75 38 57 61
75 44 45 13
75 46 52 187
75 47 7 96
75 49 4 184
75 53 25 78
75 54 37 123
75 55 49 15
75 58 43 185
75 60 39 223
76 3 19 39
76 8 25 50
76 11 49 82
76 16 55 28
76 18 37 103
76 29 31 173
76 32 2 140
76 36 40 58
76 37 46 222
76 38 27 49
76 42 13 33
76 49 43 103
76 54 5 123
76 56 10 8
77 1 4 93
77 2 21 225
77 6 37 219
77 16 34 28
77 20 25 166
77 22 52 13
77 31 43 183
77 38 59 176
77 39 23 6
77 40 7 151
77 44 13 6
77 49 27 79
77 50 56 43
77 54 10 89
78 6 55 162
78 10 40 47
78 18 7 103
78 19 31 61
78 21 2 67
78 31 33 179
78 33 23 212
78 36 16 83
78 38 21 61
78 45 25 171
78 48 49 99
78 54 13 89
78 55 9 15
79 2 17 87
79 5 29 7
79 10 31 197
79 15 7 176
79 18 49 103
79 19 37 106
79 25 4 47
79 28 44 41
79 36 40 126
79 38 34 49
79 41 25 221
79 44 13 170
79 49 22 103
79 50 51 43
79 60 10 182
80 5 35 210
80 14 25 192
80 15 43 39
80 16 28 31
80 19 3 106
80 20 7 165
80 22 19 74
80 28 1 112
80 31 9 80
80 44 31 149
80 45 55 37
80 46 46 187
80 49 39 103
80 55 13 15
81 3 44 147
81 11 2 14
81 12 11 32
81 23 37 113
81 25 26 135
81 29 55 77
81 34 7 80
81 46 49 187
81 47 23 129
81 48 15 75
81 50 20 43
81 52 31 45
81 53 34 117
81 58 13 175
82 1 10 81
82 3 1 39
82 6 50 219
82 8 29 134
82 9 23 146
82 16 7 31
82 19 31 106
82 29 25 173
82 31 19 80
82 45 45 171
82 46 40 186
82 49 13 103
82 50 5 147
82 53 16 117
83 3 44 194
83 5 53 87
83 6 8 219
83 9 25 152
83 13 14 49
83 15 58 39
83 18 28 52
83 19 23 61
83 21 31 67
83 26 1 223
83 32 20 140
83 36 37 126
83 39 50 191
83 47 40 39
84 5 13 87
84 6 43 125
84 14 4 192
84 17 25 72
84 20 37 165
84 29 21 77
84 35 9 20
84 38 33 61
84 42 56 33
84 50 59 43
84 53 16 69
84 54 7 137
84 56 1 215
84 60 39 182
85 5 35 67
85 8 16 50
85 18 11 103
85 19 59 61
85 20 39 165
85 23 44 155
85 24 7 30
85 25 2 47
85 31 20 210
85 42 28 81
85 44 31 184
85 45 55 68
85 49 49 95
85 51 13 107
86 1 1 93
86 3 9 205
86 6 14 216
86 15 46 207
86 18 59 52
86 19 4 193
86 20 21 166
86 22 25 175
86 26 34 167
86 28 7 112
86 30 19 104
86 40 31 62
86 51 37 107
86 56 28 8
86 58 51 185
87 3 1 7
87 5 28 87
87 10 58 47
87 11 32 48
87 12 16 95
87 17 44 38
87 20 19 165
87 23 21 177
87 30 41 104
87 32 25 140
87 45 7 208
87 48 49 18
87 53 55 69
87 54 38 89
87 56 13 215
88 1 52 81
88 8 43 50
88 13 19 49
88 14 5 218
88 15 33 207
88 16 37 31
88 24 1 196
88 26 49 167
88 29 27 198
88 33 45 212
88 38 25 49
88 39 41 191
88 53 13 117
88 59 7 143
89 5 5 87
89 8 10 50
89 12 39 171
89 14 29 192
89 18 33 52
89 27 49 90
89 29 25 77
89 38 59 49
89 43 43 137
89 47 56 96
89 52 21 45
89 53 16 209
89 55 46 177
89 56 7 215
89 60 1 62
90 6 43 162
90 14 27 218
90 19 19 193
90 20 13 165
90 25 5 135
90 29 49 198
90 31 31 210
90 36 7 83
90 41 21 34
90 42 37 33
90 45 55 102
90 46 15 186
90 49 10 184
90 51 2 107
90 54 25 89
91 3 25 147
91 14 37 192
91 20 29 165
91 22 1 175
91 26 4 105
91 29 49 77
91 31 39 179
91 32 16 140
91 39 35 6
91 41 43 181
91 45 19 95
91 54 53 123
91 57 8 11
91 58 33 185
92 3 7 147
92 8 16 134
92 14 49 192
92 31 55 80
92 33 11 27
92 36 51 126
92 39 5 191
92 40 19 97
92 49 37 79
92 51 43 107
92 52 47 45
92 53 40 117
92 54 23 123
92 57 32 11
93 6 50 142
93 14 17 201
93 15 19 176
93 17 43 72
93 19 1 131
93 24 25 9
93 27 55 10
93 28 9 112
93 30 15 104
93 31 37 13
93 34 29 40
93 41 31 34
93 49 4 79
93 56 22 118
94 19 1 193
94 22 21 175
94 23 3 113
94 25 59 135
94 27 7 10
94 34 35 40
94 41 25 181
94 42 40 81
94 44 31 170
94 45 14 145
94 49 55 95
94 50 43 43
94 60 52 62
95 10 19 197
95 14 11 192
95 15 56 176
95 21 7 67
95 23 38 177
95 24 1 153
95 28 53 112
95 33 16 212
95 34 13 40
95 35 49 119
95 44 31 6
95 48 26 99
95 53 22 151
95 56 46 215
96 6 13 142
96 18 7 174
96 38 47 176
96 40 10 178
96 43 50 37
96 44 27 18
96 48 2 201
96 50 53 43
96 53 58 209
96 55 34 1
96 56 31 215
96 58 25 185
96 59 43 60
96 60 19 62
97 1 22 81
97 3 37 147
97 4 1 16
97 5 7 87
97 12 35 95
97 13 31 116
97 31 49 210
97 34 27 40
97 38 53 61
97 43 10 137
97 45 44 208
97 48 55 200
97 50 15 43
97 58 5 30
98 4 55 16
98 7 50 70
98 9 11 146
98 12 37 171
98 23 2 26
98 27 39 108
98 28 43 112
98 31 13 13
98 37 28 195
98 40 25 167
98 41 7 181
98 50 59 147
98 55 22 15
98 56 19 215
98 60 34 223
99 1 16 144
99 5 23 7
99 11 37 14
99 13 7 116
99 14 2 218
99 17 55 195
99 20 31 166
99 21 50 67
99 28 13 112
99 29 25 157
99 32 11 140
99 33 21 212
99 46 43 187
99 48 33 201
99 58 29 185
100 2 9 225
100 4 37 193
100 13 26 155
100 24 49 196
100 26 16 167
100 34 13 80
100 45 2 208
100 46 19 187
100 49 33 103
100 50 31 43
100 54 41 78
100 55 57 1
100 58 44 175
100 60 46 52
101 8 13 134
101 9 4 152
101 10 16 106
101 12 23 32
101 16 52 31
101 17 19 28
101 19 7 61
101 23 55 26
101 30 33 104
101 34 43 40
101 37 9 222
101 39 25 191
101 40 1 90
102 3 37 194
102 5 41 210
102 8 26 134
102 9 29 146
102 13 3 131
102 17 49 195
102 25 14 135
102 27 55 32
102 29 31 198
102 32 45 140
102 43 7 37
102 51 10 107
102 54 1 89
102 56 16 215
102 60 19 182
103 11 37 82
103 14 53 192
103 15 16 207
103 18 25 103
103 22 19 152
103 26 44 167
103 29 1 173
103 31 56 210
103 39 33 191
103 49 7 79
103 51 50 160
103 52 23 160
103 53 10 117
103 59 27 59
104 3 43 7
104 8 22 134
104 10 49 197
104 11 7 14
104 12 5 32
104 14 47 192
104 17 13 195
104 25 53 135
104 34 33 40
104 40 1 178
104 41 25 220
104 42 19 81
104 44 37 217
104 53 58 114
104 56 55 8
105 1 22 144
105 2 19 225
105 3 14 147
105 14 11 218
105 15 44 176
105 16 40 28
105 19 29 193
105 22 55 74
105 26 1 105
105 28 4 112
105 35 49 20
105 39 35 175
105 51 32 160
105 52 53 160
105 59 7 59
106 1 31 93
106 2 29 143
106 3 25 194
106 9 19 146
106 11 14 48
106 12 7 171
106 15 43 207
106 20 23 165
106 28 1 41
106 32 4 140
106 34 51 80
106 36 10 126
106 37 39 222
106 51 57 4
106 60 34 182
107 2 47 87
107 6 19 216
107 11 26 14
107 13 49 116
107 15 10 176
107 17 13 123
107 22 34 44
107 24 38 196
107 35 55 2
107 36 7 126
107 44 43 6
107 56 31 8
107 59 1 129
108 1 19 144
108 2 26 225
108 4 13 16
108 5 31 7
108 9 34 152
108 14 41 201
108 17 9 72
108 18 7 52
108 19 5 106
108 23 1 48
108 31 49 183
108 42 37 81
108 50 29 147
108 51 43 4
108 58 22 185
109 2 51 87
109 5 29 210
109 6 25 142
109 14 56 192
109 17 31 123
109 20 53 166
109 22 16 175
109 25 35 47
109 34 2 40
109 36 19 83
109 41 43 221
109 46 13 187
109 55 37 1
109 59 7 129
110 6 57 142
110 9 29 152
110 16 16 28
110 17 25 123
110 19 10 61
110 28 21 41
110 33 13 27
110 36 49 148
110 43 40 137
110 45 31 102
110 46 37 186
110 52 53 34
110 53 7 69
111 6 55 219
111 9 51 152
111 10 4 197
111 15 46 39
111 22 37 74
111 25 44 135
111 26 22 167
111 32 40 140
111 37 25 222
111 39 20 191
111 44 7 6
111 45 15 102
111 56 1 75
111 60 34 62
112 2 31 225
112 3 1 147
112 8 59 50
112 23 21 78
112 24 25 196
112 28 19 41
112 29 15 157
112 30 13 104
112 36 46 83
112 41 37 221
112 43 49 137
112 48 8 201
112 52 44 45
112 58 5 20
112 59 55 59
113 1 28 144
113 3 1 183
113 8 37 50
113 11 39 5
113 13 55 31
113 14 23 192
113 28 35 112
113 30 9 104
113 32 5 170
113 34 15 40
113 45 19 208
113 56 25 8
113 58 45 185
113 59 31 143
113 60 52 223
114 4 27 44
114 5 9 87
114 6 37 216
114 10 14 197
114 13 1 116
114 26 19 167
114 30 57 104
114 31 43 179
114 32 55 140
114 34 34 80
114 44 49 6
114 55 31 15
114 56 22 8
115 4 51 16
115 6 43 216
115 8 33 50
115 9 1 152
115 10 22 30
115 21 39 67
115 22 3 74
115 30 11 104
115 34 20 40
115 35 13 119
115 46 55 187
115 53 58 69
115 58 9 185
115 59 26 60
116 6 31 216
116 12 59 171
116 15 37 207
116 30 9 57
116 33 19 27
116 34 50 40
116 36 16 126
116 41 43 220
116 44 27 6
116 45 55 52
116 50 47 43
116 51 40 107
116 53 4 69
116 55 1 1
117 11 55 65
117 17 37 195
117 20 23 166
117 32 14 140
117 35 1 20
117 39 59 6
117 40 33 97
117 48 19 201
117 49 49 79
117 51 52 107
117 55 8 1
117 56 16 8
117 59 25 36
117 60 43 52
118 3 55 7
118 5 41 87
118 9 17 152
118 11 32 82
118 12 8 95
118 13 49 135
118 18 10 52
118 24 1 9
118 32 37 140
118 44 44 184
118 48 13 201
118 51 19 4
118 53 25 151
118 54 22 89
118 60 28 154
119 1 34 81
119 2 5 97
119 11 19 82
119 13 49 64
119 19 11 193
119 24 56 196
119 27 1 32
119 29 39 173
119 34 31 80
119 39 23 191
119 42 46 33
119 46 43 186
119 50 37 43
119 53 28 117
119 59 14 129
120 2 13 225
120 3 15 39
120 5 3 87
120 7 55 70
120 9 41 152
120 12 10 95
120 13 19 131
120 16 25 28
120 27 49 32
120 33 46 27
120 34 44 80
120 38 38 61
120 43 28 37
120 50 33 43
120 52 35 160
121 3 14 7
121 13 55 131
121 19 59 131
121 20 21 165
121 22 49 74
121 24 37 9
121 30 7 57
121 34 25 40
121 35 45 20
121 36 9 148
121 39 35 191
121 43 2 137
121 45 31 68
121 50 5 43
121 60 27 62
122 1 7 144
122 3 19 194
122 8 4 50
122 35 25 2
122 38 53 49
122 39 58 191
122 41 14 181
122 42 10 98
122 45 49 184
122 47 33 96
122 48 44 10
122 56 55 215
122 59 37 143
123 3 19 205
123 14 23 201
123 20 44 165
123 23 7 155
123 30 3 104
123 33 11 212
123 34 39 40
123 41 25 34
123 44 55 13
123 46 52 186
123 51 49 107
123 54 1 78
123 58 5 185
123 60 13 62
124 2 15 225
124 10 56 197
124 14 9 192
124 23 25 48
124 27 43 32
124 28 13 41
124 29 19 198
124 30 23 57
124 31 51 179
124 34 11 40
124 36 31 83
124 38 29 49
124 41 2 221
124 53 38 209
124 54 7 123
125 9 5 146
125 10 25 106
125 13 57 64
125 18 28 174
125 20 41 166
125 27 31 59
125 28 15 41
125 33 47 212
125 34 7 40
125 41 20 220
125 43 10 37
125 45 37 208
125 52 17 198
125 57 43 11
125 59 1 60
126 3 13 194
126 8 28 50
126 19 35 193
126 23 49 113
126 25 5 224
126 34 53 80
126 35 8 2
126 41 37 220
126 47 31 96
126 51 25 107
126 52 3 45
126 53 46 69
126 55 43 1
126 57 20 11
127 6 51 216
127 13 55 135
127 15 37 176
127 17 20 195
127 19 5 61
127 40 7 178
127 43 28 137
127 46 25 187
127 52 59 160
127 53 13 69
127 54 35 123
127 56 2 83
127 60 43 223
128 5 5 210
128 9 13 152
128 13 55 116
128 15 33 176
128 23 37 48
128 26 7 167
128 38 31 49
128 44 49 170
128 46 46 186
128 48 19 99
128 53 1 69
128 55 25 15
128 56 10 215
128 59 15 143
129 3 1 194
129 6 39 162
129 9 53 152
129 10 22 197
129 20 37 166
129 31 25 100
129 33 31 27
129 36 15 148
129 38 13 61
129 39 56 191
129 50 49 43
129 51 8 160
129 52 33 45
129 55 19 15
129 60 43 182
130 3 13 205
130 5 47 7
130 7 25 70
130 9 52 146
130 11 43 48
130 13 55 149
130 14 17 218
130 19 3 61
130 22 32 74
130 31 7 210
130 33 35 27
130 54 19 89
130 55 22 1
130 56 38 8
131 5 20 87
131 9 56 152
131 10 45 106
131 12 43 171
131 18 4 52
131 27 50 133
131 28 17 41
131 37 14 222
131 38 11 49
131 40 1 167
131 43 32 37
131 52 8 45
131 56 22 83
131 58 58 175
131 59 37 60
132 2 59 225
132 4 43 44
132 5 11 210
132 6 13 219
132 9 17 146
132 18 23 66
132 27 19 90
132 30 26 104
132 31 31 183
132 41 7 220
132 44 37 6
132 45 55 208
132 46 1 187
132 56 50 8
132 60 4 182
133 16 40 31
133 17 9 123
133 22 49 13
133 28 21 112
133 30 13 57
133 32 31 140
133 34 46 80
133 36 55 126
133 38 1 49
133 41 3 220
133 42 52 33
133 47 44 96
133 49 58 95
133 51 27 4
133 55 16 1
134 1 43 144
134 9 47 152
134 13 39 116
134 17 57 123
134 22 52 175
134 25 11 135
134 26 31 105
134 27 13 32
134 28 19 112
134 32 49 140
134 35 25 58
134 37 8 195
134 43 22 35
134 53 34 69
135 4 8 209
135 8 45 50
135 14 29 201
135 16 58 28
135 19 43 193
135 30 21 104
135 31 1 80
135 32 17 64
135 37 55 222
135 38 19 178
135 46 31 187
135 50 35 147
135 52 38 45
135 54 5 137
135 58 13 30
136 2 11 143
136 3 50 147
136 4 25 209
136 10 16 113
136 13 55 155
136 17 37 38
136 28 29 112
136 31 1 13
136 39 31 191
136 40 34 151
136 42 22 29
136 45 44 95
136 48 7 105
136 53 19 69
136 58 13 185
137 2 15 87
137 8 1 50
137 22 31 44
137 24 9 153
137 28 17 112
137 35 3 2
137 36 19 126
137 38 22 176
137 39 47 6
137 51 25 160
137 52 53 8
137 58 7 185
137 59 43 129
138 2 23 143
138 5 11 87
138 8 20 134
138 11 56 82
138 18 53 52
138 20 1 165
138 22 44 74
138 35 13 20
138 37 31 222
138 45 7 102
138 47 27 96
138 48 49 105
138 51 4 160
138 52 40 45
139 2 39 225
139 6 1 219
139 9 25 146
139 11 7 82
139 14 17 192
139 19 58 106
139 27 13 90
139 33 37 27
139 38 23 49
139 39 31 175
139 46 34 186
139 53 20 117
139 55 55 177
139 58 41 185
139 59 50 36
140 8 11 134
140 10 28 197
140 11 49 14
140 12 17 171
140 24 43 196
140 26 22 223
140 30 19 57
140 36 1 126
140 40 8 97
140 46 4 187
140 48 55 201
140 56 13 8
140 59 31 60
140 60 25 182
141 1 10 93
141 4 25 16
141 11 1 5
141 19 7 106
141 23 39 26
141 26 31 223
141 36 13 126
141 42 22 33
141 45 51 102
141 51 16 107
141 55 19 1
141 59 55 129
141 60 46 223
142 5 45 87
142 8 35 134
142 9 49 152
142 11 31 5
142 22 25 205
142 26 58 167
142 31 13 210
142 39 41 6
142 46 3 186
142 47 47 96
142 51 28 160
142 58 1 185
142 60 10 62
143 2 11 97
143 3 1 205
143 10 28 106
143 11 31 14
143 13 43 116
143 15 7 98
143 23 19 48
143 41 50 220
143 42 13 81
143 47 25 96
143 49 16 154
143 50 39 153
143 52 57 45
143 54 5 78
144 1 21 93
144 8 41 134
144 13 14 116
144 20 19 166
144 23 7 113
144 27 31 90
144 29 1 157
144 31 25 210
144 42 46 81
144 43 56 105
144 44 37 71
144 47 5 129
144 51 43 160
144 52 29 34
144 56 49 215
145 4 57 193
145 5 53 210
145 9 1 146
145 10 25 197
145 14 13 218
145 16 7 28
145 17 37 72
145 20 4 165
145 22 10 44
145 27 19 32
145 33 15 27
145 34 46 40
145 39 28 191
145 53 49 117
145 56 43 83
146 5 41 7
146 8 20 50
146 9 43 146
146 10 34 197
146 11 8 5
146 13 37 155
146 17 56 38
146 28 32 112
146 34 5 80
146 40 52 167
146 45 25 208
146 47 49 96
146 48 1 174
146 55 13 1
146 59 45 143
147 2 29 180
147 6 25 162
147 8 2 134
147 9 7 152
147 11 21 132
147 18 19 52
147 20 49 165
147 29 56 173
147 34 52 40
147 41 31 181
147 42 4 33
147 48 9 99
147 60 14 182
148 1 16 93
148 2 35 225
148 4 45 193
148 15 1 207
148 18 9 103
148 23 31 26
148 27 25 10
148 29 49 157
148 30 4 57
148 31 19 13
148 36 55 83
148 42 40 33
148 43 13 202
149 3 55 194
149 11 13 82
149 13 3 64
149 16 31 28
149 24 37 4
149 31 25 179
149 35 20 20
149 45 45 102
149 46 9 186
149 47 1 96
149 51 52 4
149 53 49 69
149 54 7 78
149 58 35 185
150 4 37 44
150 6 1 142
150 12 5 127
150 17 31 72
150 20 25 165
150 24 7 196
150 28 46 112
150 32 35 64
150 35 50 2
150 39 15 191
150 42 55 81
150 43 22 37
150 46 27 186
150 50 41 43
150 56 58 8
Điểm tối ưu/tốt nhất tìm được: 2138
Thời gian: 360.037752 giây
Trạng thái: VALID
