1123
1 1 25 105
1 5 46 57
1 6 3 31
1 9 19 48
1 10 33 13
1 14 35 88
1 16 13 87
1 20 7 85
1 23 22 106
1 24 10 119
1 26 1 39
1 27 15 109
1 29 28 79
2 1 28 74
2 8 1 120
2 9 49 58
2 11 20 73
2 12 22 51
2 13 13 72
2 14 55 88
2 17 35 115
2 18 25 29
2 19 57 11
2 22 45 3
2 23 16 106
2 29 31 79
2 32 7 40
3 2 50 78
3 8 3 114
3 10 19 52
3 11 35 73
3 17 17 115
3 18 55 65
3 19 13 33
3 21 32 70
3 27 27 109
3 28 37 80
3 29 43 79
3 31 1 7
3 32 7 96
4 2 39 19
4 6 22 90
4 11 46 68
4 12 19 45
4 13 10 4
4 19 55 33
4 22 59 3
4 24 37 30
4 26 25 97
4 27 15 112
4 29 1 12
4 30 4 102
4 31 7 7
4 32 49 40
5 3 4 71
5 10 16 52
5 13 10 72
5 16 59 103
5 18 1 65
5 19 25 71
5 20 55 85
5 21 13 70
5 22 29 63
5 23 40 101
5 24 7 119
5 25 23 76
5 28 19 118
6 1 7 81
6 3 47 63
6 5 25 9
6 10 21 13
6 12 10 92
6 16 15 103
6 18 37 36
6 21 3 21
6 22 49 3
6 23 32 106
6 25 29 29
6 26 23 111
6 28 43 49
6 31 1 66
7 2 1 19
7 3 22 32
7 5 4 9
7 8 50 120
7 16 7 87
7 18 19 29
7 21 58 70
7 25 9 76
7 26 11 39
7 27 13 109
7 29 16 27
7 30 56 102
7 31 37 66
8 3 32 63
8 6 41 67
8 8 25 120
8 10 43 13
8 11 50 73
8 12 34 107
8 14 19 88
8 15 1 104
8 16 13 103
8 19 37 33
8 23 58 101
8 24 15 30
8 29 7 27
8 31 17 66
9 1 22 74
9 2 4 78
9 4 13 62
9 7 57 59
9 9 28 53
9 10 1 13
9 12 43 107
9 13 19 4
9 16 41 103
9 17 49 66
9 21 37 21
9 22 25 63
9 23 10 106
9 26 7 97
9 29 32 119
10 1 19 74
10 2 22 78
10 3 5 57
10 5 55 57
10 7 44 59
10 10 17 13
10 11 3 20
10 14 29 88
10 17 33 115
10 18 10 65
10 22 47 3
10 24 1 30
10 30 15 23
10 31 13 66
11 1 25 74
11 3 23 63
11 5 49 57
11 6 5 89
11 9 2 48
11 15 45 104
11 16 15 87
11 17 57 66
11 18 52 65
11 21 34 21
11 24 21 30
11 26 7 39
11 29 40 27
11 30 13 102
11 31 17 7
12 3 32 32
12 5 58 57
12 9 55 58
12 10 9 13
12 11 38 73
12 12 4 45
12 13 49 72
12 18 19 65
12 21 1 70
12 22 7 3
12 23 16 101
12 26 13 97
12 27 23 75
12 30 52 102
13 3 17 32
13 4 7 62
13 5 31 9
13 6 11 25
13 11 55 73
13 12 57 45
13 13 52 4
13 16 3 103
13 22 43 3
13 23 13 106
13 25 5 29
13 27 1 75
13 28 25 80
13 31 39 66
14 2 55 78
14 3 49 63
14 6 43 67
14 8 31 38
14 15 9 100
14 19 20 71
14 20 13 85
14 21 4 70
14 22 16 63
14 23 37 101
14 24 40 30
14 28 25 49
14 29 46 27
14 30 7 102
14 31 35 66
15 5 28 9
15 7 23 24
15 10 46 52
15 12 58 107
15 13 43 72
15 15 49 104
15 16 21 103
15 17 31 115
15 18 33 36
15 20 38 85
15 23 55 101
15 24 13 30
15 28 1 14
15 31 9 7
16 1 28 105
16 6 39 67
16 9 7 48
16 10 14 52
16 12 10 108
16 13 16 72
16 15 1 37
16 18 32 65
16 19 20 55
16 20 25 85
16 22 35 3
16 28 43 80
16 29 49 27
17 2 28 78
17 4 20 62
17 5 43 9
17 6 37 90
17 8 13 120
17 9 34 48
17 13 7 4
17 16 25 103
17 20 10 85
17 21 52 21
17 24 2 119
17 25 31 76
17 27 56 75
17 28 39 118
17 30 50 102
18 1 43 81
18 2 52 19
18 5 37 57
18 13 46 72
18 15 7 61
18 18 58 36
18 19 31 55
18 20 1 85
18 21 13 21
18 22 11 3
18 25 17 76
18 28 19 49
18 29 4 27
18 30 40 102
19 1 20 105
19 11 17 73
19 12 10 45
19 13 46 4
19 14 43 88
19 16 1 87
19 21 40 21
19 22 55 45
19 23 7 101
19 24 27 30
19 26 34 97
19 27 3 109
19 30 13 23
19 31 15 66
20 3 53 71
20 5 10 9
20 6 1 67
20 8 13 38
20 11 22 68
20 12 7 1
20 13 3 95
20 14 31 88
20 15 56 37
20 16 29 103
20 18 37 65
20 19 25 11
20 23 19 106
20 24 17 30
20 26 33 111
21 5 43 57
21 6 37 67
21 9 13 53
21 10 3 52
21 14 39 88
21 16 9 87
21 19 49 33
21 21 25 21
21 22 21 3
21 24 16 119
21 26 19 97
21 28 31 118
21 30 23 102
21 31 11 36
22 1 3 93
22 2 31 78
22 4 25 62
22 5 34 9
22 6 11 46
22 8 7 120
22 11 41 73
22 13 14 95
22 16 39 103
22 20 52 85
22 21 46 70
22 25 1 76
22 26 17 97
22 29 56 27
22 30 21 102
23 5 13 9
23 6 32 67
23 8 43 120
23 11 25 73
23 12 34 45
23 13 37 4
23 14 21 88
23 18 28 36
23 19 1 33
23 21 49 70
23 22 59 88
23 24 5 119
23 25 41 76
23 27 10 75
23 29 52 119
24 1 37 105
24 2 49 19
24 11 7 68
24 12 55 107
24 17 26 115
24 21 19 21
24 22 28 3
24 23 4 69
24 25 58 76
24 26 9 97
24 27 17 112
24 30 1 23
24 32 13 96
25 1 1 81
25 5 52 57
25 9 19 53
25 10 10 52
25 11 33 73
25 12 16 107
25 14 50 88
25 15 25 104
25 17 59 66
25 18 7 65
25 19 55 68
25 26 5 39
25 28 37 49
25 31 22 66
26 3 13 71
26 5 1 9
26 6 55 67
26 9 43 53
26 11 53 68
26 12 31 45
26 13 26 4
26 20 34 85
26 21 22 70
26 23 49 101
26 25 7 76
26 27 11 109
26 30 5 23
27 2 25 78
27 3 13 63
27 5 19 57
27 7 10 59
27 8 37 75
27 11 31 73
27 12 49 107
27 17 8 115
27 20 22 85
27 24 34 30
27 25 15 76
27 27 28 75
27 28 55 80
27 29 1 79
27 30 46 23
28 1 28 81
28 3 1 32
28 8 38 38
28 9 49 53
28 10 21 52
28 12 25 1
28 15 44 37
28 21 7 21
28 23 52 101
28 24 56 30
28 25 3 29
28 26 31 111
28 29 10 27
28 31 15 36
29 2 16 19
29 3 57 71
29 9 25 53
29 10 41 52
29 11 28 73
29 12 52 45
29 15 20 100
29 16 55 103
29 18 13 65
29 19 37 55
29 25 34 76
29 26 31 39
29 27 5 75
29 30 9 102
29 32 1 96
30 1 13 105
30 2 46 19
30 5 52 9
30 6 25 67
30 7 7 59
30 9 4 58
30 13 1 72
30 15 38 37
30 16 32 103
30 23 22 101
30 26 17 39
30 27 9 112
30 28 27 118
31 3 5 32
31 5 2 57
31 8 19 38
31 9 7 53
31 11 10 73
31 12 28 107
31 15 51 61
31 17 39 115
31 18 25 65
31 20 58 85
31 22 17 3
31 29 31 27
31 30 15 102
31 31 13 36
32 1 10 93
32 5 22 9
32 7 1 24
32 8 37 120
32 9 32 53
32 13 16 4
32 14 25 88
32 18 43 36
32 22 13 3
32 23 46 101
32 24 58 30
32 25 27 76
32 28 3 118
32 31 20 66
33 2 19 19
33 3 49 71
33 6 1 31
33 10 51 52
33 11 22 20
33 15 13 104
33 16 35 103
33 18 43 65
33 19 31 71
33 21 10 21
33 23 4 106
33 26 41 111
33 29 7 12
33 32 25 96
34 1 50 81
34 8 55 120
34 9 37 58
34 14 46 88
34 15 31 100
34 16 27 103
34 18 13 29
34 20 16 85
34 21 40 70
34 22 9 3
34 24 4 30
34 30 2 102
34 31 23 36
34 32 19 40
35 2 40 78
35 3 38 63
35 6 11 67
35 8 19 114
35 9 13 48
35 10 23 52
35 11 4 73
35 12 16 45
35 13 55 72
35 15 7 104
35 19 31 11
35 20 43 85
35 21 1 90
35 27 25 75
35 28 49 118
36 2 16 78
36 4 43 62
36 5 7 57
36 7 13 59
36 8 25 5
36 11 10 20
36 14 37 88
36 15 21 61
36 20 49 85
36 22 5 3
36 23 39 106
36 25 19 76
36 28 1 49
36 29 58 79
36 32 32 96
37 7 28 24
37 12 49 45
37 13 40 72
37 14 15 88
37 15 33 104
37 16 23 103
37 19 7 11
37 25 25 76
37 26 13 111
37 28 1 80
37 30 58 102
37 31 11 7
38 1 4 81
38 2 58 78
38 3 43 63
38 8 15 114
38 10 34 52
38 11 7 13
38 13 55 4
38 17 52 115
38 18 19 36
38 19 25 55
38 20 31 85
38 22 23 3
38 26 11 97
38 27 1 109
38 30 9 23
39 1 4 105
39 5 40 57
39 9 7 58
39 11 1 73
39 12 31 107
39 13 22 4
39 17 19 115
39 18 46 65
39 19 13 11
39 21 52 70
39 25 29 76
39 29 55 79
39 30 11 102
39 32 25 40
40 1 38 81
40 3 8 32
40 6 5 31
40 7 3 24
40 10 29 13
40 12 22 107
40 16 10 103
40 17 15 115
40 18 55 36
40 19 25 68
40 20 19 85
40 23 49 106
40 24 53 30
40 27 33 75
41 3 37 107
41 5 25 57
41 6 15 67
41 7 13 24
41 10 5 52
41 11 43 73
41 12 7 107
41 18 40 36
41 19 1 11
41 21 49 21
41 24 31 30
41 30 28 102
41 31 11 66
42 1 33 81
42 2 13 19
42 5 16 57
42 6 3 67
42 10 31 13
42 15 25 61
42 16 23 87
42 17 29 112
42 19 39 68
42 23 43 106
42 25 7 29
42 29 10 79
42 30 37 102
42 32 19 96
43 1 16 74
43 5 58 9
43 9 22 58
43 10 11 13
43 16 5 103
43 17 29 4
43 19 25 33
43 21 37 70
43 24 49 30
43 25 44 76
43 27 19 75
43 29 7 79
43 30 47 102
43 31 3 7
44 2 1 78
44 6 22 67
44 8 9 114
44 10 19 13
44 13 58 4
44 16 17 103
44 18 28 65
44 19 43 33
44 23 13 101
44 24 51 30
44 25 33 29
44 26 25 111
44 27 7 112
44 31 5 66
45 1 40 74
45 3 51 71
45 12 22 45
45 13 31 72
45 14 10 88
45 21 4 90
45 22 8 63
45 23 28 106
45 24 47 30
45 25 1 29
45 26 13 39
45 27 16 75
45 29 37 27
45 32 43 96
46 1 34 74
46 2 7 19
46 6 57 67
46 7 5 24
46 8 37 5
46 14 53 88
46 15 13 37
46 16 51 103
46 17 55 115
46 19 19 11
46 21 28 21
46 24 41 85
46 30 25 102
46 32 1 40
47 1 55 74
47 3 29 71
47 5 31 57
47 8 50 38
47 9 16 53
47 10 27 13
47 12 1 107
47 13 13 4
47 18 22 29
47 24 19 30
47 26 4 111
47 28 7 118
47 29 34 27
47 30 11 23
48 1 25 81
48 2 7 78
48 5 16 9
48 6 19 67
48 8 3 1
48 11 59 73
48 12 13 22
48 13 31 4
48 16 53 103
48 19 43 71
48 21 28 70
48 22 1 3
48 27 11 112
48 29 21 27
48 30 35 102
49 1 7 74
49 6 13 25
49 7 44 24
49 10 37 52
49 12 1 64
49 13 51 95
49 17 4 115
49 22 19 63
49 23 10 101
49 26 16 111
49 29 25 27
49 31 22 7
49 32 56 40
50 1 37 74
50 6 34 67
50 8 45 75
50 9 55 53
50 10 58 52
50 12 10 22
50 13 52 72
50 15 13 100
50 21 31 21
50 22 5 63
50 23 7 106
50 25 3 76
50 28 27 7
50 29 40 79
50 31 25 7
51 2 34 19
51 3 11 63
51 5 40 9
51 8 1 5
51 9 45 58
51 11 53 73
51 16 43 103
51 18 58 65
51 19 7 55
51 22 51 3
51 25 21 76
51 27 19 109
51 29 16 79
52 2 10 19
52 3 19 32
52 10 3 13
52 11 1 20
52 16 31 87
52 17 35 75
52 18 46 36
52 19 13 68
52 21 58 21
52 26 21 97
52 27 43 75
52 28 49 49
52 29 7 20
52 31 33 66
53 1 22 81
53 2 13 78
53 7 29 59
53 9 19 58
53 10 58 13
53 12 4 107
53 15 39 104
53 17 11 115
53 19 43 11
53 23 25 101
53 25 37 76
53 27 9 109
53 29 52 79
53 30 17 102
54 1 16 105
54 4 32 62
54 5 19 9
54 6 11 90
54 7 9 24
54 9 2 53
54 10 39 52
54 11 5 68
54 12 44 45
54 21 55 21
54 22 37 3
54 24 23 30
54 29 13 79
54 31 7 36
54 32 50 96
55 1 10 74
55 3 39 32
55 5 28 57
55 6 19 31
55 10 31 52
55 13 21 72
55 14 4 88
55 17 41 66
55 18 50 36
55 21 16 90
55 23 25 106
55 27 7 109
55 28 44 118
55 31 14 7
56 1 14 81
56 2 43 78
56 3 11 32
56 6 52 67
56 7 7 24
56 8 31 5
56 11 46 73
56 13 49 4
56 15 25 37
56 16 57 103
56 19 1 68
56 26 55 111
56 28 19 80
56 31 9 66
57 5 13 57
57 6 9 67
57 7 4 59
57 9 33 58
57 10 37 13
57 15 25 100
57 16 47 103
57 17 43 66
57 19 19 33
57 22 41 63
57 26 58 97
57 29 1 27
57 30 31 102
58 1 13 74
58 2 43 19
58 6 49 67
58 7 22 59
58 9 27 58
58 10 56 52
58 12 1 45
58 13 40 4
58 16 11 87
58 19 32 33
58 21 16 21
58 23 19 101
58 27 5 109
58 31 9 36
59 2 55 19
59 3 27 63
59 5 22 57
59 7 1 59
59 10 53 52
59 12 10 107
59 13 43 4
59 15 49 37
59 17 59 115
59 18 16 65
59 23 46 106
59 26 3 39
59 27 14 75
59 28 31 80
60 1 10 81
60 5 7 9
60 6 5 67
60 7 25 59
60 8 21 1
60 10 28 52
60 11 57 73
60 12 16 92
60 15 43 100
60 17 37 115
60 21 13 90
60 26 1 111
60 30 3 23
60 31 19 7
61 7 15 59
61 8 44 38
61 9 10 48
61 10 25 13
61 11 13 73
61 12 52 107
61 14 7 88
61 15 37 100
61 18 49 29
61 22 55 3
61 23 1 101
61 27 41 109
61 32 31 40
62 2 28 19
62 3 7 71
62 7 37 59
62 8 31 120
62 10 39 13
62 13 25 72
62 14 17 88
62 15 9 37
62 16 5 87
62 17 22 115
62 22 3 3
62 27 1 112
62 28 13 80
62 29 46 79
62 30 19 23
63 4 49 62
63 6 7 67
63 8 21 5
63 9 16 58
63 10 55 13
63 12 25 45
63 13 4 72
63 16 19 103
63 17 57 115
63 21 10 70
63 23 31 101
63 25 46 76
63 29 34 79
63 31 2 36
63 32 37 96
64 1 8 105
64 2 25 19
64 3 17 71
64 6 46 67
64 9 22 53
64 10 52 13
64 12 1 51
64 15 32 37
64 24 44 30
64 25 49 76
64 26 15 39
64 27 5 112
64 29 28 27
64 30 19 102
64 32 37 40
65 1 7 93
65 2 31 19
65 5 34 57
65 8 55 38
65 9 10 58
65 12 25 107
65 13 37 72
65 16 3 87
65 23 28 101
65 25 52 76
65 28 43 7
65 29 49 79
65 32 13 40
66 4 57 62
66 5 49 9
66 9 16 48
66 11 7 73
66 12 19 107
66 13 34 72
66 15 3 61
66 16 45 103
66 17 52 66
66 18 22 65
66 22 25 3
66 24 9 30
66 25 39 76
66 29 13 27
66 31 31 66
67 2 4 19
67 6 17 67
67 7 20 24
67 8 9 38
67 13 58 72
67 14 33 88
67 15 13 61
67 16 7 103
67 19 38 71
67 21 45 21
67 22 1 63
67 24 29 30
67 26 22 39
67 30 43 102
68 1 31 105
68 3 15 71
68 9 22 48
68 10 1 52
68 14 27 88
68 16 49 103
68 17 29 115
68 18 40 65
68 20 46 85
68 22 57 3
68 23 34 101
68 25 11 76
68 26 5 97
68 30 17 23
68 31 3 66
69 5 10 57
69 6 58 22
69 9 1 58
69 10 35 13
69 12 37 45
69 17 13 115
69 19 31 68
69 21 25 70
69 22 40 3
69 23 4 101
69 26 19 39
69 27 21 75
69 29 43 27
69 31 17 36
70 1 25 93
70 2 46 78
70 6 28 67
70 8 19 120
70 9 13 58
70 11 41 13
70 13 1 4
70 15 31 61
70 19 9 71
70 21 16 70
70 22 57 88
70 27 7 75
70 29 37 79
70 31 4 36
71 2 58 19
71 5 46 9
71 7 17 59
71 8 9 5
71 9 25 48
71 11 5 20
71 12 13 107
71 15 1 100
71 19 49 11
71 20 28 85
71 21 19 70
71 22 31 3
71 25 55 76
71 29 22 119
71 30 7 23
72 1 43 105
72 2 34 78
72 3 47 71
72 4 37 62
72 8 1 38
72 10 13 13
72 12 28 45
72 15 55 104
72 17 50 115
72 22 15 3
72 24 7 30
72 25 5 76
72 26 19 111
72 28 9 80
72 29 21 79
73 1 1 105
73 2 37 78
73 9 40 58
73 10 7 52
73 13 4 4
73 14 23 88
73 15 50 100
73 17 55 66
73 22 33 3
73 23 58 106
73 28 9 49
73 29 13 20
73 30 45 102
73 31 28 66
74 1 31 74
74 7 16 24
74 8 49 75
74 10 5 13
74 13 7 72
74 15 55 100
74 21 22 21
74 22 19 3
74 26 28 39
74 27 3 75
74 31 26 66
74 32 43 40
75 2 22 19
75 7 20 59
75 9 38 53
75 10 49 52
75 11 15 73
75 14 13 88
75 17 1 115
75 18 4 65
75 19 7 33
75 21 55 70
75 23 52 106
75 28 32 49
75 29 25 79
76 1 19 81
76 10 25 52
76 12 13 45
76 14 41 88
76 17 46 66
76 19 37 11
76 20 4 85
76 21 43 70
76 24 11 30
76 25 9 29
76 26 1 97
76 29 52 27
76 31 7 66
77 3 35 71
77 4 1 62
77 6 59 67
77 8 25 38
77 9 37 48
77 12 40 45
77 17 46 115
77 18 49 65
77 19 9 68
77 23 43 101
77 27 17 109
77 28 13 118
77 30 33 102
77 32 55 96
78 1 3 74
78 2 19 78
78 3 15 32
78 7 11 24
78 10 43 52
78 12 39 107
78 13 34 4
78 14 1 88
78 16 37 103
78 21 7 70
78 22 47 45
78 23 55 106
78 24 25 30
78 27 13 112
79 2 10 78
79 3 35 63
79 5 55 9
79 8 31 114
79 9 46 53
79 10 23 13
79 12 7 45
79 13 28 72
79 15 19 37
79 16 1 103
79 17 41 115
79 25 13 76
79 27 3 112
79 28 15 49
79 31 5 7
80 5 37 9
80 6 13 67
80 9 10 53
80 10 15 13
80 11 23 73
80 12 46 107
80 15 19 104
80 17 43 115
80 18 25 36
80 22 53 3
80 23 1 106
80 25 17 29
80 26 8 111
80 27 34 112
Điểm tối ưu/tốt nhất tìm được: 1123
Thời gian: 180.015908 giây
Trạng thái: VALID
