189
1 1 19 18
1 2 37 7
1 3 1 21
1 4 31 6
1 5 39 18
1 6 22 24
1 7 13 4
1 8 34 17
1 9 41 30
1 10 55 19
2 2 1 7
2 3 10 21
2 4 45 6
2 5 31 18
2 6 13 24
2 7 49 4
2 8 28 17
2 9 33 30
2 10 19 19
3 1 52 19
3 2 19 7
3 3 22 9
3 4 11 6
3 5 5 18
3 6 26 24
3 7 56 27
3 8 45 17
3 9 16 30
3 10 7 19
4 1 31 19
4 2 41 7
4 3 27 21
4 4 25 6
4 5 17 18
4 6 22 22
4 7 37 4
4 8 4 17
4 9 9 30
4 10 55 20
5 1 43 19
5 2 13 7
5 3 31 21
5 4 4 6
5 5 47 18
5 6 15 22
5 7 8 27
5 8 40 17
5 9 29 30
5 10 19 20
6 1 16 19
6 2 33 7
6 3 49 21
6 4 22 6
6 5 3 18
6 6 19 22
6 7 43 27
6 9 1 30
6 10 7 20
7 2 3 7
7 3 40 21
7 4 34 6
7 5 13 18
7 6 7 24
7 7 19 4
7 8 16 17
7 9 31 30
7 10 25 20
8 2 5 7
8 3 7 21
8 4 47 6
8 5 1 18
8 6 38 24
8 7 13 27
8 8 55 17
8 9 3 30
9 1 49 18
9 2 25 7
9 3 37 21
9 4 43 6
9 5 33 18
9 6 16 24
9 7 1 4
9 8 52 17
9 9 7 30
10 1 40 19
10 2 11 7
10 3 19 21
10 4 28 6
10 5 52 18
10 6 1 24
10 7 55 4
10 8 49 17
10 9 25 30
11 1 37 19
11 2 16 7
11 3 55 21
11 4 19 6
11 5 25 18
11 6 7 22
11 7 1 27
11 8 58 17
11 9 14 30
11 10 49 20
12 1 10 18
12 2 27 7
12 3 16 21
12 4 14 6
12 5 29 18
12 6 34 22
12 7 49 27
12 8 31 17
12 9 19 30
12 10 37 20
13 1 58 18
13 2 23 7
13 3 44 21
13 4 49 6
13 5 37 18
13 6 40 22
13 7 32 27
13 8 10 17
13 9 56 30
13 10 25 19
14 1 43 18
14 2 21 7
14 3 4 21
14 4 51 6
14 5 35 18
14 6 25 22
14 7 8 4
14 8 1 17
14 9 23 30
14 10 13 20
15 2 35 7
15 3 52 21
15 4 16 6
15 5 7 18
15 6 10 24
15 7 31 4
15 8 19 17
15 9 5 30
15 10 1 20
16 1 49 19
16 2 59 7
16 3 13 21
16 4 9 6
16 5 41 18
16 6 4 24
16 7 25 27
16 8 22 17
16 9 11 30
16 10 43 20
17 1 34 19
17 2 31 7
17 3 58 21
17 4 2 6
17 5 55 18
17 6 4 22
17 7 19 27
17 8 25 17
17 9 37 30
18 1 46 19
18 2 9 7
18 3 16 14
18 4 7 6
18 5 22 18
18 6 31 22
18 7 37 27
18 8 13 17
18 9 27 30
18 10 1 19
19 2 29 7
19 3 34 21
19 4 37 6
19 5 15 18
19 6 1 22
19 7 25 4
19 8 7 17
19 9 45 30
20 1 13 19
20 2 7 7
20 3 22 21
20 4 40 6
20 5 27 18
20 6 10 22
20 7 44 4
20 8 37 17
20 9 35 30
20 10 31 20
Điểm tối ưu/tốt nhất tìm được: 189
Thời gian: 20.004350 giây
Trạng thái: VALID
