2005
1 3 55 180
1 5 4 181
1 6 58 169
1 14 40 15
1 18 16 17
1 22 44 161
1 26 1 65
1 28 10 76
1 30 25 112
1 49 7 108
1 52 22 39
1 56 50 82
1 60 31 49
2 5 7 181
2 15 37 172
2 19 46 178
2 20 4 134
2 22 49 161
2 29 13 133
2 36 53 150
2 43 31 156
2 48 20 194
2 50 15 219
2 52 25 57
2 57 23 192
2 59 11 202
3 1 10 1
3 4 31 190
3 5 1 121
3 10 7 18
3 18 38 84
3 21 23 89
3 24 26 68
3 28 4 76
3 30 14 128
3 37 55 24
3 38 49 107
3 40 34 167
3 54 19 122
3 57 29 222
4 8 7 25
4 19 28 178
4 27 31 137
4 29 5 133
4 32 13 9
4 35 25 129
4 43 23 156
4 44 35 87
4 46 56 116
4 47 1 33
4 48 19 83
4 49 46 108
4 59 3 162
5 16 59 194
5 22 25 211
5 27 37 11
5 33 23 30
5 34 4 138
5 36 21 150
5 37 8 24
5 38 31 187
5 41 13 102
5 45 51 120
5 53 55 224
5 57 1 222
6 2 31 115
6 9 21 147
6 11 15 69
6 20 34 186
6 27 46 11
6 32 43 184
6 43 11 12
6 46 25 91
6 51 37 217
6 52 1 57
6 54 7 198
6 59 23 162
7 3 40 180
7 5 13 181
7 12 7 23
7 17 33 14
7 18 19 17
7 28 1 96
7 30 56 112
7 38 26 187
7 39 49 158
7 40 16 149
7 47 31 45
7 48 4 224
7 54 45 7
8 5 1 32
8 7 31 42
8 9 29 38
8 10 39 18
8 11 43 69
8 17 53 179
8 28 19 81
8 31 22 99
8 33 13 30
8 34 49 148
8 37 25 24
8 46 15 182
8 50 5 136
8 54 55 198
8 60 8 78
9 3 19 180
9 4 27 190
9 5 22 111
9 12 1 23
9 17 37 14
9 22 7 161
9 26 17 95
9 29 35 133
9 30 49 149
9 47 33 45
9 48 13 224
9 49 10 154
9 57 25 192
10 11 49 69
10 16 57 194
10 17 41 90
10 18 7 17
10 19 1 178
10 20 25 134
10 21 16 209
10 22 23 211
10 24 34 68
10 27 4 137
10 33 19 30
10 35 13 56
10 45 10 120
10 47 28 45
10 50 21 199
11 8 31 31
11 10 16 18
11 16 41 194
11 23 22 27
11 26 14 65
11 35 19 56
11 36 25 150
11 43 49 156
11 44 27 51
11 46 1 182
11 48 10 194
11 57 38 222
12 15 26 172
12 18 19 84
12 22 55 161
12 26 47 82
12 28 57 81
12 29 39 133
12 37 49 24
12 44 2 51
12 45 13 120
12 46 15 116
12 47 41 45
12 54 7 107
12 60 31 90
13 1 4 1
13 3 34 203
13 8 37 174
13 17 25 179
13 18 19 218
13 24 43 53
13 29 31 133
13 31 47 152
13 38 55 220
13 42 49 117
13 48 7 224
13 49 16 154
13 50 1 199
13 52 10 73
13 58 28 3
14 4 13 190
14 18 34 17
14 31 45 152
14 33 57 139
14 35 38 129
14 36 41 150
14 38 9 19
14 44 7 87
14 50 5 219
14 51 1 217
14 55 28 113
14 56 50 212
14 57 21 222
15 4 19 151
15 15 31 172
15 16 37 59
15 24 13 53
15 28 8 81
15 42 39 124
15 43 16 156
15 44 45 37
15 48 49 224
15 49 55 154
15 50 1 136
15 53 25 28
16 9 59 147
16 10 17 46
16 11 39 69
16 12 49 184
16 20 22 134
16 34 31 148
16 37 25 157
16 40 19 167
16 43 9 156
16 46 55 183
16 49 1 154
16 52 4 201
16 56 13 212
16 59 45 202
17 1 16 1
17 10 1 18
17 15 43 172
17 16 47 59
17 20 40 186
17 21 21 89
17 22 19 211
17 26 11 82
17 43 3 12
17 45 27 120
17 46 57 91
17 52 7 201
17 54 31 122
17 57 14 222
17 60 50 78
18 7 34 42
18 8 39 25
18 10 5 18
18 11 56 69
18 12 7 168
18 17 11 49
18 22 37 161
18 24 2 53
18 27 43 137
18 30 49 128
18 31 31 152
18 34 25 148
18 41 13 216
18 55 20 113
19 2 55 115
19 4 52 221
19 10 29 18
19 11 27 69
19 18 49 175
19 30 1 128
19 32 19 9
19 33 9 30
19 41 13 215
19 43 58 12
19 44 23 51
19 51 39 98
19 53 43 28
19 56 33 82
20 12 8 184
20 13 19 118
20 20 22 186
20 24 1 74
20 26 15 95
20 29 25 133
20 38 56 27
20 41 27 216
20 42 37 171
20 47 35 45
20 56 49 63
21 1 46 1
21 3 7 203
21 7 43 42
21 12 20 168
21 17 17 90
21 18 58 84
21 22 15 211
21 24 31 68
21 31 13 99
21 32 10 16
21 33 1 30
21 38 37 107
21 39 26 158
21 56 3 87
22 8 13 174
22 11 37 69
22 18 4 17
22 19 34 178
22 24 27 53
22 25 25 200
22 33 7 139
22 36 1 150
22 37 43 24
22 43 9 12
22 56 19 82
22 57 47 192
23 3 16 180
23 8 31 25
23 10 35 18
23 14 46 15
23 18 13 17
23 28 21 96
23 30 25 128
23 31 29 99
23 36 19 150
23 38 1 171
23 41 37 215
23 46 7 116
23 49 43 44
23 56 56 87
24 1 25 1
24 3 19 203
24 4 40 190
24 5 4 32
24 9 35 147
24 10 13 18
24 17 52 14
24 21 8 209
24 22 1 161
24 29 33 133
24 32 28 16
24 34 10 148
24 36 46 150
24 42 15 124
25 9 23 147
25 16 53 194
25 17 43 179
25 20 16 186
25 28 25 76
25 29 21 133
25 30 56 149
25 38 1 220
25 40 13 149
25 43 11 156
25 46 37 183
25 50 19 136
25 59 9 202
26 2 40 115
26 3 4 180
26 8 27 179
26 13 37 118
26 16 51 59
26 21 23 209
26 28 1 81
26 37 7 208
26 38 44 220
26 43 31 12
26 52 13 39
26 56 19 212
27 2 28 115
27 12 49 32
27 18 1 17
27 23 25 27
27 31 23 152
27 32 40 16
27 46 19 182
27 51 7 36
27 52 31 73
27 55 56 113
27 57 11 192
27 58 44 3
27 60 14 49
28 3 25 180
28 4 40 151
28 6 1 169
28 12 56 184
28 18 16 84
28 23 43 27
28 29 49 133
28 33 31 139
28 34 13 148
28 37 20 24
28 45 53 120
28 52 10 201
28 55 7 113
28 57 3 222
29 5 4 111
29 9 17 147
29 10 15 46
29 14 38 15
29 15 19 172
29 16 45 194
29 20 52 134
29 25 13 2
29 27 28 11
29 38 32 220
29 39 55 158
29 42 9 124
29 43 7 12
29 44 47 37
29 52 1 39
30 10 43 46
30 13 7 118
30 18 31 17
30 20 19 134
30 24 10 74
30 33 3 139
30 34 34 148
30 37 37 157
30 38 55 179
30 40 22 167
30 46 13 91
30 47 29 33
30 51 25 36
30 57 5 192
31 5 49 181
31 9 5 38
31 13 2 118
31 19 19 178
31 22 52 211
31 31 13 152
31 35 16 56
31 38 56 107
31 43 37 156
31 46 32 179
31 55 43 113
31 60 7 49
32 16 55 59
32 21 3 89
32 25 1 2
32 26 10 95
32 27 7 11
32 30 31 112
32 36 27 150
32 37 57 208
32 39 44 158
32 41 13 175
32 42 49 131
32 46 19 183
32 52 37 144
33 2 34 115
33 4 1 221
33 12 37 23
33 13 43 118
33 22 27 211
33 23 31 79
33 24 46 53
33 33 41 139
33 38 13 220
33 40 52 167
33 41 55 102
33 48 22 224
33 52 19 39
33 56 7 63
33 57 17 192
34 1 1 1
34 5 19 181
34 8 45 25
34 10 49 18
34 12 13 184
34 16 43 194
34 17 17 14
34 18 22 84
34 19 4 178
34 23 28 27
34 29 8 133
34 37 31 208
34 58 40 3
34 59 10 162
35 4 43 151
35 13 25 118
35 24 31 74
35 27 4 11
35 29 28 133
35 32 20 16
35 33 11 139
35 37 15 24
35 38 37 19
35 43 23 12
35 50 34 136
35 54 7 122
35 56 49 87
35 59 13 162
36 8 9 179
36 13 34 118
36 14 7 15
36 26 19 65
36 27 16 137
36 33 43 30
36 37 25 208
36 45 23 120
36 47 5 33
36 49 13 44
36 53 37 65
36 56 1 82
36 60 49 168
37 5 10 121
37 9 38 147
37 12 1 90
37 22 5 161
37 23 7 27
37 26 13 95
37 28 51 81
37 31 20 99
37 34 25 138
37 40 40 167
37 42 31 123
37 46 15 183
37 48 28 83
37 56 56 212
38 5 19 32
38 6 25 169
38 9 15 147
38 14 31 15
38 18 28 17
38 25 45 200
38 28 7 76
38 30 55 128
38 33 43 139
38 53 33 28
38 55 37 113
38 56 1 141
38 57 5 222
39 3 33 180
39 4 27 151
39 18 52 175
39 22 1 211
39 23 44 79
39 25 3 200
39 26 31 82
39 35 55 129
39 37 19 208
39 38 38 179
39 41 8 102
39 43 47 12
39 44 23 37
39 50 25 219
39 54 14 7
40 3 2 203
40 8 26 31
40 9 47 147
40 13 13 118
40 22 51 161
40 23 37 27
40 27 40 137
40 30 32 128
40 32 10 93
40 41 55 216
40 45 21 120
40 49 7 154
40 56 43 82
41 9 23 31
41 11 7 69
41 14 35 15
41 17 5 49
41 28 13 96
41 30 25 21
41 32 16 16
41 34 43 138
41 35 46 56
41 43 37 12
41 44 10 37
41 47 2 45
41 54 31 7
41 56 19 63
42 5 13 121
42 17 31 14
42 26 59 82
42 27 10 137
42 31 25 152
42 35 4 56
42 38 19 171
42 42 27 85
42 43 1 12
42 47 53 45
42 55 34 113
42 59 8 162
43 12 25 168
43 20 37 186
43 24 40 74
43 27 7 130
43 31 5 152
43 33 17 139
43 39 19 158
43 41 1 215
43 42 13 171
43 51 43 217
43 55 49 113
43 56 31 63
43 60 57 49
44 2 58 115
44 4 37 190
44 9 4 147
44 16 47 194
44 20 1 134
44 28 34 76
44 32 55 93
44 38 25 220
44 41 19 215
44 44 13 87
44 46 7 183
44 52 16 144
44 53 43 38
45 10 10 46
45 11 58 69
45 13 16 118
45 14 49 15
45 21 29 89
45 30 51 21
45 31 41 99
45 32 44 16
45 35 22 56
45 37 2 208
45 48 7 83
45 51 33 217
45 54 25 141
45 56 37 82
46 2 4 115
46 9 19 147
46 19 16 178
46 22 25 161
46 23 37 79
46 25 13 200
46 26 29 65
46 31 9 99
46 32 43 9
46 36 31 150
46 40 40 149
46 42 33 85
46 57 2 192
46 59 7 202
47 5 46 181
47 13 55 118
47 15 49 172
47 18 10 17
47 19 58 178
47 23 16 32
47 25 21 200
47 36 23 150
47 38 25 19
47 42 37 85
47 49 43 154
47 52 13 73
47 53 31 197
47 58 1 3
48 5 58 181
48 7 7 42
48 8 14 31
48 20 43 134
48 22 10 161
48 26 23 82
48 29 53 133
48 32 46 9
48 35 34 56
48 37 49 208
48 43 21 156
48 46 37 91
48 51 1 36
48 52 28 144
49 3 13 180
49 8 27 97
49 14 25 15
49 29 51 133
49 31 11 152
49 32 4 16
49 35 1 129
49 41 7 215
49 46 19 116
49 47 23 45
49 48 40 83
49 50 16 136
49 56 55 82
50 4 10 151
50 5 16 111
50 8 37 97
50 9 45 147
50 14 14 15
50 16 51 194
50 22 23 161
50 23 28 79
50 25 7 200
50 26 1 95
50 33 4 30
50 35 25 56
50 51 19 36
50 59 31 202
51 11 23 69
51 16 57 59
51 17 35 14
51 19 7 178
51 23 46 27
51 25 33 200
51 26 10 65
51 32 27 9
51 43 25 156
51 45 55 120
51 48 43 83
51 54 19 141
51 57 15 192
51 59 5 162
51 60 1 78
52 3 43 180
52 7 19 42
52 17 57 14
52 21 1 89
52 23 31 27
52 26 3 95
52 28 28 76
52 29 23 133
52 36 7 150
52 37 37 24
52 44 26 37
52 47 11 33
52 50 9 136
52 54 49 198
52 57 34 222
53 3 31 203
53 4 16 151
53 5 10 32
53 14 43 15
53 17 59 179
53 23 4 27
53 25 49 200
53 27 55 137
53 30 37 93
53 31 53 99
53 36 51 150
53 41 45 102
53 42 19 123
53 44 41 37
53 52 25 144
54 9 13 147
54 14 5 15
54 16 19 59
54 27 46 137
54 31 7 152
54 34 10 138
54 37 37 208
54 41 31 216
54 45 41 120
54 53 21 197
54 55 1 113
54 60 50 138
55 2 43 115
55 3 40 203
55 11 53 69
55 14 16 15
55 16 23 194
55 17 7 14
55 35 28 129
55 44 37 37
55 48 13 83
55 50 25 136
55 52 1 144
55 57 33 192
56 1 43 1
56 6 29 169
56 11 21 69
56 12 25 23
56 13 10 118
56 28 16 76
56 30 49 112
56 31 4 99
56 32 1 93
56 34 46 148
56 36 33 150
56 43 13 12
56 48 37 83
57 5 34 181
57 10 7 46
57 19 43 178
57 20 55 134
57 22 58 161
57 23 25 79
57 25 31 200
57 29 47 133
57 34 16 138
57 41 1 175
57 57 9 222
57 60 49 49
58 1 13 1
58 10 27 18
58 11 19 69
58 16 41 59
58 18 55 17
58 24 4 74
58 26 23 65
58 31 9 152
58 43 2 156
58 47 38 33
58 49 16 108
58 50 11 136
58 58 34 3
59 4 16 173
59 8 55 25
59 10 37 18
59 11 3 69
59 13 49 118
59 21 14 209
59 24 34 74
59 28 31 76
59 34 52 148
59 43 43 156
59 44 59 37
59 51 8 98
59 56 20 87
59 59 27 162
60 9 1 147
60 20 37 134
60 24 22 68
60 33 25 139
60 38 43 171
60 43 20 12
60 44 14 51
60 45 17 120
60 47 11 45
60 50 3 136
60 51 7 217
60 57 27 192
60 59 35 202
60 60 51 90
61 5 28 181
61 11 46 69
61 18 43 17
61 22 3 161
61 24 16 53
61 26 25 95
61 28 39 81
61 32 49 16
61 33 5 139
61 34 19 148
61 41 7 216
61 46 56 182
61 49 13 154
61 50 22 136
61 57 31 222
62 1 28 1
62 3 13 203
62 5 32 111
62 6 19 169
62 12 21 184
62 16 5 59
62 18 46 17
62 27 49 137
62 38 1 107
62 47 25 33
62 51 55 217
62 52 16 39
62 53 37 38
62 54 7 77
63 5 51 111
63 7 13 42
63 14 57 15
63 16 25 59
63 22 19 161
63 24 8 68
63 32 46 184
63 33 11 30
63 38 21 107
63 42 31 124
63 54 1 77
64 3 22 180
64 6 45 169
64 8 3 179
64 9 49 147
64 16 9 59
64 23 40 79
64 25 37 200
64 28 25 96
64 29 43 133
64 46 31 116
64 51 13 36
64 58 19 3
64 59 47 202
65 6 41 169
65 8 1 174
65 23 19 79
65 27 31 11
65 30 43 93
65 35 52 56
65 40 38 51
65 42 9 85
65 43 55 156
65 56 26 212
65 57 7 222
66 1 55 1
66 4 33 221
66 6 21 169
66 7 58 42
66 10 3 18
66 12 7 90
66 16 29 59
66 17 45 14
66 21 5 89
66 22 31 161
66 32 25 16
66 41 51 215
66 45 15 120
66 54 37 122
67 9 55 147
67 10 41 18
67 17 3 14
67 20 8 186
67 24 37 74
67 25 15 2
67 28 21 76
67 34 28 138
67 41 50 102
67 44 19 37
67 45 5 120
67 46 31 182
67 47 17 45
67 55 25 113
68 3 58 180
68 7 49 42
68 12 25 90
68 17 43 14
68 24 19 74
68 41 45 216
68 45 3 120
68 49 22 108
68 51 31 97
68 53 13 28
68 54 7 7
69 2 51 115
69 5 55 181
69 15 1 172
69 18 10 84
69 20 46 134
69 25 5 2
69 27 25 130
69 28 28 96
69 29 58 133
69 32 32 9
69 41 19 216
69 48 16 83
69 51 39 36
69 52 13 57
70 4 13 221
70 8 19 174
70 12 37 184
70 17 23 179
70 25 53 200
70 26 41 82
70 27 16 130
70 30 1 112
70 32 31 16
70 40 25 167
70 42 55 123
70 54 49 122
70 60 7 9
71 5 25 181
71 9 35 31
71 21 5 209
71 27 1 130
71 33 45 139
71 35 10 129
71 39 37 158
71 41 21 102
71 42 13 123
71 44 43 37
71 46 31 183
71 49 28 154
71 57 58 192
72 12 25 184
72 18 16 218
72 25 35 200
72 27 4 130
72 30 37 112
72 32 55 16
72 40 45 167
72 44 21 37
72 48 1 224
72 49 58 108
72 51 49 36
72 52 13 201
72 54 31 198
72 56 7 141
73 3 28 180
73 5 19 111
73 6 39 169
73 9 25 147
73 10 56 18
73 11 41 69
73 12 13 90
73 18 52 84
73 20 49 134
73 22 5 211
73 26 32 95
73 44 17 51
73 50 23 219
73 51 44 98
74 8 25 25
74 14 9 15
74 22 47 211
74 28 58 76
74 30 37 128
74 32 13 16
74 38 19 19
74 40 55 51
74 46 1 116
74 48 16 224
74 53 43 197
74 55 52 113
75 3 52 180
75 6 11 169
75 7 28 42
75 26 19 95
75 31 15 99
75 33 13 139
75 38 37 220
75 39 7 158
75 40 1 167
75 48 4 194
75 59 43 202
76 1 37 1
76 4 28 221
76 8 1 25
76 9 53 147
76 18 25 17
76 35 31 129
76 38 19 220
76 40 49 167
76 44 15 37
76 45 35 120
76 46 7 91
76 48 40 224
76 49 43 108
77 2 37 115
77 8 49 31
77 18 40 17
77 23 2 79
77 24 31 53
77 27 20 137
77 34 34 138
77 40 10 149
77 46 43 183
77 48 7 194
77 53 56 197
77 54 25 198
77 56 13 82
78 6 5 169
78 14 33 15
78 20 58 134
78 28 25 81
78 29 10 133
78 34 7 148
78 36 15 150
78 41 19 175
78 46 39 116
78 47 37 45
78 53 1 28
78 58 52 3
78 59 13 202
78 60 43 168
79 6 3 169
79 7 46 42
79 22 15 161
79 26 41 65
79 31 43 152
79 33 27 139
79 34 56 148
79 38 7 220
79 42 51 123
79 45 19 120
79 46 31 91
79 50 21 219
79 57 49 192
79 60 37 168
80 5 13 32
80 6 43 169
80 7 40 42
80 9 10 147
80 10 31 18
80 17 19 14
80 20 28 134
80 22 46 161
80 24 16 74
80 28 34 81
80 32 7 93
80 40 22 4
80 45 57 120
80 46 1 183
81 2 16 115
81 4 44 173
81 10 33 18
81 14 21 15
81 18 13 218
81 20 1 186
81 25 39 200
81 35 28 56
81 41 55 215
81 44 9 51
81 52 4 73
81 53 50 38
81 59 19 162
82 3 49 203
82 6 7 169
82 10 3 46
82 14 11 15
82 18 25 175
82 21 46 209
82 31 1 152
82 47 15 45
82 54 55 141
82 57 9 192
82 58 22 3
83 4 25 221
83 19 31 178
83 25 15 200
83 33 7 30
83 40 52 51
83 48 1 194
83 49 4 154
83 51 9 97
83 53 21 38
83 54 44 198
83 57 19 222
84 6 49 169
84 11 33 69
84 12 19 90
84 23 58 79
84 24 10 53
84 27 43 11
84 35 7 129
84 38 51 220
84 41 37 216
84 48 28 224
84 50 17 219
84 54 1 122
84 55 14 113
84 57 56 192
85 5 31 181
85 12 19 23
85 13 28 118
85 14 59 15
85 17 5 90
85 18 7 175
85 24 34 53
85 27 51 11
85 28 16 96
85 34 1 9
85 36 57 150
85 42 44 123
85 49 25 154
85 56 37 212
86 4 7 151
86 5 40 111
86 8 25 174
86 19 55 178
86 22 13 211
86 30 31 21
86 31 11 99
86 33 29 30
86 34 37 148
86 40 58 167
86 54 50 141
86 56 15 87
86 59 1 162
86 60 43 90
87 3 27 203
87 5 37 181
87 7 16 42
87 17 49 14
87 21 59 89
87 23 52 79
87 31 47 99
87 37 43 208
87 38 7 187
87 42 19 85
87 49 4 108
87 52 56 57
87 56 31 35
87 59 1 202
88 4 37 151
88 5 55 111
88 10 9 18
88 17 47 79
88 22 33 211
88 23 1 27
88 24 20 53
88 25 23 2
88 36 49 150
88 42 43 124
88 47 5 45
88 50 7 136
88 54 13 122
88 57 40 222
88 58 25 3
89 10 59 18
89 13 52 118
89 16 37 194
89 20 4 186
89 24 1 68
89 43 39 156
89 44 28 37
89 47 45 45
89 48 10 224
89 49 31 108
89 52 25 73
89 57 21 192
89 59 15 162
90 11 13 69
90 18 49 84
90 19 10 178
90 20 31 134
90 22 17 161
90 26 34 65
90 33 22 139
90 37 1 24
90 38 43 187
90 40 19 149
90 43 29 12
90 44 39 37
90 51 56 98
90 54 25 122
91 4 4 190
91 9 43 147
91 16 1 59
91 20 19 186
91 22 40 211
91 27 28 130
91 29 37 133
91 30 31 93
91 42 13 85
91 43 35 12
91 49 22 154
91 53 55 28
91 54 49 7
91 59 17 162
92 5 7 111
92 6 27 169
92 16 3 59
92 21 53 89
92 22 57 211
92 37 13 157
92 45 46 120
92 46 19 179
92 49 49 154
92 53 37 77
92 54 31 141
92 57 43 192
93 5 16 181
93 7 10 42
93 10 21 18
93 18 44 84
93 23 7 79
93 31 33 99
93 34 55 138
93 41 25 102
93 44 1 87
93 51 50 171
93 52 4 57
93 53 37 197
93 57 31 192
93 58 13 3
94 2 20 115
94 6 33 169
94 12 13 23
94 16 55 194
94 19 52 178
94 22 35 211
94 23 10 27
94 31 17 99
94 40 4 167
94 43 46 156
94 44 7 51
94 45 44 120
94 49 25 108
94 50 1 219
94 57 23 222
95 4 1 151
95 8 51 174
95 17 15 14
95 18 43 175
95 25 17 2
95 32 37 16
95 33 49 139
95 35 22 129
95 46 26 116
95 50 13 219
95 53 7 28
95 56 31 121
95 57 40 192
96 3 49 180
96 4 55 173
96 8 19 31
96 25 28 200
96 27 25 11
96 35 8 56
96 36 3 150
96 49 37 44
96 51 31 36
96 55 40 113
96 56 13 141
97 6 53 169
97 10 22 46
97 14 51 15
97 17 55 14
97 28 4 96
97 34 1 138
97 37 14 208
97 42 25 124
97 48 57 83
97 52 19 57
97 57 7 192
97 60 43 78
98 5 13 111
98 6 17 169
98 11 35 69
98 16 49 59
98 22 31 211
98 26 23 95
98 27 37 137
98 34 28 148
98 35 46 129
98 38 3 19
98 45 1 120
98 47 51 45
98 51 19 217
98 53 7 38
99 2 13 115
99 3 10 180
99 10 25 18
99 17 23 14
99 28 16 81
99 39 1 158
99 40 28 167
99 45 49 120
99 46 43 91
99 49 31 154
99 54 19 198
99 56 55 63
99 57 51 192
99 58 7 3
100 3 46 180
100 8 49 179
100 21 3 209
100 27 10 11
100 31 34 152
100 34 31 138
100 40 22 149
100 46 38 182
100 47 43 45
100 51 25 98
100 53 13 197
100 58 58 3
101 2 10 115
101 3 52 203
101 7 55 42
101 8 1 31
101 12 31 184
101 22 29 211
101 24 7 53
101 25 58 200
101 30 37 21
101 38 13 187
101 47 17 33
101 49 25 44
101 52 44 57
101 53 19 28
102 8 44 31
102 11 25 69
102 17 21 14
102 20 27 186
102 27 34 137
102 29 1 133
102 40 31 51
102 46 49 116
102 48 3 83
102 49 58 154
102 52 7 144
102 60 37 90
103 5 40 181
103 8 45 174
103 16 43 59
103 17 13 14
103 23 55 79
103 25 19 2
103 26 31 65
103 30 7 112
103 33 15 139
103 41 25 215
103 42 1 124
103 45 29 120
103 57 53 192
104 8 13 25
104 27 1 11
104 28 52 96
104 32 4 9
104 40 33 149
104 41 37 102
104 44 31 37
104 46 26 183
104 48 10 83
104 52 20 144
104 56 43 87
104 58 49 3
105 4 4 173
105 16 39 194
105 17 11 14
105 19 49 178
105 27 34 11
105 29 15 133
105 30 44 128
105 38 55 19
105 40 1 4
105 43 59 156
105 44 7 37
105 47 25 45
105 48 52 224
105 49 19 154
105 57 17 222
106 1 22 1
106 4 1 190
106 9 51 147
106 10 19 18
106 16 7 59
106 17 9 14
106 23 40 27
106 26 29 95
106 28 13 81
106 30 44 112
106 31 31 99
106 36 5 150
106 44 49 37
106 48 25 224
107 2 1 115
107 4 8 173
107 6 37 169
107 7 4 42
107 8 13 179
107 17 41 49
107 18 52 17
107 20 34 134
107 21 25 209
107 23 22 79
107 24 19 68
107 28 31 81
108 3 22 203
108 5 16 121
108 9 8 147
108 11 1 69
108 13 58 118
108 16 35 58
108 23 52 27
108 28 10 96
108 34 3 148
108 35 49 56
108 37 31 24
108 43 19 156
108 48 13 194
108 55 46 113
108 60 26 49
109 5 43 111
109 15 7 172
109 25 51 200
109 26 26 65
109 27 22 11
109 40 55 167
109 44 11 51
109 47 58 33
109 51 31 171
109 54 37 7
109 56 14 63
109 57 19 192
109 58 4 3
110 14 1 15
110 18 28 84
110 20 13 186
110 23 19 27
110 25 47 200
110 40 49 51
110 42 57 171
110 43 33 156
110 47 55 45
110 52 4 144
110 53 43 224
110 56 37 63
111 18 55 84
111 21 49 89
111 22 7 211
111 23 34 79
111 30 13 112
111 34 22 148
111 36 17 150
111 47 9 45
111 48 25 194
111 49 28 108
111 50 19 219
111 53 51 28
111 59 4 202
111 60 37 49
112 13 40 118
112 17 47 14
112 22 13 161
112 23 15 27
112 25 10 2
112 30 19 21
112 31 29 152
112 40 37 167
112 46 43 182
112 48 32 194
112 49 50 108
112 52 7 57
112 53 25 38
112 54 1 198
113 2 46 115
113 8 56 31
113 12 1 184
113 16 39 59
113 17 29 14
113 26 5 95
113 31 7 99
113 32 34 16
113 43 17 12
113 47 19 45
113 50 9 219
113 53 13 77
113 59 21 162
114 8 7 174
114 12 55 23
114 18 33 175
114 22 3 211
114 24 13 74
114 26 27 95
114 27 19 130
114 29 41 133
114 31 1 99
114 34 38 138
114 36 44 150
114 40 46 51
114 41 50 216
114 45 31 120
115 5 7 121
115 9 27 147
115 11 29 69
115 17 59 14
115 18 49 17
115 19 13 178
115 21 20 209
115 24 16 68
115 29 3 133
115 31 25 99
115 44 57 37
115 58 37 3
116 2 7 115
116 5 10 181
116 6 31 169
116 8 45 179
116 9 41 31
116 14 19 15
116 16 49 194
116 18 4 84
116 28 1 76
116 30 21 93
116 31 39 99
116 49 52 154
116 56 25 87
116 59 33 202
117 23 34 27
117 28 1 187
117 29 19 133
117 32 7 16
117 35 56 56
117 36 10 150
117 41 43 215
117 44 5 37
117 51 49 217
117 53 15 38
117 54 37 141
117 56 25 63
117 57 13 192
118 4 4 151
118 5 26 32
118 8 49 25
118 10 47 18
118 14 23 15
118 17 1 179
118 21 15 89
118 24 37 68
118 26 29 82
118 30 19 128
118 34 40 148
118 41 32 102
118 54 56 122
118 55 10 113
118 56 43 212
119 1 19 1
119 17 5 79
119 21 10 209
119 30 43 149
119 31 35 99
119 36 37 150
119 40 25 149
119 41 31 215
119 42 49 85
119 43 29 156
119 44 3 37
119 47 7 33
119 48 22 83
119 58 16 3
120 4 49 190
120 6 35 169
120 10 52 18
120 17 1 14
120 18 13 84
120 25 23 200
120 27 16 11
120 28 28 81
120 35 39 56
120 45 37 120
120 48 19 224
120 49 55 108
120 51 31 98
120 56 7 82
120 57 45 192
121 1 58 1
121 8 37 31
121 9 32 147
121 25 17 200
121 28 4 81
121 31 19 152
121 35 50 129
121 40 28 149
121 42 21 124
121 43 26 12
121 46 43 116
121 49 1 108
121 54 13 198
121 56 7 212
122 7 37 42
122 10 5 46
122 11 10 69
122 16 17 59
122 24 40 68
122 27 28 137
122 30 1 21
122 42 43 85
122 43 35 156
122 44 13 37
122 45 8 120
122 53 51 197
122 56 31 87
122 60 19 49
123 5 7 32
123 8 31 174
123 12 49 23
123 17 40 14
123 19 25 178
123 21 10 89
123 22 28 161
123 33 17 30
123 41 1 102
123 44 5 51
123 50 23 199
123 51 19 98
123 52 37 201
123 60 13 78
124 1 31 1
124 4 34 151
124 8 7 31
124 9 11 38
124 13 46 118
124 16 15 59
124 19 22 178
124 21 1 209
124 24 28 74
124 27 19 11
124 36 39 150
124 54 55 7
124 55 4 113
124 59 26 202
125 4 4 221
125 5 43 181
125 6 51 169
125 8 56 174
125 9 29 147
125 12 31 23
125 17 27 14
125 27 22 130
125 30 14 93
125 33 37 139
125 34 46 138
125 38 7 171
125 40 19 4
125 49 39 154
126 5 52 181
126 6 23 169
126 9 41 147
126 16 11 59
126 22 21 211
126 26 16 65
126 27 13 130
126 33 25 30
126 40 34 51
126 56 43 63
126 57 55 222
126 59 28 202
126 60 37 78
127 5 1 181
127 16 35 194
127 22 11 211
127 25 43 200
127 26 5 82
127 28 46 96
127 30 21 112
127 34 7 138
127 38 31 107
127 45 25 120
127 47 19 33
127 49 13 108
127 59 39 202
128 1 50 1
128 10 23 18
128 14 55 15
128 16 45 59
128 20 14 134
128 21 17 89
128 23 10 79
128 27 7 137
128 40 31 167
128 45 39 120
128 46 19 91
128 51 1 98
128 56 25 82
128 57 29 192
129 1 7 1
129 4 13 151
129 11 51 69
129 15 55 172
129 16 32 59
129 29 17 133
129 34 22 138
129 35 43 129
129 43 41 156
129 44 34 37
129 51 2 97
129 53 27 197
129 54 37 198
130 3 7 180
130 6 47 169
130 10 1 46
130 11 17 69
130 12 43 23
130 16 53 59
130 22 21 161
130 27 25 137
130 28 13 76
130 30 49 93
130 33 29 139
130 47 3 33
130 48 34 83
130 52 39 73
130 60 55 90
131 3 10 203
131 24 25 74
131 26 7 95
131 28 22 81
131 33 34 139
131 35 31 56
131 39 13 158
131 43 41 12
131 44 1 37
131 45 59 120
131 48 28 194
131 51 49 98
132 1 40 1
132 3 56 203
132 7 25 42
132 8 19 25
132 17 17 179
132 18 7 84
132 38 13 107
132 46 1 91
132 51 43 36
132 52 10 57
132 56 31 212
132 57 37 192
133 13 31 118
133 18 37 17
133 22 34 161
133 25 19 200
133 26 21 65
133 30 7 128
133 31 27 99
133 35 4 129
133 40 1 149
133 46 50 182
133 50 11 199
133 51 13 217
133 54 45 107
134 5 10 111
134 12 31 168
134 16 27 59
134 18 37 175
134 21 13 89
134 24 43 68
134 26 17 82
134 31 21 152
134 41 2 216
134 52 7 73
134 57 35 192
134 58 55 3
134 59 15 202
135 3 44 203
135 6 9 169
135 10 19 46
135 12 1 168
135 28 37 76
135 31 17 152
135 33 15 30
135 42 55 85
135 43 5 156
135 47 13 45
135 50 7 219
135 57 11 222
135 59 41 202
136 4 22 190
136 5 1 111
136 21 7 89
136 26 4 65
136 28 43 81
136 32 58 93
136 34 19 138
136 45 33 120
136 49 46 154
136 51 13 98
136 54 25 7
136 56 38 87
136 58 10 3
137 1 34 1
137 7 22 42
137 18 58 17
137 19 38 178
137 25 41 200
137 27 13 137
137 29 56 133
137 40 7 149
137 44 19 51
137 46 50 183
137 48 16 194
137 56 3 63
137 59 25 162
138 3 9 21
138 6 15 169
138 11 31 69
138 16 13 59
138 18 33 84
138 24 50 68
138 25 55 200
138 26 7 65
138 28 40 96
138 34 58 138
138 54 25 107
138 56 1 212
138 60 19 78
139 3 37 203
139 9 47 38
139 18 1 84
139 20 40 134
139 26 34 95
139 27 10 130
139 34 43 148
139 36 29 150
139 43 13 156
139 44 17 37
139 46 25 182
139 48 50 83
139 54 21 7
139 58 31 3
139 59 19 202
140 4 49 173
140 18 22 17
140 22 53 161
140 24 4 68
140 25 10 200
140 27 1 137
140 28 7 96
140 32 58 16
140 33 20 139
140 49 34 108
140 53 38 28
140 55 31 113
140 56 25 121
140 60 43 49
141 4 16 190
141 13 22 118
141 14 3 15
141 16 59 59
141 20 8 134
141 25 1 200
141 32 52 16
141 34 13 138
141 43 49 12
141 48 31 83
141 51 25 217
141 52 40 57
141 53 55 65
141 54 43 122
142 3 37 180
142 4 1 173
142 16 23 59
142 20 51 186
142 30 13 21
142 32 4 93
142 35 43 56
142 39 31 158
142 48 25 83
142 50 28 219
142 52 10 39
142 59 17 202
142 60 55 78
143 10 13 46
143 14 29 15
143 16 34 59
143 22 17 211
143 26 21 95
143 27 31 130
143 28 37 96
143 31 45 99
143 43 15 12
143 49 10 108
143 50 8 199
143 52 40 39
143 54 2 7
143 60 25 78
144 4 13 173
144 11 5 69
144 21 19 89
144 30 25 93
144 33 21 30
144 36 55 150
144 37 7 157
144 38 32 80
144 40 37 149
144 46 49 91
144 50 3 219
144 54 44 141
144 60 57 168
145 4 9 190
145 6 13 169
145 14 27 15
145 17 5 14
145 23 15 79
145 28 32 96
145 32 1 16
145 42 49 124
145 43 7 156
145 49 19 108
145 51 55 36
145 53 43 65
145 59 22 202
146 2 25 115
146 3 1 180
146 10 11 18
146 12 13 168
146 14 53 15
146 21 41 209
146 29 45 133
146 33 9 139
146 36 59 150
146 47 23 33
146 51 19 97
146 60 32 78
147 4 19 173
147 9 57 147
147 21 35 89
147 22 9 211
147 23 49 79
147 31 37 99
147 33 1 139
147 35 15 129
147 36 13 150
147 40 43 51
147 44 52 37
147 47 7 45
147 48 31 224
147 50 11 219
147 52 4 39
148 3 16 203
148 5 28 111
148 7 1 42
148 10 45 18
148 18 25 84
148 22 40 161
148 27 13 11
148 35 19 129
148 36 35 150
148 40 4 149
148 46 7 182
148 52 22 201
148 59 37 202
149 5 25 111
149 6 56 169
149 7 52 42
149 10 43 18
149 15 13 172
149 16 21 59
149 17 7 179
149 35 1 56
149 38 31 19
149 43 5 12
149 48 46 83
149 49 39 108
149 56 9 87
150 5 22 181
150 17 25 14
150 25 5 200
150 28 46 81
150 34 16 148
150 35 34 129
150 42 57 124
150 43 27 156
150 44 55 37
150 52 7 39
150 53 49 65
150 56 37 121
150 60 1 49
Điểm tối ưu/tốt nhất tìm được: 2005
Thời gian: 360.013730 giây
Trạng thái: VALID
