1385
1 3 45 114
1 7 47 89
1 8 49 121
1 13 31 84
1 14 52 120
1 15 21 68
1 18 25 105
1 19 27 121
1 26 15 133
1 27 10 44
1 28 37 143
1 35 19 98
1 38 39 103
1 39 1 38
2 4 25 102
2 5 23 25
2 9 19 12
2 14 34 18
2 22 43 22
2 25 10 146
2 26 3 133
2 29 51 137
2 30 7 8
2 31 37 75
2 32 13 59
2 35 1 98
2 40 31 80
3 4 13 94
3 5 21 42
3 8 19 129
3 10 7 90
3 14 25 120
3 15 58 21
3 19 28 119
3 20 17 141
3 22 39 119
3 23 55 146
3 29 5 137
3 36 37 13
3 37 3 58
3 40 34 97
4 4 28 102
4 6 51 131
4 7 47 50
4 8 23 129
4 10 43 89
4 16 1 82
4 22 15 93
4 29 21 137
4 31 3 119
4 32 55 59
4 34 33 142
4 36 49 13
4 37 13 81
4 39 38 73
5 4 28 94
5 5 19 25
5 10 37 90
5 12 21 148
5 15 13 56
5 17 41 126
5 20 9 147
5 21 16 66
5 22 33 6
5 27 43 91
5 28 31 143
5 30 49 8
5 34 5 142
5 38 57 103
5 39 1 4
6 4 2 102
6 6 15 131
6 9 7 31
6 12 13 148
6 17 21 49
6 18 11 105
6 19 58 37
6 20 19 147
6 23 31 112
6 26 53 23
6 29 5 101
6 30 44 8
6 36 25 26
6 38 35 103
7 4 52 94
7 9 27 60
7 13 25 84
7 19 31 55
7 20 19 141
7 21 37 37
7 22 1 6
7 25 22 60
7 28 34 143
7 30 16 10
7 31 43 100
7 38 13 26
7 40 10 91
8 10 55 89
8 11 49 118
8 13 16 84
8 15 52 21
8 18 4 105
8 22 37 93
8 23 9 112
8 25 13 119
8 30 1 10
8 31 20 100
8 32 25 59
8 34 31 142
8 37 7 81
9 5 35 25
9 6 55 131
9 10 13 90
9 12 45 148
9 15 58 68
9 16 7 136
9 17 5 126
9 26 27 23
9 27 40 91
9 31 31 98
9 33 17 20
9 36 3 13
9 38 25 103
10 6 7 72
10 7 23 89
10 8 40 129
10 13 47 84
10 15 16 68
10 17 1 49
10 22 43 93
10 27 52 91
10 29 31 137
10 31 25 98
10 34 29 142
10 36 21 26
10 37 35 58
10 40 10 97
11 4 46 94
11 5 17 25
11 6 43 131
11 8 11 129
11 9 37 47
11 10 13 41
11 13 59 84
11 16 57 136
11 17 7 49
11 20 26 141
11 21 19 37
11 28 3 88
11 34 1 142
12 3 23 19
12 4 25 94
12 5 47 25
12 9 49 31
12 17 5 49
12 21 43 37
12 22 1 93
12 26 39 23
12 28 19 88
12 30 34 8
12 34 21 142
12 36 55 26
12 37 7 58
12 38 15 103
12 39 9 4
13 10 15 89
13 14 46 120
13 16 3 22
13 25 7 60
13 26 1 23
13 27 31 91
13 30 52 10
13 31 19 51
13 33 25 20
13 35 13 98
13 37 23 81
13 38 11 103
13 39 37 38
13 40 43 97
14 4 16 94
14 7 29 50
14 9 55 60
14 11 7 118
14 12 35 148
14 17 23 49
14 18 41 105
14 19 49 18
14 21 10 66
14 23 19 112
14 30 13 8
14 31 25 51
14 32 31 59
14 36 43 26
14 38 59 46
15 3 21 19
15 5 25 25
15 9 55 149
15 10 7 89
15 15 49 68
15 18 17 105
15 20 23 141
15 21 31 66
15 23 37 112
15 27 34 39
15 29 3 101
15 33 15 20
15 36 59 26
15 38 13 103
16 2 40 104
16 3 15 19
16 4 46 67
16 5 43 25
16 14 4 18
16 17 11 126
16 21 55 37
16 22 32 93
16 26 21 133
16 27 25 39
16 28 9 143
16 32 37 133
16 33 19 20
16 39 49 4
17 4 19 102
17 8 37 129
17 10 49 90
17 14 22 120
17 16 25 136
17 17 27 49
17 20 35 141
17 23 57 112
17 26 29 23
17 32 46 101
17 34 11 142
17 36 41 26
17 38 7 103
17 39 13 44
18 4 7 102
18 6 10 131
18 9 31 12
18 10 51 41
18 11 43 118
18 14 37 120
18 18 49 105
18 20 23 147
18 22 19 93
18 26 35 23
18 28 15 88
18 30 46 82
18 39 1 44
19 4 1 67
19 5 10 42
19 6 7 131
19 17 13 126
19 27 28 39
19 28 15 143
19 30 55 82
19 31 19 75
19 32 4 59
19 34 47 142
19 35 37 46
19 38 52 103
20 1 22 1
20 4 52 102
20 6 46 72
20 7 15 50
20 9 7 47
20 10 55 90
20 15 31 68
20 16 44 136
20 19 19 55
20 25 34 16
20 26 13 23
20 27 25 44
20 29 17 137
20 30 28 10
20 33 1 123
21 2 37 104
21 3 43 114
21 4 34 67
21 9 49 60
21 10 45 41
21 13 14 84
21 20 5 147
21 21 40 37
21 24 25 86
21 25 7 16
21 26 22 23
21 29 11 101
21 35 3 46
21 38 29 103
22 3 5 19
22 8 51 121
22 11 1 118
22 14 10 18
22 18 58 105
22 24 43 86
22 25 19 16
22 26 49 23
22 29 17 101
22 32 37 101
22 33 53 20
22 35 47 46
22 36 23 13
22 37 55 81
22 40 34 80
23 3 35 114
23 7 13 50
23 15 16 21
23 18 22 114
23 20 7 147
23 27 43 44
23 31 9 100
23 32 40 101
23 35 5 98
23 38 1 103
23 40 19 97
24 3 10 19
24 4 7 94
24 7 41 50
24 9 49 47
24 21 34 66
24 23 1 27
24 28 28 143
24 29 46 137
24 30 13 10
24 33 55 121
24 37 16 58
25 1 10 1
25 3 33 114
25 4 28 67
25 9 19 31
25 15 43 68
25 18 1 105
25 21 7 37
25 22 49 6
25 25 55 16
25 29 13 101
25 32 46 59
25 33 41 20
25 35 3 98
25 36 15 13
25 37 39 81
26 2 13 104
26 3 59 114
26 7 57 50
26 8 47 129
26 9 43 12
26 10 31 41
26 12 5 148
26 15 22 56
26 16 3 136
26 23 37 146
26 24 7 86
26 31 49 75
26 32 40 59
26 36 55 13
26 39 25 4
27 3 29 114
27 7 10 50
27 9 19 47
27 13 51 84
27 16 5 76
27 21 56 66
27 22 43 119
27 24 13 86
27 30 26 8
27 31 31 75
27 36 7 13
27 38 47 103
27 39 38 27
28 1 28 1
28 5 2 42
28 6 25 131
28 16 13 136
28 18 51 105
28 20 44 147
28 21 4 37
28 23 40 112
28 26 17 133
28 29 23 137
28 30 55 10
28 35 7 98
28 36 35 13
29 2 32 104
29 4 9 67
29 6 51 72
29 12 37 148
29 13 35 84
29 21 22 66
29 27 55 39
29 28 25 88
29 30 27 82
29 33 3 20
29 34 17 142
29 36 5 13
29 37 1 81
29 40 13 80
30 2 28 104
30 4 22 94
30 14 43 120
30 15 3 21
30 17 56 126
30 19 40 55
30 27 31 44
30 30 10 8
30 32 58 133
30 33 37 20
30 34 15 142
30 36 46 26
30 37 25 58
30 38 1 26
31 3 41 114
31 5 21 25
31 6 1 72
31 7 7 50
31 9 55 47
31 12 10 148
31 17 25 49
31 18 28 105
31 20 4 141
31 22 31 22
31 23 46 146
31 28 39 143
31 33 15 123
31 34 13 142
31 37 19 58
32 3 3 19
32 5 5 42
32 7 1 89
32 8 17 129
32 14 31 18
32 21 28 66
32 25 13 16
32 28 21 88
32 29 37 137
32 30 58 8
32 38 45 103
32 40 10 80
33 4 13 102
33 5 3 25
33 6 22 131
33 9 43 47
33 12 17 148
33 16 32 136
33 17 11 49
33 18 25 114
33 21 19 66
33 26 55 23
33 27 34 91
33 29 1 137
33 31 37 51
33 34 59 142
33 36 9 13
34 1 34 1
34 2 7 104
34 5 32 42
34 6 28 131
34 10 1 90
34 14 10 119
34 16 5 136
34 21 16 37
34 23 40 146
34 25 43 16
34 30 13 82
34 31 49 100
34 34 23 142
34 37 25 81
34 38 19 103
35 2 57 104
35 5 23 42
35 6 8 129
35 10 33 144
35 13 39 84
35 20 3 147
35 21 25 66
35 23 13 112
35 33 11 20
35 35 17 46
35 37 31 81
35 38 21 103
36 7 22 50
36 11 4 118
36 12 47 148
36 15 25 68
36 17 15 126
36 18 53 105
36 21 49 37
36 25 31 16
36 26 45 23
36 27 55 91
36 32 28 101
36 35 8 46
36 37 10 58
36 40 1 97
37 3 19 19
37 6 33 72
37 7 53 50
37 9 25 149
37 15 9 68
37 16 59 136
37 23 43 112
37 27 21 39
37 28 31 88
37 32 46 133
37 34 39 142
37 36 17 13
37 38 7 26
37 39 13 4
38 2 43 104
38 4 56 94
38 5 13 42
38 8 25 121
38 10 19 89
38 15 40 68
38 16 52 136
38 18 2 114
38 19 34 55
38 22 15 27
38 25 7 146
38 26 5 23
38 35 29 98
38 37 46 58
38 40 37 80
39 3 57 114
39 4 31 102
39 5 37 25
39 8 51 129
39 9 13 47
39 12 19 148
39 13 41 84
39 14 28 120
39 18 35 105
39 19 22 55
39 21 44 66
39 35 25 46
39 36 39 13
40 3 43 19
40 5 14 25
40 7 11 89
40 10 7 144
40 12 53 148
40 13 21 84
40 17 19 126
40 23 25 146
40 25 37 16
40 26 33 23
40 30 49 82
40 32 40 133
40 33 3 123
40 35 57 46
40 37 1 58
41 7 44 50
41 10 31 90
41 15 37 21
41 16 19 136
41 17 17 126
41 28 11 88
41 29 3 137
41 30 46 10
41 31 7 51
41 35 27 46
41 36 41 13
41 39 21 38
41 40 13 97
42 3 27 114
42 7 3 50
42 9 8 12
42 15 31 21
42 18 19 105
42 19 46 55
42 29 44 137
42 30 40 82
42 31 55 100
42 32 49 59
42 40 16 91
43 4 43 102
43 8 1 121
43 9 13 39
43 12 25 148
43 15 19 56
43 18 9 114
43 21 49 66
43 22 55 27
43 23 34 112
43 24 37 86
43 26 11 23
43 27 31 39
43 33 7 20
43 34 41 142
43 40 4 91
44 1 40 1
44 5 27 42
44 10 43 90
44 13 55 84
44 17 19 49
44 21 1 37
44 26 7 23
44 28 17 143
44 30 52 8
44 35 50 98
44 36 33 26
44 37 21 81
44 39 57 4
44 40 4 97
45 6 4 72
45 7 1 50
45 8 26 129
45 9 49 149
45 10 39 89
45 14 19 18
45 19 57 55
45 23 43 146
45 25 10 60
45 26 15 23
45 29 23 101
45 30 31 82
45 36 28 26
45 38 37 103
46 3 13 19
46 4 10 102
46 5 15 42
46 8 55 129
46 9 49 27
46 10 31 89
46 13 43 84
46 15 7 21
46 21 46 37
46 28 5 88
46 32 1 59
46 36 39 26
46 39 19 73
47 1 19 1
47 3 7 19
47 7 27 50
47 16 3 76
47 20 15 147
47 25 22 146
47 26 5 133
47 27 40 44
47 30 49 10
47 32 10 59
47 33 35 20
47 37 31 58
47 38 33 103
47 40 37 97
48 4 40 67
48 6 37 72
48 7 13 89
48 9 44 149
48 10 19 41
48 14 57 120
48 16 7 76
48 20 1 147
48 23 16 112
48 24 49 86
48 25 3 60
48 27 10 39
48 28 23 88
48 33 29 20
48 39 25 38
49 3 17 19
49 7 49 89
49 8 14 129
49 10 3 89
49 16 1 136
49 20 33 141
49 30 40 10
49 33 31 20
49 35 11 98
49 36 51 26
49 37 35 81
49 39 44 38
50 3 1 19
50 4 43 94
50 6 39 131
50 8 53 129
50 9 19 149
50 20 13 147
50 23 50 146
50 25 16 146
50 26 47 23
50 27 28 44
50 31 56 75
50 35 23 46
50 39 31 4
50 40 25 97
51 1 43 1
51 5 35 42
51 6 40 72
51 8 1 129
51 9 31 47
51 13 37 84
51 18 15 114
51 19 52 18
51 24 57 86
51 25 4 16
51 28 27 88
51 31 8 75
51 32 49 101
51 33 13 20
51 40 46 97
52 3 39 114
52 4 43 67
52 5 7 42
52 14 16 18
52 15 52 68
52 21 27 37
52 28 4 143
52 29 34 137
52 31 57 51
52 32 20 59
52 34 9 142
52 35 46 98
52 38 41 103
52 40 13 91
53 3 32 19
53 4 16 102
53 7 34 50
53 9 1 39
53 11 25 118
53 14 39 18
53 16 55 136
53 19 8 121
53 23 46 112
53 25 19 146
53 28 29 88
53 30 22 82
53 31 57 98
53 33 43 20
53 37 37 81
54 4 40 94
54 12 33 148
54 14 15 120
54 15 1 68
54 17 43 126
54 20 59 141
54 22 50 93
54 23 25 112
54 25 19 60
54 26 13 133
54 27 37 39
54 28 7 143
54 29 9 101
54 30 4 10
54 37 46 81
55 4 19 67
55 6 43 72
55 9 2 73
55 11 52 118
55 12 41 148
55 13 27 84
55 14 49 120
55 19 57 18
55 27 46 44
55 29 39 137
55 33 7 123
55 34 55 142
55 35 15 46
55 40 31 97
56 3 59 97
56 4 38 102
56 8 49 129
56 9 13 73
56 10 19 90
56 15 46 68
56 17 7 126
56 19 4 55
56 21 31 37
56 23 52 112
56 27 43 39
56 32 28 133
56 33 9 20
56 36 57 26
56 40 1 91
57 5 31 25
57 6 19 131
57 7 51 89
57 13 7 84
57 15 25 21
57 16 49 136
57 25 10 16
57 29 53 137
57 30 58 10
57 31 14 75
57 32 34 59
57 35 23 98
57 36 28 13
57 38 4 26
58 7 25 50
58 9 55 31
58 11 22 118
58 13 3 84
58 14 31 120
58 19 10 55
58 20 37 141
58 22 39 6
58 25 13 146
58 26 8 133
58 27 34 44
58 30 16 82
58 33 27 20
58 35 5 46
58 40 19 80
59 1 46 1
59 6 13 72
59 10 9 41
59 11 37 118
59 12 7 148
59 14 40 120
59 19 16 121
59 25 1 16
59 26 57 23
59 28 33 88
59 29 26 137
59 37 4 81
59 38 59 103
59 39 20 4
60 4 31 67
60 6 58 72
60 7 20 50
60 10 13 144
60 15 55 21
60 18 7 105
60 23 49 112
60 25 52 16
60 26 37 23
60 27 43 98
60 28 1 88
60 32 25 133
60 38 9 26
60 40 46 80
61 2 49 104
61 4 46 102
61 8 3 31
61 12 56 148
61 13 33 84
61 14 19 120
61 16 37 136
61 18 13 114
61 20 39 141
61 21 52 37
61 26 1 133
61 32 58 59
61 34 35 142
61 35 9 98
61 39 25 73
62 1 37 1
62 4 22 102
62 5 17 42
62 6 58 131
62 15 34 68
62 16 15 136
62 19 31 121
62 22 7 93
62 25 40 16
62 26 51 23
62 30 55 8
62 31 25 100
62 36 43 13
63 1 7 1
63 3 25 19
63 9 15 149
63 10 55 41
63 11 46 118
63 15 40 21
63 18 19 114
63 20 28 141
63 29 13 137
63 32 37 59
63 33 49 20
63 35 10 46
63 37 33 58
63 40 22 91
64 5 49 25
64 9 25 31
64 14 7 120
64 15 1 56
64 17 31 49
64 19 13 55
64 27 19 91
64 30 34 82
64 32 52 59
64 34 57 142
64 36 45 13
65 7 17 50
65 10 25 89
65 11 32 118
65 12 3 148
65 13 45 84
65 15 55 68
65 21 10 37
65 22 37 22
65 28 23 143
65 29 21 101
65 31 13 51
65 33 59 20
65 35 50 46
66 6 1 144
66 9 7 73
66 10 37 41
66 13 19 84
66 18 46 105
66 19 16 55
66 20 27 147
66 26 25 23
66 27 58 91
66 32 43 101
66 34 51 142
66 36 31 26
66 38 29 46
66 40 22 80
67 2 25 104
67 4 49 102
67 9 7 149
67 10 37 144
67 11 13 118
67 12 28 148
67 19 34 121
67 20 1 141
67 25 16 16
67 32 43 59
67 33 57 121
67 36 52 13
67 38 31 103
67 40 4 80
68 5 29 25
68 8 11 121
68 9 1 12
68 10 19 144
68 15 34 21
68 16 9 136
68 17 13 49
68 18 15 105
68 21 37 66
68 22 25 22
68 26 43 133
68 29 58 137
68 34 7 142
68 39 49 73
69 1 25 1
69 3 34 19
69 4 22 67
69 9 49 12
69 14 1 18
69 18 4 114
69 20 32 147
69 25 58 16
69 28 13 88
69 29 7 101
69 31 37 100
69 32 55 133
69 37 28 81
69 38 43 103
69 39 45 4
70 1 1 1
70 2 16 104
70 4 25 67
70 7 37 50
70 12 49 148
70 13 9 84
70 14 34 120
70 15 4 56
70 16 41 136
70 19 21 121
70 23 28 6
70 28 13 143
70 30 31 10
70 33 39 20
70 35 19 46
71 1 4 1
71 2 20 104
71 3 49 114
71 5 1 25
71 14 55 44
71 17 9 126
71 18 23 105
71 19 37 55
71 21 40 66
71 26 17 23
71 28 11 143
71 32 58 101
71 33 51 20
71 36 53 26
72 3 40 19
72 4 10 94
72 7 5 50
72 8 47 121
72 10 27 144
72 11 55 118
72 15 13 21
72 16 3 82
72 20 25 147
72 22 49 22
72 23 34 146
72 30 20 8
72 35 53 46
72 39 43 27
73 2 10 104
73 8 37 121
73 9 39 31
73 12 1 148
73 16 46 136
73 20 15 141
73 21 7 66
73 22 25 93
73 23 22 112
73 26 20 23
73 30 3 8
73 32 52 133
73 36 13 13
73 39 31 38
74 2 46 104
74 7 39 50
74 9 31 60
74 10 49 144
74 11 16 118
74 16 28 136
74 17 3 126
74 18 9 105
74 21 13 66
74 26 11 133
74 28 19 143
74 29 1 101
74 36 58 13
75 6 16 72
75 13 5 84
75 16 23 136
75 17 3 49
75 18 33 105
75 23 28 112
75 27 7 44
75 29 10 137
75 30 38 8
75 31 49 51
75 35 45 46
75 36 21 13
75 37 19 81
75 38 41 46
75 40 57 80
76 1 55 1
76 3 37 114
76 4 13 67
76 14 27 18
76 15 16 56
76 18 7 114
76 19 39 121
76 20 21 147
76 23 1 112
76 24 32 86
76 27 50 39
76 29 25 101
76 31 43 51
76 38 11 26
77 5 41 42
77 6 55 72
77 9 7 27
77 12 51 148
77 14 3 120
77 19 26 55
77 25 13 60
77 30 34 10
77 32 31 133
77 34 37 142
77 35 1 46
77 37 23 58
77 38 39 46
77 40 16 80
78 1 13 1
78 5 37 42
78 9 3 47
78 11 40 118
78 18 21 105
78 19 44 121
78 23 31 146
78 25 25 119
78 26 19 133
78 28 9 88
78 32 34 133
78 33 1 20
78 34 49 142
78 37 28 58
78 40 16 97
79 5 29 42
79 6 4 129
79 8 19 121
79 9 13 12
79 12 58 148
79 16 10 82
79 17 17 49
79 25 26 16
79 28 21 143
79 29 8 137
79 33 23 20
79 36 37 26
79 37 33 81
79 40 1 80
80 4 37 67
80 7 29 89
80 12 43 148
80 15 45 21
80 16 23 86
80 18 56 105
80 20 11 147
80 23 58 146
80 27 52 98
80 28 17 88
80 31 1 51
80 33 21 20
80 35 32 46
80 36 19 13
80 37 5 58
81 4 49 94
81 5 56 42
81 8 34 129
81 13 23 84
81 15 20 21
81 16 1 76
81 18 17 114
81 22 9 22
81 25 3 146
81 28 7 88
81 32 28 59
81 36 31 13
81 40 43 80
82 5 7 25
82 6 32 131
82 7 49 50
82 15 28 68
82 17 9 49
82 23 4 112
82 25 46 16
82 27 37 91
82 29 15 101
82 30 25 10
82 36 35 26
82 37 21 58
82 40 52 97
83 8 29 129
83 12 23 148
83 19 44 18
83 20 31 141
83 22 33 119
83 24 19 86
83 26 3 23
83 27 7 39
83 30 10 123
83 33 57 20
83 36 16 26
83 37 14 58
83 39 25 27
83 40 50 80
84 4 3 94
84 6 19 72
84 7 31 50
84 12 39 148
84 14 7 18
84 17 29 126
84 18 43 105
84 23 13 6
84 26 59 23
84 29 33 101
84 31 25 75
84 36 11 13
84 38 23 103
85 4 16 67
85 9 3 9
85 11 19 118
85 13 29 84
85 15 13 68
85 20 58 147
85 21 52 66
85 28 26 143
85 29 56 137
85 31 31 100
85 34 43 142
85 39 37 4
85 40 7 91
86 1 16 1
86 9 45 31
86 14 13 18
86 15 10 21
86 16 1 22
86 19 3 121
86 20 21 141
86 25 49 16
86 27 58 39
86 34 19 142
86 36 33 13
86 38 27 103
86 40 40 97
87 4 33 94
87 10 25 90
87 12 31 148
87 13 49 84
87 15 43 56
87 17 29 49
87 18 39 105
87 19 51 55
87 22 57 93
87 26 41 23
87 32 19 123
87 35 16 98
87 37 55 58
87 38 4 103
87 39 7 38
88 3 47 114
88 5 40 25
88 6 25 72
88 8 59 121
88 9 32 149
88 15 37 68
88 16 17 136
88 17 1 126
88 23 4 27
88 29 28 137
88 30 43 82
88 38 9 103
88 39 55 38
88 40 22 97
89 3 52 114
89 8 32 129
89 10 26 41
89 12 15 148
89 16 5 82
89 19 43 55
89 20 17 147
89 24 1 86
89 26 9 23
89 29 19 137
89 30 21 10
89 33 46 20
89 39 55 73
89 40 49 97
90 3 31 114
90 4 4 67
90 5 25 42
90 6 28 72
90 7 35 89
90 9 38 60
90 13 11 84
90 17 15 49
90 20 8 141
90 25 22 16
90 27 46 39
90 35 13 46
90 36 19 26
90 37 17 81
91 2 2 104
91 4 37 94
91 5 5 25
91 9 25 12
91 17 23 126
91 19 7 55
91 20 10 141
91 21 13 37
91 27 40 39
91 31 31 51
91 32 16 59
91 33 55 20
91 35 35 46
91 39 19 44
92 6 22 72
92 9 39 149
92 11 58 118
92 13 53 84
92 15 49 21
92 18 37 105
92 19 13 121
92 23 28 146
92 30 8 10
92 31 1 75
92 34 45 142
92 39 31 73
93 3 55 114
93 8 57 129
93 9 43 60
93 15 10 56
93 21 34 37
93 22 13 22
93 27 37 44
93 29 19 101
93 31 1 100
93 33 5 123
93 35 21 46
93 39 49 38
93 40 40 80
94 6 46 131
94 8 53 121
94 9 57 12
94 14 10 120
94 15 4 68
94 16 8 82
94 18 13 105
94 20 29 147
94 27 49 91
94 29 15 137
94 30 19 82
94 35 43 46
94 36 23 26
94 38 55 103
94 40 26 80
95 5 19 42
95 6 10 72
95 7 37 89
95 9 31 31
95 14 22 18
95 16 39 136
95 17 25 126
95 19 1 55
95 20 13 141
95 27 46 91
95 30 16 8
95 32 49 133
95 33 5 20
95 40 28 97
96 4 34 102
96 7 59 50
96 9 27 47
96 11 10 118
96 15 7 56
96 21 2 66
96 27 51 44
96 29 49 137
96 30 37 10
96 31 43 75
96 37 15 81
96 39 19 27
96 40 56 97
97 1 50 1
97 5 10 25
97 6 3 131
97 7 55 50
97 8 59 129
97 9 39 12
97 13 57 84
97 15 28 21
97 18 31 105
97 26 43 23
97 28 1 143
97 33 33 20
97 34 53 142
97 36 14 117
97 40 7 80
98 1 31 1
98 7 51 50
98 8 21 129
98 11 28 118
98 16 34 136
98 17 41 49
98 18 11 114
98 22 55 22
98 30 37 82
98 31 13 100
98 34 3 142
98 36 47 13
98 39 43 73
98 40 7 97
99 1 58 1
99 4 19 94
99 8 44 129
99 9 3 149
99 13 1 84
99 16 11 136
99 20 56 141
99 21 22 37
99 29 41 137
99 30 31 8
99 32 7 59
99 34 27 142
99 36 25 13
99 38 17 103
100 2 52 104
100 5 59 25
100 10 3 41
100 16 21 136
100 26 31 23
100 30 43 10
100 31 37 98
100 34 25 142
100 35 55 46
100 36 1 13
100 37 10 81
100 38 50 103
100 39 13 38
100 40 27 91
Điểm tối ưu/tốt nhất tìm được: 1385
Thời gian: 180.027969 giây
Trạng thái: VALID
