189
1 1 19 19
1 2 32 7
1 3 22 14
1 4 9 6
1 5 14 18
1 6 16 24
1 7 57 27
1 8 43 17
1 9 3 30
1 10 37 19
2 1 43 19
2 2 11 7
2 3 28 21
2 4 31 6
2 5 4 18
2 6 1 22
2 7 49 27
2 8 46 17
2 9 9 30
2 10 13 20
3 1 21 18
3 2 25 7
3 3 9 21
3 4 2 6
3 5 7 18
3 6 4 22
3 7 31 27
3 9 39 30
4 1 43 18
4 2 7 7
4 3 46 21
4 4 4 6
4 5 27 18
4 6 34 24
4 7 19 4
4 8 31 17
4 9 1 30
5 2 27 7
5 3 13 21
5 4 19 6
5 5 31 18
5 6 4 24
5 7 43 4
5 8 49 17
5 9 17 30
5 10 37 20
6 1 37 18
6 2 21 7
6 3 28 14
6 4 13 6
6 5 11 18
6 6 15 22
6 7 7 27
6 8 34 17
6 9 5 30
7 1 58 19
7 2 1 7
7 3 37 21
7 4 7 6
7 5 19 18
7 6 10 24
7 7 25 4
7 8 16 17
7 9 13 30
7 10 31 19
8 2 23 7
8 3 25 21
8 4 29 6
8 5 9 18
8 6 34 22
8 7 13 4
8 8 1 17
8 9 11 30
8 10 19 20
9 1 40 18
9 2 13 7
9 3 22 21
9 4 15 6
9 5 17 18
9 6 28 22
9 7 1 4
9 8 10 17
9 9 43 30
9 10 45 20
10 2 29 7
10 3 55 21
10 4 21 6
10 5 51 18
10 6 1 24
10 7 25 27
10 8 7 17
10 9 15 30
11 1 13 19
11 2 16 7
11 3 40 21
11 4 11 6
11 5 33 18
11 6 25 22
11 7 19 27
11 8 4 17
11 9 37 30
11 10 7 19
12 2 39 7
12 3 19 21
12 4 37 6
12 5 35 18
12 6 22 24
12 7 13 27
12 8 58 17
12 9 25 30
12 10 7 20
13 1 46 18
13 2 4 7
13 3 43 21
13 4 17 6
13 5 29 18
13 6 25 24
13 7 31 4
13 8 19 17
13 9 23 30
13 10 49 20
14 1 1 19
14 2 9 7
14 3 4 21
14 4 23 6
14 5 57 18
14 6 31 22
14 7 45 6
14 8 13 17
14 9 7 30
14 10 25 19
15 1 55 19
15 2 35 7
15 3 16 21
15 4 27 6
15 5 2 18
15 6 7 22
15 7 49 4
15 8 38 17
15 9 19 30
15 10 31 20
16 1 22 19
16 2 19 7
16 3 1 9
16 4 35 6
16 5 59 18
16 6 10 22
16 7 37 27
16 8 52 17
16 9 29 30
16 10 55 20
17 1 16 19
17 2 37 7
17 3 58 21
17 4 43 6
17 5 49 18
17 6 7 24
17 7 1 27
17 8 25 17
17 9 31 30
17 10 51 19
18 2 41 7
18 3 32 21
18 4 25 6
18 5 53 18
18 6 19 22
18 7 37 4
18 8 22 17
18 9 27 30
18 10 2 20
19 1 46 19
19 2 59 7
19 3 50 21
19 4 33 6
19 5 25 18
19 6 13 24
19 7 7 4
19 8 55 17
19 9 21 30
19 10 27 20
20 1 4 19
20 2 47 7
20 3 1 21
20 4 40 6
20 5 55 18
20 6 22 22
20 7 43 27
20 8 28 17
20 9 35 30
Điểm tối ưu/tốt nhất tìm được: 189
Thời gian: 19.956897 giây
Trạng thái: VALID
