2904
1 5 19 286
1 10 8 136
1 13 25 179
1 17 31 94
1 18 28 128
1 19 58 43
1 20 1 263
1 21 50 7
1 26 34 169
1 31 38 229
1 51 45 54
1 59 13 285
1 61 55 268
1 63 4 260
1 72 43 95
2 3 9 182
2 8 46 17
2 10 56 136
2 14 49 275
2 18 40 207
2 27 5 271
2 32 1 266
2 36 37 4
2 39 22 278
2 48 29 25
2 49 31 123
2 56 25 157
2 58 7 75
2 72 13 95
2 75 16 8
3 14 7 212
3 16 13 281
3 18 46 42
3 21 27 251
3 22 43 59
3 33 17 39
3 34 37 289
3 36 39 47
3 40 1 216
3 46 52 102
3 65 3 198
3 67 19 176
3 74 31 265
3 75 58 202
4 3 25 182
4 11 46 110
4 17 10 262
4 21 13 246
4 23 23 240
4 30 51 138
4 36 7 4
4 39 28 204
4 43 17 25
4 61 31 48
4 62 34 262
4 63 43 234
4 71 56 295
4 75 4 202
5 1 52 26
5 3 23 182
5 4 49 280
5 6 19 130
5 12 26 102
5 17 4 238
5 22 40 59
5 25 16 269
5 36 7 161
5 59 57 121
5 60 10 260
5 62 43 170
5 68 31 273
5 69 38 200
6 3 7 182
6 8 43 198
6 9 25 23
6 10 37 136
6 23 58 51
6 32 31 254
6 34 4 289
6 44 10 7
6 58 13 266
6 63 1 234
6 71 49 157
6 73 53 152
6 76 21 152
6 79 16 135
6 80 46 188
7 2 3 139
7 4 46 51
7 5 56 118
7 8 19 241
7 9 51 151
7 13 22 170
7 18 7 145
7 25 25 219
7 32 10 80
7 38 17 244
7 45 39 66
7 53 13 290
7 54 34 42
7 63 31 234
7 73 1 152
8 1 7 90
8 5 25 1
8 16 49 239
8 18 16 262
8 28 41 261
8 31 55 215
8 36 46 205
8 45 59 66
8 56 37 203
8 57 34 135
8 63 19 234
8 64 3 251
8 65 23 198
8 69 1 57
8 72 11 52
9 13 20 80
9 20 34 6
9 28 13 155
9 33 23 150
9 39 46 58
9 42 1 98
9 48 5 254
9 49 8 123
9 52 52 285
9 55 31 56
9 60 16 166
9 62 57 75
9 70 25 187
9 77 37 38
9 80 43 258
10 1 7 26
10 10 25 210
10 11 19 270
10 18 37 128
10 19 31 43
10 20 3 88
10 33 59 39
10 43 15 216
10 45 47 282
10 50 1 128
10 64 13 47
10 73 45 81
10 75 22 202
10 76 29 152
11 5 37 1
11 9 26 151
11 12 13 73
11 23 23 40
11 26 45 25
11 33 1 150
11 35 50 69
11 39 19 278
11 45 10 66
11 46 34 246
11 50 5 283
11 52 7 285
11 64 43 47
11 69 55 200
11 71 31 295
12 3 59 182
12 5 43 1
12 22 52 59
12 24 13 32
12 37 33 19
12 44 22 295
12 55 25 69
12 56 38 118
12 64 3 47
12 65 28 211
12 68 49 29
12 75 10 202
12 76 55 168
12 79 7 39
13 10 37 210
13 11 25 110
13 22 28 191
13 25 4 87
13 26 20 159
13 28 1 250
13 31 13 206
13 41 47 76
13 42 31 98
13 46 52 255
13 55 43 121
13 63 34 234
13 67 55 176
13 68 7 273
13 76 41 152
14 14 19 212
14 18 58 42
14 21 13 71
14 29 49 115
14 36 43 4
14 38 23 229
14 39 1 9
14 41 31 76
14 42 55 98
14 50 17 246
14 58 29 235
14 60 25 166
14 64 33 47
14 67 8 58
14 68 46 273
15 7 43 34
15 9 13 191
15 10 49 105
15 13 31 84
15 20 40 263
15 23 29 298
15 25 1 269
15 40 4 84
15 50 19 128
15 56 21 207
15 61 10 135
15 66 17 138
15 68 7 29
15 70 25 159
16 5 19 1
16 16 37 252
16 23 17 298
16 34 55 266
16 35 50 36
16 54 43 245
16 59 25 285
16 66 8 231
16 69 46 200
16 71 34 271
16 73 23 78
16 75 10 8
16 76 2 99
16 78 13 183
16 80 31 258
17 1 22 90
17 2 14 254
17 15 43 268
17 16 1 154
17 17 28 262
17 21 50 8
17 23 19 40
17 25 58 269
17 31 7 88
17 34 5 272
17 36 25 161
17 41 11 76
17 53 37 267
17 69 33 188
18 1 13 26
18 5 43 208
18 9 32 151
18 11 55 270
18 21 39 219
18 40 9 84
18 41 7 76
18 44 25 7
18 45 37 66
18 51 19 54
18 52 49 149
18 58 23 119
18 63 1 108
18 76 16 249
19 5 44 116
19 6 55 59
19 15 4 268
19 19 28 74
19 28 16 155
19 29 31 53
19 33 35 22
19 38 37 79
19 39 25 204
19 47 52 83
19 57 40 6
19 61 10 48
19 64 2 276
19 68 7 150
19 73 22 81
20 2 49 254
20 5 1 105
20 26 58 216
20 27 53 136
20 29 31 290
20 33 22 39
20 40 37 40
20 41 55 250
20 42 19 98
20 53 25 112
20 64 11 276
20 67 7 176
20 70 13 159
20 76 5 173
21 1 37 90
21 7 7 27
21 17 1 222
21 23 11 240
21 28 31 250
21 41 49 152
21 48 4 25
21 55 33 255
21 59 51 245
21 63 16 234
21 71 40 295
21 77 25 22
21 78 19 9
21 79 13 121
22 1 49 174
22 2 13 139
22 4 31 280
22 7 37 34
22 14 1 245
22 22 7 66
22 23 47 240
22 34 57 84
22 44 28 119
22 49 19 123
22 51 43 80
22 64 53 47
22 68 34 29
22 72 10 95
22 80 25 258
23 1 25 90
23 10 56 210
23 17 13 94
23 26 32 291
23 45 5 138
23 47 21 83
23 48 35 101
23 52 1 149
23 58 11 235
23 63 28 234
23 64 17 47
23 67 37 176
23 69 19 200
23 73 43 81
23 78 49 145
24 3 15 182
24 4 55 167
24 5 19 251
24 6 32 59
24 10 43 105
24 15 52 103
24 19 38 270
24 24 25 192
24 27 47 287
24 28 41 250
24 39 49 34
24 48 5 51
24 58 29 226
24 67 7 86
24 78 1 124
25 1 28 26
25 9 50 23
25 13 4 80
25 15 57 103
25 18 46 145
25 26 19 252
25 29 37 115
25 32 43 24
25 35 9 190
25 52 16 109
25 54 1 153
25 62 13 278
25 72 25 52
25 73 7 81
25 77 31 206
26 20 13 88
26 27 53 287
26 31 49 180
26 33 35 150
26 34 19 289
26 35 37 36
26 37 55 238
26 42 22 98
26 45 25 66
26 57 46 6
26 58 7 226
26 62 32 170
26 65 1 198
26 67 3 78
26 69 27 104
27 12 1 241
27 19 28 43
27 28 33 250
27 38 55 79
27 40 8 216
27 41 16 211
27 44 13 295
27 58 45 266
27 62 10 170
27 67 38 228
27 71 52 271
27 74 57 289
27 78 19 145
27 80 25 188
28 6 20 231
28 13 40 179
28 20 37 154
28 36 43 205
28 41 15 76
28 45 35 282
28 46 31 246
28 48 13 133
28 54 4 117
28 57 1 6
28 61 49 135
28 67 7 35
28 73 46 152
28 78 25 9
28 80 58 258
29 1 10 26
29 2 55 139
29 6 31 2
29 9 25 222
29 17 38 161
29 32 19 24
29 34 1 289
29 43 3 201
29 47 46 83
29 53 13 122
29 60 7 260
29 67 49 176
29 72 41 52
29 73 59 78
29 75 43 71
30 1 4 26
30 7 13 162
30 9 49 191
30 12 27 97
30 15 40 268
30 17 7 222
30 25 31 269
30 30 43 201
30 35 19 190
30 36 10 18
30 55 37 220
30 70 55 47
30 75 34 202
30 76 2 249
31 7 19 34
31 8 10 17
31 9 31 191
31 13 28 179
31 22 7 202
31 23 5 240
31 24 14 119
31 32 46 61
31 33 23 139
31 35 1 190
31 46 52 233
31 48 59 254
31 57 25 176
31 64 37 47
31 73 35 152
32 6 37 287
32 10 1 136
32 24 56 186
32 26 10 291
32 30 19 201
32 36 13 205
32 40 49 87
32 41 17 76
32 45 46 66
32 50 41 19
32 55 28 69
32 60 52 58
32 61 7 43
32 79 31 39
33 3 17 295
33 4 37 51
33 10 7 210
33 15 49 103
33 23 35 240
33 27 55 271
33 31 57 293
33 39 52 204
33 44 19 295
33 52 40 5
33 56 25 223
33 60 1 58
33 62 31 5
33 70 13 233
33 75 4 8
34 6 33 103
34 14 14 245
34 15 38 17
34 23 9 51
34 34 47 272
34 36 50 4
34 38 25 24
34 43 41 216
34 44 58 211
34 46 1 246
34 54 4 192
34 65 23 79
34 69 31 188
34 76 55 152
34 78 19 124
35 12 43 73
35 14 7 137
35 18 37 207
35 21 25 71
35 25 22 269
35 27 5 169
35 30 31 201
35 33 17 22
35 40 11 216
35 43 19 70
35 51 1 54
35 54 49 192
35 68 40 273
35 69 14 35
35 76 58 152
36 3 1 182
36 6 49 159
36 14 57 137
36 20 31 74
36 32 3 61
36 37 19 32
36 48 46 133
36 52 28 5
36 57 38 262
36 59 7 61
36 62 14 169
36 72 17 95
37 4 25 51
37 15 14 17
37 17 51 14
37 19 58 270
37 22 44 101
37 23 5 40
37 26 22 291
37 28 7 41
37 36 28 47
37 38 47 79
37 39 55 278
37 57 40 105
37 62 37 169
37 71 31 263
37 77 1 15
38 10 25 11
38 14 33 245
38 21 3 193
38 27 7 208
38 38 59 229
38 41 53 76
38 42 13 98
38 45 1 66
38 56 49 2
38 62 9 75
38 65 40 211
38 66 31 231
38 73 47 199
38 74 43 259
38 80 37 202
39 1 1 90
39 4 22 51
39 8 16 180
39 12 25 30
39 20 49 88
39 25 52 269
39 29 7 60
39 31 55 229
39 34 11 84
39 40 59 84
39 48 13 207
39 53 43 16
39 70 37 233
39 77 31 240
40 2 37 147
40 5 7 52
40 6 45 2
40 14 13 275
40 15 26 17
40 26 55 291
40 28 43 250
40 32 31 266
40 43 5 201
40 45 58 138
40 52 52 149
40 58 41 75
40 60 22 166
40 69 1 200
41 4 25 172
41 8 55 205
41 10 20 210
41 12 37 241
41 17 31 286
41 23 51 40
41 29 15 261
41 33 4 39
41 34 13 289
41 61 7 48
41 62 58 262
41 65 53 79
41 68 10 29
41 75 1 203
41 77 44 22
42 7 56 34
42 19 43 97
42 21 19 193
42 22 28 59
42 23 33 40
42 35 37 173
42 40 8 211
42 48 35 207
42 49 1 123
42 50 31 24
42 54 16 42
42 55 10 255
42 57 25 56
42 58 47 266
42 65 13 198
43 4 55 172
43 5 9 208
43 8 28 103
43 15 46 268
43 20 16 6
43 23 7 40
43 36 21 205
43 39 37 70
43 51 31 54
43 57 43 262
43 58 2 75
43 63 4 108
43 64 25 251
43 72 35 24
43 80 13 258
44 9 31 272
44 23 29 240
44 27 25 271
44 29 20 261
44 42 4 98
44 52 51 5
44 53 43 267
44 56 56 203
44 57 1 223
44 58 11 63
44 59 37 61
44 72 15 95
44 74 7 63
45 9 55 272
45 10 49 136
45 13 26 84
45 30 33 133
45 37 15 63
45 48 23 4
45 52 37 285
45 56 43 118
45 60 1 95
45 64 13 251
45 65 4 211
45 70 19 282
45 71 9 271
45 76 31 168
46 2 2 147
46 15 16 103
46 26 46 216
46 28 20 250
46 32 34 254
46 33 23 22
46 36 58 161
46 47 13 83
46 48 56 51
46 50 29 246
46 52 40 285
46 54 31 192
46 69 51 200
46 72 27 95
46 74 7 265
47 3 3 182
47 11 22 185
47 12 50 73
47 20 55 74
47 29 45 60
47 42 34 98
47 45 41 1
47 48 1 25
47 59 13 130
47 70 26 282
47 72 59 95
47 74 37 126
47 75 19 8
47 76 43 168
47 78 7 124
48 1 55 26
48 4 13 51
48 5 26 208
48 11 16 270
48 31 19 229
48 32 31 81
48 34 11 289
48 37 49 251
48 44 43 151
48 50 23 246
48 56 37 157
48 57 46 223
48 68 4 273
48 74 7 126
49 2 31 3
49 3 41 182
49 16 19 281
49 23 44 40
49 29 37 261
49 32 25 81
49 42 55 239
49 44 28 7
49 49 15 226
49 56 9 157
49 69 23 200
49 71 46 263
49 72 7 24
49 73 4 81
49 76 35 168
50 1 16 26
50 9 7 272
50 10 43 210
50 14 50 110
50 16 31 207
50 17 1 238
50 25 4 269
50 26 37 291
50 29 25 290
50 31 56 88
50 36 40 4
50 40 29 216
50 53 20 267
50 73 11 152
51 11 13 270
51 12 19 102
51 13 50 84
51 15 10 103
51 30 57 201
51 33 29 39
51 34 45 289
51 36 16 205
51 37 25 170
51 39 7 259
51 44 1 295
51 56 33 76
51 69 5 200
51 75 40 8
51 76 37 168
52 4 16 172
52 10 7 116
52 23 11 40
52 26 44 291
52 32 57 266
52 34 29 84
52 37 37 14
52 40 41 80
52 43 35 25
52 44 1 7
52 54 22 192
52 62 4 278
52 69 13 104
52 74 31 126
52 78 25 199
53 11 52 270
53 16 26 239
53 17 46 262
53 37 37 19
53 41 41 76
53 48 31 101
53 51 13 54
53 55 43 149
53 60 10 166
53 61 58 48
53 64 33 251
53 69 3 200
53 71 19 263
53 73 1 199
53 76 22 168
54 3 57 182
54 9 45 191
54 13 1 179
54 14 49 137
54 29 19 115
54 33 29 150
54 41 55 149
54 44 4 295
54 52 26 198
54 53 38 16
54 57 31 262
54 65 7 79
54 70 9 282
54 77 13 22
55 8 34 117
55 12 56 97
55 13 31 179
55 16 25 12
55 23 40 51
55 40 29 14
55 46 46 166
55 52 19 109
55 55 22 255
55 56 1 157
55 60 13 260
55 64 9 251
55 68 16 29
55 77 51 206
56 2 1 254
56 4 19 172
56 7 7 162
56 8 43 275
56 14 37 212
56 18 57 145
56 24 49 199
56 25 31 219
56 32 15 266
56 38 29 79
56 49 25 123
56 63 22 234
56 65 34 83
56 76 53 168
57 6 57 130
57 8 32 268
57 16 51 281
57 22 27 28
57 23 41 40
57 32 22 266
57 33 55 39
57 40 13 216
57 42 4 103
57 47 1 83
57 48 25 4
57 60 38 166
57 62 7 169
57 78 15 199
57 80 10 32
58 18 46 151
58 24 9 144
58 25 49 269
58 27 19 136
58 32 34 266
58 39 40 278
58 51 27 54
58 55 4 69
58 57 13 6
58 58 7 278
58 60 37 269
58 73 16 152
58 77 55 38
58 79 1 121
59 15 10 268
59 16 1 281
59 30 19 138
59 31 25 88
59 34 39 289
59 41 33 152
59 42 7 217
59 48 52 51
59 52 43 5
59 53 56 267
59 56 13 118
59 64 31 251
59 71 46 29
59 75 49 25
60 4 9 280
60 14 31 275
60 17 52 94
60 23 23 298
60 26 1 291
60 28 59 250
60 30 25 138
60 32 49 81
60 40 7 14
60 43 43 25
60 51 55 54
60 54 13 241
60 56 19 2
60 69 4 104
60 72 29 24
61 1 46 26
61 2 13 3
61 4 22 280
61 11 19 100
61 17 43 286
61 24 1 119
61 28 49 250
61 38 33 24
61 40 17 216
61 45 41 166
61 48 59 101
61 53 37 290
61 63 10 234
61 77 55 22
61 80 7 32
62 1 34 26
62 6 55 231
62 9 39 222
62 12 1 102
62 16 25 281
62 27 23 271
62 29 43 261
62 32 10 266
62 33 37 39
62 43 7 25
62 44 16 7
62 49 19 226
62 68 52 161
63 6 3 2
63 10 13 105
63 12 7 241
63 16 37 213
63 22 43 108
63 27 23 208
63 33 53 39
63 45 17 66
63 47 49 83
63 50 1 19
63 55 58 255
63 57 25 6
63 67 31 176
63 80 20 258
64 1 46 90
64 2 7 3
64 7 13 204
64 11 43 110
64 19 52 43
64 23 5 298
64 31 1 21
64 34 35 272
64 39 49 204
64 43 59 25
64 56 25 76
64 71 19 273
64 75 56 25
64 77 38 240
64 79 32 121
65 5 37 52
65 13 13 84
65 17 57 94
65 24 7 199
65 27 16 287
65 28 11 41
65 29 1 115
65 40 25 216
65 43 5 216
65 44 28 295
65 50 51 128
65 52 46 149
65 61 19 48
65 62 22 262
65 75 31 25
66 5 55 1
66 7 19 162
66 12 37 77
66 14 44 96
66 20 16 88
66 26 25 79
66 32 28 266
66 33 11 21
66 36 49 205
66 40 41 14
66 57 4 159
66 68 1 29
66 69 59 200
66 74 32 213
66 77 7 206
67 8 19 117
67 12 7 102
67 22 25 59
67 23 17 40
67 24 31 199
67 26 43 30
67 30 55 87
67 31 37 293
67 32 4 230
67 35 13 69
67 36 1 161
67 42 46 98
67 44 22 7
67 49 49 226
67 73 29 199
68 9 7 151
68 10 31 136
68 11 58 100
68 23 35 40
68 28 1 155
68 30 19 293
68 35 50 220
68 36 4 161
68 39 13 70
68 46 55 255
68 54 37 192
68 60 16 260
68 62 44 169
68 67 25 244
68 73 40 81
69 2 7 147
69 9 13 272
69 11 43 100
69 12 19 73
69 33 59 22
69 35 25 190
69 44 40 265
69 45 51 66
69 48 53 254
69 50 47 128
69 53 31 122
69 59 55 285
69 70 1 282
69 79 37 135
70 5 31 1
70 6 38 231
70 12 1 11
70 20 55 213
70 24 7 186
70 35 13 220
70 47 58 83
70 48 53 25
70 49 43 226
70 50 11 128
70 68 28 29
70 74 49 126
70 75 25 203
70 77 19 240
71 5 51 286
71 11 39 185
71 15 19 103
71 16 33 252
71 18 13 4
71 19 16 74
71 25 9 87
71 37 55 73
71 40 31 14
71 41 59 76
71 55 28 149
71 57 22 6
71 72 37 24
71 74 1 126
71 79 25 39
72 1 25 26
72 6 49 231
72 12 44 77
72 14 37 110
72 29 19 53
72 42 28 280
72 47 4 83
72 51 7 287
72 58 35 235
72 61 1 171
72 70 13 282
72 74 56 265
72 78 31 124
73 1 22 26
73 8 1 180
73 15 50 268
73 22 19 160
73 24 43 256
73 39 4 186
73 46 16 255
73 48 57 101
73 50 9 128
73 52 13 149
73 53 38 122
73 70 32 233
73 72 25 95
73 76 29 168
74 4 31 167
74 9 50 272
74 10 21 105
74 14 25 245
74 17 7 94
74 18 43 128
74 19 1 74
74 25 16 87
74 28 29 41
74 31 37 88
74 32 13 81
74 54 10 42
74 58 5 226
74 65 19 83
74 72 46 95
75 2 37 3
75 5 56 199
75 8 15 101
75 12 31 241
75 19 8 117
75 22 1 202
75 27 35 287
75 30 19 235
75 41 43 152
75 42 28 217
75 49 50 123
75 50 23 19
75 60 4 58
75 70 45 47
75 75 25 8
76 1 43 90
76 4 46 280
76 13 13 179
76 15 25 103
76 19 40 43
76 23 53 40
76 28 35 250
76 29 8 261
76 31 19 180
76 34 1 73
76 52 4 5
76 53 57 122
76 57 28 6
76 61 37 71
76 70 31 282
77 2 25 57
77 15 22 103
77 21 7 193
77 22 19 202
77 25 46 269
77 39 16 186
77 51 51 56
77 56 37 76
77 57 58 6
77 63 4 234
77 73 14 152
77 76 1 62
77 79 43 39
78 8 50 17
78 23 3 40
78 26 19 291
78 30 31 4
78 43 35 216
78 46 46 265
78 49 37 123
78 64 1 129
78 67 13 176
78 71 43 271
78 74 25 168
78 77 7 38
78 78 55 9
79 3 43 182
79 11 34 270
79 12 49 30
79 15 1 268
79 20 31 154
79 27 46 271
79 38 17 229
79 42 37 98
79 46 13 255
79 48 21 4
79 56 7 2
79 58 11 119
79 64 23 251
79 69 19 188
79 77 25 240
80 14 20 137
80 29 7 290
80 31 44 88
80 34 11 272
80 36 56 4
80 41 1 76
80 42 25 70
80 44 40 29
80 50 16 128
80 57 28 176
80 59 31 130
80 65 49 211
80 66 59 231
80 71 37 271
80 73 3 152
81 1 16 174
81 3 37 182
81 4 13 172
81 13 39 84
81 23 49 40
81 24 43 199
81 28 47 250
81 31 33 293
81 34 55 289
81 39 10 9
81 41 3 76
81 45 23 282
81 54 7 42
81 67 19 28
81 68 52 29
82 2 31 256
82 3 29 182
82 8 37 268
82 15 7 103
82 17 49 94
82 25 1 87
82 26 52 291
82 32 22 61
82 42 10 98
82 50 4 19
82 56 43 76
82 63 58 234
82 74 25 126
82 78 13 145
83 2 49 3
83 5 19 52
83 13 55 179
83 30 44 138
83 40 33 14
83 52 58 5
83 53 26 16
83 60 1 220
83 69 23 188
83 71 16 273
83 72 31 95
83 75 10 25
83 79 39 39
83 80 7 258
84 10 9 185
84 12 37 97
84 13 16 179
84 15 1 103
84 21 25 246
84 23 59 240
84 27 47 169
84 37 19 19
84 38 7 229
84 39 13 9
84 63 49 108
84 68 34 273
84 69 57 200
84 74 43 213
84 76 41 168
85 3 5 182
85 9 39 272
85 19 43 43
85 24 13 264
85 32 55 81
85 35 1 36
85 36 32 205
85 37 20 14
85 40 47 14
85 60 7 95
85 65 35 79
85 68 58 102
85 69 25 200
85 71 28 263
85 76 17 168
86 1 31 90
86 10 21 136
86 26 4 291
86 28 7 155
86 29 25 60
86 33 11 139
86 38 15 24
86 43 13 25
86 45 29 1
86 46 40 246
86 52 34 219
86 54 46 153
86 61 55 43
86 64 1 251
86 72 53 95
87 2 25 256
87 9 49 222
87 12 37 73
87 15 7 17
87 22 16 59
87 23 32 51
87 30 1 138
87 39 58 278
87 48 47 254
87 54 55 153
87 55 43 255
87 61 13 135
87 63 10 108
87 64 5 251
87 70 19 75
88 11 57 110
88 15 7 268
88 16 37 281
88 19 34 43
88 22 46 86
88 27 21 271
88 32 1 80
88 40 49 14
88 44 43 29
88 58 10 278
88 59 25 121
88 64 19 47
88 67 14 28
88 68 31 29
88 72 4 95
89 2 14 21
89 3 59 295
89 17 1 293
89 20 7 263
89 22 22 263
89 30 37 235
89 35 55 220
89 38 41 24
89 41 29 76
89 42 34 11
89 61 4 52
89 62 31 169
89 67 43 176
89 70 49 187
89 74 25 265
90 3 52 295
90 7 43 162
90 11 34 100
90 14 38 245
90 19 20 74
90 28 25 250
90 31 27 283
90 47 31 83
90 52 10 5
90 60 49 166
90 66 5 94
90 71 56 273
90 74 1 213
90 79 16 192
91 10 13 116
91 12 7 97
91 15 19 17
91 24 44 119
91 29 37 60
91 32 49 24
91 39 31 278
91 54 52 153
91 61 26 48
91 65 11 211
91 69 35 200
91 70 1 187
91 74 57 168
91 75 22 8
92 2 20 3
92 3 11 182
92 4 3 172
92 5 31 208
92 9 43 272
92 14 25 137
92 22 37 59
92 24 7 256
92 37 13 14
92 58 1 235
92 68 40 102
92 74 49 63
92 76 17 99
92 77 55 240
93 1 43 174
93 12 37 292
93 19 46 97
93 26 57 30
93 28 13 41
93 31 49 293
93 35 7 69
93 40 55 84
93 48 28 101
93 51 31 80
93 53 1 267
93 55 25 255
93 66 19 94
93 69 15 200
93 77 21 38
94 1 19 26
94 3 35 182
94 5 57 251
94 12 37 30
94 17 49 161
94 18 25 128
94 22 22 66
94 23 28 40
94 31 31 229
94 37 43 14
94 38 9 229
94 43 55 201
94 56 13 203
94 64 3 129
94 69 17 35
95 1 58 90
95 2 37 139
95 4 34 280
95 5 49 116
95 8 31 198
95 21 20 71
95 24 13 144
95 28 45 250
95 32 55 80
95 36 25 205
95 39 4 9
95 45 11 138
95 50 17 19
95 60 8 220
95 80 1 258
96 1 49 90
96 13 22 179
96 15 32 147
96 17 46 286
96 18 25 207
96 23 1 40
96 24 57 119
96 25 28 269
96 28 15 250
96 48 55 101
96 52 19 5
96 59 3 143
96 75 52 202
96 77 37 22
96 79 7 135
97 2 26 139
97 11 40 100
97 12 19 11
97 22 13 202
97 26 16 291
97 28 23 155
97 29 56 60
97 32 37 266
97 35 49 190
97 46 44 233
97 54 1 42
97 56 7 223
97 61 4 48
97 67 31 244
97 73 11 199
98 2 49 139
98 10 13 136
98 16 7 207
98 21 43 193
98 23 11 51
98 25 22 87
98 27 59 287
98 30 31 125
98 35 55 36
98 41 17 149
98 59 25 61
98 60 40 220
98 66 35 138
98 67 1 86
99 19 37 74
99 23 13 40
99 24 1 264
99 36 7 205
99 46 49 255
99 53 25 267
99 55 46 69
99 56 19 76
99 58 53 226
99 59 15 143
99 64 11 251
99 66 55 138
99 75 34 8
99 78 57 183
100 2 43 57
100 7 14 34
100 14 7 110
100 33 19 39
100 35 37 190
100 37 56 14
100 38 52 24
100 39 1 186
100 42 49 98
100 43 41 25
100 50 11 19
100 54 31 42
100 58 26 75
100 60 21 58
100 80 4 32
101 4 28 172
101 8 25 180
101 10 43 11
101 14 19 245
101 19 8 74
101 24 37 199
101 26 49 79
101 27 3 271
101 30 13 235
101 38 53 229
101 53 31 261
101 59 55 61
102 7 19 204
102 8 28 180
102 13 4 179
102 16 49 252
102 22 25 202
102 33 1 139
102 34 16 289
102 36 10 161
102 46 7 233
102 69 40 200
102 74 32 63
102 75 46 71
102 78 55 237
103 6 49 195
103 10 32 210
103 13 46 84
103 19 58 74
103 28 53 261
103 34 29 289
103 36 10 4
103 42 43 98
103 63 7 234
103 67 13 228
103 68 25 29
103 72 3 24
103 73 20 81
103 75 40 71
104 2 43 3
104 5 7 1
104 12 31 30
104 15 25 195
104 21 51 71
104 25 37 87
104 35 55 69
104 36 16 161
104 37 19 238
104 41 11 222
104 54 1 192
104 57 4 223
104 58 35 226
104 66 49 138
104 68 13 29
105 4 19 280
105 12 49 11
105 20 13 263
105 23 9 40
105 25 26 87
105 27 11 102
105 28 4 250
105 29 31 115
105 34 7 84
105 37 55 56
105 38 35 229
105 42 40 98
105 55 46 255
105 61 1 71
106 3 49 295
106 12 1 30
106 14 7 245
106 28 39 250
106 38 20 79
106 54 43 192
106 55 34 69
106 56 51 118
106 58 23 226
106 62 25 262
106 65 15 79
106 66 11 231
106 71 58 271
106 72 13 52
106 80 55 258
107 3 45 182
107 13 58 179
107 15 16 268
107 16 3 239
107 22 25 191
107 24 49 119
107 28 23 250
107 36 10 205
107 39 39 186
107 43 37 201
107 48 1 101
107 50 35 116
107 58 43 278
107 72 33 95
107 80 28 258
108 5 31 118
108 11 46 100
108 23 58 40
108 26 43 216
108 27 35 136
108 36 55 161
108 43 49 216
108 48 20 101
108 50 53 128
108 53 7 16
108 57 1 159
108 58 38 278
108 68 4 222
108 70 25 233
108 80 40 258
109 2 43 254
109 10 1 210
109 21 13 193
109 26 34 119
109 29 7 53
109 43 38 25
109 47 40 83
109 49 25 226
109 57 56 223
109 64 59 47
109 69 11 35
109 73 5 152
109 75 31 8
109 76 20 168
109 79 49 121
110 6 43 103
110 13 34 84
110 21 8 71
110 23 53 240
110 31 19 283
110 41 5 76
110 42 25 98
110 43 23 201
110 46 2 233
110 52 49 285
110 59 37 195
110 63 31 108
110 67 14 58
110 68 55 222
111 4 7 172
111 6 55 159
111 15 4 293
111 19 16 97
111 31 25 206
111 33 35 39
111 40 2 14
111 46 13 166
111 56 19 223
111 59 37 143
111 64 10 47
111 68 43 273
111 74 49 168
111 79 31 135
112 1 16 90
112 2 19 139
112 3 8 133
112 5 37 208
112 11 43 270
112 12 55 11
112 19 46 35
112 25 13 87
112 31 25 229
112 49 31 226
112 55 1 255
112 62 4 262
112 71 10 145
112 78 50 124
113 11 16 100
113 21 57 193
113 27 19 169
113 28 13 250
113 30 50 235
113 35 44 220
113 38 9 79
113 39 39 204
113 43 27 216
113 54 34 192
113 58 25 63
113 60 31 260
113 69 7 200
113 74 21 63
113 77 1 38
114 9 13 23
114 13 19 84
114 18 55 42
114 25 10 219
114 28 17 250
114 39 7 70
114 50 23 116
114 51 49 287
114 52 34 162
114 59 1 130
114 60 40 269
114 63 25 234
114 72 37 95
114 75 31 203
114 79 58 135
115 9 44 222
115 14 33 212
115 16 7 281
115 25 22 219
115 27 13 287
115 34 31 289
115 39 28 278
115 47 16 83
115 51 49 80
115 55 58 198
115 60 19 166
115 68 1 273
115 69 4 35
115 70 37 75
115 73 11 81
116 1 28 90
116 12 31 97
116 14 38 275
116 19 51 97
116 26 15 252
116 27 4 287
116 37 7 238
116 38 13 79
116 39 1 70
116 42 58 239
116 58 43 235
116 62 55 169
116 65 21 211
116 79 46 121
117 7 31 204
117 10 55 116
117 11 28 270
117 12 8 73
117 19 1 43
117 24 45 264
117 32 52 234
117 38 15 229
117 45 17 282
117 48 19 4
117 52 37 5
117 56 21 157
117 58 26 119
117 62 49 75
117 66 41 94
118 1 38 26
118 4 34 51
118 9 7 191
118 15 44 293
118 17 1 262
118 19 4 74
118 20 55 263
118 34 53 84
118 42 49 6
118 48 11 101
118 58 17 75
118 63 25 108
118 66 21 94
118 68 13 273
118 76 47 168
119 3 16 133
119 6 25 231
119 7 1 34
119 9 19 272
119 10 37 11
119 16 32 281
119 20 52 88
119 25 7 219
119 32 49 234
119 44 13 7
119 53 45 122
119 58 43 266
119 66 10 94
119 78 56 124
120 3 51 182
120 7 1 204
120 14 37 137
120 16 26 252
120 24 43 186
120 29 19 290
120 33 13 150
120 40 32 216
120 41 11 149
120 50 53 116
120 54 56 192
120 57 8 6
120 75 16 202
120 80 34 41
121 6 19 59
121 18 58 108
121 23 39 40
121 25 33 87
121 28 15 41
121 29 25 115
121 32 55 24
121 34 37 272
121 37 50 19
121 40 1 84
121 44 44 7
121 50 31 128
121 56 7 203
121 65 23 211
121 78 3 145
122 3 33 182
122 13 40 170
122 19 16 104
122 20 22 213
122 28 10 250
122 29 57 115
122 32 27 80
122 40 37 211
122 41 25 211
122 42 7 98
122 43 35 201
122 52 43 285
122 68 50 273
122 80 46 258
123 15 28 268
123 20 25 213
123 28 13 261
123 51 15 80
123 58 9 119
123 60 43 269
123 66 23 94
123 68 49 102
123 69 5 57
123 70 19 187
123 73 41 199
123 74 55 63
123 76 7 168
123 77 1 240
123 78 37 124
124 5 37 286
124 12 55 228
124 17 28 293
124 26 43 159
124 32 46 24
124 36 4 4
124 41 23 76
124 55 7 149
124 59 31 285
124 62 25 169
124 63 19 108
124 64 15 47
124 69 2 188
124 72 10 24
124 74 49 213
125 1 19 90
125 5 3 118
125 12 55 77
125 18 13 128
125 21 37 193
125 24 25 186
125 27 1 271
125 29 43 115
125 30 7 138
125 31 49 283
125 32 31 32
125 61 34 48
125 68 16 150
125 69 22 57
126 1 25 174
126 2 8 254
126 12 13 30
126 28 4 41
126 33 17 139
126 34 23 272
126 36 1 205
126 40 47 87
126 45 31 66
126 49 55 123
126 51 43 287
126 52 34 5
126 54 19 192
126 69 28 200
126 80 37 258
127 17 46 94
127 21 55 71
127 23 13 240
127 28 35 261
127 35 15 36
127 39 52 70
127 57 31 6
127 60 1 166
127 64 49 47
127 65 4 79
127 66 41 63
127 69 7 57
127 73 9 81
127 74 19 126
127 78 26 124
128 3 58 133
128 11 46 270
128 15 40 103
128 26 1 252
128 29 26 53
128 31 31 283
128 32 37 81
128 38 11 79
128 46 7 166
128 60 4 220
128 61 20 135
128 71 50 263
128 73 17 78
128 78 13 124
129 8 43 17
129 10 33 237
129 17 16 293
129 19 46 74
129 23 31 40
129 26 28 169
129 29 1 60
129 33 5 22
129 38 11 229
129 54 22 42
129 60 55 58
129 68 37 29
129 70 7 159
129 74 51 289
129 75 13 8
130 3 25 133
130 8 4 180
130 22 46 30
130 23 15 40
130 32 40 266
130 34 22 289
130 37 7 19
130 48 11 133
130 52 19 149
130 60 49 58
130 62 28 75
130 68 56 29
130 75 1 8
130 80 34 258
131 4 19 51
131 10 8 105
131 26 22 25
131 29 14 53
131 30 25 201
131 39 49 278
131 40 3 216
131 44 34 7
131 46 43 166
131 52 46 285
131 58 37 226
131 62 55 5
131 72 41 95
131 79 52 121
132 2 7 139
132 7 1 162
132 14 55 212
132 30 37 133
132 33 31 139
132 35 25 220
132 39 34 278
132 43 22 216
132 44 19 7
132 45 11 1
132 52 52 198
132 58 47 278
132 61 49 48
132 62 16 5
132 78 43 124
133 1 49 26
133 6 25 130
133 13 52 179
133 26 40 291
133 29 1 290
133 33 5 150
133 34 47 289
133 39 16 70
133 44 10 295
133 66 34 231
133 74 43 126
133 76 31 152
133 77 55 206
134 2 1 3
134 3 13 182
134 17 34 94
134 25 46 219
134 28 57 250
134 31 49 229
134 34 27 289
134 35 7 36
134 41 5 149
134 43 39 216
134 47 43 83
134 62 16 170
134 70 19 233
134 75 31 202
135 8 22 268
135 11 25 270
135 17 39 238
135 19 51 74
135 24 7 192
135 26 58 169
135 28 37 250
135 29 13 115
135 30 45 235
135 33 1 39
135 45 49 66
135 47 55 83
135 53 33 267
135 58 4 235
135 61 19 268
136 5 3 1
136 8 31 217
136 16 55 157
136 17 25 94
136 19 34 74
136 27 41 287
136 28 28 250
136 32 49 266
136 35 19 69
136 53 8 122
136 55 43 69
136 61 38 48
136 62 52 278
136 66 1 94
136 74 13 126
137 1 4 90
137 2 19 256
137 17 28 161
137 18 32 145
137 22 10 59
137 48 37 101
137 49 39 226
137 50 49 128
137 52 13 5
137 53 51 267
137 56 55 150
137 63 46 108
137 65 2 211
137 69 44 200
137 71 25 295
138 7 50 294
138 15 7 195
138 18 43 42
138 20 19 213
138 25 55 269
138 27 11 287
138 31 13 283
138 33 29 22
138 38 17 24
138 39 22 70
138 42 37 255
138 44 34 295
138 53 25 122
138 76 5 168
138 77 1 206
139 7 55 204
139 19 25 43
139 21 50 246
139 24 19 264
139 30 13 138
139 33 59 139
139 34 9 289
139 35 37 69
139 49 43 123
139 54 4 153
139 55 28 255
139 58 2 63
139 70 32 187
140 7 31 34
140 8 40 205
140 9 19 191
140 11 10 270
140 14 3 137
140 20 43 263
140 34 23 84
140 37 15 20
140 38 13 24
140 39 25 278
140 41 56 76
140 64 8 47
140 69 49 200
140 75 28 203
140 76 38 152
141 1 58 26
141 5 19 199
141 8 31 17
141 11 1 100
141 16 9 213
141 30 37 138
141 37 25 14
141 42 16 98
141 52 55 198
141 57 4 6
141 61 43 48
141 65 7 198
141 66 13 2
141 75 34 203
141 78 49 9
142 4 39 172
142 9 15 222
142 12 43 102
142 14 7 275
142 20 31 88
142 22 49 101
142 32 19 61
142 46 57 246
142 48 47 4
142 59 1 285
142 68 34 161
142 73 13 199
142 78 27 145
142 79 52 135
143 1 40 90
143 4 16 280
143 9 21 23
143 10 1 116
143 11 9 100
143 19 13 97
143 21 25 193
143 33 57 39
143 48 7 51
143 50 55 246
143 54 46 192
143 69 19 57
143 75 34 71
143 77 49 240
143 80 43 202
144 4 31 172
144 6 39 2
144 7 57 162
144 13 10 179
144 14 13 96
144 25 25 269
144 37 43 238
144 38 5 24
144 43 37 216
144 50 21 128
144 52 7 183
144 56 51 207
144 60 34 166
144 61 1 52
144 75 28 21
145 3 17 182
145 12 2 97
145 22 33 66
145 25 19 269
145 27 29 271
145 33 41 22
145 34 7 289
145 36 25 47
145 39 10 259
145 54 50 42
145 57 58 172
145 58 31 119
145 74 13 168
145 76 39 168
145 79 22 121
146 7 25 162
146 8 52 101
146 11 7 270
146 23 21 40
146 29 55 261
146 39 16 278
146 45 23 138
146 51 31 287
146 52 10 285
146 55 1 69
146 62 13 170
146 66 4 231
146 67 43 228
146 79 37 121
147 2 25 254
147 3 23 133
147 6 15 231
147 13 49 179
147 14 7 96
147 17 38 94
147 19 4 43
147 21 32 193
147 22 55 202
147 26 58 291
147 30 43 87
147 48 1 207
147 58 41 119
147 61 52 52
147 70 19 41
148 12 3 73
148 19 19 43
148 21 55 8
148 32 7 266
148 37 31 238
148 43 25 25
148 44 37 7
148 50 47 246
148 51 49 54
148 64 1 47
148 65 10 198
148 66 13 231
148 70 43 282
148 75 28 8
148 77 15 38
149 9 26 272
149 12 49 241
149 13 37 170
149 19 22 43
149 20 19 6
149 23 35 298
149 32 4 266
149 39 32 186
149 43 11 195
149 46 43 246
149 49 13 123
149 53 55 16
149 69 1 35
149 71 40 271
149 77 7 22
150 2 37 256
150 8 57 180
150 11 1 270
150 17 52 238
150 18 25 42
150 20 4 263
150 22 49 59
150 25 13 269
150 36 28 205
150 41 43 211
150 45 41 282
150 52 10 183
150 71 7 295
150 72 35 52
150 76 33 168
151 6 49 21
151 10 25 136
151 13 19 179
151 16 15 213
151 17 43 94
151 19 46 43
151 32 58 81
151 46 7 264
151 48 13 101
151 54 38 42
151 62 10 130
151 69 1 104
151 70 31 159
151 72 23 52
151 73 53 199
152 2 56 3
152 17 16 44
152 18 13 151
152 27 23 287
152 28 7 250
152 39 49 259
152 42 38 239
152 47 28 83
152 48 33 101
152 55 9 56
152 56 43 150
152 58 41 235
152 61 52 48
152 74 19 265
152 79 2 135
153 8 37 198
153 10 31 116
153 14 20 275
153 29 7 115
153 32 52 81
153 33 11 150
153 38 1 229
153 46 49 170
153 53 44 290
153 55 40 255
153 58 26 266
153 63 13 234
153 70 55 187
153 75 4 203
154 3 46 295
154 22 43 66
154 25 2 219
154 36 13 161
154 38 29 229
154 41 9 76
154 43 19 25
154 45 53 66
154 46 34 264
154 47 37 83
154 53 49 290
154 57 55 6
154 63 21 260
154 72 16 52
154 76 27 152
155 8 34 198
155 9 2 191
155 12 26 241
155 20 39 201
155 27 7 271
155 35 43 36
155 39 16 259
155 45 59 166
155 46 10 246
155 52 31 149
155 55 55 235
155 57 49 219
155 60 52 166
155 68 20 29
155 79 13 39
156 4 22 172
156 10 13 210
156 12 8 30
156 13 37 179
156 22 3 66
156 30 50 201
156 42 19 35
156 50 31 19
156 52 40 198
156 53 25 261
156 55 58 235
156 65 17 79
156 66 1 61
156 70 33 75
156 78 45 183
157 1 34 90
157 5 9 118
157 20 38 149
157 27 19 271
157 30 25 235
157 37 13 19
157 45 29 138
157 55 31 69
157 60 58 58
157 62 21 169
157 64 7 251
157 65 17 198
157 70 43 187
157 77 1 22
157 79 50 39
158 9 55 151
158 12 31 102
158 14 13 137
158 16 20 239
158 17 49 238
158 18 28 42
158 20 43 6
158 23 25 40
158 30 9 201
158 48 41 101
158 61 1 48
158 68 52 150
158 75 46 202
158 77 37 206
158 80 4 188
159 11 25 100
159 12 31 73
159 16 43 19
159 22 13 59
159 24 49 186
159 28 55 41
159 29 2 261
159 44 58 7
159 50 7 128
159 58 47 226
159 64 16 276
159 71 37 263
159 76 9 168
159 77 19 22
160 1 13 90
160 10 19 116
160 14 25 96
160 27 49 271
160 32 1 81
160 39 7 9
160 46 10 264
160 54 16 241
160 57 37 6
160 58 5 63
160 59 51 130
160 67 32 58
160 68 55 102
160 73 23 199
160 77 43 240
161 5 14 286
161 8 3 101
161 9 31 222
161 10 43 237
161 11 49 100
161 17 7 262
161 22 19 66
161 40 37 84
161 41 35 211
161 45 1 1
161 48 39 101
161 54 22 100
161 66 53 231
161 71 10 263
161 77 25 38
162 2 55 147
162 3 47 182
162 16 31 239
162 26 51 216
162 29 13 60
162 37 43 63
162 38 41 79
162 39 28 70
162 41 7 152
162 47 25 83
162 51 37 54
162 58 1 278
162 59 19 285
162 64 5 47
162 69 9 200
163 3 49 182
163 5 56 105
163 9 1 272
163 10 44 136
163 11 31 270
163 17 28 259
163 23 7 298
163 24 19 119
163 33 41 139
163 39 37 9
163 40 9 14
163 54 52 192
163 60 34 220
163 61 14 48
163 79 25 135
164 2 25 3
164 4 43 51
164 22 7 59
164 25 40 87
164 30 31 235
164 39 55 259
164 48 47 101
164 53 13 267
164 56 19 203
164 58 5 119
164 59 49 61
164 62 2 169
164 68 10 273
164 71 58 263
164 75 37 8
165 2 20 254
165 4 2 51
165 10 49 210
165 13 34 179
165 15 40 89
165 19 37 43
165 37 25 238
165 43 11 153
165 57 13 223
165 59 7 180
165 64 31 47
165 73 29 81
165 74 55 126
165 80 16 258
166 5 1 208
166 8 55 117
166 33 47 39
166 45 5 282
166 55 20 220
166 56 31 157
166 58 13 226
166 63 16 108
166 64 51 47
166 68 37 102
166 69 53 200
166 74 27 63
166 75 40 202
166 76 45 168
166 77 7 15
167 4 13 280
167 8 22 101
167 14 1 275
167 18 43 145
167 19 10 43
167 32 19 266
167 38 46 5
167 39 40 9
167 44 7 7
167 45 53 282
167 48 29 254
167 50 59 116
167 53 49 261
167 76 25 152
168 4 44 172
168 8 25 217
168 9 21 151
168 13 52 170
168 16 7 239
168 18 37 145
168 26 49 291
168 32 16 81
168 41 19 211
168 42 28 98
168 45 13 66
168 54 40 192
168 59 31 228
168 66 1 231
168 80 4 258
169 3 55 182
169 4 43 280
169 5 7 286
169 12 13 102
169 13 46 179
169 14 19 110
169 17 34 286
169 18 49 233
169 24 2 96
169 31 37 283
169 36 31 161
169 45 41 66
169 61 58 268
169 78 25 183
170 3 5 133
170 9 1 151
170 10 49 185
170 17 13 293
170 27 16 208
170 33 10 39
170 38 43 79
170 49 56 226
170 52 25 5
170 59 19 195
170 61 46 135
170 64 41 251
170 67 31 28
170 70 37 282
170 80 7 188
171 5 1 286
171 15 10 70
171 16 43 281
171 19 49 43
171 23 56 40
171 25 34 269
171 27 17 136
171 28 29 261
171 39 25 259
171 55 40 121
171 61 22 48
171 62 19 170
171 63 13 108
171 75 7 8
171 80 31 137
172 2 38 254
172 5 25 118
172 9 19 222
172 19 49 78
172 30 7 235
172 43 29 201
172 44 55 7
172 45 15 66
172 50 17 116
172 52 1 5
172 59 43 130
172 68 4 29
172 69 31 200
172 74 33 105
172 80 52 32
173 1 31 26
173 7 7 34
173 8 37 205
173 21 55 191
173 24 25 264
173 25 19 87
173 33 59 150
173 40 35 14
173 50 47 19
173 53 49 122
173 56 43 203
173 78 1 283
173 80 13 188
174 8 25 268
174 9 37 151
174 34 41 289
174 41 13 76
174 42 58 98
174 49 9 226
174 50 5 116
174 56 49 223
174 58 45 278
174 60 1 260
174 62 55 262
174 64 16 251
174 69 21 200
174 71 31 100
174 80 28 202
175 12 13 11
175 15 37 103
175 31 43 229
175 35 25 36
175 38 31 79
175 44 40 7
175 46 4 246
175 52 57 149
175 64 35 47
175 67 49 244
175 68 22 273
175 69 17 200
175 70 7 187
175 72 1 24
175 73 19 152
176 4 56 280
176 6 27 2
176 13 43 179
176 15 10 293
176 19 16 43
176 27 49 169
176 32 52 266
176 42 1 280
176 44 4 7
176 52 46 198
176 54 13 192
176 55 19 56
176 56 37 223
176 73 23 152
176 77 31 22
177 7 7 204
177 8 58 205
177 15 25 293
177 16 43 157
177 32 28 32
177 38 13 229
177 48 5 207
177 53 1 122
177 56 38 150
177 60 19 95
177 61 55 48
177 69 33 200
177 72 22 24
177 77 15 240
177 80 50 258
178 2 33 139
178 3 31 182
178 5 49 1
178 6 44 161
178 20 16 263
178 31 56 21
178 36 20 161
178 43 7 201
178 46 4 166
178 50 23 128
178 57 40 159
178 62 37 130
178 64 53 251
178 67 25 58
178 73 9 152
179 1 1 26
179 4 49 51
179 7 25 34
179 19 34 153
179 20 58 213
179 22 55 66
179 27 17 169
179 28 52 250
179 31 19 88
179 39 13 186
179 40 4 14
179 52 43 219
179 53 7 267
179 61 31 71
179 78 37 183
180 11 4 270
180 13 43 84
180 14 31 110
180 15 57 17
180 16 13 239
180 25 7 269
180 26 27 291
180 33 53 139
180 36 1 4
180 52 50 172
180 61 46 48
180 63 38 108
180 69 10 104
180 77 19 206
181 4 16 51
181 10 1 107
181 15 13 268
181 18 49 262
181 22 25 101
181 27 52 169
181 31 44 283
181 33 11 22
181 37 57 19
181 40 7 87
181 43 19 216
181 44 31 7
181 65 5 198
181 66 55 94
182 8 1 17
182 11 13 100
182 13 7 179
182 15 37 57
182 20 25 74
182 21 49 193
182 40 17 14
182 57 43 223
182 62 40 130
182 64 21 47
182 68 31 150
182 70 55 282
182 73 47 81
182 79 28 135
182 80 34 137
183 6 1 59
183 10 37 116
183 14 55 275
183 15 22 17
183 17 16 94
183 19 13 43
183 28 47 261
183 36 31 57
183 37 26 19
183 40 11 14
183 50 34 128
183 60 49 95
183 62 7 5
183 66 41 61
183 77 43 38
184 4 34 172
184 5 26 286
184 8 13 103
184 14 1 110
184 19 43 74
184 33 47 150
184 34 17 272
184 50 11 116
184 58 5 75
184 60 56 95
184 63 22 108
184 70 37 187
184 77 7 240
184 80 49 202
185 5 13 1
185 8 4 17
185 18 58 128
185 21 19 246
185 25 10 269
185 27 29 136
185 33 25 150
185 34 17 2
185 55 7 255
185 56 31 223
185 64 55 251
185 66 46 231
185 72 35 95
185 76 1 168
186 3 39 182
186 14 14 110
186 20 25 263
186 22 49 86
186 26 7 291
186 38 47 229
186 46 19 255
186 47 10 83
186 50 41 116
186 54 4 42
186 58 37 63
186 60 22 95
186 61 43 135
186 63 28 108
186 78 31 9
187 3 27 182
187 7 37 162
187 18 16 151
187 23 47 40
187 35 31 36
187 37 43 56
187 50 8 246
187 52 22 149
187 60 56 166
187 62 1 170
187 65 14 211
187 66 29 231
187 77 49 38
188 5 19 118
188 9 37 191
188 18 55 128
188 20 34 88
188 29 45 53
188 32 31 61
188 42 52 98
188 43 16 201
188 51 7 54
188 66 43 231
188 67 2 228
188 68 26 273
188 69 11 57
188 71 13 271
189 5 31 52
189 7 51 162
189 12 19 97
189 18 3 128
189 21 43 251
189 22 27 66
189 24 57 264
189 31 38 180
189 34 25 289
189 43 55 216
189 62 7 130
189 71 16 271
190 1 52 90
190 3 37 295
190 4 10 172
190 8 49 198
190 11 4 100
190 13 7 170
190 21 43 8
190 27 41 136
190 35 13 190
190 43 1 201
190 45 17 1
190 52 31 162
190 60 28 166
190 64 35 251
190 70 56 233
191 6 55 287
191 8 1 117
191 16 44 252
191 26 13 291
191 27 27 271
191 28 11 155
191 46 4 255
191 48 9 101
191 55 20 198
191 58 17 235
191 60 31 220
191 62 40 169
191 72 29 95
191 73 35 199
191 74 49 265
192 4 25 280
192 8 34 17
192 11 49 270
192 12 19 30
192 16 45 239
192 34 43 289
192 35 55 190
192 36 4 205
192 41 31 211
192 50 40 128
192 55 1 56
192 57 52 6
192 63 7 108
192 64 23 47
192 69 13 200
193 3 53 182
193 5 57 52
193 15 7 293
193 17 19 262
193 18 10 233
193 32 13 61
193 34 16 84
193 37 37 56
193 38 49 5
193 48 28 51
193 54 46 245
193 58 55 119
193 60 43 58
193 66 3 94
193 74 33 289
194 2 55 254
194 8 13 180
194 14 25 275
194 21 37 251
194 22 46 59
194 39 16 9
194 45 41 138
194 51 19 287
194 52 34 149
194 62 10 169
194 65 1 79
194 71 31 271
194 75 50 203
194 78 3 199
195 2 44 139
195 12 25 73
195 19 40 74
195 28 1 41
195 46 37 246
195 53 19 122
195 54 13 42
195 55 16 56
195 58 23 235
195 59 31 180
195 77 50 22
195 78 57 283
195 79 4 121
195 80 10 258
196 5 56 286
196 8 46 275
196 12 7 11
196 20 13 201
196 24 19 186
196 35 32 190
196 36 16 4
196 44 43 295
196 49 1 226
196 55 25 149
196 66 28 94
196 68 37 273
196 70 49 282
196 76 11 168
197 1 43 26
197 3 20 182
197 6 26 287
197 11 22 270
197 19 13 74
197 20 34 154
197 24 37 264
197 25 51 87
197 27 5 136
197 34 49 289
197 36 56 57
197 57 16 223
197 58 31 75
197 64 47 251
197 79 8 121
198 7 44 204
198 10 26 116
198 16 55 281
198 30 31 138
198 31 7 283
198 36 52 205
198 63 38 234
198 67 1 176
198 69 11 200
198 70 14 187
198 79 19 121
199 1 10 90
199 11 28 110
199 17 13 262
199 18 58 207
199 24 51 264
199 43 47 201
199 47 7 83
199 56 19 150
199 60 31 166
199 63 55 234
199 72 39 95
199 73 34 81
199 76 3 168
199 78 43 9
199 79 16 121
200 11 55 100
200 20 34 263
200 27 1 287
200 31 3 229
200 35 9 173
200 37 13 238
200 46 31 264
200 48 7 101
200 52 22 5
200 54 19 42
200 56 49 76
200 59 45 180
200 67 38 58
200 72 27 24
200 79 58 104
Điểm tối ưu/tốt nhất tìm được: 2904
Thời gian: 360.024114 giây
Trạng thái: VALID
