2456
1 2 7 185
1 4 1 204
1 6 13 19
1 11 40 269
1 20 19 226
1 24 25 216
1 25 10 277
1 39 37 95
1 52 45 43
1 57 49 274
1 61 43 50
1 64 33 270
2 3 7 81
2 18 31 297
2 20 13 125
2 27 3 12
2 29 37 296
2 33 55 139
2 38 43 276
2 40 41 291
2 44 20 193
2 50 35 30
2 57 25 283
2 61 23 50
3 9 38 39
3 11 51 129
3 19 1 9
3 23 49 60
3 36 5 155
3 39 29 116
3 41 16 35
3 42 7 104
3 52 31 43
3 54 43 29
4 2 28 78
4 3 55 118
4 12 1 271
4 13 44 243
4 16 19 48
4 20 37 162
4 33 13 139
4 36 8 164
4 48 25 113
4 61 16 50
4 65 4 290
4 68 33 42
4 74 22 245
4 76 10 64
5 4 7 204
5 6 31 284
5 10 17 83
5 13 25 187
5 22 15 232
5 23 57 60
5 30 52 194
5 38 19 124
5 49 5 47
5 53 37 211
5 56 43 238
5 57 1 223
5 59 13 169
5 80 46 4
6 1 7 237
6 10 17 244
6 16 10 48
6 18 13 90
6 21 1 186
6 28 5 251
6 47 25 24
6 53 55 211
6 71 37 178
6 78 57 201
7 9 1 50
7 14 16 98
7 28 26 251
7 32 28 21
7 40 10 291
7 43 3 79
7 50 58 30
7 55 21 41
7 67 40 147
7 69 49 228
7 73 7 8
7 76 43 64
7 80 13 200
8 2 25 94
8 13 44 56
8 25 4 7
8 26 31 67
8 27 9 12
8 47 59 17
8 49 7 23
8 57 37 274
8 70 13 153
8 71 28 178
8 76 1 64
8 79 19 127
9 4 25 135
9 10 13 225
9 12 58 271
9 20 45 57
9 22 29 73
9 28 11 278
9 30 40 255
9 31 9 28
9 36 7 142
9 48 19 68
9 50 5 30
9 51 1 65
9 71 55 178
9 80 16 4
10 9 9 202
10 10 7 225
10 13 31 243
10 19 19 9
10 34 39 179
10 36 17 142
10 44 4 193
10 45 14 126
10 57 25 274
10 60 22 203
10 67 52 147
10 71 1 178
11 3 21 81
11 8 3 197
11 9 7 39
11 13 43 109
11 25 28 257
11 27 9 157
11 46 55 16
11 54 1 87
11 57 13 283
11 61 19 145
11 65 52 290
11 67 32 147
11 70 25 153
12 2 4 185
12 10 11 244
12 17 35 161
12 24 1 216
12 26 14 250
12 27 7 12
12 31 31 28
12 38 50 176
12 42 57 104
12 52 37 144
12 54 9 115
12 59 21 123
12 68 59 42
13 1 1 237
13 18 37 90
13 22 26 232
13 24 31 216
13 25 7 298
13 27 5 12
13 29 10 136
13 32 28 207
13 36 20 192
13 43 16 79
13 53 13 294
13 58 57 138
14 1 19 237
14 11 49 269
14 14 52 98
14 20 10 125
14 32 46 21
14 39 15 116
14 41 7 241
14 50 1 30
14 53 3 211
14 54 17 29
14 55 22 71
15 2 40 94
15 5 20 84
15 17 56 161
15 19 37 9
15 26 43 67
15 33 25 139
15 34 28 179
15 45 1 201
15 58 51 138
15 59 16 169
15 69 34 228
15 72 58 100
15 80 13 260
16 9 3 202
16 11 10 269
16 22 5 73
16 25 16 257
16 34 46 179
16 36 23 248
16 38 19 276
16 39 49 95
16 49 26 47
16 56 13 299
16 70 43 153
16 71 7 178
16 78 33 295
17 8 46 75
17 11 43 269
17 14 25 141
17 27 17 12
17 29 13 136
17 39 41 95
17 57 8 206
17 61 31 50
17 79 19 279
17 80 1 4
18 8 40 75
18 18 7 102
18 19 16 9
18 37 45 34
18 38 55 114
18 42 21 104
18 43 4 93
18 44 28 193
18 47 23 17
18 49 31 47
18 52 49 20
18 61 25 145
18 67 13 147
18 76 34 64
19 4 37 135
19 5 32 84
19 10 43 244
19 11 22 269
19 12 25 271
19 24 28 105
19 26 14 67
19 30 1 255
19 32 19 278
19 36 10 158
19 47 8 24
19 55 41 41
19 62 4 227
20 19 22 9
20 25 4 257
20 26 13 99
20 40 47 291
20 43 19 93
20 47 7 17
20 60 27 203
20 72 1 100
20 75 31 63
20 79 9 127
21 12 7 271
21 13 49 222
21 14 4 121
21 19 32 9
21 25 22 258
21 31 16 28
21 38 37 276
21 48 41 199
21 54 13 115
21 58 56 11
21 61 45 145
21 65 1 290
21 68 20 42
21 78 25 230
22 4 7 135
22 11 25 269
22 12 16 271
22 18 19 90
22 27 1 12
22 30 28 194
22 42 35 104
22 53 41 211
22 59 3 169
22 66 55 1
22 69 32 58
22 74 43 55
22 79 37 127
23 2 28 94
23 9 51 39
23 11 37 143
23 13 19 109
23 17 33 161
23 24 25 105
23 27 15 12
23 36 5 158
23 41 7 242
23 52 1 264
23 54 11 115
24 2 13 78
24 15 7 213
24 18 43 173
24 26 19 250
24 28 37 251
24 32 58 21
24 38 31 196
24 41 40 35
24 43 25 188
24 48 16 199
24 65 28 293
24 70 52 153
24 79 2 2
25 3 31 81
25 10 11 231
25 13 15 222
25 14 49 98
25 18 37 172
25 26 1 67
25 28 41 251
25 29 22 136
25 38 7 196
25 52 55 144
25 54 28 29
25 68 35 42
26 3 49 81
26 9 1 39
26 14 40 121
26 20 16 162
26 21 25 186
26 34 59 179
26 36 14 192
26 39 11 95
26 40 29 291
26 42 55 104
26 56 19 299
26 69 46 228
26 75 43 286
27 6 25 284
27 15 37 213
27 18 14 102
27 22 33 73
27 26 49 67
27 34 5 179
27 45 8 201
27 49 20 23
27 55 11 134
27 69 1 228
28 3 15 32
28 20 31 162
28 22 19 232
28 23 13 60
28 24 7 105
28 27 3 157
28 32 40 236
28 40 21 291
28 42 23 104
28 59 29 169
28 62 10 66
28 66 57 1
28 75 34 63
28 80 26 4
29 4 55 154
29 9 25 39
29 13 38 56
29 25 7 258
29 27 19 12
29 38 21 261
29 43 16 188
29 47 3 24
29 50 49 24
29 56 10 299
29 66 33 1
29 80 13 272
30 9 11 39
30 12 31 271
30 18 55 102
30 20 25 162
30 26 50 250
30 31 29 28
30 32 1 236
30 47 15 17
30 57 38 283
30 60 34 203
30 66 19 1
30 71 4 178
30 78 43 76
30 79 21 2
31 18 50 173
31 23 31 60
31 24 10 216
31 28 7 251
31 36 23 192
31 43 1 93
31 46 4 16
31 48 25 199
31 51 56 279
31 53 45 211
31 57 19 283
31 60 16 203
31 80 34 260
32 1 7 292
32 4 19 286
32 14 31 98
32 15 13 213
32 23 3 60
32 26 55 137
32 32 43 236
32 33 10 139
32 44 34 193
32 48 1 68
32 51 25 88
32 53 17 294
32 57 37 3
32 74 23 55
32 75 49 63
33 2 19 94
33 9 47 39
33 10 17 231
33 16 1 175
33 29 4 136
33 39 45 116
33 40 49 291
33 51 7 88
33 54 15 29
33 55 13 71
33 70 28 153
33 79 37 279
33 80 52 4
34 14 19 141
34 15 49 213
34 19 27 9
34 21 44 186
34 22 7 232
34 27 22 12
34 28 1 278
34 40 16 291
34 46 10 16
34 47 13 17
34 60 58 36
34 68 25 42
34 80 31 4
35 9 5 50
35 10 1 244
35 17 15 161
35 18 25 90
35 22 13 73
35 28 11 251
35 31 33 28
35 41 56 35
35 54 3 29
35 57 43 283
35 69 40 58
35 75 19 63
36 2 16 78
36 11 46 269
36 19 43 9
36 21 37 186
36 30 4 255
36 31 1 106
36 38 19 196
36 52 25 264
36 54 57 29
36 66 59 1
36 72 31 100
37 6 27 19
37 20 55 162
37 23 25 60
37 25 1 110
37 30 19 194
37 36 22 142
37 44 40 193
37 45 43 137
37 47 17 24
37 51 50 152
37 55 10 165
37 61 35 145
37 63 13 247
37 69 7 228
38 3 1 118
38 17 37 161
38 18 19 102
38 27 17 157
38 32 7 236
38 47 23 24
38 51 26 128
38 55 5 165
38 58 55 183
38 66 50 1
38 73 34 8
38 75 52 62
39 16 57 48
39 18 7 173
39 26 33 99
39 32 16 207
39 41 52 35
39 45 1 137
39 48 11 199
39 68 39 42
39 78 19 108
40 3 37 118
40 17 31 161
40 24 16 105
40 28 1 251
40 30 49 194
40 43 34 93
40 44 46 193
40 46 52 16
40 48 20 199
40 55 56 41
40 62 25 227
40 70 7 153
40 76 58 64
41 10 58 83
41 11 1 269
41 13 7 243
41 14 19 98
41 30 34 194
41 31 43 106
41 36 11 192
41 41 22 35
41 49 25 23
41 51 39 128
41 52 13 264
41 55 45 41
41 61 37 145
42 2 19 78
42 11 16 269
42 20 7 125
42 33 1 139
42 39 22 95
42 48 27 199
42 49 5 23
42 58 31 11
42 68 13 42
42 72 43 100
42 73 10 8
43 1 16 38
43 9 29 39
43 16 19 92
43 22 11 232
43 28 39 251
43 32 22 243
43 38 31 276
43 48 25 68
43 51 49 279
43 55 1 41
43 60 8 203
43 62 13 263
43 66 3 1
44 2 33 78
44 3 13 118
44 8 1 75
44 10 59 231
44 29 22 296
44 31 49 28
44 42 41 104
44 47 57 17
44 54 31 29
44 55 3 165
44 62 19 66
44 73 43 8
44 79 25 127
44 80 46 260
45 14 43 98
45 30 46 194
45 38 1 196
45 48 9 68
45 57 49 3
45 62 25 263
45 74 28 245
45 79 14 2
45 80 19 4
46 8 55 75
46 16 7 175
46 23 33 60
46 24 4 76
46 27 15 157
46 28 31 251
46 29 26 296
46 32 52 21
46 37 19 40
46 56 1 299
46 80 57 4
47 3 13 81
47 8 17 75
47 13 55 222
47 14 8 98
47 24 19 216
47 45 37 137
47 47 27 17
47 48 29 199
47 49 5 46
47 51 1 88
47 52 49 43
47 55 11 41
47 61 40 145
47 63 33 247
47 69 43 228
48 6 19 19
48 8 23 75
48 11 34 143
48 14 37 98
48 16 7 92
48 24 40 76
48 29 16 296
48 43 28 188
48 59 13 123
48 69 4 228
48 71 25 178
48 78 49 108
48 80 31 260
49 4 50 135
49 22 15 73
49 24 22 216
49 28 33 251
49 37 43 49
49 52 38 195
49 54 59 29
49 56 19 240
49 67 25 147
49 70 4 153
49 75 55 62
49 79 7 2
50 7 2 217
50 18 33 173
50 29 7 136
50 30 49 255
50 32 22 278
50 41 19 35
50 46 28 16
50 50 31 30
50 52 13 144
50 59 17 275
50 70 46 153
50 78 37 292
51 1 25 237
51 10 1 225
51 13 7 222
51 16 4 175
51 28 13 251
51 29 37 136
51 34 11 179
51 39 17 95
51 43 20 79
51 69 40 228
51 76 46 64
51 79 50 167
52 2 13 185
52 4 43 135
52 8 34 75
52 11 28 143
52 20 3 176
52 30 25 255
52 31 37 28
52 32 10 236
52 37 39 40
52 39 32 95
52 53 1 211
52 64 19 270
52 71 7 122
53 4 25 204
53 5 55 84
53 7 19 217
53 9 53 39
53 13 13 109
53 26 38 99
53 40 23 291
53 41 1 241
53 45 4 137
53 54 33 29
53 57 43 3
53 65 10 151
53 80 49 4
54 3 25 32
54 4 55 286
54 11 4 143
54 22 17 232
54 28 43 251
54 34 35 179
54 40 39 291
54 51 9 152
54 53 14 211
54 62 32 227
54 66 46 1
54 67 49 147
54 74 7 55
55 1 10 38
55 4 1 154
55 8 21 75
55 11 56 143
55 23 45 60
55 24 25 69
55 25 31 257
55 45 34 137
55 58 13 11
55 65 52 293
55 67 37 147
55 80 7 272
56 9 29 202
56 12 40 271
56 27 27 12
56 28 5 272
56 29 34 296
56 39 7 116
56 51 43 128
56 53 25 211
56 63 1 247
56 69 10 58
56 74 16 245
56 75 13 63
56 78 55 230
57 3 25 118
57 16 52 227
57 17 17 161
57 20 13 226
57 24 40 69
57 31 46 106
57 46 1 16
57 50 21 30
57 52 57 254
57 55 7 117
57 69 37 58
57 71 49 178
57 77 4 8
57 79 31 167
57 80 9 4
58 2 10 185
58 4 19 154
58 22 3 73
58 26 49 137
58 27 59 12
58 36 1 248
58 38 37 124
58 40 26 291
58 51 43 88
58 60 31 203
58 61 15 145
58 76 28 64
59 5 1 84
59 8 28 75
59 10 41 225
59 13 56 243
59 16 31 246
59 18 49 90
59 32 37 21
59 46 21 16
59 51 14 88
59 54 53 29
59 65 34 290
59 71 25 122
59 79 8 197
60 11 16 129
60 13 44 187
60 30 10 194
60 32 49 21
60 34 7 179
60 38 56 196
60 39 3 95
60 45 22 126
60 53 19 211
60 57 31 274
60 61 1 145
60 78 38 230
60 80 25 260
61 1 51 38
61 2 22 78
61 9 9 39
61 14 37 141
61 20 58 162
61 23 19 60
61 25 3 182
61 28 55 251
61 32 14 278
61 47 27 24
61 48 7 68
61 50 1 112
61 61 33 145
62 5 37 84
62 6 43 284
62 17 52 161
62 38 7 114
62 39 25 116
62 41 31 35
62 47 15 24
62 50 41 30
62 56 1 240
62 75 19 62
62 79 55 167
62 80 4 260
63 10 1 83
63 17 45 161
63 22 13 232
63 32 4 21
63 37 19 49
63 45 49 201
63 52 7 144
63 58 32 138
63 61 59 145
63 65 40 290
63 69 52 228
64 3 20 32
64 8 15 75
64 10 13 244
64 11 55 269
64 27 47 12
64 38 27 276
64 39 25 95
64 43 7 79
64 49 45 23
64 55 33 41
64 66 5 1
64 71 10 178
64 75 1 63
64 79 49 127
65 1 16 237
65 3 45 118
65 18 3 172
65 20 7 57
65 24 10 105
65 31 37 106
65 32 31 236
65 40 43 291
65 42 27 104
65 61 21 145
65 64 56 270
65 71 34 178
65 72 40 100
65 74 1 55
65 78 49 230
66 1 10 237
66 12 13 271
66 14 34 141
66 26 55 250
66 37 1 34
66 43 19 188
66 49 53 46
66 51 25 65
66 55 29 41
66 59 31 169
66 66 16 1
66 80 22 4
67 2 37 78
67 14 13 141
67 16 16 48
67 19 40 9
67 24 7 76
67 25 10 258
67 29 25 136
67 38 43 268
67 40 3 291
67 46 34 16
67 54 5 29
67 57 55 206
67 59 31 123
67 60 19 36
67 71 22 178
68 1 34 237
68 7 25 217
68 8 43 75
68 19 4 9
68 25 1 7
68 29 31 136
68 31 9 106
68 49 7 47
68 51 51 88
68 55 19 38
68 57 45 223
68 71 40 178
68 77 22 8
68 79 13 197
69 2 7 94
69 4 49 154
69 16 46 48
69 18 55 297
69 24 10 76
69 26 19 99
69 31 4 106
69 42 37 104
69 53 29 211
69 61 53 145
69 74 13 55
69 75 43 62
69 80 16 260
70 9 16 39
70 16 37 48
70 17 22 161
70 20 13 162
70 22 7 73
70 37 49 49
70 39 57 95
70 41 4 241
70 50 19 30
70 51 31 195
70 54 45 29
70 58 25 11
71 2 37 94
71 11 19 129
71 12 49 271
71 18 1 90
71 24 7 216
71 30 22 255
71 36 31 142
71 44 16 193
71 47 25 17
71 49 33 46
71 60 27 36
71 71 43 178
71 74 14 245
72 2 13 94
72 7 43 217
72 23 59 60
72 25 52 298
72 29 16 136
72 39 9 95
72 40 33 291
72 42 31 104
72 52 25 20
72 61 29 145
72 71 19 178
72 72 4 100
73 9 5 39
73 11 22 143
73 13 1 109
73 26 7 99
73 27 35 157
73 28 45 251
73 47 32 17
73 61 13 50
73 65 56 290
73 66 39 1
73 75 28 62
73 79 15 167
74 6 8 19
74 10 31 244
74 13 37 222
74 14 55 98
74 16 46 227
74 19 49 9
74 21 13 186
74 33 34 139
74 41 1 242
74 45 26 126
74 57 19 3
74 59 58 169
74 69 4 58
74 71 52 122
75 1 4 38
75 4 14 154
75 26 57 67
75 27 19 157
75 31 43 28
75 35 21 180
75 36 1 158
75 44 52 193
75 50 55 30
75 62 31 66
75 77 25 8
75 78 7 285
75 80 49 260
76 11 8 143
76 13 38 109
76 17 26 161
76 22 33 232
76 26 45 197
76 30 1 194
76 42 53 104
76 45 19 126
76 53 11 211
76 68 43 42
76 74 31 245
76 78 13 285
76 80 56 200
77 11 7 129
77 28 47 251
77 29 43 296
77 35 55 180
77 37 21 34
77 43 37 188
77 44 13 193
77 62 10 227
77 66 26 1
77 72 52 100
77 75 4 62
77 79 31 127
78 11 28 269
78 14 22 98
78 16 1 246
78 17 7 161
78 23 15 60
78 26 43 99
78 29 10 296
78 31 49 106
78 48 4 199
78 55 17 71
78 75 38 63
78 77 31 8
79 6 55 19
79 24 4 216
79 28 15 251
79 39 51 95
79 42 1 104
79 43 39 93
79 48 13 113
79 53 7 211
79 54 35 29
79 55 26 41
79 62 28 227
79 70 19 153
79 75 22 62
79 78 9 230
80 4 37 154
80 6 55 284
80 8 5 75
80 18 31 102
80 29 19 136
80 31 35 28
80 33 22 139
80 45 44 201
80 55 9 41
80 60 1 36
80 65 13 151
80 68 51 42
80 69 28 233
81 24 55 105
81 30 10 255
81 39 45 95
81 48 19 113
81 54 49 29
81 55 17 41
81 56 7 240
81 59 4 97
81 60 1 203
81 65 13 290
81 75 32 62
81 76 25 64
82 10 7 231
82 11 13 143
82 14 1 141
82 20 4 226
82 22 9 232
82 24 16 69
82 27 23 157
82 38 26 261
82 51 19 88
82 53 39 211
82 77 49 8
83 6 43 19
83 16 13 175
83 20 16 57
83 36 1 142
83 48 23 199
83 57 7 283
83 59 19 123
83 61 21 50
83 62 4 263
83 71 49 122
83 74 11 55
84 4 32 154
84 9 57 39
84 18 27 297
84 30 46 255
84 31 25 28
84 32 21 21
84 35 7 180
84 42 19 104
84 60 37 36
84 62 4 66
84 77 1 8
84 78 50 57
84 79 13 279
85 1 16 229
85 2 55 185
85 13 37 243
85 16 58 227
85 24 28 216
85 33 51 139
85 37 3 49
85 42 45 104
85 52 9 264
85 56 13 238
85 57 19 274
85 66 1 1
85 68 7 42
85 71 31 178
86 6 37 19
86 9 49 39
86 11 45 129
86 13 51 187
86 20 22 162
86 30 55 255
86 41 25 241
86 42 43 104
86 54 13 29
86 57 33 206
86 66 41 1
86 68 31 42
86 72 10 100
86 78 1 285
87 4 8 154
87 5 13 84
87 12 34 271
87 14 43 141
87 28 53 251
87 38 49 196
87 55 3 41
87 68 37 42
87 78 39 57
88 2 31 94
88 4 25 286
88 18 14 297
88 22 22 232
88 33 19 139
88 35 49 180
88 39 1 95
88 45 4 201
88 47 38 17
88 52 43 254
88 55 11 71
88 64 7 270
88 79 55 197
89 9 27 39
89 12 43 271
89 20 46 162
89 23 41 60
89 25 22 257
89 41 13 35
89 43 2 188
89 52 7 20
89 54 25 29
89 55 5 71
89 58 49 183
89 63 37 247
89 71 16 122
89 78 55 285
90 4 1 135
90 13 31 109
90 16 50 48
90 27 44 12
90 29 19 296
90 34 23 179
90 43 7 93
90 47 47 17
90 59 13 275
90 62 16 263
90 74 53 245
90 78 25 285
91 3 7 32
91 11 1 143
91 23 39 60
91 25 26 7
91 41 43 35
91 46 16 16
91 47 4 17
91 49 11 47
91 62 20 227
91 69 57 58
91 72 46 100
92 13 55 109
92 20 7 176
92 24 31 105
92 30 37 255
92 36 19 142
92 49 17 46
92 50 52 24
92 52 13 20
92 53 49 211
92 61 43 145
92 79 1 279
93 2 55 78
93 8 7 75
93 20 49 162
93 22 27 73
93 47 45 17
93 52 19 43
93 53 9 211
93 57 31 283
93 58 2 138
93 62 13 66
93 68 41 42
93 74 25 245
93 80 38 260
94 10 34 231
94 14 55 141
94 18 19 173
94 19 52 9
94 20 10 176
94 27 29 157
94 29 31 296
94 30 13 194
94 39 23 116
94 41 49 35
94 47 40 24
94 61 27 50
94 71 46 122
95 4 31 286
95 9 17 202
95 30 28 255
95 34 25 179
95 38 19 268
95 52 1 20
95 54 37 29
95 60 13 36
95 62 39 227
95 68 49 42
95 70 10 153
96 19 7 9
96 26 55 99
96 27 11 12
96 32 13 21
96 39 43 95
96 45 52 201
96 49 25 46
96 56 4 299
96 58 37 183
96 62 16 66
96 71 46 178
96 75 27 63
97 16 13 92
97 17 5 161
97 23 17 60
97 28 38 289
97 30 52 255
97 37 55 34
97 50 10 30
97 58 31 183
97 62 25 66
97 63 19 247
97 70 49 153
97 74 1 245
97 78 44 230
98 14 28 98
98 20 4 57
98 27 31 157
98 38 55 176
98 39 39 95
98 42 51 104
98 48 23 113
98 52 19 254
98 56 25 299
98 57 7 3
98 74 15 55
98 79 43 167
99 8 25 75
99 9 22 39
99 27 1 157
99 29 40 136
99 32 19 243
99 36 3 155
99 37 43 40
99 44 37 193
99 53 47 211
99 59 7 275
99 61 27 145
99 63 51 247
99 71 31 122
100 5 50 84
100 7 37 217
100 9 13 202
100 18 43 102
100 32 4 207
100 42 15 104
100 45 1 126
100 52 55 264
100 60 31 36
100 66 10 1
100 69 22 58
100 71 28 122
101 9 35 39
101 17 59 161
101 20 7 226
101 24 16 216
101 26 19 67
101 43 13 93
101 49 43 23
101 51 55 128
101 55 47 41
101 61 25 50
101 64 1 270
101 65 28 290
101 78 31 108
102 11 10 129
102 16 27 48
102 23 1 60
102 24 34 105
102 27 25 12
102 28 57 251
102 31 14 106
102 53 7 294
102 55 37 41
102 68 17 42
103 1 31 292
103 3 1 81
103 11 28 129
103 20 43 162
103 47 34 17
103 59 11 275
103 60 13 203
103 79 7 279
103 80 40 4
104 2 1 78
104 4 19 135
104 10 7 83
104 16 43 48
104 22 23 73
104 34 9 179
104 40 51 291
104 55 39 41
104 58 14 183
104 62 28 263
104 75 25 62
104 79 55 127
105 1 1 38
105 9 40 39
105 10 25 83
105 12 37 271
105 18 19 297
105 29 34 136
105 34 57 179
105 40 59 291
105 43 7 188
105 45 16 201
105 49 13 47
105 50 23 30
105 51 49 128
105 56 28 299
106 2 34 94
106 19 10 9
106 24 1 69
106 31 57 106
106 32 27 278
106 47 41 17
106 50 25 30
106 56 22 299
106 57 13 206
106 61 7 145
106 65 31 290
106 67 4 147
106 76 52 64
106 77 19 8
107 1 7 198
107 3 37 81
107 4 49 204
107 6 1 19
107 13 31 222
107 16 10 175
107 23 55 60
107 26 25 99
107 43 45 93
107 50 15 30
107 54 58 87
107 68 5 74
107 69 19 58
108 13 25 109
108 24 37 216
108 31 33 106
108 38 43 229
108 39 21 116
108 42 29 104
108 47 19 24
108 49 2 47
108 52 13 254
108 57 49 206
108 58 8 183
108 71 4 122
109 14 7 141
109 24 50 105
109 27 32 12
109 32 13 207
109 36 5 142
109 43 25 93
109 46 46 16
109 48 34 199
109 49 16 23
109 51 1 128
109 52 19 20
109 65 10 293
109 77 28 8
110 1 7 38
110 11 13 129
110 14 40 141
110 30 55 194
110 47 5 24
110 50 33 30
110 52 19 144
110 57 49 283
110 60 10 36
110 68 53 42
110 69 43 58
111 10 22 244
111 11 19 269
111 14 16 141
111 20 10 162
111 22 1 232
111 29 7 296
111 31 52 28
111 36 4 164
111 38 37 261
111 49 13 46
111 52 25 43
111 63 45 247
112 8 52 75
112 20 20 176
112 32 40 21
112 38 25 229
112 42 49 104
112 51 1 195
112 55 58 41
112 59 5 169
112 60 16 36
112 66 37 1
112 71 10 122
112 75 46 62
113 17 13 161
113 18 37 173
113 26 26 250
113 30 7 194
113 37 1 40
113 43 16 93
113 49 22 46
113 55 31 41
113 56 19 238
113 68 11 42
113 77 58 8
113 80 55 260
114 2 4 94
114 5 43 84
114 9 7 202
114 17 47 161
114 18 37 102
114 20 13 57
114 32 55 21
114 41 22 241
114 74 19 55
114 75 52 63
114 78 9 103
115 2 40 78
115 11 2 129
115 15 56 213
115 18 31 172
115 20 10 57
115 31 7 106
115 33 46 139
115 57 19 206
115 69 16 58
115 74 5 245
115 76 13 64
116 11 13 269
116 16 27 175
116 17 10 161
116 20 1 226
116 32 37 207
116 33 7 139
116 45 32 201
116 47 52 17
116 51 19 152
116 53 59 211
116 65 16 293
116 67 45 147
117 1 19 229
117 10 1 231
117 13 51 109
117 17 39 161
117 22 3 232
117 35 25 180
117 39 13 95
117 45 8 137
117 49 35 46
117 52 15 195
117 57 31 3
117 60 22 36
117 65 43 290
118 2 58 78
118 9 45 39
118 18 7 297
118 36 5 192
118 39 35 95
118 44 55 193
118 48 11 113
118 51 20 65
118 54 51 29
118 58 1 11
118 60 40 36
118 80 13 4
119 3 49 118
119 9 59 39
119 24 19 105
119 25 1 277
119 27 13 157
119 32 10 21
119 38 43 196
119 39 7 95
119 41 4 35
119 43 31 188
119 45 40 137
119 49 22 47
120 3 19 118
120 4 31 204
120 16 46 246
120 31 3 28
120 37 37 49
120 42 13 104
120 43 28 93
120 44 43 193
120 45 25 201
120 48 11 68
120 51 7 65
120 55 23 41
120 58 15 138
120 74 50 245
121 10 25 225
121 27 11 157
121 29 13 296
121 45 4 126
121 53 51 211
121 56 16 238
121 57 7 274
121 69 46 58
121 70 1 153
121 78 19 103
122 4 13 204
122 8 57 75
122 13 45 77
122 27 43 157
122 31 28 106
122 48 55 68
122 52 31 254
122 67 1 147
122 73 37 8
122 76 40 64
122 78 49 285
122 79 7 167
122 80 20 260
123 16 10 246
123 18 31 90
123 24 4 69
123 39 17 116
123 46 49 16
123 55 1 134
123 58 43 138
123 68 37 139
123 71 52 178
123 75 58 62
124 6 50 19
124 10 5 231
124 24 13 69
124 25 34 257
124 27 21 157
124 28 19 251
124 42 11 104
124 44 8 193
124 50 27 30
124 53 57 211
124 57 1 274
124 64 43 270
124 65 16 290
125 6 1 284
125 8 10 75
125 13 37 187
125 16 16 175
125 29 46 136
125 31 27 28
125 42 25 104
125 45 13 137
125 48 35 113
125 49 29 23
125 52 31 264
125 65 19 293
125 70 22 153
125 75 7 63
126 1 13 237
126 8 31 75
126 12 46 271
126 25 25 298
126 32 16 21
126 33 43 139
126 38 51 276
126 54 55 29
126 55 5 41
126 57 1 3
126 68 9 42
126 71 19 122
127 9 13 39
127 15 31 213
127 19 58 9
127 20 4 162
127 22 19 73
127 30 37 194
127 31 40 28
127 47 35 24
127 56 52 238
127 57 26 3
127 75 55 63
127 76 22 64
128 3 31 118
128 10 17 225
128 11 40 129
128 13 19 187
128 16 7 246
128 23 37 60
128 37 13 34
128 46 25 16
128 50 1 259
128 56 3 238
128 59 10 169
128 68 28 42
129 2 49 78
129 16 10 92
129 22 17 73
129 48 15 113
129 52 57 20
129 53 27 211
129 56 7 299
129 57 2 283
129 65 22 290
129 66 44 1
130 8 49 75
130 9 3 39
130 16 55 227
130 29 40 296
130 30 43 255
130 31 22 106
130 38 13 196
130 42 47 104
130 43 10 79
130 62 28 66
130 65 37 293
130 80 52 260
131 1 25 221
131 7 13 217
131 23 5 60
131 28 51 251
131 39 55 95
131 45 19 201
131 46 37 16
131 48 1 113
131 52 33 20
131 54 9 29
131 57 43 206
131 69 22 228
132 6 37 284
132 13 13 243
132 24 4 105
132 31 21 28
132 37 51 34
132 49 7 46
132 52 31 144
132 53 35 211
132 61 49 50
132 68 45 42
132 80 1 260
133 11 22 129
133 13 13 56
133 31 59 106
133 34 37 179
133 37 25 40
133 43 31 93
133 45 7 126
133 49 1 46
133 54 3 87
133 59 11 97
133 76 55 64
134 8 1 159
134 10 20 225
134 16 4 48
134 26 7 67
134 28 22 251
134 31 31 106
134 34 13 179
134 36 15 164
134 37 25 49
134 41 37 35
134 49 11 46
134 52 49 264
134 74 17 55
135 1 1 292
135 4 37 204
135 14 4 98
135 36 11 164
135 42 33 104
135 47 29 17
135 52 55 43
135 55 35 41
135 58 25 138
135 66 52 1
135 75 16 63
135 79 43 127
135 80 8 260
136 3 31 32
136 7 55 217
136 11 25 143
136 23 9 60
136 36 28 142
136 39 19 116
136 43 13 79
136 47 49 17
136 48 4 68
136 62 22 66
136 75 1 62
137 3 49 32
137 16 13 48
137 19 46 9
137 20 3 125
137 33 28 139
137 38 9 261
137 40 53 291
137 54 1 29
137 55 7 41
137 70 31 153
138 8 5 159
138 18 43 297
138 21 7 186
138 23 11 60
138 24 22 105
138 37 25 34
138 54 20 29
138 55 52 41
138 58 1 183
138 61 13 145
138 71 16 178
138 74 29 55
139 8 38 75
139 14 13 98
139 18 43 172
139 38 49 261
139 43 10 93
139 49 16 47
139 51 19 195
139 54 1 115
139 56 31 299
139 61 4 145
139 76 7 64
140 6 19 284
140 8 3 75
140 10 23 231
140 13 7 56
140 22 25 73
140 29 28 136
140 34 52 179
140 39 59 95
140 46 13 16
140 52 38 43
140 57 43 274
140 59 1 169
140 71 56 122
141 4 56 135
141 7 31 217
141 11 7 269
141 12 4 271
141 13 13 187
141 18 49 297
141 22 21 73
141 31 40 106
141 40 35 291
141 42 17 104
141 43 44 188
141 47 19 17
141 51 25 195
142 16 49 227
142 17 19 161
142 18 8 172
142 20 43 176
142 27 46 157
142 36 13 142
142 53 33 211
142 54 29 115
142 57 55 274
142 58 25 183
142 60 4 36
142 75 22 63
142 76 16 64
142 79 37 167
143 1 31 198
143 2 34 185
143 9 15 202
143 15 19 213
143 20 1 57
143 33 39 139
143 39 10 116
143 41 28 35
143 58 43 11
143 59 7 97
143 61 47 145
143 72 25 100
143 75 49 62
143 80 4 4
144 2 45 78
144 3 1 32
144 4 25 154
144 5 8 84
144 11 31 143
144 20 16 176
144 21 49 186
144 34 43 179
144 35 37 180
144 36 5 248
144 46 58 16
144 54 41 29
144 60 55 36
144 62 13 227
144 67 19 147
145 11 25 129
145 20 28 162
145 25 16 7
145 26 31 250
145 31 7 28
145 32 37 236
145 56 10 238
145 65 4 293
145 71 1 122
145 75 13 62
145 79 19 167
146 10 8 244
146 11 58 129
146 13 49 243
146 30 40 194
146 45 22 201
146 47 10 17
146 51 1 152
146 56 25 238
146 57 13 223
146 58 43 183
146 59 53 123
146 65 19 290
146 66 35 1
146 76 31 64
147 20 1 162
147 26 37 67
147 27 5 157
147 31 11 106
147 51 31 128
147 54 25 115
147 57 13 3
147 69 55 228
147 72 28 100
148 9 3 50
148 13 19 222
148 17 50 161
148 18 25 172
148 25 40 182
148 31 5 28
148 40 13 291
148 43 34 188
148 60 56 49
148 62 16 227
148 63 8 247
148 73 46 8
149 3 43 32
149 18 7 90
149 20 19 162
149 23 27 60
149 28 3 251
149 30 31 194
149 34 1 179
149 45 40 201
149 48 13 68
149 52 49 144
150 1 58 237
150 6 49 284
150 26 37 250
150 38 1 261
150 53 53 211
150 56 16 240
150 62 8 263
150 66 21 1
150 69 13 228
150 75 46 63
150 78 31 285
150 80 25 200
151 1 49 229
151 2 25 78
151 9 1 202
151 11 4 269
151 18 37 297
151 25 28 258
151 34 17 179
151 41 46 35
151 47 21 24
151 53 31 211
151 59 7 169
151 74 19 245
152 10 26 244
152 11 58 269
152 20 40 162
152 24 13 105
152 38 31 229
152 39 20 95
152 52 7 43
152 53 3 294
152 59 1 123
152 61 37 50
152 65 22 293
152 69 28 228
152 74 11 245
152 77 55 8
152 80 43 260
153 13 8 187
153 17 3 161
153 19 13 9
153 31 35 106
153 32 43 21
153 39 53 95
153 53 5 294
153 55 1 165
153 61 31 145
153 69 37 228
154 9 19 39
154 11 16 143
154 16 40 48
154 22 10 73
154 30 58 255
154 35 43 180
154 39 13 116
154 50 5 112
154 54 7 115
154 56 34 299
154 79 1 167
155 1 13 292
155 20 10 226
155 28 35 251
155 30 19 255
155 34 3 179
155 47 46 24
155 53 5 211
155 78 31 230
155 79 26 167
155 80 37 4
156 12 28 271
156 33 4 139
156 40 55 291
156 48 17 113
156 55 15 41
156 58 7 138
156 65 46 290
156 69 25 228
156 75 43 63
157 3 55 81
157 11 19 143
157 16 1 92
157 25 7 257
157 26 49 93
157 29 4 296
157 36 10 155
157 39 27 95
157 43 40 188
157 48 14 199
157 51 43 195
157 80 34 4
158 8 1 197
158 18 13 172
158 23 21 60
158 26 56 93
158 38 9 276
158 40 7 291
158 49 19 46
158 55 3 134
158 75 40 62
159 13 49 56
159 14 28 141
159 15 1 213
159 29 43 136
159 31 19 28
159 41 8 35
159 45 21 137
159 46 31 16
159 48 58 68
159 57 37 206
159 65 46 293
159 70 16 153
159 71 13 122
160 9 31 39
160 11 52 269
160 14 46 98
160 23 29 60
160 24 1 105
160 25 14 258
160 47 55 17
160 58 21 11
160 59 11 123
160 61 33 50
160 65 7 293
160 76 37 64
160 80 4 200
161 2 1 94
161 11 37 129
161 20 7 162
161 25 13 7
161 34 33 179
161 55 49 41
161 66 23 1
161 69 10 228
161 74 21 55
161 80 43 4
162 3 38 32
162 6 7 284
162 10 3 231
162 11 55 129
162 14 49 141
162 16 31 48
162 23 35 60
162 26 43 250
162 52 19 264
162 53 23 211
162 71 13 178
162 75 16 62
162 80 28 260
163 15 25 213
163 22 1 73
163 25 16 298
163 26 3 250
163 30 22 194
163 51 7 128
163 52 37 20
163 60 19 203
163 65 13 293
163 68 56 42
163 69 31 228
164 1 1 221
164 4 31 135
164 12 19 271
164 13 25 243
164 16 7 48
164 17 43 161
164 25 15 110
164 27 13 12
164 36 10 142
164 58 37 138
164 59 23 169
164 60 45 203
164 75 4 63
165 4 49 286
165 16 19 175
165 18 44 90
165 25 22 298
165 37 7 34
165 38 55 276
165 39 15 95
165 47 33 24
165 58 37 11
165 66 13 1
165 68 4 42
165 69 26 58
166 4 1 286
166 8 19 75
166 16 13 246
166 18 21 172
166 31 16 106
166 32 25 21
166 37 33 34
166 39 5 95
166 47 31 24
166 50 39 30
166 69 7 58
166 72 55 100
166 80 10 200
167 2 8 78
167 25 19 277
167 29 56 296
167 30 33 255
167 37 14 40
167 38 50 114
167 41 25 35
167 49 28 46
167 54 47 29
167 55 43 41
167 65 37 290
167 67 22 147
167 74 4 55
167 80 1 272
168 1 4 237
168 9 10 50
168 14 25 98
168 31 14 28
168 33 31 139
168 42 39 104
168 49 29 47
168 53 16 211
168 55 19 41
168 62 1 66
168 63 56 247
168 74 7 245
169 12 52 271
169 14 22 141
169 29 1 136
169 42 4 104
169 45 16 137
169 48 31 199
169 62 19 263
169 65 25 290
169 70 58 153
170 2 4 78
170 4 43 154
170 23 23 60
170 28 9 251
170 29 52 136
170 30 25 194
170 34 41 179
170 47 17 17
170 61 55 145
170 62 1 263
170 79 31 279
171 3 7 118
171 9 33 39
171 13 1 222
171 34 21 179
171 45 37 201
171 50 29 30
171 51 13 152
171 52 43 144
171 57 25 206
171 65 40 293
171 67 55 147
172 3 26 81
172 4 19 204
172 6 14 284
172 14 34 98
172 21 56 186
172 22 5 232
172 25 37 110
172 32 52 278
172 39 1 116
172 42 9 104
172 52 44 20
172 56 31 238
172 74 3 245
173 4 7 286
173 9 43 39
173 24 13 76
173 25 25 110
173 28 28 251
173 40 45 291
173 53 58 294
173 68 49 139
173 78 19 230
173 79 1 127
174 8 47 30
174 19 55 9
174 24 44 69
174 28 49 251
174 30 7 255
174 33 16 139
174 40 19 291
174 47 1 24
174 57 3 206
174 65 32 293
174 70 38 153
174 71 58 178
174 77 52 8
174 78 21 285
175 8 13 75
175 12 10 271
175 21 19 186
175 24 44 105
175 40 37 291
175 44 31 193
175 47 29 24
175 48 47 199
175 62 7 66
175 64 25 270
175 65 49 290
175 68 15 42
175 70 34 153
175 71 39 122
176 7 7 217
176 11 37 269
176 14 1 121
176 30 43 194
176 36 11 248
176 44 25 193
176 50 17 30
176 51 49 195
176 52 13 43
176 54 5 87
176 58 20 183
176 67 58 147
176 72 34 100
176 75 46 286
177 1 4 292
177 15 44 213
177 24 1 76
177 29 49 136
177 34 31 179
177 37 33 49
177 47 38 24
177 51 13 128
177 54 11 29
177 55 17 117
177 63 26 247
177 67 8 147
177 70 55 153
177 72 22 100
178 11 32 129
178 32 1 21
178 38 15 276
178 39 47 95
178 50 13 30
178 54 7 29
178 59 4 275
178 61 9 145
178 65 49 293
178 71 43 122
178 78 38 285
179 9 8 50
179 10 29 244
179 27 25 157
179 32 4 236
179 38 31 261
179 39 27 116
179 41 10 241
179 49 13 23
179 56 16 299
179 61 57 145
179 68 22 42
179 69 1 58
179 76 19 64
180 4 13 286
180 10 46 225
180 14 1 98
180 18 25 173
180 22 31 73
180 31 52 106
180 32 33 21
180 38 37 196
180 40 57 291
180 61 17 145
180 71 22 122
180 72 7 100
180 75 10 63
181 17 41 161
181 31 20 106
181 35 14 180
181 38 37 229
181 41 34 35
181 43 22 93
181 47 43 24
181 48 2 199
181 56 4 240
181 57 7 223
181 60 46 36
181 61 51 145
181 69 58 228
182 4 55 204
182 16 34 48
182 24 19 76
182 25 31 110
182 28 59 251
182 62 43 227
182 67 28 147
182 72 49 100
182 74 9 245
182 78 1 230
182 79 13 127
183 4 37 286
183 8 45 30
183 12 55 271
183 24 58 105
183 25 1 298
183 30 16 194
183 37 31 40
183 41 4 242
183 45 26 137
183 46 7 16
183 47 11 24
183 51 20 128
183 56 49 238
184 20 22 226
184 21 31 186
184 25 25 257
184 26 1 99
184 30 58 194
184 34 55 179
184 38 45 261
184 50 43 30
184 60 52 36
184 65 8 290
184 72 14 100
185 6 33 19
185 14 4 141
185 18 51 102
185 25 7 7
185 37 39 34
185 38 27 196
185 40 31 291
185 44 58 193
185 46 43 16
185 61 49 145
185 68 1 42
185 69 13 58
186 2 25 185
186 10 11 225
186 26 51 99
186 33 58 139
186 35 31 180
186 37 7 40
186 40 1 291
186 45 28 201
186 47 21 17
186 51 37 88
186 52 3 144
186 54 23 29
186 64 13 270
187 8 49 30
187 14 40 98
187 20 13 176
187 27 7 157
187 29 1 296
187 31 11 28
187 49 9 23
187 54 4 115
187 62 22 263
187 69 51 58
187 79 25 279
188 1 4 198
188 4 13 135
188 9 55 39
188 23 47 60
188 26 25 67
188 28 17 251
188 31 1 28
188 32 21 207
188 36 7 158
188 49 19 47
188 58 50 11
188 61 29 50
188 75 10 62
188 78 43 285
189 4 45 204
189 9 5 202
189 13 25 222
189 17 1 161
189 23 43 60
189 25 37 257
189 43 13 188
189 46 40 16
189 50 3 30
189 56 22 240
189 58 7 11
189 69 19 228
189 80 16 272
190 10 5 244
190 16 22 48
190 18 1 173
190 20 31 176
190 22 28 232
190 34 15 179
190 47 13 24
190 51 55 88
190 68 47 42
190 72 37 100
190 73 40 8
190 79 43 279
191 10 5 83
191 14 10 141
191 18 25 102
191 23 52 60
191 29 55 136
191 38 15 261
191 39 3 116
191 43 22 188
191 53 1 294
191 59 13 97
191 62 7 227
192 2 10 94
192 3 56 32
192 16 1 48
192 18 43 200
192 20 52 162
192 24 37 105
192 30 4 194
192 58 19 138
192 66 28 1
192 71 34 122
192 75 7 62
192 76 49 64
192 77 14 8
193 17 28 161
193 24 40 105
193 31 26 106
193 43 37 79
193 50 52 30
193 51 31 88
193 52 43 264
193 55 13 41
193 56 7 238
193 61 11 145
193 62 1 227
194 10 11 83
194 25 19 257
194 34 50 179
194 37 7 49
194 44 1 193
194 45 13 201
194 49 31 23
194 57 57 283
194 59 28 123
194 61 23 145
194 65 25 293
194 69 16 228
194 76 4 64
195 10 3 83
195 14 31 141
195 20 25 176
195 30 13 255
195 43 10 188
195 44 49 193
195 52 37 264
195 53 21 211
195 56 28 238
195 59 19 169
195 60 34 36
195 66 8 1
195 67 16 147
195 75 58 63
196 12 22 271
196 25 10 182
196 27 41 12
196 30 16 255
196 45 31 137
196 48 5 113
196 52 1 43
196 60 7 36
196 61 35 50
196 68 59 74
197 1 22 237
197 2 16 94
197 25 13 182
197 35 1 180
197 40 5 291
197 48 9 199
197 49 11 23
197 50 7 30
197 52 25 144
197 53 43 211
197 54 39 29
197 60 49 36
197 66 31 1
197 80 58 260
198 7 50 217
198 10 23 225
198 37 13 49
198 38 55 261
198 39 5 116
198 41 1 35
198 42 59 104
198 47 43 17
198 52 7 195
198 61 19 50
198 64 37 270
199 5 25 84
199 11 32 269
199 13 44 222
199 16 4 92
199 32 7 21
199 39 29 95
199 47 2 17
199 51 56 195
199 56 40 299
199 57 13 274
199 64 49 270
199 72 19 100
199 75 37 62
200 8 59 75
200 20 34 162
200 23 7 60
200 25 25 182
200 31 23 28
200 34 19 179
200 38 39 176
200 48 16 68
200 50 37 30
200 65 1 293
200 69 13 25
200 74 9 55
Điểm tối ưu/tốt nhất tìm được: 2456
Thời gian: 360.019058 giây
Trạng thái: VALID
