746
1 3 47 56
1 4 19 49
1 6 35 28
1 9 25 116
1 12 15 80
1 14 4 85
1 15 9 106
1 21 38 53
1 27 43 28
1 29 27 69
2 9 3 64
2 11 16 45
2 12 1 95
2 14 22 85
2 15 53 106
2 17 19 73
2 18 31 47
2 19 49 111
2 22 44 76
2 25 55 103
2 26 13 13
2 28 58 117
2 31 5 10
3 4 33 49
3 7 29 23
3 9 5 116
3 11 13 45
3 14 25 85
3 15 41 106
3 19 19 111
3 20 1 77
3 32 7 43
4 1 43 63
4 9 3 116
4 15 33 106
4 16 22 25
4 28 52 117
4 30 7 79
5 5 25 54
5 6 53 28
5 11 31 45
5 13 46 51
5 15 23 106
5 16 34 25
5 19 37 111
5 21 49 53
5 23 41 7
5 28 19 117
5 30 13 79
6 1 13 63
6 6 49 52
6 9 23 64
6 12 37 80
6 16 16 25
6 18 10 47
6 24 1 59
6 28 7 117
6 29 19 81
7 1 37 63
7 13 11 37
7 16 58 25
7 20 7 77
7 22 13 76
7 25 40 103
7 29 43 118
7 30 50 79
7 31 1 10
8 1 9 63
8 6 26 52
8 9 16 64
8 13 7 37
8 14 57 85
8 15 11 106
8 21 40 91
8 29 1 118
8 30 34 94
9 4 55 49
9 5 1 54
9 6 29 28
9 7 22 23
9 9 37 64
9 12 34 95
9 13 14 108
9 20 43 77
9 23 17 7
9 24 25 59
9 30 31 79
10 1 1 63
10 9 53 116
10 12 3 80
10 15 27 106
10 17 49 73
10 20 20 77
10 21 34 53
11 14 19 85
11 16 10 25
11 18 34 47
11 27 1 98
11 28 16 117
11 30 31 94
11 31 37 67
11 32 43 43
12 3 55 56
12 5 27 75
12 9 33 116
12 21 10 53
12 29 37 69
12 30 16 94
13 1 53 15
13 9 29 64
13 17 16 62
13 19 25 111
13 26 51 13
13 29 19 5
13 30 55 94
13 31 43 67
14 1 11 15
14 2 7 23
14 3 21 56
14 5 31 75
14 9 40 64
14 14 13 8
14 15 29 106
14 16 43 25
14 19 1 111
14 23 35 7
14 25 25 103
15 1 19 63
15 3 44 56
15 6 55 52
15 9 46 116
15 10 58 24
15 12 39 80
15 17 28 73
15 31 13 67
15 32 49 43
16 3 15 56
16 8 49 6
16 9 35 116
16 13 7 108
16 14 28 8
16 16 4 25
16 17 22 62
16 18 37 47
16 28 55 117
16 30 19 79
17 1 7 15
17 3 32 56
17 6 23 52
17 7 59 23
17 13 13 51
17 15 1 106
17 24 49 59
17 27 25 98
17 30 43 79
17 31 55 67
18 3 37 56
18 6 45 52
18 12 5 95
18 15 7 106
18 17 10 62
18 20 25 77
18 21 14 53
18 26 39 13
18 31 17 67
19 9 56 116
19 13 7 51
19 17 58 73
19 20 13 77
19 23 53 7
19 26 49 13
20 1 15 63
20 4 50 49
20 7 19 23
20 12 29 80
20 14 22 8
20 23 13 7
20 25 43 103
20 29 55 118
20 30 1 94
20 32 37 43
21 1 37 15
21 3 23 56
21 5 2 75
21 6 11 52
21 15 19 106
21 22 49 76
21 24 7 59
21 26 59 13
21 29 13 102
21 30 26 79
21 31 31 67
22 1 23 63
22 2 49 23
22 6 57 52
22 11 10 45
22 12 17 80
22 17 7 64
22 28 31 117
22 32 13 43
23 6 39 52
23 10 4 24
23 13 11 51
23 17 27 62
23 24 55 59
23 29 7 5
23 31 52 67
24 1 35 63
24 5 37 75
24 6 21 52
24 8 25 6
24 9 1 64
24 12 19 95
24 14 44 8
24 18 57 47
24 20 31 77
24 27 49 98
24 29 14 118
24 31 3 67
25 2 3 23
25 5 55 54
25 6 51 52
25 9 1 116
25 10 13 24
25 13 16 96
25 17 22 73
25 21 7 53
25 26 27 13
25 28 10 117
26 1 31 63
26 6 59 28
26 9 27 116
26 10 19 24
26 11 1 45
26 12 33 80
26 13 11 96
26 17 46 62
26 21 37 91
26 26 25 13
26 28 40 117
26 29 7 118
26 30 16 79
27 1 4 15
27 3 13 56
27 5 49 54
27 6 11 28
27 9 9 116
27 10 43 24
27 12 58 80
27 13 16 37
27 14 37 8
27 17 1 73
27 18 40 47
27 25 31 103
28 11 40 45
28 13 11 108
28 14 7 85
28 17 4 73
28 21 52 53
28 23 15 7
28 29 31 5
28 31 27 67
29 1 21 63
29 6 35 52
29 7 47 23
29 9 41 116
29 14 52 85
29 16 31 25
29 25 10 103
29 27 13 98
29 32 1 43
30 1 29 63
30 3 27 56
30 4 37 49
30 7 14 23
30 9 11 116
30 11 46 45
30 12 5 80
30 17 55 62
30 23 51 7
30 27 31 28
30 29 1 83
30 32 19 43
31 1 9 15
31 6 23 28
31 9 19 64
31 12 21 80
31 14 34 8
31 16 51 25
31 21 44 53
31 26 32 13
31 29 25 5
31 30 37 94
31 31 1 67
32 3 25 56
32 5 14 54
32 6 41 28
32 15 57 106
32 16 46 25
32 21 27 91
32 28 43 117
32 31 50 67
33 1 27 15
33 6 41 52
33 7 1 23
33 12 53 80
33 15 5 106
33 18 43 47
33 21 10 91
33 25 46 103
33 27 13 28
34 2 25 23
34 5 19 54
34 6 4 52
34 9 17 116
34 14 7 8
34 17 34 62
34 23 43 7
34 31 29 67
35 5 9 54
35 6 5 28
35 12 31 80
35 13 1 108
35 20 49 77
35 21 56 53
35 23 45 7
35 26 7 13
35 29 19 83
36 12 23 95
36 21 31 91
36 22 19 76
36 23 55 7
36 26 17 13
36 28 4 117
36 29 13 83
36 30 10 94
37 1 11 63
37 3 34 56
37 8 56 6
37 9 7 116
37 10 40 24
37 11 49 45
37 12 29 95
37 13 9 96
37 14 16 8
37 15 45 106
37 23 5 7
37 25 1 103
37 29 25 118
38 1 17 63
38 8 13 6
38 11 43 45
38 14 10 8
38 18 7 47
38 21 28 53
38 25 34 103
38 26 19 13
38 27 37 28
38 29 21 69
38 30 4 79
39 1 25 15
39 10 32 24
39 12 27 95
39 13 19 37
39 18 52 47
39 27 7 28
39 31 57 67
40 6 1 52
40 8 45 6
40 12 17 95
40 13 14 37
40 14 28 85
40 15 39 106
40 23 49 7
40 26 34 13
40 29 7 83
40 30 4 94
41 2 55 23
41 3 7 56
41 6 9 52
41 14 19 8
41 16 40 25
41 17 52 73
41 25 37 103
41 26 43 13
41 27 1 28
41 31 15 67
42 1 29 15
42 3 58 56
42 6 37 52
42 13 5 51
42 14 1 85
42 15 14 106
42 16 7 25
42 17 40 62
42 21 20 53
42 24 43 59
42 25 49 103
42 26 23 13
43 4 8 49
43 9 13 64
43 11 58 45
43 17 31 73
43 21 16 91
43 29 25 102
43 30 22 79
43 31 20 67
44 2 43 23
44 4 2 49
44 8 31 6
44 10 52 24
44 11 7 45
44 17 37 62
44 27 55 28
44 28 49 117
45 10 37 24
45 11 28 45
45 12 8 95
45 13 1 96
45 14 34 85
45 18 4 47
45 21 10 55
45 26 15 13
45 30 46 94
45 31 22 67
46 2 31 23
46 6 47 28
46 7 53 23
46 10 55 24
46 12 13 95
46 23 19 7
46 25 4 103
46 29 8 69
47 1 35 15
47 14 31 85
47 15 21 106
47 17 1 62
47 21 44 91
47 29 7 81
47 30 55 79
48 1 3 63
48 12 1 80
48 16 13 25
48 22 7 76
48 23 26 7
48 25 52 103
48 26 37 13
48 30 19 94
49 4 25 49
49 9 15 116
49 10 49 24
49 14 10 85
49 15 31 106
49 17 40 73
49 20 56 77
49 22 3 76
49 23 1 7
49 29 19 118
49 30 34 79
50 1 31 15
50 3 39 56
50 11 25 45
50 12 21 95
50 14 49 85
50 24 13 59
50 25 58 103
50 26 1 13
50 27 43 98
50 29 3 69
50 30 7 94
51 6 31 52
51 11 37 45
51 12 43 80
51 21 58 91
51 22 25 76
51 23 3 7
51 25 22 103
51 26 41 13
51 29 33 118
51 31 47 67
52 1 19 15
52 5 37 54
52 11 52 45
52 16 1 25
52 24 31 59
52 27 7 98
52 28 46 117
52 30 58 79
52 31 11 10
53 1 33 63
53 5 43 54
53 6 15 52
53 7 11 23
53 9 31 116
53 10 1 24
53 12 13 80
53 14 4 8
53 16 19 25
53 17 58 62
53 19 7 111
53 27 49 28
54 5 7 75
54 12 41 80
54 13 16 51
54 14 56 8
54 15 35 106
54 18 13 47
54 22 31 76
54 23 47 7
54 29 1 5
54 31 5 67
55 1 50 15
55 6 13 52
55 9 5 64
55 12 56 80
55 17 43 73
55 23 8 7
55 29 37 118
55 30 58 94
55 31 25 67
56 1 13 15
56 8 19 6
56 9 29 116
56 12 39 95
56 13 9 108
56 15 37 106
56 17 46 73
56 21 4 53
56 23 31 7
56 27 25 28
56 28 34 117
57 1 23 15
57 9 13 116
57 12 19 80
57 13 4 37
57 17 16 73
57 26 45 13
57 30 1 79
58 6 33 52
58 12 15 95
58 13 9 51
58 14 25 8
58 17 4 62
58 21 55 91
58 23 39 7
58 30 50 94
59 3 4 56
59 12 53 95
59 18 49 47
59 21 1 91
59 26 29 13
59 27 56 98
59 28 37 117
59 31 40 67
59 32 31 43
60 1 25 63
60 9 21 116
60 12 10 95
60 17 7 73
60 21 13 91
60 23 28 7
60 30 40 94
61 1 16 15
61 5 31 54
61 9 23 116
61 10 25 24
61 13 4 96
61 19 44 111
61 24 19 59
61 25 7 103
61 26 11 13
61 28 1 117
61 29 37 102
61 30 13 94
61 31 35 67
62 3 1 56
62 10 16 24
62 13 3 108
62 17 13 73
62 18 22 47
62 23 37 7
62 30 28 94
63 1 41 63
63 5 13 75
63 6 59 52
63 9 37 116
63 12 35 80
63 15 43 106
63 17 19 62
63 28 28 117
63 29 1 102
63 30 10 79
63 31 45 67
64 1 7 63
64 9 39 116
64 13 2 37
64 14 13 85
64 15 51 106
64 17 31 62
64 28 25 117
65 1 39 63
65 5 55 75
65 6 17 52
65 9 51 116
65 17 25 73
65 18 1 47
65 21 20 91
65 23 33 7
65 28 13 117
65 30 46 79
66 10 28 24
66 12 31 95
66 13 5 108
66 15 25 106
66 17 34 73
66 19 55 111
66 23 59 7
66 26 21 13
66 31 10 67
67 1 5 63
67 3 50 56
67 6 28 52
67 13 3 51
67 18 46 47
67 26 55 13
68 1 27 63
68 3 17 56
68 5 19 75
68 6 47 52
68 8 1 6
68 9 49 64
68 14 43 85
68 20 37 77
68 21 7 91
68 25 13 103
69 3 52 56
69 6 7 52
69 12 10 80
69 14 16 85
69 26 47 13
69 27 19 28
70 5 49 75
70 10 22 24
70 12 3 95
70 13 1 51
70 15 47 106
70 16 25 25
70 18 19 47
70 25 28 103
70 27 37 98
70 29 31 102
70 32 55 43
71 5 43 75
71 8 38 6
71 11 4 45
71 12 49 80
71 15 59 106
71 16 55 25
71 17 10 73
71 26 53 13
71 30 25 94
71 31 33 67
72 1 33 15
72 11 22 45
72 17 19 10
72 18 27 47
72 21 1 53
72 22 55 76
72 23 11 7
72 26 9 13
72 29 13 5
72 30 37 79
73 3 57 13
73 8 9 6
73 9 59 116
73 11 34 45
73 12 46 80
73 14 40 8
73 21 4 91
73 23 21 7
73 25 16 103
74 1 21 15
74 3 19 56
74 6 43 52
74 9 49 116
74 12 7 80
74 14 1 8
74 15 16 106
74 21 31 53
74 23 23 7
75 2 38 23
75 6 19 52
75 7 16 23
75 9 44 116
75 14 31 8
75 16 28 25
75 26 3 13
75 29 7 102
75 30 22 94
76 3 10 56
76 4 44 49
76 7 35 23
76 12 51 80
76 13 16 108
76 15 3 106
76 17 13 62
76 25 19 103
76 26 5 13
76 31 8 67
77 9 19 116
77 10 46 24
77 11 55 45
77 12 23 80
77 15 49 106
77 17 7 62
77 18 16 47
77 21 34 91
77 24 38 59
78 1 1 15
78 3 41 56
78 10 9 24
78 12 25 80
78 17 43 62
78 19 32 111
78 22 37 76
78 29 21 102
78 32 27 43
79 4 14 49
79 6 53 52
79 9 11 64
79 12 27 80
79 15 55 106
79 17 37 73
79 21 50 91
79 27 19 98
79 30 43 94
80 3 29 56
80 6 17 28
80 11 19 45
80 16 37 25
80 17 50 62
80 19 13 111
80 21 25 53
80 27 31 98
80 28 22 117
80 30 40 79
Điểm tối ưu/tốt nhất tìm được: 746
Thời gian: 180.030752 giây
Trạng thái: VALID
