6975
1 35 7 131
1 65 39 299
1 77 47 364
1 81 49 517
1 107 41 739
1 118 14 250
1 122 55 130
1 142 9 582
1 143 52 403
1 154 5 193
1 160 28 730
1 174 31 215
1 178 22 57
1 180 43 335
2 9 13 251
2 21 10 342
2 29 25 584
2 49 53 40
2 51 23 141
2 62 31 382
2 68 5 246
2 78 34 10
2 80 7 108
2 120 51 443
2 139 41 84
2 183 28 127
2 197 19 623
2 199 1 30
3 1 27 602
3 3 55 408
3 9 31 695
3 18 40 49
3 45 20 692
3 46 49 662
3 85 1 743
3 111 13 433
3 129 44 225
3 134 16 542
3 171 37 278
3 191 25 685
3 192 9 142
3 196 5 239
4 7 52 258
4 10 25 525
4 12 4 710
4 14 13 267
4 16 20 739
4 32 43 318
4 101 7 159
4 153 29 251
4 165 31 629
4 174 56 140
4 175 37 263
4 178 1 57
5 1 2 602
5 14 21 735
5 23 49 160
5 63 26 482
5 64 19 385
5 74 31 347
5 76 13 549
5 79 17 608
5 89 57 255
5 104 43 319
5 109 29 430
5 132 37 44
5 149 53 649
5 163 10 194
5 182 7 273
6 5 13 562
6 22 15 596
6 35 1 382
6 41 7 406
6 55 47 387
6 59 43 95
6 73 49 213
6 79 35 608
6 89 31 149
6 97 9 522
6 99 20 89
6 120 3 485
6 176 38 262
6 189 25 588
6 200 58 495
7 16 37 221
7 26 1 435
7 29 29 584
7 50 5 330
7 53 7 583
7 67 25 694
7 88 16 18
7 90 49 255
7 99 19 150
7 106 55 328
7 131 35 244
7 141 10 80
7 176 31 262
7 178 46 97
7 181 22 421
8 36 19 11
8 38 55 749
8 75 37 16
8 78 7 111
8 85 25 743
8 89 49 687
8 115 1 607
8 120 53 443
8 122 13 12
8 161 31 297
8 198 43 7
8 200 4 418
9 12 17 388
9 15 26 267
9 16 13 243
9 24 49 332
9 27 46 440
9 33 8 601
9 70 19 68
9 88 56 152
9 89 31 224
9 97 38 19
9 115 10 333
9 121 43 286
9 149 35 649
9 186 2 129
10 12 5 196
10 22 2 596
10 29 59 476
10 36 31 235
10 47 46 748
10 59 7 95
10 101 19 597
10 104 55 353
10 110 23 176
10 132 37 190
10 133 10 460
10 139 35 84
10 183 25 127
11 3 43 26
11 9 7 416
11 20 3 29
11 29 1 476
11 30 33 429
11 33 31 253
11 44 16 334
11 69 50 244
11 114 21 419
11 120 23 443
11 138 13 38
11 177 11 272
11 182 38 668
11 194 25 202
12 13 19 689
12 20 8 661
12 24 43 456
12 47 41 748
12 72 37 506
12 78 31 111
12 94 25 617
12 112 5 222
12 135 55 166
12 140 3 46
12 156 22 701
12 158 52 275
12 184 34 119
12 185 13 575
12 191 17 685
13 3 37 408
13 4 23 605
13 23 7 469
13 25 49 303
13 32 33 592
13 51 17 26
13 79 28 539
13 90 13 393
13 108 19 50
13 130 25 303
13 163 11 556
13 170 31 121
13 177 3 727
13 198 55 644
14 35 16 131
14 82 1 702
14 86 47 189
14 88 22 18
14 110 37 468
14 111 25 132
14 113 4 261
14 120 13 443
14 150 29 152
14 151 19 72
14 152 8 83
14 160 31 599
14 172 43 656
14 186 33 452
15 3 31 477
15 22 49 130
15 27 23 27
15 39 16 186
15 58 5 284
15 64 28 385
15 76 39 316
15 80 1 215
15 99 25 481
15 115 52 137
15 123 45 704
15 156 9 337
15 172 19 102
15 182 58 668
15 193 43 615
16 17 7 720
16 19 57 384
16 33 55 601
16 43 19 189
16 46 37 662
16 113 11 514
16 144 1 692
16 145 13 695
16 152 43 83
16 166 16 344
16 188 49 220
16 199 3 228
17 1 55 112
17 3 7 361
17 19 25 226
17 65 41 299
17 79 51 608
17 90 31 5
17 95 1 285
17 96 37 507
17 106 20 328
17 124 4 210
17 161 44 451
17 195 15 133
18 29 45 472
18 37 25 292
18 48 10 659
18 56 19 276
18 64 43 385
18 79 5 608
18 90 37 393
18 107 23 91
18 111 16 715
18 113 31 261
18 123 33 647
18 128 55 165
18 141 1 425
18 142 57 2
18 161 7 297
19 8 34 637
19 48 7 621
19 61 5 287
19 63 25 683
19 70 46 583
19 88 43 18
19 96 49 56
19 104 37 736
19 106 13 617
19 113 21 261
19 114 11 185
19 168 1 439
19 169 28 281
19 185 57 378
20 4 1 605
20 26 13 550
20 27 4 27
20 31 17 241
20 43 31 671
20 48 19 51
20 58 43 511
20 83 46 20
20 86 39 189
20 110 41 571
20 130 22 373
20 167 8 113
20 188 25 220
20 196 59 524
20 200 49 495
21 8 55 124
21 32 3 536
21 36 13 11
21 67 31 723
21 70 22 583
21 77 59 362
21 78 19 643
21 92 53 260
21 107 1 25
21 111 8 433
21 120 46 485
21 126 25 86
21 129 37 225
21 194 43 565
21 195 27 133
22 1 37 602
22 11 49 8
22 27 35 531
22 42 25 29
22 51 41 26
22 83 10 680
22 95 58 480
22 122 19 412
22 133 16 460
22 141 13 425
22 168 31 392
22 183 7 414
22 184 28 119
22 187 44 6
22 191 3 660
23 8 50 637
23 17 28 561
23 20 19 461
23 73 7 474
23 94 55 212
23 100 31 64
23 105 43 336
23 118 53 250
23 129 2 225
23 134 25 298
23 139 23 612
23 145 16 25
23 163 39 194
23 198 13 691
24 19 37 226
24 41 25 114
24 44 43 449
24 53 19 318
24 58 49 243
24 64 27 333
24 77 11 362
24 95 13 285
24 101 21 345
24 139 35 612
24 148 1 360
24 157 7 722
24 160 4 372
24 200 52 495
25 11 31 749
25 19 7 203
25 29 25 476
25 40 57 296
25 47 47 56
25 49 11 40
25 54 13 426
25 64 55 542
25 66 23 204
25 69 27 418
25 77 41 717
25 97 37 260
25 113 1 261
25 143 19 732
26 5 33 562
26 19 37 678
26 31 25 379
26 48 4 70
26 58 27 243
26 74 7 497
26 102 17 703
26 106 49 328
26 124 1 257
26 145 22 455
26 154 47 255
26 166 29 261
26 187 55 738
27 4 51 375
27 19 43 65
27 20 31 461
27 29 5 584
27 61 41 287
27 87 17 520
27 96 25 163
27 103 13 566
27 132 19 557
27 137 58 629
27 150 9 152
27 171 11 440
27 179 1 5
27 199 37 228
28 2 19 178
28 5 59 562
28 20 55 661
28 40 37 734
28 43 40 276
28 47 29 56
28 48 13 51
28 70 16 583
28 88 46 18
28 112 49 446
28 116 7 580
28 142 25 2
28 145 21 392
28 162 43 170
28 174 3 215
29 7 38 258
29 13 34 480
29 35 49 131
29 44 28 383
29 47 3 734
29 66 11 204
29 96 43 693
29 112 14 222
29 118 47 250
29 127 17 379
29 132 57 44
29 145 40 455
29 172 7 102
29 183 19 127
30 4 19 605
30 24 55 529
30 64 11 21
30 79 9 608
30 90 38 255
30 98 52 472
30 113 35 566
30 117 49 162
30 126 17 86
30 144 3 264
30 164 28 368
30 185 21 282
30 186 13 129
30 195 5 133
30 199 43 521
31 3 13 477
31 36 43 11
31 42 58 110
31 62 37 436
31 72 9 371
31 75 25 483
31 88 1 18
31 99 55 382
31 102 49 703
31 118 41 250
31 142 19 1
31 197 51 159
31 200 4 383
32 5 31 562
32 8 16 637
32 24 26 363
32 33 19 601
32 49 37 446
32 70 43 68
32 77 7 318
32 82 4 293
32 114 13 419
32 122 49 463
32 174 21 215
32 189 34 19
32 194 40 715
32 198 10 691
33 10 31 525
33 14 10 422
33 17 39 561
33 41 37 150
33 47 5 527
33 56 25 465
33 60 13 717
33 72 19 506
33 126 3 86
33 127 56 379
33 154 29 528
33 156 52 337
33 164 43 628
33 178 7 97
33 195 23 84
34 48 28 51
34 69 43 418
34 72 13 297
34 74 37 390
34 75 20 16
34 80 34 108
34 86 5 668
34 92 41 260
34 126 59 606
34 130 10 437
34 136 1 573
34 138 25 38
34 139 55 612
34 181 31 384
35 4 53 375
35 11 37 133
35 27 39 27
35 64 47 385
35 67 43 444
35 77 1 364
35 80 17 108
35 87 3 277
35 93 50 205
35 117 34 274
35 139 25 612
35 145 10 107
35 182 56 397
35 188 13 220
35 192 27 142
36 8 32 124
36 12 5 123
36 51 19 414
36 63 50 482
36 79 13 539
36 120 27 485
36 134 16 590
36 140 11 46
36 141 55 222
36 154 29 643
36 161 1 297
36 169 7 281
36 188 37 220
36 191 23 660
36 196 41 743
37 9 20 129
37 24 13 332
37 42 25 110
37 50 28 330
37 61 11 287
37 97 7 247
37 99 32 481
37 101 2 597
37 104 55 191
37 110 17 252
37 112 35 222
37 135 49 598
37 157 37 622
37 176 43 262
38 2 3 178
38 34 34 322
38 42 7 492
38 45 37 185
38 56 55 276
38 58 25 511
38 60 19 176
38 66 43 204
38 78 15 643
38 86 23 668
38 94 27 365
38 124 52 530
38 146 45 79
38 154 47 14
38 161 31 451
39 19 13 65
39 30 49 308
39 43 52 276
39 44 7 449
39 49 23 446
39 62 4 436
39 73 37 528
39 74 25 347
39 90 19 264
39 95 1 491
39 96 43 574
39 123 56 259
39 140 33 46
39 155 10 66
40 2 17 138
40 3 19 477
40 16 27 369
40 21 46 342
40 25 1 169
40 33 33 253
40 34 23 322
40 71 13 524
40 124 10 429
40 139 5 205
40 146 52 79
40 170 25 121
40 183 55 459
40 194 7 455
41 15 37 267
41 20 7 29
41 36 49 179
41 37 25 650
41 58 23 284
41 63 40 683
41 103 31 566
41 130 4 331
41 145 58 107
41 173 19 208
41 182 16 273
41 184 1 137
41 194 43 177
42 3 33 311
42 18 50 49
42 21 43 342
42 52 25 311
42 81 46 517
42 82 7 702
42 95 40 480
42 102 10 168
42 113 29 146
42 117 16 274
42 125 1 354
42 144 5 264
42 152 55 83
42 170 21 121
42 186 52 129
43 9 37 78
43 34 29 585
43 48 7 51
43 75 51 533
43 88 34 18
43 90 43 255
43 122 14 412
43 144 5 692
43 156 31 701
43 165 25 704
43 166 1 344
43 172 20 656
43 181 10 626
43 186 58 129
44 2 40 178
44 18 19 49
44 22 10 130
44 34 53 322
44 63 34 361
44 88 4 18
44 108 21 200
44 109 29 662
44 120 51 485
44 146 2 79
44 147 13 400
44 155 55 591
44 160 25 598
44 178 37 57
44 185 43 378
45 16 44 739
45 19 49 65
45 39 33 186
45 42 28 110
45 58 7 243
45 68 1 246
45 102 9 703
45 132 37 557
45 137 57 587
45 139 13 180
45 176 3 362
45 181 25 421
45 195 59 133
45 196 11 239
46 2 5 523
46 8 1 637
46 13 52 561
46 20 37 661
46 25 14 494
46 26 31 389
46 45 25 185
46 50 23 330
46 53 29 34
46 69 19 8
46 77 35 364
46 139 10 205
46 144 7 264
46 186 43 174
46 193 59 194
47 6 13 521
47 11 53 133
47 18 58 49
47 44 50 40
47 55 20 387
47 60 1 749
47 68 31 665
47 80 47 215
47 88 28 134
47 95 40 491
47 98 22 472
47 127 37 487
47 188 8 220
48 2 25 523
48 35 55 131
48 56 19 275
48 77 5 717
48 86 49 668
48 89 57 302
48 127 37 379
48 150 27 152
48 175 1 352
48 177 45 272
48 185 31 445
48 196 23 239
48 197 52 169
48 200 7 495
49 1 7 322
49 36 55 235
49 43 13 30
49 58 49 511
49 60 19 415
49 65 37 299
49 75 3 483
49 79 1 608
49 112 39 446
49 119 43 481
49 121 31 286
49 153 11 689
49 154 17 528
49 182 28 273
50 22 37 596
50 48 22 70
50 49 34 446
50 50 5 741
50 74 55 497
50 77 17 364
50 78 19 624
50 90 25 439
50 94 7 617
50 131 3 141
50 133 40 460
50 142 43 2
50 162 14 170
50 191 31 685
51 2 19 523
51 15 22 267
51 28 16 54
51 102 7 703
51 106 31 59
51 108 37 368
51 114 29 185
51 119 1 212
51 153 5 513
51 157 44 622
51 171 9 278
51 188 55 220
51 192 51 283
51 194 13 177
52 5 29 259
52 23 49 731
52 37 34 358
52 55 27 387
52 65 23 637
52 72 13 597
52 74 8 347
52 84 39 37
52 87 21 520
52 91 55 467
52 93 46 489
52 107 37 25
52 111 31 715
52 162 4 170
53 16 56 221
53 26 9 511
53 27 41 27
53 35 5 731
53 42 46 29
53 45 19 185
53 48 25 659
53 60 31 415
53 80 39 108
53 85 13 670
53 138 52 202
53 141 28 222
53 143 1 403
53 161 43 297
54 16 31 369
54 63 13 482
54 68 16 665
54 71 7 62
54 82 49 293
54 92 35 371
54 100 43 343
54 135 38 598
54 142 25 1
54 153 41 513
54 155 19 391
54 168 55 555
54 181 4 626
55 18 23 474
55 60 37 30
55 62 16 382
55 71 19 524
55 75 8 533
55 80 59 215
55 87 49 520
55 89 43 687
55 91 25 242
55 102 3 703
55 103 31 196
55 114 35 534
55 155 52 66
55 179 13 151
56 5 40 259
56 33 38 601
56 49 17 581
56 54 22 304
56 57 19 288
56 70 31 583
56 89 57 149
56 94 13 212
56 99 50 481
56 103 43 196
56 137 55 587
56 138 34 541
56 160 9 227
56 168 1 555
56 180 25 90
57 2 4 138
57 19 55 678
57 52 41 311
57 54 52 426
57 67 19 694
57 104 37 353
57 111 10 132
57 116 13 207
57 156 31 337
57 161 34 297
57 175 43 735
57 187 25 6
57 197 49 665
58 2 11 178
58 15 28 41
58 31 53 379
58 40 49 296
58 49 7 581
58 51 1 613
58 64 23 21
58 71 14 62
58 102 31 703
58 115 55 254
58 136 33 618
58 146 9 79
58 150 21 152
58 156 58 446
59 15 43 41
59 16 13 43
59 24 38 456
59 39 19 67
59 46 25 662
59 53 29 68
59 62 52 18
59 111 22 433
59 117 31 274
59 119 7 577
59 133 46 505
59 166 34 261
59 181 1 384
60 15 19 267
60 26 45 389
60 38 22 686
60 50 25 330
60 69 37 395
60 75 14 16
60 90 27 39
60 96 49 574
60 110 5 450
60 131 7 141
60 137 35 629
60 142 1 241
60 148 10 360
60 189 57 19
61 2 56 178
61 5 11 562
61 22 19 596
61 35 17 393
61 50 15 330
61 51 5 414
61 76 43 549
61 77 23 389
61 83 1 680
61 113 47 665
61 146 50 79
61 155 40 591
61 157 7 622
61 199 31 673
62 48 49 621
62 49 29 446
62 68 13 246
62 73 1 213
62 74 15 390
62 101 56 39
62 102 5 703
62 103 25 196
62 118 33 250
62 124 37 429
62 145 9 25
62 163 45 194
62 178 40 57
62 181 22 287
62 194 52 715
63 11 37 8
63 15 43 206
63 26 49 239
63 30 40 388
63 89 15 639
63 90 31 747
63 105 19 336
63 107 1 532
63 112 11 222
63 117 58 274
63 119 7 212
63 163 13 194
63 170 3 103
63 173 25 144
64 1 1 493
64 17 7 681
64 49 28 40
64 66 15 204
64 79 25 539
64 89 19 302
64 104 51 534
64 116 31 207
64 139 45 612
64 150 13 152
64 171 49 440
64 184 56 119
64 185 37 575
64 196 11 524
65 3 2 518
65 10 39 437
65 14 49 638
65 27 23 531
65 59 16 95
65 80 13 108
65 82 25 293
65 106 43 476
65 117 7 274
65 139 10 612
65 161 28 297
65 163 37 194
65 175 19 650
65 180 32 335
65 199 55 673
66 2 47 178
66 5 22 259
66 18 29 474
66 44 40 449
66 47 59 748
66 109 35 662
66 121 25 554
66 126 19 606
66 158 49 275
66 165 13 48
66 193 1 582
66 195 37 84
66 197 32 169
67 23 31 737
67 24 13 456
67 36 1 77
67 64 17 333
67 80 5 108
67 82 28 293
67 89 37 634
67 93 49 489
67 113 41 281
67 145 22 25
67 158 46 275
67 174 7 475
67 181 19 287
67 192 57 142
67 193 25 615
68 4 38 375
68 58 19 284
68 63 58 683
68 88 10 18
68 92 17 371
68 101 50 345
68 104 2 353
68 111 28 433
68 143 55 732
68 149 25 649
68 155 13 66
68 179 7 571
68 182 34 273
69 16 49 739
69 29 56 584
69 32 37 376
69 36 7 179
69 37 34 292
69 52 28 255
69 71 45 269
69 77 3 717
69 95 31 285
69 107 1 652
69 118 21 187
69 127 15 487
69 128 19 165
69 149 43 649
69 155 25 66
70 9 19 21
70 15 1 206
70 25 27 331
70 34 11 585
70 42 16 29
70 60 49 176
70 69 56 395
70 144 13 692
70 164 46 628
70 167 7 721
70 169 37 539
70 177 43 727
70 181 31 421
70 191 25 660
71 2 59 152
71 8 2 408
71 26 43 43
71 52 52 311
71 61 47 287
71 71 26 524
71 74 31 612
71 80 22 108
71 124 14 429
71 126 8 606
71 128 38 165
71 148 19 360
71 150 5 152
71 154 11 643
71 155 55 66
72 12 23 691
72 18 5 49
72 30 19 429
72 32 56 318
72 40 16 296
72 57 2 123
72 60 43 415
72 62 38 382
72 93 49 48
72 110 25 450
72 160 29 476
72 175 7 650
72 184 13 137
72 191 11 660
72 196 52 524
73 26 31 550
73 32 57 376
73 40 49 734
73 60 37 717
73 70 52 68
73 87 47 520
73 107 17 532
73 108 25 200
73 110 21 450
73 113 43 281
73 130 7 373
73 137 4 587
73 157 13 622
73 186 1 298
74 6 25 521
74 10 9 350
74 36 43 235
74 70 49 644
74 73 13 528
74 76 1 666
74 80 35 641
74 87 7 520
74 102 39 703
74 112 41 446
74 115 58 254
74 139 19 180
74 145 55 107
74 151 17 72
74 189 22 588
75 4 7 605
75 9 55 416
75 44 25 449
75 51 31 613
75 83 10 482
75 123 39 585
75 124 49 257
75 135 4 598
75 146 28 168
75 150 45 152
75 160 22 180
75 163 1 194
75 181 16 626
75 190 19 427
76 29 27 476
76 39 32 494
76 43 7 146
76 51 23 26
76 56 37 519
76 58 17 511
76 86 10 189
76 126 5 606
76 130 1 373
76 151 21 72
76 176 49 262
76 182 43 668
76 185 57 240
77 9 49 251
77 18 11 527
77 36 43 77
77 45 55 713
77 63 40 361
77 70 26 68
77 95 19 750
77 157 31 622
77 159 22 623
77 180 7 90
77 185 1 445
77 186 37 174
77 196 15 239
78 11 25 749
78 15 1 41
78 18 11 49
78 69 39 291
78 89 19 687
78 97 55 247
78 105 7 336
78 109 59 662
78 135 13 166
78 144 17 692
78 146 37 79
78 158 31 434
78 162 46 170
78 175 50 119
78 197 28 169
79 5 35 562
79 45 49 185
79 52 19 255
79 56 31 276
79 62 43 407
79 74 27 63
79 99 57 481
79 112 46 222
79 119 14 423
79 132 8 190
79 149 39 649
79 173 21 655
79 198 2 691
80 30 55 388
80 32 43 321
80 35 19 628
80 66 39 204
80 67 21 723
80 70 58 583
80 90 49 264
80 93 10 489
80 100 15 64
80 131 35 141
80 135 4 166
80 166 47 344
80 168 31 555
80 173 25 237
81 11 22 607
81 24 32 529
81 36 37 182
81 99 4 89
81 115 58 137
81 116 7 589
81 123 49 647
81 127 13 119
81 130 1 17
81 170 29 121
81 185 25 445
81 198 16 7
81 200 43 303
82 4 27 375
82 7 23 276
82 29 53 476
82 40 4 296
82 51 21 613
82 68 29 246
82 69 49 418
82 83 46 680
82 101 38 39
82 115 31 416
82 124 58 530
82 133 7 258
82 153 11 251
82 154 13 643
83 14 16 735
83 16 1 739
83 20 7 730
83 21 13 342
83 32 19 592
83 33 27 253
83 48 32 621
83 55 55 387
83 56 49 519
83 63 57 482
83 93 37 205
83 138 44 284
83 193 11 615
83 195 53 110
84 5 7 259
84 45 43 713
84 66 21 204
84 69 49 747
84 73 37 474
84 87 1 520
84 89 31 437
84 116 3 589
84 119 56 270
84 122 25 178
84 127 41 487
84 166 9 344
85 44 28 671
85 51 3 26
85 53 5 318
85 57 19 123
85 69 31 291
85 79 49 608
85 99 40 150
85 110 11 176
85 114 9 534
85 153 17 513
85 155 58 66
85 168 43 555
85 179 37 5
86 9 25 251
86 53 1 318
86 66 19 204
86 71 49 31
86 96 32 56
86 101 37 345
86 118 9 187
86 121 4 286
86 137 17 587
86 139 41 612
86 164 43 368
86 169 46 186
86 173 13 237
86 174 55 215
86 196 21 239
87 2 29 523
87 3 43 257
87 13 4 480
87 24 31 332
87 42 1 110
87 48 10 70
87 54 7 711
87 59 13 95
87 118 23 187
87 126 47 606
87 155 49 66
87 161 40 297
87 164 19 368
87 170 16 121
87 196 25 417
88 7 3 276
88 13 34 696
88 45 7 185
88 66 27 204
88 68 37 246
88 102 13 703
88 136 43 618
88 138 22 38
88 141 31 686
88 143 52 732
88 164 49 368
88 185 15 445
88 186 39 452
88 192 25 283
88 197 19 406
89 13 13 480
89 27 27 27
89 30 49 321
89 35 53 131
89 42 8 110
89 51 11 26
89 54 20 711
89 62 32 203
89 70 37 68
89 71 55 31
89 72 44 371
89 82 4 702
89 86 23 189
89 139 29 84
89 189 1 19
90 10 1 21
90 27 37 27
90 67 43 694
90 72 50 108
90 74 19 530
90 100 13 343
90 105 25 336
90 144 29 264
90 164 7 628
90 167 32 513
90 172 39 366
90 179 55 320
90 182 10 668
90 194 58 177
91 7 59 276
91 38 38 713
91 48 22 659
91 53 31 68
91 54 10 711
91 74 27 612
91 76 1 316
91 79 5 539
91 90 14 39
91 113 47 566
91 121 19 286
91 160 35 476
91 174 49 475
91 178 43 97
92 38 9 686
92 60 25 717
92 69 55 626
92 70 43 583
92 91 13 87
92 92 7 371
92 111 4 433
92 117 1 448
92 143 46 403
92 145 31 25
92 157 49 622
92 161 34 451
92 172 37 374
92 191 21 660
93 26 19 550
93 67 49 694
93 76 56 549
93 83 37 680
93 84 45 252
93 86 43 189
93 99 13 89
93 103 1 196
93 107 35 652
93 114 23 534
93 158 10 518
93 171 31 278
93 191 29 685
93 199 25 34
94 13 40 671
94 32 49 376
94 37 55 292
94 48 58 702
94 50 7 330
94 51 3 613
94 89 25 302
94 109 1 80
94 119 13 577
94 127 31 379
94 139 5 180
94 143 45 732
94 154 53 643
94 192 11 142
95 11 43 133
95 27 47 531
95 28 58 54
95 54 16 426
95 80 11 34
95 92 13 371
95 100 25 343
95 110 37 450
95 112 1 222
95 132 7 44
95 138 39 38
95 170 4 121
95 172 50 656
96 8 15 408
96 10 7 468
96 24 39 540
96 48 31 51
96 49 47 618
96 65 53 637
96 85 49 743
96 87 13 277
96 108 43 50
96 114 26 419
96 119 55 42
96 120 37 485
96 124 22 429
96 131 19 244
96 142 1 2
97 8 28 408
97 34 41 322
97 56 13 275
97 62 22 382
97 79 35 539
97 81 32 517
97 94 37 287
97 96 55 648
97 130 19 373
97 158 49 434
97 164 7 368
97 165 43 91
97 169 10 281
97 181 25 626
97 182 2 397
98 5 17 259
98 24 1 332
98 36 55 11
98 45 25 308
98 56 43 519
98 70 9 583
98 74 13 530
98 80 19 108
98 111 34 132
98 126 7 86
98 130 21 17
98 158 31 397
98 167 37 51
98 189 50 500
99 7 21 258
99 27 17 531
99 29 13 476
99 47 10 734
99 49 1 40
99 69 43 291
99 78 4 624
99 79 33 608
99 84 50 563
99 119 37 423
99 163 41 194
99 179 25 151
99 186 28 129
99 189 7 19
100 26 26 389
100 44 4 334
100 57 32 288
100 59 1 95
100 64 23 385
100 91 39 87
100 104 13 283
100 124 55 484
100 139 49 84
100 161 58 297
100 178 46 57
100 180 19 90
100 183 43 414
100 200 10 495
101 3 33 257
101 25 49 712
101 34 16 585
101 48 22 51
101 57 46 288
101 64 1 333
101 100 55 385
101 113 37 146
101 115 13 254
101 151 11 72
101 164 4 368
101 173 7 237
101 177 31 727
101 189 19 588
101 200 28 303
102 7 3 258
102 24 45 529
102 29 27 584
102 31 1 589
102 43 58 146
102 68 35 665
102 86 41 588
102 87 15 520
102 92 9 260
102 123 49 590
102 143 22 403
102 147 31 107
102 153 5 639
102 159 37 623
102 192 43 142
103 4 29 375
103 11 23 8
103 19 1 203
103 52 31 311
103 53 21 318
103 89 43 224
103 93 34 489
103 101 56 345
103 112 11 446
103 123 39 308
103 132 13 44
103 158 52 177
103 163 25 194
103 187 7 6
103 191 37 660
104 5 13 259
104 9 31 251
104 32 37 536
104 44 21 40
104 50 9 330
104 52 3 311
104 79 19 608
104 102 43 703
104 112 17 446
104 127 47 487
104 128 25 165
104 136 55 573
104 145 28 25
104 160 11 180
105 14 37 735
105 16 21 243
105 17 25 561
105 48 10 51
105 57 40 288
105 75 31 136
105 85 14 743
105 86 35 495
105 94 43 475
105 153 19 251
105 154 29 14
105 175 49 650
105 180 2 90
105 186 55 129
106 26 8 389
106 36 25 77
106 41 35 114
106 51 53 414
106 52 59 311
106 74 43 530
106 122 55 14
106 130 19 331
106 139 29 180
106 153 3 251
106 173 31 144
106 180 14 90
106 182 22 273
106 199 37 34
107 2 43 178
107 8 4 124
107 9 19 78
107 29 17 584
107 69 13 291
107 108 8 50
107 110 25 468
107 124 55 530
107 136 27 590
107 153 23 592
107 161 49 451
107 164 1 628
107 165 32 180
107 191 39 685
108 32 31 321
108 61 59 287
108 72 13 613
108 75 45 157
108 89 19 437
108 93 7 489
108 99 3 382
108 118 57 250
108 120 43 443
108 126 1 606
108 131 27 244
108 147 37 107
108 177 29 727
108 178 10 97
108 195 25 487
109 10 13 58
109 14 28 638
109 15 31 267
109 33 41 601
109 41 23 406
109 60 7 749
109 65 47 637
109 72 49 613
109 90 19 393
109 121 25 286
109 145 43 455
109 167 1 513
109 171 39 440
109 196 35 239
110 2 22 178
110 15 52 41
110 18 11 474
110 25 45 67
110 42 16 492
110 50 31 741
110 64 29 21
110 67 7 444
110 95 40 285
110 142 1 1
110 145 37 455
110 170 19 103
110 174 25 215
110 190 34 427
110 193 13 582
111 4 47 375
111 7 45 276
111 15 16 41
111 27 59 27
111 34 43 322
111 46 2 662
111 70 55 583
111 77 7 397
111 128 22 165
111 141 13 80
111 162 19 170
111 177 9 727
111 184 40 137
111 188 31 652
111 189 25 19
112 10 37 525
112 20 19 372
112 37 4 650
112 41 9 114
112 46 25 380
112 60 13 749
112 100 43 289
112 103 55 505
112 131 33 244
112 135 1 598
112 140 35 46
112 144 29 570
112 153 53 513
112 171 31 440
113 3 31 26
113 39 7 500
113 47 23 734
113 69 37 64
113 74 43 63
113 96 26 693
113 103 50 505
113 108 55 50
113 133 13 258
113 167 19 513
113 173 1 144
113 179 16 320
113 193 47 615
113 197 10 169
114 2 9 138
114 22 1 130
114 32 37 430
114 46 55 380
114 50 41 330
114 53 29 583
114 65 27 299
114 70 19 644
114 96 31 693
114 109 13 430
114 115 4 416
114 118 59 250
114 149 7 649
114 161 22 297
115 24 49 456
115 29 11 584
115 33 29 253
115 44 22 671
115 70 16 68
115 86 1 668
115 88 55 18
115 106 3 328
115 108 32 200
115 161 46 297
115 162 25 170
115 174 37 140
115 182 7 668
116 13 22 416
116 35 51 131
116 42 19 110
116 61 53 287
116 62 58 18
116 77 7 362
116 82 32 293
116 107 45 652
116 121 28 286
116 138 55 38
116 142 37 241
116 182 13 273
116 188 9 343
116 192 35 142
117 3 13 518
117 5 10 259
117 27 19 531
117 60 21 36
117 93 28 489
117 104 31 345
117 115 1 254
117 135 7 598
117 142 37 1
117 143 4 403
117 162 52 170
117 168 55 439
117 189 43 588
117 195 17 133
118 4 3 605
118 10 13 437
118 13 19 696
118 17 9 551
118 58 57 511
118 64 7 333
118 96 43 163
118 115 34 607
118 118 23 250
118 128 53 165
118 149 1 649
118 173 49 208
118 186 28 298
118 196 26 239
119 50 47 330
119 53 13 318
119 60 7 415
119 63 15 361
119 71 43 62
119 75 55 16
119 98 40 472
119 145 19 25
119 148 37 360
119 154 23 528
119 186 4 298
119 193 27 615
119 199 49 673
119 200 1 418
120 4 7 375
120 18 41 474
120 37 28 650
120 43 49 146
120 54 37 711
120 79 31 608
120 92 53 371
120 100 1 64
120 120 59 443
120 171 35 440
120 172 13 374
120 173 44 582
120 181 9 384
121 17 16 561
121 33 44 601
121 51 21 141
121 65 34 299
121 87 56 520
121 117 28 162
121 120 49 443
121 124 25 429
121 131 19 141
121 167 9 513
121 169 40 186
121 180 51 90
121 185 1 575
121 195 13 133
122 24 3 456
122 32 45 376
122 36 19 235
122 41 1 114
122 100 49 106
122 135 7 510
122 145 55 455
122 150 43 152
122 158 37 275
122 186 16 129
122 187 32 736
122 198 25 644
123 3 49 730
123 32 27 318
123 39 19 494
123 49 41 581
123 77 35 717
123 83 22 680
123 89 37 149
123 98 7 472
123 105 13 336
123 117 32 448
123 140 1 46
123 144 25 570
123 172 43 374
123 183 10 414
123 188 3 652
124 2 14 523
124 23 7 740
124 41 29 114
124 49 1 102
124 97 19 514
124 99 31 89
124 101 55 527
124 113 16 465
124 147 50 107
124 150 11 152
124 167 3 113
124 182 43 273
124 187 25 532
124 190 37 427
124 196 59 239
125 9 19 532
125 14 13 638
125 27 47 27
125 33 29 601
125 66 45 204
125 73 38 693
125 106 7 328
125 113 25 281
125 123 55 585
125 160 11 730
125 163 49 194
125 164 52 628
125 181 1 421
125 200 16 383
126 24 25 456
126 35 23 731
126 43 7 738
126 55 41 387
126 65 1 519
126 73 31 213
126 78 10 624
126 116 14 589
126 123 49 585
126 139 3 84
126 142 19 241
126 149 57 649
126 169 43 210
126 189 37 500
127 11 31 607
127 17 4 561
127 22 7 130
127 67 55 444
127 71 25 62
127 78 34 111
127 92 29 371
127 120 17 485
127 125 43 266
127 138 10 38
127 154 1 643
127 167 13 513
127 174 37 215
127 193 19 615
127 197 22 292
128 5 15 562
128 15 4 206
128 16 49 43
128 26 31 511
128 39 37 67
128 58 7 511
128 66 2 204
128 70 40 68
128 82 58 293
128 86 45 189
128 91 19 242
128 95 55 480
128 101 26 345
128 107 43 652
129 15 22 206
129 16 33 365
129 17 15 227
129 22 4 130
129 30 1 388
129 50 31 330
129 58 29 243
129 67 49 444
129 81 43 517
129 115 37 333
129 121 56 554
129 136 25 573
129 170 59 121
129 177 20 727
129 186 10 298
130 4 59 375
130 12 29 691
130 36 25 235
130 54 7 426
130 60 32 176
130 72 19 371
130 79 46 608
130 95 52 491
130 98 55 472
130 114 40 534
130 120 49 485
130 131 10 358
130 181 4 421
130 184 37 119
130 189 43 500
131 17 19 561
131 24 37 332
131 32 44 430
131 34 17 322
131 42 22 110
131 53 59 62
131 92 1 260
131 120 11 369
131 128 35 165
131 147 31 640
131 159 5 623
131 163 15 194
131 179 8 151
132 15 4 41
132 34 46 585
132 44 1 383
132 70 22 68
132 71 38 524
132 83 10 564
132 91 25 467
132 99 7 481
132 110 19 450
132 125 50 266
132 167 31 113
132 178 57 57
132 191 15 685
133 25 55 570
133 64 59 385
133 78 7 10
133 91 1 467
133 114 35 224
133 119 19 577
133 120 23 485
133 122 25 412
133 128 49 165
133 142 31 2
133 169 52 539
133 177 5 272
133 183 16 127
133 186 43 452
134 27 11 531
134 45 43 406
134 83 16 680
134 85 25 670
134 88 13 18
134 95 4 285
134 111 31 132
134 114 2 534
134 170 9 121
134 194 37 715
134 198 58 7
134 199 19 228
135 12 21 131
135 24 25 529
135 27 35 27
135 30 52 388
135 31 47 589
135 51 56 414
135 65 3 299
135 76 7 549
135 103 13 505
135 110 43 450
135 185 31 378
135 188 37 343
135 191 1 660
136 3 19 397
136 12 28 388
136 18 52 49
136 51 55 613
136 58 25 284
136 65 35 519
136 67 9 509
136 77 1 362
136 81 58 517
136 99 40 481
136 109 7 430
136 116 31 123
136 144 37 692
136 167 3 366
136 198 16 644
137 11 53 749
137 12 11 163
137 16 19 715
137 30 31 388
137 32 1 376
137 53 5 34
137 80 41 108
137 140 59 46
137 165 49 629
137 166 9 261
137 180 25 443
137 187 43 246
137 195 34 133
138 12 19 388
138 15 56 267
138 18 7 49
138 25 37 494
138 35 33 131
138 38 43 466
138 40 46 734
138 62 13 203
138 87 31 520
138 139 25 205
138 153 9 689
138 175 49 263
138 182 28 668
138 192 16 142
138 193 23 641
139 5 46 562
139 13 1 416
139 16 49 365
139 55 43 387
139 89 33 255
139 102 53 703
139 137 21 587
139 138 55 202
139 168 37 555
139 176 13 78
139 191 29 660
139 198 4 7
139 200 7 418
140 2 39 138
140 12 9 131
140 31 47 246
140 80 41 215
140 100 25 106
140 102 35 703
140 110 29 450
140 125 13 161
140 135 1 166
140 155 31 391
140 169 43 539
140 181 56 287
140 182 19 273
140 185 51 33
141 5 4 259
141 33 46 601
141 39 1 701
141 62 58 382
141 69 9 395
141 86 19 20
141 92 17 640
141 117 31 162
141 138 28 38
141 139 15 84
141 159 7 748
141 177 13 272
141 178 22 97
142 1 33 602
142 4 31 375
142 7 49 258
142 17 46 227
142 39 13 500
142 50 37 330
142 58 21 284
142 60 1 176
142 104 51 191
142 120 55 485
142 124 16 210
142 134 25 542
142 173 57 582
142 185 7 378
143 23 1 160
143 50 19 330
143 51 33 141
143 56 13 233
143 75 21 157
143 116 55 580
143 138 52 38
143 147 44 640
143 176 25 362
143 190 7 427
143 197 10 403
144 7 31 258
144 21 58 342
144 23 1 740
144 27 35 517
144 36 7 77
144 39 19 701
144 58 53 243
144 82 16 293
144 93 37 48
144 107 47 652
144 123 43 426
144 137 23 629
144 153 28 689
144 194 13 455
144 198 40 691
145 9 49 532
145 16 37 739
145 18 56 49
145 25 1 319
145 44 28 449
145 64 35 21
145 84 19 563
145 117 25 162
145 126 31 606
145 139 17 180
145 144 13 264
145 153 5 251
145 155 44 66
145 192 33 142
145 194 10 177
146 14 58 638
146 32 45 592
146 36 49 11
146 62 19 407
146 87 9 520
146 99 38 89
146 100 31 106
146 117 55 274
146 120 35 485
146 136 13 364
146 147 1 193
146 159 53 623
146 171 27 440
146 195 17 84
147 2 27 523
147 5 43 562
147 25 56 67
147 30 34 388
147 41 47 406
147 85 7 743
147 86 25 189
147 115 19 333
147 121 40 554
147 134 1 626
147 155 22 66
147 195 11 110
147 197 49 292
147 199 13 34
148 12 5 691
148 16 25 221
148 29 19 476
148 31 53 589
148 46 43 380
148 63 37 683
148 64 23 333
148 65 55 299
148 68 10 226
148 119 1 270
148 136 13 149
148 142 49 1
148 171 7 440
148 191 21 685
148 193 29 615
149 3 43 477
149 26 7 629
149 56 37 465
149 125 31 354
149 127 41 379
149 141 26 425
149 164 13 628
149 166 1 328
149 173 49 237
149 176 19 262
149 184 4 119
149 187 55 6
150 14 43 638
150 15 1 267
150 30 16 308
150 31 53 246
150 42 13 492
150 43 58 710
150 44 19 383
150 64 4 542
150 94 9 195
150 96 31 574
150 104 49 319
150 110 7 450
150 166 39 344
150 174 25 140
151 2 2 138
151 4 11 605
151 24 15 529
151 26 33 43
151 33 4 601
151 48 55 51
151 81 7 517
151 103 49 196
151 113 58 665
151 120 31 485
151 135 46 166
151 140 13 46
151 161 19 451
151 163 22 556
152 15 25 206
152 38 1 713
152 47 11 56
152 51 5 613
152 53 47 318
152 74 13 347
152 76 37 549
152 79 23 539
152 91 55 87
152 128 53 694
152 172 7 656
152 182 31 273
152 188 19 220
152 194 44 715
153 1 19 322
153 43 10 738
153 48 3 659
153 80 31 108
153 85 37 670
153 94 55 365
153 101 49 696
153 124 28 530
153 150 1 152
153 163 33 194
153 176 43 78
153 186 7 174
153 188 13 652
154 15 10 41
154 16 19 369
154 21 37 342
154 22 31 596
154 46 1 380
154 51 23 613
154 54 7 304
154 63 13 683
154 68 25 254
154 95 45 491
154 102 55 219
154 109 41 662
154 161 52 297
154 192 29 142
155 9 21 251
155 11 40 133
155 31 11 228
155 40 25 734
155 62 49 382
155 73 7 528
155 87 38 520
155 101 3 345
155 102 45 703
155 103 55 196
155 122 13 178
155 139 53 205
155 165 32 91
155 193 1 615
156 20 19 515
156 33 35 601
156 39 31 67
156 43 52 146
156 71 7 31
156 85 43 670
156 86 47 495
156 103 13 196
156 104 37 191
156 116 57 589
156 127 4 487
156 158 1 275
156 163 55 194
156 175 25 288
156 181 49 626
157 3 37 383
157 11 17 8
157 33 1 601
157 63 10 683
157 91 13 242
157 115 34 333
157 121 49 554
157 151 52 72
157 170 21 103
157 171 57 440
157 174 43 215
157 183 31 414
157 192 59 142
157 194 3 177
158 10 20 525
158 20 8 461
158 43 34 146
158 59 37 95
158 70 43 395
158 77 17 717
158 98 1 472
158 146 4 168
158 148 46 360
158 154 29 336
158 171 41 440
158 176 25 484
158 193 15 615
159 21 22 342
159 32 25 430
159 37 19 292
159 63 4 683
159 77 13 397
159 94 31 195
159 107 29 91
159 126 15 86
159 138 10 284
159 144 41 570
159 146 37 168
159 155 1 66
159 161 7 451
159 193 49 615
159 196 17 524
160 4 25 375
160 8 43 124
160 14 52 638
160 15 46 267
160 21 55 342
160 31 58 379
160 47 5 734
160 62 16 203
160 71 1 31
160 74 31 530
160 78 7 624
160 90 39 747
160 110 27 450
160 121 22 554
161 8 58 637
161 11 17 297
161 21 40 342
161 29 19 584
161 33 55 253
161 50 1 216
161 91 43 467
161 107 53 739
161 111 21 132
161 112 47 446
161 172 3 102
161 173 7 208
161 187 13 614
161 197 37 169
162 4 5 375
162 38 28 466
162 53 41 318
162 56 7 465
162 68 19 226
162 73 55 213
162 92 23 260
162 101 13 159
162 113 17 566
162 131 25 358
162 135 34 166
162 155 45 591
162 165 1 444
162 196 31 239
163 15 7 41
163 17 58 547
163 26 49 39
163 33 5 253
163 53 23 318
163 61 13 287
163 66 56 204
163 83 19 680
163 96 25 56
163 98 10 472
163 103 1 245
163 118 31 250
163 130 33 373
163 158 40 275
163 175 15 650
164 9 7 710
164 40 13 296
164 43 49 189
164 47 1 734
164 51 27 141
164 77 5 389
164 86 3 189
164 93 34 48
164 118 25 250
164 124 43 484
164 125 19 354
164 159 29 623
164 179 57 571
164 197 16 292
165 8 28 124
165 13 15 671
165 27 53 440
165 36 7 11
165 51 35 26
165 66 47 204
165 77 41 362
165 107 13 739
165 112 21 446
165 123 31 585
165 125 2 161
165 163 19 556
165 189 43 19
165 192 55 283
166 35 11 131
166 40 16 734
166 52 55 255
166 53 1 583
166 79 57 608
166 89 37 302
166 109 27 587
166 123 7 319
166 128 33 165
166 140 23 46
166 163 19 194
166 164 13 368
167 3 43 361
167 7 1 258
167 9 27 78
167 14 58 422
167 18 33 49
167 22 38 659
167 24 3 363
167 62 10 382
167 68 7 246
167 76 49 316
167 99 16 569
167 112 25 222
167 176 20 80
167 197 13 403
168 2 32 178
168 15 58 41
168 18 1 49
168 30 27 321
168 51 17 613
168 56 3 519
168 86 41 189
168 94 37 128
168 117 19 162
168 120 35 443
168 128 7 165
168 158 43 434
168 185 13 33
168 194 9 202
169 2 1 523
169 16 25 43
169 36 13 235
169 41 11 114
169 42 43 492
169 58 35 243
169 63 22 683
169 64 17 21
169 93 19 489
169 109 29 505
169 118 9 250
169 122 37 14
169 152 31 83
169 178 52 57
170 22 13 659
170 23 55 740
170 44 37 40
170 57 27 123
170 68 31 246
170 79 9 539
170 92 25 260
170 108 43 28
170 111 40 433
170 131 53 141
170 134 1 542
170 139 21 612
170 145 34 455
170 156 16 337
170 159 7 623
171 6 51 521
171 10 31 468
171 31 23 736
171 32 15 318
171 79 55 608
171 91 25 87
171 97 2 247
171 110 13 450
171 117 9 162
171 128 29 165
171 135 44 598
171 156 37 701
171 157 19 622
171 182 58 273
171 196 7 524
172 25 8 712
172 26 43 239
172 37 25 40
172 47 5 748
172 76 19 316
172 80 35 215
172 99 28 89
172 103 31 245
172 134 13 542
172 157 1 722
172 190 57 427
172 195 23 133
173 21 25 342
173 42 50 110
173 53 47 68
173 55 15 387
173 64 17 385
173 65 45 299
173 77 29 362
173 93 34 205
173 94 20 475
173 103 7 541
173 136 37 590
173 138 58 38
173 149 5 649
173 150 3 152
173 170 1 103
174 14 37 638
174 33 43 253
174 64 52 542
174 89 31 687
174 113 47 261
174 147 26 107
174 156 1 337
174 162 22 170
174 164 55 628
174 178 10 57
174 183 58 459
174 199 13 459
174 200 49 389
175 7 23 258
175 18 43 49
175 33 7 253
175 37 56 40
175 38 13 713
175 64 51 385
175 72 9 613
175 101 19 232
175 107 4 532
175 115 34 254
175 121 1 286
175 150 32 152
175 183 39 127
175 191 45 685
176 8 4 637
176 11 31 8
176 13 25 480
176 20 57 372
176 22 16 659
176 68 43 254
176 71 33 62
176 111 49 715
176 118 28 250
176 140 46 46
176 150 41 152
176 152 37 83
176 159 1 748
176 161 19 297
176 195 8 133
177 11 11 607
177 30 14 321
177 31 35 589
177 33 51 601
177 44 1 449
177 68 33 665
177 96 7 693
177 102 29 703
177 106 19 635
177 115 43 607
177 122 25 130
177 132 55 190
177 144 31 570
177 189 38 588
177 197 46 19
178 7 40 258
178 22 13 130
178 32 55 430
178 42 4 492
178 63 7 482
178 65 52 299
178 68 25 665
178 86 47 668
178 88 49 18
178 100 19 106
178 146 23 79
178 151 27 72
178 169 43 186
178 200 16 495
179 1 43 493
179 5 38 259
179 8 10 637
179 9 49 710
179 48 16 51
179 53 53 318
179 87 13 520
179 103 25 245
179 114 29 534
179 119 19 212
179 138 31 38
179 144 4 570
179 182 34 668
179 193 41 364
179 195 23 487
180 2 23 138
180 46 43 662
180 47 4 38
180 73 19 528
180 82 31 702
180 91 38 467
180 110 49 450
180 122 7 463
180 140 15 46
180 157 55 722
180 158 34 25
180 169 51 186
180 176 25 262
180 181 1 135
181 3 31 518
181 5 35 259
181 69 37 244
181 71 55 62
181 90 1 393
181 99 27 150
181 111 46 433
181 130 10 373
181 135 21 598
181 145 13 25
181 160 59 243
181 183 50 127
181 196 19 239
182 30 56 321
182 31 35 581
182 44 37 449
182 58 46 511
182 60 1 415
182 89 7 639
182 110 5 712
182 117 43 274
182 131 15 141
182 156 22 337
182 161 25 451
182 166 49 344
182 170 52 121
183 8 49 124
183 50 5 240
183 65 19 519
183 91 8 87
183 112 13 446
183 114 31 419
183 120 21 485
183 123 56 308
183 135 16 166
183 153 47 513
183 158 40 518
183 160 1 730
183 182 25 668
183 189 34 500
183 196 3 239
184 4 43 375
184 12 25 123
184 45 55 692
184 56 27 233
184 67 7 694
184 79 22 608
184 90 15 264
184 99 1 150
184 111 37 433
184 112 19 222
184 128 5 165
184 162 49 170
184 168 45 156
184 175 31 650
184 195 13 487
185 8 52 124
185 10 7 21
185 17 43 561
185 18 31 49
185 52 17 311
185 54 40 711
185 67 13 694
185 69 26 395
185 78 49 624
185 79 37 608
185 86 46 419
185 163 4 194
185 169 58 434
185 186 33 298
185 200 55 389
186 14 10 241
186 25 43 331
186 26 1 511
186 31 49 379
186 33 33 601
186 38 28 713
186 43 58 189
186 49 17 618
186 74 19 63
186 114 47 185
186 121 52 554
186 138 7 38
186 140 31 46
186 159 35 623
186 197 40 665
187 28 53 54
187 50 51 330
187 73 43 474
187 114 16 419
187 115 22 254
187 125 8 161
187 127 39 379
187 145 26 455
187 158 4 434
187 173 55 208
187 186 13 174
187 189 31 500
187 194 1 202
187 198 34 691
188 31 23 589
188 32 25 376
188 57 40 123
188 85 31 670
188 97 19 247
188 107 17 652
188 109 1 430
188 127 45 379
188 132 49 44
188 135 37 166
188 143 55 173
188 146 35 79
188 160 58 227
188 182 10 273
189 39 26 422
189 52 47 311
189 60 37 400
189 78 8 643
189 89 43 302
189 90 1 747
189 95 57 285
189 110 55 571
189 112 15 446
189 115 31 254
189 156 34 337
189 191 13 660
189 197 50 623
190 36 37 179
190 37 4 358
190 40 46 296
190 41 25 150
190 60 27 415
190 67 13 444
190 84 49 252
190 99 1 569
190 130 58 373
190 134 55 590
190 144 32 264
190 151 34 72
190 186 10 129
190 193 21 615
191 4 17 605
191 5 55 562
191 65 31 299
191 82 25 702
191 99 58 89
191 104 49 353
191 119 45 577
191 142 13 2
191 146 43 79
191 158 4 275
191 184 1 22
191 186 28 174
191 197 19 403
192 10 25 21
192 13 22 480
192 28 8 54
192 37 10 292
192 41 17 150
192 47 31 748
192 87 3 520
192 108 33 368
192 171 50 278
192 178 37 97
192 190 14 427
192 192 19 283
193 19 49 203
193 52 22 255
193 56 7 275
193 62 13 382
193 65 19 299
193 110 41 252
193 113 45 665
193 119 31 42
193 135 55 598
193 146 26 79
193 153 53 689
193 164 16 368
193 169 37 114
193 170 2 121
194 7 13 276
194 13 46 561
194 28 1 54
194 35 37 131
194 38 3 466
194 50 35 330
194 57 22 288
194 81 52 517
194 89 31 302
194 139 7 84
194 159 44 748
194 167 55 513
194 175 9 210
194 177 16 272
195 13 16 348
195 44 46 40
195 59 50 95
195 80 59 108
195 84 37 563
195 91 7 242
195 105 31 336
195 113 1 132
195 114 11 534
195 131 14 244
195 141 43 425
195 151 23 72
195 166 3 344
195 168 19 555
196 27 31 531
196 51 3 414
196 54 22 426
196 66 53 204
196 83 7 680
196 96 49 693
196 98 19 472
196 108 33 50
196 126 1 86
196 130 46 373
196 131 10 244
196 146 13 79
196 164 25 368
196 175 15 263
196 199 37 459
197 5 19 259
197 68 41 226
197 86 37 189
197 98 4 472
197 103 7 245
197 113 35 514
197 122 49 14
197 129 25 225
197 134 22 542
197 167 43 113
197 185 31 508
197 194 16 455
198 20 13 661
198 31 53 618
198 49 10 618
198 73 19 474
198 81 1 517
198 104 55 748
198 117 25 274
198 118 40 187
198 119 43 270
198 134 28 542
198 158 7 518
198 165 33 704
198 189 4 588
198 193 31 615
199 1 25 493
199 19 49 226
199 66 34 204
199 97 57 514
199 117 37 274
199 119 43 423
199 121 13 286
199 123 1 359
199 156 40 206
199 166 53 261
199 175 19 263
199 180 7 443
200 11 23 749
200 25 55 712
200 37 43 40
200 42 34 110
200 80 9 108
200 91 2 87
200 100 49 289
200 106 37 476
200 124 13 257
200 130 16 687
200 134 31 542
200 179 19 5
200 185 25 508
201 4 3 375
201 15 19 206
201 64 25 385
201 93 44 205
201 95 7 285
201 96 27 574
201 109 53 430
201 111 16 433
201 128 11 165
201 159 1 252
201 171 13 278
201 172 56 374
201 175 37 650
201 176 31 78
202 1 31 493
202 10 27 58
202 49 25 581
202 52 7 311
202 76 19 549
202 91 37 242
202 106 9 59
202 143 4 732
202 164 16 130
202 167 51 366
202 171 44 440
202 182 55 273
202 184 13 22
203 23 25 731
203 25 13 319
203 35 11 731
203 37 7 292
203 38 49 466
203 39 52 67
203 58 20 511
203 60 56 415
203 70 34 644
203 88 31 18
203 99 22 150
203 136 43 364
203 148 40 360
203 165 1 704
203 192 37 142
204 2 5 178
204 15 55 41
204 41 13 406
204 73 49 474
204 101 1 232
204 104 19 353
204 132 25 190
204 136 15 181
204 141 34 425
204 161 37 451
204 166 23 261
204 167 43 513
205 9 13 416
205 14 55 422
205 24 43 332
205 53 41 62
205 73 31 474
205 83 4 20
205 97 19 260
205 111 1 433
205 140 51 46
205 163 27 194
205 177 11 727
205 193 38 615
205 196 7 417
206 1 39 112
206 18 29 49
206 28 31 54
206 41 57 406
206 45 7 713
206 54 16 484
206 60 33 749
206 63 44 683
206 142 20 2
206 144 37 570
206 155 4 66
206 165 25 444
206 178 49 57
206 183 13 127
207 41 52 150
207 51 31 141
207 54 34 426
207 69 8 64
207 76 55 316
207 96 1 56
207 104 13 679
207 116 37 581
207 135 27 598
207 138 22 202
207 166 49 261
207 173 45 144
208 1 7 493
208 4 21 375
208 7 29 258
208 11 5 749
208 99 14 481
208 103 55 245
208 110 3 252
208 113 49 281
208 136 38 618
208 145 52 455
208 157 43 722
208 159 19 252
208 194 34 177
208 200 25 495
209 17 1 547
209 29 31 476
209 35 43 131
209 38 46 64
209 56 55 714
209 68 7 665
209 74 19 347
209 75 37 533
209 86 9 419
209 98 28 472
209 110 41 450
209 111 34 433
209 122 13 463
209 165 49 91
210 1 1 112
210 34 45 322
210 52 5 255
210 60 25 176
210 62 7 382
210 64 49 385
210 106 13 635
210 109 17 430
210 110 53 176
210 137 47 629
210 169 55 539
210 171 59 440
210 174 38 475
211 10 1 468
211 17 25 227
211 23 31 160
211 24 38 363
211 52 7 255
211 61 9 287
211 92 23 371
211 99 28 569
211 114 5 185
211 117 52 274
211 129 19 225
211 159 11 252
211 166 45 261
211 173 56 237
211 174 13 215
212 2 11 523
212 13 19 671
212 18 16 49
212 35 25 131
212 45 45 692
212 60 37 749
212 84 7 563
212 86 2 20
212 106 31 328
212 132 49 190
212 158 27 434
212 186 55 298
212 192 4 142
212 194 13 715
213 3 27 397
213 8 13 637
213 14 22 638
213 23 43 469
213 42 31 492
213 116 49 580
213 125 55 161
213 139 7 612
213 144 25 692
213 149 11 649
213 161 40 451
213 164 1 368
213 181 19 421
214 3 25 257
214 11 11 749
214 22 44 130
214 43 22 146
214 55 39 387
214 76 33 316
214 79 59 608
214 93 13 576
214 104 49 748
214 106 2 635
214 134 19 542
214 156 16 701
214 166 57 344
214 191 9 660
214 193 7 459
215 34 9 585
215 37 13 40
215 41 5 114
215 77 53 717
215 82 22 293
215 83 16 482
215 119 49 212
215 136 25 618
215 161 55 297
215 166 35 344
215 187 1 6
215 196 33 239
216 24 31 456
216 26 55 239
216 50 13 330
216 55 4 387
216 57 7 123
216 94 15 128
216 120 39 485
216 122 43 14
216 133 25 505
216 150 19 152
216 154 11 14
216 160 23 227
216 172 51 102
216 189 28 588
217 9 7 78
217 12 31 691
217 43 22 221
217 44 52 449
217 90 26 747
217 91 43 87
217 96 37 163
217 98 49 472
217 120 5 369
217 167 13 113
217 172 33 374
217 179 19 571
217 185 56 33
217 199 1 459
218 1 49 322
218 3 43 671
218 12 27 131
218 31 59 618
218 47 37 38
218 52 22 311
218 66 29 204
218 79 53 608
218 117 4 274
218 122 39 412
218 125 31 161
218 139 8 180
218 154 11 528
219 26 38 389
219 32 25 536
219 39 13 186
219 52 5 311
219 54 58 484
219 63 19 482
219 75 43 533
219 110 9 450
219 143 16 173
219 153 3 689
219 163 7 194
219 168 50 439
219 177 1 727
219 185 31 575
220 1 26 322
220 30 13 388
220 59 22 95
220 67 32 444
220 75 49 16
220 80 11 108
220 87 5 277
220 103 1 566
220 104 44 191
220 113 57 281
220 140 53 46
220 185 7 33
220 193 41 641
220 196 16 417
221 43 19 710
221 99 58 150
221 101 27 527
221 103 43 566
221 114 23 224
221 116 31 581
221 134 40 626
221 135 10 166
221 140 7 46
221 149 37 649
221 154 5 14
221 168 13 555
221 187 49 6
221 199 1 673
222 3 26 26
222 26 2 629
222 68 16 246
222 82 34 702
222 121 49 286
222 126 10 606
222 143 13 732
222 156 55 337
222 163 52 556
222 164 31 628
222 179 7 320
222 183 58 414
222 185 44 33
222 195 21 487
223 16 9 221
223 36 31 179
223 60 19 400
223 76 43 666
223 86 23 495
223 103 1 505
223 124 16 257
223 136 55 364
223 143 26 403
223 185 37 445
223 186 49 129
223 189 13 588
223 191 7 660
224 42 1 492
224 43 16 146
224 44 13 449
224 56 56 519
224 97 31 247
224 104 43 283
224 106 25 635
224 115 4 254
224 119 37 212
224 136 49 618
224 164 10 628
224 186 7 298
224 188 19 343
225 2 34 178
225 57 16 123
225 93 25 48
225 118 3 250
225 122 19 14
225 128 1 165
225 148 7 360
225 149 51 649
225 150 39 152
225 169 13 281
225 187 55 141
225 195 53 487
225 199 43 673
226 8 25 124
226 13 13 320
226 61 3 287
226 85 55 743
226 101 37 232
226 112 31 446
226 125 7 354
226 138 52 285
226 143 43 403
226 149 59 649
226 161 49 297
226 176 19 362
226 181 46 384
226 188 33 269
227 2 53 152
227 24 38 529
227 42 13 29
227 72 43 108
227 80 3 108
227 83 49 680
227 104 25 534
227 116 19 207
227 119 55 423
227 120 16 369
227 141 7 393
227 149 32 649
227 195 29 133
228 3 43 408
228 6 37 521
228 11 57 133
228 29 47 584
228 37 28 292
228 50 11 741
228 82 13 293
228 91 7 467
228 106 49 476
228 121 4 554
228 124 1 210
228 157 32 722
228 187 19 246
228 197 25 169
229 20 25 661
229 28 56 54
229 60 43 400
229 72 37 371
229 76 50 549
229 80 47 108
229 81 13 517
229 84 7 20
229 109 1 221
229 116 19 580
229 136 31 590
229 149 16 649
229 160 35 598
229 163 23 194
229 194 58 715
230 2 37 138
230 10 55 21
230 24 20 529
230 107 39 25
230 108 50 50
230 112 9 446
230 115 43 333
230 129 32 225
230 131 25 244
230 146 15 79
230 178 4 57
230 187 27 738
230 196 11 743
231 10 15 105
231 13 43 480
231 21 31 342
231 25 21 169
231 51 1 26
231 55 49 387
231 74 3 347
231 76 51 666
231 116 37 589
231 134 58 590
231 165 8 678
231 183 34 127
231 190 26 427
231 192 13 142
232 3 37 477
232 19 49 384
232 23 43 740
232 27 7 531
232 43 25 710
232 53 9 34
232 58 32 243
232 69 1 289
232 78 13 624
232 83 16 564
232 88 28 18
232 92 47 260
232 125 20 161
232 146 57 79
233 5 1 562
233 16 25 739
233 20 31 661
233 24 20 456
233 81 55 517
233 110 15 450
233 117 46 274
233 126 11 86
233 133 58 689
233 138 40 284
233 164 37 628
233 165 49 180
233 174 3 271
233 199 7 228
234 14 55 638
234 47 43 38
234 49 31 618
234 53 11 318
234 73 37 213
234 124 4 257
234 141 58 425
234 146 29 79
234 159 14 623
234 162 34 170
234 176 7 262
234 183 1 127
234 188 25 652
234 198 52 691
234 199 19 673
235 9 31 532
235 23 37 469
235 45 27 597
235 52 16 255
235 54 1 374
235 65 25 299
235 89 7 302
235 113 41 177
235 119 50 270
235 156 4 337
235 165 19 678
235 179 46 571
235 193 23 582
235 198 13 7
235 199 55 228
236 3 49 383
236 22 34 659
236 34 59 322
236 67 43 723
236 72 55 108
236 76 3 549
236 95 25 491
236 100 37 106
236 113 11 465
236 115 16 254
236 118 1 250
236 165 7 653
236 180 19 335
236 196 41 239
237 16 1 369
237 27 15 531
237 44 7 334
237 49 53 226
237 59 34 95
237 81 19 517
237 97 26 514
237 99 43 150
237 118 50 250
237 128 11 694
237 137 13 587
237 143 38 403
237 160 5 730
237 166 32 344
237 192 46 142
238 35 59 131
238 47 25 527
238 54 10 304
238 58 53 511
238 87 57 277
238 95 31 491
238 101 13 527
238 102 27 703
238 107 7 25
238 111 34 715
238 121 46 286
238 147 37 640
238 172 19 374
238 187 49 206
238 191 3 685
239 2 17 178
239 27 15 27
239 60 7 176
239 71 31 31
239 76 55 666
239 106 43 328
239 122 25 14
239 134 40 542
239 137 29 587
239 149 21 649
239 155 52 591
239 181 37 626
239 182 49 273
239 198 2 644
240 14 13 735
240 21 28 342
240 40 40 296
240 46 55 662
240 70 37 706
240 73 44 528
240 85 1 670
240 91 49 242
240 94 31 617
240 113 9 665
240 137 11 629
240 146 7 168
240 147 19 640
240 158 16 434
240 191 5 685
241 2 53 178
241 26 9 550
241 41 35 406
241 42 55 110
241 61 17 104
241 86 7 189
241 96 20 56
241 101 43 159
241 106 13 91
241 133 1 695
241 142 49 2
241 169 28 186
241 181 4 384
241 187 31 614
241 200 40 495
242 10 25 105
242 13 7 671
242 38 13 466
242 49 29 618
242 51 22 414
242 114 41 224
242 118 55 250
242 138 43 202
242 139 49 612
242 141 31 425
242 144 34 570
242 147 1 452
242 180 57 90
242 184 10 22
243 13 57 561
243 34 39 322
243 38 4 713
243 48 26 621
243 49 15 581
243 64 21 385
243 77 10 397
243 86 33 189
243 111 7 132
243 113 41 261
243 133 43 298
243 153 23 513
243 156 46 556
243 162 1 170
244 1 49 112
244 14 40 638
244 37 37 358
244 62 19 382
244 76 13 666
244 89 7 224
244 104 32 191
244 118 45 250
244 126 27 606
244 144 22 570
244 153 53 251
244 166 11 344
244 179 4 320
244 198 1 7
245 3 25 361
245 5 20 562
245 25 39 331
245 30 4 429
245 47 15 748
245 52 37 311
245 63 1 683
245 87 33 520
245 99 50 89
245 121 56 286
245 133 46 689
245 141 10 393
245 154 35 14
245 166 22 344
246 1 43 112
246 14 1 735
246 23 31 740
246 36 7 235
246 48 58 659
246 53 35 318
246 65 29 299
246 70 55 68
246 72 25 371
246 82 40 293
246 100 49 128
246 134 13 687
246 171 4 278
246 174 19 271
246 184 16 22
247 13 28 696
247 18 22 49
247 43 55 710
247 57 37 288
247 95 19 491
247 120 41 443
247 131 5 244
247 136 1 618
247 139 43 612
247 144 11 570
247 152 13 83
247 155 25 591
247 173 7 144
247 185 31 282
248 5 3 562
248 22 7 659
248 23 19 731
248 38 43 749
248 49 23 581
248 53 5 227
248 58 55 511
248 73 57 528
248 98 25 472
248 111 52 433
248 115 46 333
248 119 38 270
248 120 29 485
248 121 31 554
248 160 1 372
249 1 13 112
249 16 43 369
249 27 17 27
249 45 20 713
249 60 57 400
249 66 51 204
249 74 1 63
249 94 25 287
249 102 55 703
249 104 7 353
249 109 29 739
249 114 5 224
249 141 38 425
249 185 31 33
250 12 19 358
250 20 15 515
250 46 31 662
250 74 37 530
250 88 7 18
250 95 46 480
250 111 57 433
250 121 10 554
250 133 4 695
250 134 52 626
250 146 41 79
250 175 26 210
250 184 1 119
250 191 13 685
251 15 13 41
251 40 25 177
251 41 16 114
251 60 55 717
251 64 10 385
251 93 7 205
251 106 37 635
251 110 59 468
251 113 53 665
251 117 1 274
251 140 5 46
251 154 23 336
251 169 44 114
251 184 19 22
251 187 49 141
252 1 55 602
252 18 35 474
252 21 7 342
252 41 3 114
252 119 37 42
252 132 50 557
252 133 20 505
252 137 41 629
252 149 45 649
252 151 15 72
252 170 27 121
252 179 31 320
252 184 10 119
253 10 13 21
253 29 45 584
253 45 31 185
253 77 17 212
253 90 37 264
253 113 1 465
253 115 7 254
253 118 19 250
253 128 3 165
253 141 50 425
253 162 28 170
253 175 56 735
253 189 10 588
253 195 21 133
254 29 4 476
254 50 13 240
254 100 55 64
254 101 19 527
254 102 43 168
254 103 7 196
254 112 23 222
254 130 1 331
254 155 37 591
254 160 15 180
254 179 25 5
254 185 50 378
254 193 11 364
255 18 47 474
255 24 31 363
255 29 15 476
255 36 49 544
255 58 37 243
255 63 43 482
255 69 27 8
255 92 1 371
255 96 3 693
255 100 57 343
255 103 7 566
255 177 41 727
255 185 19 445
256 23 43 731
256 24 49 363
256 27 1 27
256 39 7 422
256 44 16 449
256 55 11 387
256 67 19 641
256 70 33 68
256 122 3 12
256 165 37 91
256 172 56 102
256 179 25 571
256 196 53 239
257 6 7 521
257 20 49 461
257 32 43 635
257 40 55 734
257 52 1 255
257 83 37 20
257 85 31 743
257 88 40 18
257 116 19 589
257 127 27 379
257 153 5 689
257 167 13 366
257 197 58 169
258 14 33 638
258 33 22 253
258 42 19 29
258 58 39 243
258 64 37 385
258 69 51 291
258 77 1 717
258 108 9 200
258 126 29 606
258 147 13 107
258 172 25 102
258 185 56 445
258 191 31 660
258 192 7 283
259 20 50 661
259 28 39 54
259 31 55 589
259 41 13 150
259 54 28 426
259 55 34 387
259 93 22 489
259 97 44 247
259 115 3 333
259 123 57 635
259 126 15 606
259 133 7 695
259 146 1 168
259 151 25 72
259 171 17 278
260 21 49 342
260 22 46 659
260 37 13 228
260 44 34 383
260 45 25 406
260 53 32 227
260 83 52 680
260 85 20 743
260 116 1 580
260 136 7 573
260 158 43 275
260 168 37 439
260 175 55 650
261 2 53 138
261 5 47 259
261 7 28 276
261 30 1 321
261 34 37 322
261 48 25 51
261 78 33 643
261 82 40 702
261 98 16 472
261 99 19 481
261 109 31 587
261 123 43 359
261 144 59 692
261 148 22 360
261 180 49 335
262 51 25 141
262 62 34 382
262 66 13 204
262 69 37 639
262 82 43 702
262 92 5 260
262 94 15 195
262 103 19 566
262 126 3 606
262 135 50 166
262 138 31 284
262 141 55 425
262 143 7 732
262 160 41 180
262 181 28 626
263 9 37 129
263 13 46 416
263 24 19 363
263 25 27 712
263 27 25 531
263 32 31 376
263 54 4 304
263 72 49 371
263 81 10 517
263 99 43 89
263 118 16 250
263 187 55 185
264 11 51 133
264 15 7 267
264 42 37 110
264 47 53 748
264 56 31 465
264 57 56 123
264 110 1 450
264 115 10 254
264 116 25 589
264 130 13 331
264 134 3 687
264 154 19 725
264 164 22 130
264 174 44 271
264 195 17 487
265 14 44 422
265 26 55 550
265 58 51 243
265 69 25 289
265 89 37 224
265 93 13 489
265 102 47 703
265 122 1 14
265 124 22 484
265 179 16 151
265 180 8 335
265 188 31 202
265 193 5 615
266 11 35 8
266 14 32 735
266 22 22 596
266 27 29 27
266 58 5 511
266 61 7 104
266 89 13 634
266 123 1 585
266 139 53 180
266 165 9 48
266 173 37 208
266 197 46 169
266 198 25 7
267 12 7 388
267 27 13 531
267 49 1 581
267 53 9 318
267 58 25 243
267 63 31 683
267 113 11 566
267 117 20 274
267 141 16 425
267 160 49 227
267 164 28 628
267 166 37 261
267 186 3 174
268 8 19 408
268 29 41 476
268 55 51 387
268 60 31 30
268 67 25 641
268 69 44 626
268 73 14 213
268 79 58 539
268 86 1 189
268 93 10 576
268 134 7 542
268 139 22 205
268 166 5 344
268 170 35 121
268 179 37 320
269 17 34 561
269 29 3 584
269 32 55 655
269 62 7 436
269 109 23 662
269 118 39 250
269 132 19 190
269 143 10 732
269 154 41 14
269 169 13 114
269 176 49 362
269 186 16 174
269 193 45 615
269 194 28 715
270 12 29 163
270 32 7 376
270 47 47 527
270 73 2 528
270 79 33 539
270 82 16 702
270 90 43 264
270 107 11 532
270 136 19 573
270 138 38 202
270 148 13 360
270 174 25 271
271 4 10 375
271 8 28 637
271 22 19 659
271 74 56 63
271 90 43 393
271 96 13 163
271 103 37 505
271 119 31 423
271 124 25 530
271 154 47 193
271 158 7 434
271 160 3 227
271 172 49 374
272 12 25 388
272 16 15 739
272 33 19 253
272 36 2 235
272 47 23 527
272 72 31 371
272 74 7 63
272 84 43 563
272 89 55 687
272 107 29 652
272 108 37 50
272 126 13 606
272 146 11 79
272 153 59 513
272 173 51 582
273 23 25 160
273 29 23 584
273 66 17 204
273 122 13 14
273 139 19 612
273 141 37 222
273 146 21 79
273 162 10 170
273 163 31 194
273 170 57 121
273 171 1 278
273 176 49 80
273 179 34 571
274 15 10 206
274 16 31 739
274 28 35 54
274 44 49 449
274 54 13 484
274 58 17 243
274 79 41 539
274 81 22 517
274 90 55 264
274 99 4 370
274 116 43 581
274 137 2 587
274 139 27 180
274 173 37 237
274 182 52 397
275 2 7 523
275 17 10 561
275 26 13 389
275 33 53 601
275 42 28 29
275 50 5 216
275 87 17 277
275 96 19 693
275 101 55 232
275 117 49 274
275 127 59 487
275 132 43 190
275 180 1 443
275 182 31 668
275 184 34 137
276 3 7 477
276 9 13 532
276 20 1 661
276 50 11 330
276 81 40 517
276 90 31 393
276 125 44 161
276 133 55 689
276 138 49 202
276 155 37 66
276 167 25 513
276 169 52 281
276 173 19 249
277 51 25 414
277 53 5 62
277 57 55 727
277 77 23 717
277 81 37 517
277 84 31 20
277 89 1 634
277 92 35 260
277 101 19 159
277 115 46 137
277 137 15 587
277 138 49 38
277 151 9 72
278 19 15 678
278 34 13 585
278 39 49 422
278 58 44 243
278 63 40 482
278 85 57 670
278 86 27 189
278 89 20 149
278 91 1 242
278 92 55 57
278 111 10 715
278 113 37 514
278 183 31 361
278 195 46 133
278 198 7 651
279 3 56 383
279 26 43 550
279 35 47 131
279 44 10 671
279 58 34 284
279 61 13 104
279 69 1 291
279 123 25 319
279 128 29 694
279 133 16 695
279 136 37 181
279 148 49 360
279 187 19 738
279 195 32 487
280 4 5 605
280 27 10 27
280 28 13 54
280 37 55 331
280 38 46 466
280 40 28 734
280 50 44 330
280 51 15 26
280 83 25 20
280 100 37 289
280 103 20 196
280 106 31 359
280 114 7 534
280 147 49 492
280 151 3 72
281 20 44 461
281 40 20 296
281 46 7 662
281 49 29 226
281 88 34 134
281 128 27 165
281 142 49 241
281 154 3 643
281 161 56 451
281 172 13 102
281 180 37 335
281 198 31 7
282 3 55 671
282 9 37 532
282 17 28 227
282 44 19 449
282 49 5 40
282 58 3 284
282 64 1 385
282 127 7 379
282 134 10 590
282 138 13 284
282 154 17 14
282 174 31 140
282 198 45 644
283 3 37 26
283 30 1 514
283 45 13 185
283 49 19 40
283 101 7 232
283 104 49 736
283 109 41 587
283 111 43 433
283 142 55 1
283 147 21 492
283 158 46 434
283 162 31 170
283 181 28 384
283 189 4 610
284 8 1 124
284 19 37 65
284 87 15 277
284 90 32 705
284 94 7 128
284 110 47 450
284 120 13 485
284 156 50 331
284 169 4 281
284 174 55 271
284 175 43 650
284 180 19 443
284 184 25 137
284 198 28 7
285 13 19 416
285 19 44 226
285 30 1 308
285 57 4 288
285 61 53 104
285 67 7 723
285 70 58 644
285 76 31 549
285 78 55 624
285 132 13 190
285 154 38 643
285 171 23 440
285 192 49 142
286 28 29 54
286 45 49 713
286 57 40 421
286 60 25 400
286 65 5 661
286 99 37 481
286 101 1 159
286 131 59 244
286 137 53 587
286 156 16 331
286 158 34 275
286 166 44 344
286 173 55 144
286 179 31 571
286 186 46 298
287 30 4 321
287 43 43 710
287 89 49 302
287 93 31 48
287 95 16 285
287 113 53 566
287 123 37 319
287 127 34 487
287 132 25 44
287 135 13 598
287 174 19 216
287 189 46 500
287 198 10 7
288 7 11 276
288 15 46 41
288 18 9 49
288 24 13 363
288 26 1 550
288 32 37 655
288 39 25 186
288 42 31 29
288 44 22 334
288 47 59 527
288 51 7 613
288 85 51 670
288 95 28 285
288 124 19 210
288 198 34 7
289 11 33 8
289 12 4 388
289 33 57 601
289 82 52 702
289 104 7 191
289 110 37 176
289 136 39 59
289 143 28 732
289 146 13 168
289 168 43 392
289 170 11 103
289 174 15 140
289 194 19 455
290 18 13 49
290 19 15 711
290 36 3 11
290 48 10 621
290 61 1 287
290 70 58 68
290 99 31 150
290 102 21 703
290 160 38 227
290 170 23 103
290 188 43 220
290 190 52 427
290 198 26 691
291 25 51 570
291 30 21 388
291 35 19 131
291 51 25 613
291 77 47 717
291 110 49 571
291 123 55 359
291 133 27 695
291 139 13 84
291 144 11 692
291 153 17 251
291 181 34 384
291 185 1 33
291 186 7 452
292 20 15 461
292 74 49 347
292 82 46 702
292 96 57 693
292 104 25 353
292 119 8 42
292 122 2 412
292 134 34 542
292 151 43 72
292 155 19 66
292 192 39 142
292 193 13 615
292 195 55 487
292 200 31 383
293 43 19 146
293 47 41 56
293 73 7 213
293 89 25 687
293 91 32 242
293 92 3 260
293 108 13 50
293 120 5 485
293 139 47 612
293 153 1 689
293 167 43 366
293 175 37 210
293 194 49 177
293 199 57 34
294 5 57 562
294 26 25 550
294 31 41 589
294 43 1 146
294 75 13 157
294 89 37 687
294 95 19 285
294 96 7 163
294 111 4 715
294 115 49 607
294 138 46 285
294 156 43 556
294 198 52 7
294 200 32 495
295 13 34 689
295 30 40 321
295 83 37 434
295 110 5 252
295 112 7 222
295 114 23 185
295 125 1 266
295 130 13 17
295 147 9 400
295 158 55 434
295 170 50 121
295 184 16 137
295 199 25 228
296 20 37 730
296 27 25 27
296 44 10 449
296 89 51 224
296 92 3 371
296 100 55 106
296 103 14 245
296 119 27 270
296 143 31 403
296 159 1 623
296 168 43 439
296 177 7 272
296 181 34 626
296 189 20 19
297 5 22 562
297 11 11 8
297 19 37 384
297 27 19 27
297 34 43 585
297 54 2 426
297 61 7 287
297 65 50 299
297 68 25 246
297 91 31 87
297 93 28 48
297 139 17 205
297 143 58 732
297 178 13 97
298 17 22 561
298 24 7 363
298 44 46 449
298 78 31 624
298 83 4 680
298 126 13 86
298 138 34 285
298 143 56 403
298 158 26 275
298 160 40 372
298 171 51 440
298 174 15 271
299 26 55 43
299 40 25 296
299 56 13 519
299 68 43 665
299 71 1 62
299 87 10 277
299 99 28 481
299 125 31 266
299 155 20 591
299 183 46 127
299 188 49 652
299 191 17 660
299 193 40 615
299 197 7 169
300 12 11 710
300 14 15 422
300 35 23 131
300 43 46 710
300 51 13 26
300 53 3 318
300 61 25 104
300 70 37 583
300 80 27 108
300 97 31 522
300 118 29 187
300 140 57 46
300 170 5 103
300 185 19 378
301 2 13 138
301 3 56 518
301 25 7 494
301 47 35 527
301 49 3 40
301 51 5 26
301 77 17 389
301 79 15 608
301 111 19 433
301 143 31 732
301 180 25 335
301 186 22 298
301 198 49 691
302 24 56 363
302 26 49 657
302 47 17 748
302 52 10 311
302 53 27 583
302 54 19 484
302 60 43 30
302 80 29 641
302 95 37 480
302 117 22 162
302 139 3 205
302 155 34 591
302 184 7 119
302 187 13 738
302 197 40 292
303 21 4 342
303 23 26 469
303 27 37 440
303 38 16 466
303 39 1 67
303 54 13 304
303 80 19 215
303 100 7 106
303 110 55 176
303 114 23 419
303 119 31 270
303 141 40 222
303 156 43 337
303 177 35 727
303 191 11 685
304 39 22 67
304 58 27 511
304 60 31 717
304 69 13 289
304 74 55 347
304 86 47 534
304 94 49 312
304 100 1 343
304 115 37 416
304 126 35 86
304 136 43 590
304 181 19 626
304 185 7 445
304 193 5 459
305 1 49 602
305 38 22 466
305 49 9 40
305 53 19 34
305 56 31 233
305 61 29 104
305 67 37 723
305 69 25 291
305 109 59 430
305 114 13 534
305 121 16 286
305 168 43 705
305 192 55 142
305 199 2 184
306 13 7 696
306 18 37 527
306 19 32 65
306 24 43 363
306 44 1 334
306 52 13 311
306 56 56 465
306 71 39 684
306 78 16 624
306 126 22 606
306 146 19 168
306 148 26 360
306 158 4 522
306 189 50 19
307 7 10 258
307 34 7 585
307 40 43 296
307 43 13 146
307 63 16 683
307 64 31 385
307 102 41 703
307 119 1 423
307 128 47 165
307 170 33 103
307 171 53 278
307 172 25 656
307 178 55 97
307 194 19 177
308 1 43 602
308 8 20 637
308 13 31 480
308 37 34 40
308 38 25 713
308 43 3 738
308 56 56 233
308 71 37 62
308 73 13 474
308 100 50 343
308 111 28 132
308 126 17 606
308 144 23 264
308 160 1 227
308 181 10 421
309 4 1 375
309 13 16 480
309 23 7 731
309 35 3 131
309 54 31 711
309 69 55 244
309 83 34 264
309 116 43 589
309 137 19 587
309 156 25 701
309 164 21 628
309 186 13 452
309 192 11 283
310 9 43 532
310 21 16 342
310 23 37 731
310 32 9 430
310 47 5 56
310 66 25 204
310 67 1 641
310 93 55 205
310 137 51 587
310 158 31 275
310 164 34 628
310 186 19 174
310 191 27 685
311 20 37 461
311 26 19 39
311 41 34 150
311 50 23 216
311 51 7 26
311 53 53 583
311 75 3 16
311 102 1 703
311 114 17 534
311 124 9 173
311 133 43 700
311 140 28 46
311 154 55 643
311 170 14 121
311 199 49 459
312 14 46 638
312 49 17 40
312 74 51 497
312 78 10 111
312 84 25 563
312 87 29 520
312 90 56 393
312 108 2 50
312 125 13 354
312 139 19 84
312 143 37 732
312 151 31 72
312 159 33 419
312 184 7 137
312 191 43 660
313 15 34 267
313 46 13 380
313 52 53 255
313 60 43 717
313 82 22 702
313 90 25 393
313 97 49 247
313 101 1 527
313 131 38 141
313 134 31 626
313 136 7 181
313 141 19 425
313 164 58 628
313 182 40 273
313 186 55 452
314 3 55 477
314 5 25 562
314 19 49 711
314 30 46 388
314 37 13 292
314 38 19 466
314 55 32 387
314 65 7 299
314 82 37 293
314 124 4 173
314 144 9 264
314 158 34 434
314 159 27 623
314 164 40 628
314 198 22 7
315 20 1 461
315 55 9 387
315 70 25 706
315 75 14 533
315 90 50 393
315 97 55 522
315 131 44 244
315 141 31 222
315 143 34 403
315 155 28 591
315 158 22 434
315 167 37 513
315 182 46 273
315 184 19 137
316 14 13 333
316 33 16 601
316 39 22 494
316 94 49 195
316 97 55 260
316 104 31 353
316 117 43 162
316 124 46 210
316 126 35 606
316 156 19 337
316 171 3 440
316 180 37 443
316 196 29 239
316 199 25 673
317 19 27 315
317 41 59 406
317 47 53 56
317 49 23 618
317 50 1 741
317 57 43 288
317 89 13 224
317 101 37 159
317 107 10 652
317 113 41 146
317 114 19 419
317 115 55 137
317 124 46 429
317 183 4 127
318 1 25 112
318 8 7 206
318 31 23 379
318 54 46 711
318 57 34 421
318 67 19 444
318 73 2 474
318 89 55 437
318 101 13 232
318 118 43 187
318 166 53 344
318 174 37 271
318 178 50 97
318 190 10 427
319 9 49 416
319 14 28 735
319 17 37 720
319 20 43 661
319 57 13 123
319 79 11 608
319 95 25 285
319 110 55 450
319 116 31 580
319 117 16 162
319 132 19 44
319 139 58 612
319 157 1 622
319 198 40 7
319 199 7 673
320 14 4 638
320 44 25 334
320 45 31 713
320 51 9 26
320 54 57 711
320 56 15 276
320 87 28 277
320 102 11 703
320 118 7 187
320 121 37 554
320 140 55 46
320 147 19 107
320 153 13 639
320 163 35 194
320 194 1 715
321 11 25 8
321 20 32 730
321 29 9 584
321 63 28 683
321 94 43 212
321 110 52 450
321 133 13 700
321 139 47 205
321 145 58 455
321 159 3 623
321 164 49 628
321 189 40 500
321 192 21 142
321 198 16 691
322 17 4 551
322 18 17 474
322 21 1 342
322 23 37 160
322 33 11 601
322 67 55 694
322 69 7 8
322 125 19 266
322 142 31 1
322 175 51 735
322 198 45 691
322 199 13 673
322 200 25 383
323 20 25 461
323 24 8 529
323 27 31 27
323 43 55 189
323 60 19 749
323 64 40 385
323 86 17 189
323 161 4 297
323 180 13 335
323 191 1 685
323 192 23 283
324 11 51 8
324 25 7 67
324 48 31 659
324 59 4 95
324 72 37 597
324 79 43 608
324 95 28 491
324 112 2 446
324 119 13 270
324 122 55 412
324 142 45 1
324 156 34 701
324 170 17 103
324 186 19 452
325 8 10 124
325 47 35 748
325 49 59 581
325 52 3 255
325 56 21 519
325 116 43 580
325 144 19 570
325 161 16 451
325 166 28 344
325 167 49 721
325 176 31 80
325 181 13 626
325 184 25 119
325 193 8 615
325 197 37 665
326 13 40 696
326 16 21 365
326 22 55 596
326 44 37 671
326 69 1 8
326 108 49 200
326 120 10 485
326 125 25 354
326 128 45 165
326 146 47 79
326 164 7 154
326 173 31 237
326 186 13 298
326 189 58 500
326 195 19 133
327 3 57 26
327 28 22 54
327 37 1 650
327 43 16 710
327 64 4 385
327 70 19 583
327 75 25 157
327 82 13 702
327 84 49 20
327 145 43 489
327 170 55 121
327 173 37 144
327 196 29 743
327 199 9 459
328 8 58 124
328 25 13 647
328 26 37 550
328 32 19 376
328 36 44 179
328 43 55 146
328 59 31 95
328 72 1 558
328 112 53 446
328 124 8 530
328 165 25 629
328 167 49 513
328 195 29 487
329 35 5 131
329 56 57 489
329 71 43 31
329 79 41 608
329 104 37 748
329 114 31 534
329 126 25 606
329 128 51 165
329 165 27 653
329 167 7 366
329 173 19 237
329 178 1 97
329 183 13 414
329 196 35 743
330 11 17 749
330 15 49 267
330 30 9 388
330 72 55 371
330 84 31 564
330 118 21 250
330 159 41 244
330 164 25 628
330 166 39 261
330 185 13 378
330 192 1 283
330 198 46 7
330 199 3 664
330 200 52 389
331 2 23 523
331 13 25 696
331 60 19 30
331 64 10 542
331 76 13 316
331 116 49 589
331 138 28 284
331 145 43 25
331 149 47 649
331 151 39 72
331 172 55 656
331 178 1 73
331 184 4 137
332 1 3 322
332 15 43 267
332 47 31 734
332 68 27 665
332 87 1 277
332 88 19 18
332 103 7 505
332 108 37 257
332 125 49 354
332 148 34 360
332 150 47 152
332 166 59 344
332 169 22 281
332 178 15 57
332 196 13 239
333 15 34 41
333 29 32 584
333 36 43 182
333 58 19 243
333 62 21 436
333 74 49 390
333 83 28 680
333 86 3 668
333 105 55 336
333 121 10 286
333 162 40 170
333 184 25 22
333 188 13 202
333 197 7 403
334 39 52 494
334 40 37 296
334 62 46 382
334 68 41 254
334 77 23 362
334 95 7 491
334 105 1 336
334 107 5 739
334 115 49 137
334 133 26 700
334 148 16 360
334 166 13 344
334 168 19 156
334 195 11 84
335 3 32 408
335 13 22 689
335 19 55 226
335 27 25 440
335 33 27 601
335 58 29 511
335 90 7 747
335 110 45 450
335 133 19 460
335 142 15 582
335 154 40 643
335 159 11 623
335 163 3 556
335 192 51 142
335 197 37 292
336 2 17 523
336 39 40 67
336 54 7 484
336 72 27 613
336 75 44 16
336 92 5 371
336 109 15 430
336 110 11 450
336 130 19 303
336 137 25 587
336 174 49 140
336 175 1 263
336 177 53 727
336 184 31 137
336 188 55 652
337 9 37 21
337 62 25 436
337 72 13 558
337 76 19 666
337 79 28 608
337 89 31 634
337 107 3 25
337 112 9 222
337 116 49 123
337 163 17 194
337 176 55 78
337 182 46 397
337 184 43 137
338 14 52 422
338 22 49 659
338 37 4 292
338 49 7 40
338 67 37 694
338 78 44 624
338 89 25 224
338 104 13 736
338 109 17 662
338 113 41 566
338 121 22 286
338 147 9 640
338 167 31 366
338 183 58 127
338 195 1 487
339 40 43 734
339 42 31 110
339 52 1 311
339 70 49 68
339 100 19 651
339 103 25 664
339 113 41 132
339 119 3 42
339 127 39 487
339 154 47 643
339 156 13 701
339 161 55 251
339 163 52 194
339 164 16 628
339 168 7 439
340 27 50 27
340 40 52 734
340 52 31 255
340 72 33 613
340 78 28 624
340 83 25 680
340 116 55 581
340 127 45 487
340 132 1 190
340 138 7 284
340 159 59 623
340 161 10 297
340 165 19 91
340 172 13 656
340 187 38 738
341 22 31 130
341 33 23 601
341 40 10 296
341 55 57 387
341 57 13 421
341 89 1 224
341 112 5 446
341 118 37 187
341 139 39 84
341 143 16 732
341 156 43 446
341 162 7 170
341 167 25 113
341 168 19 705
341 196 35 524
342 2 29 178
342 3 49 477
342 45 7 692
342 55 17 387
342 58 47 284
342 67 43 641
342 68 21 665
342 73 13 693
342 76 31 666
342 103 56 566
342 115 38 254
342 146 4 79
342 158 1 434
342 183 25 41
343 2 51 152
343 23 1 731
343 31 9 581
343 33 59 601
343 43 46 337
343 64 5 21
343 71 37 31
343 101 31 597
343 104 13 191
343 113 57 261
343 114 17 185
343 127 23 119
343 133 20 700
343 160 11 227
344 12 13 131
344 42 37 492
344 44 31 40
344 78 22 624
344 79 11 539
344 101 26 232
344 124 1 173
344 153 7 689
344 168 49 705
344 174 15 167
344 186 44 129
344 192 19 142
345 4 23 375
345 8 7 124
345 22 43 659
345 26 37 511
345 28 47 54
345 38 58 466
345 44 4 449
345 49 17 226
345 83 13 680
345 99 55 89
345 109 41 430
345 114 11 419
345 129 49 225
345 133 1 460
345 180 31 443
346 28 45 54
346 36 49 235
346 45 27 692
346 68 13 665
346 83 7 564
346 91 19 87
346 119 1 481
346 121 34 286
346 132 55 557
346 144 41 264
346 161 37 297
346 164 10 368
346 181 15 384
346 194 31 455
347 25 13 67
347 43 31 146
347 51 5 141
347 54 19 304
347 59 10 95
347 86 29 189
347 94 25 195
347 110 17 450
347 125 37 161
347 139 3 612
347 142 43 241
347 143 34 732
347 154 59 14
347 179 22 320
347 196 47 524
348 28 10 54
348 32 20 321
348 70 46 395
348 72 14 506
348 100 31 289
348 104 37 283
348 107 25 25
348 108 55 257
348 131 1 244
348 134 49 542
348 141 43 222
348 146 35 168
348 192 3 283
348 200 28 495
349 9 7 251
349 42 16 110
349 43 21 695
349 54 55 304
349 58 51 511
349 72 44 613
349 89 1 302
349 113 25 261
349 116 37 580
349 117 13 274
349 137 33 587
349 138 58 284
349 156 28 337
349 195 19 487
350 13 28 480
350 16 55 243
350 24 19 332
350 38 9 466
350 43 43 146
350 65 59 299
350 73 49 528
350 89 13 302
350 103 38 541
350 107 7 532
350 134 1 590
350 155 4 391
350 177 46 727
350 183 34 414
351 13 34 416
351 14 1 638
351 27 13 27
351 29 21 476
351 33 41 253
351 50 58 330
351 68 19 665
351 77 23 212
351 96 7 56
351 101 25 159
351 110 31 450
351 142 37 582
351 144 11 264
351 184 15 119
352 22 58 596
352 40 33 734
352 50 7 216
352 61 29 287
352 75 2 533
352 122 38 130
352 128 15 165
352 156 55 701
352 176 25 80
352 178 19 97
352 179 22 571
352 185 50 282
352 195 10 133
352 197 44 292
353 2 3 523
353 10 43 21
353 16 8 739
353 19 55 203
353 33 21 601
353 80 17 215
353 91 49 87
353 93 37 489
353 110 34 450
353 113 5 566
353 126 29 86
353 153 1 592
353 156 13 337
353 157 25 722
354 10 1 437
354 11 58 8
354 38 37 466
354 59 55 95
354 65 43 299
354 67 49 723
354 76 45 316
354 129 13 225
354 130 28 373
354 137 17 629
354 142 7 2
354 172 32 102
354 188 21 652
354 191 19 660
355 19 55 65
355 25 1 494
355 49 5 618
355 63 50 361
355 69 13 8
355 83 34 482
355 87 40 520
355 92 7 260
355 93 31 489
355 102 23 703
355 125 25 266
355 133 10 695
355 154 17 336
355 181 43 384
355 198 37 7
356 7 59 258
356 14 4 422
356 22 7 596
356 36 13 182
356 68 29 665
356 93 31 205
356 106 38 328
356 150 49 152
356 157 25 622
356 161 10 451
356 165 55 91
356 169 19 281
356 196 2 524
357 7 25 276
357 27 43 27
357 34 1 322
357 57 7 45
357 95 13 491
357 116 19 581
357 120 5 443
357 154 45 643
357 156 10 701
357 164 52 130
357 176 55 362
357 180 31 90
358 11 55 8
358 17 1 561
358 23 20 740
358 27 29 531
358 34 27 585
358 37 16 358
358 98 13 472
358 120 33 485
358 133 43 689
358 149 41 649
358 165 37 629
358 175 7 735
358 179 51 571
358 192 25 142
359 6 19 521
359 32 13 376
359 40 46 560
359 48 2 51
359 67 49 641
359 74 25 497
359 88 43 134
359 99 8 150
359 134 37 542
359 144 17 570
359 155 31 591
359 178 34 97
359 183 56 361
359 189 40 610
360 31 21 379
360 37 58 292
360 39 10 500
360 68 23 665
360 81 16 517
360 103 37 664
360 123 31 308
360 124 1 429
360 142 25 582
360 153 47 251
360 156 55 446
360 194 4 202
360 197 43 169
360 198 49 7
361 11 47 8
361 22 34 130
361 49 8 226
361 55 45 387
361 69 55 291
361 75 25 533
361 80 29 108
361 82 10 293
361 103 37 566
361 136 13 618
361 166 51 261
361 196 4 524
361 200 20 495
362 18 3 49
362 60 19 717
362 73 27 213
362 76 7 316
362 78 57 643
362 96 37 56
362 102 33 703
362 121 13 554
362 130 16 17
362 142 43 304
362 144 31 692
362 199 50 34
363 8 31 637
363 11 59 749
363 16 55 369
363 31 34 379
363 41 4 150
363 55 2 387
363 72 51 506
363 86 17 668
363 87 11 520
363 109 47 662
363 136 37 573
363 149 27 649
363 153 13 689
363 168 19 439
363 178 7 57
364 36 19 77
364 41 5 406
364 61 1 104
364 80 25 108
364 82 46 293
364 92 59 260
364 107 8 652
364 140 41 46
364 143 49 403
364 155 10 591
364 160 44 730
364 185 55 508
364 186 16 298
364 187 31 6
365 3 51 615
365 4 9 605
365 11 43 8
365 51 57 613
365 63 19 683
365 70 4 68
365 74 13 63
365 79 25 608
365 84 27 564
365 107 35 739
365 109 39 587
365 156 45 701
365 164 22 368
365 183 1 78
366 29 14 584
366 36 19 182
366 52 11 255
366 53 9 68
366 66 4 204
366 68 35 226
366 79 7 608
366 154 53 14
366 160 33 476
366 166 16 261
366 170 43 121
366 172 37 656
366 199 45 228
367 79 13 608
367 88 1 134
367 91 55 242
367 94 31 475
367 99 16 89
367 160 7 227
367 171 9 440
367 172 37 102
367 177 19 272
367 182 25 273
367 190 49 427
367 191 41 660
367 200 4 495
368 2 51 178
368 7 5 258
368 30 37 321
368 50 15 741
368 76 9 666
368 101 43 696
368 106 1 59
368 116 27 581
368 151 13 72
368 171 7 278
368 177 33 727
368 192 31 142
368 195 49 133
369 18 17 527
369 43 49 276
369 48 13 621
369 67 3 723
369 68 59 226
369 82 55 293
369 137 46 587
369 139 1 205
369 142 8 1
369 148 52 360
369 151 41 72
369 154 31 643
369 165 37 180
369 166 19 261
370 8 25 637
370 49 4 581
370 53 47 62
370 61 35 287
370 65 57 299
370 77 31 362
370 80 53 215
370 94 43 287
370 96 13 574
370 107 59 739
370 126 9 86
370 140 19 46
370 161 1 451
370 181 22 384
370 196 49 524
371 59 46 95
371 82 28 702
371 90 1 39
371 101 7 597
371 106 37 359
371 122 49 412
371 123 13 359
371 133 33 258
371 134 57 542
371 163 21 194
371 171 19 278
372 3 55 615
372 8 9 408
372 32 19 430
372 71 50 62
372 97 43 522
372 114 17 224
372 132 31 190
372 133 26 258
372 145 40 489
372 147 13 640
372 151 37 72
372 153 7 513
372 199 1 34
373 10 27 468
373 15 46 206
373 47 33 748
373 52 13 255
373 78 4 10
373 95 10 285
373 96 37 574
373 102 25 703
373 109 44 587
373 120 19 485
373 123 55 426
373 143 16 403
373 177 22 727
373 183 49 414
374 39 4 701
374 41 11 150
374 55 59 387
374 60 51 415
374 89 19 224
374 90 31 39
374 128 9 165
374 136 43 573
374 140 37 46
374 144 25 264
374 158 56 275
374 170 13 103
374 191 27 660
374 192 2 142
375 10 13 468
375 13 51 671
375 19 37 203
375 30 7 429
375 33 31 601
375 54 10 484
375 63 46 482
375 78 4 111
375 79 1 539
375 90 55 5
375 96 19 574
375 121 28 554
375 128 43 165
375 149 49 649
375 181 25 384
376 8 22 408
376 31 49 246
376 58 41 243
376 65 16 299
376 72 55 476
376 77 11 717
376 86 31 189
376 125 37 266
376 150 25 152
376 155 28 66
376 171 33 440
376 173 1 237
376 189 19 500
377 2 7 138
377 10 25 437
377 13 50 689
377 27 9 531
377 32 31 430
377 36 13 179
377 42 4 110
377 87 23 277
377 95 1 750
377 109 11 662
377 115 45 254
377 161 58 251
377 162 37 170
377 198 20 691
378 8 21 124
378 11 29 607
378 37 31 292
378 44 34 671
378 52 25 255
378 53 11 68
378 55 13 387
378 68 27 246
378 97 49 522
378 121 37 286
378 127 19 379
378 132 15 557
378 136 43 695
378 152 1 83
378 194 7 715
379 4 40 375
379 14 19 422
379 36 31 11
379 44 10 334
379 62 22 203
379 63 37 361
379 64 45 385
379 100 13 106
379 112 3 222
379 152 26 83
379 176 55 262
379 187 49 738
379 194 7 177
380 10 19 468
380 30 49 388
380 53 11 62
380 58 4 243
380 70 1 68
380 122 31 14
380 126 27 86
380 135 58 598
380 144 39 570
380 155 7 66
380 180 44 90
380 187 13 6
381 31 11 379
381 39 49 67
381 44 25 671
381 67 31 694
381 126 22 86
381 135 19 166
381 140 43 46
381 149 9 649
381 167 55 113
381 168 45 421
381 177 13 727
381 179 38 571
382 16 55 739
382 23 43 160
382 38 31 466
382 53 25 318
382 58 41 511
382 62 1 436
382 69 49 395
382 85 19 670
382 113 59 281
382 130 28 17
382 139 47 180
382 141 7 425
382 145 10 455
382 171 23 278
382 183 4 361
383 10 50 468
383 27 55 440
383 49 5 226
383 53 23 62
383 59 40 95
383 76 25 549
383 90 19 747
383 127 47 379
383 151 7 72
383 158 10 434
383 163 43 194
383 176 13 362
384 5 41 562
384 23 13 160
384 29 7 476
384 41 23 114
384 65 1 299
384 69 9 291
384 71 43 524
384 108 3 200
384 112 27 446
384 149 55 649
384 167 57 703
384 178 19 57
384 180 37 90
385 2 37 523
385 41 7 114
385 50 21 330
385 54 1 304
385 62 52 382
385 67 13 641
385 106 33 536
385 108 25 50
385 126 31 86
385 128 17 165
385 159 9 623
385 170 45 121
385 184 4 22
385 197 40 406
386 5 50 562
386 12 57 131
386 19 31 226
386 46 7 380
386 47 13 748
386 51 16 414
386 68 11 246
386 69 19 64
386 110 23 252
386 119 37 577
386 132 43 557
386 153 1 251
386 160 4 599
386 165 25 91
386 181 52 135
387 16 13 221
387 32 31 635
387 34 23 585
387 45 39 692
387 67 9 641
387 84 57 564
387 86 35 189
387 87 7 277
387 117 46 162
387 146 55 79
387 148 4 360
387 154 20 193
387 168 25 392
388 3 20 518
388 12 29 131
388 14 25 638
388 16 7 43
388 31 11 589
388 36 13 77
388 45 31 406
388 50 17 741
388 66 37 204
388 130 52 373
388 145 46 107
388 164 57 368
388 188 1 220
389 19 27 678
389 33 1 253
389 45 7 308
389 50 56 330
389 56 19 233
389 61 33 104
389 89 49 149
389 145 43 107
389 147 3 640
389 166 17 328
389 170 40 121
389 195 25 133
390 7 45 258
390 11 31 133
390 17 49 561
390 23 20 469
390 36 38 77
390 39 10 186
390 64 13 385
390 79 3 608
390 132 25 557
390 136 55 618
390 151 29 72
390 155 16 66
390 200 7 303
391 2 1 178
391 7 7 276
391 13 14 696
391 17 22 720
391 70 52 644
391 77 17 397
391 84 37 564
391 132 3 44
391 137 49 587
391 144 9 570
391 148 31 360
391 165 43 629
391 179 28 5
391 194 19 202
392 6 57 521
392 16 1 43
392 18 26 49
392 34 47 322
392 49 13 581
392 57 7 421
392 65 10 299
392 90 15 747
392 101 50 527
392 126 5 86
392 138 28 202
392 176 37 484
392 183 19 41
392 195 55 133
392 199 31 459
393 33 11 253
393 36 19 544
393 42 34 492
393 86 5 189
393 93 16 489
393 107 53 91
393 110 13 252
393 111 31 433
393 122 7 14
393 144 27 264
393 166 37 344
393 171 29 440
393 182 2 273
393 187 39 246
393 194 55 715
394 8 7 637
394 13 10 480
394 33 37 253
394 78 25 643
394 79 31 539
394 84 1 563
394 92 28 260
394 97 39 514
394 106 13 536
394 108 44 674
394 115 19 607
394 156 58 701
394 169 34 281
394 199 49 228
395 4 49 375
395 11 45 8
395 27 33 27
395 28 5 54
395 33 25 253
395 43 52 189
395 65 21 299
395 69 13 395
395 78 1 10
395 168 7 555
395 189 28 19
395 196 11 417
395 197 55 169
396 29 35 472
396 54 43 711
396 60 39 176
396 68 3 665
396 95 22 285
396 99 10 370
396 102 37 703
396 119 25 42
396 144 7 570
396 145 46 25
396 156 52 701
396 159 16 623
396 182 13 668
396 185 31 240
396 189 19 610
397 9 49 21
397 15 33 206
397 18 55 474
397 41 31 114
397 47 23 748
397 68 3 246
397 77 59 717
397 83 28 20
397 114 47 224
397 130 25 17
397 150 7 152
397 157 19 722
397 166 13 261
397 177 16 727
397 184 10 137
398 1 13 602
398 14 10 267
398 27 55 27
398 28 27 54
398 35 5 393
398 37 52 292
398 73 43 213
398 77 17 362
398 83 57 680
398 92 41 371
398 112 25 446
398 115 49 254
398 141 37 285
398 151 1 72
398 184 22 137
399 13 19 480
399 25 43 712
399 44 22 383
399 80 1 108
399 95 49 491
399 115 26 416
399 120 7 485
399 124 56 210
399 131 9 141
399 135 31 166
399 147 3 107
399 159 35 419
399 163 29 556
399 180 15 443
399 199 37 673
400 17 13 561
400 27 1 531
400 36 8 544
400 48 22 621
400 68 55 246
400 73 31 234
400 93 58 205
400 99 49 150
400 106 25 359
400 109 35 430
400 114 4 419
400 120 53 485
400 189 16 588
400 196 19 417
401 3 27 518
401 10 31 21
401 29 23 476
401 40 16 610
401 46 19 380
401 55 25 387
401 71 55 524
401 85 37 743
401 107 53 652
401 111 49 132
401 125 7 266
401 134 13 590
401 172 43 102
401 193 3 615
402 13 2 671
402 21 52 342
402 28 49 54
402 41 11 406
402 60 31 400
402 111 13 132
402 135 43 166
402 146 39 79
402 147 55 492
402 172 7 374
402 182 20 668
402 184 28 137
402 193 5 582
402 196 23 524
403 5 37 562
403 33 25 601
403 58 46 243
403 61 39 104
403 69 19 289
403 93 52 489
403 94 15 287
403 128 31 165
403 131 23 244
403 133 43 505
403 135 27 166
403 187 33 246
403 194 2 455
403 197 49 169
404 14 40 333
404 15 13 206
404 23 49 740
404 32 31 318
404 40 7 296
404 59 19 95
404 62 10 436
404 82 37 702
404 89 1 149
404 110 5 176
404 118 16 187
404 133 55 700
404 141 46 425
404 156 28 701
404 186 25 129
405 3 19 257
405 13 37 689
405 38 1 576
405 41 17 406
405 77 35 389
405 91 31 467
405 96 57 163
405 104 25 748
405 106 51 359
405 114 45 534
405 154 7 193
405 159 55 623
405 179 13 571
405 197 40 169
406 2 11 138
406 4 13 375
406 26 7 239
406 40 28 296
406 57 16 288
406 64 41 21
406 67 31 641
406 68 3 226
406 69 19 395
406 88 25 18
406 101 43 232
406 128 23 694
406 130 55 373
406 155 58 591
406 181 50 421
407 4 17 375
407 34 15 322
407 39 1 422
407 42 43 110
407 43 58 337
407 54 4 374
407 102 51 703
407 109 35 587
407 115 19 254
407 138 46 202
407 140 39 46
407 153 29 513
407 177 27 727
408 40 20 734
408 41 55 406
408 68 51 246
408 76 37 666
408 89 27 149
408 99 13 569
408 107 5 25
408 120 11 443
408 130 7 437
408 139 1 612
408 140 25 46
408 144 3 692
408 146 17 168
409 1 49 588
409 28 3 54
409 45 44 308
409 76 27 666
409 80 37 108
409 101 39 527
409 102 5 219
409 110 17 176
409 113 55 665
409 117 10 274
409 138 19 38
409 153 1 639
409 159 25 623
409 188 31 220
409 195 57 487
410 14 19 638
410 23 14 740
410 34 11 322
410 39 2 500
410 61 5 104
410 78 52 624
410 92 50 260
410 94 39 365
410 109 23 587
410 118 7 250
410 137 59 587
410 163 29 194
410 168 25 555
410 170 37 121
410 189 31 19
411 7 35 276
411 15 4 267
411 74 37 63
411 82 19 702
411 99 1 89
411 108 56 263
411 116 49 581
411 150 23 152
411 155 7 591
411 171 15 440
411 174 31 271
411 186 25 174
411 199 43 34
411 200 10 418
412 26 19 629
412 38 52 466
412 55 37 387
412 58 23 511
412 63 2 482
412 65 5 299
412 97 31 260
412 108 39 200
412 135 7 166
412 173 44 208
412 178 25 57
412 186 10 452
412 189 16 19
412 200 13 383
413 1 9 602
413 17 37 551
413 39 2 186
413 46 49 380
413 64 7 385
413 65 47 299
413 75 19 533
413 78 58 624
413 79 17 539
413 91 13 467
413 106 25 328
413 132 43 44
413 135 32 598
413 166 55 344
414 9 31 710
414 28 41 54
414 29 21 584
414 33 9 253
414 40 1 296
414 42 13 110
414 64 47 542
414 81 25 517
414 90 43 180
414 95 57 491
414 100 50 64
414 150 17 152
414 197 37 406
415 2 45 178
415 48 19 621
415 60 49 717
415 64 53 385
415 79 3 539
415 80 17 641
415 94 31 287
415 96 25 507
415 104 13 353
415 114 11 224
415 121 7 554
415 123 55 319
415 127 43 487
415 131 1 141
415 176 37 362
416 9 43 251
416 42 40 110
416 54 25 426
416 83 31 680
416 87 23 520
416 98 58 472
416 99 34 89
416 101 7 345
416 147 49 640
416 168 13 439
416 171 21 440
416 176 1 262
416 179 28 571
417 19 21 226
417 47 2 38
417 70 13 68
417 75 49 483
417 77 53 362
417 78 38 624
417 102 19 703
417 132 9 557
417 146 7 79
417 159 29 748
417 160 17 599
417 172 31 656
417 175 25 263
417 184 55 22
417 199 43 459
418 13 25 689
418 15 16 267
418 42 46 110
418 51 28 414
418 57 58 727
418 75 31 533
418 103 19 245
418 110 23 450
418 145 49 25
418 156 7 331
418 167 1 721
418 182 52 668
418 190 43 427
418 197 39 623
419 2 49 178
419 10 39 468
419 29 43 472
419 36 51 77
419 55 7 387
419 56 25 519
419 65 14 299
419 71 9 684
419 121 34 554
419 132 1 557
419 163 5 556
419 169 31 281
419 186 22 174
420 13 3 696
420 23 56 469
420 31 51 379
420 35 1 131
420 51 29 141
420 82 7 293
420 101 43 345
420 119 25 212
420 125 13 266
420 131 21 244
420 133 37 298
420 135 40 166
420 187 31 738
421 26 55 657
421 28 25 54
421 60 13 176
421 74 1 530
421 75 27 16
421 114 5 534
421 119 49 423
421 120 43 485
421 137 10 587
421 140 21 46
421 175 31 263
421 184 40 119
421 189 46 588
422 8 46 124
422 15 52 267
422 17 34 227
422 67 55 641
422 118 4 187
422 133 31 700
422 153 41 251
422 156 28 206
422 158 37 518
422 169 16 281
422 186 10 174
422 195 1 133
422 198 7 691
422 200 22 303
423 34 37 585
423 35 35 131
423 56 31 519
423 83 1 564
423 84 15 20
423 121 7 286
423 129 55 225
423 130 4 303
423 147 25 640
423 156 10 263
423 160 13 227
423 169 20 186
423 187 45 141
423 193 59 615
424 12 25 583
424 31 47 581
424 47 21 748
424 53 7 68
424 54 28 711
424 58 9 243
424 71 31 524
424 72 43 506
424 101 55 696
424 124 2 484
424 144 15 692
424 149 13 649
424 156 38 337
424 171 19 440
424 191 23 685
425 34 56 322
425 39 16 500
425 63 7 683
425 78 19 111
425 82 10 702
425 88 37 18
425 97 25 247
425 123 31 319
425 189 13 19
425 195 3 133
425 199 49 30
425 200 44 495
426 15 16 206
426 17 31 561
426 30 4 514
426 34 13 322
426 68 9 246
426 82 49 702
426 85 43 743
426 95 22 491
426 120 25 485
426 124 52 484
426 167 37 113
426 170 47 121
426 189 28 500
426 200 1 495
427 12 17 196
427 17 7 561
427 24 25 332
427 28 51 54
427 35 41 131
427 38 34 466
427 44 43 383
427 50 49 330
427 83 31 482
427 123 19 359
427 130 37 303
427 141 10 425
427 155 4 591
427 178 58 97
428 3 1 477
428 4 56 375
428 5 5 562
428 45 33 692
428 49 17 102
428 56 8 519
428 70 13 583
428 74 43 347
428 80 22 451
428 84 49 37
428 135 25 510
428 149 19 649
428 170 31 103
428 183 39 41
429 25 15 712
429 46 19 662
429 57 49 727
429 66 7 204
429 117 40 274
429 118 13 187
429 125 55 266
429 141 45 80
429 170 23 121
429 179 1 151
429 183 9 127
429 186 31 174
429 199 25 459
429 200 37 495
430 3 21 361
430 27 53 27
430 38 55 466
430 54 31 426
430 64 34 385
430 72 37 613
430 75 1 136
430 107 19 652
430 125 43 354
430 127 27 487
430 128 58 165
430 130 10 303
430 131 17 141
430 165 13 629
430 174 49 215
431 18 38 49
431 22 55 659
431 33 13 601
431 49 11 102
431 50 33 330
431 53 40 227
431 103 25 566
431 111 16 132
431 117 4 448
431 118 43 250
431 123 19 319
431 135 58 166
431 141 49 285
431 158 52 434
431 170 8 103
432 13 31 689
432 28 37 54
432 34 53 585
432 60 39 415
432 73 57 474
432 75 9 483
432 84 25 252
432 89 43 149
432 92 35 57
432 110 47 176
432 113 55 281
432 130 16 303
432 131 13 141
432 164 4 628
432 166 7 344
433 14 37 422
433 23 31 469
433 38 25 466
433 45 50 692
433 48 28 659
433 61 9 104
433 74 14 612
433 115 40 416
433 144 59 264
433 160 21 227
433 165 2 91
433 180 55 335
433 187 43 185
434 10 43 468
434 22 52 659
434 28 33 54
434 30 7 321
434 33 35 253
434 34 25 585
434 45 19 364
434 49 1 226
434 110 3 712
434 120 15 485
434 124 49 530
434 128 13 165
434 187 37 6
434 191 5 660
434 192 23 142
435 7 47 258
435 19 13 226
435 29 17 476
435 62 43 382
435 82 52 293
435 93 4 489
435 96 55 574
435 117 19 448
435 136 37 364
435 143 49 732
435 154 11 336
435 175 7 288
435 181 25 135
435 183 22 127
436 8 38 637
436 38 16 713
436 39 56 186
436 99 10 481
436 107 41 652
436 117 1 162
436 131 7 244
436 133 49 298
436 136 25 364
436 138 45 38
436 149 29 649
436 178 32 57
436 198 19 7
437 12 1 560
437 19 7 65
437 28 43 54
437 66 41 204
437 97 13 247
437 101 31 159
437 105 37 336
437 107 59 652
437 135 22 166
437 156 49 701
437 160 19 227
437 169 45 281
437 182 52 273
437 185 25 378
438 2 25 138
438 8 14 124
438 11 46 749
438 32 49 318
438 39 4 67
438 46 39 380
438 69 7 289
438 83 43 20
438 109 23 430
438 113 55 261
438 121 1 554
438 127 11 487
438 142 19 582
438 159 57 623
439 23 25 740
439 26 1 389
439 53 41 583
439 60 49 749
439 71 19 31
439 74 37 347
439 80 29 215
439 96 43 56
439 120 59 485
439 127 8 487
439 136 31 573
439 138 16 38
439 189 55 588
439 193 23 615
440 14 16 638
440 26 7 39
440 51 1 414
440 82 43 293
440 93 13 205
440 101 49 232
440 113 27 261
440 121 19 554
440 123 37 426
440 136 3 364
440 154 23 14
440 170 11 121
440 189 55 500
440 199 32 34
441 1 31 112
441 4 45 375
441 7 1 276
441 10 55 468
441 34 35 585
441 36 51 182
441 39 7 186
441 54 3 711
441 70 39 644
441 90 13 5
441 117 28 274
441 119 20 270
441 126 37 606
441 139 59 180
441 196 17 239
442 3 26 477
442 40 52 296
442 51 59 141
442 63 49 683
442 74 31 63
442 85 7 670
442 96 1 163
442 116 13 580
442 124 22 173
442 128 41 165
442 143 45 173
442 166 11 261
442 171 35 278
442 185 37 378
442 186 19 298
443 19 20 65
443 48 34 51
443 66 49 204
443 70 28 644
443 75 55 533
443 86 14 189
443 91 43 242
443 93 1 48
443 95 51 480
443 110 59 450
443 136 7 364
443 160 11 599
443 168 37 705
443 179 4 571
443 183 31 41
444 3 49 518
444 6 31 521
444 13 40 689
444 48 44 621
444 78 1 624
444 89 7 149
444 131 29 244
444 147 55 640
444 167 25 366
444 170 19 121
444 176 13 262
444 177 38 727
444 187 21 6
445 7 9 276
445 32 49 430
445 36 37 11
445 62 45 436
445 82 19 293
445 92 59 371
445 99 28 370
445 100 55 289
445 136 13 573
445 149 3 649
445 153 35 251
445 154 43 643
445 161 25 297
445 165 31 653
445 181 22 626
446 11 7 607
446 19 1 65
446 26 13 511
446 36 32 77
446 51 19 613
446 117 57 162
446 166 41 344
446 168 9 156
446 171 5 440
446 173 25 208
446 177 21 272
446 180 45 443
446 185 37 33
446 193 17 615
447 26 19 389
447 32 37 318
447 59 26 95
447 70 31 644
447 71 13 31
447 96 56 56
447 106 49 617
447 120 41 485
447 121 46 554
447 134 7 626
447 138 34 38
447 154 5 643
447 164 43 154
447 180 1 335
447 192 53 142
448 16 43 365
448 27 5 531
448 36 37 235
448 38 49 455
448 45 1 406
448 63 52 683
448 115 31 333
448 120 57 485
448 136 25 181
448 159 11 748
448 165 7 91
448 168 13 392
448 179 22 5
449 2 9 178
449 7 19 258
449 60 57 176
449 69 32 395
449 70 13 644
449 77 29 717
449 92 16 260
449 99 22 481
449 101 43 527
449 107 11 91
449 142 25 304
449 154 51 643
449 183 40 414
449 189 1 588
450 7 5 276
450 11 40 8
450 36 1 179
450 60 43 176
450 66 32 204
450 83 19 434
450 84 55 563
450 115 16 607
450 116 25 580
450 123 49 193
450 130 37 373
450 141 7 80
450 166 59 261
450 190 22 427
450 200 13 495
451 14 25 735
451 21 34 342
451 43 37 276
451 57 10 123
451 73 19 213
451 94 49 287
451 97 43 260
451 120 29 443
451 128 41 694
451 139 5 612
451 144 13 570
451 159 17 694
451 171 1 440
451 190 31 427
451 191 8 685
452 30 58 388
452 80 47 641
452 92 15 371
452 102 10 219
452 111 25 715
452 112 7 446
452 120 1 485
452 130 4 17
452 168 50 555
452 170 33 121
452 185 43 445
452 189 22 500
452 190 40 427
452 196 38 239
453 13 1 480
453 54 58 304
453 55 29 387
453 62 19 203
453 73 31 528
453 87 5 520
453 108 44 200
453 116 7 207
453 139 25 180
453 142 37 304
453 146 15 168
453 166 51 344
453 183 55 127
453 191 35 660
454 20 44 372
454 27 21 27
454 57 55 288
454 117 4 162
454 118 11 250
454 119 7 423
454 133 58 460
454 136 31 364
454 139 1 180
454 143 25 732
454 153 15 689
454 176 49 78
454 181 28 421
454 191 39 660
455 2 7 178
455 4 15 375
455 5 52 562
455 11 5 8
455 44 40 40
455 75 9 136
455 95 37 491
455 103 31 505
455 143 1 732
455 168 56 392
455 184 20 119
455 185 25 33
455 190 46 427
456 3 43 518
456 31 53 581
456 50 2 330
456 81 4 517
456 110 29 176
456 130 49 373
456 140 9 46
456 146 59 79
456 157 55 622
456 161 13 451
456 169 37 186
456 173 32 582
456 174 19 140
456 187 25 614
457 23 55 731
457 41 53 406
457 70 34 583
457 71 25 31
457 91 19 467
457 93 40 205
457 114 59 185
457 130 31 303
457 133 16 258
457 145 46 455
457 167 49 113
457 171 11 278
457 176 3 80
457 177 7 727
457 196 1 239
458 3 51 26
458 6 1 521
458 13 7 480
458 17 25 720
458 25 55 494
458 43 22 710
458 53 17 34
458 79 20 539
458 97 13 514
458 132 32 557
458 140 49 46
458 173 43 237
458 179 10 571
458 181 37 421
459 5 8 562
459 8 37 124
459 41 15 406
459 54 19 426
459 62 31 436
459 73 25 474
459 110 57 450
459 112 51 446
459 121 43 554
459 135 22 510
459 159 46 623
459 190 2 427
460 1 19 112
460 18 35 49
460 33 3 253
460 39 25 500
460 58 11 243
460 68 58 246
460 83 49 564
460 94 31 212
460 104 43 353
460 143 13 173
460 160 47 476
460 168 7 705
460 184 37 137
460 198 55 7
461 1 37 493
461 7 43 258
461 8 55 637
461 44 22 449
461 49 11 581
461 64 15 385
461 66 9 204
461 88 25 134
461 89 51 437
461 92 13 260
461 93 19 205
461 94 1 365
461 95 34 491
461 175 45 119
461 192 7 142
462 17 55 227
462 70 1 395
462 77 5 212
462 83 40 680
462 86 37 127
462 89 43 437
462 142 25 241
462 145 52 25
462 172 19 366
462 173 14 208
462 174 7 271
462 176 33 362
462 189 58 588
463 12 1 358
463 24 49 529
463 27 45 27
463 35 53 731
463 54 25 711
463 84 13 563
463 100 31 343
463 107 17 91
463 127 9 379
463 131 3 244
463 165 38 653
463 185 19 33
463 189 28 429
464 62 13 436
464 80 11 215
464 100 43 106
464 101 31 527
464 109 3 430
464 114 1 185
464 119 21 423
464 131 16 244
464 133 58 700
464 137 29 629
464 144 27 570
464 156 49 337
464 174 7 215
464 191 19 685
465 2 58 178
465 15 40 267
465 16 8 365
465 90 25 705
465 115 52 254
465 122 1 463
465 136 19 590
465 153 17 689
465 164 46 368
465 176 31 484
465 178 43 57
465 183 37 414
466 9 37 251
466 13 43 348
466 46 13 662
466 57 1 288
466 75 9 16
466 99 46 89
466 101 31 232
466 103 49 566
466 104 25 191
466 112 17 222
466 123 19 585
466 137 7 587
466 141 4 425
466 165 55 180
467 5 29 562
467 34 31 322
467 39 33 422
467 56 9 644
467 74 37 612
467 90 55 705
467 105 50 336
467 128 5 694
467 156 25 337
467 157 13 722
467 166 7 261
467 169 1 281
467 179 43 571
467 183 22 41
468 5 25 259
468 12 23 123
468 42 34 29
468 49 29 102
468 55 53 387
468 60 7 717
468 125 49 161
468 130 13 303
468 131 11 141
468 161 4 451
468 166 20 344
468 171 17 440
468 179 1 571
468 187 43 738
469 12 21 358
469 14 4 735
469 27 57 27
469 43 31 221
469 48 43 51
469 51 47 26
469 67 39 444
469 101 13 345
469 112 19 446
469 118 37 250
469 125 25 161
469 129 8 225
469 167 50 51
469 170 29 103
469 193 34 615
470 11 53 8
470 17 19 720
470 25 26 494
470 30 37 388
470 32 7 536
470 37 1 292
470 38 40 466
470 66 58 204
470 92 11 260
470 113 43 261
470 118 35 250
470 130 4 373
470 144 15 570
470 146 33 79
470 197 49 406
471 1 19 602
471 17 51 227
471 25 37 712
471 53 29 62
471 60 14 415
471 99 25 89
471 101 55 159
471 122 7 412
471 135 31 510
471 144 2 570
471 150 35 152
471 154 49 643
471 189 4 19
471 196 47 239
472 8 25 408
472 26 43 39
472 35 29 382
472 42 40 29
472 48 58 51
472 52 20 311
472 96 14 56
472 100 1 106
472 124 10 257
472 145 7 107
472 173 31 208
472 182 37 273
472 192 5 283
472 194 22 177
473 24 1 529
473 25 43 494
473 31 13 379
473 54 10 426
473 63 34 683
473 68 23 246
473 78 25 624
473 91 51 467
473 111 37 132
473 139 5 84
473 167 19 113
473 171 15 278
473 186 7 129
474 8 44 637
474 17 27 547
474 35 17 731
474 52 15 311
474 56 9 233
474 59 58 95
474 68 1 665
474 79 7 539
474 96 33 163
474 146 31 79
474 147 3 400
474 157 37 722
474 163 13 556
474 169 49 539
475 12 2 710
475 30 10 321
475 36 25 11
475 80 7 34
475 83 4 564
475 104 19 534
475 125 38 354
475 164 52 368
475 180 55 443
475 183 46 414
475 186 33 129
475 197 43 623
476 3 49 408
476 17 19 551
476 23 7 160
476 25 25 67
476 35 45 131
476 37 32 228
476 63 37 482
476 89 56 224
476 100 3 248
476 114 15 534
476 130 22 331
476 131 43 141
476 139 1 84
476 156 40 701
476 166 11 319
477 4 43 605
477 26 51 550
477 29 1 584
477 58 35 511
477 69 39 418
477 97 7 514
477 102 15 703
477 109 5 430
477 114 28 419
477 130 25 373
477 136 19 618
477 137 37 587
477 144 47 264
477 168 31 439
477 195 49 487
478 5 27 562
478 18 45 49
478 19 1 315
478 31 29 379
478 46 31 380
478 57 49 288
478 71 19 684
478 99 7 89
478 127 15 379
478 142 37 2
478 168 57 421
479 3 43 123
479 4 34 375
479 33 14 253
479 36 56 182
479 52 9 255
479 62 28 436
479 79 39 608
479 82 1 293
479 95 4 491
479 111 25 433
479 115 49 333
479 121 16 554
479 141 22 425
479 158 19 522
480 10 1 525
480 24 55 332
480 33 16 253
480 98 32 472
480 117 52 162
480 123 7 359
480 130 40 373
480 141 49 222
480 148 43 360
480 160 19 598
480 163 47 194
480 177 25 727
480 193 5 641
480 194 37 177
480 199 21 34
481 4 19 375
481 29 7 584
481 31 3 379
481 40 40 734
481 41 9 406
481 57 37 123
481 93 27 205
481 108 49 86
481 143 22 732
481 155 33 66
481 162 58 170
481 163 1 556
481 177 5 727
481 183 43 127
481 191 15 660
482 4 13 605
482 23 1 469
482 41 15 150
482 48 46 51
482 104 19 191
482 118 5 250
482 128 35 124
482 135 10 598
482 138 58 202
482 141 52 222
482 192 41 142
482 198 7 7
482 200 55 495
483 31 43 379
483 62 46 203
483 63 22 482
483 67 3 509
483 69 13 418
483 89 7 687
483 111 49 433
483 119 25 423
483 126 19 86
483 139 52 612
483 144 1 264
483 155 40 66
483 163 57 194
484 1 19 493
484 13 10 696
484 23 31 731
484 25 44 570
484 33 50 253
484 35 39 131
484 36 25 544
484 49 8 618
484 111 3 132
484 118 1 187
484 146 23 168
484 173 14 144
484 199 55 30
485 11 37 607
485 14 22 422
485 27 7 27
485 34 5 585
485 40 31 296
485 82 55 702
485 103 49 245
485 106 9 635
485 109 53 662
485 113 29 566
485 138 43 285
485 147 25 452
485 156 58 206
485 172 14 309
485 200 1 303
486 13 22 696
486 28 20 54
486 32 1 378
486 40 58 734
486 43 13 710
486 56 9 592
486 68 5 665
486 97 37 247
486 114 7 419
486 130 43 373
486 135 16 598
486 178 28 57
486 195 51 487
487 9 37 710
487 61 11 104
487 69 57 418
487 77 9 362
487 90 49 5
487 93 25 489
487 119 43 42
487 150 15 152
487 152 19 83
487 173 2 208
487 189 32 588
487 194 28 177
488 11 4 607
488 15 49 41
488 17 43 227
488 35 31 131
488 41 56 150
488 44 33 449
488 50 17 330
488 52 29 311
488 62 26 382
488 69 20 291
488 92 7 384
488 93 1 489
488 95 10 491
488 130 14 373
489 5 39 562
489 21 19 342
489 23 13 731
489 24 8 332
489 29 47 472
489 96 49 163
489 106 25 59
489 113 23 566
489 116 31 589
489 146 17 79
489 155 1 591
489 175 43 263
489 179 4 151
489 198 55 691
490 14 40 735
490 19 31 315
490 25 13 169
490 29 10 476
490 33 49 601
490 41 29 406
490 76 25 316
490 83 43 680
490 96 20 163
490 98 37 472
490 112 58 222
490 156 7 701
490 177 1 272
490 185 51 445
491 3 19 26
491 5 1 259
491 18 47 49
491 31 29 589
491 44 57 449
491 50 23 741
491 54 49 484
491 61 3 104
491 62 43 203
491 75 31 16
491 103 37 196
491 106 13 328
491 134 7 590
491 135 52 598
491 141 25 475
492 10 19 58
492 19 25 65
492 50 53 330
492 99 10 89
492 113 38 281
492 117 13 162
492 125 55 354
492 142 31 241
492 143 40 732
492 149 23 649
492 157 49 722
492 168 2 705
492 179 45 320
492 189 7 588
492 194 16 177
493 20 55 461
493 23 49 469
493 55 23 387
493 60 27 749
493 70 3 583
493 78 34 624
493 86 41 668
493 87 19 520
493 112 21 222
493 124 46 484
493 127 1 379
493 139 9 84
493 150 37 152
493 178 31 97
493 179 16 571
494 13 43 416
494 14 8 638
494 19 25 203
494 30 52 321
494 53 49 583
494 95 16 491
494 114 1 419
494 117 34 162
494 148 56 360
494 160 13 599
494 177 3 272
494 188 37 652
494 197 31 623
494 199 19 459
495 18 53 474
495 20 19 661
495 40 7 734
495 65 23 299
495 83 13 434
495 94 1 475
495 99 46 150
495 103 37 245
495 122 27 463
495 127 5 379
495 136 49 573
495 141 16 475
495 166 25 344
495 172 55 366
495 189 10 19
496 22 19 130
496 23 13 469
496 50 39 330
496 57 58 288
496 62 34 436
496 67 1 694
496 74 49 63
496 78 22 643
496 93 31 576
496 101 7 527
496 134 44 542
496 162 55 170
496 166 11 328
496 172 25 374
497 3 7 383
497 5 17 562
497 30 43 388
497 58 1 243
497 83 34 680
497 94 56 475
497 110 39 450
497 115 27 254
497 116 49 207
497 139 3 180
497 142 13 1
497 151 5 72
497 169 46 539
497 173 20 144
497 191 37 685
498 2 37 178
498 3 27 320
498 39 40 422
498 68 11 665
498 71 19 62
498 84 31 563
498 110 3 450
498 119 7 270
498 174 49 271
498 176 44 362
498 181 16 421
498 182 55 668
499 1 9 112
499 36 55 77
499 40 34 296
499 43 25 146
499 67 37 641
499 71 21 269
499 81 28 517
499 103 44 245
499 146 19 79
499 168 15 705
499 170 7 121
499 171 13 440
499 172 1 656
499 173 50 144
499 183 31 127
500 11 41 749
500 23 37 740
500 36 44 544
500 58 59 511
500 80 15 108
500 100 25 64
500 133 56 258
500 140 17 46
500 152 49 83
500 181 19 384
500 184 31 119
500 185 1 240
500 196 9 524
Điểm tối ưu/tốt nhất tìm được: 6975
Thời gian: 600.313800 giây
Trạng thái: VALID
