1123
1 6 29 22
1 9 31 91
1 11 49 32
1 13 4 82
1 25 16 117
1 26 25 51
1 28 52 84
1 35 38 89
1 36 45 36
1 37 10 112
2 3 16 13
2 4 55 118
2 6 45 139
2 9 1 91
2 11 52 135
2 14 34 100
2 18 13 133
2 25 49 117
2 29 25 119
2 33 19 61
2 34 37 26
2 36 7 34
3 8 25 22
3 9 7 24
3 13 31 82
3 19 11 138
3 20 13 52
3 23 15 35
3 29 20 115
3 33 37 61
3 34 1 78
3 36 55 34
3 39 49 33
4 7 31 69
4 14 40 100
4 16 11 67
4 19 7 138
4 23 1 47
4 27 27 113
4 28 22 137
4 31 13 102
4 35 19 107
5 3 14 132
5 6 21 139
5 20 3 77
5 22 53 118
5 25 45 117
5 27 29 113
5 34 32 26
5 37 26 83
5 38 49 71
6 3 47 95
6 9 13 91
6 18 58 133
6 20 5 52
6 31 23 80
6 34 19 111
6 36 1 34
6 37 52 83
7 6 5 22
7 7 56 147
7 9 32 45
7 14 22 100
7 19 1 138
7 21 7 46
7 27 3 113
7 29 49 44
7 31 19 94
7 33 44 29
7 34 13 134
8 2 33 121
8 9 49 91
8 19 3 138
8 21 7 49
8 22 28 118
8 25 31 117
8 27 22 113
8 33 14 61
8 34 37 134
9 3 9 101
9 6 25 139
9 7 28 147
9 13 13 82
9 16 5 67
9 18 38 55
9 19 31 128
9 20 1 51
9 23 33 35
9 26 55 125
9 36 20 34
10 2 1 121
10 3 59 132
10 7 37 69
10 8 3 140
10 11 22 32
10 16 57 11
10 19 17 138
10 23 43 28
10 24 13 12
10 25 55 117
10 29 31 119
10 30 9 123
10 37 49 83
11 5 31 1
11 8 37 140
11 18 49 133
11 20 19 77
11 23 55 28
11 25 4 109
11 26 14 125
11 32 25 97
11 35 1 21
11 37 43 112
12 5 37 1
12 6 49 139
12 16 17 17
12 18 7 133
12 24 55 12
12 25 13 109
12 29 1 119
12 30 5 123
12 31 15 80
12 35 10 107
12 39 46 33
13 2 35 9
13 3 13 13
13 8 7 22
13 9 43 91
13 18 28 55
13 19 23 138
13 23 1 131
13 30 11 123
13 38 19 9
14 2 28 121
14 16 7 31
14 22 5 118
14 26 49 75
14 28 13 84
14 32 31 97
14 33 9 29
14 35 1 107
14 37 58 112
15 1 49 25
15 2 43 121
15 6 15 139
15 7 22 143
15 10 9 23
15 20 1 77
15 25 19 109
15 27 46 113
15 30 17 123
15 31 13 80
15 38 37 71
16 5 34 1
16 8 55 73
16 16 37 31
16 18 50 55
16 20 1 52
16 21 13 49
16 23 25 104
16 25 3 117
16 27 5 76
16 28 10 84
16 34 43 26
16 38 19 71
16 39 7 33
17 3 17 95
17 4 49 118
17 9 38 45
17 10 27 23
17 11 34 32
17 16 2 31
17 18 22 133
17 20 11 51
17 21 4 124
17 27 13 76
17 28 7 84
17 35 19 89
18 6 27 139
18 7 4 143
18 9 19 91
18 11 46 123
18 18 31 55
18 21 56 124
18 26 7 51
18 27 59 135
18 30 34 123
18 35 16 107
18 36 49 34
18 38 38 9
19 5 28 1
19 8 19 73
19 14 49 100
19 19 44 3
19 23 33 131
19 26 37 125
19 34 55 78
19 35 16 89
19 37 46 112
19 39 52 33
19 40 7 64
20 2 7 9
20 7 25 147
20 9 43 45
20 16 5 11
20 17 37 37
20 20 3 52
20 22 34 118
20 23 55 131
20 26 49 51
20 30 59 123
20 31 1 94
20 35 10 43
20 39 22 33
21 6 55 139
21 14 43 100
21 16 15 67
21 18 1 133
21 21 10 144
21 25 33 117
21 27 47 135
21 31 22 94
21 36 51 36
21 37 57 83
21 39 19 33
22 3 19 101
22 5 4 1
22 8 32 73
22 10 21 23
22 13 1 12
22 14 13 100
22 20 39 77
22 22 47 118
22 23 49 131
22 26 25 75
22 28 16 84
22 31 37 80
22 34 43 134
23 6 23 22
23 7 26 69
23 8 56 140
23 9 1 6
23 12 44 96
23 20 10 52
23 23 13 104
23 29 31 44
23 31 8 102
23 34 49 134
23 35 19 21
24 2 51 121
24 3 4 101
24 6 47 139
24 8 26 140
24 11 31 123
24 12 14 96
24 15 19 7
24 16 1 67
24 27 11 113
24 31 7 80
25 6 39 139
25 9 9 85
25 11 55 32
25 16 1 17
25 17 43 37
25 19 7 3
25 20 17 52
25 21 31 144
25 23 13 28
25 27 53 113
25 33 27 29
25 35 4 21
25 38 49 9
26 3 17 101
26 8 50 140
26 9 44 6
26 10 35 23
26 12 31 96
26 13 7 82
26 15 57 38
26 21 4 46
26 29 13 119
26 31 1 102
26 35 37 21
27 1 19 25
27 2 15 121
27 5 7 1
27 13 25 82
27 15 37 7
27 16 17 11
27 18 10 55
27 20 5 51
27 22 41 118
27 23 1 28
27 25 29 117
27 29 55 115
28 2 19 121
28 6 51 139
28 9 55 91
28 11 16 32
28 16 4 31
28 19 1 3
28 21 10 124
28 25 25 117
28 30 13 123
28 36 38 36
28 39 43 33
29 2 17 121
29 5 46 1
29 6 35 139
29 9 8 6
29 13 49 82
29 22 26 118
29 23 37 35
29 31 28 94
29 33 13 14
29 34 1 111
29 35 52 21
29 40 31 64
30 3 7 13
30 6 43 139
30 8 15 22
30 10 13 23
30 12 37 96
30 17 1 37
30 19 9 128
30 21 34 124
30 26 19 51
30 27 5 113
30 35 45 107
30 36 25 34
30 39 31 33
31 2 59 121
31 4 43 118
31 7 1 143
31 9 25 6
31 13 10 82
31 21 4 144
31 23 19 104
31 33 37 76
31 34 49 26
31 37 16 83
31 38 55 71
32 3 25 13
32 4 7 118
32 7 28 143
32 8 20 140
32 9 33 6
32 16 1 11
32 18 43 133
32 21 13 46
32 23 49 104
32 27 11 76
32 29 37 44
32 35 46 89
32 37 4 83
32 40 55 64
33 2 53 121
33 6 9 139
33 7 44 69
33 15 55 7
33 19 4 3
33 20 7 77
33 21 13 124
33 28 16 137
33 31 28 102
33 32 49 97
33 35 1 43
33 37 25 112
34 6 53 139
34 9 55 45
34 10 37 23
34 11 7 32
34 29 25 115
34 31 20 102
34 33 43 61
34 34 2 134
34 36 31 34
34 37 22 83
34 40 14 64
35 2 47 121
35 5 25 1
35 7 1 69
35 16 11 11
35 21 19 124
35 23 49 35
35 24 7 12
35 31 31 102
35 33 43 14
35 36 55 135
35 39 28 33
36 3 23 13
36 7 7 69
36 9 25 91
36 11 31 32
36 13 37 12
36 16 11 31
36 23 19 28
36 26 14 51
36 35 43 43
36 37 40 112
37 3 1 95
37 10 33 23
37 11 13 32
37 13 19 82
37 16 23 31
37 19 52 3
37 23 8 104
37 28 4 84
37 33 55 76
37 37 43 83
38 1 26 25
38 8 19 22
38 14 31 100
38 23 50 47
38 27 34 113
38 31 5 80
38 33 55 61
38 34 13 111
38 35 10 21
38 39 1 33
39 9 49 45
39 16 15 31
39 19 13 3
39 20 32 77
39 21 44 124
39 27 57 113
39 29 9 44
39 31 26 102
39 38 1 71
40 1 37 25
40 11 46 32
40 16 9 67
40 18 19 55
40 19 7 128
40 20 35 51
40 27 43 113
40 28 1 41
40 30 15 123
40 31 31 80
40 37 28 112
41 2 40 121
41 7 16 143
41 20 47 51
41 21 50 144
41 22 11 118
41 23 7 131
41 25 23 109
41 33 19 14
41 35 13 21
41 36 31 36
41 37 1 83
42 2 35 121
42 7 19 143
42 8 43 47
42 11 7 135
42 15 38 38
42 20 10 77
42 25 5 117
42 30 3 123
42 33 49 14
42 34 25 111
42 38 31 9
42 39 55 33
43 7 10 143
43 8 50 22
43 13 16 82
43 15 2 38
43 32 44 97
43 33 38 14
43 35 7 107
43 37 13 16
44 7 50 147
44 10 29 23
44 16 7 67
44 20 13 77
44 21 25 124
44 23 19 47
44 25 37 117
44 26 9 75
44 28 32 137
44 33 15 29
44 34 1 26
44 37 39 83
45 6 13 139
45 11 25 32
45 20 56 51
45 23 33 104
45 29 1 44
45 33 8 61
45 35 43 89
45 39 15 33
46 7 33 147
46 8 43 22
46 10 31 23
46 25 39 117
46 27 59 113
46 28 13 103
46 31 25 94
46 33 49 29
46 38 7 71
46 39 4 33
47 2 49 121
47 9 19 6
47 10 59 23
47 16 3 17
47 20 37 77
47 21 28 124
47 23 13 131
47 25 35 117
47 31 53 94
47 39 10 33
48 4 21 118
48 8 55 47
48 9 37 24
48 14 46 100
48 21 1 46
48 23 13 47
48 26 49 125
48 34 25 78
48 36 7 36
48 37 31 112
49 5 49 1
49 11 19 32
49 18 52 133
49 19 11 128
49 21 16 124
49 23 1 35
49 27 5 135
49 28 57 137
49 33 25 76
49 34 7 78
50 1 7 25
50 2 53 9
50 3 11 101
50 5 16 1
50 7 34 69
50 18 46 133
50 24 25 12
50 26 1 125
50 30 23 123
50 31 29 80
50 36 19 36
51 2 23 121
51 3 25 101
51 9 1 45
51 10 46 23
51 18 38 133
51 20 7 52
51 21 19 46
51 26 15 75
51 27 13 113
51 28 9 137
52 1 1 25
52 3 31 101
52 6 11 139
52 13 55 82
52 15 49 38
52 16 17 31
52 21 22 144
52 23 25 28
52 25 29 109
52 35 7 43
52 36 13 34
52 37 19 83
52 38 43 71
52 39 38 33
53 6 33 139
53 9 49 6
53 13 4 12
53 17 56 37
53 18 16 55
53 19 47 128
53 25 25 109
53 29 19 44
53 30 1 123
53 32 7 97
53 34 38 78
53 35 13 107
53 36 43 135
54 7 43 147
54 10 51 23
54 16 29 31
54 20 21 77
54 21 26 46
54 25 59 117
54 28 7 41
54 31 4 94
54 35 1 89
54 37 16 112
55 5 13 1
55 7 52 69
55 8 31 140
55 10 39 23
55 12 26 96
55 13 46 82
55 15 7 38
55 19 20 138
55 20 35 52
55 21 16 144
55 31 11 94
55 33 1 14
56 1 55 25
56 3 29 101
56 7 7 143
56 15 25 7
56 18 1 55
56 23 45 131
56 24 49 12
56 25 14 117
56 28 19 84
56 29 37 119
56 31 16 94
56 35 22 21
57 1 43 25
57 3 29 13
57 6 57 139
57 7 4 147
57 18 7 55
57 23 49 28
57 27 55 113
57 28 1 103
57 33 25 61
57 34 13 78
57 37 34 112
57 40 20 64
58 8 19 16
58 9 13 6
58 10 1 23
58 18 46 55
58 19 3 128
58 20 53 51
58 21 34 144
58 29 7 119
58 34 25 26
58 37 31 83
59 2 31 121
59 3 3 132
59 8 55 22
59 19 17 3
59 20 19 52
59 23 43 35
59 25 9 117
59 27 1 76
59 28 28 137
59 29 13 115
59 31 11 102
59 32 37 97
59 35 25 89
60 3 47 132
60 6 4 139
60 7 20 147
60 9 13 45
60 11 28 32
60 14 25 100
60 16 34 31
60 21 1 144
60 23 37 104
60 27 41 135
60 32 55 97
60 33 7 14
60 35 31 89
61 3 4 95
61 9 27 24
61 11 49 135
61 16 13 67
61 20 25 52
61 27 20 113
61 28 22 84
61 29 31 115
61 34 7 111
61 35 16 21
61 37 1 112
62 2 56 121
62 6 11 22
62 7 1 147
62 18 31 133
62 21 19 144
62 23 25 35
62 25 16 109
62 26 7 125
62 28 13 137
62 29 51 115
62 31 4 102
62 37 34 83
63 6 29 139
63 7 10 147
63 10 49 23
63 11 40 32
63 16 43 31
63 17 25 37
63 19 13 128
63 20 46 52
63 21 37 124
63 23 32 28
63 25 23 117
63 38 2 9
64 1 13 25
64 3 7 95
64 5 10 1
64 6 59 139
64 7 4 69
64 13 22 82
64 18 43 55
64 19 17 128
64 21 31 46
64 31 25 80
64 37 19 112
65 2 37 121
65 6 35 22
65 7 10 69
65 10 53 23
65 15 13 7
65 17 49 37
65 24 44 12
65 28 19 137
65 29 26 44
65 33 31 76
65 35 7 89
65 36 1 135
65 38 55 9
66 3 14 95
66 7 19 69
66 12 7 96
66 19 1 128
66 21 16 59
66 23 57 104
66 25 11 117
66 26 25 125
66 27 31 113
66 28 4 41
66 30 39 123
66 35 22 43
67 3 9 132
67 13 40 82
67 14 37 100
67 17 19 37
67 20 3 51
67 21 49 124
67 25 7 109
67 27 25 113
67 28 43 137
67 34 31 78
67 36 27 36
68 7 40 147
68 10 15 23
68 11 43 123
68 16 9 31
68 18 34 133
68 20 23 51
68 21 19 49
68 25 27 117
68 28 31 84
68 30 7 123
68 35 49 89
68 37 46 83
69 2 9 121
69 3 5 132
69 6 7 139
69 10 11 23
69 16 45 31
69 20 29 51
69 25 57 117
69 30 19 123
69 31 16 102
69 34 21 134
69 35 13 89
69 38 31 71
70 7 13 147
70 9 31 24
70 15 7 7
70 18 55 55
70 20 29 52
70 26 43 51
70 28 16 103
70 32 19 97
70 35 4 107
70 36 37 135
70 38 25 9
70 40 49 64
71 2 26 121
71 3 3 13
71 4 14 118
71 5 21 1
71 10 44 23
71 15 32 38
71 21 7 144
71 25 53 117
71 30 51 123
71 33 57 14
71 35 28 89
72 2 45 121
72 8 7 73
72 13 1 82
72 14 28 100
72 15 31 7
72 22 59 118
72 25 21 117
72 27 17 113
72 28 4 137
72 36 37 34
72 38 13 9
73 2 23 9
73 3 13 101
73 6 31 139
73 9 37 6
73 10 55 23
73 15 25 38
73 21 1 124
73 26 57 75
73 30 21 123
73 35 4 43
74 2 3 121
74 3 1 132
74 10 25 23
74 14 19 100
74 16 13 11
74 18 58 55
74 19 5 128
74 21 31 49
74 23 27 47
74 25 7 117
74 35 22 89
74 36 43 34
74 38 9 9
75 7 46 147
75 8 7 47
75 9 56 6
75 13 40 12
75 16 19 31
75 18 27 133
75 20 35 77
75 21 16 46
75 23 21 35
75 25 51 117
75 28 1 137
75 35 32 107
75 37 4 112
76 3 7 101
76 6 17 139
76 7 25 143
76 14 9 100
76 15 13 38
76 20 41 77
76 21 3 59
76 22 19 118
76 23 37 131
76 26 43 75
76 27 1 113
76 28 21 103
77 7 16 69
77 8 32 47
77 10 3 23
77 18 13 55
77 27 51 113
77 33 19 29
77 34 7 26
77 35 28 21
78 2 7 121
78 3 10 13
78 6 13 22
78 8 25 73
78 18 4 55
78 19 15 3
78 25 1 117
78 26 43 125
78 28 22 41
78 29 55 119
78 37 37 112
78 39 34 33
79 3 1 13
79 6 23 139
79 7 13 143
79 9 7 45
79 11 16 135
79 12 19 96
79 16 28 67
79 20 26 77
79 24 32 12
79 26 3 75
79 27 37 113
79 34 39 111
80 18 19 133
80 19 13 138
80 21 16 49
80 23 1 104
80 26 31 125
80 27 41 113
80 28 10 41
80 37 7 83
80 40 43 64
81 8 1 73
81 9 25 45
81 11 37 32
81 16 47 11
81 19 31 3
81 27 49 113
81 29 43 119
81 31 7 94
81 34 9 134
81 39 58 33
82 8 50 73
82 9 37 91
82 11 10 135
82 12 55 96
82 19 15 138
82 20 23 77
82 23 19 131
82 29 1 115
82 34 43 78
82 35 28 43
82 36 31 135
83 7 49 69
83 14 1 100
83 16 31 31
83 18 16 133
83 19 5 138
83 23 38 47
83 24 19 12
83 25 11 109
83 27 9 113
83 29 55 44
83 30 53 123
83 35 26 107
83 38 43 9
84 5 57 1
84 8 37 73
84 13 43 82
84 21 22 49
84 23 7 35
84 25 32 109
84 28 19 41
84 29 49 119
84 31 2 80
84 35 25 43
84 36 13 36
85 3 45 101
85 7 16 147
85 8 1 22
85 10 57 23
85 11 28 135
85 21 10 46
85 26 20 75
85 28 13 41
85 29 37 115
85 33 32 29
85 37 7 112
86 3 7 132
86 5 43 1
86 6 2 139
86 9 57 24
86 10 17 23
86 13 28 82
86 17 13 37
86 19 9 138
86 21 4 49
86 26 37 51
86 33 31 14
86 34 19 78
86 39 25 33
87 2 17 9
87 3 38 13
87 4 1 118
87 11 43 32
87 12 49 96
87 18 34 55
87 19 31 138
87 20 28 77
87 27 7 113
87 29 20 119
87 30 25 123
87 31 9 94
87 38 13 71
88 5 1 1
88 7 37 143
88 8 43 140
88 14 16 100
88 16 21 31
88 20 23 52
88 25 47 117
88 26 31 51
88 30 49 123
88 31 19 80
89 2 5 121
89 7 31 143
89 8 15 140
89 15 1 7
89 16 13 17
89 18 55 133
89 20 41 51
89 31 10 80
89 33 25 14
89 35 7 21
89 40 37 64
90 3 5 13
90 23 44 104
90 27 39 113
90 28 7 103
90 30 41 123
90 31 17 80
90 32 13 97
90 35 32 43
90 36 19 135
90 37 10 83
90 38 25 71
90 40 1 64
91 9 19 45
91 11 10 32
91 13 34 82
91 14 52 100
91 20 58 51
91 22 32 118
91 23 38 28
91 29 13 44
91 31 27 80
91 36 1 36
91 37 55 112
92 4 37 118
92 5 52 1
92 8 43 73
92 9 19 24
92 10 41 23
92 11 58 32
92 18 25 55
92 20 31 52
92 21 7 124
92 25 2 109
92 27 23 135
92 35 4 89
92 37 13 83
93 2 11 121
93 6 41 139
93 8 7 140
93 9 1 24
93 16 13 31
93 21 44 49
93 23 25 131
93 26 31 75
93 27 15 113
93 31 21 80
93 36 55 36
93 37 52 112
94 2 21 121
94 7 13 69
94 8 31 22
94 10 23 23
94 13 58 82
94 15 49 7
94 16 3 67
94 17 7 37
94 20 16 77
94 25 43 117
94 29 45 115
94 33 39 29
95 3 1 101
95 9 13 24
95 10 7 23
95 11 25 135
95 13 52 82
95 14 4 100
95 15 21 38
95 17 32 37
95 19 28 138
95 25 19 117
95 26 39 75
95 29 9 115
95 30 37 123
95 34 55 26
96 2 13 121
96 6 19 139
96 7 22 69
96 8 37 22
96 11 52 32
96 18 4 133
96 23 8 28
96 28 1 84
96 29 43 44
96 30 27 123
96 33 31 61
96 34 15 26
96 40 55 100
97 6 37 139
97 7 34 143
97 9 7 91
97 10 5 23
97 11 13 135
97 12 1 96
97 15 44 7
97 19 11 3
97 23 19 60
97 28 16 41
97 33 56 29
97 34 49 78
98 11 56 123
98 19 9 3
98 20 5 77
98 21 1 49
98 28 38 137
98 31 23 102
98 34 19 26
98 35 25 21
98 37 13 112
99 7 7 147
99 10 19 23
99 11 2 32
99 13 37 82
99 15 45 38
99 25 41 117
99 31 13 94
99 35 10 89
99 37 22 112
100 1 31 25
100 5 40 1
100 7 37 147
100 8 13 73
100 18 10 133
100 21 52 124
100 26 20 125
100 27 35 135
100 30 29 123
100 32 1 97
100 34 43 111
100 37 49 112
100 40 25 64
Điểm tối ưu/tốt nhất tìm được: 1123
Thời gian: 180.026362 giây
Trạng thái: VALID
