1928
1 11 13 111
1 17 1 151
1 21 25 11
1 22 49 184
1 36 28 155
1 38 33 53
1 41 9 162
1 45 22 92
1 49 37 139
1 52 15 207
1 54 3 202
1 55 7 77
1 59 46 62
2 1 10 44
2 6 15 7
2 17 5 18
2 24 19 141
2 29 1 194
2 34 31 69
2 39 59 120
2 42 17 16
2 51 13 176
2 56 28 31
2 58 7 182
3 4 7 192
3 7 1 115
3 10 25 112
3 11 34 32
3 14 39 164
3 15 43 74
3 23 4 129
3 32 17 39
3 39 23 120
3 46 11 110
3 49 19 85
3 52 13 125
3 55 37 77
4 1 37 44
4 3 19 179
4 5 7 185
4 6 5 7
4 15 55 33
4 18 34 80
4 19 49 122
4 22 14 143
4 32 46 39
4 34 1 69
4 46 25 110
4 52 52 223
4 57 27 20
5 3 37 179
5 5 43 185
5 8 10 28
5 9 32 21
5 10 1 112
5 15 25 113
5 19 59 122
5 20 47 159
5 22 49 128
5 24 5 141
5 40 53 163
5 42 21 16
5 43 16 197
5 54 29 202
6 2 13 205
6 3 1 36
6 35 21 82
6 36 55 155
6 37 9 175
6 38 7 53
6 40 32 96
6 48 27 46
6 50 51 19
6 51 39 153
6 56 34 31
6 57 37 20
7 1 7 109
7 5 37 147
7 6 1 7
7 12 15 51
7 19 57 122
7 32 41 39
7 35 13 172
7 38 3 53
7 40 43 96
7 43 31 197
7 45 28 92
7 46 59 215
7 51 22 153
7 56 19 31
8 5 31 132
8 9 7 117
8 10 19 193
8 14 55 164
8 15 25 74
8 16 10 121
8 28 46 43
8 32 52 39
8 36 16 155
8 38 5 53
8 40 39 96
8 56 2 89
8 59 13 62
9 1 10 109
9 2 37 22
9 8 1 28
9 9 34 224
9 13 40 8
9 16 4 121
9 18 46 80
9 22 19 184
9 23 49 129
9 24 7 141
9 35 15 172
9 36 31 155
9 44 51 210
9 59 55 62
10 1 49 44
10 2 52 157
10 3 37 4
10 10 13 2
10 14 55 135
10 26 29 144
10 28 25 43
10 32 9 39
10 38 5 100
10 40 59 96
10 41 43 222
10 42 34 16
10 51 2 153
10 53 31 219
10 56 22 89
11 2 46 205
11 3 9 37
11 8 49 28
11 16 43 121
11 27 31 106
11 37 7 183
11 39 55 120
11 41 37 222
11 42 27 16
11 53 4 224
11 59 19 62
11 60 13 134
12 16 9 107
12 19 41 122
12 26 21 144
12 28 13 196
12 31 47 74
12 32 33 145
12 35 23 82
12 38 1 53
12 45 4 34
12 49 49 139
12 51 35 153
12 56 28 22
12 57 7 20
13 3 55 4
13 10 19 2
13 13 4 8
13 17 10 213
13 21 40 11
13 23 16 129
13 24 59 141
13 27 25 106
13 29 31 66
13 48 29 46
13 49 43 85
13 56 52 31
13 59 7 62
14 1 45 44
14 4 37 84
14 7 9 124
14 37 20 175
14 40 17 96
14 42 32 16
14 47 22 180
14 48 7 46
14 55 1 77
14 56 28 89
14 60 3 15
15 13 55 8
15 14 43 164
15 15 31 113
15 18 49 80
15 23 37 129
15 24 1 91
15 27 8 106
15 40 13 163
15 46 21 191
15 51 19 176
15 53 28 219
15 57 3 20
15 59 16 62
16 2 49 157
16 11 16 111
16 12 34 51
16 21 4 11
16 23 9 216
16 24 47 141
16 25 37 95
16 37 53 175
16 39 1 120
16 42 45 16
16 44 57 133
16 51 41 153
16 57 55 20
17 15 19 74
17 18 37 80
17 19 9 122
17 24 4 75
17 26 41 157
17 28 31 43
17 37 2 175
17 42 43 16
17 45 13 92
17 47 46 180
17 49 55 218
17 54 17 202
17 56 52 89
18 1 4 142
18 4 27 84
18 7 20 115
18 8 46 28
18 10 7 198
18 24 33 141
18 27 55 106
18 28 1 196
18 43 11 30
18 44 14 4
18 48 51 46
18 49 37 214
18 55 25 77
19 4 1 192
19 9 25 21
19 10 31 193
19 18 52 80
19 20 5 159
19 29 14 66
19 32 21 145
19 36 46 155
19 37 11 85
19 47 38 180
19 51 19 174
19 52 28 125
19 60 7 15
20 3 43 183
20 4 37 10
20 7 11 115
20 10 33 112
20 12 3 51
20 26 1 144
20 32 16 145
20 37 31 175
20 44 7 102
20 46 19 215
20 52 22 223
20 53 25 103
20 54 5 202
20 56 13 89
21 1 21 44
21 3 49 37
21 4 27 192
21 10 7 2
21 16 46 219
21 20 59 159
21 30 55 55
21 35 5 23
21 36 43 155
21 38 3 100
21 41 37 160
21 42 25 16
21 44 31 133
21 48 15 46
22 12 31 51
22 14 7 166
22 17 1 105
22 20 45 159
22 24 3 141
22 28 16 196
22 30 55 173
22 32 41 145
22 35 11 189
22 36 25 155
22 42 49 16
22 46 28 215
22 51 51 153
22 53 37 103
22 54 21 202
23 2 43 157
23 4 1 63
23 7 17 94
23 9 49 117
23 10 13 198
23 11 57 32
23 20 52 159
23 23 46 129
23 28 34 43
23 32 11 39
23 36 22 155
23 38 55 53
23 52 19 223
23 60 38 15
24 2 43 205
24 4 9 10
24 9 46 224
24 10 1 158
24 15 15 113
24 29 49 1
24 31 7 126
24 33 31 118
24 38 35 100
24 42 40 16
24 46 5 110
24 54 13 202
25 1 26 109
25 14 43 135
25 15 19 33
25 21 8 11
25 26 13 208
25 32 5 145
25 41 1 160
25 42 11 16
25 45 57 92
25 55 39 77
25 56 15 22
26 3 13 36
26 6 7 40
26 10 43 2
26 11 1 111
26 14 31 61
26 18 58 80
26 23 25 129
26 35 28 172
26 40 11 163
26 48 41 46
26 58 4 182
27 10 1 198
27 13 34 8
27 15 8 33
27 16 16 121
27 21 31 11
27 22 25 184
27 29 55 66
27 30 51 55
27 42 37 16
27 45 43 149
27 49 19 139
28 11 19 32
28 16 10 45
28 19 31 122
28 25 46 95
28 26 34 208
28 31 5 171
28 35 7 23
28 37 51 175
28 39 3 154
28 47 16 180
28 50 44 19
28 54 55 202
28 57 21 20
29 3 9 4
29 10 21 54
29 12 1 51
29 13 46 8
29 22 49 48
29 30 31 55
29 32 7 39
29 36 13 155
29 42 3 16
29 44 37 133
29 45 28 149
29 50 5 19
29 54 19 202
30 5 49 147
30 7 21 94
30 8 13 28
30 10 7 112
30 26 19 144
30 28 4 196
30 30 37 42
30 38 43 100
30 44 25 210
30 48 53 46
30 49 31 41
30 52 1 125
30 56 16 31
31 2 34 157
31 8 56 28
31 14 49 79
31 15 1 74
31 31 16 171
31 34 20 69
31 37 7 175
31 43 9 30
31 48 59 46
31 50 14 19
31 56 25 22
32 6 3 7
32 7 9 177
32 12 41 51
32 15 37 33
32 17 5 213
32 19 43 122
32 22 25 143
32 39 1 154
32 40 45 96
32 44 13 133
32 47 52 180
32 49 19 41
32 51 58 153
33 5 55 14
33 9 19 21
33 10 31 2
33 14 43 61
33 15 1 33
33 16 22 121
33 18 40 80
33 21 52 11
33 32 26 39
33 38 15 100
33 46 7 215
33 59 10 62
34 3 1 26
34 4 21 60
34 15 37 74
34 16 28 107
34 17 19 151
34 22 43 128
34 24 41 141
34 29 7 66
34 35 25 189
34 44 13 181
34 48 11 46
34 56 49 31
35 1 1 44
35 6 15 40
35 12 27 51
35 14 43 79
35 17 10 67
35 21 37 11
35 31 40 171
35 41 31 162
35 42 23 16
35 45 4 149
35 46 13 110
35 48 47 46
35 51 8 153
35 52 19 207
36 12 9 51
36 14 13 148
36 18 21 80
36 19 37 122
36 20 43 159
36 23 1 129
36 26 7 144
36 32 39 39
36 34 45 86
36 39 52 120
36 42 19 16
36 46 25 191
36 52 4 223
36 58 31 182
37 2 58 205
37 17 5 67
37 19 46 122
37 23 23 216
37 26 43 208
37 30 1 173
37 31 13 126
37 37 25 175
37 43 19 30
37 53 7 219
37 55 49 77
37 59 37 62
38 9 10 117
38 10 25 193
38 12 51 51
38 16 1 45
38 20 57 159
38 27 37 106
38 29 21 59
38 31 29 74
38 32 19 145
38 47 4 180
38 53 43 103
38 56 34 89
38 60 13 15
39 3 3 179
39 5 7 176
39 9 56 117
39 10 31 198
39 11 28 32
39 16 45 45
39 17 25 151
39 20 39 159
39 24 1 167
39 26 17 208
39 29 49 59
39 30 20 42
39 32 11 145
39 51 43 153
39 54 15 202
40 2 19 205
40 4 13 84
40 9 58 21
40 15 37 113
40 21 43 11
40 23 31 216
40 26 3 208
40 39 5 120
40 40 53 96
40 41 7 160
40 43 29 197
40 49 33 139
40 52 55 223
40 56 49 89
41 1 56 44
41 5 31 147
41 6 17 7
41 19 29 122
41 21 13 11
41 26 53 208
41 29 25 66
41 33 43 118
41 44 19 4
41 45 1 34
41 46 38 215
41 50 9 19
41 51 11 176
42 7 10 94
42 8 43 28
42 17 13 151
42 18 4 80
42 22 19 143
42 36 37 155
42 44 31 102
42 51 15 153
42 53 7 103
42 54 46 202
42 57 51 20
43 4 38 192
43 9 13 117
43 11 7 32
43 13 52 8
43 18 10 80
43 19 1 122
43 22 55 128
43 26 47 208
43 29 3 59
43 30 43 42
43 39 19 120
43 44 26 102
43 52 16 223
43 55 33 77
44 20 7 159
44 26 9 144
44 28 22 196
44 31 41 74
44 32 37 145
44 35 5 189
44 38 25 53
44 44 13 210
44 46 1 110
44 49 27 179
44 51 3 176
44 56 58 31
44 57 49 20
45 1 13 109
45 2 31 157
45 3 51 4
45 6 4 119
45 10 7 158
45 11 2 32
45 34 25 86
45 37 29 175
45 44 37 170
45 51 49 174
45 52 16 209
45 53 20 224
45 57 47 20
46 3 31 183
46 5 25 132
46 9 19 117
46 14 51 148
46 15 13 33
46 17 22 67
46 22 37 143
46 30 7 42
46 32 5 39
46 49 1 214
46 55 55 77
46 56 43 31
47 1 52 145
47 4 55 192
47 12 39 51
47 23 11 216
47 28 1 43
47 31 23 126
47 32 28 39
47 36 16 99
47 38 25 100
47 41 19 160
47 56 13 31
47 59 43 62
47 60 7 134
48 14 49 164
48 16 22 45
48 17 1 18
48 22 7 143
48 23 11 129
48 24 5 131
48 28 37 43
48 35 17 23
48 38 27 53
48 39 44 120
48 43 33 197
48 44 13 102
48 48 35 46
48 51 3 174
49 4 43 10
49 16 28 121
49 17 17 67
49 22 19 128
49 29 13 59
49 30 2 55
49 40 7 96
49 44 55 102
49 45 40 149
49 55 31 77
49 56 9 89
50 3 43 26
50 11 55 32
50 12 19 51
50 22 37 48
50 23 13 129
50 24 57 141
50 36 21 99
50 40 47 96
50 46 1 191
50 47 28 180
50 49 3 41
50 52 16 125
50 53 10 224
50 56 31 89
51 2 49 205
51 3 43 37
51 8 26 28
51 16 34 107
51 20 55 159
51 23 39 129
51 29 19 194
51 34 1 86
51 36 58 155
51 42 15 16
51 45 7 98
51 47 31 180
51 54 23 202
52 1 28 44
52 2 25 205
52 3 19 183
52 4 3 84
52 10 39 112
52 11 52 32
52 13 49 8
52 14 31 79
52 30 43 173
52 32 1 145
52 34 55 86
52 46 17 215
52 49 7 218
52 57 23 20
53 9 43 117
53 16 15 107
53 19 13 122
53 22 25 48
53 31 37 171
53 35 19 82
53 38 7 100
53 40 5 96
53 41 31 222
53 45 52 149
53 49 9 41
53 60 1 134
54 9 52 21
54 18 55 80
54 25 34 95
54 28 16 43
54 29 44 59
54 35 1 172
54 40 49 96
54 45 20 149
54 46 9 110
54 50 11 19
54 51 37 153
54 53 13 103
54 57 5 20
55 4 13 10
55 6 11 40
55 13 28 8
55 16 7 45
55 23 22 129
55 26 55 208
55 31 33 171
55 44 1 4
55 45 37 149
55 50 49 19
55 52 43 223
55 53 40 103
55 54 31 202
55 55 17 77
56 6 11 7
56 15 49 74
56 21 19 11
56 24 35 141
56 28 43 196
56 30 31 173
56 34 39 86
56 37 1 70
56 38 23 53
56 40 15 96
56 42 9 16
56 44 3 170
56 54 27 202
56 57 13 20
57 2 4 157
57 4 38 63
57 5 33 185
57 7 31 177
57 9 28 21
57 12 13 51
57 13 1 8
57 17 11 105
57 34 7 86
57 37 47 175
57 38 19 100
57 40 22 96
57 41 15 222
57 49 49 218
57 59 25 62
58 7 5 124
58 17 16 151
58 21 49 11
58 22 31 143
58 28 28 43
58 29 7 59
58 39 37 120
58 40 57 96
58 41 1 222
58 48 39 46
58 53 13 219
59 1 13 142
59 2 56 157
59 9 16 117
59 11 38 32
59 18 25 80
59 26 29 208
59 29 19 1
59 30 8 55
59 31 5 126
59 32 3 145
59 37 1 183
59 38 40 100
59 45 31 92
59 50 35 19
60 3 31 37
60 5 15 176
60 16 37 45
60 21 28 11
60 28 4 43
60 31 10 171
60 38 13 53
60 39 8 154
60 40 2 163
60 41 55 222
60 46 59 191
60 55 23 77
61 5 25 185
61 9 22 21
61 23 16 216
61 24 20 91
61 29 43 194
61 30 2 42
61 36 37 99
61 37 11 183
61 38 13 100
61 40 9 163
61 46 29 110
61 51 7 174
61 53 34 219
62 1 40 44
62 9 33 117
62 11 4 32
62 19 25 122
62 20 31 159
62 23 9 129
62 24 7 75
62 25 43 95
62 38 37 53
62 39 14 154
62 44 20 133
62 45 46 92
62 51 1 176
63 1 25 44
63 5 37 176
63 7 8 94
63 9 16 21
63 23 44 216
63 24 10 167
63 31 1 126
63 35 19 23
63 36 28 99
63 37 4 85
63 53 22 219
63 54 33 202
63 58 46 182
64 2 28 157
64 3 9 26
64 5 19 147
64 6 7 119
64 8 40 28
64 14 3 135
64 16 50 107
64 23 1 216
64 36 25 99
64 39 57 120
64 40 23 163
64 49 32 218
64 51 13 153
64 52 16 140
65 3 13 37
65 6 28 7
65 16 25 107
65 22 9 184
65 24 7 91
65 26 40 208
65 38 31 53
65 44 3 210
65 48 55 46
65 49 19 35
65 51 1 174
65 55 57 77
66 4 49 84
66 5 45 156
66 11 11 111
66 12 29 51
66 16 40 45
66 19 7 122
66 22 31 48
66 26 3 144
66 37 5 70
66 40 26 96
66 44 19 170
66 45 13 149
66 50 57 19
66 57 43 20
67 4 49 10
67 6 11 119
67 7 17 136
67 9 37 117
67 15 1 65
67 16 34 45
67 17 5 105
67 29 7 1
67 30 25 42
67 37 40 175
67 39 29 120
67 41 13 160
67 45 31 35
67 50 21 19
68 6 9 119
68 12 11 51
68 21 16 11
68 22 43 143
68 27 19 106
68 32 23 145
68 41 1 162
68 43 5 197
68 45 49 92
68 51 55 153
68 53 37 219
68 57 57 20
69 5 1 132
69 10 13 112
69 16 19 45
69 24 27 141
69 25 51 95
69 32 49 39
69 35 37 189
69 39 35 120
69 44 7 133
69 52 22 207
69 53 31 103
69 54 43 202
69 55 5 77
69 57 59 20
70 5 14 132
70 9 2 117
70 14 21 79
70 15 49 33
70 18 31 80
70 20 29 159
70 26 19 208
70 29 25 194
70 31 57 171
70 39 46 120
70 46 34 110
70 51 53 153
70 52 8 223
70 60 37 134
71 3 31 4
71 4 50 63
71 6 7 7
71 11 25 32
71 15 19 65
71 16 46 121
71 18 43 80
71 24 23 141
71 36 13 99
71 43 5 30
71 49 9 35
71 53 16 219
71 54 58 202
71 56 1 22
72 2 7 205
72 4 19 10
72 11 59 111
72 20 33 159
72 24 23 70
72 26 15 144
72 29 43 1
72 31 17 126
72 37 55 175
72 42 13 16
72 43 3 30
72 46 10 215
72 50 37 19
72 53 49 103
72 56 40 89
73 3 38 183
73 11 9 32
73 12 45 51
73 16 1 121
73 26 51 208
73 28 22 43
73 35 4 82
73 36 31 99
73 41 25 162
73 43 13 30
73 46 7 191
73 50 53 19
73 53 15 224
73 57 19 20
74 1 16 109
74 2 25 157
74 3 55 183
74 9 52 117
74 11 7 111
74 26 49 208
74 36 19 155
74 40 34 96
74 45 9 149
74 51 5 174
74 55 3 77
74 56 40 31
75 5 7 14
75 8 22 28
75 10 25 54
75 12 47 51
75 29 31 59
75 35 3 172
75 40 55 96
75 41 49 160
75 47 58 180
75 49 43 218
75 53 37 224
75 54 1 202
76 7 14 94
76 9 40 21
76 14 19 135
76 23 35 129
76 31 10 126
76 34 26 69
76 40 4 163
76 45 7 34
76 46 55 191
77 1 4 109
77 9 43 21
77 12 49 51
77 14 7 164
77 23 27 216
77 31 23 171
77 35 1 23
77 39 32 120
77 40 51 96
77 44 55 210
77 45 34 92
77 46 13 191
77 48 19 46
77 49 15 13
78 4 27 10
78 9 4 21
78 10 43 198
78 11 9 111
78 24 50 141
78 32 25 145
78 33 14 118
78 48 31 46
78 52 37 223
79 4 50 60
79 6 25 7
79 11 22 32
79 12 43 51
79 19 20 122
79 20 17 159
79 23 40 216
79 26 1 208
79 32 31 145
79 42 57 16
79 43 33 30
79 46 15 110
79 48 9 46
79 56 46 89
79 59 28 62
80 3 13 179
80 5 43 132
80 6 20 119
80 11 31 32
80 19 51 122
80 29 7 194
80 37 38 175
80 40 28 96
80 53 1 103
80 55 35 77
80 59 58 62
81 2 19 157
81 4 39 60
81 6 31 40
81 11 28 111
81 21 1 11
81 25 7 95
81 26 23 144
81 37 33 85
81 40 17 163
81 41 13 162
81 47 10 180
81 51 26 153
81 54 37 202
82 1 19 109
82 2 22 157
82 12 59 51
82 14 45 166
82 15 51 113
82 23 3 216
82 24 1 141
82 28 13 43
82 32 31 39
82 39 49 120
82 45 16 149
82 50 28 19
82 51 9 174
82 53 25 219
82 57 11 20
83 2 52 205
83 5 7 147
83 7 1 136
83 14 3 61
83 29 25 1
83 39 40 120
83 40 21 163
83 43 15 30
83 44 31 210
83 55 43 77
83 56 46 31
83 58 58 182
84 4 55 63
84 5 49 176
84 12 23 51
84 15 25 65
84 16 34 121
84 20 20 159
84 26 15 208
84 28 43 43
84 34 7 69
84 37 59 175
84 39 3 120
84 46 17 110
85 5 13 147
85 16 19 121
85 20 35 159
85 21 46 11
85 22 27 128
85 36 9 155
85 37 7 70
85 47 55 180
85 50 59 19
85 53 4 103
85 54 25 202
85 57 1 20
86 7 15 136
86 8 52 28
86 12 55 51
86 26 17 144
86 32 13 145
86 35 27 82
86 37 57 175
86 38 35 53
86 40 3 96
86 41 43 160
86 43 19 197
86 48 33 46
86 50 39 19
86 53 10 103
86 54 7 202
87 5 55 147
87 20 13 159
87 22 3 143
87 30 19 55
87 31 31 171
87 34 50 69
87 38 29 53
87 44 43 102
87 46 1 215
87 49 15 85
87 52 10 140
88 1 4 44
88 9 25 117
88 14 31 135
88 23 46 216
88 24 15 141
88 26 11 208
88 28 28 196
88 29 37 194
88 30 7 173
88 36 1 155
88 39 13 120
88 58 43 182
89 1 31 109
89 6 38 119
89 19 11 122
89 26 27 208
89 28 46 196
89 31 15 126
89 41 19 162
89 44 7 210
89 50 23 19
89 52 34 223
89 53 4 219
90 2 16 205
90 15 7 113
90 20 1 159
90 23 57 129
90 26 5 144
90 31 3 126
90 32 19 39
90 43 21 197
90 44 37 210
90 45 25 92
90 46 11 191
90 58 34 182
91 5 1 147
91 7 25 115
91 9 13 21
91 24 43 141
91 26 5 208
91 28 40 196
91 37 11 175
91 43 22 30
91 47 19 180
91 50 7 19
91 57 9 20
92 3 55 36
92 4 31 10
92 5 9 132
92 7 1 124
92 9 46 21
92 12 53 51
92 15 25 33
92 17 7 151
92 31 3 171
92 34 19 86
92 35 44 189
92 40 41 96
92 41 49 222
92 53 16 103
92 58 37 182
93 1 13 44
93 2 34 205
93 3 43 4
93 8 4 28
93 18 7 80
93 22 39 128
93 25 19 95
93 37 22 175
93 38 16 53
93 45 52 92
93 48 37 46
93 50 2 19
93 51 10 153
94 1 7 142
94 2 10 157
94 5 13 14
94 8 31 28
94 9 40 224
94 11 49 32
94 14 57 61
94 28 52 43
94 29 1 1
94 37 45 175
94 43 27 197
94 50 55 19
94 53 34 103
94 55 21 77
95 2 38 157
95 3 19 37
95 6 15 119
95 9 46 117
95 13 43 8
95 16 25 121
95 26 9 208
95 27 1 106
95 28 32 196
95 31 28 171
95 32 35 39
95 37 13 85
95 38 17 100
95 49 55 85
96 1 55 145
96 10 19 198
96 11 47 32
96 24 11 70
96 29 25 59
96 30 31 42
96 36 3 99
96 38 41 53
96 40 1 96
96 44 49 133
96 50 16 19
96 57 53 20
97 5 25 14
97 6 22 7
97 17 10 151
97 26 37 208
97 28 19 43
97 30 39 55
97 33 1 118
97 34 49 86
97 38 46 53
97 46 5 215
97 47 43 180
97 48 17 46
97 49 13 218
97 52 7 209
97 59 31 62
98 2 7 22
98 10 25 2
98 15 13 74
98 26 21 208
98 35 31 172
98 37 17 175
98 42 53 16
98 49 43 139
98 51 5 176
98 52 1 140
98 54 41 202
98 56 58 89
99 1 1 109
99 3 43 179
99 6 13 7
99 7 17 124
99 16 25 45
99 18 28 80
99 25 4 95
99 29 49 194
99 30 19 173
99 31 7 171
99 36 34 99
99 37 15 175
99 42 55 16
99 48 57 46
99 58 10 182
100 4 19 63
100 8 37 28
100 13 25 8
100 15 43 113
100 17 9 18
100 18 16 80
100 31 14 171
100 32 1 39
100 39 7 120
100 52 34 125
100 53 31 224
100 54 11 202
100 56 4 31
101 21 22 11
101 23 7 216
101 26 33 144
101 31 31 74
101 32 15 39
101 38 11 100
101 39 9 120
101 40 13 96
101 41 55 162
101 44 43 133
101 47 1 180
101 48 4 46
101 56 37 89
102 4 33 192
102 11 17 32
102 16 55 121
102 23 20 129
102 36 10 99
102 43 25 197
102 44 27 4
102 45 37 92
102 49 49 179
102 50 31 19
102 52 13 209
102 53 7 224
103 1 31 44
103 9 10 21
103 12 7 51
103 14 15 79
103 16 56 107
103 17 13 213
103 20 49 159
103 24 4 91
103 28 25 196
103 32 28 145
103 37 43 175
103 41 37 162
103 46 19 110
103 53 1 224
104 2 40 205
104 10 44 193
104 12 5 51
104 13 31 8
104 16 1 107
104 17 7 213
104 22 9 128
104 28 49 196
104 40 15 163
104 45 25 149
104 46 17 191
104 53 20 103
105 2 10 205
105 6 17 40
105 9 40 117
105 26 25 208
105 29 31 1
105 34 44 69
105 35 1 82
105 39 15 120
105 41 51 162
105 43 3 197
105 52 58 223
105 55 29 77
105 56 22 31
106 2 3 205
106 6 19 40
106 7 9 115
106 8 16 28
106 20 41 159
106 23 34 216
106 24 21 141
106 26 11 144
106 31 25 171
106 32 7 145
106 38 38 100
106 48 1 46
106 57 31 20
106 58 28 182
107 5 39 14
107 11 15 32
107 15 56 74
107 16 4 45
107 19 53 122
107 23 51 129
107 24 45 141
107 28 10 43
107 30 26 55
107 31 17 74
107 32 37 39
107 38 31 100
107 60 19 15
108 5 43 147
108 15 7 65
108 18 1 80
108 23 53 129
108 24 11 123
108 37 57 70
108 41 19 222
108 43 13 197
108 48 25 46
108 49 37 85
108 56 4 22
108 57 29 20
108 60 31 134
109 1 34 44
109 5 25 147
109 6 9 7
109 15 21 113
109 19 5 122
109 23 19 216
109 24 17 141
109 26 59 157
109 31 47 171
109 35 13 23
109 44 37 102
109 45 31 149
109 46 3 215
109 60 43 134
110 1 16 44
110 2 55 205
110 4 31 63
110 6 1 40
110 14 37 166
110 15 7 74
110 16 43 107
110 26 13 144
110 30 25 173
110 31 5 74
110 33 51 118
110 35 11 82
110 45 58 149
110 49 19 218
111 1 7 44
111 5 31 14
111 10 37 2
111 13 16 8
111 28 58 43
111 31 53 171
111 33 25 118
111 44 19 210
111 45 1 149
111 46 23 110
111 52 4 140
111 59 50 62
111 60 43 15
112 3 7 179
112 4 13 63
112 14 50 135
112 16 22 107
112 17 1 67
112 22 57 48
112 23 55 129
112 30 43 55
112 51 4 153
112 58 25 182
112 60 31 15
113 7 17 115
113 10 13 54
113 11 59 32
113 13 37 8
113 16 31 45
113 24 20 131
113 25 1 95
113 28 55 196
113 32 35 145
113 33 7 118
113 35 22 172
113 36 4 155
113 39 11 120
113 60 25 15
114 7 5 136
114 16 37 107
114 20 3 159
114 22 44 48
114 28 7 43
114 29 19 66
114 30 13 173
114 38 27 100
114 39 17 120
114 42 51 16
114 43 1 30
114 53 10 219
114 58 40 182
115 7 4 94
115 20 37 159
115 22 32 184
115 34 55 69
115 43 17 30
115 44 20 102
115 45 46 149
115 47 13 180
115 49 25 218
115 54 50 202
115 55 41 77
115 56 10 31
116 2 46 157
116 4 13 192
116 7 3 177
116 17 1 213
116 19 39 122
116 20 22 159
116 28 52 196
116 37 49 175
116 50 41 19
116 53 25 224
116 54 9 202
116 59 34 62
117 1 19 142
117 14 37 135
117 15 33 74
117 17 11 18
117 24 13 141
117 39 5 154
117 45 7 92
117 46 15 215
117 49 25 41
117 51 31 153
117 58 1 182
118 1 16 142
118 6 9 40
118 9 55 21
118 14 19 164
118 15 1 113
118 22 31 128
118 23 7 129
118 30 49 173
118 35 5 172
118 39 53 62
118 48 45 46
118 50 26 19
118 52 13 223
118 53 28 224
119 2 37 205
119 3 25 26
119 5 19 156
119 6 56 7
119 14 31 164
119 17 3 213
119 23 29 216
119 28 49 43
119 29 13 1
119 36 40 155
119 40 10 96
119 42 1 16
119 47 7 180
119 51 17 174
120 1 1 142
120 2 16 157
120 4 31 84
120 10 25 198
120 23 41 129
120 29 51 66
120 30 55 42
120 31 11 74
120 33 37 118
120 43 23 197
120 48 49 46
120 50 19 19
120 52 8 125
120 56 43 89
121 14 27 166
121 16 49 121
121 20 15 159
121 22 1 184
121 23 25 216
121 32 22 39
121 37 13 175
121 41 8 222
121 45 19 92
121 48 43 46
121 51 59 176
121 55 46 77
121 59 40 62
122 1 52 44
122 2 22 205
122 4 7 84
122 12 25 51
122 22 13 184
122 23 29 129
122 24 11 141
122 35 17 82
122 44 1 181
122 45 55 149
122 46 5 191
122 55 19 77
123 9 28 117
123 10 13 193
123 14 19 61
123 22 49 143
123 25 25 95
123 27 44 106
123 33 55 118
123 35 17 172
123 37 1 12
123 44 3 102
123 45 40 92
123 52 7 140
123 55 59 77
124 23 59 129
124 29 14 194
124 30 49 42
124 31 19 171
124 41 25 222
124 42 29 16
124 45 10 92
124 52 4 125
124 53 1 219
124 54 35 202
124 55 53 77
124 58 55 182
125 12 17 51
125 16 19 107
125 23 43 129
125 34 38 69
125 38 9 100
125 43 7 30
125 45 1 35
125 49 25 85
125 57 45 20
125 59 4 62
126 8 19 28
126 13 13 8
126 17 4 151
126 19 17 122
126 23 27 129
126 24 29 141
126 31 45 171
126 32 39 145
126 43 8 197
126 48 22 46
126 52 31 125
126 56 1 31
126 57 25 20
127 7 13 136
127 16 46 107
127 19 55 122
127 23 5 216
127 25 28 95
127 29 1 66
127 36 7 99
127 38 21 53
127 43 10 197
127 49 37 218
127 56 31 31
128 3 38 26
128 5 45 14
128 6 23 119
128 10 7 54
128 12 21 51
128 14 13 166
128 16 55 45
128 31 1 171
128 32 43 39
128 38 33 100
128 46 3 191
128 49 25 139
128 60 49 134
129 5 27 176
129 24 9 141
129 25 16 95
129 28 40 43
129 29 43 66
129 32 47 145
129 35 7 172
129 36 58 99
129 39 25 120
129 43 1 197
129 52 3 209
129 53 50 224
129 57 34 20
130 3 15 26
130 7 4 115
130 15 43 33
130 17 21 151
130 26 23 208
130 32 9 145
130 34 31 86
130 42 7 16
130 45 1 14
130 48 13 46
130 55 27 77
130 56 37 31
130 57 40 20
131 10 2 193
131 13 7 8
131 16 31 107
131 18 13 80
131 20 10 159
131 38 23 100
131 39 21 120
131 40 19 163
131 41 26 160
131 45 34 149
131 54 52 202
131 57 16 20
132 2 13 157
132 11 11 32
132 12 37 51
132 16 39 121
132 17 3 67
132 20 27 159
132 21 34 11
132 24 31 141
132 25 22 95
132 29 55 1
132 31 59 171
132 37 7 85
132 39 16 154
132 53 19 219
133 2 1 157
133 4 43 63
133 6 4 40
133 9 37 21
133 13 21 8
133 15 32 33
133 34 13 69
133 35 25 82
133 39 10 154
133 41 56 160
133 46 7 110
133 51 28 153
133 60 49 15
134 10 7 193
134 24 55 141
134 25 13 95
134 26 31 208
134 29 38 66
134 31 49 171
134 35 19 172
134 45 43 92
134 52 1 223
134 56 25 89
134 58 16 182
135 6 17 119
135 10 57 54
135 25 40 95
135 28 37 196
135 35 1 189
135 37 34 175
135 42 5 16
135 43 28 30
135 50 47 19
135 51 11 174
135 52 19 125
136 5 21 176
136 6 1 119
136 10 3 54
136 11 13 32
136 16 31 121
136 22 15 48
136 26 45 208
136 27 49 106
136 31 35 171
136 37 9 70
136 38 39 53
136 44 25 133
137 1 49 145
137 3 3 183
137 6 35 7
137 15 43 65
137 26 7 208
137 29 57 194
137 38 1 100
137 39 27 120
137 41 31 160
137 54 39 202
137 56 16 89
137 58 13 182
137 60 19 134
138 3 13 183
138 11 44 32
138 24 1 123
138 25 58 95
138 28 10 196
138 29 38 1
138 44 49 102
138 46 53 215
138 49 3 218
138 53 28 103
139 4 9 63
139 7 7 177
139 11 4 111
139 13 58 8
139 14 49 166
139 16 13 121
139 22 19 48
139 23 33 129
139 41 43 162
139 43 35 197
139 51 17 153
139 59 1 62
139 60 26 134
140 6 13 119
140 9 1 21
140 13 10 8
140 16 15 45
140 17 59 105
140 25 55 95
140 30 39 173
140 31 21 171
140 37 4 12
140 38 19 53
140 46 23 215
140 52 43 125
140 56 7 31
141 3 49 183
141 4 25 60
141 5 43 176
141 8 34 28
141 9 7 21
141 14 38 79
141 29 55 59
141 34 13 86
141 35 10 172
141 42 47 16
141 45 1 92
141 56 19 89
141 59 22 62
142 7 1 94
142 8 7 28
142 28 55 43
142 30 15 42
142 38 21 100
142 39 19 154
142 45 4 92
142 49 31 179
142 51 46 153
142 55 13 77
142 56 25 31
143 11 41 32
143 19 15 122
143 20 25 159
143 25 31 95
143 31 55 171
143 33 19 118
143 39 23 154
143 43 37 30
143 46 3 110
143 47 34 180
143 52 27 223
143 55 51 77
144 16 40 107
144 17 3 18
144 19 23 122
144 23 31 129
144 25 10 95
144 31 51 171
144 32 13 39
144 35 15 23
144 38 29 100
144 43 53 197
144 44 43 210
144 47 25 180
144 50 33 19
144 58 20 182
144 60 55 15
145 6 13 40
145 12 57 51
145 14 7 148
145 16 52 121
145 19 34 122
145 23 21 216
145 24 38 141
145 35 3 189
145 40 19 96
145 45 49 149
145 55 15 77
146 2 7 157
146 14 13 164
146 21 56 11
146 22 37 184
146 26 35 144
146 28 19 196
146 32 3 39
146 35 17 189
146 37 5 175
146 38 10 53
146 42 59 16
146 43 26 30
146 51 33 153
147 2 31 205
147 14 26 61
147 22 3 48
147 24 53 141
147 26 58 208
147 28 7 196
147 29 39 59
147 31 43 171
147 37 1 85
147 40 37 96
147 43 35 30
147 47 49 180
147 51 19 153
147 53 46 103
147 56 55 89
148 1 43 145
148 2 28 205
148 5 37 185
148 9 22 117
148 10 2 2
148 15 31 65
148 16 46 41
148 27 13 106
148 40 7 163
148 44 9 181
148 51 49 153
148 52 25 125
148 58 51 182
148 60 55 134
149 10 20 112
149 16 58 45
149 19 27 122
149 24 25 141
149 29 31 194
149 35 35 82
149 43 39 30
149 44 1 133
149 45 16 92
149 46 13 215
149 49 49 85
149 52 45 140
149 55 10 77
150 5 9 156
150 6 19 7
150 17 7 18
150 19 3 122
150 22 43 184
150 23 13 216
150 30 15 55
150 31 23 74
150 32 33 39
150 37 27 175
150 46 21 215
150 56 55 31
Điểm tối ưu/tốt nhất tìm được: 1928
Thời gian: 360.056620 giây
Trạng thái: VALID
