1795
1 33 9 225
1 36 1 165
1 6 49 191
1 41 15 222
1 11 13 26
1 48 45 137
1 16 25 135
1 21 19 67
1 22 28 12
1 23 21 107
1 59 31 134
1 30 39 109
2 32 28 224
2 34 7 87
2 36 17 41
2 6 13 110
2 7 19 118
2 39 31 213
2 15 10 136
2 49 25 75
2 51 40 193
2 19 38 111
2 56 1 33
2 59 43 188
3 37 23 71
3 6 43 95
3 7 11 86
3 41 31 146
3 12 3 103
3 13 5 194
3 44 27 63
3 47 14 70
3 55 17 125
3 23 1 211
3 58 39 80
3 29 19 128
4 2 11 48
4 34 4 49
4 10 27 9
4 44 7 63
4 15 34 126
4 16 13 135
4 22 37 12
4 56 19 89
4 58 45 71
4 27 1 108
4 29 21 131
4 31 40 30
5 34 43 103
5 8 23 104
5 11 19 98
5 46 7 70
5 17 37 183
5 52 21 1
5 21 17 51
5 23 11 196
5 24 13 180
5 25 29 50
5 27 25 102
5 57 3 160
6 32 16 29
6 2 13 142
6 40 31 37
6 43 25 149
6 14 11 5
6 49 1 148
6 18 19 151
6 51 4 81
6 19 7 130
6 50 43 159
6 24 37 24
6 58 27 80
7 32 20 208
7 4 29 73
7 39 25 97
7 40 9 37
7 8 4 3
7 43 2 149
7 18 13 126
7 19 23 177
7 22 34 12
7 54 32 28
7 57 37 205
7 30 15 167
8 32 16 208
8 2 23 79
8 38 7 129
8 6 9 36
8 39 43 117
8 41 19 222
8 9 49 65
8 10 27 44
8 15 37 53
8 48 31 137
8 19 25 130
8 51 13 193
9 33 45 174
9 26 10 163
9 37 41 13
9 5 35 4
9 10 25 96
9 11 7 94
9 14 1 5
9 19 3 177
9 53 5 91
9 57 13 15
9 58 31 203
9 28 22 88
10 32 16 130
10 37 11 13
10 7 25 32
10 10 21 9
10 43 47 61
10 45 27 38
10 15 4 53
10 49 52 148
10 50 39 159
10 20 7 99
10 55 13 125
10 60 31 57
11 3 7 8
11 38 9 35
11 8 11 128
11 11 5 76
11 43 19 43
11 46 15 12
11 16 2 135
11 17 31 183
11 55 13 66
11 59 21 40
11 60 25 21
11 31 28 64
12 34 16 54
12 5 5 103
12 10 19 96
12 45 25 100
12 60 31 21
12 15 13 128
12 17 37 168
12 18 1 126
12 22 7 144
12 26 34 163
12 27 55 16
12 28 10 122
13 32 10 130
13 33 31 174
13 34 7 195
13 36 37 58
13 41 45 74
13 14 13 167
13 47 22 29
13 19 3 130
13 53 1 41
13 23 29 107
13 25 43 155
13 57 25 28
14 32 25 143
14 33 19 225
14 6 51 55
14 8 23 128
14 10 31 96
14 43 3 61
14 11 5 52
14 50 9 82
14 20 55 179
14 53 35 91
14 55 7 66
14 60 16 57
15 4 13 160
15 5 1 7
15 38 25 125
15 6 27 55
15 40 21 119
15 12 5 2
15 45 7 13
15 13 19 181
15 47 37 70
15 24 55 24
15 57 15 220
15 60 34 21
16 35 3 202
16 4 1 160
16 6 7 191
16 39 31 8
16 11 13 218
16 43 23 43
16 44 25 50
16 19 11 90
16 52 29 172
16 20 51 179
16 23 21 150
16 26 16 165
17 34 10 49
17 4 7 4
17 39 37 213
17 8 19 49
17 40 31 119
17 41 55 74
17 51 13 214
17 20 21 179
17 21 3 19
17 19 5 177
17 23 1 196
17 29 25 131
18 34 16 221
18 5 19 100
18 41 25 222
18 42 21 175
18 43 3 43
18 14 5 5
18 16 13 100
18 21 41 51
18 22 34 144
18 53 1 91
18 28 31 204
18 29 7 154
19 32 13 208
19 35 37 170
19 37 7 98
19 9 49 209
19 16 40 20
19 51 16 81
19 20 33 99
19 53 3 41
19 54 21 62
19 24 25 111
19 57 9 220
19 58 43 203
20 34 4 195
20 10 37 96
20 11 25 26
20 18 21 126
20 51 13 81
20 21 9 128
20 55 1 118
20 56 23 89
20 25 17 92
20 58 43 80
20 30 49 152
20 57 27 15
21 34 7 103
21 2 19 189
21 6 31 55
21 10 37 9
21 42 52 50
21 12 10 2
21 13 5 122
21 46 25 128
21 15 2 76
21 48 43 161
21 51 13 153
21 24 21 123
22 3 23 51
22 4 13 174
22 37 59 29
22 5 5 225
22 40 19 93
22 11 7 85
22 15 25 76
22 17 37 48
22 21 11 67
22 55 9 66
22 58 1 203
22 59 31 83
23 35 7 148
23 3 31 51
23 38 11 35
23 6 25 36
23 41 19 127
23 42 46 50
23 43 17 43
23 15 13 76
23 18 29 163
23 20 33 179
23 22 37 198
23 55 23 125
24 4 31 4
24 5 11 4
24 41 7 65
24 42 43 54
24 46 27 51
24 16 1 20
24 17 19 45
24 18 17 151
24 20 13 99
24 24 33 24
24 60 4 183
24 29 37 154
25 4 9 186
25 8 1 104
25 11 7 52
25 12 15 2
25 13 17 6
25 47 25 1
25 23 11 198
25 21 5 141
25 55 13 118
25 24 39 94
25 58 19 203
25 59 33 180
26 33 19 132
26 35 10 202
26 39 43 114
26 8 1 113
26 40 25 86
26 11 29 68
26 17 13 168
26 22 37 144
26 56 8 33
26 57 57 205
26 28 4 134
26 29 33 106
27 3 13 51
27 37 29 71
27 7 9 3
27 43 5 109
27 15 22 53
27 16 19 145
27 48 15 156
27 18 31 25
27 19 11 111
27 21 7 19
27 57 1 15
27 58 49 203
28 3 3 51
28 35 25 170
28 7 1 195
28 41 7 127
28 42 16 66
28 11 11 52
28 15 13 53
28 18 43 25
28 51 31 193
28 54 23 23
28 56 29 31
28 59 19 83
29 32 31 224
29 38 16 35
29 59 55 134
29 42 28 66
29 44 37 177
29 47 34 1
29 48 43 156
29 51 13 92
29 21 25 164
29 22 4 144
29 27 7 54
29 31 10 112
30 35 28 202
30 39 57 97
30 42 37 103
30 43 7 43
30 45 21 38
30 60 40 21
30 47 13 16
30 25 11 155
30 58 31 71
30 28 52 134
30 30 45 25
31 35 34 46
31 36 23 165
31 42 28 103
31 12 7 115
31 13 15 6
31 46 19 51
31 49 1 106
31 17 55 168
31 23 9 198
31 57 37 15
31 59 49 83
31 31 4 54
32 4 23 73
32 39 25 8
32 7 13 86
32 8 29 128
32 44 15 197
32 45 39 100
32 19 5 90
32 52 19 1
32 24 55 114
32 57 33 78
32 58 1 191
32 31 7 112
33 32 43 85
33 4 3 79
33 42 34 50
33 13 5 181
33 15 46 53
33 48 7 138
33 47 16 1
33 23 11 107
33 55 13 7
33 56 1 206
33 25 19 124
33 58 49 63
34 34 31 87
34 5 27 7
34 7 9 73
34 10 3 44
34 11 16 219
34 44 51 182
34 12 7 2
34 47 13 1
34 49 34 75
34 52 29 1
34 57 19 166
34 25 1 77
35 33 39 132
35 34 49 61
35 6 25 95
35 39 19 213
35 10 31 155
35 49 43 148
35 18 5 151
35 55 9 7
35 54 7 139
35 22 46 12
35 27 2 18
35 30 13 50
36 2 7 142
36 5 43 7
36 27 9 108
36 42 32 164
36 12 35 200
36 45 45 38
36 15 25 136
36 51 37 61
36 25 13 124
36 59 15 166
36 28 19 134
36 31 22 30
37 5 1 225
37 6 57 36
37 37 53 196
37 41 33 214
37 44 13 63
37 14 23 169
37 51 7 153
37 52 55 150
37 55 31 125
37 26 10 14
37 27 25 16
37 28 4 168
38 5 21 7
38 38 23 75
38 6 13 36
38 40 57 93
38 37 9 98
38 43 11 109
38 11 5 185
38 50 51 82
38 19 7 177
38 24 25 186
38 57 31 160
38 59 37 83
39 32 7 61
39 35 10 80
39 3 5 8
39 6 43 36
39 14 17 93
39 15 19 53
39 47 22 70
39 54 25 23
39 22 31 144
39 56 27 31
39 24 37 34
39 58 13 80
40 4 21 73
40 37 29 98
40 40 49 119
40 9 3 65
40 28 7 22
40 52 19 150
40 55 17 118
40 23 10 137
40 25 1 43
40 26 31 165
40 27 34 122
40 60 58 183
41 2 17 162
41 37 37 29
41 9 1 209
41 11 11 185
41 44 39 92
41 12 13 97
41 48 19 138
41 50 25 82
41 19 15 32
41 56 5 206
41 59 43 134
41 28 31 88
42 32 4 29
42 6 37 36
42 40 7 223
42 42 34 175
42 46 13 11
42 16 31 135
42 49 44 75
42 50 51 207
42 21 49 67
42 57 19 15
42 27 1 54
42 30 25 175
43 5 11 172
43 41 39 127
43 10 15 44
43 50 33 159
43 19 3 90
43 53 13 216
43 54 5 62
43 30 27 25
43 57 7 15
43 27 22 108
43 28 49 168
43 25 1 124
44 33 51 225
44 35 58 148
44 5 1 103
44 40 15 86
44 10 31 44
44 49 55 12
44 50 37 102
44 22 43 144
44 23 3 211
44 24 25 24
44 58 19 63
44 30 7 152
45 32 4 85
45 40 37 223
45 41 55 127
45 43 13 43
45 11 15 85
45 28 31 22
45 13 1 181
45 47 10 171
45 48 21 58
45 22 25 12
45 60 34 57
45 31 46 54
46 2 11 142
46 37 53 13
46 6 19 55
46 10 49 9
46 12 17 200
46 45 1 38
46 17 43 168
46 49 14 75
46 20 39 99
46 59 27 180
46 60 55 183
46 30 7 50
47 35 40 170
47 7 7 118
47 41 19 74
47 42 34 100
47 11 9 218
47 13 15 181
47 18 17 163
47 19 23 201
47 20 3 179
47 23 1 107
47 57 25 78
47 27 31 16
48 35 22 50
48 36 15 41
48 3 29 8
48 6 25 191
48 38 17 75
48 9 39 209
48 43 13 149
48 12 35 2
48 17 1 48
48 21 5 147
48 57 31 15
48 26 19 163
49 37 15 71
49 6 19 165
49 9 1 122
49 13 41 194
49 49 43 12
49 53 17 182
49 54 31 23
49 24 9 180
49 56 7 31
49 27 28 67
49 60 25 183
49 30 51 109
50 36 17 80
50 37 22 196
50 39 39 8
50 47 28 70
50 17 55 48
50 51 19 92
50 52 9 11
50 20 45 179
50 21 3 141
50 56 5 33
50 58 33 23
50 59 13 46
51 38 41 75
51 40 13 119
51 42 19 164
51 11 43 185
51 14 7 221
51 18 17 139
51 54 5 152
51 24 33 94
51 56 25 55
51 29 9 131
51 30 37 152
51 31 1 86
52 3 17 8
52 5 1 172
52 38 52 75
52 39 21 97
52 11 9 26
52 16 49 135
52 18 5 25
52 19 13 90
52 50 25 204
52 53 11 216
52 55 3 125
52 28 58 22
53 4 7 73
53 43 9 109
53 48 31 156
53 17 55 201
53 50 45 73
53 51 1 92
53 19 17 91
53 54 15 152
53 55 4 7
53 24 39 221
53 25 11 123
53 28 28 22
54 38 11 75
54 39 49 114
54 8 37 221
54 59 43 166
54 10 19 155
54 60 13 21
54 16 25 199
54 49 8 75
54 27 16 102
54 28 31 122
54 29 39 149
54 31 1 30
55 32 19 130
55 2 13 48
55 3 15 123
55 38 7 35
55 9 55 209
55 11 17 76
55 43 25 109
55 48 27 161
55 17 9 187
55 21 53 128
55 59 1 140
55 28 22 134
56 32 8 29
56 33 57 225
56 35 4 46
56 3 43 221
56 10 45 57
56 12 13 2
56 16 40 187
56 23 19 211
56 52 11 1
56 54 17 28
56 55 15 7
56 60 1 183
57 32 37 130
57 38 25 147
57 39 49 97
57 8 53 3
57 10 45 155
57 46 19 32
57 15 40 76
57 14 7 136
57 20 9 179
57 55 17 46
57 26 13 165
57 59 1 180
58 34 22 195
58 3 37 51
58 37 35 13
58 8 31 113
58 9 39 122
58 10 13 9
58 44 25 197
58 20 1 99
58 55 20 54
58 26 43 165
58 60 49 183
58 30 7 57
59 3 43 51
59 39 49 175
59 10 27 155
59 11 7 68
59 13 9 6
59 14 21 89
59 15 16 53
59 17 45 183
59 51 40 153
59 53 11 182
59 59 3 40
59 31 13 61
60 33 1 174
60 34 49 221
60 4 11 73
60 6 39 191
60 40 13 93
60 41 45 146
60 12 5 200
60 51 31 92
60 21 17 11
60 59 7 140
60 30 25 73
60 31 34 64
61 2 9 84
61 39 21 117
61 11 7 26
61 43 1 109
61 15 16 128
61 49 40 148
61 50 45 102
61 19 11 32
61 52 13 172
61 22 31 12
61 24 27 34
61 31 4 112
62 2 31 162
62 35 16 170
62 40 43 93
62 44 33 177
62 15 49 53
62 50 37 204
62 51 19 81
62 54 7 62
62 23 1 198
62 27 13 67
62 60 22 183
62 30 25 214
63 36 7 165
63 37 9 196
63 6 45 191
63 40 39 176
63 48 27 58
63 49 31 75
63 18 15 139
63 50 19 204
63 52 5 172
63 55 11 46
63 28 34 22
63 29 1 131
64 32 7 208
64 3 19 142
64 36 17 58
64 42 37 50
64 11 13 98
64 45 21 100
64 14 25 5
64 47 1 119
64 60 10 21
64 49 4 12
64 25 15 43
64 28 34 204
65 3 55 8
65 39 7 117
65 40 57 37
65 15 25 53
65 16 40 144
65 17 19 48
65 50 13 204
65 52 5 1
65 56 17 31
65 57 33 149
65 27 37 16
65 31 1 3
66 3 23 142
66 4 33 4
66 5 1 171
66 6 9 95
66 8 13 94
66 45 3 13
66 46 19 185
66 14 29 93
66 49 43 92
66 50 15 207
66 51 25 153
66 28 37 134
67 37 19 196
67 8 21 113
67 9 27 65
67 41 7 74
67 47 46 1
67 48 49 156
67 19 1 90
67 52 35 102
67 23 25 107
67 56 3 206
67 59 15 188
67 60 55 21
68 34 37 49
68 6 31 95
68 42 43 50
68 28 2 88
68 16 40 49
68 18 5 126
68 51 10 61
68 52 13 150
68 57 19 205
68 60 25 57
68 29 15 149
68 31 46 64
69 33 45 132
69 36 5 165
69 11 20 68
69 45 49 100
69 48 39 138
69 17 15 183
69 19 13 177
69 53 7 91
69 22 25 144
69 56 28 206
69 30 1 214
69 31 22 140
70 39 31 114
70 41 25 146
70 44 7 182
70 45 49 38
70 46 43 11
70 16 16 20
70 20 37 179
70 52 11 102
70 27 13 102
70 28 4 22
70 30 55 57
70 31 1 64
71 34 37 38
71 3 35 8
71 39 43 213
71 59 13 40
71 44 19 182
71 45 49 13
71 14 5 169
71 53 23 216
71 54 17 152
71 24 1 94
71 27 10 54
71 31 7 166
72 33 49 174
72 2 5 48
72 58 31 80
72 37 43 29
72 40 45 119
72 10 57 155
72 43 23 149
72 45 15 38
72 13 13 194
72 14 21 5
72 51 40 61
72 26 7 163
73 38 27 35
73 12 17 61
73 44 9 197
73 46 39 11
73 15 52 76
73 50 55 45
73 52 7 1
73 21 1 128
73 22 19 144
73 23 15 107
73 60 22 21
73 29 3 154
74 3 23 8
74 4 17 73
74 36 11 165
74 6 33 110
74 37 25 161
74 40 19 223
74 43 37 149
74 44 13 182
74 15 28 136
74 54 1 28
74 59 3 188
74 30 7 214
75 35 7 80
75 36 33 153
75 37 13 29
75 7 17 171
75 41 37 74
75 42 19 201
75 11 15 98
75 13 31 194
75 47 10 44
75 57 1 166
75 26 25 14
75 27 22 67
76 2 15 48
76 3 5 221
76 35 19 46
76 41 43 127
76 42 22 164
76 46 39 169
76 17 7 45
76 50 57 82
76 19 3 201
76 54 1 139
76 59 33 40
76 60 25 66
77 2 23 189
77 56 7 206
77 37 11 29
77 38 1 147
77 5 3 225
77 40 25 176
77 42 58 164
77 50 13 82
77 19 5 201
77 53 29 91
77 24 43 94
77 26 34 165
78 4 3 28
78 5 29 100
78 42 55 50
78 43 9 43
78 45 19 13
78 15 16 145
78 48 31 138
78 18 13 127
78 21 1 6
78 22 52 12
78 23 7 107
78 25 5 114
79 2 23 48
79 3 43 8
79 39 51 8
79 40 1 37
79 9 19 122
79 14 31 93
79 48 9 161
79 20 45 99
79 21 7 11
79 56 13 31
79 27 28 16
79 29 33 131
80 39 1 97
80 8 35 49
80 42 22 54
80 12 13 200
80 13 25 181
80 46 45 162
80 49 19 106
80 50 49 102
80 52 5 11
80 21 17 147
80 22 37 62
80 24 7 111
81 33 25 132
81 4 7 79
81 37 1 71
81 38 5 125
81 40 13 223
81 46 37 113
81 16 31 20
81 53 3 216
81 23 23 107
81 27 43 122
81 30 57 167
81 31 46 30
82 39 45 8
82 9 49 122
82 41 31 74
82 14 11 62
82 16 16 135
82 17 7 201
82 49 4 75
82 55 2 200
82 24 37 186
82 59 19 188
82 28 25 134
82 31 13 30
83 32 28 61
83 3 11 221
83 4 13 4
83 5 8 171
83 40 43 37
83 42 16 164
83 44 33 182
83 45 49 214
83 48 21 137
83 49 58 75
83 59 39 25
83 28 1 134
84 33 7 174
84 38 1 125
84 7 49 73
84 41 25 74
84 15 31 145
84 52 13 207
84 53 17 216
84 55 29 200
84 25 15 155
84 60 52 183
84 29 19 4
84 31 4 64
85 32 4 224
85 2 15 84
85 36 46 165
85 5 31 103
85 4 11 218
85 40 33 93
85 14 23 193
85 19 17 177
85 25 20 108
85 27 1 67
85 28 7 88
85 30 39 167
86 33 15 174
86 4 13 44
86 10 1 9
86 12 23 2
86 44 9 28
86 14 25 193
86 48 27 137
86 18 59 127
86 54 5 23
86 23 7 217
86 59 33 140
86 30 55 109
87 2 1 189
87 35 58 80
87 36 9 165
87 14 15 5
87 47 52 16
87 48 19 184
87 49 34 92
87 21 5 19
87 54 17 23
87 23 7 196
87 25 3 77
87 60 37 66
88 36 41 165
88 5 23 225
88 7 11 3
88 9 7 209
88 59 49 25
88 17 27 45
88 51 19 61
88 56 2 89
88 57 37 220
88 58 13 203
88 27 4 102
88 30 31 152
89 6 21 95
89 38 11 129
89 40 25 37
89 7 5 137
89 11 1 68
89 14 9 5
89 48 37 142
89 50 31 102
89 53 19 216
89 22 58 62
89 25 7 225
89 30 13 109
90 33 13 132
90 34 10 207
90 35 7 101
90 4 17 160
90 6 25 13
90 9 43 209
90 17 49 48
90 50 37 82
90 21 1 19
90 22 22 12
90 23 3 217
90 57 31 84
91 34 40 38
91 10 55 9
91 11 11 85
91 45 33 147
91 13 17 194
91 48 13 58
91 49 28 75
91 53 5 216
91 24 7 34
91 57 1 83
91 29 49 4
91 25 38 108
92 33 7 132
92 3 53 51
92 37 5 71
92 38 23 147
92 42 34 201
92 48 25 156
92 52 11 11
92 22 13 198
92 55 3 118
92 56 1 31
92 24 19 24
92 31 55 3
93 32 7 121
93 33 39 225
93 3 15 51
93 4 13 79
93 37 5 161
93 9 19 65
93 43 17 109
93 47 2 16
93 18 23 127
93 23 32 217
93 29 43 63
93 31 34 3
94 4 47 4
94 5 3 4
94 38 41 219
94 9 33 209
94 11 7 185
94 12 1 2
94 45 19 214
94 18 11 139
94 55 27 200
94 25 5 108
94 29 43 123
94 30 13 25
95 33 33 225
95 34 14 49
95 11 21 26
95 44 49 28
95 15 7 53
95 50 1 45
95 53 19 41
95 23 11 217
95 25 17 77
95 58 25 203
95 27 46 67
95 31 37 156
96 33 31 132
96 58 21 191
96 5 4 100
96 27 7 18
96 8 37 3
96 12 17 103
96 18 59 163
96 19 13 32
96 54 15 28
96 24 55 180
96 26 1 163
96 59 25 40
97 34 28 54
97 3 31 123
97 36 11 153
97 38 39 75
97 39 13 8
97 13 23 144
97 46 33 162
97 48 49 137
97 54 7 28
97 24 19 34
97 25 17 50
97 31 1 138
98 35 1 46
98 36 35 153
98 37 15 196
98 7 31 32
98 11 4 26
98 49 10 92
98 19 17 32
98 53 29 41
98 26 26 165
98 59 43 83
98 30 55 152
98 31 19 3
99 3 5 51
99 35 19 202
99 38 1 35
99 27 22 16
99 42 52 222
99 12 11 97
99 48 13 184
99 52 17 172
99 23 59 107
99 25 25 155
99 59 55 46
99 30 27 152
100 3 49 8
100 35 25 46
100 39 55 175
100 7 28 57
100 42 40 50
100 14 31 136
100 50 33 82
100 18 7 25
100 20 19 99
100 22 16 198
100 23 5 198
100 27 10 18
101 3 11 51
101 58 7 203
101 11 17 52
101 46 33 51
101 16 1 144
101 17 25 48
101 49 49 75
101 21 4 6
101 54 13 139
101 55 29 7
101 22 58 12
101 26 19 14
102 2 17 142
102 3 1 221
102 34 46 195
102 6 37 110
102 8 7 128
102 41 13 146
102 12 29 2
102 46 25 11
102 15 10 53
102 17 51 201
102 19 32 201
102 21 3 147
103 32 16 121
103 2 11 84
103 39 19 8
103 42 31 175
103 14 23 167
103 15 40 136
103 17 7 48
103 19 47 201
103 21 13 141
103 23 1 137
103 24 27 123
103 27 34 16
104 2 17 48
104 34 34 207
104 6 1 95
104 38 5 219
104 8 29 221
104 9 13 209
104 15 55 145
104 48 7 184
104 19 19 111
104 56 11 206
104 28 58 204
104 29 21 154
105 33 39 174
105 36 23 153
105 37 1 161
105 8 43 3
105 41 25 127
105 14 3 5
105 15 31 53
105 16 7 24
105 49 13 106
105 20 51 99
105 55 5 66
105 60 19 21
106 4 11 174
106 37 47 13
106 9 15 122
106 42 19 50
106 11 9 94
106 45 27 147
106 16 52 24
106 51 4 207
106 55 7 200
106 58 43 23
106 60 1 57
107 32 7 143
107 37 10 126
107 27 25 67
107 46 13 169
107 15 1 53
107 53 29 182
107 23 32 107
107 24 19 180
107 25 17 225
107 59 39 140
107 29 49 123
107 31 4 30
108 32 22 121
108 33 25 174
108 34 7 49
108 35 55 80
108 2 10 162
108 9 39 3
108 12 19 97
108 13 14 144
108 48 3 142
108 21 37 128
108 54 1 23
108 23 17 217
109 33 19 174
109 37 23 126
109 39 33 97
109 14 1 93
109 15 37 136
109 48 15 137
109 49 4 148
109 51 25 92
109 19 9 90
109 21 13 19
109 53 7 216
109 29 57 91
110 32 7 224
110 4 13 186
110 39 43 175
110 41 49 74
110 14 23 5
110 60 16 21
110 46 19 148
110 50 37 207
110 51 28 153
110 52 5 150
110 54 25 152
110 28 1 22
111 35 22 202
111 37 1 29
111 39 7 114
111 8 29 113
111 14 17 136
111 49 19 12
111 18 37 25
111 20 25 99
111 22 31 198
111 23 5 107
111 56 11 31
111 24 13 24
112 32 19 85
112 34 34 195
112 2 3 189
112 38 1 219
112 41 57 222
112 12 5 61
112 14 29 89
112 15 31 128
112 17 13 187
112 23 17 107
112 56 23 55
112 31 7 64
113 9 27 122
113 42 31 100
113 10 49 57
113 45 37 214
113 13 25 6
113 15 22 76
113 60 46 66
113 17 13 45
113 50 7 204
113 56 17 33
113 27 55 108
113 28 1 204
114 39 37 114
114 40 43 223
114 8 11 152
114 44 3 182
114 45 55 214
114 47 31 171
114 16 19 135
114 48 13 161
114 50 7 159
114 51 34 193
114 19 1 32
114 28 28 88
115 34 31 61
115 6 15 55
115 40 19 176
115 10 37 44
115 46 45 32
115 49 7 106
115 22 34 198
115 23 13 196
115 24 25 221
115 58 55 63
115 28 1 168
115 31 49 86
116 2 5 189
116 4 1 218
116 10 45 9
116 15 55 128
116 17 15 201
116 49 10 106
116 21 43 163
116 54 13 28
116 23 3 196
116 27 7 102
116 28 58 122
116 31 19 64
117 34 13 54
117 2 16 189
117 35 55 148
117 37 5 196
117 5 39 4
117 14 23 62
117 15 28 53
117 48 33 184
117 17 51 187
117 18 11 25
117 58 19 71
117 28 25 88
118 34 22 61
118 35 19 170
118 36 16 153
118 4 41 4
118 38 47 75
118 7 10 93
118 9 37 65
118 13 25 122
118 49 7 92
118 29 27 154
118 30 1 25
118 31 31 112
119 38 35 35
119 11 20 219
119 12 17 2
119 13 11 181
119 46 7 169
119 47 40 1
119 15 13 136
119 17 31 187
119 50 43 204
119 56 1 55
119 24 3 24
119 28 22 168
120 32 16 224
120 2 19 79
120 39 1 8
120 7 11 57
120 41 7 146
120 12 23 162
120 15 28 145
120 53 26 182
120 25 21 114
120 27 31 54
120 60 34 66
120 30 37 57
121 34 7 38
121 36 5 153
121 37 17 161
121 38 25 35
121 44 55 182
121 16 10 145
121 18 23 25
121 24 13 111
121 26 2 14
121 59 19 25
121 29 43 4
121 31 49 138
122 34 13 87
122 36 25 80
122 5 53 4
122 6 49 36
122 39 7 213
122 14 5 136
122 47 22 44
122 49 1 12
122 21 11 19
122 60 19 183
122 31 16 3
123 32 22 224
123 46 1 70
123 48 25 138
123 49 49 106
123 17 31 48
123 24 37 123
123 57 43 28
123 56 15 31
123 27 7 122
123 60 19 57
123 29 57 8
123 31 10 64
124 32 13 121
124 34 34 38
124 4 37 4
124 5 23 4
124 58 51 23
124 41 45 65
124 42 58 50
124 45 19 147
124 21 11 147
124 54 49 23
124 26 16 14
124 59 7 46
125 32 10 143
125 34 19 207
125 4 23 174
125 5 25 3
125 36 38 153
125 41 13 74
125 42 1 222
125 47 4 119
125 55 29 118
125 54 27 23
125 22 49 198
125 30 43 214
126 34 22 49
126 3 3 221
126 6 13 95
126 44 37 182
126 45 55 38
126 50 49 45
126 19 5 79
126 52 1 11
126 53 9 216
126 22 25 62
126 56 11 33
126 28 28 168
127 33 55 132
127 2 29 48
127 36 7 155
127 5 13 225
127 8 11 104
127 41 19 146
127 42 1 164
127 44 31 197
127 51 44 61
127 22 16 144
127 56 4 31
127 30 25 167
128 38 37 35
128 7 35 73
128 39 39 97
128 42 13 164
128 45 31 13
128 48 43 58
128 19 5 111
128 52 1 1
128 21 19 6
128 25 3 114
128 27 55 54
128 31 28 112
129 33 25 225
129 35 10 148
129 36 5 41
129 40 31 223
129 45 49 54
129 28 22 22
129 51 7 81
129 23 19 137
129 55 41 54
129 24 15 94
129 59 37 46
129 60 1 66
130 4 9 4
130 40 45 46
130 42 49 50
130 43 5 43
130 48 55 142
130 49 37 148
130 50 31 73
130 54 3 23
130 22 40 62
130 28 19 22
130 31 26 98
131 3 5 123
131 36 39 165
131 37 29 13
131 16 10 100
131 17 43 45
131 48 33 142
131 49 25 106
131 20 15 179
131 53 7 41
131 57 19 28
131 27 58 16
131 30 1 73
132 2 1 84
132 38 29 35
132 7 17 195
132 42 58 66
132 47 31 1
132 17 25 201
132 49 22 92
132 53 19 91
132 23 34 107
132 57 9 41
132 29 13 154
132 25 7 77
133 7 59 171
133 11 31 94
133 43 29 149
133 46 33 185
133 47 19 171
133 16 7 199
133 49 22 106
133 17 37 201
133 55 11 7
133 24 45 24
133 59 13 83
133 30 1 50
134 3 17 123
134 7 19 86
134 9 49 3
134 44 39 63
134 13 7 6
134 46 13 148
134 22 10 12
134 55 37 7
134 59 33 25
134 28 25 168
134 30 55 25
134 31 28 30
135 2 31 79
135 4 11 186
135 6 33 36
135 39 27 114
135 10 7 9
135 43 59 149
135 47 1 81
135 49 4 106
135 50 21 82
135 19 25 90
135 18 15 127
135 21 13 163
136 33 1 132
136 38 7 219
136 42 31 50
136 11 11 68
136 14 5 89
136 16 13 145
136 49 34 148
136 48 39 58
136 21 37 6
136 27 16 16
136 60 28 21
136 30 19 109
137 37 17 13
137 5 7 7
137 7 5 86
137 40 19 37
137 9 31 65
137 10 1 96
137 8 23 94
137 43 27 43
137 15 10 76
137 17 43 201
137 25 29 225
137 30 13 73
138 3 10 8
138 36 23 41
138 6 13 13
138 39 1 213
138 46 25 113
138 15 7 76
138 17 33 45
138 18 5 139
138 51 20 153
138 53 37 216
138 58 39 23
138 59 49 46
139 41 15 65
139 42 10 103
139 43 4 149
139 13 31 181
139 47 7 119
139 50 55 207
139 53 26 41
139 22 28 62
139 24 19 186
139 60 1 21
139 29 49 128
140 34 19 221
140 3 15 142
140 36 35 41
140 4 1 44
140 38 31 129
140 40 9 176
140 12 3 162
140 45 37 54
140 14 13 221
140 13 33 6
140 18 5 127
140 50 49 204
141 34 25 87
141 6 37 55
141 40 31 86
141 9 55 65
141 16 28 20
141 18 3 126
141 54 17 62
141 58 13 23
141 59 49 40
141 60 22 66
141 29 7 123
141 31 43 86
142 33 51 132
142 35 13 202
142 4 16 4
142 47 43 1
142 51 25 61
142 55 11 200
142 22 7 12
142 23 23 150
142 25 5 77
142 58 37 203
142 29 33 123
142 31 1 156
143 34 10 38
143 5 20 103
143 7 13 137
143 8 4 113
143 42 7 100
143 48 39 161
143 52 29 11
143 23 27 107
143 26 22 14
143 59 43 140
143 28 16 88
143 31 1 112
144 34 34 54
144 35 25 202
144 4 11 140
144 37 23 13
144 7 13 195
144 17 37 45
144 18 4 163
144 53 31 41
144 54 29 23
144 57 19 187
144 58 7 23
144 31 16 30
145 37 13 71
145 11 5 94
145 44 51 92
145 43 35 43
145 47 7 44
145 48 25 142
145 18 11 127
145 50 55 73
145 55 29 46
145 56 15 206
145 24 21 111
145 58 31 191
146 5 22 3
146 38 5 35
146 43 11 43
146 50 39 73
146 20 55 99
146 54 19 139
146 23 9 150
146 24 1 34
146 26 25 163
146 29 31 91
146 30 51 73
146 31 13 3
147 32 34 85
147 34 31 38
147 4 17 218
147 38 7 147
147 39 13 117
147 43 23 109
147 17 9 183
147 50 19 159
147 19 43 32
147 20 25 179
147 57 45 41
147 58 49 71
148 4 25 4
148 38 3 129
148 6 43 13
148 40 13 37
148 9 27 3
148 42 8 164
148 11 17 185
148 16 22 20
148 54 11 23
148 25 5 124
148 60 19 66
148 29 31 63
149 35 1 80
149 4 29 4
149 9 45 3
149 12 15 115
149 45 37 13
149 46 7 32
149 14 13 5
149 15 26 126
149 17 31 168
149 18 11 151
149 59 57 188
149 60 4 21
150 35 1 170
150 6 25 110
150 42 46 100
150 15 55 53
150 17 7 168
150 18 17 127
150 19 29 32
150 52 23 102
150 21 13 6
150 58 19 80
150 30 33 109
150 31 58 3
Điểm tối ưu: 1795
Thời gian: 1000149.99 ms
Trạng thái: FEASIBLE
