1644
1 32 31 81
1 2 7 25
1 35 19 174
1 34 4 85
1 40 17 54
1 9 49 159
1 11 37 78
1 21 22 84
1 56 28 195
1 24 1 188
1 60 25 112
1 31 10 134
2 6 28 126
2 39 7 120
2 8 13 203
2 41 19 120
2 10 31 60
2 45 22 183
2 50 11 157
2 21 25 116
2 54 1 200
2 22 58 167
2 25 47 81
3 4 19 212
3 5 13 137
3 40 5 215
3 43 17 71
3 13 40 105
3 48 1 218
3 17 59 35
3 49 49 95
3 51 7 117
3 21 10 88
3 58 15 70
3 31 25 134
4 35 25 46
4 9 19 159
4 11 31 78
4 44 28 146
4 45 9 15
4 14 7 36
4 46 35 224
4 17 39 35
4 18 49 114
4 58 1 106
4 30 15 18
4 31 4 59
5 32 21 4
5 34 31 170
5 2 1 94
5 7 25 37
5 40 4 141
5 14 29 155
5 47 11 223
5 21 7 113
5 24 16 84
5 25 19 103
5 26 49 121
5 59 13 216
6 34 7 65
6 35 22 70
6 3 55 187
6 6 25 143
6 38 19 3
6 40 10 52
6 11 43 78
6 46 29 224
6 47 5 5
6 16 58 14
6 48 13 153
6 31 34 59
7 2 19 25
7 38 58 165
7 7 34 37
7 9 15 106
7 43 13 56
7 18 25 114
7 52 3 39
7 20 7 208
7 55 49 89
7 25 1 103
7 26 9 121
8 33 31 132
8 34 15 65
8 6 7 200
8 38 37 165
8 8 1 26
8 44 28 163
8 47 43 89
8 16 11 14
8 50 5 148
8 54 19 72
8 22 40 56
9 32 37 81
9 34 5 125
9 3 22 187
9 44 49 146
9 45 25 15
9 18 32 193
9 21 19 113
9 25 7 81
9 26 43 217
9 28 1 22
9 29 52 221
10 35 4 104
10 4 31 212
10 3 19 134
10 5 9 74
10 40 11 185
10 43 7 147
10 46 22 17
10 16 1 206
10 50 59 194
10 51 27 207
10 27 25 206
11 3 1 187
11 36 34 50
11 7 40 37
11 8 25 52
11 16 7 62
11 19 19 42
11 53 10 159
11 56 21 118
11 57 16 174
11 28 23 22
11 29 4 221
11 31 31 134
12 3 43 187
12 10 46 200
12 12 10 43
12 17 1 35
12 50 5 157
12 22 7 220
12 56 25 195
12 57 37 174
12 29 40 6
12 31 19 59
13 35 31 174
13 36 55 50
13 11 39 13
13 44 52 146
13 13 28 105
13 14 5 155
13 17 13 35
13 18 43 23
13 21 22 88
13 23 10 115
13 24 1 139
13 60 7 112
14 3 52 187
14 39 13 215
14 7 49 38
14 59 10 216
14 44 7 163
14 12 46 112
14 46 31 17
14 49 27 171
14 55 37 70
14 27 5 2
14 29 19 6
15 32 31 4
15 33 7 132
15 35 37 93
15 41 25 120
15 15 13 24
15 16 15 142
15 21 4 88
15 53 40 33
15 27 11 2
15 28 17 87
15 31 52 134
16 33 2 225
16 34 16 25
16 4 39 212
16 5 22 74
16 38 34 30
16 47 37 5
16 49 9 171
16 21 31 145
16 24 13 67
16 25 7 122
16 29 49 221
17 34 11 167
17 2 1 25
17 7 22 38
17 59 40 216
17 47 19 5
17 19 9 44
17 51 37 48
17 23 4 144
17 26 27 121
17 27 13 2
17 28 7 22
18 34 7 99
18 35 4 46
18 36 22 211
18 8 13 96
18 44 46 146
18 12 1 92
18 13 34 95
18 19 9 42
18 52 49 39
18 23 19 115
18 27 31 194
19 36 28 50
19 7 34 38
19 10 4 60
19 44 25 174
19 47 41 120
19 51 10 48
19 20 7 45
19 58 15 194
19 27 19 194
19 31 43 134
20 34 5 25
20 3 7 187
20 42 58 172
20 13 43 95
20 14 25 36
20 15 10 123
20 16 1 65
20 17 15 36
20 57 37 58
20 27 27 221
20 60 52 112
20 31 55 59
21 34 3 166
21 8 43 193
21 43 7 133
21 16 1 129
21 17 15 35
21 19 9 173
21 20 13 208
21 25 5 103
21 29 37 221
22 36 4 50
22 37 7 160
22 5 29 137
22 10 34 92
22 43 11 71
22 44 1 146
22 47 13 89
22 16 17 62
22 21 22 209
22 53 31 159
23 2 7 53
23 35 43 155
23 58 46 70
23 9 2 159
23 10 31 33
23 12 10 64
23 17 23 35
23 49 19 171
23 24 34 111
23 59 25 216
23 28 17 160
24 32 27 81
24 40 25 215
24 41 52 73
24 44 4 163
24 14 33 155
24 16 31 62
24 49 13 171
24 51 21 48
24 20 19 16
24 54 7 63
24 23 37 144
24 57 49 174
25 2 13 93
25 35 49 70
25 37 39 160
25 38 1 91
25 7 52 37
25 9 7 186
25 13 43 105
25 47 23 223
25 15 5 208
25 55 55 179
25 24 25 67
25 27 33 194
26 32 19 61
26 8 7 210
26 43 16 26
26 47 47 89
26 18 1 114
26 51 13 6
26 20 11 208
26 54 33 188
26 23 58 144
26 25 27 103
26 58 5 70
26 28 31 25
27 38 22 75
27 42 37 107
27 13 40 95
27 47 1 120
27 50 11 194
27 18 3 27
27 54 7 192
27 55 25 147
27 56 13 118
27 28 15 87
27 30 55 204
28 10 13 48
28 13 1 105
28 17 29 35
28 18 25 23
28 20 11 45
28 52 21 28
28 21 4 113
28 24 16 22
28 25 9 103
28 58 7 145
29 34 5 49
29 9 7 168
29 46 3 224
29 20 11 150
29 53 13 60
29 21 19 84
29 54 31 57
29 29 22 221
29 30 55 18
29 31 16 134
30 2 19 93
30 3 49 187
30 5 25 74
30 9 31 168
30 44 43 146
30 50 7 157
30 18 1 202
30 23 16 144
30 57 46 174
30 31 28 134
31 34 22 125
31 3 19 38
31 6 10 142
31 39 57 215
31 10 28 92
31 51 13 117
31 53 1 33
31 23 4 115
31 58 16 172
31 31 7 59
32 2 28 94
32 38 10 3
32 40 3 140
32 44 25 163
32 47 13 5
32 15 1 133
32 22 22 27
32 55 7 70
32 57 33 58
32 59 19 216
32 30 15 204
33 32 55 81
33 7 49 37
33 8 8 193
33 12 25 92
33 16 3 125
33 51 28 175
33 23 34 115
33 27 15 2
33 28 1 57
34 32 37 61
34 2 25 16
34 3 46 187
34 6 4 137
34 10 10 33
34 11 19 78
34 49 49 171
34 51 31 135
34 53 1 42
34 23 7 115
34 24 13 25
35 33 45 149
35 7 55 37
35 42 52 52
35 12 25 64
35 45 19 128
35 13 4 95
35 48 9 153
35 54 31 138
35 25 15 122
35 27 1 221
36 39 31 215
36 12 19 92
36 13 1 95
36 46 53 224
36 50 45 194
36 51 7 175
36 22 22 167
36 55 28 147
36 24 4 111
36 57 55 58
36 58 13 70
37 26 37 217
37 3 4 187
37 11 7 78
37 15 21 24
37 19 59 42
37 23 52 144
37 55 31 179
37 57 41 58
37 58 1 172
37 59 46 39
38 2 19 167
38 39 9 215
38 14 29 145
38 47 15 89
38 48 31 218
38 17 17 35
38 50 3 157
38 19 7 44
38 20 37 16
38 58 5 106
38 29 43 6
39 33 49 149
39 6 4 158
39 7 58 37
39 43 9 184
39 12 45 35
39 13 25 105
39 14 11 145
39 45 16 15
39 21 1 88
39 58 19 70
39 29 13 221
40 2 4 93
40 34 7 125
40 9 31 100
40 10 22 60
40 28 26 22
40 15 19 123
40 48 43 153
40 20 15 208
40 23 1 144
40 60 10 179
41 34 16 125
41 35 58 104
41 40 7 185
41 10 4 48
41 11 49 13
41 48 37 153
41 19 21 44
41 20 13 16
41 22 25 27
41 23 46 144
41 28 19 131
42 32 3 81
42 33 37 188
42 9 7 189
42 42 22 64
42 50 1 148
42 20 19 45
42 21 13 88
42 22 43 167
42 28 11 57
42 30 31 204
43 37 3 160
43 40 15 54
43 10 25 60
43 43 1 102
43 44 22 174
43 16 13 142
43 52 39 28
43 22 7 56
43 26 31 217
43 31 10 59
44 34 8 170
44 2 1 30
44 3 13 187
44 6 4 83
44 8 25 200
44 42 22 3
44 45 49 3
44 48 45 218
44 17 41 35
44 56 16 195
44 57 11 174
45 33 49 188
45 6 13 158
45 40 5 140
45 44 7 146
45 14 53 36
45 51 16 117
45 52 27 28
45 55 34 70
45 56 10 195
46 35 22 93
46 7 4 37
46 11 49 78
46 43 11 128
46 14 7 155
46 21 1 84
46 22 25 175
46 57 17 58
46 30 37 204
47 2 22 113
47 3 7 134
47 45 1 66
47 46 37 224
47 17 55 35
47 18 13 23
47 16 17 142
47 21 19 191
47 55 43 147
47 29 10 221
48 37 49 160
48 8 19 193
48 59 58 216
48 13 13 105
48 46 11 224
48 16 1 14
48 18 37 114
48 51 4 6
48 24 8 190
48 27 23 58
48 31 25 59
49 32 21 81
49 33 25 188
49 2 43 66
49 3 37 38
49 38 13 75
49 42 16 3
49 48 7 218
49 50 1 58
49 53 46 42
49 23 40 144
49 56 29 118
50 34 9 143
50 3 13 134
50 36 4 211
50 5 7 46
50 9 37 100
50 10 19 173
50 44 33 163
50 47 28 5
50 51 1 117
50 20 59 45
50 59 22 39
51 4 1 217
51 5 57 74
51 7 28 37
51 8 19 52
51 10 40 48
51 46 33 224
51 47 11 120
51 23 25 144
51 56 59 195
51 25 15 103
51 28 23 57
51 31 52 59
52 33 25 132
52 8 19 83
52 42 31 107
52 44 16 163
52 45 7 131
52 14 13 155
52 18 37 202
52 19 4 44
52 22 1 167
52 28 10 197
53 9 3 168
53 43 7 71
53 44 55 146
53 13 52 105
53 46 25 17
53 28 13 87
53 47 1 89
53 17 31 35
53 22 19 56
53 23 49 115
53 60 22 179
54 3 31 187
54 7 37 37
54 13 58 95
54 19 53 173
54 55 15 147
54 24 50 22
54 57 9 174
54 58 4 172
54 60 34 179
54 31 1 59
55 34 10 53
55 2 21 16
55 38 25 30
55 41 1 73
55 45 4 128
55 13 16 95
55 21 13 209
55 26 39 121
55 28 19 87
56 33 49 219
56 34 1 87
56 38 10 165
56 7 16 38
56 14 21 155
56 49 31 171
56 21 7 116
56 22 28 167
56 23 55 144
56 27 19 206
57 4 25 217
57 36 15 50
57 38 31 202
57 6 22 158
57 12 9 106
57 45 37 128
57 15 7 123
57 16 13 65
57 26 1 121
57 28 19 176
57 30 49 204
58 34 25 207
58 3 28 187
58 40 4 12
58 41 22 73
58 12 19 106
58 45 7 156
58 46 43 224
58 15 10 24
58 44 1 163
58 54 31 152
58 25 37 103
59 2 25 93
59 6 19 158
59 11 15 78
59 15 7 66
59 49 1 171
59 50 49 58
59 17 9 35
59 52 55 39
59 56 5 118
59 31 40 134
60 3 37 187
60 10 4 30
60 43 23 102
60 18 19 100
60 19 35 42
60 51 10 117
60 52 44 28
60 22 55 175
60 21 16 113
60 59 1 216
60 31 13 59
61 8 3 207
61 11 57 78
61 44 25 146
61 43 31 56
61 46 7 224
61 47 29 223
61 45 19 156
61 27 23 206
61 28 1 203
61 31 34 134
62 32 49 61
62 5 7 85
62 43 3 56
62 12 31 106
62 60 28 179
62 15 34 122
62 14 23 145
62 52 9 39
62 53 19 60
62 21 13 191
62 57 1 174
62 28 37 160
63 5 15 182
63 41 49 120
63 42 28 3
63 16 13 170
63 52 3 28
63 21 7 84
63 54 21 63
63 55 25 179
63 24 10 139
63 59 43 39
63 31 46 59
64 3 19 187
64 36 16 211
64 45 31 183
64 14 22 36
64 47 7 223
64 50 9 58
64 21 13 84
64 22 25 56
64 58 43 172
64 59 28 216
65 4 55 212
65 5 9 104
65 36 19 211
65 40 7 140
65 45 4 3
65 20 13 150
65 21 15 116
65 23 25 115
65 56 1 118
65 57 59 174
65 58 31 70
65 59 52 216
66 32 43 81
66 33 13 132
66 34 7 24
66 41 28 73
66 46 17 224
66 47 23 5
66 48 51 218
66 18 19 114
66 51 31 207
66 19 25 42
66 27 9 2
66 28 3 176
67 4 43 212
67 36 13 211
67 37 25 160
67 5 11 137
67 43 9 128
67 44 37 163
67 46 19 17
67 14 3 145
67 22 16 175
67 25 7 103
67 59 55 216
68 34 19 122
68 44 40 146
68 46 13 17
68 16 16 129
68 17 33 35
68 53 22 33
68 21 1 191
68 54 7 138
68 25 11 103
68 26 55 121
68 59 4 216
69 7 19 37
69 40 22 140
69 12 16 43
69 45 10 131
69 13 7 95
69 47 3 5
69 48 55 218
69 23 28 144
69 25 5 122
69 58 37 172
69 59 43 216
69 28 1 160
70 4 25 212
70 6 7 10
70 27 29 2
70 43 13 147
70 15 3 122
70 17 19 36
70 21 10 113
70 23 37 115
70 59 16 216
70 28 1 197
71 32 13 4
71 36 25 50
71 38 19 201
71 8 37 203
71 41 7 73
71 47 10 5
71 50 17 194
71 53 28 33
71 54 31 112
71 23 22 115
71 57 3 58
71 28 1 110
72 36 1 50
72 4 19 217
72 7 13 37
72 42 25 172
72 11 55 13
72 12 44 64
72 18 31 114
72 50 29 58
72 53 37 42
72 24 10 67
72 27 7 206
72 60 4 179
73 2 22 66
73 9 13 189
73 60 19 112
73 47 40 89
73 17 33 36
73 18 43 27
73 53 25 203
73 22 3 220
73 23 10 144
73 26 49 217
73 27 17 2
73 28 7 203
74 2 3 53
74 5 1 137
74 41 37 73
74 10 10 200
74 13 19 105
74 52 15 39
74 53 25 196
74 23 40 115
74 56 23 195
74 59 7 216
74 28 13 197
75 33 3 219
75 5 15 85
75 9 7 100
75 60 37 112
75 15 29 133
75 48 25 153
75 22 22 220
75 57 13 58
75 27 1 31
75 28 19 150
75 31 31 59
76 33 19 225
76 2 37 43
76 36 7 50
76 41 13 73
76 45 33 128
76 19 16 42
76 51 4 117
76 23 28 115
76 56 1 195
76 57 45 58
76 58 10 70
76 29 55 6
77 34 1 125
77 5 3 74
77 6 15 83
77 7 31 37
77 47 27 223
77 20 25 45
77 21 10 84
77 22 19 27
77 56 13 195
77 24 7 67
77 28 5 22
78 35 43 174
78 6 1 143
78 7 10 38
78 40 29 54
78 10 21 30
78 44 37 146
78 46 17 17
78 47 25 5
78 57 4 174
78 58 27 145
78 60 7 179
79 33 43 219
79 36 58 50
79 38 4 91
79 7 13 38
79 43 1 48
79 13 55 105
79 14 19 145
79 47 35 223
79 48 21 153
79 23 52 115
79 24 25 66
79 31 28 59
80 34 17 153
80 3 25 187
80 7 46 37
80 41 52 120
80 12 4 43
80 14 9 36
80 16 7 142
80 18 13 114
80 51 22 117
80 58 1 145
80 59 28 39
80 29 19 221
81 3 10 187
81 6 21 26
81 41 28 120
81 42 13 52
81 14 43 36
81 20 17 150
81 22 37 220
81 25 19 81
81 28 3 150
81 30 31 18
82 33 13 219
82 36 31 50
82 27 3 31
82 41 40 73
82 43 10 26
82 45 7 183
82 14 21 145
82 47 1 223
82 59 25 39
82 29 28 6
82 31 37 59
83 32 26 4
83 33 43 225
83 2 31 16
83 5 13 182
83 6 22 142
83 41 10 73
83 10 19 33
83 44 51 174
83 46 3 17
83 16 1 55
83 23 7 144
83 55 16 179
84 35 22 46
84 6 13 164
84 39 3 120
84 41 58 73
84 10 16 209
84 9 27 159
84 12 19 43
84 47 25 223
84 52 9 28
84 59 40 39
84 29 46 221
84 30 49 18
85 37 55 160
85 6 13 200
85 8 37 189
85 10 7 48
85 13 22 95
85 50 47 58
85 19 3 173
85 22 10 56
85 23 31 144
86 36 10 211
86 39 55 120
86 42 52 172
86 13 22 105
86 46 37 17
86 18 1 23
86 51 7 207
86 55 19 147
86 58 5 218
86 29 25 6
87 32 31 61
87 35 7 93
87 7 22 37
87 8 55 156
87 9 43 100
87 15 13 133
87 16 5 142
87 18 37 223
87 27 3 2
87 28 1 176
87 29 49 6
88 4 49 212
88 8 19 91
88 12 7 43
88 44 39 174
88 51 1 135
88 22 31 220
88 54 25 63
88 56 34 195
88 25 11 122
88 26 15 217
88 27 13 40
88 28 4 131
89 38 13 91
89 40 9 140
89 41 34 73
89 45 58 183
89 46 5 224
89 13 16 105
89 18 43 114
89 53 37 33
89 58 7 194
89 60 1 112
90 3 58 187
90 40 7 211
90 41 43 73
90 42 31 19
90 11 25 13
90 43 19 48
90 13 10 95
90 50 5 58
90 54 13 72
90 58 1 70
90 27 17 31
91 32 27 61
91 33 31 219
91 2 16 94
91 4 3 212
91 43 11 102
91 44 19 146
91 45 13 15
91 14 25 155
91 18 55 23
91 53 44 60
91 58 22 194
91 30 7 204
92 34 22 49
92 5 1 74
92 38 19 165
92 7 58 38
92 41 4 73
92 10 31 48
92 18 7 23
92 51 25 48
92 22 13 220
92 58 37 106
93 33 55 132
93 2 52 35
93 38 7 201
93 7 40 38
93 8 43 91
93 9 26 100
93 42 1 107
93 12 22 43
93 20 31 208
93 22 34 167
93 60 13 179
94 3 40 187
94 6 25 83
94 10 7 33
94 43 10 87
94 44 13 174
94 17 1 36
94 19 28 42
94 20 3 45
94 22 58 27
94 55 55 70
94 30 21 18
95 34 19 153
95 14 25 145
95 48 33 153
95 17 37 36
95 18 7 114
95 51 49 207
95 20 1 45
95 53 13 159
95 21 3 116
95 27 27 31
95 28 11 25
96 32 1 61
96 35 10 107
96 6 19 143
96 7 52 38
96 41 16 73
96 43 5 71
96 12 49 173
96 53 28 203
96 57 31 58
96 59 34 216
96 29 22 6
96 30 45 204
97 32 37 4
97 33 55 149
97 3 1 38
97 41 49 73
97 11 13 13
97 13 10 105
97 15 59 123
97 19 7 173
97 55 25 89
97 56 23 118
97 27 4 206
98 37 43 160
98 41 22 120
98 14 5 36
98 15 1 123
98 17 59 36
98 19 17 44
98 23 13 115
98 56 3 118
98 24 19 22
98 29 10 6
98 57 25 58
99 32 43 4
99 35 13 107
99 6 34 10
99 59 31 216
99 10 4 33
99 46 41 17
99 50 16 157
99 24 1 67
99 57 29 174
99 56 21 195
99 27 9 31
100 3 28 38
100 37 33 160
100 38 9 75
100 27 7 31
100 42 3 52
100 10 37 30
100 46 15 224
100 15 1 64
100 17 13 36
100 22 19 220
100 59 22 216
101 32 9 61
101 2 1 19
101 3 31 38
101 7 55 38
101 43 7 87
101 13 4 105
101 19 19 44
101 55 37 89
101 57 21 58
101 58 53 194
101 60 58 179
102 33 31 225
102 36 52 211
102 5 7 74
102 11 3 78
102 43 13 128
102 46 29 17
102 17 17 36
102 51 19 207
102 54 37 201
102 25 1 81
102 58 35 218
102 30 9 18
103 33 7 219
103 2 13 74
103 5 11 46
103 37 19 160
103 39 43 120
103 8 25 220
103 10 31 200
103 43 5 133
103 47 1 5
103 21 34 84
103 55 58 70
103 28 3 197
104 34 4 143
104 35 28 46
104 6 9 126
104 8 31 147
104 44 49 163
104 47 35 5
104 48 15 218
104 17 7 35
104 19 1 44
104 21 19 116
104 55 37 179
104 26 43 121
105 34 5 166
105 7 43 37
105 39 37 120
105 41 25 73
105 40 7 215
105 45 28 183
105 13 13 95
105 16 9 55
105 51 1 175
105 22 21 175
105 57 35 58
105 28 16 197
106 32 9 81
106 2 40 19
106 35 58 107
106 36 43 211
106 46 15 17
106 15 4 123
106 16 13 55
106 18 19 202
106 50 23 157
106 23 34 144
106 59 37 39
106 31 1 134
107 33 37 219
107 2 19 74
107 6 22 10
107 41 34 120
107 10 15 64
107 45 7 3
107 14 27 36
107 50 13 194
107 21 1 209
107 23 49 144
107 24 10 111
108 38 55 165
108 8 43 96
108 9 37 168
108 13 7 105
108 46 5 17
108 19 15 44
108 52 31 28
108 24 19 139
108 25 17 81
108 28 10 110
109 2 10 93
109 39 27 215
109 9 37 186
109 12 7 92
109 13 31 95
109 48 1 153
109 51 46 48
109 53 43 42
109 54 19 200
109 23 13 144
109 60 16 112
110 32 1 4
110 34 9 49
110 26 15 121
110 5 33 104
110 39 19 215
110 43 23 56
110 46 7 17
110 47 5 223
110 16 29 142
110 49 25 95
110 19 13 42
110 58 55 194
111 33 25 225
111 2 13 100
111 12 34 106
111 45 9 66
111 13 19 95
111 16 3 14
111 50 5 194
111 21 31 84
111 58 1 194
111 30 37 18
112 32 49 81
112 42 19 64
112 11 7 13
112 12 4 92
112 46 22 224
112 17 31 36
112 50 35 194
112 19 13 44
112 52 55 28
112 22 15 27
112 58 1 220
112 31 37 134
113 32 49 4
113 33 25 219
113 42 19 19
113 10 9 30
113 46 33 17
113 47 31 5
113 19 22 173
113 22 15 167
113 58 5 145
113 27 1 40
114 33 19 188
114 2 10 19
114 7 25 38
114 8 1 189
114 13 49 105
114 46 39 224
114 47 17 89
114 21 7 191
114 23 55 115
114 25 31 103
114 26 33 121
115 33 37 225
115 34 13 53
115 38 7 165
115 6 10 83
115 13 46 105
115 45 1 3
115 16 4 65
115 50 53 58
115 23 43 144
115 55 22 89
115 26 55 217
116 38 7 91
116 6 1 164
116 8 49 193
116 41 19 73
116 7 10 37
116 42 55 221
116 15 41 208
116 49 43 171
116 22 25 167
116 24 15 190
116 58 13 145
117 35 13 104
117 6 4 24
117 7 1 37
117 45 27 128
117 14 11 155
117 52 31 39
117 23 16 115
117 57 57 58
117 60 19 179
117 29 7 6
117 25 22 103
118 5 5 74
118 59 19 39
118 41 16 120
118 42 34 3
118 47 57 89
118 48 25 218
118 54 37 205
118 23 22 144
118 24 1 111
118 27 13 206
119 32 15 61
119 33 37 149
119 9 31 117
119 12 25 43
119 14 1 155
119 17 41 36
119 20 5 16
119 21 7 88
119 22 49 27
119 53 10 196
119 56 3 195
119 30 19 204
120 34 9 122
120 5 13 46
120 42 58 3
120 45 1 131
120 16 19 142
120 17 21 35
120 51 16 207
120 21 4 209
120 55 27 70
120 24 31 22
120 56 11 118
121 33 37 132
121 2 4 139
121 5 17 104
121 8 25 210
121 42 22 107
121 10 7 64
121 51 10 207
121 54 13 201
121 56 31 118
121 29 1 6
121 31 58 59
122 40 13 54
122 44 15 146
122 46 1 17
122 48 19 218
122 20 5 45
122 22 34 27
122 58 7 106
122 27 3 194
122 60 10 112
122 29 31 221
122 30 25 18
123 32 8 4
123 58 41 194
123 37 13 212
123 42 21 172
123 12 25 173
123 15 19 14
123 17 29 36
123 19 4 42
123 55 52 89
123 27 1 2
124 32 57 61
124 44 19 163
124 13 37 95
124 51 49 135
124 20 3 208
124 54 13 63
124 57 55 174
124 27 7 221
124 29 31 6
124 31 22 134
125 5 1 182
125 38 27 202
125 8 3 156
125 44 10 163
125 12 31 173
125 51 13 207
125 21 34 116
125 25 25 103
125 58 19 172
125 28 7 110
125 31 16 59
126 8 27 156
126 40 25 140
126 12 22 112
126 13 46 95
126 46 1 224
126 47 17 5
126 48 37 218
126 19 31 42
126 20 3 16
126 22 10 220
126 28 19 203
126 29 34 6
127 2 7 167
127 3 46 38
127 38 13 30
127 6 31 24
127 8 25 96
127 48 55 153
127 16 19 170
127 18 1 193
127 50 11 58
127 49 37 171
127 58 17 70
128 5 17 46
128 40 7 12
128 9 43 117
128 11 25 78
128 46 19 224
128 47 21 5
128 17 39 36
128 55 4 89
128 54 9 188
128 22 31 27
128 60 1 179
129 3 16 187
129 36 21 50
129 5 59 182
129 42 7 172
129 44 13 163
129 15 5 66
129 47 45 89
129 16 3 129
129 50 1 157
129 17 11 35
129 56 19 118
129 58 25 70
130 33 43 132
130 36 37 50
130 9 25 189
130 43 5 56
130 45 1 15
130 14 17 155
130 52 13 28
130 20 9 16
130 56 7 195
130 31 55 134
131 33 57 188
131 35 21 168
131 38 7 202
131 43 5 26
131 45 1 128
131 17 55 36
131 20 15 150
131 59 37 216
131 60 28 112
132 37 7 212
132 38 15 202
132 39 49 215
132 8 31 83
132 46 59 224
132 16 1 170
132 18 55 114
132 55 19 89
132 25 13 122
132 59 46 216
132 60 4 112
132 30 25 204
133 35 16 107
133 6 52 164
133 8 19 96
133 11 43 13
133 43 7 102
133 44 34 146
133 16 5 55
133 21 25 88
133 53 1 60
133 55 9 147
133 24 13 22
134 32 55 4
134 33 13 225
134 38 31 201
134 40 1 52
134 9 43 159
134 8 37 147
134 16 19 62
134 52 50 28
134 54 25 72
134 24 22 67
134 27 7 2
134 28 17 131
135 32 13 81
135 34 1 24
135 5 11 182
135 38 22 148
135 43 17 48
135 44 52 163
135 53 4 203
135 57 7 58
135 28 9 22
135 30 43 18
135 31 40 59
136 34 19 49
136 36 46 50
136 6 1 126
136 41 13 120
136 17 4 35
136 19 11 42
136 51 25 135
136 23 43 115
136 26 7 217
136 31 22 59
137 34 23 99
137 7 7 37
137 43 29 75
137 12 13 112
137 13 58 105
137 47 16 223
137 18 19 223
137 20 11 16
137 21 4 84
137 54 25 57
137 23 1 115
137 31 46 134
138 34 15 24
138 36 43 50
138 38 25 165
138 13 55 95
138 46 10 17
138 14 3 36
138 16 21 62
138 15 13 64
138 48 49 153
138 47 28 89
138 24 7 111
139 8 25 193
139 10 34 48
139 12 13 173
139 47 59 223
139 16 3 170
139 15 5 64
139 20 9 45
139 21 31 209
139 54 19 57
139 23 46 115
139 27 11 31
140 8 37 193
140 9 19 186
140 10 25 33
140 45 10 125
140 51 28 117
140 53 13 196
140 28 5 150
140 29 52 6
140 30 1 204
140 31 49 134
141 33 19 149
141 34 23 65
141 3 4 38
141 36 1 211
141 39 43 215
141 10 28 60
141 12 49 35
141 13 31 105
141 14 15 145
141 47 57 223
141 22 34 220
142 33 13 149
142 34 7 174
142 40 9 54
142 41 31 73
142 10 34 209
142 11 19 13
142 12 28 43
142 16 17 206
142 50 3 148
142 21 25 113
142 27 5 40
142 31 43 59
143 3 34 187
143 7 43 38
143 41 46 73
143 42 19 107
143 15 25 24
143 50 9 194
143 19 17 173
143 23 31 115
143 28 4 87
144 35 19 104
144 7 7 38
144 8 2 147
144 59 49 216
144 44 10 146
144 45 13 125
144 46 27 17
144 14 35 145
144 12 16 92
144 19 33 42
144 27 57 194
145 34 11 49
145 36 31 211
145 37 13 160
145 8 7 96
145 9 1 100
145 44 22 146
145 15 59 93
145 49 55 171
145 18 43 141
145 51 19 117
145 54 25 125
145 28 29 22
146 32 43 61
146 36 40 50
146 5 31 85
146 38 9 148
146 9 49 100
146 11 1 13
146 13 34 105
146 15 19 208
146 18 21 141
146 20 17 16
146 53 55 60
146 56 7 118
147 34 28 24
147 6 7 26
147 39 39 215
147 7 16 37
147 41 55 73
147 45 25 3
147 15 19 24
147 50 13 148
147 19 11 44
147 20 1 150
147 30 3 18
148 33 9 225
148 35 1 104
148 40 37 140
148 41 31 120
148 44 4 146
148 15 17 93
148 50 7 148
148 54 19 12
148 57 15 58
148 58 13 172
148 31 49 59
149 33 21 132
149 35 43 107
149 36 49 50
149 39 1 215
149 8 13 156
149 11 31 13
149 46 35 17
149 14 17 145
149 17 19 35
149 50 27 58
149 31 58 134
150 2 1 93
150 36 40 211
150 5 7 104
150 58 29 218
150 38 16 148
150 10 10 60
150 13 37 105
150 47 34 89
150 56 27 118
150 26 19 121
150 31 4 134
Điểm tối ưu: 1644
Thời gian: 1000093.94 ms
Trạng thái: FEASIBLE
