861
1 1 1 1
1 3 13 90
1 5 49 121
1 6 4 169
1 28 16 25
1 14 43 15
1 49 46 4
1 18 7 17
1 52 10 201
1 22 59 32
1 55 33 113
1 56 25 63
1 26 31 52
1 60 19 49
1 30 55 4
2 1 22 1
2 36 5 150
2 5 39 32
2 11 7 69
2 43 3 12
2 48 34 55
2 50 29 35
2 19 25 178
2 20 13 123
2 52 46 9
2 22 9 207
2 57 11 187
2 59 1 107
2 29 37 133
3 1 39 1
3 4 16 221
3 37 31 19
3 38 19 171
3 7 28 42
3 40 25 111
3 5 13 111
3 10 49 4
3 18 4 187
3 21 55 9
3 54 7 150
3 24 43 2
3 57 37 111
3 28 1 96
3 30 51 4
4 32 43 9
4 1 19 1
4 35 52 35
4 8 25 179
4 59 9 202
4 43 15 27
4 44 7 171
4 46 31 179
4 47 4 45
4 48 22 83
4 49 1 37
4 19 37 178
4 27 40 58
4 29 11 133
5 33 43 52
5 38 7 19
5 41 13 58
5 11 19 69
5 45 25 120
5 53 21 197
5 27 1 137
5 29 17 133
6 9 34 4
6 59 17 121
6 43 10 51
6 11 21 69
6 46 25 153
6 51 1 36
6 20 7 123
6 29 13 133
7 3 7 59
7 5 52 32
7 39 43 158
7 40 1 111
7 14 47 15
7 47 19 40
7 48 28 204
7 17 23 80
7 54 13 121
7 28 10 81
8 33 19 79
8 34 13 79
8 5 31 103
8 7 10 42
8 10 1 46
8 11 25 69
8 31 3 152
9 4 7 221
9 47 29 52
9 30 1 21
10 35 16 44
10 11 9 69
10 45 7 120
10 22 4 125
10 18 1 180
10 27 13 11
11 10 1 18
11 43 17 55
11 44 9 37
11 48 43 206
12 11 23 69
12 45 16 120
12 46 7 138
12 60 19 90
12 47 1 33
12 26 43 97
12 28 26 123
13 3 34 133
13 17 5 123
13 58 13 3
13 31 3 58
14 4 19 221
14 6 13 169
14 51 7 217
14 50 3 199
14 56 31 35
14 31 1 152
15 4 13 23
15 42 31 117
15 44 4 37
15 49 37 171
15 48 1 224
16 9 17 168
16 10 1 80
16 13 34 118
16 46 13 153
16 11 27 69
16 59 7 58
17 45 9 120
17 46 55 55
17 21 23 52
17 54 1 122
17 22 11 158
17 26 5 204
17 60 25 79
18 7 19 42
18 8 25 131
18 11 31 69
18 12 33 52
18 56 1 82
18 27 7 130
18 30 13 206
19 33 5 15
19 2 1 115
19 11 29 69
19 18 7 175
19 19 10 178
19 30 21 133
20 58 4 3
20 38 13 150
20 7 22 42
20 42 25 169
20 47 7 45
20 20 37 117
20 24 1 68
20 29 9 133
21 32 19 15
21 38 2 215
21 39 55 158
21 7 40 42
21 11 33 69
21 12 25 168
21 18 37 175
21 24 8 218
21 31 44 138
22 36 19 150
22 7 25 42
22 11 37 69
22 15 31 172
22 19 13 178
22 25 1 200
22 57 3 181
23 38 25 40
23 28 31 153
23 30 43 27
23 31 1 133
24 2 4 115
24 3 16 21
24 5 37 125
24 9 11 168
24 42 7 206
24 21 31 113
24 22 1 161
25 40 1 167
25 43 16 80
25 46 7 111
25 16 25 58
25 17 23 27
25 28 4 90
25 30 19 19
26 3 1 203
26 13 13 118
26 16 16 117
26 56 19 141
27 32 13 80
27 39 31 158
27 18 1 19
27 52 37 55
27 23 4 118
27 55 28 113
28 33 1 157
28 4 10 184
28 37 19 77
28 23 7 103
28 57 5 63
29 5 31 121
29 43 3 156
29 16 1 58
29 52 7 201
30 33 1 139
30 13 31 118
30 51 27 103
31 9 37 4
31 43 13 27
31 46 7 35
31 19 1 178
31 22 19 32
31 31 5 218
32 36 1 150
32 37 3 208
32 46 7 80
32 21 11 19
32 55 22 113
32 27 16 79
33 40 25 4
33 48 34 131
33 56 1 87
33 57 5 192
34 5 19 111
34 8 43 179
34 10 1 101
34 12 3 52
34 16 9 194
34 17 7 14
34 23 15 103
34 58 40 3
35 32 25 206
35 33 1 30
35 37 13 55
35 43 29 156
35 13 43 118
35 56 19 63
35 29 3 133
36 37 7 24
36 8 1 25
36 19 16 178
36 55 13 113
36 56 21 181
36 26 19 80
37 5 27 181
37 40 4 40
37 42 13 85
37 46 7 116
37 22 1 52
37 31 25 133
38 9 5 36
38 25 1 32
38 28 22 172
38 30 13 128
38 57 9 171
39 35 1 184
39 4 16 23
39 37 25 19
39 3 4 167
39 41 20 215
39 43 13 12
39 18 10 79
39 23 31 131
40 3 31 15
40 39 25 158
40 9 5 97
40 49 1 154
40 30 21 150
41 32 4 19
41 34 14 138
41 43 1 125
41 11 57 69
41 56 7 125
41 28 25 15
42 35 25 80
42 5 43 32
42 59 23 19
42 42 19 123
42 43 13 195
42 13 10 118
42 47 5 33
42 55 7 113
42 26 17 4
42 29 15 133
43 42 1 124
43 24 7 2
43 31 10 58
44 38 7 220
44 11 11 69
44 20 1 134
45 32 28 93
45 37 1 24
45 11 53 69
45 13 25 118
45 51 32 98
45 21 37 80
45 54 19 121
45 56 13 212
45 30 7 4
46 32 1 93
46 2 7 115
46 7 49 42
46 42 37 158
46 19 4 178
46 26 11 80
47 11 13 69
47 18 1 17
47 52 49 32
47 23 4 79
47 58 37 3
48 32 52 3
48 38 37 19
48 7 58 42
48 43 1 156
48 20 19 9
48 22 28 32
49 32 4 16
49 2 25 115
49 8 9 31
49 46 19 35
49 14 17 15
49 47 1 123
50 33 31 32
50 9 23 4
50 16 27 120
50 25 46 32
50 59 37 107
51 32 1 16
51 11 49 69
51 45 11 120
51 16 4 103
51 25 7 207
51 59 21 32
52 3 4 153
52 7 46 42
52 47 9 205
52 50 1 136
52 26 7 82
53 42 1 15
53 44 7 181
53 25 16 52
53 27 10 130
53 31 5 138
54 34 4 148
54 37 13 19
54 7 52 42
54 9 11 36
54 14 49 15
54 16 17 125
54 55 19 113
54 60 7 49
55 11 17 69
55 44 13 97
55 15 49 172
55 52 1 39
56 6 15 169
56 11 47 69
56 13 55 118
56 48 1 204
57 5 13 125
57 41 7 215
57 10 16 111
57 20 25 134
57 23 21 207
57 60 1 69
57 57 11 111
58 43 1 9
58 11 41 69
58 47 23 59
58 16 5 194
58 49 28 4
58 50 11 199
58 15 45 172
58 29 31 133
58 31 3 158
59 8 13 131
59 44 41 15
59 24 3 46
59 59 1 162
60 33 13 15
60 44 7 37
60 47 37 52
60 50 9 101
60 60 1 78
61 34 1 79
61 5 37 181
61 41 31 206
61 49 55 32
61 57 4 101
61 26 41 4
61 28 51 15
62 5 40 207
62 6 23 169
62 47 46 118
62 16 1 158
62 51 3 171
62 54 13 141
63 7 4 42
63 45 35 120
63 24 1 74
64 8 19 131
64 46 1 182
64 15 7 172
64 23 13 32
65 39 7 158
65 40 1 207
65 8 19 179
65 43 13 181
65 13 40 118
65 57 4 222
66 32 4 9
66 4 1 151
66 41 19 4
66 12 25 23
66 45 33 120
66 17 7 90
67 34 25 27
67 41 1 102
67 46 7 55
67 17 21 120
67 25 11 207
67 58 55 3
68 41 1 218
68 12 7 32
68 49 25 97
68 51 13 36
68 29 19 133
69 18 13 49
69 25 25 103
69 27 4 11
69 28 7 81
70 12 7 168
70 25 11 59
70 27 1 130
70 60 19 78
70 29 5 133
71 33 16 97
71 35 1 129
71 46 8 182
71 49 13 120
71 55 4 113
71 57 19 207
72 32 19 206
72 40 55 207
72 12 13 184
72 48 39 206
72 49 4 154
72 18 1 40
72 51 25 52
72 52 33 32
72 54 7 121
72 56 43 55
72 25 37 32
72 27 22 103
72 30 49 153
73 3 1 174
73 6 21 169
73 11 5 69
73 12 26 184
73 44 15 181
73 51 7 98
73 22 11 161
73 26 13 95
74 38 1 220
74 8 7 25
74 19 19 178
75 1 4 1
75 38 25 187
75 7 55 42
75 11 51 69
75 13 19 118
75 26 7 205
75 59 11 150
75 31 1 95
76 2 22 115
76 35 10 90
76 40 28 206
76 44 1 171
76 49 7 97
77 46 25 91
77 18 19 172
77 54 13 122
77 24 7 53
78 41 1 131
78 20 10 27
79 34 1 148
79 7 43 42
80 32 43 80
80 7 37 42
80 10 4 80
80 46 7 179
80 20 1 186
80 22 11 212
81 4 8 197
81 44 13 37
81 52 1 57
81 25 17 158
81 59 5 181
82 7 16 42
82 18 4 91
82 57 1 192
83 4 10 190
83 39 19 158
83 40 13 149
83 45 37 120
83 49 7 169
83 54 1 198
84 35 1 56
84 38 15 207
84 11 45 69
84 55 25 113
84 57 21 52
84 27 4 130
85 5 43 207
85 7 34 42
85 42 25 117
85 24 19 55
85 56 7 141
85 27 1 11
85 28 13 52
86 34 56 148
86 5 28 121
86 40 19 59
86 11 43 69
86 56 1 141
87 3 10 123
87 37 19 153
87 7 31 42
87 49 1 108
87 52 4 39
87 21 17 19
87 31 23 58
88 4 10 40
88 10 31 120
88 47 1 175
88 24 22 9
88 54 13 77
89 10 1 187
89 44 13 51
89 13 16 118
89 47 3 33
89 20 8 134
90 40 1 55
90 11 39 69
90 51 13 205
90 20 34 9
90 22 5 49
90 26 21 80
91 4 16 90
91 9 7 31
91 16 1 194
91 49 4 205
91 22 13 207
92 1 7 1
92 5 19 103
92 37 13 24
92 16 34 103
92 49 31 4
92 21 39 9
92 53 49 118
92 22 1 212
93 5 31 55
93 39 13 158
93 41 3 59
93 10 1 90
93 23 7 27
93 58 28 3
94 40 1 205
94 44 37 15
94 12 7 23
94 22 11 32
95 2 10 115
95 4 7 184
95 17 15 59
95 53 1 65
95 25 13 103
96 1 10 1
96 35 4 56
96 49 7 44
97 6 19 169
97 42 1 85
97 28 13 40
97 17 23 153
97 55 16 113
98 35 1 44
98 5 25 121
98 45 23 120
98 15 13 172
98 47 4 121
98 26 19 52
99 10 11 101
99 17 1 14
99 54 7 107
99 56 3 212
100 34 31 40
100 46 7 91
100 58 45 3
100 27 1 138
100 31 11 9
101 8 1 168
101 12 19 168
101 47 7 40
101 52 56 201
101 53 9 38
101 22 17 3
101 25 5 200
102 8 7 174
102 46 1 183
103 41 1 206
103 16 23 158
103 17 5 14
103 23 16 32
103 25 28 80
103 30 7 21
104 32 31 80
104 8 27 49
104 41 1 216
104 52 7 73
104 27 19 187
104 28 22 3
105 40 1 103
105 48 22 206
105 30 37 27
106 10 4 111
106 28 1 81
107 7 13 42
107 8 7 131
107 18 45 40
107 20 1 27
107 58 31 3
108 5 46 35
108 9 11 4
108 28 13 76
108 16 16 40
108 48 1 83
109 44 1 117
109 15 55 172
109 25 4 2
110 40 32 207
110 14 11 15
110 18 43 49
110 53 7 28
110 52 1 144
110 56 37 35
110 25 13 2
111 50 17 35
111 30 1 128
112 36 25 150
112 40 43 4
112 13 7 118
112 46 13 116
112 52 52 205
112 22 1 49
113 32 22 15
113 2 19 115
113 58 8 3
113 11 15 69
113 17 4 27
113 53 51 168
113 59 1 121
114 40 1 4
114 26 39 4
115 5 3 32
115 31 1 99
116 18 1 91
116 28 28 15
116 30 13 4
116 31 11 3
117 32 40 80
117 51 1 98
117 57 5 184
118 34 16 9
118 5 49 3
118 8 1 97
118 24 19 116
119 43 43 51
119 44 9 15
119 48 22 55
119 17 1 59
119 31 41 27
120 45 5 120
120 17 9 52
120 27 1 153
121 8 19 25
121 40 37 51
121 43 7 12
121 46 13 179
121 15 3 172
121 49 43 19
121 25 10 2
121 31 1 86
122 7 7 42
122 43 11 55
122 45 29 120
122 16 3 117
122 60 13 78
122 30 55 27
123 41 51 9
123 12 19 23
123 50 1 219
124 8 1 31
124 16 27 58
124 55 10 113
124 24 16 187
125 33 21 79
125 34 50 103
125 38 1 179
125 12 13 168
126 6 10 169
126 16 5 158
126 56 1 63
127 34 7 187
127 47 15 33
127 16 13 117
127 22 10 181
127 26 5 65
127 30 1 112
128 40 1 149
128 45 19 120
128 46 7 153
128 14 39 15
128 21 11 33
129 1 16 1
129 34 13 148
129 4 1 173
129 44 5 51
129 43 9 12
129 13 28 118
129 16 11 103
129 53 49 27
129 29 7 133
130 6 1 169
130 30 31 21
131 55 1 113
131 24 19 21
131 28 7 76
132 2 13 115
132 3 1 118
132 46 25 116
132 52 31 9
132 57 34 15
133 26 11 52
133 35 1 35
133 13 37 118
133 46 25 35
134 5 25 32
134 12 1 23
134 16 13 59
134 18 10 17
134 19 7 178
135 3 13 21
135 43 17 27
135 14 7 15
135 47 59 35
135 50 23 35
136 2 28 115
136 34 7 148
136 4 22 40
136 49 25 218
136 51 1 217
136 56 13 35
136 28 19 3
137 1 13 1
137 39 49 158
137 40 8 167
137 44 11 37
137 18 1 84
137 59 23 32
138 54 7 7
138 25 11 35
138 28 3 76
139 43 7 51
139 20 1 120
140 33 11 97
140 4 31 97
140 56 13 63
140 25 17 2
140 27 43 35
140 60 7 9
140 24 1 2
141 13 58 118
141 51 7 36
141 53 2 28
141 54 19 7
141 52 13 9
141 25 17 58
141 58 25 3
142 32 25 9
142 35 1 195
142 36 17 150
142 4 13 187
142 48 34 121
142 16 7 194
142 20 4 35
142 59 29 19
142 60 19 125
142 30 55 19
143 43 37 9
143 49 4 4
143 50 1 199
143 52 28 9
143 27 7 79
143 31 58 3
144 4 45 23
144 38 19 27
144 6 17 169
144 40 1 51
144 11 55 69
144 50 41 35
144 21 49 9
144 53 57 15
144 30 7 128
145 4 19 97
145 11 35 69
145 14 15 15
145 17 3 14
145 51 25 171
145 53 8 224
145 59 1 202
146 3 25 21
146 2 16 115
146 13 22 118
146 14 45 15
146 21 1 209
147 33 49 35
147 40 4 55
147 48 28 83
147 50 7 52
147 52 1 73
148 46 25 55
148 14 55 15
148 22 29 131
148 27 1 3
149 5 34 3
149 6 43 169
149 7 1 42
149 15 37 172
149 16 5 58
149 48 14 83
149 49 22 97
150 42 49 55
150 43 1 12
150 44 35 35
150 11 59 69
150 60 7 117
150 15 25 172
150 17 43 3
150 52 40 55
150 53 31 27
150 56 55 35
150 25 15 2
150 28 19 117
Điểm tối ưu: 861
Thời gian: 600.0948 giây
Trạng thái: FEASIBLE
