3600
1 34 19 173
1 3 31 124
1 26 37 73
1 37 7 348
1 7 16 272
1 72 25 305
1 108 22 385
1 21 11 58
1 22 13 450
1 89 1 268
1 90 27 228
1 25 5 24
2 98 7 304
2 99 10 320
2 42 25 6
2 46 27 230
2 111 31 362
2 14 37 16
2 83 22 60
2 52 43 204
2 55 4 245
2 59 13 195
2 61 47 278
2 30 19 59
3 96 11 80
3 64 17 200
3 65 37 216
3 10 19 289
3 12 31 290
3 77 35 136
3 110 49 155
3 19 13 15
3 21 5 165
3 91 7 381
3 61 1 448
3 30 28 9
4 99 19 282
4 70 13 96
4 72 41 48
4 11 43 290
4 45 31 313
4 114 16 171
4 84 10 389
4 54 29 166
4 87 25 151
4 90 3 363
4 28 37 145
4 63 1 408
5 65 25 389
5 35 13 18
5 70 37 202
5 105 23 77
5 51 7 404
5 53 9 133
5 54 29 7
5 94 19 82
5 59 3 195
5 28 31 67
5 29 35 219
5 30 16 59
6 67 13 174
6 58 37 260
6 74 7 384
6 43 41 388
6 45 29 287
6 113 16 313
6 50 19 31
6 55 11 99
6 89 1 204
6 26 55 136
6 29 3 165
6 31 5 406
7 96 5 346
7 65 49 7
7 4 43 18
7 5 17 140
7 10 55 374
7 108 9 159
7 79 23 50
7 85 37 14
7 57 13 337
7 27 21 258
7 61 7 275
7 94 31 444
8 32 49 154
8 7 46 202
8 107 55 9
8 75 43 246
8 13 7 139
8 110 13 55
8 16 1 169
8 85 37 292
8 118 3 74
8 25 17 24
8 28 25 108
8 94 19 108
9 33 7 405
9 69 13 265
9 5 16 237
9 101 43 20
9 107 33 9
9 113 3 313
9 20 37 329
9 53 9 276
9 27 41 370
9 61 5 106
9 95 22 155
9 31 1 406
10 32 19 154
10 98 23 172
10 37 37 388
10 102 7 327
10 7 31 333
10 40 43 292
10 78 17 75
10 50 1 124
10 114 11 274
10 85 13 161
10 23 29 347
10 59 25 333
11 32 1 437
11 33 19 14
11 35 10 283
11 39 17 35
11 14 13 47
11 81 5 100
11 18 43 114
11 82 25 266
11 22 21 80
11 86 52 57
11 88 7 256
11 26 31 224
12 64 13 347
12 65 31 7
12 69 15 443
12 39 11 171
12 41 7 10
12 73 37 225
12 9 52 126
12 107 25 347
12 48 23 162
12 20 19 158
12 85 1 378
12 90 55 179
13 2 46 236
13 5 23 225
13 73 37 134
13 43 5 56
13 44 31 317
13 82 7 156
13 20 55 212
13 52 25 397
13 116 49 101
13 87 13 34
13 93 19 208
13 61 29 106
14 89 11 48
14 2 46 210
14 99 43 334
14 38 28 260
14 110 37 380
14 82 7 40
14 117 49 222
14 87 19 349
14 56 1 43
14 24 13 165
14 58 31 138
14 61 17 2
15 64 11 161
15 66 5 324
15 36 7 306
15 101 28 132
15 72 1 383
15 8 25 326
15 44 49 410
15 15 19 222
15 52 31 16
15 21 3 436
15 55 35 185
15 59 13 248
16 3 13 376
16 70 19 202
16 71 5 158
16 105 17 415
16 74 31 288
16 75 37 76
16 50 22 168
16 119 25 448
16 86 43 126
16 87 49 151
16 118 11 74
16 30 34 37
17 34 49 131
17 36 31 291
17 39 29 35
17 59 37 333
17 109 25 418
17 14 43 370
17 51 5 404
17 85 1 41
17 54 10 404
17 86 7 178
17 91 13 449
17 94 19 334
18 32 55 57
18 97 25 414
18 39 23 70
18 42 19 235
18 107 13 206
18 44 3 140
18 49 37 408
18 50 31 307
18 51 9 4
18 21 1 101
18 23 7 82
18 120 43 164
19 32 28 50
19 26 19 236
19 8 16 324
19 9 25 126
19 42 31 100
19 76 7 33
19 115 33 421
19 83 37 395
19 88 23 256
19 90 1 173
19 29 11 39
19 62 13 84
20 98 17 190
20 66 29 128
20 6 7 56
20 102 37 435
20 46 3 320
20 111 43 193
20 47 11 363
20 17 31 409
20 117 13 441
20 54 1 391
20 30 22 59
20 31 41 30
21 67 22 314
21 3 37 188
21 37 55 244
21 75 1 388
21 108 31 92
21 17 7 436
21 114 11 89
21 22 19 212
21 57 4 192
21 91 49 245
21 28 13 177
21 93 43 284
22 5 5 130
22 37 31 433
22 71 23 426
22 69 13 123
22 105 9 89
22 110 25 58
22 79 7 331
22 17 49 239
22 82 1 246
22 119 19 397
22 28 37 55
22 93 43 265
23 67 1 340
23 68 25 179
23 8 22 31
23 45 11 447
23 110 13 423
23 13 37 226
23 48 40 98
23 49 31 324
23 79 5 111
23 85 43 260
23 62 19 57
23 63 9 185
24 64 19 87
24 96 5 302
24 12 13 250
24 111 1 362
24 15 37 10
24 79 11 110
24 87 49 34
24 120 7 164
24 90 43 119
24 91 55 359
24 61 17 141
24 30 31 144
25 32 31 1
25 89 29 48
25 34 25 121
25 100 19 176
25 41 34 218
25 43 11 265
25 81 17 202
25 84 9 182
25 21 1 348
25 86 55 342
25 25 7 300
25 58 13 182
26 96 3 424
26 34 37 343
26 3 25 120
26 36 55 425
26 68 7 243
26 69 31 323
26 103 34 322
26 107 19 147
26 11 13 87
26 14 49 403
26 112 1 67
26 55 5 331
27 66 25 324
27 4 22 79
27 7 7 421
27 104 13 29
27 109 28 279
27 78 53 75
27 80 15 67
27 50 31 34
27 19 43 391
27 21 10 139
27 25 5 300
27 29 1 390
28 66 7 42
28 101 16 342
28 9 28 277
28 43 23 249
28 44 31 238
28 109 13 279
28 78 5 303
28 107 19 396
28 110 49 5
28 82 55 40
28 20 1 329
28 92 11 379
29 97 31 18
29 34 25 210
29 67 40 8
29 68 13 179
29 39 5 445
29 105 17 125
29 75 7 115
29 81 19 100
29 51 11 98
29 119 22 200
29 90 1 119
29 62 28 307
30 97 37 19
30 100 31 249
30 41 7 6
30 108 43 159
30 78 19 75
30 79 23 321
30 113 5 338
30 83 25 223
30 119 16 397
30 86 1 262
30 23 13 150
30 54 11 202
31 97 37 414
31 58 25 16
31 6 49 171
31 103 46 311
31 12 16 321
31 111 19 116
31 47 5 254
31 18 55 393
31 86 1 331
31 55 11 245
31 24 31 30
31 56 7 199
32 64 23 161
32 98 10 201
32 3 43 17
32 100 31 13
32 105 39 228
32 47 19 95
32 15 13 76
32 29 5 2
32 58 49 268
32 59 55 88
32 61 17 247
32 62 1 225
33 96 7 427
33 34 9 343
33 99 22 21
33 70 37 110
33 74 19 167
33 108 55 59
33 45 15 447
33 78 35 2
33 51 53 333
33 52 31 12
33 23 1 226
33 24 25 433
34 97 55 414
34 38 49 40
34 44 19 86
34 109 52 428
34 15 31 167
34 16 1 367
34 80 37 181
34 17 25 114
34 50 13 332
34 84 5 187
34 87 7 34
34 89 3 421
35 32 10 7
35 97 25 19
35 35 31 259
35 3 37 74
35 10 49 80
35 45 7 310
35 78 19 303
35 118 5 74
35 56 58 43
35 58 1 289
35 59 43 62
35 60 15 128
36 97 25 245
36 2 43 104
36 34 46 197
36 104 29 85
36 8 16 148
36 47 14 159
36 48 1 426
36 16 11 134
36 53 49 8
36 23 3 86
36 57 21 304
36 59 7 20
37 96 17 431
37 33 23 124
37 3 55 390
37 36 43 425
37 6 13 275
37 112 11 92
37 113 35 399
37 19 7 15
37 24 19 435
37 56 40 321
37 59 31 373
37 95 25 385
38 65 13 162
38 67 1 174
38 40 7 237
38 74 37 232
38 107 19 398
38 45 47 194
38 80 55 63
38 49 31 53
38 81 17 319
38 118 5 292
38 26 49 35
38 59 25 373
39 100 3 385
39 5 1 42
39 102 19 424
39 108 37 384
39 110 25 91
39 47 7 127
39 17 15 48
39 118 11 381
39 120 34 164
39 24 55 30
39 61 9 247
39 30 31 37
40 96 17 427
40 99 31 282
40 100 43 250
40 37 49 244
40 38 7 83
40 6 1 281
40 14 37 422
40 83 22 357
40 84 5 150
40 53 25 405
40 120 19 164
40 91 13 56
41 97 31 414
41 33 5 124
41 4 37 69
41 70 9 45
41 8 49 87
41 72 55 297
41 114 1 416
41 18 25 334
41 55 15 99
41 86 22 216
41 118 7 359
41 26 43 158
42 64 19 161
42 4 7 409
42 59 49 53
42 42 22 6
42 45 25 194
42 16 17 44
42 51 10 192
42 61 29 87
42 117 13 103
42 86 37 178
42 91 43 120
42 93 1 121
43 2 31 149
43 4 4 18
43 6 43 207
43 103 1 260
43 105 9 163
43 11 19 231
43 14 37 377
43 47 53 62
43 19 25 15
43 51 7 445
43 120 34 54
43 27 13 180
44 35 16 259
44 4 34 406
44 69 19 265
44 9 49 106
44 111 43 83
44 18 7 368
44 51 41 4
44 115 13 264
44 85 55 351
44 90 37 119
44 60 1 244
44 94 25 154
45 35 7 442
45 100 55 333
45 4 10 69
45 37 31 353
45 73 19 134
45 10 43 80
45 45 3 9
45 53 37 197
45 54 5 374
45 26 13 106
45 91 25 308
45 29 1 39
46 35 22 63
46 67 28 448
46 68 31 304
46 6 7 234
46 39 17 70
46 106 52 160
46 12 19 290
46 46 13 222
46 51 58 4
46 86 37 244
46 60 43 47
46 94 1 64
47 33 7 72
47 98 19 191
47 35 25 259
47 104 13 129
47 42 15 6
47 44 55 2
47 13 1 298
47 45 5 36
47 15 9 347
47 108 43 210
47 19 37 391
47 58 21 182
48 65 49 259
48 34 22 131
48 3 31 120
48 38 4 90
48 104 9 88
48 110 37 91
48 80 43 67
48 112 35 340
48 114 41 65
48 119 1 44
48 120 16 281
48 92 7 189
49 32 40 50
49 35 13 434
49 36 43 306
49 9 1 337
49 73 19 183
49 44 49 416
49 80 55 334
49 17 31 90
49 82 25 301
49 50 37 31
49 21 23 101
49 85 7 371
50 100 31 176
50 40 28 36
50 78 11 75
50 15 37 205
50 47 5 88
50 46 7 369
50 29 3 39
50 114 25 335
50 49 19 370
50 86 46 178
50 61 23 2
50 62 13 299
51 66 23 26
51 34 25 197
51 67 43 8
51 80 19 447
51 17 31 114
51 18 1 368
51 21 16 439
51 117 7 58
51 86 13 429
51 88 35 21
51 92 11 422
51 61 29 218
52 65 19 389
52 101 4 20
52 69 34 42
52 105 53 77
52 41 28 6
52 79 1 137
52 50 25 27
52 83 31 77
52 117 7 232
52 119 13 290
52 25 11 32
52 57 16 254
53 36 13 291
53 39 11 33
53 105 5 163
53 43 17 205
53 44 25 314
53 45 23 380
53 78 7 75
53 83 31 395
53 84 9 187
53 86 19 216
53 60 37 352
53 63 3 131
54 69 19 354
54 101 13 20
54 42 11 301
54 43 47 290
54 108 37 59
54 110 49 91
54 49 55 324
54 61 17 275
54 51 22 98
54 85 43 14
54 118 1 417
54 29 5 373
55 65 43 177
55 33 5 270
55 98 29 78
55 69 31 199
55 37 13 403
55 107 7 206
55 112 3 267
55 21 11 165
55 53 37 162
55 26 49 236
55 59 25 446
55 29 1 304
56 36 9 275
56 6 25 234
56 39 22 171
56 42 1 360
56 106 19 70
56 13 49 192
56 78 59 151
56 47 17 88
56 82 13 141
56 52 43 208
56 25 4 223
56 61 31 87
57 34 25 427
57 35 19 379
57 2 37 428
57 104 35 58
57 9 7 293
57 105 10 405
57 81 23 43
57 114 47 274
57 83 1 158
57 21 17 58
57 85 13 371
57 30 28 217
58 64 29 161
58 97 49 332
58 41 10 387
58 108 7 385
58 109 19 276
58 111 43 444
58 49 25 53
58 18 13 114
58 118 22 163
58 89 17 164
58 62 1 57
58 95 4 97
59 33 7 446
59 66 31 128
59 39 23 291
59 74 49 63
59 76 33 175
59 111 19 444
59 80 37 63
59 48 1 328
59 82 3 396
59 115 10 8
59 57 25 304
59 28 13 145
60 65 49 309
60 38 3 146
60 70 25 332
60 73 31 134
60 106 13 238
60 45 1 187
60 109 10 364
60 83 7 223
60 24 37 33
60 57 16 192
60 30 43 402
60 31 23 56
61 32 19 209
61 97 37 269
61 65 25 162
61 67 55 8
61 9 22 266
61 42 9 100
61 43 29 342
61 44 43 238
61 17 31 363
61 85 3 351
61 59 49 46
61 61 1 266
62 4 28 79
62 69 4 42
62 41 43 99
62 77 11 118
62 110 31 118
62 78 17 396
62 16 19 206
62 79 21 91
62 52 13 440
62 119 40 118
62 25 23 24
62 57 1 213
63 98 5 35
63 37 49 178
63 106 34 5
63 108 13 92
63 14 1 94
63 15 7 222
63 47 29 62
63 17 55 434
63 79 11 287
63 51 19 279
63 56 46 38
63 59 37 88
64 96 3 431
64 3 19 390
64 4 25 159
64 101 7 328
64 39 5 323
64 40 28 255
64 11 37 436
64 80 31 181
64 82 13 253
64 83 58 60
64 119 43 118
64 31 1 176
65 33 11 25
65 100 19 322
65 58 31 211
65 6 1 296
65 109 16 418
65 13 43 133
65 50 46 27
65 19 25 292
65 54 29 257
65 55 9 287
65 90 37 299
65 27 5 180
66 2 13 428
66 66 23 47
66 101 43 445
66 73 7 134
66 105 3 228
66 75 28 246
66 59 19 248
66 77 11 36
66 56 16 199
66 24 31 165
66 27 1 100
66 30 25 144
67 32 31 209
67 37 37 187
67 103 25 235
67 104 9 150
67 107 13 9
67 78 5 93
67 48 21 201
67 114 7 280
67 52 43 176
67 87 49 230
67 28 55 108
67 30 28 144
68 65 19 7
68 33 23 14
68 4 10 409
68 104 29 88
68 9 7 120
68 106 16 270
68 48 47 2
68 112 13 202
68 19 1 15
68 58 43 268
68 92 5 172
68 63 25 163
69 13 37 51
69 46 49 369
69 18 13 276
69 117 31 86
69 86 19 244
69 120 55 54
69 25 17 102
69 59 43 46
69 60 1 47
69 29 7 373
69 24 27 375
69 63 10 104
70 64 28 200
70 100 43 296
70 39 35 114
70 8 13 66
70 105 7 163
70 103 37 118
70 16 3 169
70 86 31 121
70 24 9 375
70 90 49 168
70 28 19 143
70 94 55 142
71 35 55 259
71 101 31 20
71 77 17 159
71 111 19 81
71 16 5 422
71 82 1 366
71 51 11 5
71 20 13 350
71 21 35 348
71 87 43 235
71 89 7 305
71 25 9 117
72 33 35 141
72 34 28 288
72 3 37 45
72 6 13 442
72 74 19 124
72 43 5 342
72 44 7 301
72 47 22 140
72 18 31 93
72 88 17 312
72 26 43 106
72 30 1 402
73 64 9 87
73 35 19 429
73 37 37 37
73 71 7 338
73 11 13 105
73 13 22 188
73 112 5 29
73 87 27 34
73 23 11 226
73 24 49 435
73 89 31 164
73 58 1 407
74 70 7 179
74 72 17 73
74 40 43 38
74 14 13 309
74 47 25 127
74 48 31 328
74 113 5 273
74 18 38 114
74 50 27 442
74 86 19 126
74 27 10 180
74 28 1 75
75 36 43 87
75 101 10 328
75 72 7 131
75 43 22 167
75 112 13 3
75 81 17 135
75 17 1 114
75 117 49 103
75 56 55 43
75 57 31 213
75 28 37 108
75 95 19 407
76 96 15 300
76 3 7 212
76 36 25 291
76 69 55 35
76 104 22 417
76 105 5 228
76 75 43 143
76 13 46 133
76 15 37 172
76 114 3 89
76 25 11 102
76 30 19 243
77 96 5 238
77 99 13 270
77 68 37 79
77 4 43 79
77 102 31 239
77 73 55 134
77 75 28 143
77 44 49 255
77 82 7 366
77 84 16 104
77 90 19 119
77 29 1 55
78 2 7 428
78 36 31 3
78 90 43 55
78 8 49 148
78 43 10 290
78 48 17 162
78 81 22 109
78 84 25 442
78 55 1 314
78 87 3 447
78 26 37 236
78 59 13 446
79 89 17 400
79 100 31 43
79 5 7 297
79 75 25 275
79 76 43 44
79 107 9 398
79 78 47 222
79 79 5 307
79 49 13 437
79 53 37 399
79 117 49 174
79 57 1 254
80 64 41 161
80 33 5 446
80 67 16 391
80 37 31 178
80 70 7 81
80 111 21 193
80 83 25 77
80 116 37 84
80 51 19 192
80 118 13 417
80 25 1 32
80 58 43 86
81 5 29 111
81 70 3 113
81 8 10 326
81 74 7 167
81 106 37 437
81 44 25 59
81 50 40 124
81 18 13 49
81 20 19 380
81 91 43 381
81 61 1 278
81 94 31 64
82 5 13 237
82 74 15 288
82 110 43 380
82 113 3 19
82 114 1 1
82 18 25 113
82 53 31 8
82 54 19 107
82 21 29 179
82 88 7 411
82 22 21 217
82 62 9 107
83 37 7 273
83 105 29 163
83 107 43 240
83 108 13 225
83 13 4 13
83 60 31 110
83 15 25 172
83 17 19 90
83 118 11 168
83 23 16 150
83 92 1 189
83 94 37 400
84 99 19 270
84 68 31 79
84 5 5 162
84 70 10 179
84 103 22 27
84 74 25 232
84 11 55 132
84 75 7 388
84 113 17 207
84 19 13 13
84 54 3 196
84 92 1 172
85 39 7 35
85 9 37 311
85 10 19 4
85 76 31 208
85 14 55 309
85 111 43 341
85 80 9 172
85 17 25 409
85 84 13 283
85 56 1 38
85 25 15 46
85 94 49 444
86 69 13 42
86 37 25 353
86 12 16 60
86 76 43 33
86 48 11 2
86 52 49 16
86 25 22 247
86 22 4 450
86 87 7 151
86 120 19 296
86 57 31 95
86 30 1 145
87 5 5 157
87 42 11 312
87 110 21 55
87 79 19 166
87 111 55 83
87 50 16 63
87 20 31 350
87 21 35 64
87 52 37 176
87 85 1 132
87 119 46 397
87 94 7 108
88 70 25 401
88 71 46 1
88 107 13 90
88 44 7 449
88 111 37 25
88 80 19 365
88 49 1 208
88 114 5 274
88 113 31 399
88 53 33 392
88 56 28 321
88 62 43 71
89 32 25 103
89 66 29 47
89 8 10 294
89 105 1 209
89 77 19 174
89 47 41 127
89 112 3 295
89 114 21 89
89 84 17 283
89 53 37 150
89 22 7 254
89 20 13 230
90 65 43 373
90 97 13 361
90 34 31 54
90 106 34 270
90 109 10 85
90 16 5 186
90 82 49 366
90 18 1 377
90 116 55 101
90 56 40 420
90 120 7 54
90 30 19 73
91 101 40 20
91 7 7 316
91 40 37 36
91 11 25 170
91 110 19 5
91 47 3 88
91 87 31 342
91 23 23 82
91 56 10 199
91 89 1 93
91 26 13 224
91 61 5 275
92 34 25 173
92 4 43 100
92 74 9 186
92 10 49 391
92 43 7 249
92 15 19 35
92 48 13 171
92 53 31 162
92 24 37 30
92 61 15 247
92 94 3 4
92 63 1 215
93 98 9 35
93 37 25 178
93 101 22 132
93 103 34 260
93 8 4 326
93 105 7 228
93 16 1 116
93 18 13 293
93 55 17 245
93 56 19 113
93 57 31 341
93 27 11 152
94 98 7 190
94 6 25 171
94 70 13 45
94 72 11 61
94 44 1 449
94 77 31 139
94 79 9 91
94 47 23 127
94 115 5 153
94 117 33 404
94 88 29 57
94 26 19 275
95 69 31 35
95 9 22 156
95 120 19 229
95 46 13 369
95 47 5 159
95 49 25 116
95 114 29 114
95 20 37 212
95 24 43 196
95 57 49 188
95 59 7 19
95 92 11 22
96 66 4 308
96 98 35 304
96 71 9 1
96 41 1 166
96 109 25 85
96 112 7 367
96 49 31 308
96 113 11 355
96 119 43 448
96 57 13 401
96 26 19 106
96 94 49 108
97 67 43 429
97 68 37 179
97 39 7 220
97 12 19 85
97 76 31 310
97 15 1 205
97 114 5 1
97 85 25 41
97 23 13 22
97 27 23 258
97 62 16 240
97 31 11 94
98 65 37 75
98 99 19 320
98 10 31 388
98 107 13 396
98 13 9 13
98 14 55 47
98 78 7 2
98 16 17 134
98 84 3 150
98 85 25 351
98 23 1 150
98 29 5 304
99 33 17 61
99 2 25 428
99 98 23 190
99 36 55 3
99 7 10 437
99 10 37 128
99 108 7 407
99 110 19 418
99 80 1 365
99 117 13 444
99 85 31 91
99 88 5 419
100 98 47 35
100 37 55 187
100 5 11 111
100 70 4 260
100 105 7 89
100 108 13 385
100 77 33 62
100 46 43 263
100 49 37 116
100 120 1 127
100 24 25 208
100 95 19 255
101 32 13 370
101 3 31 148
101 58 37 227
101 8 55 186
101 16 17 206
101 114 21 297
101 115 19 264
101 84 11 277
101 117 7 444
101 53 27 399
101 57 1 95
101 90 49 299
102 68 13 410
102 39 5 70
102 103 10 365
102 71 29 4
102 8 34 66
102 77 23 159
102 111 19 426
102 80 25 181
102 82 43 166
102 57 7 337
102 93 1 284
102 94 49 161
103 32 7 103
103 68 19 358
103 5 29 107
103 37 25 111
103 101 10 391
103 40 13 292
103 44 55 301
103 78 23 93
103 86 16 121
103 56 1 199
103 89 5 305
103 60 49 38
104 4 7 144
104 41 3 218
104 107 43 147
104 75 49 76
104 45 31 194
104 110 55 418
104 49 25 46
104 118 21 74
104 22 13 125
104 89 1 272
104 94 37 64
104 63 16 115
105 64 31 161
105 34 7 77
105 58 25 138
105 6 49 207
105 9 55 156
105 10 37 291
105 44 45 417
105 52 3 176
105 23 1 356
105 90 13 354
105 61 23 177
105 94 19 64
106 100 13 210
106 70 46 110
106 75 19 316
106 107 7 90
106 15 37 375
106 80 27 67
106 111 31 116
106 16 17 186
106 19 1 120
106 57 22 341
106 25 11 117
106 63 25 115
107 37 43 28
107 59 19 88
107 106 49 297
107 43 3 249
107 91 7 245
107 29 11 390
107 23 5 22
107 117 25 191
107 55 13 331
107 88 17 57
107 27 1 180
107 61 23 141
108 70 7 113
108 71 11 338
108 102 25 239
108 45 4 310
108 46 19 369
108 80 31 189
108 114 23 89
108 119 37 397
108 120 40 54
108 89 17 421
108 93 13 284
108 30 43 307
109 99 34 27
109 101 25 20
109 103 49 322
109 71 31 269
109 72 7 177
109 106 37 270
109 74 43 124
109 9 22 126
109 14 1 309
109 115 19 220
109 55 9 65
109 27 13 100
110 64 11 95
110 40 7 224
110 9 37 151
110 109 25 276
110 77 3 36
110 48 13 201
110 116 19 324
110 20 49 329
110 55 15 282
110 56 40 38
110 89 1 399
110 92 5 379
111 33 13 274
111 2 31 241
111 98 11 35
111 37 19 37
111 38 34 146
111 39 17 114
111 104 9 238
111 103 3 235
111 45 1 194
111 115 7 62
111 116 25 5
111 30 40 144
112 68 25 358
112 38 13 83
112 105 5 415
112 44 43 416
112 12 31 112
112 109 16 113
112 20 7 329
112 85 49 260
112 120 34 389
112 25 11 24
112 91 19 245
112 60 1 17
113 96 23 272
113 97 13 19
113 3 31 390
113 100 55 122
113 7 1 433
113 80 19 67
113 81 7 43
113 21 11 436
113 23 5 246
113 56 28 43
113 27 9 289
113 61 17 278
114 76 13 108
114 16 11 44
114 48 19 171
114 114 5 171
114 61 1 218
114 20 26 329
114 117 21 306
114 87 31 69
114 89 9 297
114 91 37 120
114 29 7 55
114 63 41 115
115 64 13 412
115 70 43 45
115 109 34 113
115 78 7 93
115 13 4 298
115 14 25 422
115 47 9 127
115 114 17 1
115 50 1 332
115 52 49 440
115 93 21 239
115 94 37 82
116 65 31 384
116 3 37 183
116 26 19 224
116 8 15 349
116 105 23 228
116 14 7 16
116 47 4 405
116 78 11 151
116 55 13 314
116 90 43 173
116 92 25 236
116 30 28 37
117 2 28 210
117 67 43 174
117 99 25 257
117 102 31 222
117 8 49 386
117 43 5 167
117 78 9 2
117 111 13 116
117 82 1 257
117 52 37 288
117 53 19 356
117 31 35 30
118 98 3 147
118 66 17 26
118 35 25 429
118 5 1 58
118 44 13 317
118 78 11 93
118 18 55 49
118 52 7 3
118 21 5 179
118 87 31 151
118 88 22 386
118 62 19 71
119 4 16 18
119 70 43 332
119 6 37 281
119 107 31 347
119 13 46 303
119 80 8 332
119 81 3 220
119 18 27 377
119 115 13 62
119 54 5 395
119 55 1 287
119 58 19 16
120 65 19 51
120 69 16 42
120 44 31 235
120 111 49 116
120 113 11 225
120 114 41 1
120 52 7 208
120 117 25 441
120 86 13 178
120 120 1 85
120 90 37 354
120 93 43 393
121 96 29 23
121 97 21 18
121 98 31 191
121 101 15 445
121 43 5 205
121 45 11 313
121 113 13 43
121 24 7 165
121 89 25 93
121 58 1 7
121 30 37 243
121 31 43 30
122 6 31 133
122 103 37 171
122 41 27 10
122 42 11 54
122 75 7 246
122 43 25 55
122 77 5 136
122 44 19 317
122 84 23 138
122 85 43 163
122 57 1 192
122 28 13 75
123 96 17 23
123 99 31 21
123 58 3 211
123 71 58 1
123 76 13 44
123 14 25 342
123 112 47 29
123 49 19 118
123 83 40 5
123 88 11 230
123 26 7 362
123 27 1 152
124 96 7 302
124 68 25 416
124 76 49 206
124 44 31 449
124 111 9 426
124 47 37 62
124 18 13 377
124 83 40 77
124 115 17 185
124 117 19 404
124 92 5 236
124 30 1 59
125 2 37 104
125 3 31 183
125 26 13 372
125 100 43 322
125 9 49 257
125 76 25 309
125 14 9 309
125 48 19 288
125 50 1 27
125 22 4 33
125 23 7 86
125 58 21 211
126 97 15 269
126 33 4 72
126 98 29 140
126 4 40 446
126 38 37 418
126 74 1 167
126 77 10 399
126 46 19 263
126 111 25 131
126 81 13 109
126 27 7 152
126 28 31 75
127 3 13 183
127 5 22 184
127 102 25 61
127 42 17 6
127 52 43 288
127 94 31 135
127 118 19 335
127 30 10 341
127 89 29 196
127 29 7 390
127 62 1 112
127 31 4 311
128 32 34 1
128 3 7 225
128 4 19 69
128 103 31 171
128 73 13 233
128 109 22 364
128 47 11 254
128 113 29 19
128 18 3 241
128 53 25 133
128 55 1 282
128 61 41 160
129 3 31 391
129 68 43 57
129 8 16 294
129 41 37 6
129 104 29 29
129 11 7 105
129 77 11 68
129 20 19 329
129 22 13 254
129 87 25 69
129 91 3 49
129 63 1 131
130 103 55 27
130 72 5 177
130 40 19 237
130 12 10 60
130 110 43 91
130 16 7 186
130 17 25 434
130 51 13 247
130 119 40 397
130 87 32 412
130 25 23 128
130 29 15 219
131 4 19 406
131 102 43 424
131 103 22 69
131 74 25 445
131 11 49 170
131 12 34 60
131 76 13 271
131 15 3 10
131 117 37 141
131 57 31 394
131 60 7 17
131 29 1 219
132 96 15 23
132 70 43 81
132 40 55 224
132 9 10 46
132 12 19 342
132 14 37 370
132 80 49 447
132 50 46 124
132 53 1 197
132 86 22 244
132 54 13 196
132 31 25 406
133 69 34 443
133 70 40 81
133 6 49 442
133 43 11 31
133 79 19 111
133 16 13 186
133 48 7 426
133 83 25 395
133 21 15 101
133 118 5 417
133 60 1 110
133 29 37 373
134 2 37 276
134 99 4 123
134 35 7 429
134 101 16 299
134 102 25 268
134 38 10 146
134 74 34 288
134 48 19 98
134 21 23 20
134 22 55 125
134 56 13 406
134 61 1 87
135 65 43 75
135 35 37 381
135 4 7 406
135 76 31 108
135 45 22 9
135 44 25 293
135 80 55 447
135 83 15 357
135 54 3 175
135 55 10 331
135 27 1 354
135 31 5 120
136 103 13 322
136 7 31 166
136 104 23 58
136 110 43 5
136 19 1 401
136 116 19 28
136 86 16 126
136 55 29 245
136 26 25 372
136 60 49 310
136 29 5 39
136 30 7 387
137 66 7 285
137 2 31 428
137 59 25 62
137 107 37 9
137 78 9 93
137 54 3 392
137 55 1 418
137 120 13 98
137 26 43 280
137 88 5 256
137 29 11 127
137 30 19 145
138 35 13 259
138 67 7 340
138 103 10 235
138 41 37 365
138 12 31 60
138 110 43 423
138 112 23 53
138 50 34 34
138 19 19 53
138 53 1 276
138 23 16 356
138 24 25 196
139 96 11 302
139 3 19 391
139 38 25 430
139 9 16 120
139 108 13 59
139 49 7 324
139 83 37 60
139 116 43 29
139 24 31 25
139 26 49 224
139 27 1 258
139 92 3 379
140 96 25 262
140 40 7 36
140 12 40 60
140 76 20 433
140 78 17 303
140 51 13 197
140 19 49 13
140 21 1 165
140 115 5 101
140 55 27 99
140 57 10 213
140 94 43 108
141 2 13 149
141 3 25 376
141 68 31 416
141 72 5 383
141 74 16 323
141 47 19 65
141 48 11 271
141 113 21 273
141 25 23 32
141 90 7 119
141 59 1 339
141 60 43 283
142 2 13 81
142 71 19 1
142 103 4 322
142 9 16 20
142 7 43 343
142 43 33 289
142 45 1 313
142 112 21 295
142 83 28 357
142 115 11 101
142 52 7 176
142 23 23 154
143 96 10 77
143 3 21 376
143 67 25 174
143 101 55 20
143 70 16 322
143 38 34 272
143 74 13 63
143 43 19 205
143 75 28 76
143 109 7 85
143 20 3 359
143 23 1 326
144 32 43 1
144 33 5 251
144 69 34 301
144 43 16 428
144 112 13 67
144 80 37 67
144 55 11 282
144 57 46 213
144 59 7 195
144 92 1 274
144 61 3 232
144 31 29 30
145 99 28 444
145 103 22 260
145 40 25 102
145 105 4 96
145 71 1 338
145 107 43 266
145 110 13 5
145 79 11 307
145 20 55 405
145 85 7 14
145 117 31 192
145 61 17 87
146 66 11 128
146 40 19 102
146 9 31 277
146 73 25 251
146 8 22 257
146 108 43 385
146 45 7 380
146 16 5 169
146 52 13 204
146 24 1 301
146 28 37 304
146 31 17 182
147 71 7 349
147 44 55 302
147 12 22 117
147 16 29 208
147 113 4 43
147 83 15 77
147 119 37 220
147 56 1 420
147 89 13 297
147 57 9 394
147 30 19 387
147 95 25 202
148 33 21 251
148 98 23 48
148 100 25 447
148 70 37 98
148 73 13 392
148 75 1 115
148 77 17 62
148 109 31 113
148 61 41 141
148 118 19 268
148 91 9 359
148 29 4 219
149 99 49 44
149 70 4 45
149 72 7 184
149 73 25 7
149 74 1 288
149 75 33 316
149 43 31 265
149 49 13 53
149 52 43 440
149 56 10 38
149 60 19 133
149 62 37 426
150 89 13 48
150 65 7 51
150 38 15 146
150 41 39 99
150 43 23 265
150 76 55 412
150 18 19 393
150 19 31 109
150 51 37 192
150 83 3 60
150 23 35 347
150 57 25 410
151 64 37 87
151 37 13 244
151 74 28 63
151 44 7 59
151 109 25 279
151 47 11 62
151 48 19 201
151 115 1 264
151 52 39 204
151 55 21 331
151 28 3 67
151 93 49 265
152 97 19 414
152 100 25 249
152 103 34 365
152 104 11 182
152 9 37 126
152 71 23 1
152 8 13 326
152 12 31 85
152 18 49 49
152 87 7 230
152 23 17 22
152 92 1 428
153 97 43 40
153 5 16 297
153 9 31 285
153 106 4 437
153 107 37 398
153 77 13 139
153 15 25 205
153 111 19 83
153 20 7 158
153 24 55 31
153 25 1 117
153 61 11 247
154 97 1 414
154 3 25 45
154 36 43 183
154 37 19 353
154 70 16 153
154 7 13 169
154 10 31 374
154 47 35 127
154 49 37 255
154 85 49 218
154 54 5 40
154 28 7 203
155 34 40 57
155 67 37 314
155 100 13 249
155 28 25 203
155 113 5 19
155 51 17 5
155 117 55 58
155 88 7 57
155 58 1 156
155 60 33 128
155 93 19 38
155 31 10 120
156 33 17 446
156 38 31 430
156 104 1 238
156 105 47 4
156 42 7 360
156 12 25 60
156 76 55 208
156 46 19 325
156 15 43 374
156 82 13 110
156 25 4 325
156 58 9 260
157 34 28 427
157 35 31 442
157 6 7 282
157 104 39 29
157 10 13 388
157 13 25 192
157 109 3 279
157 79 11 50
157 80 43 63
157 49 19 285
157 17 49 363
157 45 1 310
158 89 4 242
158 65 49 75
158 34 34 173
158 99 37 44
158 40 40 237
158 12 55 293
158 17 7 363
158 84 11 149
158 116 43 324
158 57 16 341
158 94 19 142
158 95 1 277
159 67 16 340
159 103 49 118
159 72 9 131
159 9 4 293
159 11 37 12
159 77 23 299
159 46 25 369
159 111 31 81
159 118 13 359
159 87 19 151
159 24 43 31
159 30 1 73
160 39 35 182
160 10 19 381
160 12 37 250
160 77 1 139
160 111 49 81
160 112 15 3
160 49 25 285
160 18 31 334
160 84 13 138
160 23 11 154
160 119 4 118
160 62 7 84
161 4 37 159
161 102 13 27
161 39 29 323
161 72 11 184
161 42 19 6
161 79 35 215
161 81 9 319
161 82 31 156
161 51 7 137
161 85 25 28
161 56 1 311
161 60 49 17
162 37 7 37
162 5 5 382
162 73 25 190
162 75 37 115
162 11 19 432
162 111 31 229
162 113 23 19
162 18 13 334
162 52 49 208
162 26 1 136
162 92 11 236
162 30 40 402
163 98 47 30
163 68 31 358
163 6 55 234
163 7 1 240
163 9 10 266
163 11 25 231
163 60 19 310
163 15 13 167
163 111 49 186
163 83 37 77
163 119 7 44
163 28 43 289
164 96 31 427
164 64 17 412
164 8 28 326
164 106 21 139
164 47 1 405
164 16 11 169
164 20 13 175
164 118 33 168
164 119 25 220
164 24 7 31
164 27 19 157
164 62 3 426
165 64 5 200
165 71 1 8
165 103 16 69
165 42 28 100
165 18 7 393
165 50 49 27
165 52 19 121
165 55 23 331
165 25 3 102
165 29 25 39
165 62 13 272
165 95 34 269
166 96 29 77
166 66 11 196
166 69 13 35
166 72 5 131
166 43 17 31
166 76 43 309
166 77 22 62
166 11 7 432
166 20 25 207
166 56 19 420
166 59 31 88
166 28 1 203
167 35 7 191
167 40 28 328
167 107 37 266
167 77 25 189
167 13 10 296
167 47 4 91
167 14 55 377
167 78 15 151
167 50 1 34
167 15 31 205
167 88 13 256
167 60 19 246
168 97 31 44
168 2 40 276
168 38 25 146
168 109 28 428
168 77 23 118
168 81 15 202
168 17 43 409
168 83 37 5
168 116 9 73
168 57 19 401
168 27 1 370
168 61 17 218
169 26 37 35
169 103 43 412
169 104 16 129
169 9 19 446
169 107 25 90
169 12 1 342
169 13 22 296
169 60 55 17
169 22 4 125
169 90 7 126
169 31 33 143
169 95 13 155
170 68 43 413
170 90 25 119
170 5 5 3
170 27 17 180
170 41 52 48
170 91 31 245
170 11 19 12
170 44 37 317
170 45 10 310
170 26 1 106
170 59 13 339
170 62 7 71
171 101 1 445
171 38 4 83
171 105 23 415
171 75 43 76
171 82 13 266
171 20 31 359
171 53 25 48
171 24 19 165
171 90 49 379
171 59 37 195
171 61 55 4
171 95 7 255
172 96 9 98
172 97 19 337
172 71 55 1
172 9 46 257
172 74 34 63
172 10 37 85
172 77 3 399
172 46 49 325
172 84 1 14
172 52 25 176
172 93 57 13
172 31 5 30
173 38 10 83
173 39 3 35
173 8 37 324
173 73 13 190
173 109 25 421
173 13 43 4
173 16 5 44
173 113 17 338
173 49 19 408
173 119 28 141
173 88 1 312
173 120 7 68
174 96 7 96
174 65 25 177
174 34 37 131
174 73 19 392
174 76 31 309
174 109 40 311
174 45 9 9
174 49 55 46
174 18 43 49
174 20 1 350
174 85 49 41
174 57 13 415
175 65 27 406
175 66 5 73
175 26 13 136
175 7 21 166
175 80 49 172
175 113 25 139
175 20 7 175
175 85 31 429
175 52 55 144
175 55 11 53
175 57 1 188
175 90 37 379
176 34 31 33
176 35 37 191
176 37 25 187
176 6 13 207
176 71 1 160
176 109 22 113
176 48 10 288
176 50 55 168
176 83 7 60
176 114 17 335
176 118 29 168
176 119 4 250
177 64 21 87
177 39 25 273
177 72 7 73
177 73 43 367
177 13 13 226
177 113 16 273
177 49 9 285
177 84 27 104
177 21 1 20
177 25 19 24
177 91 3 204
177 94 49 64
178 65 31 329
178 98 11 30
178 37 25 310
178 72 9 215
178 10 49 4
178 45 13 194
178 79 7 111
178 16 3 122
178 114 1 65
178 51 16 188
178 18 37 49
178 22 19 450
179 66 25 435
179 98 17 147
179 73 27 134
179 42 4 6
179 107 31 147
179 41 19 214
179 77 22 68
179 14 13 82
179 48 11 209
179 53 7 162
179 54 1 31
179 119 46 141
180 100 25 30
180 101 46 94
180 39 13 445
180 8 31 66
180 10 9 374
180 75 19 388
180 48 34 40
180 50 16 124
180 55 7 287
180 25 29 380
180 94 1 400
180 63 22 185
181 64 16 95
181 33 19 61
181 2 40 308
181 98 29 46
181 7 13 166
181 39 11 114
181 75 4 115
181 114 1 297
181 52 25 204
181 86 37 430
181 24 31 31
181 26 7 236
182 66 9 26
182 4 19 79
182 36 13 135
182 9 37 156
182 45 11 187
182 79 17 215
182 17 49 9
182 116 31 76
182 87 3 230
182 56 28 311
182 89 1 280
182 25 7 24
183 2 55 210
183 103 13 153
183 9 40 277
183 106 7 30
183 76 31 206
183 44 1 317
183 49 43 53
183 18 49 293
183 83 58 251
183 57 10 188
183 58 25 227
183 31 53 119
184 67 19 8
184 4 1 409
184 101 37 138
184 38 25 40
184 11 44 12
184 110 7 423
184 17 49 356
184 50 28 27
184 117 31 123
184 22 4 143
184 23 23 22
184 95 15 280
185 97 25 4
185 102 43 216
185 8 10 257
185 45 19 194
185 78 23 222
185 48 21 288
185 93 1 12
185 22 7 141
185 119 16 250
185 24 37 433
185 61 5 448
185 30 13 341
186 34 28 365
186 5 13 438
186 72 59 131
186 15 15 235
186 19 55 391
186 21 11 20
186 85 7 29
186 54 23 392
186 24 31 413
186 25 4 32
186 56 25 199
186 30 1 387
187 96 7 335
187 99 13 21
187 38 16 430
187 71 9 233
187 75 43 275
187 76 49 271
187 80 19 181
187 82 31 45
187 116 37 109
187 84 1 283
187 118 4 225
187 95 28 97
188 97 25 269
188 98 19 140
188 66 5 47
188 100 49 347
188 69 22 443
188 38 7 430
188 6 31 207
188 104 17 417
188 11 44 432
188 109 1 33
188 50 10 124
188 85 13 267
189 2 25 241
189 5 13 107
189 102 31 216
189 39 7 168
189 105 23 4
189 13 19 188
189 46 1 222
189 18 49 393
189 20 37 405
189 55 15 287
189 88 17 78
189 93 55 18
190 99 4 21
190 101 43 94
190 74 7 323
190 43 41 210
190 45 16 36
190 112 10 67
190 50 19 307
190 83 1 77
190 22 13 33
190 119 28 220
190 88 22 57
190 24 37 165
191 97 13 102
191 2 43 149
191 5 23 157
191 103 37 153
191 41 40 218
191 74 19 112
191 105 1 415
191 11 3 290
191 46 49 237
191 82 25 211
191 60 31 246
191 94 8 63
192 99 19 21
192 71 53 1
192 44 49 449
192 109 10 428
192 116 25 84
192 117 37 264
192 54 15 395
192 53 3 336
192 92 17 379
192 93 31 284
192 95 7 97
192 31 1 146
193 32 7 154
193 7 46 343
193 15 27 167
193 16 40 122
193 80 31 172
193 116 55 5
193 85 19 351
193 118 13 342
193 84 17 138
193 56 37 38
193 89 35 48
193 59 1 373
194 39 10 70
194 8 22 294
194 71 13 158
194 11 49 12
194 48 7 172
194 113 3 273
194 114 25 297
194 112 1 92
194 83 19 223
194 53 31 197
194 54 5 257
194 92 16 189
195 65 55 7
195 98 1 35
195 67 25 8
195 69 28 123
195 38 34 430
195 101 31 94
195 111 13 362
195 83 7 5
195 88 5 68
195 59 19 2
195 61 11 87
195 30 49 29
196 97 19 361
196 35 37 259
196 69 25 443
196 37 1 37
196 71 11 233
196 73 43 383
196 74 49 181
196 43 17 55
196 9 13 17
196 114 55 416
196 21 23 45
196 59 7 248
197 38 25 225
197 102 37 27
197 70 4 81
197 9 31 210
197 10 19 374
197 75 7 76
197 11 50 105
197 43 17 167
197 79 15 137
197 48 1 271
197 115 28 101
197 25 13 300
198 32 4 209
198 101 43 299
198 102 31 434
198 38 37 90
198 73 25 383
198 11 13 231
198 109 46 418
198 112 7 161
198 80 19 172
198 51 11 137
198 27 1 157
198 63 23 115
199 2 10 241
199 4 25 426
199 69 28 359
199 38 52 40
199 73 19 34
199 10 33 80
199 108 7 311
199 112 5 92
199 17 37 356
199 53 1 212
199 88 17 256
199 60 13 38
200 97 37 102
200 98 5 46
200 38 52 90
200 103 9 322
200 78 17 174
200 47 7 88
200 113 23 338
200 49 13 208
200 86 1 419
200 23 19 129
200 57 28 273
200 27 33 180
201 68 43 410
201 38 7 146
201 74 52 63
201 81 15 319
201 20 25 175
201 117 31 441
201 21 17 197
201 62 1 84
201 120 4 127
201 93 19 175
201 30 37 307
201 95 10 97
202 97 37 18
202 66 9 209
202 99 34 257
202 41 1 6
202 74 22 186
202 75 13 115
202 44 55 449
202 45 11 9
202 47 27 65
202 30 31 27
202 23 25 74
202 94 49 82
203 34 19 210
203 68 37 358
203 58 25 411
203 104 31 129
203 41 33 6
203 10 7 80
203 12 55 117
203 113 11 19
203 20 13 212
203 23 17 82
203 90 1 179
203 92 22 379
204 64 21 347
204 2 37 149
204 4 40 69
204 105 23 125
204 12 1 321
204 79 16 91
204 51 31 4
204 118 19 225
204 119 13 220
204 26 25 73
204 92 10 189
204 95 4 253
205 64 13 200
205 69 31 217
205 37 43 37
205 12 19 293
205 113 11 43
205 52 55 12
205 53 3 356
205 22 16 33
205 23 1 22
205 24 7 160
205 30 49 74
205 31 22 146
206 65 7 259
206 100 13 122
206 6 37 56
206 103 28 322
206 39 5 433
206 48 35 271
206 113 23 209
206 82 19 375
206 114 11 65
206 18 31 59
206 81 17 220
206 93 1 5
207 35 13 191
207 6 31 275
207 41 25 87
207 9 7 46
207 75 16 143
207 13 28 55
207 78 21 415
207 16 3 422
207 112 5 367
207 84 11 442
207 20 37 158
207 88 1 256
208 99 37 257
208 3 55 74
208 69 19 199
208 42 22 226
208 43 17 388
208 107 13 147
208 14 25 94
208 79 5 110
208 83 31 357
208 52 7 408
208 59 1 248
208 61 11 4
209 68 7 358
209 5 17 329
209 101 37 132
209 103 34 171
209 74 13 394
209 44 25 302
209 15 43 123
209 20 49 158
209 52 19 440
209 118 11 163
209 88 1 21
209 31 29 94
210 4 43 426
210 101 52 94
210 38 28 418
210 100 31 122
210 40 25 38
210 41 49 48
210 107 55 206
210 49 3 285
210 88 1 78
210 58 13 411
210 60 7 110
210 93 37 265
211 32 13 232
211 66 7 26
211 38 4 272
211 70 37 322
211 8 19 386
211 14 25 47
211 114 29 1
211 50 52 31
211 85 31 132
211 86 9 216
211 89 16 242
211 95 1 253
212 104 23 88
212 42 11 418
212 75 46 76
212 108 19 92
212 60 37 233
212 111 25 81
212 51 1 98
212 85 7 267
212 87 3 349
212 28 55 67
212 61 17 232
212 63 29 430
213 98 3 190
213 6 13 133
213 9 52 311
213 74 7 136
213 110 31 418
213 111 43 155
213 18 19 93
213 19 55 401
213 115 1 151
213 83 10 395
213 87 37 447
213 25 27 300
214 8 16 257
214 106 33 325
214 47 19 55
214 113 3 338
214 19 21 13
214 52 43 144
214 118 31 163
214 23 9 82
214 89 7 200
214 93 25 18
214 62 13 57
214 31 1 30
215 33 5 25
215 67 37 268
215 36 13 387
215 37 31 185
215 7 9 166
215 103 40 171
215 79 3 215
215 48 23 271
215 19 25 13
215 51 1 436
215 26 19 362
215 60 49 47
216 34 16 54
216 99 37 21
216 70 31 96
216 71 29 233
216 83 40 251
216 19 7 53
216 55 19 287
216 120 13 389
216 57 22 394
216 91 1 56
216 93 25 44
216 95 34 253
217 64 1 359
217 99 25 21
217 5 15 107
217 27 7 258
217 75 10 115
217 108 46 407
217 13 55 192
217 81 5 109
217 86 37 57
217 118 3 268
217 91 49 56
217 29 17 219
218 67 25 135
218 36 13 306
218 71 28 8
218 104 23 29
218 41 19 400
218 42 1 133
218 15 55 10
218 83 4 77
218 20 37 207
218 90 7 173
218 60 31 352
218 31 11 176
219 32 7 253
219 98 5 84
219 100 13 255
219 72 11 305
219 12 31 321
219 45 21 36
219 48 29 171
219 82 25 366
219 114 17 89
219 54 19 257
219 23 1 86
219 30 43 387
220 64 27 161
220 3 3 376
220 101 49 94
220 6 31 296
220 38 16 83
220 109 7 364
220 78 11 222
220 119 21 250
220 88 25 359
220 120 13 54
220 61 1 177
220 31 19 146
221 34 19 54
221 5 22 348
221 37 13 310
221 106 31 5
221 14 7 170
221 110 49 423
221 48 53 2
221 21 5 58
221 58 1 16
221 91 55 204
221 94 25 400
221 63 17 131
222 64 1 412
222 4 37 144
222 101 34 20
222 77 7 174
222 78 11 303
222 80 3 217
222 17 13 363
222 22 19 333
222 57 28 95
222 26 49 136
222 60 55 128
222 61 9 106
223 96 11 96
223 2 46 291
223 100 37 43
223 39 19 182
223 109 49 85
223 16 17 122
223 82 7 396
223 20 31 380
223 84 22 149
223 88 13 386
223 25 3 153
223 31 1 143
224 97 43 19
224 98 21 22
224 100 49 294
224 6 31 56
224 40 37 237
224 10 25 425
224 47 7 257
224 113 9 380
224 117 1 141
224 54 5 151
224 23 17 350
224 63 13 374
225 2 25 311
225 69 7 443
225 6 43 121
225 8 13 324
225 9 10 337
225 12 19 117
225 112 37 53
225 51 28 404
225 84 5 389
225 56 16 406
225 27 22 352
225 62 1 71
226 67 13 268
226 100 7 250
226 36 55 306
226 6 25 282
226 109 43 428
226 46 19 313
226 47 31 62
226 51 3 247
226 115 35 210
226 87 37 230
226 88 11 78
226 92 1 379
227 34 13 121
227 67 37 8
227 72 35 61
227 106 40 270
227 11 31 231
227 20 55 175
227 88 5 330
227 25 1 153
227 90 49 55
227 91 19 49
227 61 3 160
227 24 7 196
228 89 40 272
228 34 49 200
228 105 7 209
228 43 15 31
228 108 34 23
228 114 13 280
228 20 9 268
228 52 3 144
228 22 52 33
228 57 19 341
228 92 17 422
228 95 22 97
229 34 9 197
229 3 49 390
229 37 31 186
229 72 7 143
229 75 21 135
229 44 3 416
229 108 28 280
229 111 13 193
229 88 1 68
229 89 19 297
229 31 17 176
229 95 25 408
230 65 13 329
230 4 46 69
230 7 34 166
230 10 25 391
230 44 7 12
230 13 55 133
230 45 1 9
230 111 37 83
230 17 19 382
230 115 3 151
230 23 5 350
230 89 23 164
231 3 7 183
231 35 4 434
231 9 37 46
231 76 43 399
231 109 16 279
231 110 31 423
231 116 55 73
231 87 49 69
231 89 19 305
231 57 13 95
231 30 1 341
231 95 25 76
232 96 7 98
232 2 31 104
232 37 13 236
232 38 4 139
232 41 10 293
232 73 25 183
232 79 22 407
232 115 29 264
232 23 17 86
232 54 35 7
232 55 1 138
232 30 19 9
233 33 17 25
233 34 28 156
233 69 43 42
233 72 11 131
233 40 3 216
233 104 35 238
233 47 9 55
233 25 1 300
233 57 13 188
233 91 19 48
233 60 31 233
233 30 25 243
234 3 7 376
234 36 31 387
234 68 15 358
234 38 49 90
234 35 52 434
234 75 1 135
234 79 23 215
234 20 43 329
234 53 19 336
234 117 37 103
234 55 5 53
234 28 25 145
235 65 25 216
235 3 37 390
235 7 10 130
235 8 7 148
235 40 31 38
235 43 5 249
235 12 22 85
235 46 49 182
235 15 43 10
235 116 13 28
235 24 1 25
235 26 55 275
236 66 11 435
236 67 37 340
236 3 43 148
236 7 16 169
236 9 13 126
236 42 22 235
236 18 49 241
236 50 19 168
236 24 3 375
236 58 31 268
236 92 9 22
236 63 1 374
237 65 13 328
237 98 1 140
237 99 9 270
237 67 3 8
237 102 19 434
237 104 7 417
237 40 25 36
237 107 37 347
237 77 17 68
237 48 41 209
237 82 43 375
237 115 23 153
238 98 13 46
238 101 15 94
238 102 31 201
238 39 11 323
238 105 19 89
238 10 7 291
238 75 37 143
238 16 1 441
238 84 28 155
238 21 26 439
238 118 4 335
238 58 21 227
239 65 37 7
239 35 34 442
239 7 27 240
239 8 31 257
239 75 10 76
239 12 19 321
239 13 43 13
239 77 22 136
239 49 3 408
239 21 7 355
239 25 1 380
239 93 13 142
240 33 28 14
240 5 11 3
240 8 25 186
240 11 37 231
240 77 13 402
240 14 7 422
240 79 17 111
240 109 22 428
240 81 19 135
240 22 31 365
240 89 5 400
240 63 1 111
241 99 4 334
241 8 1 386
241 106 21 302
241 43 29 249
241 109 49 339
241 83 13 120
241 51 7 4
241 20 31 212
241 115 19 62
241 120 25 164
241 91 37 449
241 31 10 406
242 96 7 23
242 33 19 200
242 64 5 347
242 39 21 220
242 105 9 125
242 16 11 228
242 49 37 393
242 81 41 202
242 21 13 58
242 54 3 404
242 88 1 227
242 56 15 420
243 3 31 376
243 4 37 409
243 99 3 282
243 71 53 335
243 40 43 36
243 11 25 316
243 47 7 65
243 115 29 185
243 52 19 3
243 85 9 86
243 55 1 245
243 58 13 227
244 33 11 251
244 67 16 268
244 4 13 426
244 105 46 242
244 45 31 9
244 115 23 264
244 116 7 101
244 93 55 239
244 55 3 53
244 120 25 68
244 28 37 289
244 61 1 232
245 32 31 103
245 34 16 156
245 67 13 8
245 36 37 306
245 100 7 114
245 4 43 406
245 12 1 250
245 77 4 62
245 51 35 98
245 20 49 359
245 53 19 399
245 60 25 128
246 64 17 359
246 65 37 96
246 5 22 107
246 101 28 20
246 11 49 132
246 108 7 92
246 107 1 206
246 47 13 140
246 114 5 289
246 56 19 43
246 28 31 203
246 29 11 55
247 99 22 123
247 4 19 159
247 9 37 106
247 106 49 30
247 75 1 316
247 11 33 432
247 77 31 159
247 42 4 226
247 49 13 118
247 19 7 292
247 53 25 150
247 92 29 189
248 65 19 96
248 6 31 339
248 103 37 412
248 72 5 281
248 43 10 167
248 12 40 293
248 18 49 114
248 83 13 60
248 116 43 109
248 24 1 435
248 57 25 254
248 95 7 277
249 33 1 347
249 36 37 275
249 39 16 168
249 106 31 297
249 12 46 112
249 109 13 113
249 50 43 27
249 116 3 28
249 26 7 413
249 27 11 258
249 61 35 4
249 62 22 71
250 33 7 270
250 5 29 42
250 71 23 269
250 7 25 166
250 103 43 171
250 17 9 434
250 114 5 297
250 86 31 57
250 120 13 164
250 89 47 186
250 90 55 126
250 94 1 161
251 64 39 87
251 70 31 98
251 76 43 175
251 77 17 118
251 13 13 192
251 49 7 118
251 115 41 421
251 52 49 144
251 51 23 83
251 20 19 230
251 90 25 363
251 94 1 382
252 32 10 103
252 98 3 30
252 71 22 160
252 42 35 331
252 10 25 374
252 46 13 320
252 78 7 415
252 83 19 395
252 54 5 202
252 89 1 242
252 26 31 136
252 25 17 32
253 32 28 103
253 97 19 40
253 100 37 429
253 101 46 20
253 11 31 448
253 57 25 158
253 111 13 422
253 83 43 77
253 117 9 123
253 25 5 102
253 60 1 128
253 63 17 374
254 36 43 3
254 70 16 260
254 39 35 33
254 102 27 201
254 41 31 10
254 42 1 54
254 8 19 66
254 76 7 433
254 47 25 65
254 58 3 411
254 27 23 180
254 95 13 97
255 34 19 131
255 35 13 379
255 102 1 82
255 105 9 96
255 77 7 159
255 15 37 123
255 17 43 228
255 114 29 274
255 120 16 389
255 90 31 55
255 88 11 330
255 60 25 244
256 34 22 400
256 36 43 135
256 74 25 323
256 12 37 290
256 45 11 194
256 112 5 291
256 18 31 393
256 21 17 101
256 54 13 336
256 87 7 342
256 25 28 247
256 94 1 142
257 65 37 177
257 37 31 403
257 9 43 277
257 12 13 353
257 60 7 352
257 47 1 88
257 81 3 319
257 21 19 179
257 55 11 138
257 25 5 181
257 92 16 172
257 30 52 27
258 64 5 161
258 101 43 328
258 6 9 121
258 76 37 309
258 109 16 85
258 48 3 162
258 114 1 335
258 117 49 58
258 118 7 268
258 22 13 365
258 24 19 25
258 91 31 381
259 43 4 265
259 14 38 342
259 16 23 208
259 48 1 201
259 83 15 158
259 19 43 199
259 84 7 187
259 52 49 176
259 119 9 220
259 91 55 308
259 60 19 110
259 29 13 219
260 3 55 183
260 4 1 69
260 69 16 170
260 103 19 311
260 104 4 85
260 41 10 214
260 108 13 327
260 17 25 436
260 117 37 189
260 21 23 436
260 60 31 17
260 63 7 104
261 32 1 103
261 3 37 17
261 4 46 18
261 5 35 157
261 41 43 6
261 10 31 131
261 80 7 217
261 53 13 405
261 119 4 390
261 58 19 411
261 91 25 49
261 92 17 236
262 96 16 80
262 98 23 35
262 99 9 334
262 68 3 358
262 102 37 94
262 103 28 153
262 74 31 63
262 50 13 168
262 115 35 8
262 116 49 60
262 21 1 45
262 31 7 182
263 97 49 361
263 66 5 26
263 3 25 124
263 41 31 293
263 44 13 301
263 110 55 155
263 52 9 397
263 84 1 149
263 22 19 254
263 23 7 226
263 56 37 321
263 25 3 46
264 99 13 416
264 4 31 406
264 37 25 388
264 39 34 323
264 105 37 125
264 43 10 255
264 44 55 112
264 81 5 9
264 17 19 436
264 51 29 5
264 120 7 389
264 94 1 154
265 97 31 19
265 2 13 311
265 103 19 153
265 76 55 310
265 45 17 447
265 44 25 86
265 46 43 182
265 48 3 40
265 113 11 273
265 85 37 267
265 62 7 299
265 31 1 315
266 102 31 61
266 7 7 272
266 38 25 83
266 9 21 359
266 74 40 338
266 39 19 445
266 78 17 93
266 16 1 186
266 18 13 93
266 21 10 64
266 86 4 126
266 63 28 408
267 3 19 45
267 36 49 307
267 72 5 61
267 107 25 147
267 43 17 56
267 110 55 424
267 18 43 93
267 115 3 302
267 118 23 268
267 89 1 421
267 26 13 73
267 29 11 84
268 65 19 309
268 69 34 35
268 101 10 299
268 6 37 148
268 40 31 331
268 108 7 171
268 13 58 51
268 111 25 193
268 118 5 168
268 24 13 433
268 59 43 195
268 94 1 63
269 97 49 140
269 67 13 448
269 71 16 166
269 12 34 293
269 13 40 226
269 77 11 174
269 19 7 109
269 53 19 197
269 119 25 141
269 56 55 321
269 58 43 2
269 95 1 97
270 2 10 81
270 34 40 131
270 67 45 340
270 38 31 272
270 7 34 74
270 8 22 76
270 43 17 210
270 13 19 136
270 15 25 70
270 117 13 398
270 57 7 188
270 94 1 108
271 39 13 70
271 40 25 331
271 14 37 47
271 113 35 273
271 114 19 274
271 115 43 185
271 81 15 43
271 87 31 447
271 120 4 164
271 90 21 363
271 92 1 422
271 93 7 284
272 96 5 23
272 3 25 390
272 101 43 132
272 6 1 171
272 42 10 360
272 107 55 240
272 14 19 47
272 116 49 109
272 118 35 381
272 119 13 397
272 89 16 305
272 26 31 106
273 2 7 149
273 88 13 419
273 11 25 105
273 81 17 410
273 82 21 301
273 17 37 382
273 117 49 264
273 119 10 321
273 120 34 281
273 24 43 435
273 91 55 381
273 30 1 243
274 67 28 174
274 68 31 417
274 27 17 100
274 73 37 190
274 10 19 177
274 42 7 100
274 80 13 181
274 21 5 436
274 59 43 200
274 60 55 233
274 61 1 4
274 31 11 311
275 96 11 262
275 101 37 445
275 105 35 77
275 9 19 20
275 76 49 399
275 110 27 398
275 79 7 91
275 112 13 295
275 115 25 101
275 20 31 158
275 118 9 168
275 59 1 2
276 100 7 122
276 5 11 140
276 39 23 273
276 104 29 129
276 76 19 271
276 45 5 313
276 48 31 271
276 115 16 264
276 22 13 217
276 24 25 25
276 92 33 236
276 61 3 278
277 99 28 21
277 6 19 234
277 9 16 17
277 41 13 218
277 43 35 167
277 91 31 204
277 13 39 140
277 52 49 121
277 20 7 207
277 55 25 99
277 27 1 40
277 63 4 104
278 2 37 308
278 70 1 202
278 71 33 4
278 9 4 210
278 74 19 338
278 107 43 9
278 43 11 56
278 77 13 36
278 119 7 290
278 93 49 284
278 30 25 387
278 95 16 382
279 32 34 57
279 97 25 361
279 4 16 144
279 5 11 438
279 38 22 387
279 27 13 352
279 9 1 126
279 111 49 211
279 22 4 333
279 119 19 44
279 91 43 56
279 93 38 239
280 96 11 431
280 99 25 123
280 37 31 28
280 102 13 61
280 107 49 240
280 44 45 449
280 80 55 181
280 17 7 48
280 21 5 197
280 53 19 150
280 58 37 111
280 95 1 269
281 97 31 337
281 102 55 162
281 9 19 156
281 43 27 290
281 46 7 263
281 81 25 109
281 83 46 77
281 54 13 31
281 57 22 213
281 26 1 224
281 61 5 232
281 62 16 84
282 97 37 254
282 4 13 409
282 6 25 56
282 70 43 202
282 11 19 170
282 12 34 112
282 43 5 428
282 15 49 10
282 47 23 33
282 48 11 40
282 86 1 429
282 92 9 379
283 68 9 416
283 101 34 94
283 104 25 129
283 43 7 210
283 11 13 436
283 75 28 135
283 78 31 2
283 48 5 201
283 29 3 304
283 52 37 440
283 22 20 141
283 61 1 247
284 35 10 18
284 69 43 35
284 7 22 316
284 39 29 182
284 73 49 233
284 48 7 271
284 50 19 27
284 52 55 16
284 54 37 404
284 24 13 160
284 90 3 55
284 59 25 2
285 67 10 421
285 7 19 343
285 104 35 129
285 12 46 85
285 44 49 2
285 111 25 362
285 47 5 65
285 15 1 70
285 50 7 27
285 87 55 151
285 24 15 196
285 88 13 78
286 56 43 113
286 26 55 372
286 5 9 157
286 3 49 124
286 43 17 249
286 12 4 321
286 50 40 31
286 114 11 204
286 84 7 138
286 24 21 30
286 90 25 122
286 94 13 4
287 99 19 123
287 36 43 140
287 4 7 18
287 7 22 421
287 103 1 307
287 10 37 80
287 107 25 206
287 76 49 304
287 16 10 211
287 23 15 86
287 61 4 87
287 94 31 154
288 32 34 209
288 68 25 417
288 69 21 405
288 6 43 349
288 72 1 48
288 104 7 238
288 45 5 194
288 79 29 91
288 49 37 208
288 82 15 40
288 20 49 405
288 95 55 147
289 36 49 306
289 37 7 403
289 6 31 349
289 75 16 316
289 45 23 187
289 14 19 281
289 79 11 407
289 48 5 328
289 109 13 85
289 82 37 246
289 52 1 397
289 22 25 450
290 64 7 347
290 96 31 346
290 5 41 137
290 37 19 178
290 70 10 153
290 11 1 170
290 75 55 135
290 77 17 399
290 60 26 110
290 61 13 2
290 62 37 240
290 31 5 182
291 66 7 391
291 68 43 408
291 70 1 96
291 7 33 169
291 107 25 396
291 109 49 421
291 48 31 40
291 16 15 134
291 50 4 27
291 58 37 211
291 91 19 308
291 92 13 189
292 97 19 423
292 98 23 78
292 36 49 275
292 5 11 42
292 6 37 419
292 9 31 446
292 109 1 364
292 49 43 255
292 56 34 420
292 26 25 224
292 28 7 264
292 30 4 387
293 96 13 335
293 36 49 135
293 70 25 322
293 11 31 105
293 113 19 291
293 50 37 34
293 115 4 185
293 114 11 1
293 87 7 412
293 119 43 141
293 22 22 450
293 91 15 308
294 64 7 95
294 68 55 358
294 69 19 58
294 104 25 29
294 11 13 12
294 45 17 187
294 109 40 364
294 112 1 295
294 51 9 279
294 21 3 439
294 117 31 174
294 90 43 354
295 66 29 26
295 35 4 283
295 101 16 132
295 38 13 260
295 74 40 112
295 76 25 33
295 114 7 1
295 116 31 84
295 85 19 315
295 56 49 311
295 63 9 111
295 95 1 76
296 65 25 112
296 36 55 320
296 38 31 83
296 102 21 61
296 42 3 54
296 107 7 147
296 106 34 70
296 11 45 105
296 78 1 230
296 112 17 53
296 49 49 308
296 31 11 143
297 97 37 1
297 69 1 323
297 72 4 188
297 8 28 386
297 106 16 238
297 47 25 95
297 113 11 207
297 114 23 114
297 21 13 213
297 24 7 25
297 59 19 373
297 61 35 87
298 97 13 1
298 5 1 438
298 37 20 99
298 8 10 66
298 9 37 293
298 16 35 44
298 113 17 19
298 86 7 356
298 118 29 335
298 56 4 38
298 27 25 1
298 60 31 244
299 33 23 25
299 8 25 66
299 41 58 218
299 106 31 270
299 73 19 190
299 116 1 324
299 53 49 133
299 117 7 401
299 56 34 38
299 26 43 372
299 120 16 98
299 29 39 127
300 101 43 138
300 69 22 95
300 41 31 170
300 11 49 301
300 77 17 402
300 81 25 43
300 49 3 116
300 120 19 127
300 57 13 304
300 26 37 362
300 27 28 370
300 93 7 239
Điểm tối ưu: 3600
Thời gian: 818836.33 ms
Trạng thái: OPTIMUM
