616
1 5 55 23
1 7 4 49
1 10 37 70
1 11 23 63
1 12 25 54
1 13 7 4
1 14 28 40
1 15 43 50
1 16 11 13
1 17 21 44
1 18 9 59
1 19 13 54
2 4 55 17
2 6 47 28
2 7 4 8
2 8 27 74
2 9 39 24
2 11 51 9
2 12 34 9
2 14 25 40
2 15 43 16
2 16 14 60
2 19 19 37
2 20 23 2
3 4 46 73
3 6 59 51
3 7 16 43
3 8 22 74
3 11 11 48
3 12 43 35
3 13 9 4
3 14 19 40
3 15 25 16
3 17 7 44
3 18 37 59
3 19 1 15
3 20 53 2
4 2 55 22
4 6 19 72
4 7 10 43
4 8 52 30
4 9 37 15
4 11 7 63
4 12 1 35
4 13 27 4
4 15 32 21
4 16 5 60
4 19 13 15
4 20 47 2
5 2 43 22
5 6 17 72
5 7 7 7
5 8 52 60
5 10 31 70
5 11 20 20
5 12 40 26
5 13 15 4
5 14 10 40
5 17 13 58
5 19 1 37
5 20 25 47
6 2 25 22
6 5 13 11
6 6 23 28
6 7 1 7
6 10 43 70
6 11 29 63
6 12 7 35
6 13 57 4
6 14 4 36
6 16 19 13
6 19 31 37
6 20 21 2
7 2 31 22
7 5 1 23
7 6 29 51
7 7 7 49
7 8 55 74
7 9 13 24
7 11 19 48
7 12 10 9
7 14 47 6
7 15 49 25
7 16 25 13
7 19 43 37
7 20 17 2
8 4 43 73
8 5 49 11
8 7 10 8
8 8 14 30
8 10 25 70
8 11 21 57
8 13 19 4
8 14 3 40
8 15 37 21
8 16 5 13
8 17 31 44
8 20 47 47
9 1 9 68
9 4 43 17
9 6 3 9
9 7 46 49
9 8 28 60
9 10 49 51
9 11 15 20
9 12 31 35
9 14 17 14
9 15 19 16
9 16 7 13
9 17 1 44
9 20 13 2
10 3 3 47
10 4 31 73
10 6 8 72
10 7 51 7
10 10 15 70
10 11 1 57
10 12 22 35
10 13 45 4
10 14 13 36
10 15 56 21
10 16 27 13
10 17 11 44
10 18 49 59
10 20 35 2
11 2 25 28
11 5 1 27
11 7 7 8
11 8 49 30
11 9 55 24
11 10 37 17
11 11 17 57
11 13 11 4
11 14 13 6
11 16 15 13
11 17 5 9
11 19 31 54
12 4 52 73
12 5 25 23
12 6 15 72
12 7 31 7
12 8 34 60
12 10 7 17
12 11 5 63
12 14 3 6
12 16 1 60
12 17 11 58
12 20 59 2
13 1 56 68
13 2 37 14
13 4 52 17
13 5 19 23
13 6 5 72
13 7 31 8
13 8 43 30
13 9 7 24
13 11 1 20
13 13 13 4
13 14 41 6
13 15 25 21
13 16 3 13
13 17 34 44
14 2 19 28
14 4 46 17
14 5 56 27
14 6 31 28
14 8 4 30
14 12 16 35
14 14 14 40
14 15 9 16
14 16 23 13
14 17 29 58
14 18 7 59
14 19 25 37
15 2 21 14
15 5 7 23
15 7 39 7
15 10 25 17
15 11 5 48
15 12 43 9
15 13 37 4
15 14 15 36
15 15 31 16
15 17 46 44
15 18 3 59
15 19 56 37
15 20 1 2
16 2 9 14
16 3 33 47
16 4 16 73
16 5 25 27
16 6 1 28
16 12 13 26
16 13 47 4
16 14 7 6
16 15 43 21
16 16 39 60
16 17 5 58
16 18 31 59
16 19 49 37
17 2 51 28
17 4 19 17
17 6 11 28
17 8 22 30
17 11 37 9
17 12 13 35
17 13 49 4
17 14 1 6
17 15 55 16
17 17 25 58
17 18 45 59
17 20 9 2
18 2 19 22
18 6 1 51
18 7 25 7
18 8 31 30
18 10 7 70
18 12 4 26
18 13 59 4
18 14 39 6
18 15 13 50
18 16 41 60
18 17 23 58
18 18 35 59
18 20 51 2
19 1 37 68
19 2 33 14
19 5 49 23
19 6 55 28
19 7 10 38
19 8 7 74
19 10 19 70
19 11 23 29
19 15 13 16
19 16 25 2
19 17 3 58
19 19 43 54
19 20 53 47
20 2 49 22
20 4 28 73
20 5 7 27
20 6 41 28
20 7 4 7
20 8 1 30
20 9 43 15
20 11 19 57
20 12 31 9
20 13 55 4
20 14 25 36
20 15 13 21
20 18 57 59
21 4 34 73
21 6 7 51
21 8 58 30
21 10 13 51
21 11 46 9
21 12 25 9
21 14 1 40
21 15 19 50
21 16 37 60
21 18 11 59
21 20 39 2
22 3 37 47
22 6 49 9
22 7 55 43
22 8 1 74
22 12 58 9
22 13 17 4
22 14 7 36
22 15 25 25
22 16 11 2
22 17 9 58
22 18 51 59
22 20 33 2
23 3 19 47
23 5 55 11
23 6 41 9
23 7 7 38
23 8 13 74
23 10 1 17
23 11 5 29
23 13 33 4
23 14 23 6
23 15 49 21
23 16 10 60
23 18 43 59
24 3 43 47
24 4 49 73
24 6 17 51
24 7 13 43
24 9 25 15
24 10 3 51
24 13 41 4
24 14 37 6
24 15 19 21
24 16 31 2
24 17 35 72
24 18 1 59
24 19 7 54
24 20 57 2
25 1 3 68
25 2 14 22
25 4 49 17
25 6 47 51
25 7 10 7
25 8 37 30
25 11 25 20
25 12 7 9
25 13 31 4
25 14 19 14
25 15 56 25
25 16 33 13
25 19 21 54
26 2 1 22
26 3 27 47
26 4 10 73
26 6 53 51
26 7 13 7
26 8 31 60
26 12 16 26
26 14 44 40
26 15 19 25
26 16 47 60
26 17 39 44
26 20 37 2
27 1 49 68
27 4 55 73
27 6 41 51
27 7 1 38
27 10 43 51
27 11 9 57
27 14 5 6
27 15 13 25
27 17 23 44
27 18 25 59
27 19 37 37
28 1 43 68
28 5 49 27
28 6 17 28
28 7 28 49
28 8 34 30
28 11 23 48
28 12 37 35
28 14 19 6
28 15 9 21
28 16 21 13
28 17 1 72
28 20 31 47
29 2 33 28
29 4 58 17
29 8 40 74
29 9 1 24
29 10 9 51
29 11 15 48
29 12 25 26
29 14 31 36
29 15 49 16
29 16 17 13
29 17 7 58
29 18 13 59
29 19 19 15
29 20 45 2
30 2 57 28
30 4 16 17
30 5 32 11
30 7 13 8
30 8 19 60
30 9 49 15
30 11 23 9
30 13 53 4
30 14 55 40
30 15 3 21
30 18 27 59
30 19 9 37
30 20 43 2
31 1 13 68
31 2 37 28
31 5 32 26
31 6 21 72
31 11 5 20
31 12 52 26
31 13 3 4
31 14 19 36
31 15 8 50
31 16 55 2
31 18 23 59
31 19 57 54
31 20 17 47
32 2 37 22
32 3 55 47
32 4 1 73
32 6 28 9
32 8 4 74
32 12 51 35
32 13 21 4
32 14 33 6
32 16 45 60
32 17 19 44
32 18 41 59
32 20 49 2
33 1 31 68
33 2 1 14
33 3 13 47
33 4 25 73
33 5 43 11
33 8 28 30
33 10 19 51
33 11 47 63
33 13 35 4
33 14 50 6
33 15 37 25
33 19 7 15
33 20 41 2
34 1 25 68
34 2 13 28
34 4 58 73
34 5 39 23
34 6 47 72
34 7 7 43
34 9 31 24
34 10 49 70
34 11 17 63
34 13 29 4
34 15 1 16
34 17 53 9
34 18 21 59
34 20 11 47
35 3 49 47
35 4 4 73
35 5 19 27
35 7 28 38
35 8 56 60
35 11 7 20
35 12 40 35
35 14 9 6
35 15 31 50
35 17 1 58
35 20 23 47
36 4 7 73
36 6 21 9
36 7 1 8
36 8 25 60
36 11 16 29
36 12 55 9
36 13 5 4
36 14 28 6
36 16 41 13
36 17 14 44
36 18 39 59
37 2 3 28
37 4 37 73
37 5 19 11
37 6 29 28
37 11 11 20
37 12 49 26
37 13 23 4
37 15 7 25
37 16 31 13
37 17 25 44
37 20 27 2
38 2 49 14
38 5 37 11
38 6 29 72
38 7 21 43
38 8 9 30
38 11 5 57
38 12 46 35
38 14 7 40
38 16 35 13
38 17 3 44
38 18 19 59
38 20 15 2
39 5 7 11
39 7 13 49
39 8 19 74
39 9 55 15
39 10 37 51
39 12 28 35
39 13 1 4
39 15 49 50
39 16 16 60
39 17 3 72
39 20 59 47
40 1 19 68
40 2 7 22
40 5 43 26
40 7 25 49
40 8 40 30
40 11 17 20
40 14 5 40
40 15 56 50
40 16 29 13
40 17 31 72
40 19 1 54
41 5 32 27
41 6 1 9
41 7 25 8
41 8 22 60
41 9 45 24
41 12 28 54
41 15 3 25
41 17 19 58
41 18 17 59
41 19 13 37
41 20 7 47
42 4 19 73
42 5 15 23
42 6 25 72
42 8 49 60
42 10 31 51
42 11 13 29
42 12 10 35
42 14 1 36
42 16 37 13
42 17 27 72
42 18 53 59
42 20 3 2
43 2 25 14
43 4 13 73
43 5 1 11
43 6 23 72
43 9 19 24
43 10 31 17
43 11 9 29
43 12 55 35
43 17 16 58
43 18 5 59
43 19 37 54
43 20 7 2
44 2 44 14
44 6 33 72
44 7 21 8
44 8 7 60
44 10 55 51
44 11 3 63
44 13 25 4
44 14 41 36
44 15 37 50
44 16 59 60
44 17 19 9
44 20 1 47
45 5 8 26
45 6 37 72
45 7 22 49
45 9 32 15
45 11 1 48
45 12 28 26
45 13 39 4
45 14 17 6
45 15 3 50
45 16 43 60
45 17 13 9
45 18 15 59
45 19 49 54
45 20 41 47
46 2 7 28
46 4 22 73
46 5 43 23
46 7 1 49
46 8 31 74
46 10 25 51
46 12 34 35
46 14 11 36
46 15 37 16
46 16 13 13
46 18 59 59
47 2 13 14
47 5 55 26
47 7 21 7
47 8 25 30
47 9 49 24
47 10 1 70
47 11 7 57
47 12 37 26
47 15 43 25
47 16 19 2
47 17 40 72
47 18 33 59
47 20 5 2
48 2 43 28
48 4 13 17
48 5 37 27
48 6 35 51
48 7 1 43
48 9 25 24
48 11 7 48
48 12 19 35
48 13 51 4
48 17 5 44
48 18 29 59
48 20 9 47
49 2 57 14
49 4 40 73
49 5 19 26
49 6 11 72
49 7 31 43
49 8 37 74
49 12 16 9
49 13 43 4
49 14 23 40
49 15 25 50
49 16 1 13
49 18 55 59
50 4 22 17
50 5 13 27
50 6 39 9
50 8 19 30
50 10 55 70
50 11 11 63
50 12 4 35
50 14 35 6
50 15 31 25
50 16 9 13
50 17 17 44
50 18 47 59
50 20 29 2
Điểm tối ưu: 616
Thời gian: 600.0452 giây
Trạng thái: FEASIBLE
