1711
1 71 7 104
1 73 16 88
1 42 19 234
1 13 13 146
1 80 22 130
1 17 25 80
1 19 10 230
1 20 28 144
1 24 3 259
1 59 46 21
1 61 1 69
1 62 31 248
2 65 43 223
2 4 37 102
2 72 4 243
2 44 58 10
2 78 27 265
2 48 21 88
2 18 13 5
2 51 52 46
2 20 49 42
2 22 33 30
2 58 1 207
2 31 7 39
3 34 49 135
3 67 7 92
3 68 19 151
3 10 11 92
3 79 13 203
3 50 53 36
3 51 55 102
3 20 1 136
3 57 4 54
4 32 13 245
4 2 39 216
4 66 17 30
4 36 25 158
4 39 22 28
4 9 7 140
4 21 32 67
4 25 49 184
4 61 5 184
4 57 1 137
5 69 43 53
5 70 17 21
5 38 7 280
5 72 21 108
5 73 29 143
5 76 13 11
5 79 33 143
5 47 3 246
5 60 55 38
5 63 1 132
6 34 25 135
6 69 37 45
6 71 1 104
6 73 22 64
6 47 31 161
6 79 49 72
6 15 19 265
6 56 13 195
6 29 9 132
6 31 3 253
7 6 13 262
7 40 5 155
7 72 16 109
7 74 1 138
7 11 19 59
7 45 51 265
7 49 21 267
7 21 25 215
7 31 7 34
8 8 37 213
8 75 22 150
8 77 10 189
8 60 25 75
8 20 31 136
8 22 19 10
8 24 2 97
8 28 7 164
8 29 13 235
9 65 31 36
9 40 19 297
9 75 21 47
9 46 37 69
9 24 13 250
9 29 9 128
9 30 1 268
10 1 13 1
10 36 19 158
10 69 34 195
10 6 37 15
10 74 31 232
10 76 43 139
10 16 7 119
10 79 25 71
10 20 1 30
11 35 31 102
11 5 13 113
11 39 22 237
11 43 7 163
11 77 37 37
11 14 43 261
11 23 4 195
11 25 16 94
11 58 41 40
11 28 19 195
11 61 10 101
12 66 23 12
12 3 19 157
12 4 31 170
12 6 7 243
12 70 5 153
12 12 55 280
12 77 13 53
12 61 10 229
12 63 1 253
13 4 25 164
13 67 1 99
13 36 13 197
13 40 10 188
13 12 19 27
13 49 7 15
13 51 40 110
13 26 4 170
14 35 10 226
14 36 3 197
14 70 22 46
14 9 27 31
14 74 1 232
14 43 7 299
14 58 19 207
15 35 19 206
15 70 4 270
15 8 13 177
15 11 25 35
15 77 28 10
15 45 35 265
15 49 9 150
15 17 23 158
15 52 7 236
15 59 1 154
15 62 17 143
16 37 9 126
16 69 49 21
16 73 5 187
16 75 13 141
16 80 7 256
16 19 17 140
16 29 1 214
17 3 31 134
17 37 43 14
17 72 28 177
17 10 5 43
17 76 9 187
17 48 1 122
17 51 13 278
17 21 19 170
18 64 5 72
18 4 25 74
18 36 43 158
18 68 37 105
18 72 13 108
18 14 31 297
18 47 1 272
18 30 16 70
19 65 31 117
19 2 7 216
19 35 10 164
19 40 3 90
19 11 1 31
19 14 19 153
19 48 13 121
19 59 27 184
20 4 37 285
20 71 7 35
20 41 19 243
20 43 43 245
20 15 1 86
20 17 4 174
21 64 5 23
21 2 7 40
21 44 25 132
21 47 13 13
21 51 21 278
21 52 19 236
21 26 1 107
21 59 11 21
22 64 39 242
22 65 19 11
22 74 16 283
22 77 43 112
22 23 13 231
22 26 23 14
22 30 1 271
22 31 49 10
23 39 4 67
23 44 55 283
23 77 31 19
23 46 19 166
23 80 15 130
23 48 7 41
23 25 28 21
23 28 1 270
24 2 19 216
24 70 16 121
24 9 7 8
24 11 11 177
24 43 3 138
24 45 47 265
24 75 43 234
24 17 23 13
24 22 1 250
24 60 37 179
25 5 55 153
25 37 13 149
25 41 22 110
25 77 19 19
25 47 9 261
25 18 1 94
25 21 37 170
25 22 5 162
25 26 7 110
26 33 13 34
26 67 4 239
26 41 25 129
26 79 43 61
26 50 29 36
26 22 11 250
26 23 1 131
26 57 19 137
27 68 13 105
27 37 37 261
27 66 10 65
27 45 45 248
27 16 1 119
27 57 31 164
27 58 28 40
28 66 5 181
28 67 19 78
28 71 25 287
28 74 17 138
28 42 1 128
28 12 13 36
28 49 49 267
28 56 11 43
29 34 37 135
29 6 4 189
29 71 11 5
29 72 46 31
29 12 7 166
29 47 13 246
29 15 22 86
29 18 1 102
30 2 25 40
30 4 37 42
30 5 19 287
30 71 16 248
30 76 1 139
30 45 29 248
30 48 34 41
30 21 7 215
30 22 11 127
31 32 31 245
31 40 13 155
31 75 10 240
31 46 1 151
31 79 49 55
31 49 7 246
31 22 17 162
31 56 28 13
31 29 19 77
32 4 43 164
32 5 28 129
32 6 55 10
32 38 13 232
32 70 17 285
32 41 37 243
32 39 10 129
32 10 25 31
32 80 35 42
32 55 4 252
32 59 7 184
32 28 22 4
33 34 1 135
33 37 7 37
33 70 5 38
33 58 17 207
33 27 55 29
33 79 13 182
33 25 39 30
33 26 11 218
33 59 23 153
34 64 11 27
34 69 28 126
34 40 13 90
34 17 5 284
34 18 16 5
34 60 49 280
34 29 1 121
35 8 37 177
35 41 28 25
35 10 10 165
35 77 7 99
35 49 4 136
35 17 35 231
35 18 1 226
35 61 13 101
36 70 5 39
36 71 34 287
36 10 23 81
36 15 13 86
36 51 31 46
36 25 1 124
36 28 27 105
36 62 25 248
37 1 19 1
37 3 7 222
37 70 29 46
37 38 1 291
37 42 4 238
37 75 43 59
37 47 37 106
37 19 11 243
37 29 31 77
37 30 16 42
38 37 19 126
38 41 55 129
38 45 7 265
38 46 1 77
38 49 10 267
38 19 5 4
38 21 31 293
39 1 25 1
39 67 34 273
39 5 22 59
39 73 10 88
39 75 31 47
39 46 13 30
39 19 1 98
39 52 4 236
40 72 40 245
40 74 5 28
40 43 19 71
40 44 1 106
40 19 25 189
40 54 15 236
41 32 55 270
41 67 1 78
41 36 25 38
41 7 35 241
41 40 15 90
41 73 7 59
41 72 31 53
41 13 5 146
41 17 9 174
41 25 40 144
42 72 7 177
42 9 49 102
42 42 13 128
42 76 25 224
42 45 10 265
42 15 16 86
42 51 33 121
42 60 19 144
42 29 1 117
43 2 22 40
43 67 1 239
43 69 7 72
43 38 4 293
43 8 43 213
43 73 25 265
43 75 16 64
43 20 31 177
43 25 13 211
43 26 11 107
43 30 19 225
44 65 31 56
44 37 25 14
44 70 9 249
44 75 13 298
44 17 7 195
44 61 29 184
44 27 1 148
44 29 19 176
45 64 5 27
45 66 35 293
45 67 16 78
45 37 31 14
45 42 7 142
45 14 55 55
45 49 28 79
45 19 13 273
45 52 10 141
45 21 1 201
46 67 25 52
46 68 49 264
46 7 19 133
46 72 37 280
46 44 3 176
46 14 13 242
46 24 21 34
46 59 10 223
46 28 7 105
46 62 47 248
47 5 4 21
47 6 37 20
47 39 7 129
47 20 33 94
47 55 1 84
47 29 13 12
48 32 1 245
48 67 13 99
48 36 37 234
48 7 25 36
48 75 7 271
48 15 16 265
48 80 10 50
48 18 31 234
48 51 20 44
48 26 34 107
49 33 38 46
49 3 13 164
49 68 1 296
49 72 43 224
49 74 10 52
49 21 19 38
49 23 7 112
49 54 25 243
50 66 17 12
50 7 5 105
50 42 1 142
50 75 7 31
50 76 13 31
50 45 23 248
50 14 25 242
50 48 10 158
50 56 29 42
50 29 19 127
50 30 43 30
51 66 5 12
51 67 25 78
51 70 17 73
51 69 7 45
51 40 3 155
51 10 1 221
51 20 10 169
51 25 22 211
51 60 13 75
51 63 33 63
52 3 7 212
52 70 11 73
52 39 1 237
52 71 23 152
52 12 13 225
52 78 33 265
52 15 37 86
52 48 4 206
52 16 25 81
52 31 43 102
53 65 19 289
53 66 11 181
53 4 13 170
53 37 37 14
53 70 1 249
53 69 25 53
53 43 52 245
53 11 29 29
53 17 4 274
53 19 23 166
53 60 7 83
53 29 43 166
54 1 3 1
54 68 37 13
54 5 25 13
54 13 17 231
54 46 13 151
54 16 7 81
54 50 35 36
54 51 22 234
54 22 1 108
54 58 10 40
55 37 55 14
55 70 4 22
55 7 29 241
55 11 17 280
55 75 19 141
55 47 13 106
55 48 37 121
55 17 11 94
55 23 1 153
55 31 25 34
56 39 43 189
56 51 25 42
56 20 7 36
56 55 4 84
56 63 13 153
56 30 1 2
56 31 19 257
57 35 7 250
57 69 1 45
57 8 31 213
57 75 4 298
57 77 40 293
57 18 19 5
57 19 10 257
57 57 15 54
58 3 9 278
58 4 13 152
58 6 19 171
58 77 1 19
58 80 17 130
58 24 25 273
59 2 1 216
59 67 28 6
59 74 11 232
59 21 7 289
59 25 25 30
59 59 4 223
60 69 43 293
60 71 41 287
60 73 49 265
60 76 19 187
60 77 13 293
60 16 16 119
60 80 1 256
60 21 7 201
60 22 11 10
60 53 3 191
61 66 5 65
61 4 1 74
61 42 46 243
61 43 31 163
61 74 7 132
61 10 15 280
61 79 9 234
61 20 28 169
61 63 17 52
62 67 37 78
62 68 49 29
62 37 7 14
62 35 4 226
62 42 1 238
62 23 40 265
62 24 31 300
62 27 13 148
62 28 25 163
62 62 19 143
63 36 19 197
63 47 37 272
63 16 7 28
63 21 1 105
63 23 13 226
63 60 55 293
64 65 7 55
64 66 28 287
64 43 4 299
64 75 25 47
64 19 22 98
64 20 1 169
64 25 43 21
65 33 7 157
65 35 3 279
65 74 17 9
65 11 35 280
65 26 1 170
66 33 13 44
66 35 25 206
66 8 19 213
66 41 49 25
66 46 55 248
66 14 37 4
66 52 28 236
66 56 17 195
66 25 1 21
66 31 7 233
67 6 1 42
67 73 4 147
67 42 10 293
67 51 16 102
67 55 13 252
67 25 25 144
67 28 19 105
67 30 7 52
68 9 19 112
68 75 31 64
68 13 7 146
68 48 9 122
68 17 13 274
68 18 1 6
68 28 16 22
68 61 4 101
69 2 34 40
69 3 13 212
69 43 1 299
69 12 7 106
69 45 11 248
69 76 19 139
69 49 46 36
69 24 25 281
69 61 5 177
70 71 1 297
70 41 13 40
70 49 3 15
70 18 10 286
70 21 19 215
70 26 17 14
70 28 31 105
70 61 29 245
71 33 37 262
71 67 16 99
71 3 49 261
71 38 22 293
71 76 1 171
71 56 41 55
71 57 9 254
71 29 43 128
71 63 13 129
72 33 31 126
72 10 5 168
72 77 22 287
72 15 58 265
72 16 13 4
72 59 11 171
72 61 1 293
73 68 1 17
73 37 37 10
73 6 31 181
73 9 7 79
73 10 17 43
73 47 43 251
73 50 59 81
74 34 7 135
74 35 4 93
74 38 46 55
74 72 1 273
74 40 17 226
74 46 27 166
74 47 13 59
74 13 25 231
74 22 31 127
74 23 19 255
75 38 40 280
75 42 55 184
75 75 19 271
75 76 49 287
75 77 28 53
75 49 13 294
75 26 1 58
75 59 7 178
75 63 11 63
76 3 19 262
76 4 49 30
76 5 34 113
76 70 4 6
76 11 1 85
76 27 55 148
77 38 25 291
77 70 1 192
77 39 40 70
77 72 55 44
77 47 13 272
77 24 31 235
77 60 43 132
78 65 19 121
78 68 7 159
78 5 43 105
78 39 40 28
78 74 3 37
78 44 31 261
78 46 25 77
78 16 46 293
78 52 23 141
78 22 17 127
79 2 55 40
79 38 25 72
79 69 19 36
79 11 1 280
79 15 13 265
79 23 3 255
79 58 37 40
79 27 7 148
80 46 25 172
80 50 1 81
80 53 11 135
80 23 13 112
80 56 5 13
80 30 7 268
81 6 13 181
81 38 31 13
81 42 4 142
81 75 16 240
81 12 7 221
81 46 25 288
81 17 29 213
81 18 1 9
81 51 43 170
81 21 49 177
81 54 19 285
82 34 55 135
82 66 3 75
82 12 25 88
82 47 43 88
82 17 15 174
82 21 49 289
82 24 7 235
82 63 5 63
83 71 13 104
83 40 15 291
83 9 43 177
83 15 4 86
83 19 1 257
83 24 7 97
83 27 25 148
84 71 1 5
84 13 9 146
84 53 5 191
84 26 7 150
84 30 43 287
85 34 13 135
85 35 4 164
85 39 1 67
85 9 26 195
85 51 19 110
85 54 49 285
85 26 17 218
86 69 10 4
86 38 22 291
86 10 5 68
86 52 3 141
86 53 52 94
86 23 7 255
86 26 17 35
86 29 13 176
86 63 1 3
87 73 7 170
87 9 19 184
87 44 13 193
87 46 25 277
87 18 3 58
87 19 1 120
87 59 11 69
87 31 37 150
88 35 19 93
88 5 34 21
88 72 31 6
88 74 29 138
88 11 27 65
88 10 5 152
88 77 43 255
88 13 15 146
88 47 7 152
88 19 3 98
88 52 1 236
89 2 16 216
89 4 7 162
89 5 34 100
89 6 40 126
89 72 1 115
89 75 13 47
89 44 25 10
89 79 19 182
89 17 4 208
89 50 29 81
90 64 1 23
90 66 3 65
90 7 5 133
90 10 17 150
90 77 7 19
90 15 10 86
90 53 37 137
90 21 13 21
90 26 23 262
91 64 10 72
91 37 37 81
91 39 15 129
91 59 31 69
91 13 3 146
91 48 25 227
91 17 1 80
91 57 55 137
91 27 19 148
92 3 1 222
92 5 34 105
92 7 11 287
92 72 22 115
92 45 40 248
92 46 7 30
92 15 19 86
92 21 13 38
92 23 43 29
92 25 58 211
93 3 13 126
93 35 10 206
93 70 3 38
93 11 1 198
93 12 37 36
93 80 5 42
93 48 19 51
93 25 7 124
94 68 3 234
94 69 13 45
94 40 23 226
94 76 43 231
94 44 40 6
94 50 27 36
94 55 10 252
94 30 31 166
94 56 25 4
94 28 34 4
94 29 49 37
95 70 23 213
95 75 2 64
95 11 45 42
96 2 31 40
96 36 1 63
96 7 15 259
96 80 7 50
96 53 11 29
96 56 5 257
96 25 58 124
96 26 9 170
97 35 13 93
97 8 55 213
97 39 25 237
97 10 9 13
97 79 1 285
97 47 19 55
98 64 1 109
98 33 7 89
98 37 33 153
98 80 29 220
98 48 3 41
98 53 31 265
98 29 19 235
99 58 22 207
99 69 15 132
99 71 1 152
99 76 7 287
99 52 13 236
99 55 25 84
99 25 19 70
99 26 11 14
99 61 41 189
99 31 3 31
100 35 1 25
100 6 13 15
100 9 7 48
100 76 27 284
100 50 41 81
100 61 16 15
100 30 4 225
101 66 1 287
101 72 25 44
101 47 43 161
101 48 19 9
101 79 37 283
101 28 55 152
101 62 5 143
101 31 7 217
102 66 7 75
102 70 11 25
102 72 25 280
102 78 1 265
102 47 13 55
102 24 3 132
102 29 19 189
103 66 39 287
103 73 47 4
103 74 3 28
103 75 28 293
103 12 7 273
103 51 25 278
103 26 11 58
103 27 19 29
103 31 31 118
103 29 13 127
103 63 1 231
104 65 27 150
104 8 7 213
104 42 19 142
104 12 13 217
104 80 23 220
104 56 17 135
104 25 33 184
104 59 4 126
104 28 1 195
105 36 19 13
105 69 25 203
105 71 23 170
105 40 53 265
105 42 1 172
105 47 13 81
105 49 31 15
105 53 10 280
105 56 4 55
105 61 28 189
106 33 43 25
106 39 1 189
106 72 4 115
106 9 13 8
106 17 7 174
106 19 11 13
106 53 47 153
106 23 25 20
106 62 9 248
106 30 21 42
107 37 55 81
107 75 10 298
107 43 13 71
107 77 7 82
107 13 1 146
107 56 3 257
107 63 5 3
108 68 37 103
108 10 1 165
108 44 10 245
108 76 25 170
108 78 3 265
108 51 34 46
108 22 5 108
108 25 31 124
109 35 28 206
109 68 1 110
109 70 5 121
109 7 10 241
109 12 13 185
109 48 7 267
109 19 17 98
109 60 19 81
109 31 43 126
110 64 5 9
110 32 43 270
110 3 19 222
110 5 58 21
110 38 55 141
110 39 31 37
110 80 15 273
110 22 17 4
110 58 49 40
110 27 37 148
110 60 51 293
110 31 1 158
111 64 4 102
111 65 13 56
111 38 1 89
111 41 40 147
111 21 7 67
111 29 19 132
111 62 43 143
112 65 13 223
112 68 3 264
112 71 10 105
112 75 7 286
112 43 19 46
112 54 49 70
112 62 1 143
112 31 25 258
113 70 25 166
113 7 7 91
113 42 58 128
113 20 9 277
113 19 22 105
113 54 3 80
113 27 49 148
114 1 43 1
114 3 19 212
114 4 49 152
114 76 7 224
114 16 1 95
114 17 4 213
114 50 47 81
114 51 13 158
114 18 37 144
114 59 23 280
114 61 11 93
115 67 13 248
115 69 49 8
115 70 7 25
115 44 46 245
115 48 19 227
115 49 33 294
115 50 1 36
115 25 4 124
115 26 23 58
116 32 37 270
116 67 13 78
116 7 9 133
116 79 55 71
116 19 1 230
116 54 19 26
116 22 11 102
116 57 43 184
116 26 16 110
116 61 3 235
117 67 10 200
117 4 13 74
117 72 46 38
117 9 49 48
117 15 55 265
117 53 4 94
117 22 17 59
117 61 1 235
118 66 11 46
118 35 58 164
118 68 1 196
118 46 13 277
118 79 7 214
118 49 19 246
118 50 43 81
118 27 31 148
119 68 49 243
119 38 22 31
119 74 11 121
119 76 1 72
119 14 7 196
119 18 25 141
119 57 19 188
119 61 5 235
120 32 25 245
120 68 55 234
120 70 19 20
120 9 31 243
120 10 17 13
120 78 29 265
120 79 1 61
120 21 7 21
121 33 3 34
121 39 7 237
121 41 31 25
121 11 11 197
121 44 49 43
121 49 34 102
121 17 1 174
121 29 37 55
122 34 19 135
122 67 10 99
122 4 1 162
122 74 23 135
122 44 25 152
122 79 14 190
122 56 5 158
122 57 46 188
123 64 11 109
123 5 25 100
123 71 4 5
123 75 16 286
123 46 7 288
123 16 1 181
123 22 23 10
123 24 37 166
123 62 33 248
123 31 19 50
124 35 31 206
124 10 11 6
124 11 9 123
124 43 55 245
124 18 4 286
124 23 1 46
124 56 7 257
124 62 19 248
125 65 13 117
125 4 7 42
125 37 49 286
125 73 11 59
125 42 58 6
125 53 53 231
125 21 37 201
125 25 46 184
125 26 4 14
125 63 22 268
126 68 13 91
126 4 19 162
126 72 25 94
126 79 9 71
126 80 23 256
126 49 28 136
126 52 1 141
126 20 49 46
126 61 7 44
126 63 17 243
127 68 3 103
127 40 19 6
127 73 7 88
127 10 9 25
127 47 49 13
127 80 15 220
127 17 13 208
127 15 55 86
127 56 29 135
127 59 53 171
127 28 58 262
127 63 17 153
128 33 45 34
128 66 1 65
128 68 31 17
128 40 43 297
128 74 19 164
128 47 13 276
128 16 22 119
128 48 52 4
128 19 4 140
128 21 55 67
128 27 25 29
128 31 7 118
129 70 3 184
129 7 17 177
129 8 49 213
129 39 37 189
129 12 43 106
129 17 1 70
129 50 5 36
129 21 13 67
129 29 19 37
129 63 35 63
130 38 19 291
130 9 1 233
130 10 7 262
130 11 23 197
130 46 31 270
130 80 11 256
130 17 9 154
130 51 13 215
130 56 17 158
131 34 43 135
131 67 4 200
131 3 9 269
131 10 1 43
131 52 7 141
132 65 55 136
132 36 9 231
132 69 40 72
132 37 13 14
132 5 31 287
132 41 52 25
132 80 1 50
132 22 5 127
132 26 17 245
133 64 11 23
133 2 4 216
133 68 7 151
133 39 16 237
133 7 31 30
133 20 13 110
133 22 1 127
133 23 22 195
133 54 27 131
134 32 13 270
134 33 19 89
134 71 1 186
134 49 31 231
134 55 10 84
134 61 25 293
135 65 31 59
135 35 4 51
135 71 1 35
135 7 37 287
135 9 43 8
135 79 19 203
135 48 55 121
135 47 13 229
135 18 28 234
136 32 19 245
136 72 52 38
136 47 55 59
136 48 37 38
136 50 41 36
136 18 31 20
136 26 1 150
136 59 45 265
136 61 5 229
137 66 49 150
137 72 4 109
137 10 1 164
137 43 25 177
137 29 7 12
137 24 31 81
137 58 13 207
137 30 19 31
138 35 1 51
138 70 5 166
138 7 17 276
138 40 41 42
138 80 11 42
138 49 7 136
138 48 34 261
138 59 13 280
138 63 37 132
138 31 43 52
139 64 15 23
139 68 7 264
139 74 1 38
139 78 27 93
139 79 31 285
139 17 4 258
139 29 19 12
140 35 3 250
140 38 25 37
140 9 13 281
140 80 17 256
140 54 9 236
140 26 1 218
141 66 11 273
141 73 1 147
141 47 3 276
141 18 37 245
141 55 7 252
141 28 13 234
142 42 10 64
142 13 19 231
142 77 37 273
142 79 21 61
142 17 1 258
142 18 13 20
142 25 55 211
142 28 4 144
142 30 25 55
143 65 1 56
143 1 37 1
143 37 13 37
143 69 8 153
143 77 34 10
143 13 11 146
143 79 43 182
143 56 5 135
143 60 19 14
144 64 1 278
144 33 7 205
144 69 25 8
144 44 19 43
144 76 13 171
144 47 31 251
144 80 5 130
144 19 11 166
145 64 7 23
145 39 22 143
145 10 3 221
145 42 43 216
145 14 31 18
145 80 1 130
145 53 5 20
145 30 13 111
146 33 7 6
146 4 27 70
146 5 16 293
146 16 13 95
146 49 1 294
146 17 23 274
147 2 13 216
147 4 37 164
147 68 43 151
147 74 11 37
147 78 33 93
147 47 49 121
147 53 5 212
147 54 19 80
147 56 1 53
148 70 13 285
148 8 19 177
148 40 17 291
148 15 7 86
148 16 10 28
148 55 25 252
148 26 1 234
149 4 37 74
149 68 13 17
149 6 1 243
149 39 46 237
149 73 17 213
149 41 19 129
149 76 31 11
149 20 9 262
149 25 25 121
150 33 1 260
150 68 25 261
150 69 43 36
150 42 10 134
150 12 31 290
150 77 7 53
150 17 17 274
150 56 21 152
150 62 15 143
151 65 25 56
151 70 4 192
151 47 19 25
151 57 7 188
151 59 15 184
151 63 1 129
152 3 19 269
152 7 5 91
152 8 13 213
152 10 17 31
152 46 49 231
152 55 1 252
152 22 10 108
152 23 37 265
152 30 7 2
153 67 13 200
153 38 9 291
153 74 7 9
153 45 4 248
153 53 41 21
153 54 19 270
153 56 31 158
153 26 1 184
154 66 1 12
154 4 31 72
154 73 17 37
154 41 7 46
154 10 13 10
154 79 44 46
154 56 29 88
154 58 5 40
154 60 19 72
154 63 3 70
155 67 10 184
155 38 13 89
155 7 19 94
155 8 1 177
155 51 21 261
155 21 31 38
155 55 16 252
155 26 43 110
155 61 7 54
156 33 55 25
156 37 31 262
156 6 4 59
156 39 28 237
156 69 1 203
156 74 7 138
156 75 46 30
156 44 37 110
156 14 19 54
156 21 49 105
156 61 9 69
157 5 1 100
157 6 22 171
157 7 17 141
157 73 13 147
157 10 7 68
157 44 9 176
157 25 28 72
157 61 4 44
158 9 43 6
158 13 7 231
158 14 31 242
158 60 9 75
158 79 49 190
158 53 22 265
158 24 1 20
158 57 13 188
158 28 16 234
158 61 28 15
158 63 41 10
159 33 1 263
159 72 49 94
159 80 31 273
159 29 27 231
159 60 43 72
160 36 31 110
160 37 1 4
160 69 10 45
160 17 7 154
160 57 15 72
161 4 43 4
161 74 13 42
161 12 8 294
161 13 23 231
161 53 1 191
161 57 34 37
161 26 17 170
161 31 25 39
162 4 55 72
162 7 1 241
162 41 8 70
162 43 25 6
162 78 43 265
162 47 37 251
162 79 49 61
162 57 31 88
162 61 13 143
162 31 19 253
163 65 13 29
163 3 25 269
163 70 17 20
163 7 5 110
163 9 31 29
163 44 21 193
163 16 7 218
163 53 19 21
163 62 1 248
164 65 7 56
164 5 1 113
164 70 47 126
164 41 28 20
164 80 13 256
164 22 11 162
164 59 4 256
165 64 43 109
165 33 13 260
165 44 28 176
165 49 7 102
165 17 25 143
165 57 1 254
165 58 10 207
165 28 4 10
166 68 7 103
166 70 1 213
166 47 13 261
166 54 31 31
166 30 19 2
166 57 22 164
166 62 3 143
166 63 11 133
167 67 49 126
167 68 31 91
167 7 1 259
167 17 3 154
167 18 7 259
167 20 10 136
167 24 37 235
167 26 27 9
168 37 1 262
168 6 16 181
168 72 10 36
168 43 34 136
168 41 7 147
168 77 58 82
168 47 25 161
168 18 49 259
168 60 19 83
169 34 31 135
169 35 16 279
169 39 7 189
169 40 1 90
169 73 21 248
169 11 5 25
169 17 23 29
169 55 13 84
170 39 19 237
170 41 16 166
170 13 41 231
170 22 7 261
170 25 37 153
170 60 1 83
170 62 27 143
170 63 5 291
171 32 49 270
171 41 13 46
171 16 19 28
171 17 17 154
171 50 4 81
171 22 1 59
171 24 37 97
171 62 10 143
171 57 28 37
172 32 25 270
172 33 7 155
172 68 19 264
172 9 31 48
172 43 1 163
172 18 58 5
172 54 49 31
172 26 4 107
172 27 37 29
172 31 13 118
173 72 55 6
173 41 28 147
173 12 31 27
173 77 1 112
173 79 37 203
173 16 13 168
173 29 7 171
173 31 19 39
174 32 7 270
174 3 13 134
174 67 1 52
174 69 19 293
174 68 55 261
174 73 5 64
174 17 17 144
174 55 22 84
174 57 28 137
174 28 25 21
175 3 7 10
175 68 37 17
175 67 31 9
175 39 3 129
175 9 14 48
175 7 19 152
175 50 35 81
175 18 43 286
175 22 1 88
175 59 11 170
176 3 43 212
176 36 31 42
176 38 13 28
176 6 19 15
176 75 1 48
176 24 7 121
176 31 49 248
177 66 13 65
177 71 7 5
177 76 9 11
177 12 55 36
177 43 22 20
177 49 25 136
177 21 1 289
177 23 46 131
177 57 37 72
177 31 31 34
178 67 19 92
178 36 7 197
178 40 11 90
178 44 1 193
178 77 4 19
178 79 13 61
178 18 34 6
178 22 22 52
178 23 25 153
178 26 28 107
178 31 49 20
179 71 3 186
179 7 5 52
179 74 1 37
179 75 7 64
179 14 13 144
179 47 25 246
179 49 22 15
179 22 17 287
179 58 39 40
180 1 31 1
180 4 43 74
180 6 22 181
180 7 1 133
180 41 19 150
180 46 13 77
180 47 55 88
180 80 5 273
180 79 7 203
180 21 49 81
180 57 37 195
181 37 55 231
181 74 15 138
181 11 11 35
181 12 1 27
181 13 5 231
181 48 8 51
181 49 19 136
181 52 22 236
181 56 13 43
181 25 37 293
182 26 1 14
182 73 10 195
182 13 23 146
182 14 19 18
182 78 7 93
182 58 5 207
182 61 17 229
183 65 1 204
183 42 7 245
183 77 10 19
183 78 5 265
183 46 19 288
183 80 23 177
183 14 25 59
183 20 37 248
183 59 15 69
184 64 1 276
184 41 28 30
184 77 7 293
184 54 13 80
185 33 25 157
185 68 55 13
185 72 40 143
185 11 17 261
185 18 49 4
185 22 47 127
185 55 7 84
185 24 43 121
185 60 13 189
186 67 16 46
186 4 55 30
186 37 7 149
186 6 40 37
186 23 13 255
186 57 4 88
186 63 1 10
187 36 25 63
187 70 5 249
187 73 1 187
187 16 31 183
187 53 11 153
187 23 13 70
187 58 3 207
187 60 7 29
188 64 5 240
188 70 10 81
188 44 2 283
188 58 51 40
188 60 13 179
188 62 7 248
189 70 10 144
189 9 13 79
189 41 1 166
189 44 28 193
189 17 17 284
189 18 4 46
189 21 49 170
189 27 43 148
189 61 7 139
190 13 3 231
190 49 13 102
190 50 17 81
190 17 1 208
190 21 25 201
190 54 31 26
190 22 7 108
190 28 21 6
191 33 55 89
191 72 22 94
191 11 7 85
191 18 1 144
191 19 5 98
191 53 9 191
191 62 31 143
192 40 47 6
192 41 19 4
192 10 17 10
192 47 1 229
192 79 7 182
192 48 13 166
192 50 22 36
192 22 29 261
192 59 5 69
193 69 28 132
193 6 34 15
193 74 37 9
193 11 17 29
193 75 25 298
193 12 7 173
193 24 43 250
193 57 1 54
193 59 19 69
193 63 13 63
194 1 7 1
194 3 1 261
194 35 13 206
194 8 55 177
194 43 16 136
194 77 19 82
194 59 25 256
195 35 19 102
195 7 1 91
195 71 5 186
195 13 47 231
195 14 13 297
195 47 7 161
195 53 3 212
195 28 31 21
196 2 43 40
196 35 25 25
196 3 19 134
196 6 34 144
196 7 37 30
196 44 28 106
196 14 13 18
196 16 55 28
196 18 31 5
196 54 7 131
196 27 1 29
197 1 49 1
197 39 31 39
197 40 5 90
197 8 25 213
197 54 37 31
197 23 7 20
197 25 1 211
197 29 43 37
198 2 1 40
198 4 31 70
198 40 17 188
198 41 10 31
198 74 25 150
198 43 37 6
198 51 40 121
198 20 52 262
198 53 35 20
198 22 29 108
198 62 27 248
199 68 1 13
199 37 13 6
199 4 7 74
199 36 37 231
199 41 58 110
199 74 34 138
199 48 25 110
199 17 23 80
199 49 19 258
199 50 53 81
199 20 49 36
199 56 5 53
200 3 25 2
200 9 1 79
200 79 7 61
200 48 22 91
200 80 17 211
200 53 11 20
200 58 15 207
200 60 31 189
200 30 55 4
Điểm tối ưu: 1711
Thời gian: 1000063.45 ms
Trạng thái: FEASIBLE
