1114
1 5 1 121
1 9 16 84
1 12 28 104
1 14 52 113
1 17 34 8
1 19 4 33
1 20 19 143
1 24 10 112
1 25 58 13
2 33 1 132
2 34 33 65
2 3 5 120
2 4 51 89
2 10 37 111
2 13 16 6
2 19 13 33
2 21 10 8
2 24 7 30
2 29 45 68
2 30 25 25
3 2 55 44
3 5 23 124
3 7 49 102
3 8 37 58
3 39 16 119
3 11 43 26
3 12 25 104
3 14 10 113
3 16 13 79
3 21 4 8
3 26 19 4
3 28 1 43
4 2 10 44
4 37 13 100
4 39 37 119
4 7 57 102
4 11 15 47
4 14 25 113
4 16 41 79
4 17 19 149
4 28 7 95
4 30 5 25
4 31 1 42
5 34 27 65
5 6 55 82
5 8 31 58
5 11 49 47
5 13 7 118
5 16 53 105
5 17 4 150
5 26 19 32
5 27 13 39
5 28 37 43
5 31 2 116
6 4 31 78
6 5 35 25
6 6 15 114
6 36 13 108
6 8 59 142
6 9 25 13
6 20 40 115
6 21 7 63
6 22 3 135
6 26 52 4
6 28 10 95
7 2 31 137
7 3 9 120
7 37 23 9
7 6 51 82
7 39 40 119
7 12 16 37
7 14 4 15
7 16 21 79
7 20 34 143
7 23 25 9
7 29 43 68
7 31 2 35
8 2 28 137
8 34 9 123
8 36 17 108
8 7 39 102
8 39 46 119
8 11 13 142
8 20 25 143
8 22 43 135
8 23 1 9
8 27 55 49
8 29 19 68
9 33 51 56
9 4 57 86
9 38 7 41
9 8 15 58
9 6 27 114
9 9 34 84
9 13 39 6
9 15 21 130
9 17 31 59
9 25 1 48
9 31 13 1
10 33 39 56
10 2 19 44
10 3 33 58
10 37 47 100
10 13 1 6
10 14 22 113
10 16 11 105
10 17 13 59
10 19 25 101
10 25 7 48
10 28 4 43
11 2 16 137
11 38 55 41
11 39 58 119
11 9 37 84
11 12 40 37
11 13 46 111
11 16 14 105
11 19 7 33
11 24 4 136
11 29 53 68
11 31 10 1
12 32 15 81
12 35 31 44
12 4 19 78
12 5 11 124
12 8 28 142
12 10 7 76
12 12 55 104
12 20 52 143
12 26 58 4
12 27 4 39
12 28 1 95
12 29 49 68
13 32 21 114
13 35 7 109
13 5 56 25
13 10 37 76
13 12 49 104
13 14 58 15
13 17 25 59
13 20 34 115
13 22 17 135
13 26 52 32
13 30 11 25
14 33 3 56
14 2 25 137
14 3 59 120
14 36 21 108
14 7 15 102
14 8 23 142
14 10 34 76
14 19 31 101
14 21 7 134
14 23 55 32
14 26 49 32
15 33 19 56
15 3 29 120
15 35 4 109
15 37 13 9
15 38 43 41
15 10 10 111
15 14 40 113
15 15 15 68
15 16 23 79
15 25 49 48
15 29 57 68
15 31 33 42
16 34 15 120
16 36 37 71
16 8 27 58
16 12 34 104
16 20 55 115
16 21 1 128
16 28 22 43
16 29 11 126
16 30 20 139
17 2 1 137
17 34 13 99
17 4 45 86
17 37 17 100
17 9 7 84
17 14 49 113
17 18 40 138
17 25 22 48
17 26 4 32
17 28 28 43
18 34 43 123
18 40 16 64
18 9 1 13
18 13 13 111
18 14 37 113
18 16 8 105
18 17 19 2
18 19 40 101
18 24 10 24
19 2 22 32
19 4 51 86
19 38 13 41
19 40 1 94
19 7 45 102
19 10 19 111
19 11 7 142
19 12 55 37
19 18 16 90
19 22 35 135
19 30 27 139
20 2 55 137
20 3 17 58
20 4 3 89
20 36 1 108
20 9 28 13
20 10 31 111
20 15 49 100
20 21 13 8
20 25 22 44
20 27 34 49
20 29 59 68
20 30 9 139
21 5 2 25
21 40 16 85
21 10 43 76
21 18 40 90
21 22 33 135
21 24 25 30
21 27 4 49
21 29 9 126
21 30 21 25
21 31 7 116
22 39 49 119
22 11 33 142
22 12 4 104
22 13 1 125
22 19 43 101
22 21 13 73
22 25 25 48
22 28 19 55
22 29 9 68
23 4 9 86
23 38 25 41
23 6 15 82
23 11 33 26
23 12 19 104
23 16 37 79
23 17 4 59
23 19 1 101
23 27 40 49
24 2 43 137
24 5 20 121
24 7 25 69
24 40 1 134
24 9 49 84
24 11 13 26
24 17 31 2
24 18 10 138
24 22 29 135
24 25 46 48
24 29 5 68
25 35 28 44
25 4 49 78
25 38 40 53
25 39 20 126
25 8 26 142
25 9 31 13
25 18 1 90
25 27 55 39
26 2 10 137
26 34 51 38
26 5 5 121
26 39 46 126
26 37 15 100
26 40 7 94
26 9 22 13
26 19 19 33
26 24 2 24
26 26 40 4
27 32 15 11
27 33 45 56
27 2 52 44
27 35 58 109
27 4 9 78
27 39 28 126
27 10 25 111
27 11 39 47
27 14 1 15
27 16 19 105
27 29 7 68
28 33 9 56
28 37 31 9
28 40 4 94
28 11 25 26
28 14 46 113
28 16 33 79
28 19 43 33
28 20 40 143
28 24 19 30
28 25 49 44
28 27 1 49
28 29 23 68
29 2 40 137
29 7 21 102
29 14 16 15
29 17 32 149
29 19 7 103
29 21 10 21
29 22 35 138
29 24 2 30
29 25 28 48
29 30 5 139
29 31 13 35
30 32 3 81
30 34 25 123
30 37 1 100
30 38 10 53
30 39 52 126
30 8 7 58
30 10 34 111
30 11 37 26
30 12 22 37
30 13 13 125
30 17 16 150
30 22 45 135
31 3 31 120
31 4 39 86
31 36 7 71
31 5 17 25
31 35 19 109
31 40 3 71
31 37 37 100
31 10 52 111
31 11 43 142
31 22 23 138
31 26 49 4
32 33 51 132
32 2 19 137
32 4 9 89
32 36 15 71
32 9 58 84
32 12 37 104
32 13 40 125
32 18 28 90
32 20 1 115
32 25 34 13
33 3 13 58
33 36 1 71
33 5 22 121
33 38 16 41
33 6 39 82
33 40 19 71
33 10 52 76
33 11 3 47
33 12 43 37
33 21 7 148
33 27 58 39
33 28 31 43
34 35 13 44
34 6 49 114
34 9 10 13
34 10 22 76
34 15 33 130
34 16 16 105
34 19 7 138
34 20 43 143
34 26 1 32
34 30 27 25
34 31 19 42
35 33 39 132
35 34 21 99
35 35 16 109
35 5 14 124
35 7 27 102
35 11 7 26
35 12 46 37
35 13 1 75
35 14 43 15
35 22 19 135
35 25 55 13
35 26 4 4
36 32 57 11
36 34 49 65
36 38 19 41
36 7 33 69
36 40 28 71
36 10 1 111
36 12 4 37
36 18 13 55
36 19 37 103
36 24 7 136
36 27 25 39
36 29 55 68
37 34 57 99
37 35 31 109
37 4 20 86
37 6 45 114
37 39 1 119
37 12 52 104
37 19 4 103
37 22 49 138
37 25 40 44
37 27 28 39
37 29 35 68
38 32 39 11
38 34 55 120
38 35 31 49
38 37 59 9
38 38 4 41
38 40 25 134
38 7 21 69
38 13 10 125
38 14 34 113
38 26 7 4
38 31 15 2
39 34 7 38
39 3 39 58
39 4 1 86
39 36 23 71
39 37 5 100
39 39 31 126
39 10 57 111
39 12 16 104
39 19 13 101
39 20 43 115
39 23 49 9
39 26 25 4
40 32 19 11
40 33 33 56
40 34 27 38
40 36 3 108
40 37 47 9
40 11 57 26
40 12 7 104
40 13 40 118
40 14 13 113
40 25 37 48
40 27 43 39
41 2 52 137
41 34 27 99
41 3 3 120
41 16 5 79
41 17 7 2
41 18 22 55
41 20 31 143
41 24 19 24
41 27 46 39
41 31 17 116
42 35 52 49
42 4 31 86
42 37 29 9
42 38 22 41
42 7 13 69
42 8 5 58
42 11 43 47
42 12 37 37
42 16 25 105
42 21 7 73
42 29 56 126
42 31 3 42
43 33 43 132
43 35 37 44
43 36 15 108
43 4 49 115
43 7 3 102
43 14 34 15
43 16 1 79
43 17 22 2
43 20 55 143
43 21 10 63
43 27 40 39
43 29 31 68
44 33 15 56
44 2 58 137
44 4 9 37
44 37 25 100
44 38 34 53
44 7 39 69
44 36 53 71
44 18 4 90
44 19 19 103
44 21 22 101
44 28 1 55
45 4 31 89
45 36 45 71
45 40 10 64
45 10 40 76
45 12 1 104
45 13 4 75
45 14 49 15
45 16 17 79
45 19 7 101
45 22 15 138
45 26 25 32
46 32 51 11
46 3 1 58
46 35 46 109
46 5 23 42
46 39 13 119
46 8 17 142
46 10 10 76
46 9 55 84
46 19 25 103
46 22 21 135
46 31 4 35
47 32 39 114
47 34 9 65
47 35 34 109
47 3 37 120
47 39 16 126
47 40 1 85
47 9 52 84
47 11 21 47
47 13 13 118
47 23 43 9
47 29 29 68
48 35 10 109
48 3 21 120
48 10 7 111
48 11 49 26
48 13 34 6
48 15 39 100
48 17 1 59
48 18 25 138
48 20 46 143
48 21 31 8
48 28 28 55
48 30 15 139
49 32 33 11
49 4 27 86
49 5 7 25
49 40 13 85
49 16 9 79
49 18 43 55
49 19 2 138
49 21 16 21
49 22 20 138
49 26 37 4
49 27 22 39
50 32 45 11
50 34 1 123
50 4 27 37
50 37 57 9
50 39 22 119
50 12 49 37
50 20 10 115
50 23 13 32
50 25 40 48
50 26 7 32
50 27 34 39
50 28 19 43
51 34 15 123
51 2 34 44
51 4 21 115
51 5 11 121
51 36 40 71
51 14 37 15
51 16 3 79
51 19 25 33
51 20 7 143
51 21 28 8
51 25 58 44
52 32 43 81
52 3 21 58
52 5 25 124
52 6 55 114
52 8 3 58
52 12 31 37
52 14 7 15
52 16 47 79
52 17 10 150
52 20 16 143
52 22 27 135
52 31 5 87
53 32 33 81
53 2 28 32
53 3 19 120
53 37 7 9
53 40 16 29
53 9 4 13
53 12 1 37
53 16 31 105
53 18 21 90
53 22 11 135
53 24 37 24
53 28 13 43
54 37 57 100
54 40 4 29
54 12 34 37
54 13 7 75
54 16 15 79
54 17 10 2
54 18 31 138
54 21 1 21
54 22 13 135
54 24 19 136
54 28 46 43
54 29 27 68
55 34 32 99
55 39 10 119
55 9 16 13
55 15 19 100
55 17 40 8
55 18 37 90
55 21 4 21
55 30 43 139
55 31 8 87
56 32 21 81
56 3 41 58
56 36 11 108
56 37 59 100
56 5 31 42
56 4 25 119
56 12 13 104
56 20 4 115
56 22 1 135
56 24 16 110
56 30 9 25
57 34 45 38
57 13 19 118
57 16 3 105
57 17 7 59
57 25 58 48
57 26 16 4
57 27 37 39
57 28 13 95
57 29 5 126
57 30 23 139
58 33 57 56
58 34 39 123
58 35 43 109
58 7 9 69
58 9 22 84
58 12 52 37
58 16 7 79
58 18 34 90
58 20 4 143
58 25 31 48
58 26 1 4
59 32 57 81
59 3 23 120
59 35 52 109
59 5 33 25
59 7 45 69
59 10 49 76
59 11 3 142
59 13 37 75
59 15 27 100
59 21 7 128
59 23 19 9
59 27 16 39
60 35 49 49
60 4 13 78
60 37 5 9
60 38 1 41
60 6 21 82
60 8 11 142
60 36 43 108
60 9 40 84
60 18 55 90
60 22 9 135
60 28 25 43
60 31 19 124
61 32 31 114
61 35 28 49
61 37 55 100
61 6 43 82
61 40 1 64
61 13 19 75
61 16 35 105
61 17 25 2
61 19 16 103
61 24 13 30
61 28 7 43
61 30 11 139
62 32 25 11
62 33 31 132
62 34 13 38
62 35 4 44
62 38 7 53
62 15 55 130
62 17 19 8
62 21 10 128
62 22 43 138
62 25 52 48
62 26 46 4
62 29 41 126
63 2 4 137
63 37 53 100
63 39 34 119
63 10 1 76
63 14 22 15
63 18 31 90
63 19 13 103
63 20 25 115
63 26 10 32
63 29 41 68
63 30 29 25
64 7 33 102
64 40 13 134
64 8 43 58
64 9 46 84
64 11 39 142
64 13 25 6
64 15 9 100
64 21 16 136
64 27 1 39
64 28 28 95
64 29 37 68
64 31 7 1
65 4 45 78
65 39 58 126
65 8 23 58
65 10 19 76
65 15 31 100
65 16 49 105
65 18 25 55
65 22 13 138
65 23 15 9
65 25 7 13
65 30 1 139
66 34 45 65
66 2 34 137
66 36 9 108
66 5 37 25
66 37 43 100
66 4 39 89
66 8 53 142
66 24 19 112
66 27 31 39
66 29 3 126
67 2 37 137
67 4 13 89
67 5 7 42
67 40 4 85
67 10 22 111
67 11 49 142
67 14 55 113
67 20 58 115
67 25 19 13
67 29 33 68
67 30 40 25
67 31 1 87
68 4 21 89
68 37 7 100
68 39 31 119
68 7 3 69
68 9 25 84
68 10 28 111
68 14 10 15
68 15 45 130
68 20 13 115
68 25 40 13
68 27 58 49
68 30 19 25
69 36 25 108
69 4 55 78
69 38 49 53
69 39 13 126
69 6 9 114
69 9 37 13
69 13 31 6
69 15 3 130
69 22 7 135
69 23 45 32
69 26 34 4
69 27 22 49
70 33 27 132
70 37 35 100
70 39 43 119
70 18 40 55
70 20 46 115
70 21 16 128
70 24 32 24
70 25 13 13
70 28 10 43
70 29 3 68
70 30 49 25
71 33 15 132
71 34 51 99
71 35 25 109
71 4 1 78
71 8 49 58
71 9 28 84
71 12 19 37
71 22 31 135
71 23 37 9
71 24 33 110
71 26 22 4
71 27 10 49
72 2 7 137
72 36 10 71
72 5 47 25
72 38 16 53
72 6 3 82
72 9 19 84
72 10 28 76
72 14 43 113
72 15 39 130
72 16 22 105
72 22 37 135
72 26 55 4
73 2 13 137
73 35 37 109
73 3 1 120
73 38 31 41
73 7 9 102
73 8 45 58
73 39 34 126
73 40 16 124
73 9 4 84
73 13 22 6
73 27 25 49
73 28 40 43
74 38 22 53
74 39 49 126
74 8 19 58
74 11 1 26
74 13 7 6
74 14 13 15
74 15 25 130
74 17 31 150
74 18 37 138
74 25 52 13
74 31 5 144
75 32 9 81
75 3 25 120
75 36 43 71
75 5 35 121
75 38 37 53
75 4 27 78
75 40 4 134
75 9 1 84
75 8 55 58
75 16 19 79
75 20 49 143
76 34 31 38
76 3 13 120
76 35 37 49
76 37 35 9
76 39 52 119
76 11 7 47
76 20 28 143
76 22 15 135
76 24 40 27
76 25 1 44
76 27 19 49
76 31 17 2
77 32 3 11
77 34 39 65
77 36 27 108
77 8 47 142
77 40 13 64
77 16 25 79
77 18 7 90
77 19 49 103
77 21 10 136
77 28 43 43
77 29 21 68
77 30 17 139
78 34 55 65
78 4 37 78
78 37 41 9
78 5 21 124
78 38 10 41
78 36 5 108
78 17 43 150
78 21 13 148
78 22 25 135
78 26 31 4
78 29 1 126
78 31 8 124
79 32 9 11
79 33 57 132
79 35 49 109
79 3 27 120
79 5 13 42
79 36 7 108
79 40 19 94
79 11 31 47
79 22 5 135
79 23 39 32
79 24 43 112
79 25 16 48
80 5 14 121
80 37 53 9
80 9 10 84
80 11 55 142
80 14 19 15
80 18 25 90
80 25 4 48
80 26 31 32
80 27 16 49
80 29 39 68
81 4 15 86
81 6 27 82
81 39 4 119
81 11 21 26
81 12 58 37
81 14 40 15
81 24 1 27
81 27 46 49
81 29 51 68
81 30 25 139
82 35 1 109
82 12 10 104
82 15 13 130
82 20 22 143
82 21 19 148
82 22 17 138
82 24 4 112
82 30 7 139
83 2 46 44
83 3 7 120
83 35 13 109
83 5 28 121
83 37 3 100
83 34 39 99
83 19 19 101
83 21 16 55
83 25 25 44
83 26 10 4
83 29 37 126
83 30 51 25
84 32 27 81
84 34 3 65
84 35 22 109
84 38 52 53
84 6 9 82
84 9 13 84
84 12 46 104
84 16 39 79
84 25 43 48
84 31 7 144
85 32 51 81
85 38 25 53
85 39 43 126
85 40 9 85
85 10 4 76
85 16 35 79
85 18 28 115
85 20 31 115
85 21 46 55
85 29 7 126
85 31 2 2
86 34 21 38
86 3 57 58
86 4 27 89
86 8 37 142
86 13 10 58
86 14 31 113
86 20 13 143
86 21 16 134
86 24 7 27
86 26 43 4
86 28 4 55
87 37 55 9
87 38 31 53
87 39 7 119
87 8 47 58
87 12 43 104
87 13 4 6
87 18 52 90
87 19 10 101
87 26 28 4
87 28 16 95
87 29 25 68
88 35 40 109
88 36 35 71
88 37 11 9
88 7 51 69
88 8 59 58
88 5 1 124
88 14 31 15
88 19 4 101
88 25 19 48
88 28 37 55
88 31 15 116
89 2 7 44
89 3 49 120
89 36 33 71
89 37 45 100
89 6 3 114
89 4 57 89
89 13 16 125
89 17 22 150
89 18 13 90
89 20 10 143
89 31 29 42
90 2 43 44
90 35 28 109
90 3 11 120
90 38 1 53
90 39 55 119
90 9 31 84
90 10 4 111
90 11 19 142
90 13 46 6
90 17 7 149
90 22 23 135
90 24 13 136
91 32 39 81
91 33 9 132
91 3 53 58
91 37 23 100
91 8 1 142
91 12 31 104
91 13 28 75
91 14 19 113
91 17 4 2
91 24 25 24
91 29 47 68
91 31 13 144
92 2 49 137
92 3 33 120
92 39 19 119
92 9 43 13
92 11 55 47
92 14 52 15
92 18 46 90
92 19 1 103
92 22 28 138
92 24 16 24
92 25 10 48
92 29 13 68
93 33 21 132
93 34 1 99
93 3 51 58
93 7 57 69
93 40 31 64
93 10 43 111
93 12 40 104
93 14 16 113
93 16 27 79
93 19 10 33
93 20 7 115
93 24 13 24
94 2 22 137
94 4 43 89
94 5 33 124
94 38 19 53
94 8 31 142
94 11 25 47
94 18 10 55
94 25 13 48
94 27 7 49
94 29 39 126
94 30 3 139
94 31 29 1
95 34 19 65
95 36 17 71
95 5 5 42
95 38 28 41
95 10 56 76
95 15 7 130
95 19 40 33
95 20 1 143
95 21 25 8
95 25 34 48
95 30 59 25
96 34 8 99
96 38 4 53
96 39 25 126
96 13 19 6
96 15 49 130
96 16 28 105
96 19 16 33
96 20 37 115
96 25 46 13
96 27 13 49
96 31 1 1
97 3 25 58
97 37 9 9
97 5 37 121
97 40 4 64
97 12 58 104
97 21 1 63
97 24 28 110
97 25 55 48
97 26 34 32
97 28 31 95
97 29 23 126
98 33 25 56
98 2 46 137
98 36 13 71
98 4 51 39
98 37 33 9
98 13 15 75
98 16 29 79
98 17 1 149
98 18 7 55
98 22 5 138
98 27 43 49
98 29 11 68
99 34 3 38
99 5 11 42
99 6 31 82
99 38 46 53
99 8 35 58
99 10 25 76
99 12 22 104
99 16 1 105
99 18 16 115
99 19 37 33
99 26 13 4
99 27 19 39
100 2 16 44
100 35 55 109
100 4 9 39
100 38 52 41
100 8 29 58
100 9 43 84
100 12 13 37
100 13 4 125
100 14 26 15
100 17 1 150
100 20 37 143
100 25 49 13
Điểm tối ưu: 1114
Thời gian: 1000050.88 ms
Trạng thái: FEASIBLE
