1124
1 32 19 116
1 1 31 34
1 11 13 91
1 12 10 120
1 13 29 22
1 14 49 47
1 17 7 48
1 18 22 53
1 19 47 54
1 23 5 8
1 27 27 18
1 28 41 80
1 29 1 61
1 30 15 84
1 31 55 90
2 32 43 116
2 1 55 21
2 4 37 66
2 5 13 87
2 8 11 9
2 10 5 77
2 11 49 13
2 13 9 22
2 14 51 77
2 15 46 84
2 16 19 99
2 21 7 87
2 22 1 60
2 25 25 80
2 30 34 84
3 32 19 106
3 3 41 111
3 5 29 87
3 6 15 83
3 12 13 56
3 14 31 51
3 16 25 82
3 17 10 79
3 25 37 39
3 26 3 63
3 30 7 47
3 31 55 12
4 1 7 21
4 2 10 11
4 3 27 42
4 6 33 83
4 9 37 85
4 10 35 77
4 18 49 68
4 21 51 68
4 23 1 25
4 24 3 59
4 26 55 49
4 27 29 18
4 28 13 98
4 30 16 47
4 31 19 90
5 3 23 42
5 5 35 34
5 6 29 83
5 7 13 15
5 10 7 77
5 11 11 91
5 13 3 22
5 14 25 47
5 17 19 79
5 19 9 54
5 25 31 76
5 27 1 18
5 28 15 102
5 29 43 95
6 3 21 111
6 5 37 87
6 8 3 72
6 9 13 28
6 10 35 81
6 14 27 77
6 15 5 7
6 16 31 99
6 17 7 79
6 21 1 87
6 23 23 8
6 26 55 63
6 28 19 117
6 30 10 47
7 32 46 106
7 3 10 111
7 5 19 34
7 6 55 83
7 9 31 85
7 13 13 22
7 14 1 51
7 17 57 79
7 22 25 60
7 24 15 58
7 25 49 62
7 26 21 49
7 27 5 57
7 29 37 54
7 30 43 84
8 32 37 116
8 8 33 9
8 9 7 67
8 10 17 81
8 12 31 49
8 13 19 62
8 17 1 48
8 20 41 89
8 21 23 68
8 23 35 37
8 25 13 76
8 27 43 18
8 30 28 84
9 1 9 103
9 2 13 54
9 6 53 83
9 7 17 59
9 9 1 4
9 13 28 62
9 15 7 7
9 18 59 68
9 19 5 41
9 24 43 58
9 25 19 68
9 27 15 18
9 29 55 54
9 31 37 63
10 32 4 106
10 1 1 109
10 3 25 111
10 4 16 66
10 10 13 46
10 12 19 120
10 14 55 51
10 15 31 38
10 16 49 82
10 18 34 68
10 19 11 30
10 21 53 68
10 26 27 59
10 29 7 61
10 30 22 107
11 2 9 115
11 5 17 108
11 6 21 83
11 9 1 28
11 10 49 77
11 11 7 13
11 13 25 22
11 15 23 38
11 17 43 48
11 19 27 30
11 21 5 31
11 26 31 63
11 29 37 114
11 30 13 47
12 32 16 106
12 5 13 95
12 8 11 32
12 9 1 116
12 11 19 91
12 12 21 55
12 13 31 22
12 16 55 35
12 18 33 53
12 21 23 31
12 23 5 25
12 24 7 58
12 29 27 108
12 30 52 93
13 2 19 11
13 7 17 15
13 8 31 9
13 9 37 4
13 10 33 46
13 11 29 106
13 12 5 49
13 16 13 35
13 18 7 68
13 19 3 30
13 20 51 89
13 22 9 60
13 23 21 8
13 25 25 69
14 4 19 66
14 5 22 87
14 7 1 37
14 11 9 91
14 12 41 49
14 13 11 19
14 14 49 51
14 17 15 79
14 18 39 68
14 20 43 89
14 21 25 31
14 23 13 25
14 28 27 102
14 30 3 84
15 1 13 103
15 2 23 25
15 5 3 87
15 7 11 65
15 9 43 28
15 11 41 13
15 12 1 14
15 14 37 51
15 18 47 53
15 26 7 63
15 27 21 57
15 28 19 80
15 30 25 84
16 32 22 106
16 2 15 25
16 3 19 42
16 11 1 91
16 13 7 19
16 16 25 99
16 17 49 53
16 18 9 53
16 21 13 68
16 26 43 49
16 27 3 57
16 28 11 117
16 29 31 114
17 32 34 106
17 1 1 21
17 3 4 42
17 5 23 34
17 6 7 83
17 7 28 15
17 8 17 9
17 14 19 51
17 16 37 62
17 18 31 53
17 20 9 89
17 23 15 8
17 27 13 18
17 30 25 93
18 1 1 103
18 2 27 25
18 5 15 87
18 11 23 13
18 14 49 14
18 15 11 7
18 16 7 43
18 17 4 48
18 19 19 30
18 21 21 31
18 28 13 117
18 29 55 56
19 1 22 109
19 2 5 115
19 7 1 15
19 9 55 28
19 10 3 46
19 11 13 13
19 15 17 112
19 17 49 48
19 18 35 53
19 21 9 31
19 24 27 58
19 27 25 18
19 29 37 61
19 30 19 107
20 1 31 109
20 2 27 11
20 7 25 15
20 8 5 32
20 10 19 46
20 12 29 49
20 14 13 14
20 15 17 7
20 16 1 82
20 18 39 53
20 21 53 31
20 23 10 25
20 25 21 69
20 27 7 57
21 3 13 111
21 4 28 66
21 8 21 9
21 11 25 106
21 13 19 19
21 16 15 43
21 17 55 48
21 18 43 68
21 19 33 41
21 21 45 68
21 23 31 8
21 28 1 80
21 29 39 108
21 30 10 84
22 1 31 21
22 2 11 54
22 5 21 34
22 8 9 72
22 10 13 81
22 11 41 106
22 15 19 7
22 16 1 62
22 18 27 53
22 20 55 89
22 21 15 68
22 27 7 18
22 28 34 80
23 3 51 111
23 6 43 83
23 8 41 9
23 10 3 81
23 11 21 91
23 12 17 39
23 14 45 51
23 17 25 48
23 18 1 53
23 19 7 30
23 25 13 69
23 26 9 49
23 30 37 93
23 31 55 44
24 1 34 109
24 2 7 40
24 3 11 42
24 6 51 83
24 7 5 65
24 11 15 13
24 12 1 55
24 14 25 14
24 16 43 82
24 17 19 48
24 18 23 83
24 19 17 41
24 28 3 102
25 32 31 106
25 1 4 109
25 3 29 111
25 4 1 66
25 5 19 108
25 9 25 85
25 11 35 13
25 12 9 55
25 19 7 41
25 22 14 60
25 23 11 8
25 24 39 59
25 27 37 57
25 30 43 107
25 31 49 90
26 32 43 106
26 2 23 115
26 3 46 111
26 5 1 36
26 10 7 46
26 12 11 39
26 13 5 19
26 15 9 7
26 16 39 43
26 17 25 68
26 19 3 41
26 20 17 89
26 22 19 60
26 31 13 44
27 32 13 106
27 1 16 21
27 5 1 95
27 8 19 72
27 9 7 85
27 11 27 13
27 13 21 22
27 15 23 7
27 16 3 99
27 17 34 79
27 21 47 31
27 24 37 58
27 27 45 18
27 29 49 114
28 1 10 109
28 4 31 66
28 5 25 36
28 7 41 15
28 8 29 9
28 14 1 47
28 20 23 89
28 21 34 87
28 23 27 111
28 25 37 80
28 26 13 63
28 29 19 54
28 30 7 84
28 31 49 44
29 1 46 34
29 5 7 95
29 12 25 55
29 13 23 63
29 14 37 14
29 16 31 35
29 17 43 53
29 20 13 89
29 21 15 31
29 22 3 37
29 28 17 98
29 29 9 56
29 30 49 84
29 31 19 12
30 1 37 21
30 2 1 40
30 3 19 111
30 6 41 83
30 10 23 46
30 11 49 106
30 13 7 22
30 19 47 77
30 20 21 89
30 21 29 31
30 22 31 37
30 26 13 52
30 27 9 57
30 28 17 80
30 31 3 90
31 2 29 11
31 4 49 66
31 5 15 36
31 6 13 83
31 7 35 59
31 8 27 9
31 9 7 116
31 13 5 62
31 15 22 96
31 17 52 48
31 27 25 57
31 28 17 117
31 30 19 93
31 31 1 12
32 32 1 106
32 1 28 109
32 5 13 108
32 7 15 65
32 12 4 43
32 13 41 19
32 16 31 43
32 19 25 41
32 22 43 37
32 24 49 59
32 25 7 69
32 26 19 52
32 28 35 52
32 31 37 12
33 1 25 21
33 2 5 11
33 4 34 66
33 5 28 34
33 9 43 4
33 10 59 77
33 14 13 12
33 15 10 38
33 16 1 35
33 17 40 79
33 18 17 68
33 19 23 41
33 29 19 56
33 30 7 107
34 1 19 103
34 3 33 111
34 4 4 66
34 5 13 36
34 8 43 9
34 9 15 19
34 10 31 81
34 12 22 39
34 13 1 63
34 19 41 54
34 22 49 37
34 24 55 59
34 25 7 39
34 26 25 49
34 28 47 80
35 2 25 25
35 5 7 108
35 8 5 9
35 13 19 22
35 16 9 62
35 20 3 89
35 21 27 31
35 22 13 37
35 23 29 8
35 24 55 58
35 26 49 63
35 27 1 57
35 28 31 102
35 31 21 44
36 1 10 21
36 3 7 42
36 5 1 34
36 6 15 89
36 7 40 74
36 9 49 19
36 11 31 13
36 14 33 14
36 16 55 82
36 19 25 54
36 23 43 111
36 26 20 59
36 27 17 57
36 30 37 107
36 31 3 44
37 32 9 106
37 1 16 103
37 3 49 111
37 5 3 34
37 6 19 83
37 9 31 116
37 10 1 77
37 11 39 106
37 13 21 19
37 17 13 53
37 18 41 68
37 21 35 31
37 25 25 39
37 28 7 117
38 2 4 40
38 5 11 36
38 6 49 83
38 7 7 15
38 10 41 77
38 11 51 106
38 17 19 53
38 20 27 89
38 25 15 62
38 27 33 18
38 28 9 80
38 29 43 56
38 30 1 93
39 32 46 97
39 3 25 42
39 4 40 66
39 6 35 83
39 7 17 35
39 8 3 32
39 11 57 106
39 13 1 22
39 15 37 7
39 21 9 68
39 23 19 25
39 26 27 63
39 27 13 57
39 30 22 93
39 31 31 44
40 4 22 66
40 5 19 95
40 8 5 72
40 9 37 28
40 11 3 91
40 12 1 43
40 13 33 22
40 14 25 51
40 19 31 30
40 20 47 89
40 23 17 8
40 26 13 49
40 30 10 107
40 31 49 12
41 2 3 25
41 3 21 42
41 9 37 67
41 10 5 81
41 11 23 91
41 12 7 55
41 14 9 51
41 16 25 35
41 21 1 98
41 23 49 8
41 26 45 52
41 27 35 18
41 28 29 80
42 32 28 97
42 2 21 25
42 5 11 87
42 8 17 32
42 9 37 19
42 13 1 19
42 16 31 82
42 18 57 53
42 19 15 41
42 21 45 31
42 23 55 8
42 25 7 74
42 26 49 52
42 28 43 80
42 30 4 93
43 5 3 36
43 7 1 65
43 9 13 116
43 10 35 46
43 11 33 13
43 12 5 39
43 13 17 22
43 14 55 77
43 16 26 88
43 19 11 77
43 20 45 89
43 21 39 31
43 28 23 98
43 29 19 61
43 31 7 44
44 32 58 97
44 1 19 21
44 3 31 42
44 5 9 36
44 6 3 83
44 8 7 72
44 12 5 120
44 15 13 84
44 19 17 30
44 20 37 89
44 21 49 31
44 24 43 59
44 25 51 80
44 28 1 52
44 31 25 90
45 32 31 97
45 1 25 109
45 2 7 115
45 3 47 42
45 5 3 95
45 7 9 15
45 8 39 9
45 9 19 28
45 13 23 19
45 16 43 43
45 19 1 41
45 21 11 31
45 24 13 59
45 29 55 88
46 1 37 103
46 5 11 95
46 8 1 72
46 10 21 81
46 11 9 13
46 13 15 22
46 15 19 33
46 25 3 80
46 28 7 102
46 29 49 56
46 30 31 107
47 1 7 34
47 5 10 108
47 7 17 74
47 9 13 85
47 10 3 77
47 12 1 120
47 17 37 79
47 19 5 54
47 21 31 31
47 22 55 60
47 25 33 39
47 27 19 18
47 28 21 80
47 30 28 93
48 32 4 97
48 1 34 21
48 2 17 40
48 4 43 66
48 7 9 35
48 12 23 14
48 15 7 119
48 16 55 99
48 18 11 53
48 19 28 54
48 21 51 31
48 25 13 74
48 26 19 63
48 27 31 57
48 30 40 93
49 32 40 97
49 2 13 115
49 5 37 34
49 9 1 85
49 12 31 14
49 16 21 35
49 21 43 31
49 22 49 60
49 23 33 25
49 26 25 52
49 28 45 80
49 30 15 93
49 31 9 12
50 32 13 97
50 1 43 21
50 3 29 42
50 9 19 4
50 11 1 13
50 12 7 56
50 13 11 22
50 15 5 33
50 16 51 43
50 17 37 48
50 18 55 68
50 20 49 89
50 23 25 8
50 24 33 58
51 2 7 54
51 9 25 28
51 11 5 13
51 13 11 63
51 14 31 77
51 15 9 96
51 17 13 48
51 20 39 89
51 21 19 31
51 23 29 25
51 25 1 74
51 28 23 80
51 29 49 95
52 1 22 103
52 2 5 35
52 4 52 66
52 5 1 108
52 6 47 83
52 9 7 28
52 13 3 19
52 14 55 47
52 16 13 82
52 17 31 68
52 20 59 89
52 30 19 84
52 31 25 12
53 1 25 34
53 3 15 42
53 8 1 9
53 9 19 67
53 12 3 120
53 14 55 14
53 17 31 79
53 18 41 53
53 19 13 30
53 20 53 89
53 21 17 87
53 25 7 76
53 27 28 57
53 28 11 80
54 1 25 103
54 2 17 115
54 5 21 95
54 7 47 37
54 9 31 67
54 10 19 81
54 11 37 13
54 14 7 14
54 15 1 112
54 19 23 77
54 22 55 37
54 25 13 80
54 26 3 52
54 27 11 57
55 32 7 97
55 2 17 25
55 6 1 83
55 9 43 19
55 11 29 91
55 12 11 14
55 14 13 77
55 15 19 37
55 16 25 43
55 20 31 89
55 21 41 31
55 25 49 39
55 27 21 18
55 28 3 117
56 32 1 97
56 1 16 109
56 2 9 40
56 3 33 42
56 9 19 85
56 10 37 46
56 11 5 91
56 13 25 62
56 17 28 79
56 20 35 89
56 26 43 63
56 28 7 98
56 30 13 107
57 32 49 97
57 1 37 109
57 3 35 42
57 6 17 83
57 7 19 35
57 9 25 116
57 11 29 13
57 15 7 33
57 16 21 82
57 19 9 30
57 22 31 60
57 23 13 8
57 27 40 18
57 30 4 53
58 32 22 97
58 1 40 21
58 2 13 11
58 4 10 66
58 5 15 34
58 6 59 83
58 7 7 35
58 9 25 67
58 10 17 77
58 14 3 14
58 18 37 68
58 19 1 30
58 24 31 59
58 30 19 47
58 31 43 90
59 2 23 40
59 3 39 111
59 5 4 108
59 6 25 83
59 9 13 4
59 10 21 77
59 11 17 13
59 12 29 14
59 16 9 82
59 18 52 53
59 19 19 41
59 23 7 111
59 29 43 88
59 30 1 107
59 31 31 12
60 2 1 11
60 9 49 28
60 11 21 13
60 13 7 62
60 15 25 112
60 17 43 79
60 18 17 53
60 19 15 30
60 20 19 89
60 22 9 37
60 26 31 52
60 27 3 18
60 28 13 102
60 30 46 47
60 31 37 90
61 32 16 97
61 1 40 103
61 2 31 25
61 3 1 42
61 5 11 34
61 6 57 83
61 7 3 65
61 8 37 32
61 10 7 81
61 12 23 55
61 15 13 33
61 19 35 54
61 21 33 31
61 25 19 74
62 2 7 25
62 3 23 111
62 6 37 83
62 9 49 67
62 10 11 46
62 14 43 77
62 15 15 38
62 16 55 43
62 17 34 48
62 20 25 89
62 25 27 74
62 27 9 83
62 28 5 117
62 29 1 54
62 30 31 93
63 1 46 109
63 7 5 15
63 8 3 9
63 9 13 67
63 10 25 77
63 11 27 91
63 12 1 39
63 13 23 22
63 15 21 38
63 20 11 89
63 25 31 69
63 27 9 18
63 29 37 56
63 30 43 93
64 32 10 97
64 1 7 109
64 3 15 111
64 4 46 66
64 5 5 95
64 6 27 83
64 7 21 15
64 8 13 9
64 13 53 19
64 15 19 38
64 16 31 62
64 25 1 69
64 26 55 52
64 27 23 18
64 28 17 52
65 1 28 103
65 2 3 11
65 7 47 35
65 8 7 9
65 11 37 91
65 13 41 63
65 14 13 51
65 17 25 79
65 18 57 68
65 19 34 30
65 21 1 31
65 25 19 76
65 28 17 102
65 29 43 61
65 30 9 93
66 32 34 97
66 1 49 21
66 5 15 108
66 9 25 19
66 10 1 81
66 11 31 91
66 12 7 120
66 13 17 63
66 16 37 35
66 17 4 79
66 19 23 30
66 21 13 31
66 24 9 59
66 29 43 54
67 32 37 97
67 2 7 11
67 3 17 42
67 4 58 66
67 5 5 34
67 8 25 9
67 9 1 67
67 11 27 106
67 13 35 19
67 17 22 48
67 19 13 41
67 23 19 8
67 25 43 76
67 28 11 52
67 29 31 54
68 1 33 103
68 5 17 36
68 6 31 83
68 7 15 15
68 9 25 4
68 11 59 106
68 14 43 14
68 15 13 38
68 16 49 99
68 20 5 89
68 24 1 58
68 25 55 80
68 27 11 18
68 31 7 90
69 32 19 97
69 2 35 25
69 3 17 111
69 6 5 83
69 9 9 4
69 12 1 56
69 14 37 77
69 15 3 38
69 16 43 62
69 20 57 89
69 21 7 31
69 24 49 58
69 29 25 56
69 31 13 90
70 32 43 97
70 1 13 109
70 3 41 42
70 5 9 95
70 6 11 83
70 8 7 32
70 11 19 13
70 14 37 47
70 15 17 37
70 16 49 88
70 17 31 48
70 20 29 89
70 25 1 76
70 27 23 57
70 28 5 102
71 1 39 34
71 5 7 36
71 8 35 9
71 11 11 13
71 12 13 43
71 13 31 19
71 16 43 35
71 18 1 68
71 20 33 89
71 21 37 31
71 22 26 37
71 25 3 68
71 28 9 98
71 29 20 88
72 32 25 97
72 2 15 54
72 3 5 111
72 5 13 34
72 16 49 35
72 19 29 41
72 20 1 89
72 21 17 31
72 22 38 37
72 24 19 58
72 27 31 18
72 28 7 80
72 29 9 114
72 30 55 84
72 31 43 12
73 1 22 21
73 2 11 40
73 3 9 42
73 8 47 32
73 9 31 4
73 11 55 106
73 15 1 96
73 17 28 68
73 20 7 89
73 23 41 25
73 26 37 52
73 29 15 56
73 30 4 107
73 31 43 44
74 32 52 97
74 3 55 111
74 4 13 66
74 5 19 36
74 8 23 32
74 10 11 81
74 11 16 91
74 13 29 19
74 15 1 7
74 16 7 99
74 21 59 31
74 26 37 49
74 28 3 98
74 30 31 47
74 31 25 44
75 5 5 36
75 7 3 15
75 13 13 62
75 16 19 43
75 18 37 53
75 19 29 30
75 21 55 31
75 23 1 8
75 26 7 52
75 27 15 57
75 28 11 98
75 30 31 84
75 31 39 44
76 2 15 11
76 3 35 111
76 8 13 32
76 9 31 28
76 10 5 46
76 15 58 112
76 18 7 53
76 19 10 41
76 22 37 60
76 26 1 49
76 27 17 18
76 30 22 47
77 32 55 97
77 1 13 21
77 2 11 115
77 4 7 66
77 8 29 32
77 11 3 13
77 12 5 55
77 15 1 33
77 16 37 82
77 18 25 53
77 22 21 37
77 26 49 49
77 27 19 57
77 29 43 108
78 2 21 11
78 3 39 42
78 4 25 66
78 7 11 15
78 9 49 116
78 12 23 56
78 13 13 19
78 15 1 84
78 17 16 48
78 18 47 68
78 21 3 31
78 22 43 60
78 27 5 18
78 29 7 88
79 1 28 21
79 4 55 66
79 7 53 37
79 8 15 9
79 11 7 106
79 12 17 14
79 13 9 19
79 14 19 14
79 15 11 112
79 18 45 83
79 23 37 25
79 26 33 49
79 28 1 102
79 29 3 88
80 1 4 103
80 6 39 83
80 7 19 15
80 8 9 32
80 9 43 67
80 10 21 46
80 11 37 106
80 12 13 120
80 17 1 79
80 18 29 53
80 21 57 31
80 28 23 117
80 29 49 54
80 30 16 107
80 31 33 90
Điểm tối ưu: 1124
Thời gian: 600.1020 giây
Trạng thái: FEASIBLE
