1683
1 32 22 197
1 34 10 136
1 5 25 40
1 41 31 221
1 45 19 21
1 49 1 207
1 52 4 15
1 21 37 86
1 20 49 31
1 25 13 183
1 60 43 150
1 31 7 221
2 3 22 98
2 37 43 59
2 7 55 35
2 9 7 38
2 41 25 67
2 43 5 10
2 45 31 21
2 46 37 147
2 51 13 198
2 22 19 35
2 55 1 172
2 28 41 60
3 32 5 118
3 3 31 98
3 36 43 50
3 4 55 29
3 10 11 186
3 12 25 125
3 13 7 72
3 47 23 11
3 51 37 173
3 54 49 174
3 24 46 76
3 25 13 8
4 4 45 29
4 5 4 127
4 40 11 26
4 9 49 38
4 15 17 50
4 47 43 11
4 19 31 41
4 56 7 53
4 24 19 33
4 59 22 145
4 31 25 23
5 1 33 1
5 35 7 14
5 8 13 175
5 42 4 170
5 43 17 45
5 44 43 95
5 46 49 74
5 14 25 179
5 16 11 152
5 49 23 9
5 58 55 73
5 31 19 50
6 1 5 1
6 35 25 164
6 26 31 155
6 5 37 194
6 38 17 90
6 41 19 20
6 42 7 224
6 13 9 155
6 23 43 177
6 55 1 53
6 58 13 50
6 27 23 184
7 5 9 198
7 6 43 44
7 11 19 86
7 45 46 21
7 46 3 147
7 47 1 11
7 19 21 196
7 51 13 173
7 55 7 169
7 24 31 76
7 25 25 8
8 2 31 9
8 4 43 182
8 37 28 120
8 6 4 216
8 7 13 114
8 10 23 177
8 44 37 95
8 15 1 87
8 16 7 120
8 31 58 173
9 32 27 139
9 6 7 83
9 40 49 32
9 11 19 52
9 28 41 159
9 46 31 75
9 48 21 166
9 49 5 75
9 24 13 204
9 27 25 144
9 60 1 77
10 32 7 118
10 34 22 55
10 36 16 157
10 4 25 29
10 39 5 137
10 11 13 52
10 45 1 21
10 16 33 28
10 18 49 39
10 20 43 31
10 53 10 90
11 36 31 18
11 40 47 26
11 27 17 154
11 43 25 85
11 10 41 3
11 46 37 88
11 14 9 183
11 56 4 70
11 59 7 194
11 31 34 178
12 32 19 118
12 3 55 182
12 4 9 34
12 37 4 190
12 38 7 35
12 41 37 67
12 42 41 37
12 21 14 103
12 24 1 14
12 29 31 123
12 31 25 97
13 35 43 164
13 40 25 48
13 43 5 85
13 15 28 50
13 16 16 152
13 17 31 57
13 50 58 4
13 52 13 188
13 55 11 42
13 26 19 38
13 29 7 114
14 34 13 144
14 35 25 9
14 3 4 199
14 38 1 35
14 39 35 137
14 8 43 78
14 60 31 141
14 17 10 153
14 52 16 75
14 56 7 70
14 28 22 159
14 30 19 219
15 36 49 157
15 37 16 190
15 41 7 98
15 43 13 67
15 48 55 184
15 17 22 57
15 52 4 188
15 21 37 158
15 24 19 78
15 28 27 176
16 32 23 74
16 2 13 150
16 8 16 78
16 44 49 95
16 15 29 18
16 47 37 11
16 17 40 57
16 51 1 156
16 21 25 158
16 53 59 41
16 56 7 2
16 58 31 50
17 35 49 19
17 36 55 194
17 39 13 87
17 41 19 186
17 42 15 102
17 11 5 86
17 44 7 95
17 16 25 25
17 23 39 142
17 59 37 3
17 28 17 144
17 29 31 172
18 1 29 1
18 5 22 127
18 39 11 203
18 10 7 177
18 12 3 186
18 28 1 159
18 19 13 13
18 22 16 135
18 25 55 8
18 60 25 82
18 29 43 123
18 31 19 23
19 32 28 27
19 10 7 176
19 12 31 217
19 47 25 11
19 48 15 100
19 16 10 13
19 21 49 46
19 22 1 135
19 55 13 169
19 25 19 195
19 27 47 64
20 32 28 53
20 35 3 9
20 5 16 138
20 10 35 3
20 12 37 17
20 17 13 64
20 21 7 9
20 53 53 7
20 54 43 142
20 24 19 204
20 28 1 144
20 29 49 149
21 32 3 197
21 33 1 202
21 37 13 32
21 6 22 198
21 40 11 7
21 42 35 14
21 13 25 151
21 20 7 126
21 21 49 35
21 27 41 35
21 31 16 97
22 32 1 98
22 2 19 150
22 5 43 198
22 7 34 140
22 41 13 141
22 43 3 74
22 16 5 28
22 50 37 80
22 18 31 212
22 52 22 187
22 57 7 4
22 58 25 73
23 34 10 55
23 3 7 199
23 41 43 32
23 11 47 144
23 43 5 102
23 46 49 88
23 15 23 116
23 48 55 146
23 17 19 98
23 54 31 198
23 56 16 70
23 58 37 50
24 34 52 188
24 3 16 26
24 4 31 110
24 2 19 194
24 38 4 32
24 7 40 168
24 42 47 9
24 16 1 25
24 19 13 7
24 24 28 76
24 26 7 86
25 2 7 150
25 36 28 157
25 8 52 175
25 41 1 20
25 43 19 10
25 12 43 188
25 13 37 218
25 16 59 203
25 50 10 80
25 52 49 15
25 21 31 103
26 37 15 182
26 38 11 14
26 39 5 173
26 8 40 175
26 43 13 85
26 12 55 17
26 13 25 72
26 15 29 72
26 53 1 160
26 22 7 135
26 30 34 219
27 26 1 155
27 36 9 188
27 8 46 175
27 41 55 23
27 14 37 76
27 18 43 178
27 51 19 144
27 53 25 183
27 58 13 73
27 59 5 3
27 29 49 114
28 58 31 73
28 39 35 59
28 42 7 102
28 15 1 182
28 49 3 207
28 20 37 126
28 53 28 205
28 25 55 42
28 26 43 60
28 27 5 164
29 36 19 59
29 37 25 120
29 10 22 48
29 11 16 59
29 14 10 177
29 46 55 74
29 47 51 11
29 19 7 68
29 54 1 105
29 23 43 165
29 26 31 26
30 35 43 19
30 38 23 32
30 40 21 32
30 42 2 51
30 48 25 45
30 17 13 163
30 19 16 68
30 23 37 165
30 56 58 53
30 24 4 204
30 57 7 116
31 33 5 96
31 3 13 128
31 36 1 187
31 10 7 108
31 11 17 86
31 12 25 124
31 45 34 21
31 14 19 92
31 50 40 80
31 55 9 172
31 24 43 48
31 30 49 133
32 32 35 60
32 36 40 187
32 38 1 90
32 11 3 52
32 45 13 136
32 49 28 21
32 20 19 31
32 52 55 32
32 53 17 95
32 55 11 115
32 25 43 8
32 29 7 187
33 2 37 56
33 37 13 158
33 38 23 90
33 41 31 179
33 43 5 74
33 45 49 21
33 46 19 88
33 16 1 152
33 21 43 103
33 22 25 114
33 27 7 164
33 30 10 133
34 1 19 1
34 5 46 127
34 7 21 41
34 40 35 74
34 10 5 172
34 52 25 199
34 55 3 223
34 22 31 114
34 23 13 37
34 57 49 4
34 27 7 191
34 25 37 195
35 36 25 50
35 5 19 158
35 37 28 190
35 38 5 59
35 6 22 33
35 13 1 27
35 16 9 25
35 22 31 135
35 23 49 71
35 54 43 140
36 32 7 139
36 33 29 33
36 3 55 199
36 11 21 74
36 17 16 16
36 51 31 163
36 52 49 60
36 53 23 4
36 25 37 183
36 59 4 7
36 28 1 60
36 31 10 109
37 1 1 1
37 6 7 173
37 8 46 78
37 41 19 67
37 12 31 186
37 14 16 92
37 46 55 3
37 20 37 31
37 52 49 48
37 24 25 59
37 27 3 164
38 33 29 30
38 34 55 98
38 4 25 224
38 5 31 216
38 40 19 48
38 12 49 186
38 45 34 136
38 13 37 143
38 48 21 14
38 51 1 163
38 22 16 114
38 56 13 53
39 1 17 1
39 37 31 59
39 42 53 75
39 44 43 160
39 46 3 214
39 15 1 58
39 47 27 11
39 19 19 13
39 52 10 64
39 31 7 97
40 3 7 182
40 4 1 29
40 5 13 9
40 7 16 168
40 8 25 78
40 43 11 67
40 12 37 217
40 16 5 209
40 50 58 80
40 23 19 125
41 33 11 202
41 6 7 216
41 9 55 33
41 46 49 156
41 18 1 23
41 21 31 106
41 54 19 47
41 25 25 41
41 27 53 154
41 29 37 149
41 30 13 219
42 33 5 60
42 35 37 184
42 3 44 128
42 5 1 158
42 39 7 85
42 47 21 11
42 51 31 122
42 52 49 41
42 53 23 216
42 24 16 76
42 30 10 219
43 32 11 27
43 3 1 199
43 12 7 124
43 45 4 21
43 13 37 203
43 47 41 11
43 48 49 100
43 14 13 152
43 20 43 126
43 55 28 172
43 25 31 8
43 31 25 178
44 1 43 1
44 3 19 64
44 6 55 40
44 7 25 168
44 9 1 33
44 42 47 203
44 14 28 179
44 46 37 172
44 17 16 57
44 52 22 75
44 21 31 127
44 24 9 175
45 34 31 65
45 2 55 56
45 36 21 53
45 35 49 14
45 39 17 85
45 41 43 67
45 10 7 192
45 13 13 151
45 56 10 2
45 30 28 219
45 31 4 97
46 4 1 110
46 42 11 170
46 43 31 224
46 46 7 7
46 16 16 120
46 49 5 151
46 19 34 9
46 20 55 126
46 52 37 187
46 24 19 7
46 60 43 159
47 3 7 64
47 4 1 191
47 7 55 6
47 40 10 32
47 41 37 224
47 12 19 72
47 13 25 203
47 14 13 117
47 50 16 80
47 60 31 159
47 31 43 23
48 32 11 81
48 37 37 91
48 8 34 175
48 9 13 33
48 27 40 154
48 45 31 136
48 46 19 156
48 17 46 57
48 51 25 173
48 24 52 198
48 59 17 121
48 60 1 141
49 1 27 1
49 10 5 177
49 43 9 10
49 45 19 136
49 14 15 177
49 47 59 11
49 16 43 13
49 50 55 4
49 55 23 115
49 28 13 60
49 29 45 98
50 33 1 111
50 12 3 217
50 48 49 224
50 16 47 3
50 51 7 163
50 52 25 122
50 19 16 203
50 22 58 35
50 23 37 167
50 56 28 88
50 60 19 216
51 32 5 81
51 11 29 64
51 12 13 17
51 47 47 11
51 17 33 224
51 19 43 91
51 20 1 31
51 21 37 151
51 56 51 194
51 57 25 116
51 31 7 178
52 1 13 1
52 40 29 7
52 8 43 175
52 43 15 10
52 12 25 64
52 13 3 218
52 15 35 87
52 17 31 175
52 22 49 75
52 25 37 8
52 59 1 3
52 30 7 219
53 32 23 72
53 35 43 41
53 37 1 59
53 42 11 114
53 13 7 151
53 46 13 156
53 47 29 11
53 20 55 31
53 21 31 35
53 55 5 54
53 26 25 196
53 27 35 191
54 2 43 56
54 7 1 41
54 39 49 42
54 41 13 224
54 10 29 3
54 43 7 45
54 14 40 117
54 55 23 169
54 25 55 195
54 26 25 86
54 59 17 6
55 1 31 1
55 7 10 168
55 8 13 78
55 9 49 33
55 11 53 59
55 14 37 117
55 15 47 116
55 52 7 15
55 22 19 135
55 58 1 73
55 30 16 219
56 33 43 192
56 41 55 9
56 43 31 161
56 12 37 186
56 46 26 75
56 16 10 48
56 49 41 182
56 23 3 167
56 59 1 6
56 60 33 77
57 33 7 30
57 34 25 15
57 3 19 183
57 38 47 32
57 11 53 74
57 14 13 92
57 19 16 7
57 21 37 103
57 53 9 205
57 54 1 184
57 55 5 115
57 31 22 178
58 33 10 89
58 3 55 183
58 37 7 158
58 41 13 23
58 12 31 124
58 14 25 152
58 17 58 158
58 19 45 7
58 21 21 142
58 54 37 105
58 59 1 145
59 1 37 1
59 35 19 164
59 36 33 48
59 37 7 18
59 43 1 161
59 44 25 95
59 47 39 11
59 48 3 146
59 16 31 23
59 55 13 223
59 60 49 77
60 3 19 128
60 9 1 38
60 13 55 15
60 48 49 26
60 18 16 39
60 19 13 68
60 20 9 31
60 53 41 144
60 54 25 105
60 52 22 199
60 59 7 215
60 28 5 183
61 3 43 58
61 36 46 50
61 5 52 48
61 8 10 78
61 9 55 38
61 42 4 51
61 10 8 142
61 19 22 68
61 20 13 31
61 21 31 117
61 55 1 115
62 1 45 1
62 37 49 203
62 8 58 175
62 43 5 67
62 15 17 72
62 47 7 11
62 17 9 16
62 18 19 25
62 19 13 72
62 20 25 31
62 21 1 106
62 27 33 184
63 32 10 53
63 37 7 190
63 7 3 168
63 13 25 154
63 16 17 209
63 18 19 101
63 51 31 156
63 21 13 46
63 53 1 196
63 23 43 125
63 60 37 82
64 33 11 30
64 34 46 65
64 35 37 14
64 37 13 86
64 38 53 35
64 40 35 160
64 43 1 102
64 45 16 21
64 21 19 151
64 22 7 144
64 57 31 116
64 26 3 50
65 2 25 42
65 5 3 138
65 45 37 136
65 46 7 88
65 51 55 156
65 52 40 32
65 22 28 122
65 21 31 46
65 55 1 169
65 60 19 141
66 2 28 42
66 4 1 224
66 6 43 83
66 27 11 60
66 45 25 136
66 48 37 146
66 51 13 15
66 54 31 105
66 55 7 115
66 24 52 50
66 59 9 121
67 1 39 1
67 3 22 183
67 4 49 29
67 35 55 72
67 42 5 37
67 11 43 74
67 46 31 147
67 14 7 76
67 16 10 142
67 17 13 16
67 52 28 15
67 23 1 71
68 33 23 30
68 34 10 15
68 6 58 216
68 39 17 224
68 12 43 199
68 15 29 182
68 50 34 80
68 51 13 122
68 21 37 46
68 23 19 167
68 57 49 116
68 60 3 159
69 8 28 78
69 10 7 48
69 43 5 184
69 13 9 218
69 47 55 11
69 49 43 7
69 20 49 126
69 53 35 216
69 26 13 40
69 30 22 133
69 31 1 173
70 1 9 1
70 3 22 128
70 39 11 165
70 8 4 78
70 42 7 26
70 10 19 176
70 44 31 95
70 41 13 179
70 17 1 57
70 28 17 23
71 3 1 128
71 36 7 157
71 5 10 127
71 12 25 186
71 45 22 136
71 16 13 120
71 49 17 142
71 22 40 135
71 55 5 38
71 24 31 204
71 26 43 3
72 2 19 203
72 35 25 19
72 27 5 191
72 42 3 37
72 13 45 27
72 15 1 50
72 23 13 142
72 24 49 188
72 59 43 196
72 29 7 123
73 36 16 48
73 38 23 144
73 7 25 140
73 10 39 3
73 43 7 198
73 13 19 27
73 46 1 88
73 50 52 80
73 21 9 117
73 53 29 35
73 25 31 195
74 58 19 73
74 5 1 127
74 8 49 78
74 10 11 176
74 47 5 11
74 52 37 32
74 21 25 117
74 26 31 60
74 27 15 191
74 29 7 149
75 1 41 1
75 36 31 187
75 45 7 21
75 14 49 216
75 16 13 25
75 49 19 157
75 51 37 19
75 21 15 41
75 22 10 135
75 60 1 64
75 29 43 26
76 35 49 64
76 36 46 14
76 39 23 203
76 7 9 6
76 9 31 38
76 15 13 182
76 16 5 25
76 51 37 122
76 54 19 188
76 23 25 71
76 26 15 196
76 28 1 183
77 33 7 96
77 2 13 56
77 36 46 48
77 6 3 44
77 38 1 82
77 48 55 100
77 56 33 165
77 24 10 143
77 26 19 19
77 60 37 144
77 30 25 219
78 3 55 64
78 37 1 91
78 39 37 178
78 8 22 175
78 42 29 9
78 14 52 216
78 47 31 11
78 48 43 166
78 18 19 8
78 50 49 80
78 25 7 195
78 26 25 155
79 4 37 35
79 37 19 218
79 40 27 48
79 10 1 176
79 43 17 106
79 15 4 91
79 51 7 212
79 23 13 71
79 55 29 188
79 26 31 40
79 28 35 176
80 1 21 1
80 3 25 58
80 39 11 87
80 43 5 106
80 12 31 58
80 46 43 158
80 47 53 11
80 25 13 6
80 58 49 73
80 59 7 6
80 31 1 48
81 32 16 139
81 2 25 194
81 46 49 3
81 49 7 75
81 51 55 78
81 20 1 126
81 21 31 158
81 28 5 176
82 3 4 128
82 8 31 78
82 9 13 38
82 43 11 10
82 45 40 21
82 46 45 147
82 15 29 126
82 14 1 117
82 22 55 75
82 25 7 42
82 27 53 191
82 29 25 108
83 5 19 9
83 40 29 48
83 43 7 10
83 14 10 92
83 47 33 11
83 48 1 45
83 53 35 194
83 22 49 122
83 59 41 145
83 29 13 18
84 36 1 18
84 5 46 198
84 44 31 160
84 45 7 136
84 47 15 11
84 16 13 4
84 18 25 39
84 52 43 122
84 20 19 126
84 21 37 216
84 60 55 159
84 31 4 221
85 34 13 59
85 35 37 188
85 43 53 10
85 11 29 196
85 12 55 58
85 46 7 156
85 55 5 169
85 25 49 195
85 26 43 155
85 30 1 219
86 33 5 33
86 4 13 29
86 39 37 142
86 8 34 78
86 42 23 50
86 43 17 67
86 44 25 160
86 48 43 146
86 19 39 13
86 57 19 4
86 60 1 150
86 30 31 133
87 42 17 170
87 10 1 177
87 44 49 160
87 13 25 142
87 15 29 91
87 17 4 153
87 50 22 80
87 19 31 203
87 21 13 127
87 56 7 107
87 30 40 219
88 2 1 56
88 3 46 58
88 6 22 181
88 7 19 114
88 9 25 33
88 47 17 11
88 20 13 126
88 26 7 196
88 28 4 23
88 30 31 219
89 1 35 1
89 7 25 74
89 13 31 154
89 19 19 68
89 21 55 14
89 23 13 167
89 24 22 91
89 56 43 70
89 60 7 82
89 30 4 219
89 31 1 178
90 33 7 183
90 37 13 75
90 5 19 127
90 39 1 137
90 8 37 78
90 12 49 217
90 21 9 35
90 54 55 18
90 53 4 205
90 26 43 187
90 60 31 64
90 31 16 178
91 33 3 30
91 4 31 144
91 5 38 40
91 39 41 192
91 41 51 32
91 42 7 51
91 43 9 45
91 46 25 147
91 51 43 28
91 53 47 182
91 22 15 187
92 33 1 74
92 8 25 175
92 11 7 52
92 12 43 17
92 47 3 11
92 50 28 80
92 53 5 62
92 55 17 38
92 56 37 59
92 29 19 58
93 32 11 9
93 35 49 184
93 5 19 138
93 39 13 137
93 14 22 64
93 47 57 11
93 16 5 13
93 50 31 4
93 20 25 126
93 55 3 53
93 27 1 114
93 30 7 133
94 6 7 44
94 39 29 60
94 9 31 33
94 59 49 6
94 13 37 155
94 47 45 11
94 48 19 45
94 49 10 216
94 24 1 76
94 25 25 195
94 26 13 3
94 27 17 126
95 43 33 10
95 11 17 3
95 13 43 218
95 12 37 64
95 16 7 160
95 18 52 101
95 51 13 28
95 53 47 60
95 21 1 46
95 23 9 167
95 29 55 142
96 35 1 19
96 37 13 14
96 7 43 184
96 42 11 223
96 12 7 217
96 13 55 143
96 44 37 160
96 48 49 166
96 51 19 15
96 22 28 175
96 29 31 196
97 32 23 158
97 35 31 188
97 38 58 32
97 44 1 95
97 19 7 13
97 56 10 70
97 57 19 116
97 60 13 74
97 30 28 133
97 31 46 194
98 32 17 9
98 2 10 56
98 41 31 20
98 53 19 196
98 21 43 216
98 23 25 177
98 54 1 198
98 57 13 116
98 27 23 108
99 2 7 56
99 34 40 59
99 4 13 42
99 37 32 190
99 38 1 203
99 8 22 78
99 44 3 160
99 53 47 216
99 22 10 18
99 23 43 37
99 27 19 184
99 29 25 188
100 32 19 139
100 41 9 141
100 11 17 52
100 13 31 108
100 17 52 108
100 19 14 216
100 52 37 199
100 18 25 18
100 55 21 54
100 24 46 143
100 59 3 196
101 33 17 30
101 35 9 164
101 37 40 194
101 40 29 160
101 42 7 170
101 50 19 80
101 19 31 68
101 21 43 35
101 53 53 90
101 26 13 155
101 29 1 123
101 30 25 133
102 34 25 55
102 2 13 203
102 12 19 17
102 45 10 21
102 46 55 172
102 48 1 100
102 49 17 32
102 16 47 13
102 18 31 101
102 54 43 75
103 34 32 55
103 35 55 19
103 36 13 157
103 6 46 221
103 44 9 160
103 48 25 20
103 51 37 198
103 52 19 75
103 53 1 216
103 22 16 175
103 28 3 60
104 3 10 128
104 39 5 87
104 41 43 38
104 42 7 188
104 14 49 117
104 15 17 18
104 16 19 142
104 49 34 142
104 50 31 80
104 19 1 7
104 54 25 47
104 26 37 18
105 2 37 42
105 3 28 98
105 41 55 179
105 46 49 169
105 16 1 13
105 20 31 31
105 21 43 151
105 27 9 191
105 29 13 108
105 31 22 23
106 38 17 198
106 7 28 6
106 8 49 175
106 43 13 10
106 13 37 27
106 60 19 77
106 48 9 166
106 49 41 9
106 50 25 80
106 22 3 182
106 28 23 194
107 34 28 58
107 5 9 224
107 41 31 67
107 12 49 58
107 47 13 11
107 51 37 212
107 21 55 86
107 54 43 47
107 55 1 54
107 25 3 194
107 29 19 108
107 30 16 133
108 4 13 110
108 5 10 40
108 10 17 172
108 48 37 20
108 17 1 16
108 50 7 80
108 52 25 32
108 23 55 60
108 56 34 107
108 57 43 4
108 59 4 121
108 24 31 91
109 32 7 175
109 2 31 56
109 5 13 138
109 37 4 18
109 10 17 116
109 46 38 214
109 49 25 157
109 56 1 70
109 24 34 76
109 27 22 26
109 30 43 219
110 33 37 192
110 35 49 23
110 8 40 78
110 41 13 20
110 10 4 108
110 14 7 152
110 49 47 41
110 18 25 180
110 19 28 194
110 22 10 122
110 31 22 97
111 4 7 29
111 37 21 86
111 40 3 75
111 41 25 141
111 11 1 52
111 16 41 48
111 48 37 7
111 17 34 57
111 18 13 26
111 28 5 26
111 29 55 114
112 34 13 65
112 5 43 194
112 38 11 116
112 59 9 145
112 44 55 160
112 45 28 136
112 14 1 179
112 15 35 182
112 23 19 37
112 27 4 35
113 34 15 98
113 35 31 72
113 36 4 14
113 11 19 74
113 43 7 23
113 46 21 214
113 47 9 11
113 17 58 108
113 51 37 15
113 21 25 3
113 29 49 172
113 30 1 133
114 33 29 74
114 35 19 224
114 3 32 128
114 37 13 190
114 6 49 108
114 39 43 42
114 8 4 175
114 41 9 23
114 47 35 11
114 16 41 33
114 18 16 101
114 25 45 42
115 3 16 128
115 38 41 203
115 9 7 33
115 47 11 11
115 16 34 203
115 17 13 57
115 50 2 80
115 52 31 199
115 21 25 103
115 54 19 140
115 26 37 196
115 59 5 215
116 33 5 30
116 5 16 158
116 42 1 9
116 12 19 217
116 45 43 136
116 28 3 113
116 48 49 196
116 50 46 80
116 51 27 144
116 55 35 115
116 58 7 73
116 60 37 141
117 2 16 150
117 3 19 182
117 4 37 110
117 37 25 14
117 13 49 154
117 14 28 152
117 46 45 88
117 12 31 17
117 51 1 28
117 21 7 46
117 54 55 26
118 34 31 15
118 3 7 128
118 4 43 110
118 38 34 32
118 43 5 45
118 48 37 100
118 19 25 91
118 53 53 42
118 26 1 40
118 29 55 196
119 36 43 72
119 5 25 127
119 38 29 14
119 7 7 140
119 39 5 42
119 11 10 52
119 16 31 28
119 19 16 13
119 52 34 15
119 25 49 8
119 26 1 26
119 31 37 97
120 2 37 9
120 4 31 29
120 37 7 32
120 8 19 175
120 41 43 186
120 11 25 52
120 23 1 165
120 55 11 38
120 57 15 4
120 28 5 113
120 30 22 219
121 34 55 55
121 35 7 184
121 40 41 160
121 41 49 27
121 10 19 172
121 43 29 10
121 44 21 160
121 45 58 21
121 50 1 4
121 53 11 215
121 54 13 47
121 27 4 114
122 1 25 1
122 40 41 74
122 10 17 186
122 46 7 147
122 14 1 92
122 15 11 58
122 49 27 182
122 51 37 34
122 22 22 35
122 60 31 82
122 31 4 48
123 2 40 42
123 35 14 164
123 36 55 59
123 39 1 42
123 7 3 6
123 40 22 7
123 14 37 58
123 19 45 196
123 52 28 32
123 55 7 223
123 56 49 53
123 29 33 7
124 33 7 111
124 34 28 55
124 35 9 19
124 3 49 199
124 5 19 40
124 38 13 82
124 55 3 54
124 22 43 18
124 54 37 75
124 25 33 6
124 59 59 7
125 32 59 9
125 39 29 165
125 41 31 27
125 10 47 142
125 14 10 76
125 49 4 41
125 21 43 9
125 22 52 182
125 56 7 59
125 58 55 50
125 30 13 133
125 31 1 221
126 32 41 216
126 38 5 90
126 8 52 78
126 41 19 221
126 19 28 23
126 23 7 60
126 22 34 114
126 54 55 198
126 26 1 86
126 31 49 50
127 33 43 33
127 35 15 184
127 10 23 3
127 43 3 10
127 15 5 126
127 48 55 20
127 49 21 207
127 21 25 216
127 54 37 60
127 53 1 205
127 56 10 194
128 36 1 32
128 7 13 161
128 40 53 160
128 10 35 116
128 44 55 95
128 16 5 116
128 20 31 126
128 21 19 117
128 53 41 7
128 26 7 58
128 60 49 183
129 1 7 1
129 26 49 155
129 3 58 64
129 39 17 42
129 44 13 160
129 47 19 11
129 21 21 46
129 56 34 183
129 58 43 73
129 27 47 164
129 28 1 113
129 30 4 133
130 2 1 72
130 5 52 158
130 39 17 87
130 42 7 37
130 13 55 203
130 15 25 182
130 17 19 16
130 49 31 7
130 56 4 65
130 59 13 194
131 4 49 191
131 41 33 23
131 10 29 143
131 11 23 59
131 12 13 125
131 14 7 92
131 54 1 174
131 56 43 224
131 57 37 116
131 26 25 187
131 59 17 215
131 29 19 123
132 40 29 26
132 41 43 141
132 10 31 177
132 42 53 9
132 9 37 33
132 45 25 21
132 16 33 13
132 49 5 207
132 50 13 80
132 25 19 6
132 60 49 18
132 30 55 133
133 5 10 138
133 37 43 14
133 6 7 40
133 48 49 20
133 49 5 157
133 50 28 4
133 24 25 38
133 25 19 42
133 60 15 77
133 29 37 123
133 57 1 116
134 32 7 81
134 33 29 96
134 4 19 34
134 37 31 86
134 5 25 198
134 8 1 78
134 10 15 192
134 56 4 2
134 24 46 59
134 27 13 184
134 28 34 187
135 4 49 72
135 37 37 190
135 36 15 194
135 5 19 198
135 60 43 108
135 54 25 35
135 57 55 116
135 26 7 3
135 59 31 215
135 28 13 187
135 31 22 18
136 37 19 91
136 38 5 198
136 7 58 187
136 8 7 78
136 12 49 17
136 17 16 153
136 18 1 180
136 52 55 188
136 53 11 205
136 22 37 135
136 25 31 14
136 60 43 77
137 35 49 9
137 45 1 136
137 16 11 4
137 17 55 16
137 48 25 7
137 53 35 196
137 54 19 105
137 23 7 125
137 56 13 70
137 60 37 108
138 1 3 1
138 7 10 140
138 9 37 38
138 42 41 198
138 11 59 3
138 45 22 21
138 15 5 72
138 47 49 11
138 50 34 4
138 18 25 212
138 22 19 122
138 56 13 2
139 33 1 89
139 37 19 18
139 6 52 141
139 42 35 170
139 10 17 216
139 45 37 21
139 46 43 156
139 18 7 101
139 50 55 80
139 54 25 26
139 28 11 187
140 33 35 64
140 2 40 150
140 7 25 184
140 39 23 85
140 43 11 45
140 12 1 124
140 55 5 53
140 56 16 107
140 57 43 116
140 26 31 19
140 60 7 77
141 35 55 224
141 36 25 53
141 7 37 114
141 39 16 137
141 59 11 145
141 41 7 179
141 42 1 75
141 12 49 124
141 44 21 95
141 51 31 194
141 27 5 154
141 31 13 48
142 32 5 142
142 2 31 42
142 26 37 26
142 8 1 175
142 27 29 108
142 45 16 136
142 51 25 28
142 58 9 50
142 59 53 64
142 28 7 113
142 31 22 109
143 3 22 182
143 4 1 34
143 10 25 192
143 48 27 146
143 18 34 180
143 22 46 18
143 25 15 60
143 57 37 4
143 59 13 121
143 60 55 155
143 30 19 133
143 31 7 109
144 1 23 1
144 34 1 15
144 35 43 64
144 41 25 221
144 42 59 60
144 43 7 67
144 44 13 95
144 45 4 136
144 16 53 156
144 48 49 7
144 19 10 91
144 56 19 2
145 6 31 32
145 7 7 203
145 8 37 175
145 11 11 3
145 12 1 17
145 15 34 18
145 48 55 7
145 50 25 4
145 22 22 114
145 56 19 107
145 60 15 82
146 4 55 41
146 5 37 127
146 40 19 160
146 43 7 106
146 12 21 124
146 14 16 64
146 50 43 80
146 52 34 41
146 22 1 122
146 27 11 158
146 29 49 187
146 30 46 133
147 37 49 120
147 7 34 161
147 40 17 160
147 9 45 33
147 11 21 52
147 12 7 17
147 50 4 4
147 53 1 62
147 21 25 106
147 27 11 191
147 30 37 219
147 31 55 178
148 1 11 1
148 4 7 41
148 36 40 72
148 10 25 176
148 43 13 45
148 46 31 88
148 49 23 151
148 22 37 182
148 55 5 223
148 26 15 58
148 28 35 26
148 31 19 178
149 6 49 141
149 43 41 85
149 45 13 21
149 46 37 169
149 16 35 33
149 18 10 180
149 19 7 91
149 52 52 15
149 53 16 35
149 26 31 3
149 59 1 215
150 2 34 56
150 26 49 86
150 36 16 14
150 37 4 203
150 6 31 83
150 8 55 175
150 10 23 172
150 12 25 17
150 18 13 35
150 56 1 2
150 24 7 143
150 58 37 73
Điểm tối ưu: 1683
Thời gian: 1000479.46 ms
Trạng thái: FEASIBLE
