148
1 2 21 2
1 8 47 9
1 16 43 5
1 19 15 1
2 4 15 2
2 11 55 3
2 17 31 8
3 1 58 1
3 6 34 8
3 13 7 3
4 10 15 6
4 11 25 3
4 12 43 2
5 3 13 7
5 12 45 2
5 16 31 9
6 3 17 7
6 8 19 9
6 14 55 8
6 16 49 9
7 1 55 5
7 6 22 3
7 12 11 2
7 13 49 3
8 9 11 3
8 13 37 1
8 16 1 10
9 1 19 5
9 4 1 2
9 18 25 4
10 8 35 9
10 9 3 6
10 16 37 10
11 1 52 5
11 9 29 3
11 13 15 3
12 7 25 6
12 16 1 9
12 17 13 4
12 18 27 7
13 8 29 9
13 11 31 7
14 6 1 3
14 14 7 8
14 16 31 10
14 20 5 5
15 4 49 2
16 6 49 5
16 9 19 6
16 12 53 2
17 4 55 2
18 3 25 7
18 14 22 8
18 16 1 5
19 2 27 2
19 8 11 9
19 10 5 6
19 20 7 10
20 12 35 2
20 13 55 9
21 1 28 5
21 6 43 8
21 13 21 9
21 17 1 8
22 10 17 6
22 14 13 8
22 20 35 5
23 3 23 7
23 16 43 9
23 19 25 1
24 7 13 6
24 11 15 10
24 13 37 9
24 18 1 7
25 9 9 6
26 13 49 1
26 17 58 8
27 6 43 3
27 12 47 2
27 14 52 8
28 6 40 8
29 1 58 5
29 8 41 9
30 3 5 7
31 6 10 8
31 9 27 6
31 12 13 2
31 19 19 1
32 1 55 1
32 11 7 7
32 16 13 5
32 18 1 4
32 20 41 3
33 6 25 5
33 8 5 9
33 13 43 1
34 6 46 3
35 6 22 5
35 14 16 8
36 1 10 5
36 8 13 9
37 9 4 3
37 11 37 3
37 17 28 8
38 4 39 2
38 6 19 3
38 9 53 3
38 12 59 2
38 14 25 8
39 7 21 6
39 9 1 6
39 12 19 2
39 19 31 1
40 2 7 2
40 14 49 8
40 16 25 9
41 7 11 6
41 16 31 5
41 19 7 1
41 20 35 3
42 3 15 7
42 14 4 8
42 17 46 8
43 11 9 10
43 18 19 7
44 1 7 5
44 8 59 9
45 8 53 9
45 12 37 2
45 18 19 4
46 16 15 9
46 19 2 1
47 6 37 8
47 9 23 6
47 14 19 8
47 16 7 9
47 18 43 7
48 7 7 6
48 11 31 3
48 17 9 4
48 20 5 10
49 3 35 7
49 4 31 2
49 9 13 3
49 12 25 2
49 16 37 5
50 3 11 7
50 12 5 2
Điểm tối ưu: 148
Thời gian: 2.4380 giây
Trạng thái: OPTIMUM
