688
1 1 7 49
1 3 1 75
1 4 28 14
1 5 19 13
1 8 52 71
1 9 47 66
1 10 4 61
1 11 25 47
1 12 31 41
1 14 15 30
1 15 13 56
1 17 17 36
1 18 43 55
1 19 37 45
2 1 57 49
2 2 25 39
2 4 13 68
2 5 1 51
2 6 11 26
2 7 19 56
2 10 33 4
2 11 28 47
2 13 7 64
2 14 55 30
2 16 37 36
2 17 31 36
2 18 51 44
2 19 16 46
2 20 41 8
3 1 31 49
3 2 45 39
3 5 7 13
3 6 25 6
3 7 3 20
3 11 16 47
3 12 22 57
3 13 13 64
3 15 27 2
3 16 43 36
3 17 29 34
3 18 37 29
3 19 19 46
3 20 1 8
4 3 25 71
4 4 1 68
4 6 19 26
4 8 34 19
4 11 28 32
4 12 4 43
4 13 16 64
4 14 21 23
4 15 31 2
4 16 23 36
4 17 37 25
4 20 7 8
5 1 31 35
5 2 28 41
5 4 16 68
5 6 1 10
5 7 3 56
5 9 37 66
5 11 25 30
5 12 7 33
5 15 21 65
5 16 57 71
5 17 43 34
5 18 45 29
5 19 13 45
6 1 1 35
6 2 25 3
6 3 55 28
6 6 5 10
6 7 19 20
6 8 37 19
6 9 23 66
6 11 7 30
6 12 13 33
6 13 46 64
6 14 35 65
6 15 59 65
6 18 31 55
6 19 52 46
7 2 37 39
7 3 4 71
7 4 51 34
7 5 7 51
7 6 43 10
7 7 13 37
7 8 25 42
7 9 33 66
7 12 19 41
7 14 11 23
7 16 28 71
7 19 40 45
7 20 22 50
8 1 1 49
8 2 13 41
8 4 25 34
8 5 45 13
8 6 43 6
8 7 21 37
8 12 28 57
8 14 33 30
8 15 31 56
8 16 55 71
8 17 19 34
8 18 7 11
8 19 40 46
8 20 35 8
9 2 40 39
9 4 37 34
9 6 7 10
9 7 33 56
9 8 46 42
9 10 5 22
9 11 43 32
9 12 28 43
9 14 20 30
9 15 15 65
9 16 9 63
9 17 51 36
9 19 1 2
10 2 49 50
10 3 4 75
10 4 52 14
10 5 37 13
10 6 20 6
10 7 25 37
10 8 13 61
10 10 31 61
10 12 16 53
10 15 1 56
10 17 11 36
10 18 43 11
10 19 22 46
10 20 7 36
11 1 25 35
11 4 40 68
11 5 49 51
11 6 3 26
11 8 46 61
11 10 5 15
11 11 7 32
11 12 16 33
11 14 31 65
11 16 21 63
11 17 1 34
11 19 13 2
12 2 40 41
12 3 22 75
12 6 3 10
12 8 7 42
12 9 15 66
12 10 17 4
12 11 25 32
12 12 19 43
12 14 57 30
12 17 13 25
12 18 31 38
12 19 10 2
12 20 35 50
13 1 13 21
13 2 28 39
13 3 46 28
13 4 7 68
13 5 31 51
13 8 1 42
13 9 39 66
13 11 43 19
13 12 55 33
13 13 22 64
13 14 41 23
13 15 4 2
13 16 25 36
13 18 49 11
13 19 19 45
14 2 37 41
14 3 34 28
14 4 16 34
14 6 7 6
14 7 9 56
14 10 13 15
14 11 25 19
14 12 19 53
14 14 29 65
14 16 31 63
14 17 3 25
14 19 43 2
14 20 5 8
15 1 25 49
15 2 52 3
15 3 10 28
15 4 43 14
15 11 4 47
15 12 7 53
15 13 58 64
15 14 13 65
15 15 22 2
15 16 39 63
15 17 1 25
15 18 15 55
15 20 37 8
16 2 52 41
16 3 37 71
16 6 9 26
16 7 45 56
16 8 28 61
16 9 49 66
16 10 15 15
16 14 55 23
16 15 23 56
16 17 11 34
16 18 19 11
16 19 57 46
17 1 55 35
17 3 34 75
17 4 22 14
17 7 49 37
17 8 19 19
17 9 31 66
17 10 40 22
17 11 3 32
17 13 25 64
17 14 1 30
17 16 28 63
17 17 45 25
17 18 7 38
17 19 37 46
17 20 43 50
18 1 7 35
18 2 13 39
18 3 40 28
18 5 27 51
18 6 25 10
18 7 55 37
18 10 11 4
18 11 21 32
18 12 1 43
18 13 37 64
18 14 5 23
18 16 49 36
18 17 33 25
18 19 46 2
19 2 4 39
19 3 46 71
19 4 43 68
19 6 15 26
19 7 25 20
19 8 1 19
19 9 29 66
19 10 13 4
19 11 22 30
19 12 7 57
19 14 37 65
19 15 41 56
19 17 34 34
19 20 49 8
20 1 49 49
20 4 19 68
20 5 31 13
20 6 9 10
20 7 43 20
20 8 16 61
20 9 5 66
20 10 7 23
20 12 1 41
20 14 25 65
20 16 23 63
20 17 11 25
20 18 55 55
20 19 13 46
20 20 27 8
21 2 4 3
21 3 7 75
21 4 22 34
21 6 40 10
21 7 31 20
21 8 43 61
21 10 13 22
21 11 28 30
21 12 37 43
21 14 2 23
21 17 55 36
21 19 19 2
21 20 15 8
22 3 25 75
22 4 46 68
22 5 37 51
22 6 23 10
22 7 7 20
22 9 21 66
22 10 19 23
22 14 41 30
22 15 51 2
22 16 5 63
22 17 15 25
22 18 1 11
22 19 58 45
22 20 11 8
23 1 13 35
23 2 7 41
23 5 3 13
23 6 1 6
23 8 31 71
23 9 25 66
23 10 10 15
23 12 34 57
23 14 45 23
23 15 17 65
23 17 41 36
23 18 27 38
23 19 49 46
23 20 21 36
24 1 49 35
24 2 22 39
24 3 31 75
24 6 17 32
24 9 9 66
24 10 5 4
24 11 13 62
24 12 19 33
24 14 25 23
24 15 35 2
24 17 29 25
24 18 1 44
24 20 27 50
25 1 43 35
25 2 7 3
25 3 16 28
25 4 13 14
25 6 1 32
25 7 55 56
25 9 51 66
25 11 28 62
25 12 10 43
25 14 19 65
25 16 25 63
25 17 40 34
25 18 31 44
25 20 3 50
26 2 10 41
26 3 16 75
26 4 37 14
26 7 25 56
26 8 34 42
26 9 55 66
26 10 7 61
26 11 43 30
26 13 19 64
26 14 1 65
26 16 41 63
26 17 3 36
26 19 31 46
27 1 19 35
27 2 16 3
27 3 13 28
27 5 49 13
27 6 4 6
27 7 43 37
27 8 28 42
27 10 31 4
27 11 37 30
27 12 25 53
27 13 1 64
27 16 53 36
27 17 35 36
27 18 7 44
27 20 33 50
28 1 19 49
28 2 34 3
28 3 4 28
28 4 10 68
28 8 7 19
28 11 31 32
28 12 43 33
28 13 40 64
28 14 13 23
28 15 59 56
28 16 15 63
28 17 1 36
28 18 25 55
29 1 21 21
29 2 1 3
29 3 13 75
29 4 4 68
29 6 19 32
29 8 34 71
29 10 7 22
29 11 43 62
29 12 31 57
29 14 9 23
29 17 39 36
29 18 49 29
30 1 7 21
30 2 31 3
30 3 28 28
30 7 37 20
30 8 49 42
30 9 35 66
30 10 17 15
30 11 52 30
30 12 1 33
30 15 41 2
30 16 14 71
30 17 45 36
30 18 55 38
30 19 25 46
30 20 11 50
31 2 52 50
31 3 16 71
31 4 22 68
31 5 57 51
31 6 25 26
31 8 13 19
31 9 45 66
31 10 1 61
31 11 10 19
31 12 4 53
31 16 35 63
31 17 29 36
31 18 37 11
31 19 7 46
31 20 31 8
32 1 39 35
32 2 14 50
32 3 58 75
32 4 46 14
32 6 21 10
32 7 49 20
32 10 1 4
32 11 55 62
32 12 4 41
32 14 17 30
32 15 33 65
32 16 37 63
32 18 25 29
32 19 10 45
32 20 29 8
33 1 37 21
33 2 58 50
33 3 52 28
33 4 19 14
33 6 13 6
33 9 7 66
33 10 9 22
33 11 16 62
33 12 22 53
33 13 49 64
33 14 11 65
33 15 33 2
33 17 5 25
33 20 1 50
34 2 19 3
34 3 10 71
34 5 55 13
34 6 27 6
34 7 31 37
34 9 59 66
34 10 15 4
34 11 7 47
34 12 1 57
34 14 17 23
34 15 43 56
34 17 25 25
34 18 49 38
34 19 4 45
34 20 23 8
35 2 55 3
35 4 4 14
35 5 15 13
35 7 37 56
35 8 22 42
35 9 11 66
35 10 35 61
35 11 19 62
35 12 7 43
35 13 28 64
35 14 59 30
35 15 25 2
35 16 13 63
35 18 31 11
35 19 1 45
36 1 43 21
36 2 49 3
36 4 31 14
36 9 41 66
36 10 22 61
36 11 19 47
36 14 7 65
36 16 3 63
36 17 27 25
36 18 13 29
36 19 34 45
36 20 25 8
37 1 1 21
37 2 37 3
37 3 49 71
37 4 46 34
37 8 40 19
37 9 19 66
37 10 11 22
37 11 25 62
37 12 13 53
37 14 23 23
37 17 5 34
37 18 7 29
37 19 16 45
37 20 29 50
38 2 37 50
38 3 19 28
38 6 31 10
38 7 9 37
38 8 25 61
38 9 43 66
38 10 33 23
38 12 22 33
38 14 28 23
38 15 5 65
38 16 7 71
38 17 13 36
38 18 1 55
38 20 15 36
39 1 49 21
39 2 19 50
39 3 55 75
39 4 25 68
39 5 43 51
39 7 13 20
39 8 28 19
39 11 1 62
39 12 4 57
39 14 31 23
39 15 7 56
39 16 11 63
39 19 37 2
39 20 17 50
40 2 58 3
40 3 43 28
40 4 31 34
40 6 15 6
40 7 51 56
40 9 27 66
40 10 8 15
40 12 1 53
40 13 34 64
40 14 46 30
40 16 55 63
40 17 49 34
40 18 19 44
40 19 10 46
40 20 13 8
41 1 13 49
41 2 43 3
41 3 22 28
41 4 31 68
41 8 4 19
41 11 1 47
41 12 37 53
41 13 55 64
41 14 35 30
41 15 49 56
41 17 9 25
41 19 27 45
41 20 25 50
42 1 25 21
42 2 46 41
42 3 37 28
42 4 1 14
42 6 7 26
42 7 55 20
42 8 10 42
42 9 13 66
42 10 23 15
42 11 31 19
42 14 43 23
42 16 17 63
42 17 59 34
42 18 19 29
42 19 34 46
43 2 1 39
43 4 40 14
43 6 11 6
43 8 37 61
43 9 57 66
43 10 21 15
43 13 4 64
43 14 15 23
43 15 43 65
43 16 19 63
43 17 13 34
43 18 25 11
43 19 7 2
44 1 31 21
44 3 1 28
44 4 7 14
44 6 35 10
44 8 49 19
44 10 37 4
44 11 13 47
44 12 25 33
44 14 5 30
44 16 19 36
44 18 55 29
44 19 43 46
44 20 21 8
45 1 57 21
45 2 19 39
45 3 43 75
45 7 37 37
45 8 46 19
45 9 3 66
45 11 22 62
45 13 52 64
45 14 10 30
45 15 55 2
45 16 1 63
45 17 27 36
45 18 13 11
45 19 31 45
45 20 5 50
46 2 13 3
46 3 31 28
46 4 28 68
46 6 19 10
46 8 22 71
46 9 17 66
46 10 3 4
46 11 34 62
46 14 9 65
46 16 7 63
46 18 51 55
46 20 5 36
47 1 45 49
47 2 7 50
47 4 37 68
47 5 25 13
47 7 3 37
47 8 13 42
47 10 20 4
47 11 22 47
47 12 31 33
47 13 10 64
47 15 49 2
47 16 1 71
47 17 35 25
47 20 51 8
48 2 40 3
48 3 19 71
48 4 49 68
48 6 11 10
48 8 16 19
48 9 1 66
48 10 7 4
48 12 4 33
48 13 43 64
48 15 46 65
48 17 31 25
48 18 25 44
48 19 22 45
48 20 9 8
49 1 37 49
49 2 10 3
49 3 25 28
49 4 52 68
49 5 19 51
49 6 34 26
49 7 15 56
49 10 1 15
49 12 49 41
49 13 31 64
49 15 41 65
49 16 59 71
49 17 8 34
49 18 3 38
49 19 28 46
50 2 31 39
50 3 19 75
50 4 10 14
50 5 13 51
50 6 1 26
50 9 53 66
50 10 3 22
50 11 58 19
50 12 55 41
50 15 27 65
50 17 7 25
50 18 43 38
50 20 39 8
Điểm tối ưu: 688
Thời gian: 600.0463 giây
Trạng thái: FEASIBLE
