2540
1 131 33 448
1 132 13 2
1 105 28 183
1 170 19 3
1 42 7 423
1 172 31 546
1 141 22 86
1 111 25 26
1 178 11 1
1 23 17 4
1 57 1 484
1 28 5 13
2 2 25 27
2 135 31 7
2 9 11 312
2 106 7 7
2 43 23 5
2 13 5 198
2 47 13 38
2 17 29 44
2 81 19 63
2 150 34 2
2 157 16 103
2 190 1 733
3 162 5 219
3 102 28 9
3 104 31 20
3 13 17 31
3 15 23 566
3 81 13 1
3 63 34 21
3 177 25 19
3 56 11 40
3 185 37 194
3 125 7 6
3 127 19 198
4 65 25 296
4 195 7 273
4 43 5 5
4 108 19 736
4 16 13 118
4 82 31 667
4 147 37 371
4 51 3 236
4 85 43 677
4 60 1 40
4 127 49 4
5 40 4 654
5 105 7 545
5 13 17 744
5 78 25 18
5 110 19 93
5 82 13 423
5 51 9 160
5 26 11 63
5 191 1 407
6 32 1 46
6 160 19 109
6 159 13 23
6 135 10 22
6 110 31 108
6 145 7 176
6 146 43 33
6 19 5 417
6 51 17 196
6 85 25 41
6 63 3 546
7 38 37 28
7 138 3 273
7 11 11 511
7 110 19 250
7 45 16 11
7 144 13 722
7 151 1 299
7 188 7 561
8 64 31 56
8 68 13 428
8 105 4 499
8 28 11 277
8 17 25 44
8 18 19 463
8 116 7 431
8 183 9 703
8 88 16 171
8 92 1 199
9 68 3 40
9 101 25 1
9 38 7 146
9 167 37 612
9 105 11 74
9 49 13 155
9 17 15 44
9 183 1 406
9 185 31 129
9 58 43 1
9 27 19 124
9 94 22 24
10 130 37 44
10 162 4 167
10 34 43 61
10 195 13 68
10 200 29 13
10 169 25 643
10 168 31 153
10 8 1 731
10 78 19 126
10 21 49 13
10 25 7 100
11 32 7 187
11 163 1 298
11 36 4 379
11 43 29 56
11 16 19 23
11 18 11 200
12 4 4 687
12 37 13 49
12 53 10 259
12 188 25 290
12 61 1 640
13 129 4 189
13 136 17 13
13 74 37 381
13 108 22 2
13 109 7 397
13 112 11 112
13 113 13 626
13 182 19 471
13 122 25 36
13 91 1 384
13 30 49 2
13 127 31 354
14 128 19 512
14 97 16 579
14 161 13 43
14 163 7 298
14 100 10 620
14 165 4 128
14 27 1 291
15 71 31 330
15 77 5 616
15 179 13 89
15 115 25 23
15 21 1 136
15 120 7 570
16 162 21 415
16 8 11 344
16 13 19 34
16 175 4 117
16 144 13 151
16 146 7 204
16 83 23 92
16 84 16 135
16 149 1 458
17 132 3 432
17 102 10 332
17 49 7 209
17 56 1 631
18 164 4 685
18 101 25 83
18 19 1 317
18 150 19 608
19 48 1 581
19 30 13 596
20 97 3 286
20 195 7 505
20 72 13 259
20 149 1 109
21 174 1 186
21 151 5 696
21 184 13 32
21 29 7 371
22 2 25 560
22 149 3 309
22 184 7 225
22 26 1 426
23 4 1 179
23 21 13 445
23 93 3 525
24 64 13 131
24 162 17 286
24 72 25 191
24 15 5 164
24 56 7 328
24 60 1 191
25 100 13 18
25 69 19 70
25 45 16 107
25 114 7 472
25 86 1 399
26 132 15 184
26 71 7 22
26 190 3 348
26 92 10 667
26 158 1 341
27 131 10 298
27 151 1 15
27 152 3 178
27 123 7 557
28 162 5 51
28 132 13 435
28 13 1 129
28 20 7 175
29 37 9 269
29 80 25 56
29 181 1 159
29 152 16 296
29 56 7 700
29 63 5 454
30 43 17 650
30 123 1 553
30 79 7 111
30 154 9 267
30 59 13 53
31 4 13 687
31 8 9 345
31 147 3 344
31 22 29 31
31 28 1 607
31 31 46 22
32 32 11 23
32 132 7 144
32 8 4 534
32 118 13 510
32 24 1 181
33 66 13 269
33 101 7 388
33 140 19 318
33 145 25 437
33 56 5 79
33 127 1 105
34 33 25 173
34 5 13 237
34 165 19 304
34 168 31 331
34 17 9 167
34 159 1 78
35 47 16 45
35 82 3 113
35 50 9 702
35 183 7 520
35 93 1 225
36 97 1 130
36 83 5 214
36 159 7 186
37 97 7 150
37 131 4 722
37 177 1 73
38 3 7 240
38 102 19 53
38 83 1 214
38 117 3 377
39 67 19 309
39 4 4 658
39 140 9 43
39 16 1 699
40 196 11 123
40 39 7 724
40 73 1 296
40 112 5 382
40 125 33 40
40 63 3 97
41 192 7 139
41 99 13 527
41 44 11 294
41 141 1 455
41 20 22 201
41 183 17 24
41 151 4 316
41 26 25 61
41 123 19 167
42 99 1 354
42 68 7 20
42 148 10 462
43 97 5 286
43 3 10 24
43 36 7 645
43 136 1 494
43 138 13 392
43 147 37 727
44 40 3 7
44 138 31 746
44 13 10 38
44 144 13 565
44 49 1 319
44 154 25 140
44 187 5 267
44 190 19 5
45 97 1 600
45 24 10 2
46 128 3 170
46 100 7 435
46 7 10 62
46 167 43 2
46 73 13 9
46 171 19 44
46 50 15 312
46 116 1 185
46 189 22 689
46 27 28 98
46 125 31 512
46 94 25 24
47 100 25 699
47 196 7 447
47 180 1 272
47 29 4 133
48 32 4 494
48 2 7 669
48 16 22 23
48 82 13 260
48 118 19 271
48 123 1 230
49 193 13 315
49 98 11 672
49 106 7 497
49 141 22 700
49 17 5 44
49 115 1 502
50 35 13 641
50 174 7 692
50 17 1 470
50 150 11 493
50 126 3 25
51 140 13 611
51 187 10 19
51 117 19 131
51 57 1 441
51 191 5 126
52 176 17 49
52 126 7 444
52 127 1 528
53 101 13 287
53 102 7 654
53 104 1 20
53 112 21 750
53 20 4 177
53 120 25 333
54 40 3 600
54 56 1 649
54 190 7 733
55 45 31 2
55 78 7 676
55 51 23 54
55 52 1 322
55 26 4 659
55 60 11 191
56 69 43 126
56 200 9 232
56 19 1 409
56 20 3 667
56 183 7 246
56 56 19 68
56 191 16 407
57 96 13 357
57 32 5 16
57 72 19 191
57 83 10 260
57 152 7 34
57 61 1 515
58 64 25 660
58 27 16 98
58 77 10 67
58 177 22 140
58 185 1 566
58 123 7 47
59 36 25 443
59 166 5 514
59 88 1 713
60 130 13 684
60 119 31 714
60 151 7 552
60 122 1 18
61 192 3 376
61 66 7 31
61 70 13 22
61 198 5 506
61 43 11 5
61 139 17 2
61 177 19 357
61 53 22 206
61 181 29 7
61 117 37 1
61 57 25 147
61 60 1 10
62 35 3 256
62 140 7 8
62 15 11 6
62 156 16 8
62 49 19 155
62 179 13 7
62 177 22 31
62 149 25 3
62 21 31 13
62 55 35 7
62 188 27 137
62 62 1 251
63 106 13 683
63 176 1 576
63 179 25 438
63 57 7 679
63 59 19 58
63 95 3 255
63 191 17 134
64 137 13 241
64 14 3 529
64 179 7 389
64 28 1 252
65 64 1 180
65 161 5 50
65 172 29 28
65 48 7 514
66 159 7 315
66 132 13 365
66 103 1 189
66 41 4 275
67 102 4 145
67 12 9 44
67 13 23 293
67 183 7 625
67 60 1 114
67 31 13 460
68 160 7 379
68 198 11 186
68 103 13 378
68 170 3 356
68 46 17 128
68 14 1 69
69 198 5 272
69 12 1 278
69 20 10 727
70 161 9 464
70 132 3 144
70 180 7 235
70 181 1 413
71 101 7 605
71 134 1 593
71 168 13 734
71 105 17 499
72 161 13 453
72 196 10 224
72 102 7 120
72 14 1 335
72 16 3 586
72 21 19 712
72 154 15 503
73 5 7 237
73 167 13 213
73 40 22 7
73 11 19 454
73 43 11 107
73 46 41 22
73 51 17 306
73 147 37 63
73 52 1 108
74 160 9 495
74 199 4 107
74 181 31 22
74 94 1 280
75 39 7 522
75 112 5 605
75 115 1 478
76 71 13 209
76 178 5 17
76 120 7 582
76 185 37 33
76 188 1 489
77 97 1 673
77 112 11 750
77 23 9 108
77 55 7 137
77 119 4 714
77 157 13 316
78 37 13 227
78 169 19 459
78 47 7 293
78 149 5 418
78 127 1 157
79 2 7 649
79 196 1 224
79 134 4 34
79 88 11 144
80 96 1 287
80 179 3 426
81 163 10 223
81 164 1 275
81 135 25 52
81 136 23 22
81 142 19 287
81 57 13 295
81 123 4 241
82 200 29 30
82 59 7 369
82 149 5 162
82 155 1 81
83 69 13 630
83 199 1 95
83 75 4 651
84 40 15 744
84 111 3 77
84 85 31 719
84 30 7 596
84 150 1 66
84 190 19 99
85 70 7 433
85 53 5 495
85 125 1 194
86 133 7 157
86 37 3 211
86 71 13 599
86 158 1 23
87 161 13 542
87 165 3 251
87 102 7 9
87 7 15 25
87 69 10 219
87 144 19 151
87 84 22 90
87 182 25 270
87 55 37 7
87 24 31 494
87 60 1 305
88 4 1 687
88 41 13 339
88 170 3 681
88 178 7 695
88 22 27 31
88 95 9 154
89 65 9 456
89 162 7 495
89 80 1 492
90 128 3 129
90 57 13 198
90 187 1 604
90 95 7 112
91 105 1 499
91 153 7 623
91 63 3 576
92 169 1 615
92 140 7 115
92 57 13 418
92 59 19 703
93 2 19 560
93 164 16 510
93 199 1 434
93 14 3 450
93 115 7 104
93 84 25 569
93 150 5 301
93 124 13 680
94 73 5 320
94 155 7 215
94 45 3 746
94 183 25 20
94 187 1 448
95 194 13 438
95 6 9 597
95 75 17 42
95 45 7 136
95 58 4 744
95 29 1 625
96 41 13 277
96 139 10 4
96 12 25 656
96 13 1 717
96 115 3 220
96 92 7 742
97 198 3 544
97 104 10 612
97 109 13 397
97 92 7 28
97 15 5 8
97 17 17 470
97 82 46 1
97 125 25 6
97 26 15 14
97 188 19 96
97 93 1 197
97 94 37 200
98 171 22 44
98 58 1 750
99 68 22 20
99 77 7 476
99 16 9 699
99 79 1 362
99 90 5 339
100 74 25 2
100 151 1 113
101 97 5 673
101 66 19 707
101 9 1 30
101 190 7 674
101 31 13 102
102 200 1 13
102 9 23 30
102 53 9 222
102 89 4 185
102 60 7 628
103 7 7 408
103 139 5 168
103 180 10 220
103 21 1 351
104 200 17 30
104 45 7 420
104 23 4 612
104 183 19 148
104 124 1 308
105 129 1 327
105 102 16 316
105 47 3 661
106 199 7 542
106 19 1 614
107 128 9 705
107 34 13 159
107 101 19 83
107 73 7 10
107 109 23 3
107 18 1 648
107 158 4 55
108 32 25 13
108 177 10 87
108 114 1 472
108 51 5 691
108 119 16 7
108 56 13 437
108 25 19 323
108 27 7 134
109 39 1 279
109 154 13 446
109 119 25 663
109 120 19 570
109 187 7 19
110 64 9 56
110 97 1 286
110 159 25 514
111 128 16 255
111 163 13 298
111 167 19 383
111 172 23 19
111 142 7 343
111 92 1 161
112 66 13 127
112 82 1 613
112 122 19 18
113 32 5 407
113 33 19 705
113 71 13 741
113 77 1 552
114 100 19 32
114 14 11 121
114 23 4 108
114 121 7 156
114 27 1 26
115 64 3 56
115 194 7 706
115 13 1 281
115 81 19 22
116 197 10 368
116 140 13 86
116 144 25 151
116 181 7 69
116 22 5 309
116 57 19 484
116 122 1 490
117 186 1 564
118 133 9 695
118 136 22 13
118 14 4 69
118 145 1 561
118 52 13 113
118 149 16 430
118 151 7 449
119 55 3 175
119 63 1 223
120 66 13 520
120 99 1 547
120 21 9 13
121 96 7 712
121 169 31 465
121 106 25 102
121 75 29 35
121 12 19 203
121 47 4 38
121 26 1 9
122 34 7 662
122 45 10 692
122 91 4 595
122 95 1 660
123 64 37 17
123 34 19 741
123 5 13 114
123 134 43 593
123 171 1 227
123 93 7 197
124 36 7 730
124 7 31 25
124 177 4 531
124 115 13 478
124 182 1 449
125 196 4 732
125 6 7 429
125 20 13 548
125 124 1 591
125 95 19 269
126 195 13 505
126 68 19 88
126 196 5 385
126 199 3 17
126 176 7 504
126 51 1 691
127 65 19 259
127 73 4 10
127 79 11 133
127 23 7 681
127 185 13 300
127 29 1 206
128 64 25 238
128 32 17 550
128 98 7 50
128 7 13 55
128 14 29 45
128 143 9 57
128 49 4 65
128 24 1 701
129 35 13 115
129 5 25 237
129 42 7 434
129 14 11 59
129 111 4 165
129 16 19 140
129 181 1 22
130 163 7 223
130 131 23 321
130 137 19 12
130 9 5 36
130 117 1 33
131 79 13 19
131 145 40 8
131 85 15 695
131 22 4 82
131 59 7 283
131 94 1 394
132 161 13 688
132 164 1 375
132 116 4 216
133 195 7 675
133 101 3 93
133 145 19 666
133 158 1 696
134 175 25 31
134 84 13 292
134 119 1 708
134 185 9 686
134 91 4 670
134 61 19 483
135 162 3 154
135 40 1 364
135 44 10 233
135 19 5 680
136 66 1 459
136 194 25 412
136 68 19 153
136 134 22 119
136 57 13 189
136 125 7 27
137 161 23 27
137 185 13 558
137 134 7 230
137 72 1 243
137 200 5 511
137 124 31 675
137 63 10 486
138 162 15 714
138 131 1 202
138 199 13 107
138 8 10 238
138 83 17 244
138 54 7 206
138 24 3 210
138 125 31 686
139 133 1 682
140 134 9 615
140 200 7 79
140 136 5 1
140 43 13 662
140 23 3 14
141 73 4 496
141 14 7 45
141 93 1 500
142 99 19 195
142 169 13 54
142 13 5 52
142 29 31 524
142 84 7 312
142 51 10 196
142 155 25 400
142 28 1 457
143 129 7 71
143 37 13 723
143 198 17 403
143 146 1 361
143 82 10 105
144 101 1 1
144 168 13 108
144 140 33 673
144 173 25 43
144 84 7 569
144 191 31 30
145 66 7 99
145 72 19 230
145 168 1 511
146 160 19 714
146 8 3 363
146 41 7 277
146 108 13 661
146 80 10 397
146 150 1 728
147 131 16 321
147 39 19 279
147 173 10 659
147 175 13 205
147 47 7 618
147 119 25 22
147 183 4 193
147 27 1 730
148 194 13 77
148 109 15 440
148 178 7 603
148 149 1 170
148 29 4 163
149 72 25 8
149 9 11 688
149 112 5 545
149 184 1 325
150 69 7 685
150 72 15 155
150 13 1 574
150 177 3 244
151 160 13 522
151 78 19 280
151 143 9 155
151 80 1 400
151 84 28 620
151 148 4 462
151 118 25 145
152 26 7 686
152 127 1 198
153 175 11 110
153 153 13 368
153 154 7 503
153 27 19 440
153 31 1 727
154 5 25 316
154 101 19 723
154 106 1 605
154 141 31 282
154 119 7 17
154 185 13 508
154 26 5 9
154 59 37 405
155 10 13 288
155 111 1 49
155 121 7 512
156 32 13 11
156 107 1 403
156 29 10 109
157 131 1 54
157 145 4 561
158 162 1 188
158 196 3 102
158 84 13 743
159 161 4 245
159 166 17 225
159 71 1 149
159 47 10 661
160 6 13 133
160 74 25 92
160 15 10 164
160 143 1 290
161 161 11 137
161 94 1 110
162 132 25 741
162 171 1 386
162 119 7 194
162 183 4 252
163 134 1 85
163 183 5 738
164 53 4 291
164 118 7 259
164 157 1 421
165 35 13 178
165 38 25 146
165 10 19 9
165 146 7 121
165 181 39 562
165 22 3 187
165 28 1 254
165 158 5 23
166 2 37 27
166 37 7 49
166 137 25 453
166 178 1 256
167 36 13 171
167 37 7 339
167 9 4 650
167 46 11 310
168 96 4 357
168 7 15 750
168 136 27 13
168 108 1 218
169 66 7 119
169 73 1 166
169 49 4 500
170 130 13 532
170 69 7 106
170 197 1 368
170 43 11 64
170 146 25 54
170 93 5 403
171 3 7 565
171 102 13 84
171 12 19 296
171 112 11 8
171 86 3 306
171 53 1 595
171 123 16 733
172 129 1 382
172 5 7 726
172 134 16 48
172 100 13 436
172 104 19 710
172 106 3 423
173 3 10 398
173 140 19 30
173 173 1 71
173 181 4 159
174 165 16 152
174 74 19 423
174 141 10 394
174 46 5 677
174 175 1 410
174 144 13 668
174 189 7 738
175 162 13 714
175 8 10 351
175 76 3 477
175 44 7 211
175 180 17 146
175 187 1 627
176 45 1 538
176 82 7 292
176 51 3 223
177 135 25 67
177 41 4 72
177 122 7 627
177 123 1 229
178 67 1 173
178 74 19 166
178 60 5 749
178 158 11 715
179 39 13 279
179 168 19 15
179 9 1 205
179 16 28 712
179 152 3 317
180 96 11 199
180 2 7 25
180 130 25 658
180 71 22 692
180 78 13 637
180 86 19 399
180 120 31 180
180 25 1 346
181 98 13 50
181 73 1 209
181 23 10 444
182 70 34 222
182 108 7 4
182 143 4 510
182 19 10 417
182 189 1 462
183 34 3 312
183 101 13 83
183 53 1 306
183 60 7 185
184 32 10 187
184 4 1 658
184 168 19 421
184 183 4 24
184 157 7 141
185 194 17 272
185 67 3 134
185 178 7 595
185 55 1 334
186 39 13 614
186 138 7 289
186 43 4 341
186 124 1 542
187 67 13 173
187 76 1 87
187 147 7 32
187 121 19 693
188 66 13 550
188 162 11 163
188 74 7 166
188 174 1 609
189 183 1 527
190 64 13 17
190 99 31 15
190 80 7 261
190 84 10 524
190 90 1 330
190 91 3 29
191 199 5 37
191 136 7 345
191 41 55 1
191 138 13 37
191 141 19 455
191 146 25 33
191 18 3 424
191 118 22 25
191 55 11 46
191 151 17 54
191 126 58 1
191 191 1 422
192 33 43 546
192 10 13 214
192 47 7 636
192 21 1 678
193 33 13 554
193 108 7 306
193 179 1 295
194 161 3 50
194 98 23 536
194 139 5 124
194 108 7 2
194 17 1 53
195 36 7 73
195 136 5 112
195 56 31 40
195 28 1 264
196 145 7 526
196 117 13 322
196 92 1 618
197 196 7 123
197 68 3 88
197 40 9 617
197 172 13 457
197 13 11 34
197 63 1 70
198 140 19 219
198 46 17 121
198 190 7 320
198 82 25 93
198 23 23 4
198 153 13 497
198 186 3 6
198 191 1 193
199 98 5 689
199 5 13 270
199 42 1 74
200 195 7 419
200 166 23 746
200 168 31 28
200 40 4 66
200 148 13 111
200 27 1 596
200 93 11 471
201 73 5 15
201 57 1 260
201 124 7 122
202 133 9 70
202 6 3 606
202 42 13 33
202 141 19 162
202 183 1 17
203 36 7 118
203 24 10 128
203 188 1 112
204 93 7 500
204 158 1 711
205 97 13 673
205 81 7 535
205 52 1 373
206 72 7 191
206 11 1 556
207 194 13 750
207 200 7 16
207 171 1 104
207 28 4 172
208 34 13 609
208 99 1 485
209 34 4 448
209 177 7 601
209 89 19 49
209 92 1 167
210 131 1 503
210 41 7 356
211 167 1 349
211 200 5 392
211 7 16 20
211 41 21 155
211 146 7 54
212 44 11 321
212 91 3 726
212 60 1 141
212 190 7 5
213 193 13 12
213 134 7 635
213 174 19 145
213 30 1 716
214 69 4 630
214 41 1 72
215 130 1 284
215 131 23 637
215 170 7 338
215 109 5 397
215 78 13 748
215 147 19 67
215 116 45 3
215 150 11 145
215 63 17 132
216 6 13 429
216 70 7 65
216 14 17 647
216 54 4 622
216 23 1 476
217 50 1 312
217 181 7 62
217 85 13 486
217 91 3 428
218 32 13 13
218 130 7 450
218 9 4 80
218 75 1 408
219 33 13 130
219 34 1 142
219 45 4 215
219 113 19 80
219 114 7 451
219 60 22 744
220 33 13 257
220 51 3 195
220 55 1 501
220 54 7 348
221 40 4 202
221 41 1 155
221 122 7 592
222 195 9 463
222 106 1 683
222 43 7 430
222 139 5 727
223 162 4 456
223 107 10 403
223 19 13 409
223 95 1 599
224 9 5 433
224 115 13 76
224 153 19 396
224 157 1 519
224 95 7 446
225 100 16 344
225 40 1 337
225 137 19 740
225 43 4 665
225 44 11 595
225 146 7 107
225 29 13 109
226 32 11 11
226 98 35 28
226 99 7 60
226 165 13 245
226 134 16 34
226 103 25 58
226 41 19 1
226 176 5 49
226 114 31 186
226 116 3 9
226 53 29 206
226 158 1 117
227 6 7 249
227 82 19 57
227 56 11 80
227 57 3 516
227 26 1 192
227 125 13 143
228 161 9 137
228 136 5 114
228 186 13 400
228 80 16 666
228 49 11 155
228 153 1 721
229 171 4 530
229 48 1 228
229 113 19 744
229 150 7 728
229 92 9 517
230 129 11 472
230 198 7 432
230 80 13 434
230 18 5 60
230 183 1 738
231 64 13 40
231 100 3 307
231 6 7 64
231 38 19 28
231 9 1 64
231 74 55 2
231 172 17 28
231 179 31 17
231 188 25 96
231 93 11 383
231 62 23 251
232 131 10 584
232 165 4 152
232 168 25 15
232 137 13 355
232 16 1 383
233 160 9 35
233 37 19 658
233 9 17 90
233 45 7 226
233 79 13 105
233 112 4 39
233 153 25 523
233 186 1 115
234 130 7 405
234 79 1 311
234 114 3 617
235 129 17 466
235 97 28 353
235 68 7 465
235 200 10 547
235 12 1 35
235 79 5 157
235 59 31 296
236 165 7 128
236 103 1 378
236 41 4 201
236 42 43 27
236 151 11 15
237 164 22 674
237 6 1 429
237 198 11 641
237 57 13 515
237 190 7 138
238 97 7 174
238 198 1 617
238 125 3 416
239 40 13 709
239 27 15 598
239 139 4 688
239 175 1 248
239 155 7 392
240 131 11 77
240 106 13 193
240 177 7 131
240 19 5 487
240 153 1 623
240 92 19 694
241 100 4 620
241 74 19 220
241 78 13 234
241 146 7 33
241 116 43 3
241 89 1 626
242 162 5 415
242 6 9 554
242 198 1 641
242 15 7 155
243 200 9 96
243 106 13 35
243 143 7 24
243 114 1 669
243 56 17 741
243 28 5 119
243 158 11 286
244 66 7 92
244 36 25 57
244 37 19 120
244 14 11 85
244 147 13 243
244 92 4 517
244 31 1 369
245 198 10 539
245 200 5 739
245 41 7 201
245 140 1 52
246 69 10 202
246 6 13 327
246 141 7 461
246 56 1 45
247 2 31 206
247 70 37 30
247 7 4 64
247 40 11 27
247 75 16 52
247 148 13 132
247 85 7 127
247 31 1 645
248 171 1 530
249 59 13 216
249 54 9 83
249 184 3 11
249 187 1 138
250 165 7 599
250 166 13 170
250 199 4 434
250 172 10 609
250 78 15 473
250 153 19 17
250 90 1 512
251 9 5 30
251 141 1 700
251 178 7 619
252 160 19 522
252 130 1 569
252 170 28 20
252 118 25 691
252 59 7 551
253 130 7 658
253 122 1 303
254 131 11 183
254 133 25 258
254 177 4 73
254 178 17 33
254 52 13 685
254 182 19 408
254 120 7 630
254 184 1 639
255 193 19 144
255 3 39 3
255 101 13 93
255 8 1 707
255 83 10 244
255 147 3 465
255 54 7 747
256 141 7 162
256 112 1 723
256 146 19 202
256 86 13 5
256 55 5 288
256 56 3 713
257 160 3 522
257 102 13 529
257 72 7 693
257 137 19 691
257 15 1 667
258 171 1 89
259 193 19 315
259 104 7 612
259 108 15 26
259 182 1 165
260 96 1 6
260 199 17 136
260 74 13 74
260 80 7 720
260 51 10 680
260 54 19 747
260 92 3 150
261 197 11 501
261 12 7 116
261 48 16 704
261 124 13 308
261 30 1 76
262 34 19 420
262 169 7 422
262 74 13 220
262 46 1 152
262 23 3 604
263 136 3 221
263 139 1 168
263 127 7 51
264 164 1 685
264 72 7 243
265 185 1 451
266 166 11 32
266 108 37 4
266 12 25 413
266 179 13 34
266 118 1 19
266 30 7 716
267 67 1 323
267 139 7 152
267 55 5 333
267 121 19 715
267 25 25 714
267 159 31 630
268 37 1 735
268 173 7 678
269 167 7 130
269 145 1 651
269 90 17 641
270 68 7 473
270 110 13 587
270 144 10 722
270 115 1 526
271 193 9 179
271 75 7 440
271 140 19 43
271 47 16 21
271 112 23 69
271 188 1 466
272 32 17 519
272 160 13 739
272 165 1 128
272 140 7 200
273 34 7 586
273 166 1 746
273 150 3 728
273 55 5 137
274 138 19 615
274 12 7 715
274 182 13 617
274 61 1 360
275 3 19 742
275 102 1 654
275 78 13 120
275 14 23 45
275 181 7 375
275 157 9 519
276 164 19 674
276 133 4 197
276 5 7 270
276 10 13 461
276 82 1 217
276 150 17 62
277 75 5 449
277 171 31 95
277 50 1 702
277 149 3 164
278 109 5 440
278 14 9 558
278 51 1 340
278 116 11 736
278 181 3 497
279 103 7 426
279 8 21 45
279 9 23 736
279 170 16 681
279 13 1 231
280 132 13 207
280 184 7 486
280 126 4 701
280 123 1 216
281 64 25 17
281 198 7 391
281 112 17 110
281 78 9 624
281 157 31 115
281 23 5 14
281 93 1 200
282 131 5 54
282 198 11 391
282 42 7 59
282 108 16 156
282 114 1 222
282 189 13 452
283 160 1 247
283 129 19 71
283 79 5 105
283 182 7 217
283 185 25 95
283 158 10 529
284 46 4 556
284 28 7 13
284 83 11 92
284 54 1 507
285 43 13 56
285 176 11 548
285 19 16 266
285 150 5 408
285 120 1 570
286 17 7 44
286 178 1 535
286 185 3 364
287 42 49 59
287 77 7 670
287 141 1 94
287 48 9 228
287 81 19 264
287 54 31 227
287 118 34 19
287 185 25 124
287 125 13 512
287 158 4 725
288 36 22 169
288 153 7 564
288 159 1 514
289 65 19 339
289 67 7 309
289 72 13 191
289 168 1 238
289 87 25 259
289 29 28 502
290 195 13 419
290 72 19 551
290 45 5 226
290 61 7 515
290 25 1 555
291 64 7 331
291 192 3 736
291 37 13 573
291 75 5 663
291 143 1 300
292 68 25 712
292 73 3 183
292 107 7 403
292 176 1 656
293 141 19 461
293 80 10 55
293 84 4 524
293 186 1 724
293 92 7 284
294 160 19 247
294 165 28 227
294 178 4 695
294 116 1 740
294 57 7 516
294 126 25 50
294 159 13 514
295 97 5 736
295 131 17 584
295 6 1 679
295 178 10 284
295 20 7 573
295 21 13 712
296 170 13 681
296 45 5 11
296 92 10 28
296 125 1 567
297 192 1 376
297 199 3 37
297 10 19 266
297 138 13 289
297 155 7 14
298 196 4 360
298 169 13 335
298 73 1 496
298 82 34 237
298 19 19 6
299 131 11 638
299 198 5 475
299 43 17 688
299 145 19 676
299 85 1 621
299 159 13 145
300 194 13 3
300 135 1 292
300 139 4 628
301 164 19 663
301 199 22 136
301 137 25 49
301 172 17 372
301 13 10 218
301 174 31 213
301 115 13 526
301 119 7 393
301 59 1 551
302 66 7 125
302 100 1 602
302 6 13 64
302 118 4 218
303 5 19 114
303 76 13 267
303 174 1 347
303 149 16 3
303 54 4 708
303 124 7 735
304 32 7 46
304 196 1 732
305 96 1 414
305 37 19 108
305 200 9 30
305 53 13 595
305 24 3 2
306 36 10 673
306 199 19 717
306 105 21 509
306 171 7 323
306 170 13 402
306 16 16 314
306 178 1 133
306 22 4 22
307 7 4 20
307 142 7 538
307 81 19 295
307 179 1 215
308 185 31 707
308 196 5 102
308 68 19 201
308 104 1 710
308 169 7 335
308 180 11 301
308 153 25 497
308 158 17 390
308 127 13 238
309 119 1 31
309 157 7 421
310 60 1 749
310 125 7 40
311 65 3 140
311 199 11 434
311 74 13 737
311 12 7 296
311 110 19 395
311 142 25 588
311 56 1 532
312 67 13 134
312 41 10 71
312 78 25 719
312 82 7 701
312 57 19 253
312 122 1 592
313 32 7 519
313 85 1 719
314 17 10 201
314 58 1 301
315 105 16 509
315 118 1 91
315 94 7 280
315 31 4 314
316 12 7 459
316 111 19 172
316 115 1 643
316 120 13 180
317 96 5 543
317 103 1 461
318 193 13 390
318 3 1 690
318 135 7 129
318 5 19 673
318 105 10 545
318 31 4 342
319 137 1 729
320 102 1 84
320 114 13 746
320 19 7 89
320 187 5 621
321 7 16 112
321 172 7 457
321 18 1 7
321 190 3 281
322 145 13 8
322 52 1 106
322 85 37 126
322 61 4 515
322 31 7 727
323 65 7 585
323 16 1 263
323 56 5 741
323 191 11 714
324 45 19 136
324 142 1 518
325 196 5 737
325 183 1 693
326 70 28 266
326 40 15 27
326 200 4 520
326 174 25 390
326 47 1 21
326 24 10 701
326 123 7 748
326 127 19 189
327 136 35 1
327 11 4 690
327 154 19 95
327 124 28 93
327 93 1 471
328 133 13 713
328 7 16 59
328 8 3 209
328 109 1 420
328 18 19 270
328 84 7 135
328 187 5 19
329 130 31 233
329 165 13 148
329 139 11 165
329 141 4 106
329 175 17 270
329 21 7 302
329 183 1 350
330 100 7 105
330 16 37 8
330 188 1 571
331 194 5 84
331 175 29 8
331 146 19 33
331 85 9 69
331 150 7 153
331 23 1 236
331 156 3 287
332 32 9 16
332 46 1 706
332 145 34 561
332 121 3 705
333 36 19 555
333 73 5 183
333 143 25 155
333 146 13 664
333 26 10 253
333 159 1 131
334 128 3 139
334 40 1 606
334 95 7 647
335 59 3 703
335 93 1 525
336 32 3 13
336 50 13 312
336 181 1 497
337 66 7 741
337 71 16 6
337 103 13 58
337 50 11 702
337 19 1 387
337 182 3 513
337 54 22 53
338 42 13 747
338 44 3 521
338 51 1 516
339 32 23 35
339 101 31 663
339 166 1 271
339 6 19 85
339 78 7 190
339 84 13 569
339 154 3 446
339 91 16 91
340 5 9 103
340 77 4 101
340 175 7 597
340 173 16 659
340 19 1 487
341 96 11 60
341 115 7 502
341 153 19 659
341 63 1 97
342 134 4 85
342 78 13 190
342 180 7 327
342 31 1 398
343 100 7 74
343 123 3 61
343 87 13 278
343 152 22 739
343 60 1 348
344 114 25 746
344 54 7 322
344 154 3 503
344 156 1 48
345 33 25 509
345 37 3 557
345 71 7 91
345 142 43 727
345 16 10 195
345 123 13 239
345 63 1 294
346 33 25 21
346 128 13 524
346 3 7 398
346 71 10 599
346 106 19 514
346 187 1 204
346 28 4 676
347 99 3 684
347 85 7 445
347 88 1 144
348 196 3 737
348 22 1 210
349 98 7 55
349 106 9 82
349 139 1 714
349 125 3 686
350 167 25 738
350 108 1 270
350 25 13 100
350 57 7 198
350 94 19 361
351 131 5 560
351 170 7 489
351 186 13 63
351 28 10 120
351 125 1 75
352 160 13 247
352 196 1 297
352 6 19 184
352 9 11 604
352 77 3 616
352 121 7 288
353 129 1 174
353 167 3 130
353 8 23 103
353 137 7 713
353 122 19 604
354 105 1 509
355 66 19 42
355 76 3 41
355 112 11 679
355 82 25 406
355 22 1 594
355 152 7 234
355 57 13 202
356 66 7 305
356 132 1 122
356 166 5 32
357 194 3 3
357 199 5 74
357 40 1 207
357 108 13 4
357 125 19 725
358 64 7 207
358 8 1 513
358 145 22 666
358 122 31 126
358 94 4 368
359 121 13 351
359 166 4 373
359 24 1 636
359 123 7 241
360 2 19 617
360 174 3 692
360 149 1 430
360 21 7 688
360 153 13 721
361 161 7 313
361 195 1 505
361 49 5 655
361 146 9 523
361 21 49 24
362 122 13 157
362 139 9 628
362 16 19 610
362 182 2 433
363 162 7 528
363 131 3 54
363 196 16 22
363 135 19 7
363 110 9 93
363 47 22 21
363 143 28 278
363 146 31 33
363 179 25 7
363 116 35 3
363 149 37 741
363 90 1 184
364 2 19 76
364 164 4 375
364 87 9 336
364 24 13 601
364 152 1 234
365 131 11 261
365 102 13 31
365 135 4 717
365 7 1 632
365 122 19 100
366 132 7 365
366 11 3 698
366 49 1 456
366 145 13 561
367 130 13 483
367 131 4 750
367 117 7 1
367 124 1 573
367 94 19 110
368 33 7 390
368 71 22 461
368 79 3 696
368 86 13 336
368 191 1 50
369 46 5 729
369 111 13 686
369 26 1 624
370 35 7 506
370 13 1 417
370 48 11 514
370 179 16 291
370 94 13 29
371 129 5 553
371 98 10 276
371 74 1 120
371 87 7 254
372 192 5 376
372 100 22 748
372 49 1 655
372 158 3 444
372 31 7 203
373 65 7 140
373 52 16 340
373 152 13 106
373 90 11 339
373 125 1 560
374 101 15 521
374 72 43 8
374 106 31 51
374 170 9 26
374 140 19 233
374 13 13 744
374 143 3 30
374 81 25 264
374 149 1 647
374 151 5 143
375 194 11 102
375 130 19 193
375 101 7 663
375 138 25 392
375 15 13 6
375 152 40 4
375 19 23 6
375 55 5 719
375 151 29 15
375 89 43 189
375 91 34 25
375 29 1 42
376 98 4 153
376 68 10 468
376 48 1 704
376 187 7 56
377 129 11 134
377 193 7 72
377 31 1 36
378 44 5 724
378 56 17 735
378 57 13 422
378 59 1 283
379 134 1 652
379 90 4 641
380 129 1 684
380 101 7 580
380 141 16 282
380 15 21 6
380 23 19 641
380 63 5 70
381 194 5 18
381 3 10 565
381 41 7 441
381 147 1 27
381 20 13 177
381 187 23 686
382 67 3 258
382 112 1 29
382 53 7 396
383 32 25 494
383 71 15 179
383 74 9 611
383 11 5 512
383 172 22 208
383 142 1 343
383 176 7 210
383 89 19 700
383 90 13 184
384 11 1 11
384 51 3 575
384 93 9 500
385 193 1 646
385 131 5 298
385 71 7 233
385 158 10 626
386 8 11 687
386 135 1 43
386 43 9 430
386 179 4 328
387 194 11 677
387 69 1 126
387 35 25 689
387 40 9 307
387 47 19 38
387 180 4 486
387 154 13 95
388 129 9 698
388 71 4 330
388 172 7 35
388 145 13 176
388 31 1 688
389 136 10 114
389 41 1 415
389 171 7 530
389 19 16 89
389 22 5 715
389 94 19 200
389 123 13 740
390 70 3 668
390 140 7 318
390 177 13 280
390 148 19 132
390 151 11 693
390 63 1 506
391 162 3 739
391 7 13 604
391 40 1 121
391 13 16 63
391 84 10 743
391 95 7 78
392 8 19 363
392 74 1 135
392 108 13 156
392 188 7 404
393 161 7 722
393 168 13 42
393 42 1 664
393 118 9 174
394 192 1 139
394 81 13 660
394 21 9 432
395 4 7 687
395 69 19 427
395 47 25 72
395 30 9 637
395 185 13 451
395 123 3 53
396 101 13 187
396 168 7 15
396 182 1 86
396 31 4 410
397 71 22 218
397 147 25 645
397 149 1 665
397 185 13 97
397 123 10 735
398 6 1 83
398 168 19 103
398 85 25 69
398 182 7 266
398 61 10 567
399 130 19 727
399 167 7 295
399 47 1 58
399 17 11 53
400 47 10 293
400 180 17 145
400 87 1 259
400 123 4 100
401 147 1 352
402 162 11 185
402 168 7 245
402 9 17 388
402 172 4 43
402 12 37 127
402 18 13 60
402 22 15 476
402 91 1 695
403 196 4 743
403 87 1 748
403 92 7 667
404 135 1 313
404 75 7 346
404 142 19 37
404 148 4 111
405 129 4 89
405 103 9 378
405 17 1 371
405 83 7 696
406 96 5 453
406 116 1 736
406 53 3 174
406 23 7 76
406 189 13 462
407 66 1 99
407 42 13 705
407 177 7 68
408 67 7 173
408 164 1 425
408 198 11 61
408 40 17 65
408 10 13 650
408 43 4 532
408 111 19 77
408 22 22 724
409 36 13 372
409 6 25 64
409 100 1 392
409 45 10 746
409 82 7 29
410 36 7 725
410 113 25 744
410 146 1 715
410 182 10 424
411 198 5 295
411 40 17 364
411 74 13 211
411 78 19 116
411 15 7 640
411 22 1 504
411 24 9 374
412 34 22 426
412 72 1 345
412 168 13 15
412 144 10 162
412 16 7 563
413 65 31 385
413 2 7 188
413 172 11 75
413 147 13 67
413 84 1 226
413 61 4 483
413 158 17 194
413 127 19 105
414 64 7 660
414 128 1 38
414 70 13 433
414 111 4 240
414 19 11 487
414 158 17 502
415 35 19 92
415 113 1 80
415 149 7 37
415 26 4 188
416 181 1 744
416 24 4 176
416 185 7 61
416 63 11 21
417 132 7 124
417 136 5 652
417 200 3 16
417 140 25 30
417 175 1 8
417 119 13 464
418 71 15 330
418 171 1 601
418 14 7 650
418 150 9 745
418 24 4 181
418 88 13 405
418 158 11 124
419 96 29 152
419 33 21 584
419 162 19 50
419 74 7 113
419 46 17 218
419 114 13 534
419 24 1 176
420 132 1 124
420 74 31 74
420 147 7 133
420 150 11 530
421 5 19 381
421 167 13 672
421 174 4 71
421 83 7 214
421 181 10 209
421 54 1 642
421 93 17 148
422 164 7 425
422 73 5 747
422 24 1 353
422 189 10 282
423 164 7 275
423 143 1 549
423 182 4 682
423 124 13 666
424 3 16 742
424 75 13 701
424 78 9 45
424 51 1 77
424 90 3 8
424 156 7 84
425 161 10 654
425 7 13 62
425 45 5 538
425 142 25 727
425 88 7 195
425 188 1 171
425 30 19 637
426 131 7 448
426 165 1 245
426 138 9 37
426 146 13 715
426 182 4 292
426 91 25 105
426 191 17 14
427 13 11 240
427 29 13 472
427 83 5 120
427 53 7 36
427 24 1 374
428 128 1 148
428 3 4 565
428 86 7 673
428 153 13 142
428 127 19 133
429 44 19 40
429 49 1 326
429 54 4 573
430 99 25 63
430 197 4 501
430 7 21 40
430 40 1 65
430 9 13 255
430 141 7 394
431 135 19 52
431 22 4 700
431 182 13 635
431 57 7 208
431 61 1 483
432 104 13 20
432 169 7 583
432 120 1 582
433 128 16 56
433 175 3 203
433 51 1 575
433 58 13 240
433 60 5 728
433 158 10 725
434 193 7 178
434 165 25 76
434 110 4 452
434 148 1 111
434 126 13 346
435 70 13 135
435 147 7 23
435 185 19 61
435 91 1 397
436 56 3 79
436 196 1 147
436 143 7 499
436 53 9 77
436 186 13 45
437 106 7 102
437 76 16 274
437 78 25 126
437 20 13 509
437 119 4 67
437 189 1 282
438 36 1 118
438 9 13 125
438 139 7 12
438 141 4 625
438 51 11 503
439 132 7 739
439 103 25 189
439 81 1 60
439 86 13 718
440 79 4 723
440 152 13 98
440 56 1 47
441 167 7 213
441 94 1 404
442 32 13 46
442 4 1 491
442 83 3 438
442 117 7 48
443 199 17 37
443 40 1 743
443 16 3 228
444 38 13 146
444 175 1 257
444 21 49 126
444 118 7 655
444 94 19 29
445 131 1 56
445 101 15 580
445 26 13 14
445 45 3 538
445 17 5 470
445 83 7 169
445 90 9 330
446 90 5 451
446 174 7 347
446 85 15 41
446 58 10 17
446 28 13 24
446 62 1 310
447 160 25 109
447 193 31 272
447 132 13 72
447 69 19 106
447 106 7 711
447 107 22 533
447 142 1 493
447 112 11 421
448 69 1 427
448 167 7 540
448 88 11 197
448 124 22 49
449 3 13 742
449 134 3 276
449 6 25 35
449 142 7 161
450 3 16 398
450 132 7 184
450 74 1 578
450 138 31 440
451 134 1 590
451 63 11 52
452 160 37 247
452 3 4 398
452 137 13 203
452 74 19 251
452 139 11 12
452 78 7 236
452 176 17 504
452 91 1 357
453 161 5 223
453 78 1 336
453 187 16 686
454 130 31 532
454 198 4 12
454 134 1 34
454 105 11 499
454 59 7 258
455 65 9 226
455 170 22 32
455 108 25 156
455 141 1 676
455 174 4 390
455 114 13 359
455 115 31 497
455 51 7 196
456 99 7 63
456 68 19 400
456 169 13 553
456 73 11 316
456 177 22 417
456 146 3 481
456 191 1 98
457 39 7 279
457 143 4 155
457 82 1 240
457 185 13 708
458 135 4 332
458 71 16 75
458 170 13 101
458 198 1 304
458 56 10 631
458 123 7 183
459 42 13 224
459 141 1 153
459 92 4 199
459 159 19 78
460 3 1 24
461 32 10 744
461 8 1 262
461 177 13 70
461 84 7 90
461 159 3 442
462 3 1 742
462 172 13 603
462 92 7 199
462 147 15 149
462 53 5 335
462 150 10 41
462 188 31 171
463 2 7 518
463 38 1 28
463 169 13 615
463 10 31 6
463 110 25 201
463 158 17 60
464 5 15 9
464 76 19 8
464 77 5 552
464 63 7 229
465 64 9 98
465 11 17 690
465 143 7 704
465 80 13 212
465 44 1 143
465 76 3 587
466 97 1 637
466 162 19 26
466 3 9 216
466 116 17 185
466 186 3 141
466 188 13 110
466 93 7 148
467 33 3 233
467 130 37 233
467 162 13 163
467 71 7 180
467 14 1 419
467 191 10 50
468 18 4 519
468 56 1 79
468 186 52 6
469 136 23 87
469 10 37 6
469 139 29 2
469 12 13 28
469 47 7 38
469 16 31 435
469 179 19 27
469 180 3 48
469 21 43 24
469 88 10 95
469 185 49 1
469 28 17 79
470 35 19 664
470 5 25 103
470 85 1 396
470 25 13 602
470 186 10 170
471 129 16 174
471 130 1 475
471 100 13 305
471 75 28 40
471 21 7 548
471 184 5 347
472 66 7 556
472 71 28 22
472 149 11 741
472 126 1 510
473 2 31 27
473 101 7 126
473 106 13 51
473 76 25 40
473 84 1 90
474 131 1 241
474 99 19 548
474 39 9 614
474 108 16 58
474 176 3 204
474 19 7 680
475 69 3 109
475 133 7 454
475 9 1 568
475 149 10 248
476 99 25 120
476 20 1 201
476 181 5 459
476 84 13 296
476 186 7 231
477 196 37 22
477 68 13 153
477 145 10 176
477 87 7 349
477 120 1 480
477 93 5 383
478 196 1 162
478 52 13 647
478 89 7 189
478 26 5 235
478 59 19 196
478 191 10 29
479 35 19 115
479 73 11 10
479 46 1 477
479 176 13 504
479 177 31 31
479 85 7 488
479 54 25 113
479 58 15 301
480 162 7 415
480 4 17 15
480 144 3 674
480 52 13 333
480 85 31 109
481 3 13 398
481 34 1 745
481 106 19 51
481 52 4 372
481 185 9 205
481 60 7 70
482 34 16 406
482 35 3 47
482 66 7 101
482 186 49 6
482 145 22 500
482 51 1 195
482 123 13 669
483 159 9 148
483 101 19 549
483 143 17 64
483 144 4 151
483 52 1 583
483 60 13 61
484 193 19 72
484 53 1 172
484 87 3 712
484 183 7 350
485 162 1 51
485 14 11 113
485 20 7 352
486 197 11 707
486 72 25 213
486 9 1 446
486 190 13 47
486 159 3 63
487 96 1 453
487 34 19 13
487 35 13 92
487 166 3 647
487 104 10 710
487 170 7 276
487 76 22 8
487 92 31 618
488 64 19 563
488 36 1 540
488 73 4 250
488 176 11 576
488 85 13 307
488 88 7 95
489 35 13 404
489 165 25 251
489 137 19 56
489 147 7 666
489 56 11 225
489 185 1 232
490 153 31 1
490 7 16 604
490 42 19 684
490 176 1 377
490 114 3 359
490 61 7 360
491 99 37 15
491 133 1 508
491 74 13 233
491 22 4 421
492 59 3 196
492 191 1 132
493 102 19 64
493 106 13 90
493 76 1 274
494 48 1 160
494 27 10 68
494 29 7 109
494 158 4 206
495 102 19 283
495 72 25 243
495 116 1 3
495 85 13 57
496 97 10 353
496 137 1 463
496 180 17 77
496 117 13 225
496 94 7 368
497 185 27 3
497 91 19 576
497 143 4 300
497 145 1 366
497 119 34 22
497 155 7 400
498 169 7 52
498 81 13 710
498 18 4 633
498 126 1 107
499 33 7 18
499 65 13 217
499 172 17 617
499 92 1 169
500 37 1 473
500 135 15 50
500 146 19 54
Điểm tối ưu: 2540
Thời gian: 1005351.31 ms
Trạng thái: FEASIBLE
