1817
1 89 1 244
1 193 40 16
1 195 5 665
1 166 37 18
1 137 13 582
1 111 11 662
1 83 17 11
1 184 34 495
1 121 7 47
1 190 19 210
1 152 25 71
1 126 31 626
2 2 7 2
2 196 13 95
2 69 1 13
2 106 29 14
2 110 23 36
2 177 11 40
2 49 31 81
2 20 37 4
2 149 5 14
2 150 25 148
2 89 19 8
2 189 17 495
3 67 5 228
3 68 7 8
3 70 13 133
3 42 10 48
3 107 17 142
3 82 1 57
3 56 22 718
3 124 19 150
3 159 25 406
4 162 16 52
4 132 43 8
4 36 11 322
4 166 4 651
4 168 7 243
4 41 19 449
4 42 13 709
4 60 25 391
4 125 9 290
4 62 1 471
4 127 29 2
5 194 37 243
5 200 19 697
5 49 13 544
5 178 5 18
5 22 25 508
5 93 1 257
5 94 7 64
6 130 5 447
6 166 21 21
6 11 13 496
6 79 10 8
6 176 25 323
6 61 31 24
6 87 7 37
6 29 1 242
7 8 19 741
7 107 11 55
7 172 28 21
7 175 16 99
7 50 5 291
7 184 25 142
7 185 1 446
8 97 5 578
8 161 13 204
8 199 25 169
8 10 7 509
8 20 22 236
8 85 1 497
8 157 19 567
9 193 15 459
9 163 10 159
9 164 25 108
9 36 5 322
9 7 19 685
9 137 31 344
9 51 13 67
9 184 7 256
9 31 1 118
10 12 16 515
10 141 13 18
10 173 11 717
10 47 5 327
10 92 7 261
10 94 1 127
11 3 7 10
11 146 10 156
11 114 1 725
11 20 3 617
11 57 13 153
12 45 11 152
12 49 7 88
12 82 43 3
12 183 4 638
12 126 13 443
12 30 1 407
13 160 7 124
13 71 13 124
13 40 31 17
13 173 11 347
13 87 19 681
13 190 1 254
14 13 16 267
14 146 10 20
14 177 1 608
14 189 7 166
14 61 19 605
15 73 13 726
15 176 3 719
15 83 1 225
16 135 10 90
16 43 1 525
16 179 19 509
16 187 13 208
16 63 31 691
17 188 1 517
18 103 25 74
18 169 31 389
18 108 13 326
18 28 7 541
18 55 5 466
18 121 1 261
18 156 19 626
19 64 13 713
19 132 19 171
19 67 3 620
19 137 7 18
19 186 1 561
19 61 25 340
20 12 7 278
20 78 16 526
20 14 4 42
20 114 1 351
20 121 9 279
21 6 1 275
21 183 7 223
21 25 4 73
22 6 1 610
22 23 19 232
22 25 3 11
23 124 7 739
23 158 1 616
24 128 13 52
24 105 4 236
24 173 1 680
25 168 5 690
25 54 1 708
25 189 7 617
26 39 5 210
26 152 1 499
27 163 13 96
27 154 3 576
27 25 1 241
28 38 19 96
28 76 25 679
28 14 1 42
28 21 7 414
28 26 13 433
29 163 1 238
29 68 4 143
29 43 7 137
29 110 13 36
29 24 11 235
30 32 13 181
30 180 1 287
30 55 5 292
30 56 11 2
31 32 9 408
31 122 1 467
31 112 4 718
32 79 13 151
32 113 1 296
32 114 16 725
32 182 10 729
33 128 13 231
33 132 1 206
33 138 5 195
33 112 11 560
33 151 7 151
34 194 7 253
34 38 31 340
34 140 11 236
34 155 1 33
34 80 25 645
34 16 19 193
34 52 37 19
34 181 3 364
34 91 13 53
35 138 5 643
35 76 13 486
35 50 1 181
36 161 7 295
36 43 1 423
36 113 13 562
37 50 5 491
37 116 1 670
38 67 13 425
38 163 19 117
38 11 1 393
38 23 10 284
38 56 5 136
39 161 7 507
39 37 11 384
39 45 1 152
39 85 13 195
39 184 3 649
40 7 7 709
40 111 1 259
41 185 7 224
41 135 21 40
41 189 4 227
41 57 1 545
42 41 3 458
42 144 19 48
42 115 11 425
42 25 1 399
43 96 15 145
43 40 7 687
43 138 4 198
43 50 11 150
43 180 13 65
43 25 1 339
44 51 5 16
44 85 1 195
44 179 7 695
44 90 13 179
44 158 11 699
45 42 1 727
45 17 7 230
46 143 13 678
46 52 7 222
46 190 19 100
46 29 1 123
47 44 5 698
47 78 13 628
47 152 7 363
47 63 1 297
48 195 4 404
48 178 13 298
48 26 1 167
48 92 7 675
48 125 11 603
49 104 1 271
49 60 4 116
50 34 10 481
50 66 15 696
50 138 13 641
50 48 7 712
50 145 1 113
50 159 3 280
51 165 19 315
51 13 3 622
51 17 13 196
51 50 5 134
51 83 17 159
51 155 1 576
51 127 23 14
52 60 7 643
52 123 1 390
52 191 5 53
53 166 7 525
53 14 1 145
53 80 10 237
53 53 25 437
53 95 19 143
53 152 13 399
54 23 19 463
54 30 1 394
54 94 7 663
55 185 19 446
55 162 10 109
55 39 1 151
55 118 3 476
55 89 13 12
55 62 7 331
56 99 7 260
56 100 3 546
56 140 1 193
56 159 13 99
57 11 1 720
57 122 7 21
58 39 4 401
58 105 1 569
58 76 19 612
58 95 25 691
59 176 1 468
59 112 5 109
59 180 7 267
60 132 3 742
60 171 13 71
60 145 1 450
61 39 7 36
61 167 3 634
61 72 1 594
62 3 1 588
62 15 3 258
63 67 1 204
63 73 3 4
63 111 9 662
64 137 1 146
64 80 7 653
65 34 5 324
65 194 1 93
65 61 13 581
66 4 1 34
66 135 4 640
66 43 7 129
67 35 25 348
67 153 13 21
67 2 15 413
67 76 7 193
67 95 1 188
68 146 1 178
68 20 15 36
68 116 7 179
69 133 13 396
69 59 10 217
69 124 7 117
69 85 3 580
69 24 1 625
70 98 11 71
70 179 7 588
70 186 1 455
71 100 7 208
71 200 13 743
71 105 3 739
71 139 1 392
71 17 19 230
71 52 31 14
72 89 7 645
72 129 13 28
72 4 1 427
72 103 19 307
72 11 25 376
72 83 5 25
73 142 7 648
73 17 3 724
73 18 1 283
74 197 11 95
74 52 7 71
74 89 1 554
75 162 3 26
75 3 23 701
75 100 10 711
75 72 16 122
75 142 13 146
75 15 19 581
75 48 7 530
75 178 1 66
76 64 16 138
76 162 13 479
76 35 3 607
76 67 1 265
76 149 7 542
77 96 19 60
77 34 11 22
77 195 40 3
77 164 25 253
77 6 5 450
77 199 22 169
77 73 31 50
77 138 17 32
77 14 37 42
77 58 13 397
77 28 7 303
77 157 1 404
78 128 4 104
78 33 19 194
78 71 22 737
78 50 7 701
78 125 11 42
79 9 7 718
79 179 1 72
80 36 3 345
80 6 1 276
80 167 7 641
80 122 10 161
80 74 13 238
80 11 19 30
80 141 16 2
80 20 25 4
80 54 31 342
80 154 28 61
80 190 37 78
80 95 43 207
81 105 1 596
81 118 13 82
81 25 7 585
82 195 7 742
82 189 1 712
83 39 1 502
83 11 13 64
83 113 7 486
83 86 4 178
84 115 7 484
84 54 1 500
84 31 9 268
84 127 5 548
85 132 13 602
85 12 1 516
86 126 1 396
86 38 7 30
86 122 19 255
87 167 4 24
87 80 10 741
87 93 1 52
88 32 7 58
88 193 1 331
88 57 4 332
89 165 25 743
89 75 13 733
89 12 1 361
89 92 19 71
89 95 7 430
90 41 1 114
90 182 7 729
91 98 3 159
91 35 7 289
91 145 1 150
91 55 5 541
91 87 13 332
92 168 7 109
92 79 4 185
92 24 1 214
92 155 9 744
93 67 10 653
93 72 5 296
93 31 1 630
94 175 4 325
94 183 1 222
95 169 7 750
95 82 1 162
96 192 1 122
96 180 7 175
96 58 13 735
96 159 19 602
97 8 1 741
98 166 4 702
98 105 1 378
98 18 7 127
99 15 1 581
100 81 13 197
100 153 1 370
100 94 19 2
100 63 7 548
101 162 7 452
101 40 13 710
101 149 1 528
101 87 3 154
101 191 10 468
102 72 1 408
102 171 7 125
103 192 3 59
103 66 7 5
103 100 10 13
103 10 13 19
103 140 17 201
103 14 19 11
103 143 25 85
103 112 1 465
103 151 31 151
103 120 43 40
103 187 37 698
103 184 22 3
104 34 1 707
104 103 7 610
105 71 4 112
105 170 7 634
105 50 11 542
105 62 1 514
106 2 13 449
106 20 1 236
107 133 11 703
107 75 1 480
107 46 7 364
108 5 25 612
108 171 1 583
108 112 4 331
108 88 13 47
109 120 1 270
110 9 7 665
110 115 1 684
111 32 4 569
111 161 19 432
111 162 1 374
112 144 1 582
112 176 7 638
112 51 11 116
112 21 13 677
112 58 25 205
113 100 7 517
113 91 1 656
114 192 7 365
114 8 13 731
114 154 1 726
115 76 3 717
115 180 1 80
115 89 7 618
116 135 10 120
116 136 13 16
116 42 7 439
116 50 1 539
117 100 19 637
117 166 1 702
117 79 4 467
118 46 3 282
118 84 1 644
119 131 13 309
119 38 1 440
119 122 7 297
120 133 5 30
120 25 3 491
120 155 1 617
121 32 1 420
121 40 13 92
121 142 4 278
121 22 7 746
122 42 1 406
122 79 13 104
122 112 5 47
122 118 7 225
123 163 1 462
123 164 9 484
123 138 7 721
123 15 13 533
124 65 3 560
124 144 13 724
124 112 1 535
125 97 5 146
125 91 1 260
126 131 7 416
126 196 19 367
126 133 5 394
126 171 25 240
126 177 1 634
127 133 5 44
127 173 7 731
127 125 1 489
128 129 1 251
128 197 17 4
128 113 13 574
128 154 7 139
129 195 1 201
129 48 7 136
129 177 10 333
129 53 19 719
129 120 3 194
130 83 7 236
130 153 1 687
130 190 13 718
131 74 1 302
131 145 7 220
131 119 4 405
132 142 1 631
133 191 5 521
133 12 13 166
133 180 11 337
133 179 7 215
133 61 1 356
134 6 3 276
134 72 1 636
134 46 19 745
135 66 7 468
135 34 1 412
135 3 10 535
135 120 3 79
136 70 1 130
136 82 13 484
137 35 1 314
137 14 16 672
138 38 7 133
138 41 13 38
138 11 25 594
138 139 1 360
138 47 5 226
138 182 19 364
138 89 49 8
139 131 1 288
139 11 13 555
139 176 19 744
139 189 7 408
140 58 1 562
141 15 1 552
141 82 13 605
141 88 9 559
142 48 13 597
142 182 7 520
142 20 1 65
142 24 4 734
143 50 11 19
143 179 7 726
143 117 1 157
143 94 13 132
144 36 3 547
144 148 1 401
145 174 13 48
145 48 1 405
146 17 7 196
146 180 1 377
147 191 5 667
147 129 13 121
147 37 3 328
147 76 19 46
147 17 25 366
147 82 37 57
147 53 31 243
147 62 7 138
147 185 43 123
147 127 17 167
147 158 10 10
147 31 1 10
148 4 1 31
148 117 25 5
149 195 7 415
149 198 1 692
149 101 4 17
150 80 4 55
150 159 1 211
151 162 13 72
151 132 7 83
151 78 1 129
151 190 19 78
152 193 7 633
152 96 1 104
152 60 4 54
153 35 1 426
154 163 1 249
154 6 4 406
154 123 7 41
155 65 5 102
155 103 1 190
155 190 7 625
156 119 1 223
156 30 4 203
157 168 5 750
157 44 1 108
157 108 7 612
157 120 13 378
158 111 1 645
158 190 3 160
158 158 19 3
159 154 7 508
159 94 1 64
160 130 5 527
160 174 1 48
160 21 13 689
161 116 13 6
161 20 1 674
161 155 19 40
162 97 5 554
162 198 7 402
162 7 10 143
162 169 1 410
162 29 13 224
163 20 7 706
163 123 1 175
164 43 7 272
164 62 1 295
165 67 4 165
165 169 13 708
165 107 1 55
165 49 7 428
166 91 1 53
167 66 4 725
167 135 7 90
167 17 19 35
167 119 1 334
167 63 13 691
168 124 1 137
168 93 4 132
169 167 19 467
169 170 1 729
169 85 13 499
169 184 7 200
170 11 1 513
170 111 7 344
170 60 9 567
171 2 1 443
171 70 13 75
172 67 7 476
172 200 9 490
172 81 1 91
172 90 5 32
173 66 1 512
173 107 4 637
174 137 1 18
174 11 19 68
174 75 13 155
174 118 7 6
175 66 4 350
175 4 1 263
175 171 16 71
175 79 7 92
175 112 10 331
175 15 19 338
175 181 25 270
176 66 25 35
176 141 7 57
176 143 13 549
176 142 10 709
176 177 5 168
176 47 1 282
177 110 1 176
178 71 7 69
178 12 3 530
178 112 1 102
178 115 11 372
178 191 5 468
179 128 1 570
179 53 7 602
179 157 4 65
180 64 4 197
180 101 7 7
180 81 1 226
181 160 1 141
181 13 5 214
181 190 7 387
182 163 10 27
182 4 7 619
182 152 1 169
183 160 13 457
183 170 7 628
183 48 1 136
183 151 19 172
184 34 1 298
184 142 3 267
184 18 10 716
185 97 1 111
185 195 3 733
185 105 7 313
186 160 13 356
186 36 1 547
186 141 7 190
186 86 5 217
187 134 19 128
187 199 16 154
187 197 1 442
187 52 25 697
187 153 3 419
188 13 1 59
188 111 4 158
188 119 7 247
188 186 10 697
188 59 13 511
189 104 7 11
189 179 1 215
190 130 1 438
190 139 3 661
190 82 13 23
190 60 7 238
191 132 7 358
191 76 25 248
191 152 1 323
192 133 10 44
192 91 1 230
192 60 7 741
193 68 13 714
193 101 7 449
193 171 1 125
193 117 19 448
194 129 1 99
195 16 1 522
196 105 7 48
196 92 13 663
196 91 1 286
197 26 7 724
197 166 10 293
197 22 1 746
198 10 1 269
198 180 5 387
199 161 7 340
199 138 11 304
199 185 1 292
200 165 1 315
201 196 13 720
201 117 7 249
201 150 1 492
202 65 3 558
202 130 1 733
202 10 13 601
202 59 7 103
203 99 19 613
203 7 10 617
203 54 13 66
203 56 1 194
203 127 4 2
204 197 4 120
204 102 1 515
204 18 9 86
204 88 7 23
205 50 1 542
205 190 3 115
206 163 3 730
206 165 13 564
206 178 1 96
206 155 7 661
207 64 19 17
207 129 3 153
207 160 7 150
207 138 11 195
207 172 16 21
207 79 13 31
207 177 22 333
207 118 25 347
207 57 1 98
207 26 31 58
207 61 37 24
207 62 34 252
208 139 1 79
208 56 3 635
209 160 1 411
210 106 7 577
210 26 3 21
210 30 9 407
210 191 1 32
211 7 7 143
211 176 3 52
212 3 5 701
212 164 1 573
212 76 13 612
212 143 7 385
213 34 1 25
213 196 7 232
213 168 11 616
213 29 22 5
214 162 7 528
214 88 1 338
214 189 3 303
215 104 1 601
215 112 7 708
215 86 4 716
216 33 9 604
216 91 1 144
216 31 5 707
217 181 7 674
217 126 1 448
218 70 1 170
218 42 19 598
218 46 7 12
218 95 13 188
219 69 1 117
220 192 31 21
220 73 19 4
220 11 13 30
220 123 25 41
220 142 7 134
220 110 10 36
220 78 43 7
220 52 49 14
220 149 3 589
220 26 28 119
220 27 1 8
220 92 55 4
221 71 1 158
221 106 4 167
221 175 7 448
221 148 10 684
222 176 1 397
222 82 7 390
223 101 4 452
223 154 1 342
224 153 5 575
224 150 1 621
225 107 5 602
225 179 1 695
225 120 7 720
226 193 1 362
226 164 7 722
226 11 13 596
226 117 19 740
227 192 1 103
227 52 25 14
228 6 3 346
228 200 7 607
228 138 1 619
228 76 19 372
229 162 13 29
229 34 1 212
229 8 3 629
229 169 25 232
229 93 7 664
230 34 5 600
230 200 1 559
230 78 22 484
230 183 10 223
231 72 5 45
231 41 19 511
231 60 13 741
231 78 1 457
231 49 25 130
232 141 1 6
232 25 4 671
232 156 13 615
233 155 1 661
234 196 7 483
234 90 1 94
235 65 13 62
235 169 1 321
235 175 15 363
236 96 13 165
236 168 5 111
236 8 1 221
236 46 7 732
237 115 1 714
237 23 13 684
237 91 7 53
238 108 1 110
239 115 5 714
239 124 1 433
240 23 1 24
240 26 4 263
241 162 19 559
241 136 1 496
241 185 13 646
241 154 7 576
242 35 1 45
242 77 10 87
242 146 7 319
243 97 1 614
243 132 7 171
243 138 11 245
243 29 3 738
244 84 1 586
244 54 3 43
244 185 7 263
244 58 13 681
245 33 7 40
245 8 13 394
245 135 10 1
245 139 1 161
245 143 19 323
245 16 3 723
246 33 19 376
246 66 1 511
246 40 13 722
246 121 7 425
246 62 25 379
247 133 5 494
247 103 1 74
247 142 10 631
247 157 13 207
248 73 1 316
248 48 13 469
248 82 7 410
248 84 5 76
249 68 13 8
249 63 2 672
250 69 13 570
250 171 1 354
250 76 7 511
250 93 4 595
251 73 7 704
251 138 1 268
251 143 3 684
251 186 11 369
252 159 1 697
253 135 1 90
253 47 4 537
253 54 19 76
253 95 25 615
254 97 1 258
254 195 10 346
254 5 3 616
255 129 7 14
255 98 3 279
255 132 13 78
255 198 19 533
255 71 22 61
255 168 5 5
255 74 25 20
255 139 11 158
255 108 31 7
255 46 37 13
255 112 1 109
255 81 28 3
256 66 3 312
256 133 1 430
257 97 3 605
257 3 7 671
257 133 1 580
257 45 10 624
258 193 1 506
259 192 7 583
259 193 13 362
259 37 1 384
259 15 19 465
259 119 3 247
260 200 1 266
260 146 7 20
261 181 7 533
261 182 1 174
262 197 1 623
262 75 3 75
262 178 7 632
262 31 9 540
263 196 13 232
263 100 7 13
263 184 1 532
263 188 4 517
264 64 1 713
264 65 4 62
264 43 7 524
264 139 11 78
264 95 19 615
265 163 1 333
265 30 4 336
265 58 7 207
266 165 1 307
266 176 13 585
266 62 7 128
267 74 7 149
267 53 1 568
268 198 1 132
268 18 5 232
269 43 1 372
269 140 5 654
269 115 9 33
269 63 13 106
270 161 7 204
270 162 3 121
270 66 13 595
270 4 16 20
270 36 11 166
270 8 19 403
270 44 23 7
270 81 25 3
270 19 37 6
270 55 28 1
270 89 31 8
270 57 1 30
271 137 1 464
271 11 31 739
271 21 19 507
271 93 5 642
272 132 13 653
272 12 1 530
272 179 3 736
273 64 7 447
273 166 10 657
273 172 5 221
273 174 1 20
273 20 13 706
274 171 7 716
274 23 15 311
274 21 1 579
274 91 19 235
275 39 1 490
276 115 1 546
277 194 13 162
277 193 1 651
277 62 4 485
278 123 1 301
279 3 1 416
279 116 3 171
280 132 1 521
280 173 5 196
280 94 7 655
281 64 13 476
281 15 7 291
281 125 1 156
281 189 3 274
282 39 5 36
282 47 3 152
282 55 1 56
282 92 25 675
283 200 3 71
283 12 1 533
283 14 13 11
284 130 1 724
284 178 5 72
284 29 7 266
285 109 1 482
285 20 9 740
285 57 7 545
286 165 13 579
286 84 1 112
286 122 7 29
286 91 3 235
287 74 3 204
287 44 1 293
287 59 7 367
288 2 7 413
288 139 1 503
288 151 3 151
289 58 1 615
289 106 9 599
289 84 7 647
289 21 13 192
289 186 19 26
290 51 11 479
290 23 1 425
290 185 7 354
290 27 4 511
291 99 7 513
291 142 1 70
292 3 1 305
293 34 13 137
293 162 10 423
293 50 5 438
293 85 1 593
293 182 7 81
294 154 1 475
295 94 1 248
296 35 13 262
296 74 10 149
296 155 1 491
297 132 3 78
297 197 11 4
297 196 7 173
297 73 13 4
297 169 19 713
297 9 25 665
297 78 28 7
297 16 31 400
297 81 37 457
297 114 17 351
297 183 43 222
297 88 1 710
298 9 7 658
298 117 13 206
298 29 1 77
298 190 25 387
299 131 3 80
299 198 7 538
299 83 1 47
300 141 10 3
300 14 1 227
300 25 4 631
301 192 1 373
301 132 7 453
301 144 13 103
301 178 5 27
301 116 19 743
302 133 1 278
302 80 3 237
302 82 19 410
303 97 5 393
303 164 1 371
303 110 7 523
303 190 9 145
304 66 1 317
304 132 13 475
304 169 7 626
305 74 1 681
305 189 4 553
306 68 3 666
306 156 7 131
306 125 1 445
307 101 4 484
307 198 1 549
307 179 7 24
308 36 1 345
308 196 13 368
308 52 19 721
308 90 3 678
308 155 10 141
309 140 1 148
309 77 10 74
309 143 19 413
309 84 7 456
309 62 3 284
310 2 1 449
310 131 19 693
310 76 7 679
310 63 13 140
311 36 3 322
311 137 7 330
311 10 25 17
311 139 11 661
311 16 13 1
311 81 31 3
311 124 19 7
311 62 22 108
311 191 1 678
312 64 13 439
312 65 4 749
312 22 7 398
312 182 1 22
313 35 19 240
313 171 13 154
313 75 1 415
313 14 7 293
314 180 3 557
314 158 5 681
314 31 1 15
315 96 1 165
315 102 4 668
316 153 5 179
316 164 7 371
316 69 1 665
317 97 1 335
318 4 1 19
318 164 7 725
318 107 11 749
319 40 7 167
319 107 4 147
319 119 1 23
320 196 7 620
320 139 3 212
320 140 1 424
321 169 7 389
321 79 1 255
321 116 13 700
322 163 1 320
322 185 7 640
323 71 9 262
323 139 1 677
323 173 7 152
324 192 7 59
324 75 13 169
324 82 1 61
325 96 7 104
325 142 1 391
325 18 10 521
326 6 1 199
326 9 10 406
326 145 5 231
327 32 1 63
327 97 4 727
327 199 7 699
327 56 10 26
328 98 4 407
328 48 1 590
328 81 13 340
329 164 13 498
329 168 1 189
330 33 7 94
330 9 1 234
330 125 10 623
330 191 4 38
331 97 3 41
331 165 13 14
331 37 5 29
331 10 7 240
331 139 1 2
331 46 19 13
331 16 37 225
331 118 25 476
331 28 31 360
332 137 9 646
332 19 1 743
332 154 13 719
332 127 7 212
333 134 13 576
333 142 7 728
333 122 10 443
333 123 1 652
334 4 9 719
334 111 7 604
334 48 1 120
334 89 13 317
335 33 4 376
335 167 28 285
335 174 19 619
335 175 25 419
335 18 1 454
335 54 13 536
335 91 7 9
336 184 1 495
336 89 13 175
337 193 7 359
337 122 1 494
337 93 4 566
338 42 1 638
338 118 7 202
339 79 25 151
339 144 7 615
339 15 1 207
339 117 13 740
339 28 19 493
340 197 1 557
340 142 13 159
340 52 7 692
340 87 3 735
341 3 5 219
341 99 1 252
341 150 7 611
342 166 4 341
342 198 1 421
342 120 13 454
342 28 7 360
343 36 5 700
343 69 1 179
343 48 7 70
344 133 5 417
344 145 10 724
344 120 1 701
345 112 9 102
345 49 1 81
345 31 7 310
346 100 10 637
346 177 5 48
346 60 1 659
347 99 1 519
347 37 5 729
348 38 1 133
348 7 13 56
348 125 5 743
349 105 4 49
349 41 13 620
349 11 7 669
349 55 1 84
349 22 19 304
350 197 10 181
350 100 7 637
350 11 13 594
350 83 3 338
350 149 5 95
350 90 1 668
351 129 1 142
351 49 19 9
352 92 7 597
352 144 13 674
352 188 1 606
353 179 1 598
354 135 7 444
354 86 1 721
354 183 3 309
354 187 13 650
354 62 10 658
355 34 11 137
355 131 13 80
355 178 1 436
355 53 7 700
355 183 3 113
356 32 15 683
356 118 1 69
356 182 19 294
356 186 5 310
357 200 13 33
357 42 1 640
358 69 1 134
358 165 19 653
358 11 25 305
358 60 7 95
359 132 2 587
359 158 7 375
360 102 4 414
360 104 1 705
360 16 13 482
360 143 7 589
361 115 4 646
361 149 1 662
362 133 3 703
362 20 7 65
362 186 1 685
363 16 7 184
363 56 5 588
363 59 1 602
364 132 7 121
364 167 1 369
364 111 4 731
364 21 13 637
365 162 7 26
365 77 1 452
365 78 19 484
365 121 13 271
366 10 13 509
366 24 3 662
366 56 1 718
366 159 19 99
367 100 4 68
367 69 25 2
367 9 19 18
367 54 13 76
367 92 31 4
367 158 1 699
367 63 7 691
368 117 7 229
368 30 1 413
368 59 4 381
368 126 13 626
369 192 1 664
369 80 19 83
369 20 13 438
369 86 16 690
369 118 9 731
370 68 7 446
370 133 1 459
370 104 10 705
370 80 19 25
370 115 5 339
370 28 13 541
371 194 3 87
371 40 7 717
371 153 1 534
372 199 10 298
372 105 7 66
372 171 19 726
372 178 1 734
373 39 5 623
373 106 3 14
373 51 1 479
374 163 4 599
374 180 11 31
374 55 7 466
374 189 13 617
374 183 1 28
375 34 11 24
375 7 3 351
375 169 7 118
375 74 19 77
375 108 13 7
375 146 22 495
375 52 25 19
375 119 31 12
375 56 17 9
375 187 43 420
375 126 34 533
375 127 29 73
376 132 7 50
376 45 1 466
376 143 3 538
377 99 1 250
377 49 7 82
378 36 1 472
378 196 19 391
378 170 37 8
378 83 3 683
378 181 7 306
379 107 1 218
379 179 13 286
379 22 7 99
380 70 13 246
380 134 1 429
380 106 5 272
381 139 7 686
381 79 9 201
381 114 1 185
381 116 3 567
381 21 13 9
381 26 19 433
382 71 1 460
382 44 4 609
382 141 7 676
383 161 13 623
383 8 1 92
384 64 1 17
384 67 11 228
384 85 19 708
384 154 4 508
385 134 1 658
385 140 5 682
385 178 11 714
385 120 7 192
386 32 4 509
386 173 11 110
386 85 7 527
386 126 1 748
387 196 7 362
387 138 1 27
387 173 3 632
387 153 19 21
388 181 25 181
388 59 1 172
389 129 3 216
389 164 13 108
389 165 25 724
389 139 1 382
389 146 19 336
390 68 1 58
390 10 13 17
390 59 4 268
391 65 1 358
391 175 7 684
391 189 13 116
392 41 1 488
393 96 7 562
393 196 1 95
394 161 13 259
394 100 4 271
394 77 1 536
394 81 10 470
394 118 19 88
395 129 25 273
395 167 3 709
395 44 1 50
396 167 13 702
396 152 1 273
397 115 5 582
397 184 1 9
397 123 7 63
397 60 10 81
398 132 3 183
398 40 7 31
398 180 1 706
399 5 1 388
399 200 7 186
399 141 13 302
400 6 1 281
400 176 7 52
400 150 13 600
401 141 1 744
402 172 1 220
402 151 3 96
403 130 4 298
403 5 1 483
404 6 1 21
404 140 5 647
404 180 3 711
405 142 3 610
405 51 1 736
405 89 19 543
406 164 7 467
406 126 1 86
407 67 11 738
407 23 1 37
408 160 1 386
409 195 1 456
409 135 3 15
410 170 1 60
411 195 5 51
411 196 19 614
411 134 37 7
411 171 7 91
411 45 23 2
411 13 10 41
411 89 25 517
412 64 4 660
412 102 1 131
412 21 13 584
413 97 1 385
413 159 7 280
414 171 1 686
414 158 4 10
415 185 1 628
416 168 1 639
416 148 3 102
417 45 1 348
417 117 7 68
417 31 5 13
418 193 1 97
418 27 4 182
418 16 7 404
419 64 1 291
419 135 4 564
419 146 9 157
419 27 7 690
420 89 1 192
420 27 5 424
420 95 7 213
421 12 3 361
421 92 31 489
421 112 1 563
422 28 1 128
423 130 5 585
423 142 7 683
423 112 1 690
424 139 1 3
424 145 4 31
424 148 13 26
424 124 7 624
425 138 3 32
425 106 1 267
425 191 5 733
426 136 1 138
426 119 7 521
427 101 10 62
427 75 1 290
427 81 7 3
428 7 10 16
428 167 1 147
429 160 1 453
429 28 7 493
429 26 13 349
430 166 1 543
430 104 4 706
430 173 7 155
430 83 10 69
430 94 13 632
431 96 13 526
431 137 9 212
431 51 5 23
431 121 1 732
431 189 7 227
432 162 15 26
432 99 7 613
432 37 3 29
432 6 13 450
432 47 11 472
432 178 23 8
432 29 37 14
432 181 31 106
432 23 19 66
432 152 25 444
432 93 1 39
432 184 40 123
433 19 3 490
433 148 1 312
434 97 1 203
434 4 13 634
434 179 3 383
435 132 7 96
435 22 1 357
435 59 13 381
436 3 1 171
436 135 3 355
436 168 7 593
436 109 13 141
437 66 13 261
437 100 1 140
437 82 7 130
437 115 4 425
437 55 11 629
438 103 1 163
438 139 17 78
438 17 13 35
438 184 7 349
438 153 5 419
439 162 1 177
439 53 19 720
440 128 1 311
441 167 19 54
441 143 25 219
441 176 13 323
441 116 7 55
441 188 1 44
442 145 10 67
442 87 7 19
442 93 1 160
443 128 3 516
443 5 10 94
443 140 1 737
443 119 7 108
444 21 7 505
444 185 1 135
445 41 1 256
445 148 5 252
446 20 1 289
446 149 7 529
446 22 9 357
447 34 1 518
447 106 4 67
447 75 13 40
447 143 7 736
448 96 1 537
448 69 13 268
448 146 7 631
449 6 3 399
449 103 13 437
449 109 7 45
449 110 1 71
450 110 1 322
450 179 7 519
451 66 1 126
451 170 7 738
451 59 4 172
452 192 7 28
452 75 13 325
452 54 19 43
452 87 1 402
453 34 10 707
453 137 13 376
453 42 7 406
453 149 4 289
453 60 19 668
453 126 1 73
454 129 7 405
454 15 1 101
455 104 1 184
455 79 7 170
455 57 4 529
456 69 1 463
457 137 19 646
457 116 1 208
457 53 7 370
458 198 15 604
458 200 3 33
458 10 7 703
458 125 13 194
459 137 1 740
460 164 7 498
460 101 4 125
460 16 13 342
460 147 19 682
460 148 11 275
460 184 1 200
461 32 1 509
461 21 13 422
461 87 7 735
462 196 13 391
462 106 1 599
462 178 3 27
463 200 7 126
463 171 1 676
463 15 13 679
464 143 1 219
464 92 19 547
465 130 1 447
465 144 13 675
465 29 10 545
466 161 1 340
466 132 13 531
466 79 19 675
466 112 5 708
467 154 1 217
467 77 13 164
467 174 7 115
467 31 4 161
468 130 1 346
468 20 4 412
469 129 13 127
469 162 1 441
469 131 19 456
469 195 5 139
469 199 10 501
469 104 7 188
470 15 13 117
470 177 7 221
470 58 1 51
471 161 7 276
471 68 1 577
471 102 13 267
471 55 4 84
472 146 7 156
472 179 19 146
472 19 1 239
473 98 5 176
473 139 11 106
473 184 13 150
473 118 1 213
473 55 16 27
473 152 7 106
474 167 1 591
474 74 13 424
474 49 7 574
475 104 7 581
475 106 1 272
475 95 19 644
476 65 7 558
476 12 1 155
476 181 3 108
476 119 9 241
477 169 1 584
477 113 16 31
477 20 13 374
477 118 19 659
477 91 7 543
478 78 1 395
478 51 4 692
479 196 1 173
479 107 9 516
479 93 7 132
479 148 5 88
480 65 1 143
480 51 5 35
481 168 5 175
481 43 1 618
481 146 7 393
482 68 13 524
482 72 1 277
482 105 4 378
482 107 7 262
482 83 11 47
483 39 11 585
483 10 7 547
483 140 3 94
483 90 1 742
484 200 1 434
484 27 5 510
485 166 13 664
485 42 19 640
485 118 7 77
485 63 1 597
486 70 13 287
486 197 3 442
486 25 1 11
486 63 7 182
487 35 1 318
487 46 13 364
488 141 1 16
488 95 7 189
489 74 13 607
489 75 7 160
489 178 1 473
489 122 3 489
490 37 1 29
490 167 4 343
490 149 7 662
491 100 1 68
491 53 7 409
491 61 13 57
492 198 1 107
492 183 7 172
493 66 1 124
493 135 13 593
493 153 4 107
493 187 7 745
494 76 1 149
494 79 7 161
494 59 13 172
494 127 11 14
495 32 10 200
495 194 3 319
495 135 7 564
495 180 1 337
496 140 7 203
496 14 1 36
497 68 9 721
497 9 15 47
497 147 1 285
498 35 1 7
498 123 7 301
498 47 5 133
499 7 7 56
499 169 1 653
500 38 13 37
500 168 5 264
500 169 1 435
500 142 19 28
500 176 31 430
500 179 25 218
500 155 17 40
500 159 7 181
Điểm tối ưu: 1817
Thời gian: 1005353.56 ms
Trạng thái: FEASIBLE
