2400
1 3 1 99
1 36 29 81
1 67 43 113
1 39 49 147
1 74 13 69
1 11 21 68
1 46 7 94
1 79 16 275
1 51 31 130
1 57 37 101
1 58 25 26
1 29 46 31
2 4 31 39
2 68 17 89
2 38 9 236
2 39 13 66
2 44 41 146
2 78 37 155
2 47 3 131
2 19 7 144
2 52 21 279
2 24 19 83
2 27 23 214
2 30 1 202
3 33 3 42
3 65 7 24
3 4 13 266
3 71 43 62
3 40 19 212
3 72 11 167
3 73 25 186
3 75 17 43
3 45 23 34
3 55 29 91
3 25 1 81
3 62 31 124
4 68 5 89
4 41 7 50
4 74 10 142
4 15 19 51
4 48 35 76
4 51 13 37
4 22 25 14
4 55 29 153
4 25 3 114
4 58 31 252
4 29 22 287
4 62 43 132
5 66 19 263
5 70 25 215
5 39 43 189
5 72 5 105
5 43 11 70
5 76 37 241
5 50 23 229
5 21 55 285
5 55 47 290
5 57 13 38
5 58 31 268
5 62 7 115
6 2 19 10
6 4 55 266
6 36 22 210
6 8 25 88
6 41 43 81
6 75 11 74
6 11 37 275
6 14 4 232
6 51 31 276
6 52 17 226
6 58 13 268
6 62 52 51
7 64 7 138
7 66 31 270
7 36 41 252
7 38 22 236
7 75 16 74
7 44 35 229
7 77 25 123
7 14 13 14
7 47 1 33
7 46 37 94
7 18 10 66
7 21 19 165
8 64 53 144
8 66 1 294
8 36 25 252
8 69 13 144
8 39 37 41
8 13 46 227
8 78 20 155
8 48 9 41
8 18 31 166
8 50 11 38
8 59 27 207
8 61 17 288
9 33 13 251
9 67 7 252
9 35 3 91
9 70 25 294
9 74 43 69
9 75 1 219
9 48 10 210
9 51 37 243
9 55 22 1
9 25 31 114
9 26 19 68
9 29 34 206
10 32 15 276
10 65 25 181
10 5 11 266
10 69 7 169
10 73 49 130
10 10 31 117
10 49 19 246
10 52 13 134
10 53 37 207
10 23 4 80
10 55 29 1
10 59 43 152
11 32 31 234
11 33 49 30
11 2 13 150
11 66 25 263
11 36 5 252
11 69 37 85
11 15 34 263
11 80 43 41
11 48 47 58
11 22 1 11
11 59 7 243
11 30 29 193
12 65 25 39
12 36 4 187
12 5 23 292
12 7 49 213
12 72 1 79
12 41 34 70
12 10 37 53
12 43 10 47
12 56 13 177
12 24 43 83
12 29 7 7
12 62 31 139
13 32 7 106
13 67 10 71
13 68 17 28
13 4 19 108
13 6 23 109
13 9 1 24
13 10 37 258
13 56 13 173
13 57 25 55
13 59 43 283
13 60 35 196
13 63 31 169
14 64 5 79
14 65 19 57
14 67 10 208
14 76 40 277
14 45 16 271
14 12 13 104
14 44 7 200
14 50 3 229
14 51 31 133
14 53 43 207
14 57 25 105
14 60 23 124
15 35 34 115
15 12 16 269
15 45 25 271
15 46 19 166
15 15 13 180
15 49 27 120
15 17 5 217
15 52 7 279
15 26 41 126
15 61 23 288
15 62 9 119
15 63 1 169
16 66 31 28
16 9 5 25
16 74 10 198
16 43 3 22
16 41 15 70
16 77 25 197
16 14 7 71
16 46 49 298
16 21 21 37
16 28 19 139
16 61 29 288
16 31 13 276
17 65 55 262
17 66 31 44
17 68 59 51
17 39 43 245
17 14 7 178
17 48 25 76
17 80 49 106
17 16 23 189
17 51 19 243
17 20 10 16
17 53 27 264
17 54 13 129
18 65 37 24
18 37 3 47
18 6 7 164
18 7 25 20
18 12 13 19
18 76 9 241
18 78 19 121
18 44 1 275
18 80 55 205
18 15 31 58
18 23 16 87
18 57 43 52
19 35 22 53
19 68 17 130
19 6 5 164
19 43 10 150
19 48 37 86
19 16 13 194
19 19 15 75
19 20 33 272
19 54 19 224
19 24 3 83
19 59 39 213
19 62 7 51
20 64 13 184
20 5 5 113
20 6 29 262
20 39 49 92
20 40 31 212
20 18 10 228
20 51 25 276
20 52 15 82
20 55 22 91
20 58 1 259
20 27 19 132
20 60 7 54
21 3 34 36
21 68 17 207
21 6 23 150
21 9 45 24
21 41 7 219
21 11 37 136
21 44 5 146
21 78 49 86
21 80 1 41
21 57 25 101
21 58 19 103
21 63 13 279
22 66 37 45
22 36 49 276
22 10 43 53
22 75 15 295
22 44 35 149
22 77 31 60
22 79 22 78
22 48 19 294
22 15 4 84
22 21 7 74
22 55 25 1
22 28 13 44
23 32 4 270
23 2 10 191
23 10 55 53
23 75 17 219
23 80 25 66
23 48 7 210
23 24 15 83
23 25 23 283
23 56 37 16
23 27 29 79
23 29 19 138
23 62 31 199
24 67 25 113
24 37 11 265
24 9 13 212
24 41 40 203
24 11 19 136
24 43 9 13
24 45 23 293
24 42 35 30
24 52 28 226
24 27 1 9
24 29 3 49
24 30 7 44
25 66 37 270
25 4 45 108
25 39 55 219
25 40 49 26
25 71 10 62
25 72 17 248
25 75 23 5
25 43 43 246
25 77 19 255
25 79 7 113
25 63 1 145
25 31 25 2
26 65 31 57
26 5 3 147
26 8 19 8
26 41 55 50
26 10 43 117
26 11 7 122
26 40 37 193
26 78 15 155
26 15 49 171
26 23 28 119
26 27 13 243
26 30 1 195
27 35 13 115
27 71 22 154
27 8 45 214
27 73 31 186
27 40 49 206
27 9 5 169
27 13 19 187
27 47 7 131
27 80 37 278
27 17 11 64
27 23 16 80
27 58 1 97
28 35 38 2
28 4 33 242
28 37 47 47
28 38 7 162
28 6 23 191
28 79 3 102
28 50 17 242
28 19 31 81
28 56 13 88
28 57 27 206
28 27 11 243
28 31 25 156
29 64 16 203
29 67 13 236
29 68 23 24
29 6 28 176
29 42 10 203
29 12 52 36
29 48 1 203
29 17 19 141
29 18 25 291
29 55 34 177
29 23 37 154
29 29 3 172
30 64 22 79
30 32 25 69
30 35 19 186
30 39 37 245
30 8 7 10
30 40 31 119
30 42 17 82
30 43 28 173
30 75 5 219
30 78 49 155
30 15 1 281
30 56 43 88
31 32 7 1
31 33 1 30
31 67 19 252
31 36 5 133
31 5 17 158
31 71 10 154
31 77 43 60
31 80 25 208
31 17 13 15
31 51 37 140
31 55 41 207
31 26 15 23
32 2 13 10
32 34 19 1
32 37 7 165
32 7 37 96
32 11 33 168
32 12 22 63
32 80 43 106
32 20 4 122
32 23 9 80
32 58 25 259
32 61 29 11
32 31 1 95
33 2 19 131
33 35 13 56
33 40 1 6
33 9 5 117
33 75 11 219
33 44 23 300
33 43 16 104
33 79 43 78
33 56 7 173
33 57 31 203
33 27 25 132
33 62 46 199
34 2 9 296
34 67 16 71
34 34 19 184
34 3 40 33
34 71 22 99
34 74 4 144
34 45 29 296
34 14 13 90
34 47 25 230
34 78 31 121
34 23 1 285
34 60 7 124
35 4 13 108
35 37 25 47
35 38 49 6
35 74 31 142
35 11 55 19
35 76 43 145
35 46 7 175
35 48 5 195
35 18 22 228
35 19 1 146
35 52 11 21
35 55 27 1
36 2 22 190
36 5 29 73
36 73 55 51
36 10 7 258
36 13 46 12
36 79 19 78
36 49 13 285
36 20 33 17
36 54 4 129
36 55 31 1
36 57 25 250
36 25 17 67
37 2 10 11
37 68 21 24
37 70 37 216
37 40 25 163
37 76 13 59
37 12 46 89
37 14 16 47
37 53 31 149
37 21 52 68
37 54 43 23
37 29 7 110
37 62 58 193
38 66 7 270
38 4 55 39
38 69 43 105
38 7 49 54
38 75 29 5
38 77 37 18
38 53 31 232
38 54 19 262
38 56 25 141
38 57 13 52
38 26 23 66
38 59 1 23
39 64 10 182
39 2 55 150
39 5 17 292
39 42 28 82
39 12 31 215
39 45 7 206
39 52 15 243
39 21 25 53
39 23 19 152
39 55 4 14
39 26 23 126
39 29 1 206
40 69 55 38
40 39 7 245
40 7 19 20
40 41 4 50
40 10 13 53
40 75 1 295
40 74 46 299
40 77 25 18
40 13 43 253
40 47 31 46
40 62 49 193
40 31 11 252
41 36 47 273
41 73 13 195
41 75 1 5
41 11 31 275
41 76 19 274
41 45 17 83
41 12 37 32
41 48 35 41
41 52 29 171
41 56 9 121
41 58 25 103
41 59 55 151
42 32 16 1
42 2 7 218
42 40 31 102
42 42 29 69
42 11 49 25
42 46 37 224
42 79 3 257
42 52 1 143
42 23 13 18
42 26 23 230
42 28 21 222
42 61 11 148
43 33 27 251
43 66 9 44
43 70 37 55
43 40 43 163
43 74 13 142
43 76 22 194
43 17 7 36
43 49 49 235
43 20 19 113
43 55 33 1
43 23 55 119
43 63 1 297
44 3 49 61
44 71 52 100
44 40 37 4
44 73 31 195
44 75 5 256
44 76 7 135
44 45 16 34
44 12 25 43
44 15 19 281
44 49 1 39
44 18 28 291
44 54 10 193
45 2 4 191
45 34 1 80
45 35 43 3
45 69 25 169
45 8 37 147
45 44 11 181
45 13 13 26
45 14 7 232
45 79 22 113
45 80 49 74
45 49 31 140
45 61 29 59
46 65 7 57
46 67 16 113
46 40 55 4
46 42 11 232
46 74 37 142
46 78 43 86
46 46 49 300
46 80 31 106
46 53 19 197
46 24 47 20
46 57 25 125
46 29 1 7
47 67 1 121
47 68 10 51
47 4 25 277
47 8 49 161
47 74 15 198
47 75 29 256
47 12 7 176
47 13 46 300
47 15 19 129
47 16 22 290
47 17 13 36
47 60 5 124
48 66 49 58
48 3 31 38
48 67 34 66
48 7 7 29
48 8 43 19
48 75 13 256
48 13 16 84
48 57 3 125
48 59 37 23
48 28 47 170
48 61 1 148
48 62 55 11
49 68 29 138
49 5 17 114
49 38 7 86
49 69 31 85
49 73 37 51
49 10 49 117
49 45 11 213
49 15 43 171
49 18 55 132
49 51 1 140
49 55 23 88
49 24 25 83
50 64 7 271
50 67 19 71
50 36 9 56
50 68 4 152
50 71 25 34
50 27 31 132
50 41 49 50
50 46 13 3
50 21 1 96
50 55 29 14
50 59 43 213
50 29 37 206
51 70 37 184
51 41 13 237
51 74 31 76
51 45 5 165
51 46 25 175
51 80 19 288
51 19 2 75
51 21 7 68
51 25 29 169
51 26 10 23
51 27 35 9
51 60 16 139
52 40 13 5
52 10 19 189
52 11 43 122
52 45 23 213
52 16 40 200
52 18 37 49
52 23 25 87
52 27 7 222
52 28 29 257
52 61 1 71
52 30 3 195
52 63 9 117
53 35 16 258
53 67 13 113
53 10 25 258
53 11 31 157
53 13 1 253
53 46 43 298
53 14 40 14
53 48 29 195
53 21 19 211
53 56 7 141
53 25 47 11
53 26 5 23
54 2 13 296
54 35 37 215
54 68 7 130
54 36 9 98
54 69 19 105
54 71 43 64
54 43 11 157
54 47 25 131
54 54 1 224
54 56 55 16
54 57 31 65
54 29 4 287
55 64 9 144
55 71 25 99
55 8 13 62
55 40 55 212
55 10 31 239
55 43 35 2
55 45 23 271
55 80 19 205
55 49 43 258
55 17 5 55
55 27 7 9
55 62 49 123
56 32 40 284
56 34 46 80
56 37 43 266
56 40 31 163
56 43 9 212
56 12 13 63
56 11 25 68
56 16 23 173
56 80 55 278
56 51 19 140
56 54 16 193
56 59 49 243
57 33 7 30
57 66 49 263
57 4 13 218
57 69 31 105
57 7 25 29
57 39 3 92
57 9 55 47
57 12 37 43
57 53 19 298
57 23 40 60
57 27 17 9
57 31 1 252
58 32 40 157
58 68 53 24
58 36 25 98
58 73 19 261
58 10 31 258
58 11 13 168
58 76 27 84
58 13 7 99
58 18 37 119
58 54 43 193
58 55 4 290
58 62 1 12
59 66 37 44
59 68 13 269
59 37 1 165
59 70 31 294
59 72 17 79
59 75 7 256
59 11 25 237
59 18 58 210
59 54 43 262
59 24 11 83
59 59 19 12
59 28 3 161
60 66 31 288
60 6 15 165
60 70 55 55
60 75 10 295
60 43 29 157
60 77 25 266
60 45 41 120
60 19 1 230
60 20 37 33
60 53 19 207
60 22 3 43
60 54 7 224
61 33 43 251
61 34 55 107
61 65 31 191
61 36 41 210
61 6 5 112
61 42 1 256
61 75 23 269
61 44 53 73
61 11 19 168
61 15 7 180
61 52 3 273
61 57 13 101
62 38 13 162
62 72 31 293
62 59 55 23
62 10 25 159
62 42 11 234
62 77 7 116
62 15 16 197
62 18 33 190
62 20 37 272
62 58 19 259
62 27 5 156
62 28 1 139
63 35 10 300
63 71 37 64
63 8 43 200
63 73 1 186
63 74 25 244
63 11 31 13
63 13 55 12
63 79 7 102
63 80 49 278
63 20 19 122
63 56 13 16
63 28 28 156
64 32 40 86
64 65 31 181
64 4 25 209
64 37 11 77
64 72 5 12
64 15 37 88
64 16 17 173
64 50 23 41
64 18 7 228
64 21 1 236
64 24 21 83
64 63 43 169
65 33 37 251
65 34 10 292
65 2 7 150
65 37 19 47
65 39 43 66
65 42 21 62
65 12 34 32
65 17 17 36
65 50 4 193
65 54 31 23
65 59 25 151
65 28 1 110
66 3 4 225
66 35 19 277
66 69 49 38
66 43 35 8
66 44 17 8
66 15 22 129
66 49 31 267
66 22 7 260
66 25 41 67
66 27 29 280
66 28 1 161
66 63 25 279
67 64 17 4
67 34 19 287
67 35 7 186
67 46 25 100
67 14 10 14
67 48 23 294
67 47 3 230
67 49 13 235
67 23 31 87
67 29 46 32
67 30 29 19
67 31 1 61
68 5 29 114
68 6 23 136
68 39 19 92
68 8 25 200
68 41 13 112
68 75 5 5
68 45 1 166
68 15 9 171
68 48 40 141
68 80 55 66
68 27 3 293
68 28 17 265
69 32 25 106
69 34 1 184
69 69 21 38
69 70 43 160
69 40 7 4
69 8 31 8
69 16 19 194
69 49 49 140
69 53 13 207
69 55 4 13
69 26 35 197
69 27 11 141
70 33 55 30
70 34 13 287
70 38 19 213
70 39 31 6
70 8 43 10
70 75 29 74
70 13 4 299
70 78 25 155
70 17 7 15
70 51 37 130
70 59 9 170
70 62 1 54
71 3 25 33
71 7 37 260
71 42 1 69
71 75 23 117
71 43 41 2
71 77 19 159
71 45 17 296
71 21 7 129
71 54 46 23
71 58 13 103
71 62 28 139
71 63 3 154
72 65 49 80
72 69 31 162
72 71 40 62
72 74 3 160
72 76 9 59
72 45 7 296
72 17 1 211
72 51 55 133
72 21 43 211
72 24 46 83
72 57 19 206
72 28 27 265
73 65 49 57
73 36 53 4
73 5 9 114
73 4 13 290
73 74 31 69
73 13 19 253
73 14 22 14
73 80 43 250
73 24 7 83
73 60 29 24
73 29 25 138
73 31 1 21
74 64 16 220
74 34 43 165
74 35 33 226
74 37 5 254
74 6 10 136
74 71 13 34
74 73 37 261
74 42 23 272
74 79 7 257
74 19 3 57
74 22 25 268
74 61 1 182
75 64 17 250
75 4 31 108
75 6 23 33
75 39 13 124
75 72 28 248
75 10 49 107
75 75 25 5
75 43 1 8
75 78 37 137
75 79 10 78
75 48 7 280
75 29 3 138
76 38 55 13
76 71 25 178
76 39 13 92
76 9 17 25
76 10 43 107
76 74 7 198
76 47 19 217
76 16 29 13
76 50 5 41
76 27 23 222
76 62 1 193
76 31 10 95
77 64 25 4
77 2 16 10
77 4 43 39
77 6 4 262
77 71 37 62
77 40 27 4
77 43 13 244
77 49 31 135
77 18 1 156
77 54 22 193
77 27 10 22
77 28 7 226
78 32 43 1
78 3 10 99
78 6 47 191
78 7 19 29
78 40 37 163
78 75 3 219
78 44 29 229
78 13 34 12
78 14 16 214
78 19 1 102
78 20 31 33
78 29 7 37
79 71 10 159
79 75 5 295
79 16 35 13
79 48 29 86
79 19 16 146
79 52 23 134
79 53 31 197
79 54 13 91
79 23 7 118
79 28 1 222
79 29 37 104
79 62 19 53
80 67 22 71
80 36 27 32
80 5 25 292
80 7 15 260
80 14 31 77
80 46 3 46
80 52 7 156
80 25 1 49
80 26 10 68
80 27 13 22
80 28 37 222
80 62 19 123
81 2 7 11
81 36 19 98
81 5 15 114
81 38 31 86
81 9 27 47
81 42 34 154
81 76 10 31
81 14 43 14
81 51 1 243
81 25 21 284
81 28 13 222
81 30 5 63
82 35 43 186
82 38 25 182
82 76 58 124
82 13 55 299
82 14 28 214
82 78 19 134
82 45 7 120
82 77 37 75
82 16 3 120
82 55 1 14
82 56 13 121
82 29 9 138
83 67 25 211
83 35 31 244
83 41 28 102
83 10 37 117
83 42 22 256
83 76 19 124
83 44 17 73
83 14 34 178
83 77 13 123
83 53 51 64
83 55 1 1
83 57 7 125
84 26 17 30
84 3 22 257
84 69 13 169
84 5 7 189
84 9 33 255
84 43 5 82
84 46 25 80
84 52 9 134
84 56 43 177
84 57 49 55
84 58 37 223
84 29 1 282
85 32 16 118
85 34 37 292
85 4 49 210
85 38 25 239
85 42 5 202
85 12 10 36
85 46 55 28
85 16 1 173
85 30 7 67
85 56 31 205
85 27 3 79
85 62 22 119
86 2 25 191
86 4 43 219
86 6 4 136
86 70 49 234
86 40 31 192
86 43 23 22
86 11 37 231
86 78 7 155
86 49 19 285
86 18 16 199
86 54 13 262
86 27 2 266
87 35 37 244
87 69 31 63
87 27 29 22
87 9 17 24
87 76 40 194
87 46 25 298
87 16 11 290
87 50 13 227
87 25 7 81
87 58 19 26
87 59 1 151
87 30 5 157
88 64 3 275
88 3 13 61
88 5 25 73
88 37 23 55
88 76 19 59
88 61 37 59
88 20 7 16
88 21 27 129
88 56 49 20
88 28 31 83
88 29 10 174
88 30 16 63
89 32 7 281
89 3 10 240
89 72 23 248
89 41 25 50
89 78 37 134
89 46 43 175
89 50 13 156
89 29 3 35
89 52 15 134
89 25 59 30
89 61 17 11
89 31 1 138
90 32 49 240
90 64 13 182
90 34 34 287
90 66 37 28
90 38 10 223
90 40 3 31
90 8 19 289
90 13 31 12
90 78 43 134
90 60 17 54
90 30 1 234
90 63 25 49
91 66 49 28
91 34 31 287
91 71 34 62
91 39 19 6
91 8 25 10
91 7 37 287
91 75 9 5
91 76 43 45
91 79 16 257
91 52 1 82
91 23 13 231
91 25 5 30
92 35 43 124
92 36 11 32
92 69 15 85
92 70 37 6
92 7 7 213
92 72 19 160
92 43 27 8
92 12 55 104
92 46 31 3
92 80 1 60
92 56 49 16
92 27 13 9
93 33 31 42
93 66 55 297
93 67 43 208
93 34 28 143
93 37 1 254
93 7 19 260
93 8 13 200
93 41 25 70
93 15 7 64
93 18 10 291
93 24 5 83
93 59 49 12
94 66 7 288
94 67 19 66
94 69 25 144
94 5 11 224
94 8 31 161
94 10 1 239
94 44 5 107
94 77 43 123
94 12 15 49
94 47 49 46
94 49 55 80
94 22 37 209
95 32 16 69
95 68 7 89
95 5 9 294
95 70 3 216
95 7 43 87
95 10 31 146
95 48 1 141
95 52 19 226
95 20 25 17
95 23 22 273
95 24 59 83
95 60 11 19
96 65 27 232
96 66 13 263
96 36 25 280
96 68 35 138
96 70 37 171
96 75 19 256
96 76 7 31
96 45 17 166
96 19 11 57
96 28 1 226
96 29 4 178
96 31 23 115
97 66 55 166
97 69 37 63
97 38 28 6
97 39 49 11
97 73 13 51
97 42 17 264
97 75 11 69
97 10 31 107
97 77 19 75
97 24 35 20
97 59 1 170
97 61 23 59
98 4 3 108
98 68 1 289
98 10 19 146
98 12 7 32
98 76 28 124
98 46 50 89
98 14 40 214
98 49 15 120
98 50 10 227
98 18 34 199
98 21 37 285
98 60 47 56
99 32 7 69
99 35 43 244
99 68 35 207
99 6 17 112
99 46 25 94
99 49 19 56
99 50 3 242
99 19 5 57
99 54 10 91
99 56 13 141
99 25 41 44
99 60 1 58
100 32 10 1
100 64 31 4
100 36 1 187
100 69 25 38
100 38 7 223
100 39 13 79
100 41 19 50
100 9 29 255
100 43 5 2
100 53 33 4
100 25 23 30
100 58 55 223
101 35 31 45
101 5 4 189
101 8 25 22
101 42 7 109
101 77 55 75
101 46 19 175
101 15 40 84
101 16 17 194
101 47 43 230
101 13 1 45
101 59 13 299
101 63 49 297
102 65 25 57
102 34 37 143
102 35 31 2
102 68 11 130
102 4 7 209
102 70 19 125
102 12 40 104
102 13 58 12
102 14 1 232
102 55 4 1
102 57 13 125
102 62 49 4
103 33 55 42
103 67 52 208
103 3 19 257
103 37 25 176
103 75 11 269
103 44 22 149
103 16 7 194
103 19 31 230
103 53 13 250
103 54 28 23
103 25 5 81
103 57 1 101
104 35 31 296
104 3 25 25
104 7 19 49
104 41 40 50
104 15 28 281
104 52 1 273
104 53 55 64
104 54 16 91
104 22 7 21
104 55 11 88
104 58 3 26
104 28 35 139
105 2 16 270
105 70 31 216
105 71 1 100
105 41 7 70
105 47 37 131
105 80 19 41
105 16 10 120
105 20 43 16
105 22 25 274
105 54 13 193
105 60 35 24
105 30 5 19
106 64 34 250
106 2 16 32
106 67 31 71
106 5 41 97
106 38 22 171
106 71 13 205
106 45 28 213
106 49 7 185
106 21 25 285
106 53 43 197
106 56 1 177
106 58 37 252
107 34 43 256
107 70 55 6
107 39 49 41
107 40 19 5
107 75 4 269
107 12 1 208
107 77 13 255
107 53 25 255
107 56 31 16
107 58 37 103
107 59 7 12
107 60 47 19
108 34 31 292
108 67 10 211
108 39 25 79
108 71 1 62
108 72 7 41
108 11 45 237
108 13 13 45
108 45 4 166
108 16 19 290
108 59 49 151
108 60 16 196
108 62 21 132
109 64 35 137
109 34 13 293
109 72 3 9
109 73 55 130
109 9 1 117
109 13 19 99
109 17 23 285
109 29 16 13
109 53 43 4
109 55 9 88
109 56 25 121
109 61 7 182
110 65 13 24
110 35 19 45
110 71 43 34
110 72 17 167
110 11 25 168
110 76 31 84
110 50 11 242
110 51 37 133
110 21 58 165
110 54 22 23
110 27 9 9
110 62 1 162
111 68 5 24
111 7 31 29
111 9 35 255
111 42 7 62
111 75 13 219
111 15 15 281
111 79 9 275
111 16 23 120
111 23 1 176
111 62 39 295
111 25 19 114
111 30 37 234
112 41 15 50
112 43 43 22
112 47 31 131
112 29 10 172
112 23 7 18
112 24 35 83
112 26 13 122
112 59 19 151
112 60 41 137
112 61 1 59
112 62 50 217
112 31 3 221
113 35 10 2
113 6 19 62
113 39 31 266
113 8 25 240
113 72 3 133
113 38 40 182
113 79 7 78
113 48 13 76
113 50 47 207
113 57 21 101
113 27 5 293
113 29 16 206
114 32 46 1
114 66 25 28
114 34 34 165
114 69 19 85
114 38 31 147
114 71 7 34
114 74 16 76
114 15 10 84
114 16 13 13
114 20 1 105
114 60 4 139
114 63 55 49
115 33 49 251
115 4 25 56
115 9 21 25
115 75 19 43
115 12 1 63
115 76 7 84
115 77 55 197
115 79 46 257
115 24 33 83
115 56 37 173
115 59 13 170
115 31 11 140
116 35 19 273
116 40 43 212
116 9 31 24
116 73 13 261
116 47 49 214
116 50 17 227
116 51 25 37
116 52 22 4
116 53 8 197
116 22 1 274
116 28 5 226
116 62 37 199
117 35 34 283
117 37 17 254
117 38 19 171
117 39 55 79
117 72 22 9
117 40 1 192
117 5 5 73
117 11 7 282
117 24 43 20
117 25 11 100
117 56 25 16
117 28 13 161
118 36 47 210
118 71 31 160
118 39 25 219
118 9 5 47
118 44 11 235
118 77 13 174
118 48 1 93
118 54 34 262
118 25 23 49
118 58 7 26
118 60 17 56
118 29 19 35
119 38 7 6
119 71 19 154
119 72 5 241
119 77 37 116
119 79 16 78
119 49 25 267
119 18 13 291
119 21 52 96
119 23 34 80
119 24 23 20
119 60 11 54
119 63 1 279
120 33 43 42
120 67 13 71
120 36 3 28
120 43 1 13
120 80 27 41
120 50 11 229
120 51 19 276
120 18 49 264
120 53 37 298
120 25 5 67
120 58 7 60
120 60 16 19
121 36 22 32
121 42 9 202
121 75 1 43
121 44 3 149
121 46 55 300
121 47 25 46
121 20 13 29
121 55 7 14
121 58 31 54
121 59 37 152
121 62 19 295
121 63 43 279
122 64 7 61
122 68 29 28
122 69 25 85
122 6 19 36
122 39 49 169
122 40 9 222
122 72 17 133
122 74 22 225
122 38 37 162
122 46 13 100
122 78 1 137
122 17 5 220
123 33 45 30
123 3 15 240
123 38 19 236
123 41 7 112
123 45 10 34
123 13 1 299
123 49 49 156
123 29 25 214
123 23 31 80
123 24 5 20
123 61 13 148
123 30 43 234
124 32 40 1
124 2 13 32
124 4 31 56
124 5 11 73
124 39 19 266
124 42 23 82
124 76 16 31
124 47 49 33
124 55 25 207
124 56 3 205
124 28 1 44
124 63 7 297
125 33 13 42
125 34 49 1
125 66 19 270
125 36 11 98
125 6 29 36
125 8 7 214
125 73 31 51
125 74 37 110
125 17 23 15
125 50 17 115
125 61 5 11
125 62 1 132
126 34 9 287
126 3 19 240
126 36 35 98
126 38 28 162
126 10 49 258
126 42 13 82
126 75 25 117
126 11 1 19
126 48 7 93
126 22 31 209
126 28 15 156
126 29 22 31
127 32 13 1
127 35 37 56
127 7 19 271
127 72 23 263
127 40 43 26
127 71 25 154
127 76 16 300
127 79 28 78
127 21 1 74
127 55 5 177
127 25 11 81
127 63 31 145
128 33 7 251
128 72 23 105
128 73 13 186
128 40 19 163
128 74 37 259
128 76 1 241
128 16 11 200
128 50 17 156
128 24 40 83
128 57 25 247
128 58 31 223
128 31 29 21
129 32 40 240
129 35 37 300
129 39 31 257
129 40 25 177
129 73 1 130
129 72 5 183
129 78 13 58
129 17 29 55
129 51 7 140
129 22 43 260
129 27 11 9
129 29 19 104
130 34 49 208
130 4 13 209
130 70 3 286
130 75 17 117
130 78 25 86
130 79 22 102
130 48 1 86
130 49 31 246
130 20 46 243
130 54 19 91
130 56 7 20
130 59 37 25
131 64 4 184
131 3 25 212
131 40 43 5
131 72 22 241
131 10 13 159
131 12 1 32
131 76 19 241
131 17 9 217
131 50 17 41
131 52 31 279
131 55 7 290
131 63 33 297
132 32 28 118
132 33 31 30
132 66 19 153
132 4 13 39
132 5 7 158
132 6 5 150
132 72 3 233
132 43 17 22
132 46 39 80
132 54 25 224
132 28 1 265
132 31 11 50
133 32 10 281
133 33 21 251
133 5 19 183
133 7 37 54
133 73 55 186
133 42 4 123
133 45 17 39
133 18 25 199
133 19 7 75
133 53 13 232
133 55 52 290
133 62 1 51
134 34 9 293
134 35 49 244
134 4 19 229
134 36 23 252
134 11 37 19
134 43 5 279
134 19 7 202
134 53 31 264
134 23 52 205
134 26 1 197
134 29 25 67
134 63 13 297
135 2 13 201
135 4 33 277
135 8 19 161
135 73 37 195
135 76 46 124
135 80 1 67
135 20 43 243
135 53 49 232
135 21 16 129
135 24 31 20
135 58 8 103
135 59 25 243
136 26 29 122
136 70 49 286
136 8 31 269
136 9 19 117
136 43 22 157
136 76 10 231
136 47 13 131
136 15 1 84
136 18 7 199
136 52 4 61
136 24 41 20
136 58 25 223
137 32 16 106
137 4 25 108
137 6 10 205
137 8 49 10
137 14 22 141
137 79 46 275
137 80 37 106
137 46 55 3
137 51 31 37
137 52 5 273
137 60 3 56
137 61 1 133
138 69 19 201
138 6 25 52
138 39 45 222
138 7 3 29
138 9 11 169
138 43 7 244
138 12 49 19
138 47 13 46
138 49 37 38
138 19 1 57
138 28 9 265
138 30 43 44
139 69 37 169
139 5 17 147
139 73 9 261
139 74 43 198
139 15 13 84
139 17 5 142
139 21 34 68
139 22 49 90
139 55 1 290
139 57 25 203
139 60 7 298
139 30 21 67
140 3 43 38
140 37 25 254
140 8 27 235
140 41 31 238
140 73 19 130
140 48 5 76
140 20 13 210
140 23 1 18
140 26 11 230
140 59 55 18
140 29 16 287
140 63 7 49
141 32 1 240
141 35 22 296
141 11 25 185
141 76 4 135
141 77 37 266
141 79 43 275
141 48 17 86
141 47 7 183
141 52 11 134
141 22 31 43
141 24 29 20
141 57 13 27
142 69 7 105
142 40 25 192
142 9 31 25
142 10 39 107
142 72 11 160
142 80 19 34
142 19 16 202
142 22 1 260
142 23 13 152
142 24 37 83
142 59 49 18
142 31 5 221
143 65 37 191
143 4 25 218
143 37 34 176
143 39 50 34
143 45 22 51
143 14 19 214
143 49 14 185
143 51 8 276
143 20 31 61
143 21 43 68
143 25 1 87
143 28 5 161
144 67 37 71
144 36 22 28
144 69 25 227
144 70 7 55
144 8 55 22
144 72 11 58
144 42 1 264
144 10 49 146
144 78 3 86
144 18 19 55
144 53 13 298
144 59 31 18
145 67 46 71
145 8 31 240
145 75 7 269
145 77 9 75
145 46 25 74
145 47 55 33
145 18 13 119
145 21 3 68
145 23 19 18
145 24 17 20
145 26 29 197
145 31 1 276
146 33 7 42
146 69 55 63
146 38 19 162
146 7 43 6
146 71 28 34
146 77 49 75
146 46 13 89
146 48 11 41
146 55 35 91
146 56 1 16
146 26 17 23
146 61 5 148
147 32 25 118
147 3 13 99
147 38 19 13
147 9 33 24
147 74 28 212
147 43 47 29
147 47 1 217
147 48 35 86
147 17 23 142
147 49 7 104
147 21 16 96
147 31 5 18
148 64 27 137
148 9 5 212
148 10 7 146
148 73 37 186
148 11 13 68
148 78 55 137
148 49 19 185
148 51 43 140
148 20 31 113
148 53 1 207
148 28 23 44
148 61 34 19
149 65 43 104
149 66 55 58
149 36 47 98
149 73 13 130
149 12 19 32
149 44 23 181
149 80 1 88
149 49 31 185
149 50 5 227
149 51 25 130
149 24 39 20
149 57 7 27
150 67 31 211
150 6 29 33
150 40 37 67
150 10 19 107
150 77 43 116
150 15 10 263
150 80 25 245
150 19 4 206
150 54 13 224
150 23 16 231
150 60 23 19
150 31 1 2
151 35 16 6
151 68 11 237
151 69 37 144
151 43 9 230
151 45 25 165
151 14 21 47
151 79 13 275
151 52 7 82
151 55 27 91
151 57 31 125
151 28 5 170
151 62 1 124
152 2 34 11
152 67 7 211
152 3 10 162
152 4 37 108
152 7 55 287
152 9 1 212
152 42 5 234
152 16 17 189
152 50 3 141
152 22 13 21
152 54 25 23
152 61 19 11
153 34 19 293
153 3 13 257
153 59 25 12
153 74 16 241
153 13 7 187
153 79 31 78
153 18 37 264
153 53 43 264
153 22 3 21
153 26 34 23
153 27 1 22
153 60 11 196
154 2 10 283
154 35 31 19
154 34 28 25
154 46 13 28
154 47 49 131
154 80 37 205
154 18 7 132
154 19 17 284
154 30 5 52
154 55 46 13
154 58 1 103
154 62 19 115
155 37 41 47
155 6 3 164
155 71 19 177
155 69 13 105
155 9 11 212
155 43 5 70
155 49 49 120
155 51 37 276
155 22 43 240
155 54 7 23
155 24 1 20
155 61 34 148
156 68 23 89
156 5 1 189
156 69 7 85
156 11 37 68
156 12 4 36
156 45 28 51
156 14 19 178
156 50 35 38
156 22 31 67
156 56 55 20
156 59 49 23
156 61 16 148
157 64 7 250
157 65 19 191
157 35 13 258
157 73 51 186
157 16 5 173
157 17 11 220
157 19 9 206
157 21 31 74
157 24 49 83
157 25 16 208
157 60 1 56
157 31 3 180
158 69 31 299
158 70 7 196
158 7 43 49
158 10 13 117
158 45 4 285
158 47 37 230
158 15 25 58
158 19 11 218
158 53 49 296
158 61 28 300
158 62 19 4
158 31 1 180
159 32 28 284
159 34 46 208
159 36 11 39
159 4 19 209
159 6 31 164
159 70 13 286
159 40 49 102
159 8 33 200
159 11 7 157
159 53 37 232
159 24 1 83
159 27 4 222
160 4 7 39
160 70 31 55
160 38 13 6
160 11 25 231
160 44 29 149
160 46 43 74
160 47 37 39
160 14 3 90
160 19 1 4
160 20 22 36
160 23 19 247
160 60 17 58
161 3 1 225
161 67 4 121
161 38 10 239
161 39 43 11
161 74 13 157
161 76 55 45
161 13 37 124
161 15 7 58
161 48 31 41
161 19 17 57
161 61 25 59
161 63 49 49
162 67 55 71
162 68 5 51
162 73 25 195
162 10 31 159
162 75 17 5
162 13 46 45
162 47 19 46
162 80 13 278
162 79 37 257
162 49 49 104
162 20 1 17
162 57 7 101
163 36 13 187
163 5 3 113
163 4 43 239
163 9 51 47
163 11 7 168
163 77 37 123
163 46 31 89
163 47 19 33
163 45 17 51
163 18 28 30
163 20 25 44
163 26 1 122
164 67 49 66
164 3 25 225
164 5 5 114
164 70 43 215
164 39 55 34
164 45 11 206
164 17 1 36
164 18 31 210
164 51 7 133
164 53 13 4
164 27 19 222
164 28 17 222
165 7 43 271
165 73 7 195
165 11 37 13
165 79 13 78
165 80 19 60
165 19 16 81
165 52 11 279
165 53 3 34
165 23 28 87
165 60 1 298
165 29 31 206
165 62 25 139
166 33 55 251
166 69 7 299
166 70 25 205
166 7 19 148
166 72 11 45
166 43 29 47
166 13 40 26
166 77 1 174
166 19 35 202
166 56 43 141
166 25 47 49
166 58 15 223
167 3 43 225
167 67 10 113
167 39 31 79
167 72 15 41
167 7 25 260
167 42 17 212
167 11 19 275
167 75 7 43
167 14 4 71
167 48 23 76
167 51 55 37
167 21 1 129
168 64 47 4
168 65 13 57
168 70 43 77
168 11 37 11
168 44 1 280
168 45 23 39
168 15 19 234
168 47 7 46
168 23 3 231
168 25 11 67
168 58 25 295
168 27 17 293
169 66 37 166
169 37 13 77
169 71 15 178
169 72 23 45
169 41 31 50
169 43 59 212
169 13 43 12
169 46 1 175
169 49 19 135
169 54 7 262
169 24 11 20
169 31 25 95
170 32 37 1
170 64 11 4
170 69 7 63
170 7 25 161
170 12 43 32
170 76 34 31
170 14 31 47
170 18 15 55
170 21 46 68
170 54 19 23
170 62 1 115
170 31 4 276
171 64 41 4
171 32 34 281
171 36 13 248
171 7 19 87
171 40 7 201
171 9 11 25
171 74 15 244
171 11 1 157
171 17 5 15
171 53 25 64
171 25 37 185
171 29 31 110
172 64 41 138
172 36 11 133
172 70 25 171
172 8 7 161
172 10 37 146
172 43 23 176
172 13 4 300
172 78 19 137
172 15 34 58
172 21 13 96
172 27 17 141
172 62 1 167
173 6 40 148
173 7 49 287
173 72 25 45
173 73 31 261
173 41 28 112
173 40 19 192
173 75 35 43
173 77 7 266
173 14 37 14
173 51 13 140
173 54 1 262
173 26 5 126
174 33 37 30
174 34 22 80
174 71 19 64
174 9 11 24
174 43 17 29
174 13 31 26
174 78 7 152
174 15 13 64
174 16 1 250
174 24 45 20
174 27 4 266
174 60 25 137
175 32 55 69
175 37 19 265
175 73 43 261
175 12 28 104
175 45 5 120
175 79 25 42
175 47 13 230
175 16 21 120
175 50 1 227
175 57 37 197
175 58 7 268
175 30 3 66
176 34 31 184
176 4 43 56
176 71 52 62
176 72 17 45
176 74 7 225
176 10 13 189
176 23 3 118
176 62 25 167
176 60 1 196
176 29 55 31
176 30 11 195
176 63 19 169
177 64 16 138
177 34 43 25
177 70 7 216
177 71 13 30
177 42 4 246
177 43 11 82
177 11 49 136
177 74 1 191
177 78 37 299
177 20 28 83
177 62 25 51
177 63 19 297
178 67 28 236
178 42 17 272
178 74 1 76
178 78 49 121
178 80 55 261
178 23 37 60
178 53 19 232
178 22 31 260
178 54 25 193
178 58 13 60
178 60 10 124
178 61 4 209
179 34 34 292
179 3 31 225
179 4 7 108
179 70 49 216
179 42 13 176
179 78 3 134
179 47 15 33
179 55 1 91
179 56 19 88
179 57 25 27
179 28 45 265
179 30 29 202
180 34 25 293
180 67 31 66
180 3 55 25
180 76 28 31
180 15 19 180
180 50 4 38
180 20 7 17
180 21 46 129
180 22 13 43
180 23 10 176
180 29 1 159
180 30 17 234
181 26 7 230
181 37 5 77
181 39 33 34
181 9 23 169
181 10 25 107
181 44 17 229
181 45 31 271
181 14 43 130
181 79 19 102
181 18 55 231
181 52 10 143
181 58 1 268
182 33 37 42
182 4 19 39
182 5 15 73
182 6 13 165
182 13 55 99
182 46 7 28
182 79 49 78
182 47 25 183
182 77 44 37
182 48 5 58
182 22 31 14
182 59 1 213
183 67 16 211
183 70 19 196
183 8 25 19
183 40 37 5
183 43 7 47
183 13 1 37
183 78 49 239
183 48 9 93
183 80 43 278
183 52 4 143
183 24 53 20
183 31 31 62
184 2 19 150
184 66 13 166
184 69 49 63
184 5 5 158
184 71 25 30
184 14 28 71
184 54 10 129
184 25 23 185
184 58 55 26
184 59 1 283
184 29 7 174
184 63 31 49
185 4 25 210
185 5 7 97
185 69 43 85
185 71 37 34
185 37 10 165
185 73 21 195
185 10 31 53
185 75 19 219
185 80 13 25
185 51 49 133
185 24 59 20
185 59 1 25
186 3 22 162
186 4 7 221
186 69 55 105
186 26 1 126
186 39 37 66
186 10 25 146
186 74 19 69
186 18 3 190
186 55 51 88
186 56 31 141
186 58 13 54
186 60 49 24
187 67 13 208
187 7 7 87
187 73 43 51
187 10 25 189
187 78 19 58
187 16 1 120
187 17 34 15
187 19 59 4
187 23 16 152
187 57 3 65
187 27 11 214
187 25 47 114
188 7 25 148
188 42 7 154
188 75 1 269
188 46 49 268
188 47 37 46
188 78 31 137
188 17 35 25
188 20 46 146
188 53 3 4
188 54 43 224
188 24 23 83
188 62 13 139
189 3 37 225
189 68 11 28
189 10 7 123
189 43 1 104
189 44 19 200
189 77 13 116
189 47 3 214
189 18 27 132
189 21 49 211
189 54 22 262
189 22 43 248
189 56 31 173
190 34 31 143
190 36 4 98
190 9 17 255
190 42 11 3
190 12 7 177
190 13 21 227
190 50 29 141
190 51 25 140
190 18 46 55
190 25 19 44
190 62 1 53
190 63 13 145
191 33 19 42
191 2 4 32
191 38 25 147
191 7 55 29
191 39 31 222
191 9 9 255
191 76 37 84
191 44 7 73
191 78 13 86
191 15 1 135
191 49 49 56
191 56 43 173
192 64 11 79
192 33 31 251
192 8 49 200
192 45 17 213
192 14 25 77
192 46 43 28
192 51 37 37
192 58 19 54
192 27 4 280
192 60 41 19
192 62 1 123
192 63 7 145
193 64 29 182
193 3 52 240
193 70 13 215
193 39 55 189
193 9 35 169
193 42 41 202
193 41 4 203
193 78 25 299
193 47 43 33
193 18 1 291
193 21 49 68
193 58 19 97
194 36 16 132
194 69 7 38
194 40 43 67
194 41 1 70
194 74 28 225
194 73 55 195
194 14 25 71
194 47 49 39
194 15 34 84
194 23 13 273
194 24 37 20
194 28 4 44
195 64 59 182
195 33 49 42
195 36 23 56
195 6 21 117
195 39 3 245
195 72 15 160
195 40 31 5
195 10 7 53
195 16 1 200
195 26 11 122
195 27 27 280
195 30 13 202
196 3 7 33
196 8 55 8
196 42 17 256
196 43 35 29
196 11 49 122
196 77 43 18
196 45 11 285
196 48 29 58
196 17 1 26
196 21 4 96
196 28 27 257
196 61 39 226
197 65 25 24
197 37 1 47
197 6 35 79
197 7 3 87
197 40 19 237
197 13 49 99
197 78 31 134
197 46 7 3
197 16 11 194
197 52 16 143
197 22 43 292
197 24 13 83
198 64 29 271
198 2 22 11
198 5 7 292
198 10 49 53
198 11 13 11
198 12 19 215
198 45 9 166
198 43 5 282
198 16 11 173
198 50 1 38
198 23 25 152
198 29 43 31
199 32 31 11
199 33 3 251
199 68 41 133
199 37 13 55
199 42 11 258
199 12 55 36
199 78 37 58
199 46 43 46
199 50 15 242
199 59 49 152
199 60 19 19
199 30 35 67
200 33 19 30
200 34 49 293
200 68 5 28
200 8 37 8
200 10 7 107
200 75 11 5
200 44 1 183
200 78 31 152
200 55 35 1
200 56 55 121
200 58 43 259
200 29 25 174
Điểm tối ưu: 2400
Thời gian: 699533.06 ms
Trạng thái: OPTIMUM
