167
1 10 1 10
1 26 13 2
2 10 7 18
2 17 19 15
2 37 23 26
2 41 25 7
2 46 13 30
3 38 10 17
3 42 1 23
4 4 19 18
5 12 13 18
5 14 7 23
5 19 23 12
5 47 3 23
6 29 22 28
6 35 5 22
7 14 9 23
7 21 7 21
8 9 1 9
8 28 13 21
8 38 7 17
9 20 19 14
9 25 25 9
10 9 13 19
10 34 5 8
10 49 37 25
11 44 7 5
12 24 1 14
12 25 13 9
12 46 7 30
12 49 19 25
13 16 4 21
13 24 7 14
13 37 17 26
14 2 13 6
14 4 25 12
14 19 17 12
14 24 7 13
15 16 5 4
15 22 19 29
15 32 13 24
15 45 1 2
16 4 22 18
16 17 1 28
16 24 13 14
16 32 10 24
17 14 13 8
18 2 28 10
18 25 7 9
18 28 1 21
18 32 16 24
18 41 19 28
19 10 7 10
20 20 43 14
20 26 37 16
20 39 11 15
20 42 5 1
21 21 5 19
21 25 31 16
21 36 13 3
21 45 1 22
22 41 7 7
23 41 7 8
23 50 1 26
24 1 19 12
24 47 11 23
25 14 13 22
25 36 19 26
26 14 13 23
27 17 7 15
27 46 1 24
28 6 1 30
28 16 7 4
28 25 19 9
29 9 13 11
29 42 11 1
30 10 13 10
30 11 7 27
30 15 5 15
30 26 1 16
31 37 5 26
31 46 1 20
32 1 7 16
33 1 13 12
33 6 1 17
34 10 19 10
34 21 25 21
34 39 5 11
34 49 7 25
35 12 25 13
35 15 13 15
35 23 19 16
35 33 23 19
36 9 1 19
36 15 15 15
36 47 10 22
37 23 1 6
37 37 11 26
37 47 5 2
38 4 25 18
38 22 7 29
38 34 11 19
38 48 1 8
39 20 37 14
39 35 13 17
39 37 5 28
39 47 11 2
40 14 5 23
40 17 1 15
40 50 13 26
41 11 1 27
41 19 11 12
41 39 5 30
41 40 7 1
42 7 7 22
42 44 1 5
43 26 7 2
43 34 17 19
44 13 13 5
44 17 7 28
45 1 31 12
45 19 5 12
45 29 25 28
45 32 7 24
46 14 10 8
46 25 25 16
47 16 16 21
47 22 1 29
48 11 13 13
48 21 23 21
48 40 19 1
50 16 9 4
50 20 31 14
50 22 13 29
50 42 5 14
50 50 1 12
51 9 7 19
51 39 11 11
52 37 11 28
52 50 7 12
53 11 13 27
53 20 25 14
54 27 1 3
54 34 19 19
54 37 17 28
55 40 1 1
56 2 10 6
56 12 1 18
56 49 31 25
57 9 7 11
57 26 13 16
57 28 19 21
57 44 1 7
57 49 25 25
58 2 7 6
58 9 1 11
58 28 10 21
58 29 28 28
58 38 25 10
59 11 7 26
59 17 13 28
59 49 1 25
60 13 22 5
60 24 1 13
60 27 7 3
60 38 19 17
60 49 13 25
Điểm tối ưu: 167
Thời gian: 430.51 ms
Trạng thái: OPTIMUM
