3319
1 224 10 172
1 289 7 512
1 4 17 82
1 297 19 260
1 109 4 438
1 241 25 87
1 309 13 61
1 55 23 6
1 255 1 318
2 37 19 428
2 281 55 4
2 7 7 261
2 297 3 538
2 245 13 209
2 215 11 241
2 28 1 518
3 109 4 762
3 51 10 755
3 84 7 5
3 189 1 566
4 5 5 331
4 295 19 32
4 109 16 20
4 110 13 173
4 79 28 520
4 238 25 108
4 273 1 596
4 218 7 634
5 110 7 306
5 275 5 72
5 149 13 110
5 61 1 859
6 293 23 122
6 229 7 283
6 263 11 262
6 49 49 1182
6 308 13 646
6 85 17 722
6 150 19 285
6 125 25 88
6 287 1 790
7 96 16 173
7 261 4 291
7 235 1 544
7 181 19 1130
7 23 25 508
7 252 13 333
7 253 7 308
8 287 43 112
8 140 31 41
8 286 10 266
8 285 1 543
9 259 13 540
9 5 16 222
9 145 19 155
9 118 3 267
9 278 1 588
9 88 5 705
9 26 7 324
9 315 11 78
10 36 3 458
10 69 7 762
10 167 19 1195
10 39 1 653
10 188 10 73
11 163 13 72
11 239 19 822
11 271 10 709
11 15 7 750
11 306 1 491
11 53 17 54
12 33 13 245
12 73 1 381
13 66 1 961
13 53 11 29
14 161 7 6
14 132 13 190
14 165 11 548
14 42 3 280
14 171 16 598
14 45 19 274
14 316 23 347
14 183 25 51
14 87 31 575
14 59 28 8
14 60 33 335
14 255 1 296
15 66 23 1184
15 163 19 896
15 36 9 358
15 226 5 969
15 294 1 161
15 265 13 887
15 177 25 555
15 283 7 888
16 290 19 466
16 99 7 251
16 263 10 135
16 169 13 79
16 303 3 1168
16 16 1 470
17 263 31 2
17 282 13 86
17 140 4 512
17 20 10 59
17 58 1 469
18 195 1 352
18 260 4 667
19 297 7 940
19 272 19 1194
19 21 21 74
19 286 1 303
20 210 5 666
20 122 1 369
20 287 7 1119
21 153 7 505
21 112 1 895
21 177 19 96
21 281 13 803
21 90 43 80
21 159 11 727
22 66 5 1187
22 165 7 636
22 241 1 316
22 277 13 453
23 142 3 99
23 85 7 376
23 122 31 716
23 124 1 451
24 12 1 1047
24 248 13 166
25 6 5 261
25 308 34 75
25 31 1 288
26 72 7 271
26 73 13 806
26 203 5 3
26 205 17 188
26 94 31 106
26 60 1 1075
26 285 19 579
27 224 16 472
27 33 1 800
27 122 7 1090
28 292 3 198
28 263 9 77
28 173 13 477
28 243 7 721
28 156 1 970
29 66 3 652
29 296 7 408
29 41 13 326
29 138 19 97
29 205 5 188
29 142 25 99
29 112 31 1101
29 53 11 25
29 22 17 579
29 311 28 782
30 293 3 298
30 166 7 126
30 201 13 252
30 264 1 819
31 290 3 529
31 36 11 458
31 40 7 46
31 110 13 81
31 241 19 90
31 82 25 1114
31 308 16 75
31 309 31 985
31 316 23 439
31 282 37 1107
31 252 40 71
31 223 43 329
32 32 7 75
32 99 3 521
32 68 10 38
32 294 13 70
32 234 16 13
32 78 19 210
32 18 1 1155
32 84 22 653
32 246 25 16
32 122 31 112
32 191 28 1050
33 13 3 433
33 242 19 418
33 83 1 1152
33 155 7 460
33 287 13 1098
34 248 7 445
34 166 13 285
34 242 1 820
35 231 13 135
35 12 25 341
35 173 1 699
35 315 7 277
35 314 9 1177
35 91 19 1028
35 28 5 597
35 285 31 151
36 256 19 242
36 290 9 878
36 68 13 809
36 13 5 965
36 213 7 623
36 286 1 206
37 4 11 463
37 201 13 310
37 266 1 284
38 291 16 1000
38 268 7 1054
38 239 13 83
38 61 19 580
38 281 1 1005
39 97 17 678
39 266 7 353
39 79 1 399
39 281 4 152
39 123 31 268
40 72 19 476
40 105 13 239
40 50 1 814
40 148 4 196
40 286 7 728
41 202 7 9
41 108 3 812
41 233 1 153
42 161 13 329
42 132 7 751
42 7 25 1071
42 170 5 583
42 304 19 3
42 188 1 621
43 162 10 206
43 79 13 292
43 143 4 630
43 305 1 658
44 97 11 508
44 35 49 103
44 5 16 626
44 69 19 26
44 109 13 20
44 273 31 78
44 274 7 758
44 250 1 541
44 220 4 681
45 66 3 232
45 255 1 583
45 299 5 298
45 108 10 89
45 239 7 50
46 19 5 945
46 279 7 347
46 152 1 313
47 201 3 419
47 144 7 144
47 305 1 118
47 188 13 118
48 173 3 63
48 302 7 249
48 271 19 410
48 176 13 103
48 240 22 394
48 178 11 205
48 83 17 1152
48 116 25 520
48 86 1 851
48 216 28 53
48 122 37 112
48 251 31 390
49 99 1 295
50 66 13 616
50 67 15 89
50 227 7 142
50 9 1 908
50 15 3 1012
51 290 15 181
51 155 4 1133
51 304 7 612
51 208 13 270
51 216 1 265
51 254 19 439
52 160 28 2
52 257 1 81
52 75 7 903
52 216 10 53
52 28 5 481
53 192 19 299
53 110 46 81
53 274 7 440
53 245 1 338
54 225 19 711
54 161 13 667
54 66 10 225
54 292 1 281
54 235 7 550
55 132 4 190
55 69 7 697
55 281 10 1159
55 56 1 36
55 95 13 969
56 129 7 809
56 294 4 893
56 204 13 347
56 112 33 2
56 150 25 285
56 58 1 471
57 164 16 480
57 46 10 663
57 124 1 299
57 282 4 86
57 62 7 368
58 256 7 554
58 263 11 1028
58 105 13 186
58 303 4 862
58 212 19 52
58 92 1 405
59 236 13 288
59 189 1 230
60 226 16 846
60 101 7 29
60 170 1 1019
60 48 22 18
60 312 5 337
61 162 10 556
61 195 4 870
61 103 1 993
62 100 1 995
62 274 7 335
63 70 7 250
63 8 1 1116
63 277 13 260
64 194 4 485
64 163 13 91
64 110 19 173
64 308 1 916
65 66 5 158
65 26 7 1035
65 68 16 38
65 217 1 340
65 187 10 186
66 8 19 179
66 308 7 951
66 93 13 1082
66 212 1 1023
67 292 13 701
67 169 7 498
67 268 1 664
67 27 4 776
68 32 4 75
68 289 16 622
68 290 37 382
68 102 7 718
68 46 13 246
68 15 25 218
68 302 19 584
68 311 28 224
68 251 31 289
69 71 49 1162
69 168 3 441
69 172 7 886
69 28 1 896
70 273 13 275
70 188 3 1183
70 211 1 345
70 28 11 1098
70 127 7 1190
71 206 1 24
72 134 1 130
72 19 3 945
72 20 5 116
73 101 1 1178
73 233 17 61
73 113 7 1135
73 155 5 641
73 31 13 96
74 259 13 822
74 229 1 855
74 47 5 31
74 81 7 145
75 293 10 234
75 268 3 568
75 216 7 53
75 60 1 533
76 136 1 847
76 73 7 466
76 169 25 498
76 300 15 68
76 50 43 21
76 286 4 69
77 260 3 112
77 166 7 20
77 232 10 353
77 168 13 98
77 268 19 16
77 302 31 249
77 238 22 25
77 79 37 399
77 112 25 684
77 211 5 322
77 181 43 20
77 312 1 17
78 69 7 593
78 270 22 173
78 149 3 430
78 126 1 577
79 193 1 343
79 14 4 159
79 84 31 5
80 226 5 786
80 67 1 582
81 224 5 409
81 3 10 649
81 40 19 46
81 271 13 378
81 309 1 505
81 90 7 1029
82 128 13 171
82 99 4 551
82 297 7 260
82 105 1 157
83 42 7 299
83 123 1 268
83 159 4 727
84 261 13 336
84 200 11 879
84 42 16 849
84 145 7 851
84 279 1 1035
84 249 5 1190
85 131 1 257
85 91 13 1026
85 17 4 832
85 180 7 1106
86 236 7 165
86 309 1 61
87 67 13 164
87 5 10 331
87 238 1 96
87 149 19 1116
87 315 4 1028
87 190 7 699
88 121 4 1196
88 101 19 1178
88 71 7 1031
88 267 11 216
88 16 17 136
88 246 1 1042
89 237 1 716
89 274 13 1142
90 154 4 102
90 138 7 455
90 239 1 909
91 320 7 904
91 105 4 737
91 50 1 330
92 69 4 228
92 200 9 238
92 232 13 353
92 170 1 174
93 33 19 560
93 162 16 1165
93 21 7 523
93 188 1 693
93 125 13 1163
94 194 7 1097
94 292 13 74
94 75 4 172
94 207 22 281
94 180 1 1100
94 219 10 79
95 264 9 74
95 74 7 1060
95 53 1 626
95 250 4 541
96 267 1 654
96 176 19 1084
97 168 3 24
97 41 7 996
97 267 11 448
97 77 13 21
97 302 37 249
97 16 17 85
97 210 19 723
97 18 1 75
97 84 25 743
97 149 31 897
97 183 21 75
97 27 28 304
98 162 13 206
98 4 16 11
98 5 11 626
98 175 3 884
98 211 1 997
98 87 9 575
98 56 7 791
99 200 1 879
99 75 3 499
100 256 3 554
100 64 10 55
100 165 13 82
100 71 37 148
100 268 7 1198
100 47 23 89
100 145 15 346
100 212 19 251
100 121 28 468
100 189 25 329
101 194 3 616
101 37 25 260
101 275 1 850
101 253 7 236
102 58 13 702
102 295 1 395
102 242 7 475
102 150 25 919
102 156 5 516
103 161 19 112
103 44 11 119
103 286 1 893
104 150 7 441
104 281 13 62
104 59 19 49
104 127 1 404
105 44 1 146
105 140 7 1148
105 238 3 1200
106 128 1 287
106 189 7 865
107 3 3 402
107 68 7 960
107 6 22 483
107 42 10 126
107 11 13 5
107 204 16 1132
107 139 19 642
107 17 28 913
107 147 25 1115
107 28 31 518
107 126 1 129
107 127 33 816
108 313 1 454
108 148 10 84
108 92 3 405
109 194 13 912
109 292 1 971
109 31 7 192
110 33 13 35
110 100 1 857
110 233 17 299
110 209 7 176
110 17 11 121
110 53 29 78
110 246 4 16
110 158 19 570
111 237 1 921
111 215 10 1197
112 288 25 813
112 290 7 388
112 16 1 707
112 61 3 1034
113 129 28 96
113 258 3 250
113 296 7 639
113 114 13 32
113 152 1 530
114 4 9 954
114 264 22 68
114 107 1 762
114 117 4 948
114 55 7 786
115 162 10 1148
115 72 13 122
115 237 7 837
115 144 1 1036
115 126 5 1010
116 178 1 205
116 120 3 918
117 224 1 987
117 169 7 1168
117 87 5 445
117 127 19 1166
118 66 1 876
118 92 5 944
119 65 13 570
119 225 7 316
119 73 19 41
119 75 5 889
119 108 11 1186
119 209 1 944
120 168 13 1092
120 77 7 625
120 242 1 475
120 18 11 166
120 311 19 125
121 47 11 31
121 178 5 648
121 212 1 134
122 195 4 58
122 9 10 20
122 306 7 580
122 182 1 357
123 98 1 1136
123 260 7 1042
123 294 9 749
123 176 3 757
124 225 7 372
124 194 1 1
125 261 1 291
125 297 13 324
125 269 5 552
125 12 7 834
126 260 1 536
126 266 7 842
126 183 4 741
127 265 7 76
127 203 5 387
127 246 13 677
127 189 1 865
128 129 7 18
128 107 25 398
128 110 40 81
128 271 3 774
128 146 21 362
128 319 1 383
129 160 1 978
129 50 4 330
130 263 11 1185
130 75 1 169
130 249 4 930
130 253 7 131
131 261 19 291
131 38 13 269
131 169 1 197
131 244 7 199
131 255 5 837
132 256 19 135
132 297 7 430
132 121 5 466
132 90 1 442
133 35 1 47
133 133 7 220
133 181 13 1145
133 25 31 1079
133 314 5 647
134 161 7 315
134 99 13 295
134 304 3 682
134 156 1 575
135 85 5 436
135 62 7 150
135 59 1 424
136 290 3 11
136 70 7 217
136 55 1 439
137 259 4 906
137 199 19 970
137 209 7 1160
137 20 1 322
138 107 7 205
138 177 1 1002
139 129 7 711
139 291 17 1126
139 99 10 424
139 74 1 277
139 80 3 696
140 96 4 704
140 171 1 962
140 61 13 1091
141 92 5 192
141 247 7 1121
141 124 3 467
141 222 1 935
142 292 7 91
142 300 5 975
142 137 1 635
143 262 7 472
143 75 3 19
143 210 1 723
144 11 1 553
144 57 7 964
145 256 7 784
145 257 19 81
145 105 55 84
145 139 13 970
145 176 1 422
145 222 5 593
146 34 7 730
146 52 1 280
147 225 7 986
147 261 4 556
147 17 1 221
148 165 11 80
148 164 4 972
148 83 17 112
148 249 1 816
149 132 13 751
149 169 7 421
149 242 1 259
150 129 7 223
150 271 1 141
150 152 17 1007
150 319 4 1003
151 42 13 165
151 112 1 1166
152 203 16 940
152 268 13 568
152 237 19 837
152 111 11 260
152 178 1 389
152 245 7 301
152 149 25 430
152 88 3 28
153 6 1 885
153 296 19 408
153 277 13 337
153 57 7 838
153 314 11 647
153 286 3 57
154 164 3 1041
154 264 25 121
154 38 21 81
154 52 7 163
154 313 1 317
155 247 7 823
155 95 1 969
156 229 7 747
156 165 17 80
156 203 13 11
156 124 11 267
156 53 1 350
156 316 4 1165
157 32 4 1077
157 289 25 25
157 42 7 890
157 270 1 968
158 102 25 80
158 170 7 583
158 21 19 303
158 188 1 73
158 31 9 101
159 66 5 225
159 231 7 1118
159 137 1 87
160 73 1 867
160 301 13 718
160 93 7 1084
161 33 7 240
161 7 1 449
161 23 13 107
161 28 5 761
162 172 1 312
162 209 3 219
162 212 19 30
162 214 7 331
162 156 13 402
163 16 1 827
163 277 4 7
164 284 7 695
164 155 1 93
164 316 3 722
165 4 5 247
165 292 1 954
165 82 37 1114
166 258 19 4
166 68 25 775
166 73 13 1162
166 106 7 839
166 110 1 306
166 118 11 933
167 306 10 551
167 244 1 848
167 286 7 303
168 164 7 413
168 231 19 1186
168 250 3 577
168 246 25 1168
168 249 1 1041
168 90 13 442
169 128 1 474
169 134 11 130
169 85 5 414
169 126 13 307
169 31 7 1162
170 40 13 268
170 77 3 795
170 92 17 98
170 81 7 212
170 28 1 645
171 33 7 1093
171 233 5 61
171 203 1 3
172 65 10 338
172 263 17 2
172 266 7 293
172 122 13 389
172 124 1 928
173 195 7 989
173 264 1 1177
173 202 19 1190
173 172 17 168
173 56 4 1042
174 142 13 1037
174 146 1 490
174 277 7 114
174 91 3 650
175 315 1 315
176 256 13 46
176 137 1 344
176 266 7 683
176 306 10 846
176 118 17 933
177 164 1 915
177 266 13 1134
177 50 16 759
177 119 7 1069
177 120 5 367
177 315 11 1097
178 191 19 7
178 295 7 395
178 234 13 93
178 303 4 1103
178 223 1 329
179 98 1 504
179 51 3 142
180 172 5 243
180 79 7 292
180 27 1 776
181 260 19 305
181 135 13 31
181 244 3 1080
181 156 1 509
181 286 16 34
182 195 10 675
182 104 7 68
182 16 4 205
182 121 1 396
182 318 13 793
183 9 23 163
183 243 1 156
183 318 34 41
183 127 3 1126
184 130 11 468
184 264 1 1150
184 49 7 235
184 157 13 432
184 158 5 938
185 68 1 319
185 211 4 349
185 278 7 684
186 195 31 58
186 174 1 99
186 25 7 115
186 249 3 537
186 59 13 556
187 162 3 617
187 20 1 925
188 139 4 329
188 109 13 785
188 145 7 969
188 84 1 62
188 247 19 908
189 239 1 83
189 310 7 725
189 187 4 480
190 128 19 1044
190 266 4 394
190 235 7 188
190 11 25 501
190 48 1 204
190 177 13 1122
190 55 10 1094
191 266 7 394
191 303 16 1103
191 147 1 1115
191 26 4 135
191 315 10 403
192 225 7 171
192 101 13 156
192 142 19 894
192 176 1 1063
193 227 13 1094
193 71 25 20
193 234 4 1119
193 207 1 248
193 211 15 722
193 281 7 424
194 264 1 137
194 235 28 153
194 49 3 883
195 300 1 683
195 76 4 484
195 27 13 151
195 29 25 1194
195 127 7 49
196 288 19 322
196 258 13 1180
196 272 1 1194
196 126 3 307
197 227 13 66
197 25 1 1079
198 112 13 684
198 176 7 396
198 184 19 707
199 192 13 716
199 129 25 413
199 7 7 151
199 177 19 1158
199 211 1 522
199 153 3 872
200 219 1 388
201 97 10 678
201 195 7 864
201 101 13 184
201 38 19 238
201 6 1 726
201 169 3 518
202 136 7 365
202 55 5 1085
202 253 1 996
202 222 11 289
203 32 3 708
203 200 1 886
204 176 13 1056
204 148 55 10
204 22 7 828
204 89 1 272
205 164 4 363
205 219 1 644
205 310 7 563
206 67 7 412
206 38 3 81
206 124 1 1054
207 128 7 923
207 216 13 1089
207 26 3 64
208 97 9 85
208 6 13 220
208 158 11 129
208 190 1 874
209 192 25 907
209 294 13 1090
209 303 3 562
209 243 1 101
209 25 19 1079
210 4 16 31
210 178 5 389
210 310 1 725
210 26 31 576
211 131 4 257
211 249 1 485
211 84 16 1137
212 36 5 374
212 10 19 253
212 112 13 680
212 25 7 920
212 253 1 308
213 79 4 968
213 52 17 23
213 184 1 106
213 127 13 1115
214 320 19 752
214 128 31 408
214 35 25 680
214 228 7 1154
214 198 10 797
214 78 16 783
214 145 3 423
214 55 14 1148
214 124 1 467
215 2 13 1181
215 281 1 913
215 218 7 681
216 129 10 96
216 295 13 685
216 56 1 685
216 315 7 1192
217 38 3 712
217 42 10 849
217 312 1 906
218 163 7 17
218 259 3 413
218 133 13 139
218 232 16 356
218 168 19 24
218 138 25 21
218 11 31 905
218 76 11 1130
218 51 34 142
218 308 37 510
218 154 40 169
218 158 1 672
219 13 1 559
219 247 7 35
220 42 3 890
220 87 1 733
221 18 7 1155
221 181 1 1145
222 161 19 330
222 48 1 1093
222 251 7 390
223 129 10 922
223 194 19 1
223 257 5 718
223 39 22 423
223 296 49 408
223 232 16 497
223 238 13 228
223 151 7 503
223 25 31 65
223 282 25 551
223 284 1 211
224 110 10 949
224 211 7 36
224 84 16 5
224 90 1 138
224 191 4 701
225 194 10 845
225 242 1 728
225 248 16 628
225 156 5 575
225 125 7 598
226 142 1 555
227 234 25 57
227 46 7 602
227 212 1 251
228 224 3 1129
228 202 10 1
228 111 1 22
229 209 13 272
229 279 19 1035
229 29 1 869
229 31 7 953
230 192 13 619
230 231 19 124
230 303 7 1068
230 242 1 341
230 18 5 221
231 164 13 12
231 73 7 16
231 215 4 746
231 252 1 934
232 259 25 95
232 140 7 108
232 112 13 1166
232 188 1 202
233 70 1 1024
233 199 3 970
234 290 7 378
234 195 4 109
234 72 31 1085
234 297 19 1154
234 239 1 1077
234 117 25 948
234 25 13 920
235 34 9 168
235 103 7 658
235 105 4 1161
235 42 1 659
236 145 13 851
236 274 19 355
236 55 17 1094
236 311 4 535
236 247 7 553
236 190 1 1151
237 12 16 1015
237 177 1 739
237 30 7 709
238 288 3 813
238 131 7 257
238 39 17 60
238 137 13 982
238 297 19 51
238 302 25 249
238 271 10 106
238 304 37 3
238 146 1 31
238 150 31 285
238 58 43 333
238 95 46 59
239 256 37 46
239 71 1 1162
239 285 19 346
239 191 7 415
240 173 1 457
241 17 10 221
241 84 1 1137
241 89 19 202
242 198 9 905
242 52 7 147
242 181 19 1135
242 318 1 143
243 320 19 576
243 266 7 204
243 298 1 940
244 260 17 448
244 165 1 571
244 231 25 124
244 168 31 52
244 138 13 80
244 218 19 48
244 254 3 827
244 223 7 333
245 105 13 384
245 207 1 463
245 112 19 1101
245 26 4 766
246 168 7 245
246 276 5 128
246 124 1 872
247 73 7 243
247 172 11 243
247 119 13 264
247 153 1 466
248 263 3 1159
248 211 11 1056
248 86 1 104
248 316 21 1194
249 129 7 877
249 276 1 795
249 126 4 400
250 33 9 122
250 39 1 1056
250 178 5 684
250 218 13 53
251 288 13 322
251 195 1 741
251 298 9 581
251 271 4 1082
251 283 7 40
252 64 13 897
252 4 5 4
252 114 1 1164
252 282 7 86
252 126 10 1012
253 131 13 257
253 244 7 468
253 151 16 453
253 122 1 435
254 163 7 729
254 31 1 866
255 253 1 236
255 63 25 1079
256 101 19 353
256 267 7 803
256 211 29 198
256 316 1 160
256 29 3 149
257 12 7 1047
257 274 1 924
258 141 3 146
258 16 1 158
258 307 7 1074
259 132 1 190
259 229 7 1170
260 3 4 649
260 264 17 121
260 172 1 243
260 60 11 17
261 128 13 944
261 301 19 403
261 122 7 112
261 127 1 94
262 69 4 70
262 189 1 1074
263 5 21 331
263 263 19 190
263 169 13 1172
263 44 17 865
263 177 7 552
263 84 4 175
263 155 1 641
264 97 13 85
264 134 7 336
264 12 1 744
264 176 19 1168
265 260 7 883
265 143 1 630
266 292 13 418
266 266 10 394
266 156 1 402
267 224 19 191
267 65 16 16
267 231 3 218
267 304 7 361
267 249 1 873
268 289 10 1072
268 187 1 489
268 306 4 491
268 119 13 974
268 318 7 162
269 38 25 81
269 39 29 143
269 103 1 418
269 74 31 1022
269 12 19 266
269 208 17 270
269 177 13 226
269 307 3 511
269 84 10 465
269 118 33 267
269 58 7 702
269 62 22 50
270 33 7 194
270 295 1 1139
270 307 13 425
271 168 19 876
271 187 3 983
271 238 25 2
271 314 1 647
271 91 7 1026
272 43 37 103
272 113 7 1188
272 305 16 139
272 20 11 452
272 252 19 1103
272 318 1 1174
273 161 7 304
273 249 5 479
273 6 17 821
273 106 13 481
273 47 27 31
273 207 19 1076
273 313 11 70
273 93 1 285
274 266 1 394
274 236 19 1037
275 224 11 191
275 195 4 209
275 306 1 846
275 307 43 4
275 93 7 946
276 34 13 730
276 112 7 443
276 282 28 1107
276 319 11 1003
277 164 31 124
277 205 1 977
277 115 4 1112
278 96 13 30
278 34 1 356
278 316 5 722
278 188 10 836
279 289 7 272
279 300 19 83
279 236 13 111
279 122 1 1030
280 101 1 184
280 110 7 183
280 16 10 585
280 17 5 181
281 65 19 219
281 145 7 155
281 245 13 797
282 161 19 6
282 193 4 914
282 223 1 973
282 46 7 82
282 211 10 345
282 180 13 320
283 65 7 209
283 97 19 85
283 291 1 1000
283 231 13 189
283 16 5 833
283 54 3 1117
284 4 5 1124
284 73 1 586
285 192 1 55
285 181 7 453
286 114 1 32
287 225 13 101
287 263 5 1116
287 294 19 1031
287 76 7 37
287 210 11 1007
287 152 17 1195
287 284 1 56
288 256 1 242
289 320 13 391
289 5 5 564
289 101 7 322
289 45 1 1099
289 207 19 566
289 29 25 64
290 231 13 40
290 43 7 103
290 78 1 828
291 247 1 673
292 130 7 977
292 51 9 993
292 245 31 813
292 283 5 40
292 285 1 565
293 270 4 15
293 276 1 128
293 190 10 328
294 248 19 10
294 88 3 1067
294 156 1 175
294 157 7 432
295 69 4 1054
295 116 1 229
295 89 9 828
296 77 7 83
296 52 5 53
296 244 1 614
296 309 25 92
297 68 7 435
297 175 1 600
298 300 7 149
298 305 11 390
298 115 3 963
298 316 1 92
299 102 7 207
299 309 1 320
299 247 13 1027
299 187 19 1182
300 192 13 201
300 146 5 550
300 156 1 222
301 157 7 480
301 317 1 688
302 122 15 1099
302 267 5 448
302 44 11 865
302 241 7 90
302 276 13 19
302 217 1 269
302 154 19 775
303 165 4 1020
303 72 13 1080
303 47 1 785
303 219 7 670
304 288 1 817
304 200 5 467
304 55 7 186
305 106 1 481
305 177 7 1149
305 122 25 322
306 265 1 887
306 267 5 216
306 306 7 846
307 320 9 1133
307 70 7 1015
307 104 3 46
307 9 1 702
307 90 19 710
308 128 7 627
308 201 13 271
308 113 1 41
309 193 1 225
309 294 9 184
309 210 7 722
309 93 3 946
310 50 4 297
310 116 1 520
311 128 7 537
311 103 11 411
311 275 5 354
311 21 1 1120
312 288 1 637
312 171 4 801
312 316 23 872
313 104 13 27
313 267 1 216
313 269 5 434
313 271 7 141
313 158 3 672
314 164 16 1186
314 37 1 105
314 166 13 640
314 70 9 1015
314 117 19 1114
314 311 4 183
314 317 7 688
315 43 7 170
315 203 1 1109
315 207 16 353
315 85 5 458
316 217 1 195
317 37 1 283
317 233 17 153
317 143 4 730
317 145 13 155
318 75 1 1102
318 274 13 744
319 165 1 102
319 86 7 104
320 23 1 508
321 289 13 599
321 231 19 40
321 239 4 50
321 209 7 1117
321 88 1 28
322 192 7 198
322 194 13 1097
322 287 19 1098
322 275 5 453
322 180 1 327
322 124 3 1104
323 106 13 839
323 203 5 1197
323 31 1 78
324 96 4 1069
324 160 1 979
324 124 7 281
325 97 17 732
325 235 7 130
325 270 10 968
325 111 22 410
325 115 1 201
325 118 4 1095
326 133 1 732
326 233 4 462
326 248 7 227
326 249 19 1045
327 233 11 61
327 142 19 99
327 113 13 214
327 306 28 38
327 244 1 748
327 287 7 1022
328 164 7 102
328 8 4 179
328 184 1 1029
329 58 1 905
329 120 4 133
330 290 9 158
330 198 5 26
330 300 7 1185
330 318 1 631
331 72 7 330
331 84 4 62
331 26 1 279
332 303 1 237
332 304 7 930
333 261 3 806
333 305 9 217
333 180 1 1088
334 154 16 102
334 232 13 497
334 45 7 1099
334 246 1 473
334 90 4 590
335 129 13 18
335 223 4 333
335 104 1 324
335 44 7 119
335 110 37 1071
336 195 7 740
336 71 13 224
336 105 1 84
337 193 17 46
337 111 3 192
337 110 7 339
337 215 1 719
337 58 10 489
338 161 13 39
338 130 3 468
338 194 19 845
338 168 9 325
338 9 5 534
338 108 7 166
338 124 1 797
339 38 1 933
339 70 5 1024
339 41 13 1084
339 284 9 1199
340 97 1 678
340 201 13 180
340 237 7 924
340 46 4 256
340 62 10 50
341 226 11 1031
341 234 4 901
341 308 1 646
341 317 7 373
342 129 19 223
342 263 11 237
342 17 1 574
343 65 19 43
343 74 4 928
343 50 1 21
343 153 7 95
344 233 5 820
344 81 13 1036
344 313 11 301
344 59 1 258
345 78 13 828
345 54 1 33
345 152 4 513
346 290 7 1004
346 207 1 804
347 289 4 44
347 195 13 294
347 100 1 228
347 287 7 93
347 169 19 147
347 212 25 1125
347 319 11 810
348 103 1 411
349 42 13 250
349 75 5 169
349 77 37 21
349 304 7 437
349 52 3 234
349 60 1 231
350 176 13 266
350 273 7 252
350 18 11 531
350 243 4 122
350 91 19 295
350 318 1 976
351 128 13 848
351 132 7 190
351 107 19 762
351 214 1 331
352 318 16 41
352 68 13 38
352 306 3 523
352 83 1 1026
353 203 7 27
353 75 5 19
353 308 1 1045
353 93 9 1085
354 75 4 958
354 28 1 761
355 161 7 351
355 211 17 36
355 184 4 804
355 281 1 276
356 161 19 105
356 41 1 326
356 79 16 520
356 303 13 771
356 311 7 125
356 61 25 9
357 128 3 747
357 47 1 581
357 154 7 1098
358 135 4 985
358 286 1 629
359 38 7 81
359 73 13 4
359 169 19 78
359 11 3 17
359 142 25 101
359 79 28 292
359 272 11 228
359 16 17 51
359 82 31 1114
359 20 1 59
359 24 37 52
359 29 43 61
360 40 7 113
360 9 5 194
360 273 1 515
360 150 13 919
361 77 7 754
361 85 1 376
362 102 19 80
362 297 13 51
362 266 4 1132
362 105 28 84
362 46 25 54
362 29 7 288
362 16 11 815
362 240 1 735
363 96 3 162
363 294 13 119
363 168 7 24
363 79 16 292
363 208 11 297
363 111 22 620
363 210 29 1147
363 306 19 212
363 21 25 268
363 216 31 1006
364 70 1 1021
364 173 7 856
364 184 13 106
365 101 7 156
365 266 13 284
365 176 1 103
366 131 10 506
366 10 1 10
366 239 7 1132
367 104 4 846
367 207 1 200
367 274 19 143
368 14 7 978
368 147 1 8
368 211 10 500
368 178 4 155
369 194 31 877
369 231 19 55
369 239 25 615
369 272 28 228
369 177 13 124
369 178 7 655
369 211 11 904
369 307 49 4
369 55 4 1148
369 311 1 183
370 293 16 83
370 47 4 450
370 189 1 862
371 46 3 845
371 178 1 655
371 156 11 245
372 7 3 118
372 138 25 434
372 113 7 561
372 28 1 170
373 271 1 686
373 113 7 1145
373 312 25 17
374 136 4 847
374 105 1 361
375 33 3 240
375 257 11 81
375 67 7 120
375 72 13 109
375 169 25 78
375 108 1 527
375 15 19 483
375 304 31 3
375 49 37 4
375 84 22 5
375 285 43 135
375 29 49 61
376 122 1 781
376 287 13 112
377 288 13 1195
377 129 4 18
377 75 7 172
377 313 1 70
378 170 3 527
378 48 25 6
378 118 13 267
378 89 7 894
378 186 1 680
378 219 31 79
378 60 5 25
379 256 1 368
379 97 7 952
379 228 10 1154
379 291 5 880
380 129 4 1167
380 261 7 1052
380 273 19 64
380 180 1 245
381 96 22 237
381 287 13 1193
381 173 19 774
381 81 1 366
381 63 7 1079
382 38 9 1059
382 246 4 124
382 189 1 97
382 287 13 1022
383 39 5 429
383 7 25 346
383 170 10 1182
383 13 1 1022
384 10 13 244
384 108 1 882
384 114 25 214
384 21 7 462
384 188 4 73
385 224 10 472
385 79 1 292
385 250 7 859
386 292 13 126
386 69 4 104
386 230 7 527
386 270 10 292
386 175 1 930
386 79 19 981
386 52 17 1110
386 309 25 61
386 119 31 392
386 184 22 421
386 90 37 136
386 120 29 4
387 192 13 1157
387 9 11 534
387 303 4 1016
387 245 7 813
387 318 1 89
388 199 25 970
388 50 1 121
389 129 1 173
389 265 13 76
389 184 10 1029
389 281 7 11
389 155 5 659
390 193 7 132
390 243 4 382
390 90 1 136
391 168 7 1165
391 298 19 121
391 220 1 999
392 263 1 135
393 36 1 374
393 230 25 112
394 67 1 166
394 69 9 104
395 168 7 662
395 202 1 13
396 201 1 126
397 203 7 715
397 171 4 598
397 53 1 898
398 261 1 698
398 212 13 148
398 182 11 1084
399 161 13 304
399 164 1 780
399 47 11 1114
399 285 7 1105
400 269 1 162
401 21 7 773
401 282 1 1107
402 193 13 198
402 24 1 1181
403 163 7 138
403 111 1 423
404 51 10 142
404 117 1 948
404 217 13 130
404 223 22 333
405 269 1 974
405 17 3 181
406 270 1 415
407 193 10 887
407 202 7 1182
407 150 1 833
407 186 5 300
408 74 11 277
408 305 23 312
408 19 1 945
408 178 5 35
409 7 1 669
409 108 5 812
409 15 7 1012
409 178 11 35
409 53 15 1182
410 160 13 45
410 98 5 351
410 229 7 855
410 122 1 1090
411 153 15 466
411 67 19 194
411 44 10 23
411 84 4 1137
411 281 1 461
411 316 13 1165
412 64 7 1080
412 10 4 163
412 142 1 787
412 111 9 1156
413 6 1 1001
413 298 3 208
413 190 7 649
414 30 1 67
415 192 25 606
415 153 19 1163
415 296 3 950
415 138 31 21
415 249 1 1190
416 258 19 218
416 167 3 892
416 140 7 949
416 278 1 931
417 43 7 852
417 146 1 274
418 178 5 639
418 93 1 261
419 65 1 1081
420 292 7 1115
420 140 3 1022
420 206 1 212
420 94 19 1115
421 128 19 54
421 84 16 62
421 149 7 258
421 286 13 1147
421 255 1 740
422 320 19 726
422 244 13 199
422 118 5 267
422 190 1 71
423 138 1 764
423 15 13 218
424 224 5 319
424 160 7 79
424 153 13 943
424 164 10 124
424 295 19 402
424 296 25 408
424 42 31 126
424 11 34 5
424 207 37 1119
424 249 17 651
424 154 1 823
425 69 7 26
425 38 31 487
425 112 1 684
425 155 5 460
425 222 10 193
426 69 1 590
426 41 7 1186
426 189 13 1101
427 32 37 708
427 267 7 216
427 108 5 186
427 50 46 21
427 242 1 1160
427 24 9 127
428 292 25 1041
428 294 13 33
428 201 7 177
428 12 19 396
428 300 4 517
428 207 1 159
429 225 13 441
429 73 19 699
429 305 5 126
429 209 1 79
430 205 1 302
430 312 22 1187
431 65 7 219
431 296 37 408
431 48 1 737
431 245 19 813
432 35 31 38
432 291 9 880
432 279 13 1171
432 247 19 229
432 312 7 905
432 89 1 123
433 209 7 117
433 214 1 524
434 295 13 766
434 296 1 408
434 11 10 5
434 215 5 1155
435 128 37 5
435 166 10 125
435 209 1 117
436 5 11 160
436 7 7 1071
436 144 13 240
436 55 5 76
436 218 19 92
436 29 1 705
437 224 5 1087
437 64 10 369
437 48 7 348
437 274 1 796
437 310 13 725
438 172 10 293
438 52 1 1189
439 66 10 616
439 100 7 329
439 107 3 966
439 118 1 722
440 104 10 1020
440 139 4 610
440 278 1 219
440 28 15 1007
441 15 1 717
441 78 4 828
441 23 25 107
442 68 1 759
442 105 7 384
442 142 4 1037
442 156 10 8
443 35 7 785
443 260 1 667
443 294 19 559
443 212 13 52
443 153 3 567
443 154 22 1093
443 124 11 1054
443 223 25 707
444 79 7 766
444 112 13 2
444 251 1 390
444 222 5 1172
445 97 3 252
445 235 28 1115
446 291 11 832
446 7 1 346
446 212 7 642
447 161 7 557
447 275 5 1114
447 60 1 224
448 97 1 487
448 254 3 636
449 141 1 546
449 277 10 1187
449 285 13 364
450 260 5 33
450 79 7 444
450 240 10 11
450 303 13 254
450 112 1 1101
450 313 22 70
450 188 16 73
451 65 7 338
451 156 1 140
452 64 5 369
452 130 13 468
452 274 7 21
452 91 1 372
453 2 16 1178
453 200 1 883
453 85 7 238
454 162 25 271
454 11 7 1024
454 182 3 936
454 55 1 563
455 97 4 120
455 142 1 407
456 171 1 801
456 277 10 1196
456 247 13 1158
457 42 4 984
457 248 13 1058
457 120 1 133
458 128 7 167
458 320 19 863
458 225 13 678
458 259 4 689
458 195 37 371
458 298 31 252
458 12 1 1097
458 310 25 725
459 36 1 730
459 210 3 403
459 277 13 308
459 150 7 1049
459 88 35 980
460 182 16 1168
460 278 1 595
461 121 1 252
461 65 13 513
461 291 3 886
461 29 7 1010
462 164 4 1176
462 277 7 690
462 282 1 551
463 8 7 678
463 249 10 728
463 252 3 224
463 222 1 154
464 96 1 286
464 69 13 826
464 168 7 965
464 300 23 1168
464 277 4 114
465 6 7 726
465 165 5 6
465 137 19 128
465 76 13 37
465 111 11 690
465 242 1 503
465 308 25 141
466 224 5 987
466 71 1 148
466 88 7 775
467 137 13 1025
467 237 7 661
467 109 4 602
467 215 10 178
467 27 1 386
467 319 17 360
468 192 25 58
468 32 10 708
468 169 19 1192
468 83 4 254
468 277 7 323
468 30 1 95
469 226 1 923
470 193 17 1131
470 7 13 1078
470 12 10 1047
470 237 1 837
471 35 1 957
471 39 5 916
471 149 7 1116
471 95 13 1015
472 231 19 919
472 9 1 959
472 169 7 94
472 140 13 512
472 271 3 1125
472 273 25 889
473 225 25 428
473 98 11 351
473 71 13 1113
473 49 7 520
473 316 4 594
473 90 1 385
474 320 7 105
474 129 4 305
474 195 13 817
474 171 1 321
475 129 3 223
475 140 13 108
475 301 7 80
475 276 1 985
476 22 1 650
477 189 1 462
477 221 4 1109
478 129 10 18
478 134 5 130
478 270 13 15
478 50 7 757
478 84 19 5
478 152 1 549
479 225 1 561
479 309 7 756
479 25 37 65
479 61 13 1149
480 159 7 1055
480 232 4 437
480 233 1 1034
481 97 7 85
481 110 1 794
481 174 4 496
481 177 13 1133
482 290 1 1124
482 309 7 1091
483 135 7 230
483 85 1 414
484 53 1 360
484 217 7 932
484 30 13 709
485 65 13 1146
485 200 1 144
485 214 7 346
485 121 10 528
485 317 4 688
485 24 19 541
486 81 7 1036
486 52 5 1188
486 249 1 1179
487 77 13 762
487 271 3 160
487 118 1 267
487 189 7 478
488 128 1 167
488 105 7 255
489 294 4 161
489 11 1 613
490 66 10 1184
490 100 7 30
490 311 1 152
490 127 13 14
490 319 4 360
491 129 15 1187
491 35 19 38
491 9 5 153
491 241 1 578
492 36 1 939
492 114 31 32
493 307 1 531
494 262 4 472
494 273 19 252
494 51 1 815
495 11 9 1173
495 269 7 434
495 21 1 773
496 258 31 4
496 66 4 592
496 234 1 929
496 242 13 820
496 127 7 14
497 258 13 507
497 77 19 137
497 183 10 75
497 253 1 215
497 95 7 59
498 291 1 155
498 202 3 1182
498 16 7 139
498 159 9 686
499 7 19 404
499 9 5 1056
499 137 1 982
499 58 7 897
499 253 13 937
500 134 3 336
500 265 7 1183
500 85 1 311
500 120 5 451
501 194 13 230
501 263 1 2
501 52 9 1147
501 121 3 1185
501 255 11 946
502 292 1 564
503 34 7 934
503 37 19 406
503 105 4 84
503 273 13 596
503 155 1 589
504 65 10 219
504 3 1 649
504 235 13 768
504 239 4 65
504 146 16 1181
504 151 7 221
505 97 1 120
505 132 16 190
505 101 7 874
505 60 5 231
505 275 3 1188
506 163 13 17
506 292 19 586
506 8 1 455
507 15 4 717
507 274 7 487
507 51 1 68
507 21 13 141
508 100 7 228
508 212 1 337
509 292 7 13
509 233 5 1179
509 273 19 596
509 113 1 214
510 100 4 974
510 68 1 960
511 258 31 257
511 264 13 860
511 137 25 103
511 301 7 1007
511 59 1 1039
512 195 19 864
512 11 13 553
512 47 17 1121
512 249 9 1163
512 190 1 446
513 192 13 907
513 257 17 718
513 194 1 447
513 226 10 760
513 107 19 205
513 79 7 1020
513 210 4 1007
514 294 4 119
514 11 1 203
514 92 25 120
515 263 11 316
515 298 13 208
515 269 3 434
515 272 23 228
515 307 7 511
515 177 19 178
515 88 1 1067
516 122 13 426
516 8 25 257
516 73 7 200
516 140 4 284
516 300 11 580
516 154 1 775
517 160 4 45
517 133 1 777
517 116 7 229
517 123 10 268
518 264 5 273
518 171 13 321
518 304 1 1058
519 231 7 871
519 300 11 1167
519 303 1 480
520 159 5 1055
520 211 11 813
520 247 1 1121
521 160 13 1030
521 259 4 540
521 111 17 68
521 241 19 643
521 280 1 450
522 65 3 1147
522 37 16 428
522 69 25 1171
522 231 19 450
522 142 7 1141
522 238 10 1143
522 305 1 139
523 37 1 932
523 306 16 826
523 212 7 638
523 278 11 899
523 311 4 921
524 64 1 1080
524 161 13 636
524 31 7 517
525 4 4 934
525 183 7 617
525 248 1 606
526 129 7 1187
526 237 1 1038
526 252 4 5
527 263 2 52
528 320 7 671
528 89 1 492
528 306 19 790
528 116 13 520
528 313 5 802
529 40 1 1171
529 203 5 1157
529 284 13 1032
529 250 7 541
529 59 10 753
530 73 7 769
530 303 19 990
530 245 13 813
530 29 1 1010
531 128 13 1003
531 138 31 80
531 215 7 42
531 155 1 240
532 3 4 1066
532 70 1 401
532 312 7 516
533 114 1 445
533 183 31 75
534 32 7 328
534 291 1 899
534 43 43 103
534 154 3 23
534 316 10 92
535 166 7 363
535 39 1 116
535 174 5 811
535 206 3 778
535 62 10 339
536 66 11 652
536 130 1 468
536 226 5 787
536 236 13 1126
536 145 7 279
536 152 3 1199
536 56 17 529
537 291 5 886
537 298 1 1015
537 245 31 209
537 63 43 1079
538 78 7 210
538 218 3 2
538 155 16 93
538 124 1 39
539 312 1 1163
539 152 5 9
540 98 3 822
540 293 1 890
540 271 13 255
540 54 5 1117
540 157 19 432
540 222 16 1141
541 233 11 991
541 139 3 139
541 80 1 696
541 24 7 1144
542 224 3 60
542 289 10 128
542 100 13 1178
542 6 1 220
543 192 7 201
543 193 1 1069
543 34 13 934
543 50 49 147
543 51 19 68
543 85 3 436
543 53 5 635
544 152 7 1199
544 58 3 1057
544 319 1 1003
545 238 3 27
545 283 1 888
546 164 7 1041
546 180 4 1106
546 215 1 65
547 224 5 711
547 276 9 1048
547 150 1 387
547 154 13 727
548 238 4 14
548 313 11 66
548 286 7 34
549 180 5 477
549 246 1 692
550 41 1 1186
550 76 7 975
550 242 9 820
550 158 5 129
551 292 9 418
551 271 3 39
552 297 25 261
552 234 19 1188
552 312 5 396
552 282 10 86
552 316 1 679
552 222 3 154
553 132 3 751
553 76 1 1130
554 105 15 334
554 212 7 173
554 215 4 378
554 286 1 34
555 133 7 1130
555 284 1 1046
556 290 13 197
556 40 7 1108
556 177 1 226
557 320 13 1183
557 228 10 34
557 195 1 1050
558 129 13 528
558 225 7 1175
558 193 11 529
558 249 1 479
559 294 7 33
559 235 10 188
559 87 3 1088
560 197 7 377
560 235 1 188
560 115 28 16
561 15 1 483
561 80 5 696
561 275 7 493
562 293 7 518
562 231 13 487
562 136 4 709
562 172 1 568
563 264 1 1153
563 139 7 1197
564 205 4 698
564 119 19 1069
564 23 7 1124
564 284 13 1049
564 190 1 328
565 288 25 806
565 194 7 1
565 170 1 342
565 111 11 1163
566 198 1 375
566 232 10 497
566 78 3 677
566 110 43 708
567 15 7 483
567 89 1 185
567 28 5 1098
568 200 1 783
568 177 7 770
568 175 3 852
569 260 1 868
569 191 3 1131
570 163 1 30
570 158 5 891
571 128 19 747
571 129 7 693
571 166 43 65
571 155 5 93
571 93 1 165
571 127 13 3
572 290 25 673
572 202 10 428
572 236 1 986
572 306 7 39
573 295 7 743
573 268 1 1198
573 48 13 560
573 308 4 1045
574 159 17 541
574 104 10 242
574 140 7 691
574 24 13 330
574 184 19 421
574 287 1 110
575 71 7 1113
575 105 1 1167
575 40 19 268
575 49 13 183
575 279 25 1035
576 297 7 51
576 206 1 992
577 69 22 33
577 294 19 70
577 262 15 77
577 138 37 80
577 174 7 99
577 145 9 995
577 307 1 4
577 312 13 1187
578 38 13 549
578 82 19 196
578 115 3 956
578 212 7 22
578 118 1 391
579 233 1 1113
579 138 3 868
579 170 7 878
579 50 10 457
579 114 25 98
580 98 1 20
580 168 25 24
580 285 7 239
580 286 3 1123
581 161 13 6
581 305 11 13
581 284 3 695
581 54 1 713
581 282 7 551
582 102 31 42
582 73 7 1056
582 234 1 182
582 75 11 19
582 149 13 1116
582 119 25 15
582 311 37 6
582 286 19 117
583 194 19 281
583 268 22 1054
583 188 16 118
583 213 5 623
583 150 7 285
583 153 1 597
584 133 7 1184
584 235 4 544
584 14 11 1165
584 50 1 397
584 93 13 1041
585 226 3 299
585 14 1 843
585 117 13 1114
585 153 7 781
586 313 1 66
586 177 13 522
586 83 3 1152
586 277 7 530
587 10 3 36
587 205 7 845
587 245 19 209
587 317 11 32
588 283 3 888
588 155 1 556
589 290 7 218
589 172 1 877
589 16 13 132
589 84 3 653
589 158 11 276
590 129 19 1187
590 163 25 91
590 168 7 196
590 16 1 994
590 152 11 69
591 96 7 237
591 235 4 71
592 96 10 211
592 293 5 576
592 201 25 50
592 106 19 481
592 77 1 1014
592 90 7 385
592 127 13 383
593 89 15 202
593 290 25 569
593 261 10 919
593 28 13 896
593 88 5 1138
593 24 19 106
593 252 7 106
593 31 31 341
594 129 16 1154
594 213 3 623
594 55 1 831
595 55 7 169
595 221 1 610
596 65 7 43
596 9 1 534
596 301 13 238
596 209 19 79
596 315 5 29
597 192 13 1111
597 264 7 619
597 278 4 1184
597 28 1 1007
597 190 9 1102
598 196 13 191
598 297 1 91
598 9 11 908
598 268 22 16
598 31 7 1176
599 255 1 1191
599 111 11 1188
599 146 7 719
599 214 3 763
599 223 13 946
600 289 31 44
600 148 1 1025
600 181 7 116
601 317 1 373
601 222 3 1018
602 67 19 947
602 202 13 1159
602 235 16 361
602 13 5 176
602 141 7 146
602 176 1 1141
602 94 25 106
603 261 7 748
603 134 5 336
603 241 1 1031
603 92 11 236
604 160 19 1129
604 293 4 83
604 168 13 876
604 204 1 1132
604 251 7 289
605 76 1 37
605 301 7 10
605 16 19 175
605 81 3 942
605 242 13 1160
605 152 11 714
605 155 17 1175
606 37 1 440
606 215 4 241
606 122 13 415
607 170 1 535
608 275 7 312
608 216 4 265
608 219 9 1027
608 125 1 598
609 114 1 720
610 67 13 1175
610 71 37 20
610 103 3 658
610 52 5 405
610 316 1 594
611 36 3 358
611 165 1 114
611 104 25 46
611 73 13 381
611 46 19 82
611 119 7 64
612 4 23 4
612 197 13 377
612 306 7 675
612 211 11 198
612 24 3 137
612 60 1 550
613 259 3 514
613 304 7 590
613 242 19 1160
613 316 13 991
613 152 1 665
614 261 10 1052
614 50 13 50
614 212 3 85
614 120 1 918
614 287 31 103
615 39 1 429
615 306 7 38
615 254 3 439
616 73 19 806
616 271 13 289
616 48 16 204
616 20 11 199
616 213 23 623
616 248 4 1115
616 59 25 1166
616 284 7 52
616 62 1 50
617 256 31 46
617 161 13 552
617 274 7 570
617 91 1 339
618 74 4 1060
618 12 1 270
618 148 22 10
618 313 7 802
619 228 4 34
619 71 13 43
619 278 11 953
619 87 7 733
619 215 9 65
619 155 1 427
620 189 1 793
621 288 28 806
621 13 5 869
621 47 7 771
621 48 1 18
621 239 16 65
621 54 9 366
622 226 7 576
622 62 1 310
622 222 4 276
623 68 25 38
623 36 1 358
623 76 3 37
623 238 7 1200
624 180 1 25
624 312 7 1163
625 96 13 446
625 306 7 63
625 55 1 1148
626 260 11 132
626 200 1 1040
626 296 19 950
626 78 13 349
626 176 7 1195
626 308 4 951
626 180 16 206
626 148 25 532
626 121 28 396
627 34 1 542
627 79 7 611
627 305 11 1168
628 71 1 53
628 308 13 75
629 135 3 881
629 156 1 111
629 286 13 852
630 264 9 149
630 75 3 169
630 309 19 189
630 88 5 52
630 126 1 514
631 194 4 230
631 163 7 72
631 39 13 653
631 233 11 265
631 155 15 612
632 109 10 762
632 142 1 1037
632 53 7 1147
633 136 1 486
633 243 11 1068
633 212 13 134
633 279 7 1171
634 173 19 109
634 46 37 78
634 23 7 107
634 190 4 446
635 32 3 838
635 229 7 88
635 74 1 176
635 89 19 688
636 293 1 6
636 275 3 1177
637 66 1 792
637 127 13 1190
637 243 5 1110
637 93 25 26
638 226 9 869
638 261 4 919
638 169 13 1192
638 140 1 922
638 306 19 839
638 22 7 650
638 316 11 304
639 259 7 540
639 218 1 687
640 128 19 86
640 225 13 36
640 74 3 573
640 50 31 1160
640 159 7 980
641 101 1 615
641 183 10 256
642 227 4 489
642 260 11 1144
642 180 7 25
642 313 1 1196
643 164 13 102
643 228 25 1154
643 103 5 658
643 76 9 659
643 177 19 1097
643 309 1 379
643 152 11 98
644 52 17 183
644 118 1 452
644 281 10 62
644 93 3 1048
645 291 10 137
645 304 1 314
645 184 7 707
645 88 5 855
646 192 25 55
646 7 13 261
646 50 1 147
646 278 7 899
646 27 4 151
647 231 13 772
647 105 4 290
647 266 1 44
647 287 7 100
648 135 19 1025
648 48 10 1131
648 220 4 999
648 124 17 39
648 189 7 1101
649 90 1 1062
649 41 7 1139
649 186 17 224
650 232 1 353
650 219 28 1161
651 193 1 1193
651 195 7 448
652 6 7 464
652 303 1 254
652 50 16 727
652 85 4 238
653 289 4 1193
653 3 1 1066
653 263 7 74
653 119 13 863
654 100 7 492
654 71 13 474
654 10 1 131
654 74 10 902
654 209 19 58
654 121 4 803
655 162 7 206
655 71 1 765
655 282 10 1107
655 307 13 1074
656 225 1 464
657 35 13 196
657 234 28 85
657 174 1 755
657 215 7 1085
657 25 19 257
658 130 9 977
658 69 1 145
658 207 13 54
658 180 4 607
658 219 25 79
659 194 4 1097
659 195 1 294
660 97 1 617
660 294 3 293
661 104 7 48
661 75 1 172
661 187 13 587
661 80 3 1187
662 216 1 1006
663 289 1 779
663 285 7 1142
664 265 19 1183
664 107 1 1053
664 13 11 176
664 307 13 408
665 37 19 1176
665 207 1 750
666 225 1 711
666 146 19 31
667 215 1 304
667 247 7 1061
668 223 7 449
668 201 1 371
669 256 7 848
669 55 1 325
669 60 3 550
670 48 16 18
670 187 1 186
671 224 5 379
671 155 11 1175
672 5 29 5
672 294 4 559
672 207 10 110
672 20 17 59
672 154 1 1098
673 68 16 215
673 56 1 791
673 281 13 100
674 160 7 972
674 196 25 191
674 304 19 235
674 307 3 425
674 275 1 493
674 278 17 219
674 89 13 136
675 227 5 719
675 203 1 1165
675 110 10 306
675 316 3 304
676 102 1 634
677 131 7 506
677 103 3 411
677 172 1 436
678 295 1 743
678 235 19 71
678 62 10 310
678 158 13 129
678 222 5 350
678 223 7 211
679 106 1 839
680 320 7 1014
680 6 5 674
680 105 13 732
680 43 19 103
680 316 3 92
681 99 1 540
681 39 7 429
682 238 19 659
682 303 13 480
682 215 1 425
682 319 7 1003
683 112 1 842
683 90 43 138
683 155 7 360
684 160 4 424
684 227 7 489
684 293 1 217
684 264 11 74
684 200 15 649
684 249 9 858
684 124 13 212
685 193 11 287
685 249 19 168
685 15 4 483
685 272 16 228
685 252 1 1158
685 89 7 1178
685 315 23 301
686 230 1 362
686 189 4 478
687 259 10 540
687 263 23 2
687 190 1 832
688 192 13 981
688 99 7 295
688 69 31 76
688 40 25 65
688 79 10 469
688 277 34 260
688 279 1 43
689 8 1 1087
689 11 4 125
689 178 7 159
690 191 1 113
690 223 4 707
690 277 13 317
690 23 7 349
691 211 1 198
691 188 7 998
692 14 1 63
692 90 3 1013
693 195 4 274
693 107 19 420
693 241 13 877
693 180 2 607
693 277 10 456
693 311 7 706
694 225 13 787
694 262 7 264
694 238 3 1175
694 56 10 36
694 186 1 852
695 225 13 71
695 164 1 703
695 77 25 390
695 312 4 905
696 33 13 1135
696 7 3 1011
696 138 7 764
696 316 1 991
697 271 7 1125
697 241 3 90
697 52 17 107
698 193 1 309
698 5 17 160
698 133 3 1130
698 170 13 1182
698 278 10 776
698 62 7 110
699 280 1 262
699 69 22 258
699 38 7 933
699 268 13 16
699 46 19 429
699 50 16 297
699 276 25 19
699 55 11 58
699 309 3 1156
700 291 11 1000
700 294 3 296
700 295 19 399
700 296 43 408
700 268 13 1057
700 217 7 873
701 8 1 179
702 58 13 644
702 186 7 224
702 11 1 125
702 274 9 696
703 101 1 724
703 181 7 222
704 42 13 280
704 236 7 955
704 241 1 334
705 193 19 1196
705 201 7 41
705 11 28 260
705 107 13 494
705 205 5 775
705 237 16 1085
705 25 1 115
705 156 11 103
706 291 1 1126
706 298 3 609
707 226 11 202
707 290 13 403
707 303 19 453
707 209 1 255
707 178 17 159
707 244 7 400
707 255 5 571
708 224 10 60
708 195 1 448
708 307 19 271
708 52 13 926
708 123 4 268
708 220 7 999
709 3 1 459
709 8 4 107
709 276 7 909
710 7 1 72
710 103 16 411
710 169 7 78
710 13 5 494
710 79 13 1001
711 10 19 670
711 271 25 39
711 79 13 582
711 243 7 122
711 119 9 15
711 25 1 920
712 76 13 1033
712 268 1 926
712 140 4 121
712 81 7 153
712 91 15 842
712 188 19 492
713 290 13 1188
713 131 3 506
713 300 1 246
713 20 7 191
713 284 31 20
714 193 1 1131
714 12 7 266
714 159 3 1100
715 49 25 4
715 156 1 1138
716 282 1 86
716 113 31 10
716 118 11 1095
716 58 4 294
716 287 7 1193
717 172 1 46
718 64 3 897
718 99 13 1039
718 114 7 321
718 213 1 623
719 288 22 288
719 67 7 327
719 165 17 6
719 174 1 1183
719 176 13 299
719 240 19 1078
719 119 3 212
720 100 55 21
720 232 4 353
720 270 1 760
720 148 7 45
720 311 10 152
720 251 19 390
721 7 13 306
721 205 3 539
721 111 5 21
721 156 1 90
722 133 10 847
722 105 7 84
722 270 1 1143
723 12 13 1054
723 49 3 342
723 26 7 225
723 255 1 244
724 161 19 39
724 97 11 85
724 289 7 128
724 77 25 5
724 214 13 331
725 291 13 564
725 260 17 797
725 71 9 40
725 178 7 648
725 243 5 289
725 93 1 1027
726 53 1 393
726 56 22 36
726 281 37 32
726 122 7 459
727 257 29 81
727 107 13 420
727 241 19 918
727 145 7 1136
727 284 43 10
727 125 4 1094
727 95 1 500
728 164 4 915
728 104 1 69
728 127 13 78
729 7 25 41
729 9 9 909
729 238 1 14
730 36 1 727
730 261 7 291
730 154 19 169
730 17 3 574
730 211 11 349
730 93 13 26
731 58 19 72
731 184 1 421
731 158 7 436
732 233 1 963
732 170 7 101
732 172 9 568
733 102 7 121
733 275 1 1169
733 218 13 1138
734 66 5 232
734 263 1 171
734 12 22 396
735 2 7 1181
735 50 10 875
735 52 1 560
736 298 1 477
736 156 5 902
737 136 7 417
737 168 13 24
737 178 17 471
737 21 19 15
737 184 10 599
737 287 1 580
738 193 11 227
738 99 4 66
738 48 1 861
739 161 7 370
739 260 1 871
739 176 3 1195
739 315 11 780
740 15 19 126
740 313 1 784
741 74 1 889
741 271 7 556
741 113 13 10
741 241 25 90
742 33 13 7
742 168 7 66
742 50 1 875
742 20 11 322
743 224 7 409
743 64 9 1080
743 290 3 246
743 227 1 142
743 9 29 20
744 69 16 1148
744 269 1 552
745 68 7 136
745 237 13 120
745 79 1 981
745 221 4 431
746 67 1 428
746 155 7 154
746 315 5 381
746 285 13 301
746 190 9 71
747 196 1 1044
747 203 5 171
747 182 17 911
747 248 31 15
747 25 13 1079
747 30 10 958
747 191 7 7
748 129 16 223
748 298 7 31
748 121 4 48
749 37 3 579
749 126 1 307
750 165 1 1078
750 202 3 278
750 207 9 281
750 63 13 994
751 105 22 72
751 246 4 692
751 186 1 771
752 170 5 101
752 235 13 550
752 244 19 400
752 119 7 270
752 284 1 249
753 236 19 76
753 110 1 1049
753 112 7 185
753 218 13 92
754 192 13 58
754 38 1 1059
754 172 5 312
754 47 25 31
755 128 19 13
755 202 1 1122
755 215 9 42
756 102 1 80
756 108 10 48
757 65 1 1146
757 76 4 1053
757 235 7 481
757 146 23 31
758 259 10 413
758 37 13 501
758 270 7 616
758 91 3 1026
758 126 1 917
759 206 7 914
759 52 13 1
759 221 1 260
759 158 4 266
760 301 7 161
760 270 1 380
760 255 4 244
761 163 19 145
761 81 13 117
761 274 1 570
761 117 7 948
762 225 19 316
762 12 4 744
762 311 9 844
763 96 13 632
763 3 3 856
763 171 7 801
763 86 1 752
763 191 10 824
764 289 1 290
764 3 4 844
764 170 17 101
764 111 13 68
764 48 7 484
765 58 19 333
765 107 1 420
765 127 7 265
765 156 17 66
765 30 4 95
765 287 13 123
766 161 3 831
766 55 1 207
767 70 5 401
767 71 31 622
767 137 7 446
767 301 25 357
767 303 13 1168
767 56 11 173
767 25 19 65
768 133 37 1130
768 9 1 950
768 204 19 347
768 173 31 196
768 207 34 54
768 112 7 2
768 80 17 364
768 180 3 25
768 245 25 209
768 246 22 9
768 122 13 168
769 168 13 249
769 18 5 621
769 81 7 56
769 276 3 128
769 186 1 149
770 233 10 299
770 44 1 907
770 111 5 22
770 53 19 53
770 159 3 980
771 195 7 58
771 36 10 527
771 102 13 59
771 104 19 425
771 183 1 51
771 255 4 525
772 130 5 468
772 195 1 127
772 218 7 287
773 143 3 530
773 217 13 932
773 56 1 426
774 293 11 83
774 203 7 3
774 61 3 1000
775 194 15 616
775 55 9 169
775 152 5 98
775 126 7 917
776 261 7 919
776 251 13 390
776 250 10 859
776 92 1 297
777 76 5 37
777 301 7 404
777 244 1 199
778 164 10 972
778 294 7 296
778 221 16 260
778 93 1 1085
779 102 13 121
779 239 1 1184
780 301 49 10
780 306 13 63
780 276 3 620
780 53 1 975
781 73 1 443
781 142 13 172
781 112 19 2
781 152 5 313
781 59 7 521
782 136 1 417
782 44 9 416
782 210 11 722
782 276 7 876
782 216 4 1089
783 235 10 550
783 62 1 526
784 102 19 718
784 138 7 148
784 173 25 258
784 150 13 55
784 93 3 275
784 126 1 858
785 161 7 822
785 75 1 903
785 277 16 337
786 39 7 653
786 245 3 797
786 126 9 313
787 160 19 141
787 68 3 740
787 267 11 107
787 55 1 983
787 253 7 215
787 287 13 47
788 295 7 32
788 173 1 109
789 96 10 613
789 66 27 1187
789 166 7 841
789 234 3 54
789 255 1 119
790 72 13 493
790 300 5 840
790 274 1 164
790 212 7 337
791 33 1 416
791 193 11 378
791 258 7 950
791 262 13 472
792 226 1 826
792 228 13 1154
792 146 3 783
793 256 13 659
793 289 1 767
793 46 10 812
793 90 7 620
794 193 7 1131
794 6 4 220
794 27 1 151
794 121 16 1196
795 200 17 238
795 170 13 464
795 175 1 48
795 271 10 635
795 116 4 520
795 117 7 1114
796 237 19 1036
796 181 1 1135
797 229 1 510
797 278 13 9
798 65 25 1129
798 33 19 713
798 108 5 166
798 241 13 316
798 153 7 1028
798 284 1 38
798 286 28 34
799 164 4 12
799 297 25 252
799 301 7 248
799 78 1 210
799 143 19 730
799 305 11 93
799 115 22 781
799 53 17 53
799 285 13 1105
800 191 1 7
800 38 7 263
800 235 4 495
800 241 37 1079
Điểm tối ưu: 3319
Thời gian: 1004801.73 ms
Trạng thái: FEASIBLE
