150
1 1 7 2
1 3 5 10
1 4 58 24
1 6 25 13
1 7 19 3
1 8 37 25
1 9 33 23
1 10 1 14
2 1 1 2
2 3 31 10
2 4 25 24
2 5 13 17
2 7 7 3
2 8 28 25
2 9 19 23
3 1 49 5
3 3 41 10
3 4 28 24
3 5 37 17
3 7 31 3
3 8 10 25
3 9 1 23
3 10 19 14
4 1 22 5
4 3 33 10
4 4 55 24
4 5 49 17
4 7 10 3
4 8 43 25
4 9 7 23
5 1 55 2
5 3 11 10
5 4 40 24
5 6 31 13
5 7 43 3
5 8 4 25
5 9 46 23
6 1 10 5
6 3 43 10
6 4 46 24
6 6 37 13
6 7 13 3
6 8 49 25
6 9 31 23
7 1 19 2
7 3 9 10
7 4 1 24
7 5 25 17
7 7 55 3
7 8 52 25
7 9 15 23
7 10 44 14
8 1 4 2
8 3 1 10
8 4 43 24
8 7 34 3
8 8 19 25
8 9 17 23
8 10 13 14
9 1 10 2
9 3 21 10
9 4 7 24
9 7 49 3
9 8 58 25
9 9 23 23
10 1 37 5
10 3 27 10
10 4 22 24
10 6 1 13
10 7 52 3
10 8 16 25
10 9 40 23
11 1 4 5
11 3 7 10
11 4 34 24
11 5 9 17
11 7 40 3
11 8 31 25
11 9 25 23
12 1 28 2
12 3 13 10
12 4 31 24
12 7 16 3
12 8 55 25
12 9 3 23
12 10 37 14
13 1 13 5
13 3 17 10
13 4 52 24
13 7 37 3
13 8 40 25
13 9 5 23
13 10 25 14
14 1 19 5
14 3 37 10
14 4 16 24
14 5 1 17
14 6 43 13
14 7 28 3
14 8 22 25
14 9 9 23
14 10 31 14
15 1 16 5
15 3 3 10
15 4 49 24
15 5 55 17
15 7 22 3
15 8 34 25
15 9 13 23
16 1 55 5
16 3 35 10
16 4 4 24
16 5 31 17
16 6 19 13
16 7 25 3
16 8 7 25
16 9 29 23
17 1 1 5
17 3 15 10
17 4 37 24
17 5 19 17
17 6 7 13
17 7 58 3
17 8 46 25
17 9 35 23
17 10 51 14
18 1 43 5
18 3 25 10
18 4 10 24
18 6 49 13
18 7 46 3
18 8 13 25
18 9 21 23
18 10 55 14
19 1 7 5
19 3 29 10
19 4 19 24
19 6 13 13
19 7 1 3
19 8 25 25
19 9 37 23
20 1 31 5
20 3 19 10
20 4 13 24
20 5 43 17
20 6 55 13
20 7 4 3
20 8 1 25
20 9 27 23
20 10 7 14
Điểm tối ưu: 150
Thời gian: 600.0131 giây
Trạng thái: FEASIBLE
