2397
1 2 31 250
1 34 25 251
1 68 22 254
1 70 44 92
1 10 13 44
1 12 46 78
1 14 34 110
1 17 16 252
1 19 7 98
1 54 5 265
1 25 19 100
1 28 1 44
2 32 34 6
2 65 31 212
2 71 22 92
2 8 9 102
2 9 19 136
2 12 58 78
2 13 14 183
2 77 37 33
2 49 7 53
2 51 26 52
2 56 11 293
2 57 1 121
3 32 13 143
3 64 25 28
3 4 22 185
3 39 31 43
3 8 34 102
3 41 17 259
3 76 43 52
3 77 7 109
3 46 19 266
3 52 28 70
3 53 1 195
3 57 10 155
4 64 29 10
4 33 7 183
4 68 10 188
4 4 5 185
4 6 16 111
4 11 3 295
4 12 55 82
4 48 13 87
4 17 22 38
4 25 25 276
4 58 31 238
4 31 49 190
5 6 43 16
5 39 7 296
5 71 23 130
5 46 17 18
5 15 2 178
5 17 10 131
5 51 55 34
5 53 49 66
5 22 19 277
5 23 32 122
5 57 25 130
5 25 37 2
6 34 38 159
6 68 25 132
6 36 7 55
6 72 23 13
6 9 17 136
6 8 13 37
6 76 1 42
6 44 40 11
6 14 43 114
6 55 19 169
6 56 11 27
6 25 28 232
7 38 20 14
7 74 31 271
7 11 5 239
7 13 51 107
7 45 56 265
7 48 13 245
7 49 3 168
7 51 28 17
7 23 34 288
7 57 10 43
7 27 43 204
7 29 7 5
8 32 10 143
8 65 13 227
8 34 17 113
8 3 25 79
8 40 7 292
8 41 43 58
8 12 2 228
8 46 5 18
8 15 37 96
8 20 49 137
8 55 19 213
8 24 45 285
9 64 13 28
9 67 23 169
9 8 11 271
9 41 7 235
9 76 33 8
9 46 2 63
9 14 15 59
9 20 4 203
9 22 28 277
9 24 19 248
9 58 25 106
9 27 55 95
10 33 7 21
10 35 37 138
10 3 19 252
10 5 5 262
10 7 50 9
10 9 29 115
10 74 25 46
10 46 55 63
10 48 10 232
10 19 32 152
10 55 1 227
10 62 43 191
11 64 5 229
11 67 23 90
11 5 1 16
11 38 10 177
11 37 31 123
11 73 28 265
11 10 17 99
11 12 7 202
11 77 25 149
11 78 38 262
11 21 35 13
11 27 19 61
12 35 25 68
12 4 7 58
12 8 9 116
12 9 19 84
12 10 17 89
12 43 13 257
12 44 47 49
12 76 43 81
12 80 55 131
12 18 22 82
12 20 52 12
12 23 4 255
13 32 16 109
13 67 29 5
13 58 11 106
13 3 49 74
13 38 14 111
13 16 43 84
13 17 37 64
13 20 34 43
13 21 5 126
13 24 7 189
13 26 1 109
13 31 25 112
14 4 17 175
14 8 7 193
14 72 47 12
14 74 25 227
14 73 20 265
14 12 9 145
14 42 1 57
14 14 34 114
14 47 28 6
14 21 5 247
14 24 43 195
14 27 13 182
15 32 32 274
15 34 1 78
15 35 20 216
15 4 35 144
15 71 16 30
15 41 25 58
15 44 3 142
15 78 44 216
15 47 41 6
15 24 27 269
15 26 37 48
15 60 10 135
16 2 9 230
16 4 7 51
16 69 43 68
16 6 22 300
16 71 17 129
16 72 13 13
16 70 41 98
16 75 25 262
16 45 34 100
16 18 31 286
16 58 29 238
16 59 1 62
17 65 25 153
17 35 13 33
17 68 55 165
17 37 31 268
17 9 1 115
17 13 7 114
17 20 28 43
17 23 50 255
17 26 38 71
17 31 19 112
17 62 43 158
17 63 3 29
18 65 16 117
18 66 19 50
18 3 43 29
18 8 11 37
18 75 40 13
18 43 49 237
18 13 1 244
18 46 13 266
18 44 22 11
18 17 4 38
18 55 7 26
18 60 37 189
19 33 7 201
19 34 11 93
19 35 20 126
19 69 55 179
19 79 5 4
19 16 32 126
19 50 37 17
19 22 13 277
19 54 25 91
19 56 2 159
19 58 53 85
19 59 16 77
20 65 16 119
20 2 13 211
20 36 9 128
20 5 21 16
20 38 25 216
20 79 1 92
20 16 3 294
20 50 37 90
20 23 31 25
20 56 7 167
20 57 43 2
20 28 11 86
21 39 13 30
21 8 19 116
21 40 4 174
21 42 7 57
21 10 46 206
21 12 25 121
21 75 16 151
21 13 31 114
21 47 11 213
21 17 21 114
21 57 1 155
21 61 28 221
22 64 5 270
22 65 13 104
22 66 25 148
22 5 9 243
22 41 3 259
22 42 55 58
22 43 28 20
22 44 16 145
22 80 43 131
22 16 31 200
22 58 11 87
22 28 1 65
23 32 25 6
23 3 7 75
23 68 16 188
23 69 34 154
23 71 19 102
23 8 11 279
23 10 21 206
23 47 23 264
23 80 13 224
23 17 28 38
23 23 43 255
23 25 1 17
24 33 10 149
24 3 37 252
24 6 7 119
24 40 19 23
24 41 25 110
24 74 49 46
24 42 32 220
24 47 17 158
24 18 52 229
24 22 46 277
24 55 27 101
24 62 55 97
25 34 11 78
25 3 31 79
25 4 23 51
25 38 43 7
25 71 37 44
25 73 7 95
25 74 25 205
25 12 14 118
25 14 4 236
25 15 19 281
25 78 28 36
25 23 1 255
26 64 9 10
26 33 19 183
26 3 37 79
26 38 7 91
26 70 11 98
26 12 22 143
26 29 25 27
26 50 2 118
26 22 46 267
26 57 34 238
26 58 32 87
26 61 15 139
27 33 37 240
27 2 28 111
27 67 15 106
27 37 43 41
27 11 23 103
27 12 25 102
27 76 7 246
27 13 55 107
27 75 40 106
27 80 31 131
27 24 1 248
27 59 20 269
28 65 19 132
28 41 29 181
28 74 26 193
28 75 1 173
28 16 38 78
28 49 11 242
28 52 8 117
28 23 22 41
28 56 17 286
28 58 34 85
28 59 4 35
28 63 13 270
29 66 25 85
29 4 7 144
29 36 9 55
29 8 29 159
29 43 31 20
29 75 19 299
29 78 22 288
29 46 4 266
29 19 13 98
29 20 34 49
29 21 1 90
29 27 37 247
30 65 7 22
30 33 22 21
30 34 20 93
30 3 37 118
30 38 1 111
30 40 28 292
30 73 14 273
30 13 25 278
30 23 33 255
30 56 3 230
30 28 31 65
30 62 43 50
31 32 4 56
31 4 35 70
31 39 43 67
31 12 22 67
31 16 55 120
31 17 1 199
31 53 7 66
31 24 31 183
31 26 25 93
31 31 13 67
31 29 19 287
31 63 49 185
32 32 16 6
32 69 34 108
32 73 28 88
32 74 10 220
32 45 37 126
32 79 5 280
32 18 19 63
32 56 31 76
32 25 22 62
32 26 43 60
32 61 1 27
32 63 55 185
33 64 9 233
33 4 11 51
33 8 7 102
33 41 25 8
33 10 19 160
33 49 13 233
33 52 31 70
33 20 4 213
33 55 44 128
33 56 34 11
33 60 1 189
33 30 21 133
34 34 41 114
34 4 35 36
34 38 22 46
34 71 11 116
34 11 4 238
34 14 16 169
34 78 1 262
34 18 19 86
34 19 43 152
34 20 13 137
34 50 55 17
34 56 26 173
35 36 58 14
35 37 25 41
35 69 37 176
35 70 4 92
35 40 40 2
35 41 47 8
35 43 16 237
35 75 13 97
35 45 1 18
35 53 43 251
35 22 22 267
35 30 31 133
36 36 50 116
36 7 19 57
36 71 7 125
36 72 43 12
36 39 25 199
36 76 37 81
36 13 4 177
36 18 15 219
36 20 1 137
36 58 13 230
36 60 55 135
36 31 31 112
37 65 49 131
37 7 55 26
37 9 7 136
37 41 11 58
37 14 52 165
37 48 16 87
37 17 19 67
37 50 25 206
37 19 37 244
37 52 13 56
37 18 1 196
37 30 44 187
38 67 29 74
38 36 5 55
38 37 1 123
38 69 10 119
38 39 19 296
38 10 53 99
38 14 22 209
38 80 55 11
38 19 13 244
38 20 34 103
38 56 32 147
38 57 25 2
39 72 11 171
39 41 35 181
39 74 13 26
39 42 43 208
39 44 16 235
39 28 23 248
39 21 19 264
39 22 1 267
39 24 25 195
39 26 37 109
39 27 7 204
39 60 4 135
40 66 16 58
40 38 22 161
40 39 13 145
40 8 4 181
40 9 32 175
40 43 19 237
40 77 25 21
40 15 7 34
40 49 11 83
40 21 29 90
40 54 52 282
40 23 1 25
41 33 13 108
41 34 35 3
41 35 9 216
41 3 27 170
41 4 4 147
41 70 51 150
41 73 37 95
41 9 23 136
41 42 45 58
41 44 1 219
41 46 7 266
41 19 19 234
42 33 19 139
42 7 31 162
42 44 11 11
42 13 22 22
42 46 35 18
42 19 7 152
42 20 13 206
42 22 40 267
42 54 17 21
42 56 5 27
42 26 49 252
42 61 2 290
43 65 13 100
43 34 5 109
43 36 23 55
43 70 37 150
43 7 19 94
43 11 17 238
43 43 25 47
43 13 10 183
43 47 35 72
43 25 7 82
43 27 31 22
43 61 39 27
44 2 34 52
44 5 5 16
44 70 11 49
44 71 21 102
44 43 31 237
44 46 29 266
44 15 13 194
44 47 19 72
44 79 1 201
44 20 37 213
44 58 23 230
44 62 7 158
45 33 13 21
45 34 8 16
45 36 29 55
45 40 10 23
45 42 43 57
45 12 25 82
45 77 16 263
45 14 19 184
45 47 5 158
45 20 37 3
45 27 1 61
45 60 58 135
46 32 8 274
46 34 11 113
46 39 13 128
46 40 16 64
46 74 37 205
46 13 34 34
46 14 25 11
46 80 49 11
46 21 5 90
46 24 1 272
46 57 28 103
46 29 46 27
47 65 37 100
47 2 13 14
47 69 43 297
47 10 5 89
47 19 32 234
47 52 49 70
47 53 19 195
47 23 16 224
47 26 25 214
47 27 55 31
47 61 1 211
47 30 8 133
48 34 21 5
48 6 31 53
48 72 23 171
48 40 34 143
48 41 13 58
48 12 1 161
48 76 49 81
48 46 11 266
48 15 44 281
48 51 4 260
48 55 7 294
48 63 26 113
49 33 49 169
49 3 13 136
49 72 45 12
49 10 59 19
49 43 52 237
49 47 11 221
49 15 7 178
49 50 19 118
49 20 1 171
49 25 25 50
49 60 4 189
49 30 38 45
50 38 13 161
50 40 25 38
50 47 5 206
50 18 19 80
50 51 7 174
50 52 40 19
50 53 43 252
50 21 15 13
50 56 10 76
50 57 22 106
50 58 17 19
50 31 1 234
51 64 29 161
51 65 16 22
51 66 31 77
51 67 11 90
51 69 37 68
51 71 23 129
51 8 13 159
51 46 2 266
51 47 4 6
51 23 7 255
51 55 19 122
51 29 25 114
52 35 19 283
52 38 23 196
52 8 5 279
52 42 37 208
52 11 8 103
52 75 1 116
52 76 31 197
52 78 25 135
52 20 43 49
52 23 10 122
52 30 14 187
52 63 49 15
53 34 13 81
53 39 16 110
53 72 27 171
53 76 7 42
53 45 40 126
53 14 44 209
53 47 29 196
53 18 31 73
53 53 50 24
53 22 4 277
53 57 1 103
53 28 11 80
54 64 7 28
54 68 4 132
54 72 41 12
54 43 9 237
54 11 47 52
54 45 43 70
54 78 58 34
54 47 28 237
54 17 25 96
54 18 19 82
54 20 14 171
54 25 1 151
55 39 16 43
55 41 11 259
55 74 13 90
55 42 1 281
55 44 5 142
55 45 43 100
55 18 40 63
55 51 19 243
55 20 31 103
55 54 29 143
55 26 25 104
55 61 8 213
56 64 8 104
56 6 45 101
56 59 58 35
56 10 5 79
56 43 55 237
56 13 10 107
56 45 37 30
56 80 22 131
56 52 13 52
56 25 16 2
56 26 1 14
56 27 25 31
57 66 43 27
57 67 1 275
57 9 29 136
57 43 7 47
57 15 3 96
57 17 10 64
57 18 13 210
57 21 17 291
57 57 20 192
57 28 47 5
57 25 25 62
57 31 56 129
58 33 19 21
58 2 22 14
58 35 31 283
58 66 37 148
58 72 35 171
58 9 17 102
58 13 4 105
58 45 52 70
58 47 1 263
58 53 13 34
58 56 29 122
58 31 7 112
59 8 19 212
59 9 5 84
59 41 21 110
59 14 13 169
59 16 56 294
59 18 43 63
59 19 26 244
59 57 37 155
59 58 10 85
59 27 1 95
59 61 7 39
59 63 32 270
60 34 11 53
60 67 25 171
60 35 21 33
60 72 53 13
60 75 7 203
60 44 13 142
60 48 1 75
60 20 32 171
60 53 3 215
60 26 43 71
60 27 49 75
60 30 57 45
61 34 23 16
61 4 53 20
61 40 1 38
61 41 4 235
61 10 7 89
61 76 9 81
61 12 19 109
61 46 51 266
61 47 31 6
61 14 13 238
61 50 33 196
61 23 25 25
62 69 10 298
62 42 25 281
62 76 13 249
62 79 29 4
62 80 55 224
62 48 5 245
62 49 17 217
62 22 58 277
62 55 32 101
62 26 49 253
62 29 7 139
62 31 1 156
63 36 17 55
63 70 23 49
63 10 19 44
63 47 53 52
63 48 21 205
63 50 56 30
63 61 25 219
63 63 37 115
63 24 13 248
63 26 9 214
63 29 43 76
63 31 1 112
64 3 15 162
64 68 28 132
64 69 4 176
64 6 31 1
64 39 25 43
64 73 8 88
64 12 1 138
64 44 11 142
64 45 40 70
64 19 55 98
64 21 13 70
64 23 49 41
65 65 46 100
65 71 5 221
65 40 56 64
65 74 52 46
65 76 25 246
65 47 9 70
65 16 13 294
65 18 19 83
65 19 37 152
65 55 31 227
65 25 22 50
65 59 1 169
66 34 1 251
66 3 25 83
66 4 11 73
66 68 46 132
66 8 17 37
66 43 4 47
66 76 49 117
66 77 22 149
66 15 7 80
66 53 13 24
66 26 31 60
66 63 55 298
67 4 9 58
67 36 11 55
67 5 37 192
67 39 52 43
67 8 23 37
67 41 7 259
67 76 13 222
67 47 29 73
67 20 4 43
67 21 43 13
67 25 19 149
67 61 1 139
68 64 11 1
68 37 19 271
68 40 25 23
68 42 37 281
68 44 17 222
68 15 7 281
68 17 28 252
68 51 1 180
68 53 31 192
68 21 23 152
68 26 13 293
69 3 25 123
69 67 29 173
69 69 19 159
69 71 5 42
69 40 13 64
69 39 37 102
69 74 10 67
69 80 1 131
69 48 23 87
69 51 16 180
69 25 7 50
69 62 55 148
70 64 49 78
70 71 5 113
70 43 55 47
70 77 25 265
70 78 10 299
70 79 23 5
70 49 7 249
70 18 13 9
70 56 28 62
70 59 16 71
70 30 1 187
70 63 37 117
71 33 37 61
71 2 20 168
71 3 27 29
71 5 5 192
71 11 23 166
71 47 17 72
71 19 8 234
71 53 13 215
71 54 41 141
71 56 1 60
71 26 31 59
71 62 44 35
72 65 25 44
72 34 23 89
72 35 32 179
72 69 13 283
72 70 28 150
72 40 19 2
72 10 7 138
72 78 10 7
72 15 49 96
72 49 5 22
72 51 37 34
72 25 1 232
73 35 50 33
73 4 25 51
73 37 13 280
73 70 11 150
73 38 17 90
73 71 22 125
73 77 19 138
73 18 1 198
73 21 27 203
73 55 37 84
73 26 7 212
73 29 4 146
74 65 4 117
74 35 26 138
74 38 16 75
74 6 31 194
74 11 19 103
74 45 1 30
74 78 9 180
74 17 21 167
74 24 37 116
74 58 7 87
74 60 46 189
74 29 13 76
75 36 17 116
75 37 9 184
75 44 23 25
75 14 4 46
75 46 57 18
75 16 13 260
75 17 28 137
75 21 7 70
75 54 2 91
75 23 25 122
75 30 19 45
75 63 31 115
76 64 1 28
76 66 55 20
76 34 13 92
76 69 10 68
76 6 22 225
76 8 15 166
76 74 28 46
76 12 25 252
76 47 17 81
76 50 43 17
76 21 3 90
76 30 37 133
77 5 3 124
77 71 5 198
77 74 9 193
77 78 13 7
77 46 46 18
77 15 19 194
77 17 25 137
77 49 23 249
77 79 1 20
77 57 16 155
77 27 31 61
77 28 7 1
78 5 25 124
78 38 23 75
78 71 17 230
78 8 11 102
78 37 7 197
78 42 49 208
78 18 27 272
78 52 37 239
78 55 31 26
78 26 1 59
78 62 19 158
78 31 13 129
79 66 14 85
79 67 7 172
79 3 19 75
79 36 5 116
79 10 23 148
79 11 17 52
79 12 31 228
79 15 49 34
79 80 34 156
79 52 25 56
79 55 9 169
79 28 2 6
80 66 40 160
80 67 5 139
80 3 15 29
80 70 31 98
80 71 13 221
80 40 7 2
80 72 25 13
80 41 1 58
80 16 21 120
80 49 3 229
80 80 10 156
80 58 19 238
81 34 11 89
81 36 52 55
81 40 22 23
81 73 19 92
81 10 15 138
81 11 13 166
81 14 49 273
81 50 38 283
81 52 27 54
81 23 7 297
81 55 32 213
81 57 2 130
82 65 25 117
82 2 16 281
82 41 23 247
82 42 31 208
82 44 7 145
82 77 9 54
82 14 37 59
82 55 49 217
82 22 43 277
82 23 13 41
82 59 55 196
82 30 1 45
83 68 34 132
83 5 5 243
83 71 9 175
83 44 41 49
83 47 13 237
83 80 31 156
83 50 19 99
83 18 25 34
83 21 7 105
83 23 28 288
83 57 55 121
83 61 1 72
84 32 7 56
84 8 13 116
84 42 55 12
84 12 15 82
84 45 46 70
84 77 37 21
84 15 19 178
84 76 31 81
84 21 10 13
84 25 28 50
84 59 25 77
84 31 1 129
85 64 11 229
85 33 28 139
85 2 25 141
85 3 38 83
85 11 5 191
85 17 50 38
85 19 13 234
85 30 7 45
85 24 43 116
85 25 2 126
85 26 31 109
85 62 19 148
86 32 37 42
86 65 43 44
86 2 31 42
86 73 34 273
86 74 40 26
86 75 1 297
86 76 19 222
86 20 25 3
86 54 5 267
86 56 11 60
86 27 49 31
86 30 14 133
87 65 34 131
87 66 55 14
87 4 10 36
87 74 46 212
87 43 49 257
87 47 20 221
87 79 22 27
87 17 31 38
87 18 16 9
87 50 25 33
87 55 1 128
87 24 37 248
88 32 7 200
88 33 4 149
88 71 35 129
88 78 43 72
88 15 55 236
88 16 31 260
88 19 19 98
88 20 37 291
88 21 2 264
88 55 25 60
88 23 10 255
88 59 16 35
89 33 25 53
89 4 4 175
89 37 8 268
89 7 39 250
89 43 28 47
89 75 55 13
89 46 33 18
89 78 43 59
89 80 19 131
89 17 1 212
89 22 49 277
89 63 13 113
90 35 25 293
90 68 43 132
90 71 29 44
90 72 37 13
90 41 23 8
90 12 32 82
90 47 7 73
90 80 16 131
90 18 46 9
90 52 1 68
90 55 19 227
90 62 9 265
91 64 52 1
91 65 49 104
91 34 17 3
91 35 43 139
91 36 32 14
91 37 13 232
91 38 1 256
91 13 22 34
91 19 56 152
91 52 19 54
91 53 3 251
91 61 26 39
92 34 43 89
92 68 13 132
92 58 31 230
92 71 7 30
92 9 29 84
92 17 50 67
92 53 33 215
92 21 16 264
92 23 10 41
92 25 1 260
92 26 25 266
92 62 19 35
93 4 41 20
93 7 37 164
93 8 25 37
93 72 32 13
93 10 2 160
93 13 13 151
93 46 4 63
93 51 46 44
93 54 19 38
93 24 27 116
93 27 21 31
93 29 43 5
94 66 37 50
94 5 11 243
94 75 1 205
94 12 40 102
94 45 19 30
94 16 43 19
94 80 7 156
94 50 13 146
94 52 50 222
94 54 5 99
94 56 29 245
94 24 31 248
95 65 4 153
95 4 19 20
95 5 28 124
95 6 7 123
95 42 21 177
95 75 25 188
95 45 49 30
95 15 43 236
95 18 37 9
95 51 10 47
95 21 2 190
95 63 13 185
96 2 50 52
96 3 8 217
96 37 19 123
96 69 16 283
96 39 46 30
96 71 53 30
96 42 25 220
96 75 31 151
96 13 13 179
96 15 55 178
96 61 1 145
96 63 37 121
97 64 40 10
97 36 31 55
97 37 13 184
97 10 29 188
97 42 19 58
97 13 52 277
97 16 55 84
97 48 7 205
97 53 33 276
97 55 25 84
97 27 43 31
97 63 2 71
98 37 55 8
98 70 25 150
98 71 19 113
98 27 49 4
98 41 11 181
98 42 37 57
98 13 4 107
98 80 7 131
98 56 41 245
98 59 1 56
98 30 27 133
98 63 13 15
99 3 13 154
99 68 7 165
99 43 43 257
99 44 5 25
99 46 53 18
99 16 19 276
99 22 34 277
99 55 37 60
99 54 11 21
99 59 2 148
99 60 55 189
99 31 25 49
100 66 10 95
100 67 7 198
100 69 40 159
100 6 16 101
100 8 4 166
100 40 31 23
100 44 29 35
100 14 13 11
100 51 34 76
100 19 19 152
100 23 1 122
100 60 37 135
101 64 5 1
101 65 40 219
101 3 31 136
101 36 13 55
101 71 49 44
101 77 7 250
101 17 37 70
101 52 10 196
101 53 19 201
101 25 46 242
101 30 15 45
101 63 1 162
102 35 7 209
102 7 31 51
102 40 16 38
102 41 1 8
102 74 37 227
102 43 52 257
102 10 49 79
102 72 29 171
102 79 14 38
102 21 4 204
102 22 25 277
102 31 43 190
103 2 10 141
103 35 37 53
103 4 4 36
103 69 7 298
103 74 34 75
103 14 16 115
103 80 19 11
103 49 27 140
103 51 1 47
103 20 13 3
103 53 43 24
103 29 31 207
104 68 34 254
104 39 31 296
104 42 38 58
104 10 19 188
104 76 43 96
104 18 1 82
104 30 50 187
104 55 25 26
104 23 10 25
104 27 55 4
104 62 13 265
104 63 21 115
105 66 22 85
105 4 13 36
105 7 43 94
105 8 20 193
105 43 34 47
105 76 49 8
105 75 37 93
105 28 56 299
105 17 58 67
105 50 7 282
105 49 1 53
105 60 28 135
106 64 17 194
106 68 7 254
106 38 50 7
106 9 3 136
106 73 13 88
106 13 52 278
106 14 22 236
106 47 19 52
106 50 31 30
106 57 44 55
106 58 1 230
106 28 5 145
107 33 28 21
107 40 40 64
107 73 25 147
107 74 37 67
107 78 52 72
107 15 7 194
107 47 5 275
107 49 11 70
107 50 13 268
107 57 22 155
107 27 43 61
107 29 2 221
108 32 32 92
108 73 22 88
108 41 17 8
108 75 7 173
108 47 20 73
108 16 44 166
108 49 1 168
108 52 4 196
108 58 13 19
108 60 49 189
108 30 27 45
108 31 37 49
109 65 7 219
109 37 15 123
109 70 13 150
109 73 10 92
109 74 1 26
109 45 43 18
109 80 46 11
109 24 25 183
109 58 4 106
109 27 19 174
109 60 31 135
109 30 56 133
110 6 16 53
110 71 25 116
110 38 47 14
110 41 13 259
110 45 27 164
110 28 22 54
110 49 10 121
110 51 1 179
110 22 55 267
110 55 31 261
110 25 58 221
110 60 7 135
111 64 11 194
111 4 17 51
111 6 44 1
111 7 25 94
111 41 41 8
111 77 34 153
111 79 5 201
111 15 13 80
111 53 7 24
111 27 1 3
111 60 31 189
111 29 20 78
112 69 27 108
112 7 32 159
112 12 7 92
112 79 13 40
112 80 50 156
112 52 19 68
112 21 15 204
112 54 11 38
112 53 37 131
112 26 1 93
112 28 25 119
112 30 44 45
113 33 43 177
113 35 19 179
113 69 10 159
113 7 13 190
113 43 49 20
113 44 23 35
113 76 25 267
113 15 31 119
113 48 5 75
113 20 40 3
113 22 7 277
113 60 46 135
114 2 22 52
114 67 7 169
114 4 28 51
114 37 37 263
114 38 35 46
114 66 32 58
114 36 5 14
114 73 52 297
114 74 13 156
114 12 25 109
114 80 19 156
114 26 1 292
115 64 4 161
115 35 31 24
115 69 8 60
115 70 23 150
115 6 16 254
115 39 13 199
115 40 1 2
115 77 28 162
115 45 25 18
115 18 40 9
115 22 37 267
115 55 19 285
116 32 7 177
116 6 21 111
116 9 11 136
116 42 33 12
116 75 16 299
116 11 1 12
116 45 40 30
116 46 31 18
116 43 13 20
116 48 19 245
116 20 4 103
116 63 49 29
117 2 13 292
117 66 16 27
117 68 1 132
117 67 4 171
117 10 7 44
117 74 25 158
117 16 49 121
117 19 43 244
117 24 21 116
117 25 9 100
117 26 37 214
117 30 32 45
118 35 49 22
118 58 1 87
118 40 40 23
118 73 34 291
118 42 55 57
118 17 43 38
118 18 13 83
118 51 16 179
118 52 10 56
118 53 3 74
118 21 7 300
118 26 19 71
119 68 25 165
119 5 28 16
119 58 11 19
119 73 49 88
119 42 31 177
119 47 4 70
119 18 19 87
119 54 17 65
119 26 13 62
119 59 1 89
119 60 22 189
119 30 7 187
120 33 25 61
120 35 19 64
120 38 11 14
120 43 1 237
120 46 28 63
120 48 5 87
120 16 7 126
120 19 55 234
120 20 13 201
120 53 37 24
120 55 49 60
120 59 16 56
121 35 1 216
121 71 41 129
121 11 17 12
121 44 5 93
121 45 19 8
121 78 34 7
121 79 37 177
121 19 43 98
121 57 31 139
121 26 56 184
121 28 15 1
121 30 26 187
122 3 7 162
122 37 50 184
122 38 11 75
122 9 13 102
122 42 15 57
122 79 38 4
122 49 23 214
122 18 4 82
122 21 32 247
122 53 19 24
122 23 1 288
122 29 25 65
123 66 40 148
123 7 19 51
123 41 23 259
123 45 28 18
123 16 32 120
123 52 7 93
123 20 16 120
123 22 10 277
123 23 13 255
123 56 5 76
123 58 3 85
123 28 25 1
124 64 21 1
124 75 31 93
124 11 7 52
124 49 19 70
124 61 13 39
124 52 16 68
124 22 43 267
124 56 4 30
124 58 46 85
124 29 28 27
124 62 9 191
124 31 56 112
125 64 13 1
125 69 15 176
125 39 4 296
125 9 29 102
125 41 31 8
125 11 11 52
125 77 19 162
125 47 34 237
125 18 26 73
125 51 52 17
125 59 1 220
125 61 8 27
126 64 15 10
126 32 31 256
126 66 28 261
126 70 35 98
126 71 17 284
126 43 19 47
126 14 4 110
126 18 1 86
126 52 25 239
126 22 49 267
126 62 7 148
127 34 19 3
127 67 11 5
127 68 31 254
127 36 15 55
127 70 35 92
127 4 47 20
127 73 7 273
127 74 4 8
127 43 37 257
127 30 50 133
127 29 1 146
127 62 25 97
128 67 49 106
128 3 25 75
128 69 7 108
128 40 16 143
128 8 19 37
128 10 11 99
128 45 40 18
128 13 13 107
128 18 4 73
128 50 31 89
128 52 1 54
128 62 43 97
129 33 22 139
129 68 19 165
129 69 16 60
129 36 29 14
129 7 25 159
129 77 4 21
129 78 31 7
129 61 13 165
129 23 43 25
129 56 7 25
129 26 49 35
129 29 1 181
130 2 49 193
130 69 4 108
130 73 10 297
130 59 1 147
130 43 22 257
130 75 52 151
130 42 27 58
130 80 16 156
130 23 38 41
130 56 19 167
130 27 55 3
130 62 31 191
131 35 50 223
131 5 31 262
131 38 13 256
131 39 33 128
131 10 19 284
131 43 40 47
131 74 9 199
131 49 7 214
131 17 28 96
131 21 23 190
131 59 15 189
131 30 2 133
132 6 40 1
132 71 7 221
132 42 31 57
132 74 9 231
132 12 28 121
132 46 49 19
132 51 4 282
132 55 21 101
132 23 16 288
132 25 25 17
132 58 19 106
132 61 1 39
133 2 7 141
133 3 49 259
133 67 5 173
133 8 1 37
133 73 19 88
133 9 10 84
133 40 34 2
133 12 38 202
133 46 31 19
133 50 25 268
133 54 17 33
133 55 13 213
134 32 40 206
134 3 20 154
134 69 7 176
134 6 49 1
134 37 13 144
134 70 17 150
134 41 1 235
134 10 35 227
134 45 37 18
134 46 26 63
134 79 11 4
134 27 31 4
135 34 7 83
135 3 25 136
135 68 16 132
135 69 13 298
135 5 1 192
135 58 9 87
135 77 43 33
135 15 19 275
135 48 3 245
135 23 37 288
135 26 33 293
136 67 39 5
136 72 45 13
136 43 22 20
136 79 11 40
136 16 7 19
136 80 19 224
136 18 1 73
136 21 16 70
136 23 28 25
136 58 4 19
136 59 13 77
136 28 43 54
137 65 43 212
137 34 25 78
137 67 27 5
137 33 13 53
137 35 7 293
137 38 17 7
137 5 23 124
137 11 11 256
137 29 4 114
137 52 49 68
137 57 1 166
137 61 20 219
138 32 43 42
138 66 31 34
138 3 37 123
138 5 17 262
138 70 29 49
138 7 25 225
138 79 19 33
138 17 46 38
138 19 13 152
138 24 7 195
138 28 22 172
138 62 1 252
139 32 13 42
139 66 55 48
139 35 27 216
139 37 3 20
139 7 37 51
139 14 7 118
139 50 49 89
139 18 16 86
139 51 19 34
139 55 43 217
139 23 10 224
139 63 31 15
140 64 37 10
140 2 40 293
140 35 1 98
140 5 5 124
140 71 11 30
140 11 17 74
140 15 32 96
140 16 55 19
140 80 43 11
140 54 9 171
140 57 28 233
140 58 7 85
141 33 13 61
141 34 49 16
141 70 47 98
141 7 7 94
141 76 19 246
141 77 40 16
141 12 4 102
141 44 11 235
141 15 43 178
141 17 26 67
141 56 23 245
141 58 2 238
142 65 31 100
142 37 9 8
142 9 1 175
142 11 7 12
142 15 3 34
142 48 19 205
142 18 28 286
142 22 34 267
142 55 13 217
142 57 25 22
142 26 43 48
142 63 55 15
143 32 50 6
143 69 10 154
143 44 4 49
143 13 13 278
143 47 19 6
143 50 31 17
143 18 25 9
143 52 1 110
143 53 37 66
143 59 7 36
143 60 16 135
143 30 43 133
144 32 49 56
144 65 19 153
144 67 55 198
144 36 16 128
144 69 57 166
144 73 13 95
144 74 1 193
144 10 10 79
144 13 40 7
144 18 22 109
144 55 26 294
144 61 4 164
145 33 31 148
145 66 13 35
145 35 25 19
145 38 22 7
145 70 5 150
145 8 19 181
145 9 1 136
145 75 16 97
145 80 7 11
145 48 3 75
145 59 10 147
145 29 34 231
146 68 3 188
146 70 1 49
146 76 19 117
146 78 10 127
146 46 23 18
146 50 13 282
146 21 17 13
146 55 31 294
146 56 56 293
146 57 38 292
146 58 8 106
146 62 25 35
147 34 43 83
147 3 37 154
147 5 11 124
147 73 16 95
147 44 28 11
147 78 34 117
147 80 13 131
147 20 25 103
147 21 1 152
147 22 31 267
147 56 21 25
147 62 7 97
148 34 23 53
148 68 38 132
148 69 7 68
148 6 43 225
148 40 28 64
148 74 31 289
148 76 19 42
148 77 16 54
148 48 34 205
148 17 10 247
148 19 49 152
148 26 1 239
149 33 1 108
149 66 15 181
149 5 7 124
149 41 19 235
149 11 43 276
149 46 13 63
149 49 35 229
149 52 22 19
149 20 10 103
149 24 31 121
149 57 4 2
149 29 38 43
150 5 1 124
150 6 10 16
150 10 34 44
150 11 23 74
150 44 13 93
150 45 28 30
150 48 8 270
150 49 3 28
150 53 19 66
150 26 15 266
150 28 25 5
150 62 38 35
151 71 11 240
151 8 5 37
151 76 27 8
151 45 22 30
151 78 37 7
151 15 31 275
151 16 13 122
151 14 40 46
151 18 43 9
151 53 7 192
151 54 17 160
151 55 1 261
152 33 13 130
152 4 25 20
152 38 16 177
152 40 7 64
152 72 19 12
152 10 10 138
152 43 22 237
152 14 40 291
152 24 1 15
152 25 31 2
152 58 29 19
152 57 43 103
153 2 7 111
153 70 23 98
153 74 46 26
153 43 31 47
153 12 19 19
153 78 34 180
153 79 37 6
153 80 43 156
153 51 10 258
153 55 55 285
153 24 49 183
153 26 27 48
154 3 19 74
154 38 28 91
154 43 7 257
154 45 25 100
154 77 31 149
154 79 34 27
154 47 11 6
154 13 13 135
154 46 23 63
154 51 16 17
154 48 1 245
154 63 3 115
155 33 4 167
155 35 19 53
155 36 11 128
155 4 9 51
155 67 41 5
155 69 25 154
155 8 23 102
155 41 7 110
155 42 43 220
155 76 13 246
155 45 38 8
155 78 1 127
156 2 55 42
156 34 17 251
156 66 28 89
156 71 9 136
156 40 13 174
156 41 7 8
156 74 37 75
156 7 31 9
156 43 43 20
156 79 1 279
156 22 58 267
156 23 46 224
157 7 19 146
157 75 28 13
157 45 4 100
157 14 10 46
157 79 35 4
157 48 8 232
157 19 49 244
157 20 43 43
157 21 23 97
157 22 16 267
157 58 2 106
157 28 39 6
158 33 19 130
158 34 3 16
158 67 27 275
158 35 15 209
158 69 31 68
158 70 5 98
158 11 41 52
158 15 37 80
158 49 1 22
158 56 25 76
158 58 13 106
158 28 50 5
159 34 15 5
159 3 19 290
159 2 34 292
159 68 1 165
159 6 4 111
159 12 25 161
159 46 23 266
159 79 13 27
159 51 7 260
159 19 44 234
159 25 28 2
159 57 52 2
160 64 34 10
160 32 19 41
160 3 44 75
160 4 15 36
160 8 7 37
160 10 5 44
160 11 1 295
160 77 52 21
160 79 17 4
160 51 31 258
160 21 3 23
160 25 26 151
161 32 16 42
161 34 5 81
161 68 37 165
161 73 31 88
161 75 34 203
161 15 1 80
161 51 49 17
161 20 52 3
161 55 26 213
161 54 22 282
161 22 55 277
161 63 9 15
162 67 20 280
162 68 28 165
162 4 13 170
162 71 22 113
162 40 7 143
162 73 31 265
162 74 46 67
162 46 15 18
162 47 1 70
162 49 41 22
162 61 4 72
162 31 49 234
163 65 13 117
163 2 2 141
163 38 16 295
163 7 31 94
163 71 41 125
163 41 5 259
163 42 50 57
163 47 29 52
163 54 7 33
163 25 55 163
163 61 21 72
163 31 37 129
164 44 53 93
164 13 21 107
164 14 13 31
164 15 26 178
164 16 32 172
164 45 7 164
164 18 4 86
164 53 37 74
164 56 16 11
164 25 10 50
164 28 19 172
164 61 55 102
165 70 49 92
165 77 31 16
165 48 5 205
165 17 19 294
165 50 25 90
165 20 7 49
165 22 22 277
165 23 13 25
165 25 10 62
165 29 16 76
165 30 51 45
165 63 1 113
166 65 22 100
166 2 38 234
166 68 49 132
166 73 13 147
166 74 4 289
166 11 19 191
166 43 16 20
166 76 43 8
166 57 1 43
166 59 25 99
166 61 10 72
166 30 32 187
167 4 59 226
167 70 15 92
167 39 49 80
167 6 34 16
167 79 23 201
167 15 43 80
167 17 8 38
167 50 3 219
167 21 1 23
167 22 40 277
167 30 55 187
167 31 25 190
168 65 22 212
168 2 10 111
168 4 17 147
168 68 7 188
168 72 4 13
168 42 13 208
168 79 44 6
168 19 55 244
168 22 19 267
168 58 41 85
168 59 1 35
168 60 25 189
169 64 4 10
169 66 10 48
169 72 31 12
169 42 25 57
169 10 23 79
169 46 17 63
169 22 1 277
169 55 37 128
169 24 13 121
169 56 34 25
169 29 7 74
169 31 19 129
170 67 35 5
170 37 37 52
170 6 1 119
170 70 17 49
170 40 28 23
170 74 31 158
170 76 56 197
170 16 13 84
170 54 5 33
170 59 49 62
170 28 9 6
170 63 19 18
171 66 7 48
171 37 13 49
171 38 19 7
171 40 31 143
171 8 53 212
171 10 17 247
171 43 25 237
171 11 39 12
171 12 21 145
171 74 1 84
171 73 4 88
171 60 28 189
172 4 5 51
172 69 31 204
172 6 27 119
172 7 55 22
172 27 49 108
172 41 59 8
172 20 22 12
172 54 7 54
172 23 37 122
172 25 19 62
172 26 43 4
172 59 1 222
173 2 46 42
173 71 16 44
173 42 49 58
173 10 4 138
173 13 13 22
173 14 1 114
173 22 10 267
173 23 43 122
173 58 34 106
173 27 19 95
173 29 31 5
173 30 38 187
174 64 4 233
174 3 49 123
174 35 19 272
174 6 34 1
174 7 37 190
174 72 59 12
174 42 25 12
174 18 46 73
174 52 1 21
174 53 13 66
174 23 7 224
174 60 43 135
175 65 13 119
175 67 41 74
175 4 17 36
175 39 4 119
175 7 21 9
175 31 56 49
175 47 1 52
175 20 10 12
175 23 31 41
175 25 7 149
175 28 19 5
175 63 37 29
176 65 25 131
176 66 34 14
176 67 1 74
176 68 4 254
176 70 37 92
176 40 16 23
176 11 29 12
176 76 50 42
176 15 19 119
176 54 14 91
176 57 10 2
176 29 31 27
177 64 13 10
177 67 37 171
177 36 17 14
177 4 3 58
177 5 5 45
177 40 44 23
177 42 50 177
177 75 19 173
177 46 1 19
177 16 7 78
177 27 31 3
177 29 25 146
178 65 51 44
178 34 43 3
178 26 7 14
178 3 31 29
178 38 29 234
178 7 45 51
178 51 19 17
178 19 37 98
178 24 25 15
178 56 3 60
178 59 13 73
178 28 1 1
179 2 40 42
179 37 25 184
179 40 37 38
179 75 7 35
179 28 13 5
179 14 58 11
179 19 31 244
179 54 5 64
179 55 20 26
179 60 43 189
179 62 1 97
179 63 49 115
180 32 21 6
180 4 35 58
180 71 15 126
180 8 27 37
180 11 13 103
180 15 49 194
180 49 25 45
180 52 43 26
180 21 38 23
180 24 7 285
180 59 32 78
180 61 1 164
181 6 56 1
181 71 11 42
181 73 40 147
181 76 43 15
181 77 37 16
181 78 7 72
181 79 21 262
181 19 25 234
181 52 4 26
181 53 31 165
181 29 1 76
181 31 49 49
182 26 55 104
182 67 26 16
182 35 7 4
182 6 13 16
182 39 34 296
182 78 28 109
182 15 39 119
182 79 37 161
182 56 19 147
182 57 16 174
182 58 32 85
182 27 1 99
183 3 25 236
183 4 11 20
183 36 20 128
183 39 43 296
183 12 4 67
183 46 7 63
183 78 40 72
183 49 35 22
183 52 22 93
183 21 13 126
183 23 37 25
183 29 1 5
184 32 19 200
184 39 25 80
184 11 11 166
184 12 3 78
184 77 16 16
184 52 43 21
184 20 13 291
184 22 37 277
184 56 22 250
184 25 49 100
184 27 7 31
184 63 31 46
185 34 4 53
185 68 22 132
185 69 19 60
185 70 25 92
185 39 46 296
185 38 28 7
185 43 1 257
185 15 49 281
185 16 13 78
185 17 55 67
185 25 31 50
185 60 34 135
186 64 44 28
186 34 23 175
186 3 13 79
186 6 52 101
186 7 9 9
186 71 7 129
186 41 47 13
186 22 31 277
186 23 49 25
186 59 37 73
186 60 19 135
186 63 25 115
187 64 7 140
187 65 28 100
187 3 9 218
187 4 23 36
187 7 2 9
187 8 31 37
187 72 37 12
187 53 19 151
187 23 25 288
187 24 13 269
187 25 33 232
187 60 40 135
188 3 50 83
188 36 15 116
188 37 39 184
188 5 13 262
188 7 55 9
188 68 1 254
188 79 37 5
188 49 11 22
188 21 4 152
188 55 7 101
188 58 19 85
188 28 17 41
189 65 50 212
189 2 3 52
189 68 16 165
189 41 53 8
189 13 40 34
189 48 10 190
189 53 25 24
189 22 13 267
189 23 7 41
189 58 1 85
189 31 19 49
189 63 33 19
190 3 13 8
190 36 47 116
190 37 26 144
190 6 4 101
190 68 33 188
190 79 31 161
190 15 7 96
190 17 1 64
190 56 22 159
190 27 51 61
190 60 19 189
190 63 43 113
191 66 49 14
191 67 4 5
191 39 25 30
191 43 16 257
191 44 41 93
191 15 55 80
191 48 7 245
191 18 31 44
191 24 43 121
191 27 37 31
191 28 9 1
191 30 19 187
192 34 13 189
192 36 26 14
192 39 46 102
192 72 49 13
192 77 21 4
192 14 3 11
192 13 43 22
192 21 15 203
192 55 31 84
192 27 8 3
192 28 1 299
192 62 37 158
193 66 4 48
193 67 31 74
193 40 34 38
193 74 55 75
193 45 40 100
193 15 43 119
193 49 11 140
193 18 16 26
193 20 19 43
193 23 28 224
193 60 1 135
193 29 13 192
194 32 13 6
194 64 11 10
194 4 9 20
194 38 7 84
194 74 37 222
194 77 21 44
194 47 29 72
194 16 55 217
194 49 1 83
194 50 32 118
194 52 16 196
194 55 25 128
195 33 1 167
195 35 37 22
195 68 7 132
195 10 17 92
195 76 26 42
195 48 23 270
195 18 46 210
195 55 49 122
195 57 19 22
195 26 13 4
195 59 31 36
195 28 59 44
196 64 3 33
196 65 16 100
196 34 45 3
196 3 25 74
196 67 31 106
196 69 49 297
196 41 19 120
196 74 10 161
196 46 7 18
196 16 21 121
196 49 5 284
196 18 13 205
197 32 7 90
197 68 43 188
197 39 22 43
197 73 1 88
197 79 19 145
197 18 37 26
197 19 50 98
197 20 4 12
197 53 25 66
197 56 55 268
197 28 11 18
197 62 14 50
198 33 10 61
198 2 4 211
198 68 22 188
198 74 19 231
198 75 31 97
198 78 7 186
198 16 25 217
198 52 52 19
198 20 49 12
198 22 16 277
198 60 34 189
198 29 1 208
199 5 1 243
199 7 13 51
199 71 3 44
199 39 49 296
199 10 38 19
199 12 40 67
199 14 52 59
199 79 26 4
199 50 9 33
199 56 7 159
199 27 31 99
199 29 19 76
200 34 46 109
200 38 1 7
200 39 43 30
200 74 57 71
200 12 32 67
200 77 10 151
200 60 50 135
200 46 55 18
200 19 26 98
200 22 7 267
200 25 13 17
200 28 3 1
Điểm tối ưu: 2397
Thời gian: 1000535.16 ms
Trạng thái: FEASIBLE
