553
1 4 1 39
1 6 3 43
1 9 16 51
1 11 57 66
1 13 33 43
1 15 10 67
1 16 31 3
1 17 19 27
1 19 7 7
1 20 13 58
2 3 58 61
2 4 23 39
2 7 9 17
2 9 19 51
2 10 49 73
2 13 5 23
2 14 1 18
2 15 11 69
2 16 7 66
2 17 31 11
2 18 37 51
2 20 16 14
3 2 25 33
3 3 55 61
3 4 7 30
3 5 21 54
3 6 28 43
3 9 13 51
3 10 50 20
3 11 31 46
3 14 9 18
3 18 37 50
4 2 28 19
4 4 39 30
4 6 46 74
4 9 22 51
4 11 1 36
4 13 25 3
4 14 13 18
4 16 37 66
4 17 7 11
4 18 34 51
4 19 31 1
5 2 22 33
5 3 40 54
5 4 19 39
5 6 1 74
5 7 29 17
5 9 58 51
5 10 43 49
5 13 9 23
5 16 47 3
5 18 4 42
5 19 49 48
6 3 32 54
6 4 21 30
6 5 53 34
6 6 55 43
6 7 27 17
6 8 43 26
6 9 9 51
6 11 49 66
6 12 37 69
6 13 3 23
6 15 29 67
6 19 13 7
7 4 19 43
7 7 11 21
7 9 46 51
7 10 7 20
7 11 13 66
7 13 21 23
7 14 49 56
7 16 25 2
7 17 1 27
7 20 17 16
8 2 16 19
8 3 57 54
8 4 3 39
8 5 39 34
8 12 43 69
8 14 19 18
8 16 51 17
8 18 7 51
8 19 10 1
8 20 14 14
9 2 52 19
9 3 34 61
9 4 29 39
9 6 22 43
9 7 13 17
9 8 37 26
9 9 1 51
9 11 55 36
9 12 7 55
9 14 25 18
9 19 19 7
9 20 4 16
10 4 41 43
10 5 51 34
10 6 28 74
10 7 13 21
10 10 55 73
10 11 43 66
10 13 7 3
10 14 32 56
10 16 9 3
10 18 17 42
11 2 43 33
11 5 25 34
11 6 4 74
11 7 21 17
11 8 15 21
11 9 31 70
11 10 37 73
11 13 7 43
11 15 49 67
11 18 13 71
11 20 53 14
12 2 37 33
12 4 35 39
12 5 27 34
12 10 7 73
12 13 11 3
12 15 3 67
12 16 13 2
12 18 15 42
12 20 19 16
13 2 19 19
13 4 31 43
13 5 33 34
13 8 25 26
13 9 4 51
13 10 38 49
13 12 50 55
13 13 59 3
13 14 55 18
13 17 15 27
13 19 44 48
13 20 1 31
14 2 31 33
14 4 55 39
14 6 49 43
14 7 7 50
14 9 52 51
14 10 57 49
14 12 25 69
14 13 34 23
14 16 5 3
14 19 1 1
14 20 11 14
15 3 13 54
15 5 47 54
15 6 16 74
15 9 28 70
15 14 1 56
15 15 23 67
15 16 25 17
15 17 37 27
15 18 33 42
15 19 43 1
15 20 9 58
16 5 25 54
16 7 19 54
16 8 27 21
16 9 31 51
16 10 13 73
16 11 49 36
16 14 57 15
16 16 23 2
16 17 7 27
16 18 53 42
16 19 1 7
17 2 1 33
17 3 37 61
17 6 22 74
17 9 27 51
17 11 49 46
17 13 33 3
17 14 13 56
17 15 47 69
17 18 11 50
17 19 4 12
17 20 17 17
18 3 46 61
18 5 23 54
18 6 52 74
18 8 7 26
18 9 40 70
18 11 26 46
18 13 13 23
18 14 19 15
18 15 31 67
18 16 43 3
18 17 1 11
18 18 5 49
19 3 16 61
19 4 26 30
19 7 39 50
19 10 1 73
19 11 8 46
19 12 19 55
19 13 37 3
19 15 33 67
19 18 5 71
19 19 28 7
20 2 28 33
20 5 8 34
20 6 58 34
20 7 33 17
20 8 19 21
20 9 4 70
20 13 39 43
20 15 25 67
20 18 11 42
20 19 15 48
20 20 13 16
21 2 16 33
21 4 31 30
21 5 29 34
21 8 37 21
21 10 1 20
21 11 19 36
21 13 41 3
21 15 7 67
21 16 47 66
21 17 25 11
21 18 11 71
22 3 4 61
22 4 11 39
22 5 31 34
22 7 47 21
22 9 34 70
22 10 43 73
22 14 37 18
22 15 15 67
22 18 9 71
22 19 25 48
22 20 1 58
23 2 10 33
23 5 41 34
23 7 19 50
23 8 3 21
23 10 55 20
23 11 27 36
23 16 17 2
23 17 49 27
23 18 25 42
23 19 22 12
23 20 13 31
24 2 46 33
24 3 52 54
24 4 33 39
24 6 43 43
24 11 25 66
24 12 55 69
24 14 7 56
24 17 13 11
24 18 49 51
24 19 1 12
24 20 5 14
25 2 19 33
25 3 52 61
25 4 5 30
25 6 46 43
25 7 13 50
25 12 31 69
25 13 7 23
25 16 27 3
25 18 22 42
25 19 1 48
26 4 35 43
26 6 37 74
26 7 1 21
26 10 25 49
26 11 43 46
26 13 19 23
26 15 13 15
26 16 5 66
26 18 31 42
27 2 40 19
27 4 3 30
27 7 11 17
27 8 43 21
27 10 33 73
27 11 19 46
27 16 31 2
27 18 5 50
27 19 14 1
27 20 9 54
28 3 31 61
28 4 1 30
28 6 22 34
28 8 13 26
28 9 43 51
28 12 25 55
28 13 51 3
28 15 49 15
28 16 17 3
28 18 34 50
28 19 4 7
28 20 19 14
29 3 7 61
29 4 1 43
29 5 37 34
29 6 13 74
29 8 55 21
29 9 10 70
29 10 31 20
29 11 39 36
29 12 49 69
29 13 17 23
29 14 25 56
29 17 43 27
30 2 1 19
30 4 41 30
30 5 43 54
30 6 4 34
30 7 15 50
30 10 31 49
30 11 7 36
30 12 37 55
30 14 56 56
30 15 27 67
30 16 21 3
30 18 45 50
31 5 13 34
31 6 7 74
31 9 19 70
31 10 1 49
31 11 38 46
31 12 55 55
31 13 11 23
31 15 17 67
31 17 43 11
31 18 35 49
31 20 15 16
32 3 40 61
32 4 16 39
32 5 55 34
32 6 13 43
32 7 9 50
32 14 43 56
32 15 1 67
32 16 23 66
32 17 19 11
32 18 3 50
32 20 5 31
33 2 7 33
33 3 43 61
33 4 57 30
33 5 37 54
33 6 25 74
33 9 1 70
33 10 19 20
33 13 13 3
33 14 49 18
33 20 23 14
34 2 43 19
34 4 37 43
34 6 58 43
34 7 29 50
34 8 1 26
34 11 49 2
34 13 15 23
34 14 7 15
34 15 5 15
34 17 25 27
34 18 22 50
34 19 34 48
35 2 34 33
35 5 49 54
35 6 19 34
35 7 31 17
35 9 22 70
35 11 56 46
35 12 7 69
35 13 15 3
35 14 27 15
35 18 25 50
35 19 46 1
35 20 3 58
36 2 31 19
36 3 25 61
36 6 34 74
36 9 43 70
36 11 13 46
36 12 19 69
36 13 46 23
36 14 37 15
36 15 11 15
36 18 7 42
36 19 4 48
36 20 28 14
37 2 34 19
37 5 1 34
37 6 49 74
37 7 15 17
37 8 7 21
37 10 25 73
37 11 3 46
37 13 29 3
37 14 45 15
37 15 21 67
37 18 17 71
37 19 31 48
38 2 49 19
38 4 13 39
38 5 35 54
38 6 10 43
38 8 19 26
38 10 15 20
38 11 55 2
38 12 3 55
38 14 45 18
38 15 23 15
38 20 1 14
39 3 1 61
39 4 15 30
39 7 23 17
39 9 7 70
39 10 49 49
39 11 19 2
39 14 31 15
39 15 59 67
39 19 4 1
40 3 49 61
40 4 19 30
40 5 11 34
40 6 40 74
40 7 43 17
40 9 46 70
40 10 25 20
40 12 13 69
40 13 1 23
40 15 5 67
40 17 55 27
40 20 9 14
41 4 37 39
41 5 45 54
41 8 49 26
41 9 39 51
41 11 7 2
41 12 1 69
41 14 20 56
41 15 35 15
41 16 15 2
41 17 31 27
41 18 27 42
41 20 5 17
42 2 49 33
42 3 16 54
42 4 59 30
42 5 1 54
42 6 25 43
42 8 33 21
42 9 13 70
42 10 9 49
42 11 43 36
42 13 41 23
42 16 3 17
42 18 7 71
43 2 4 19
43 4 7 39
43 5 11 54
43 6 52 43
43 10 13 49
43 11 37 2
43 12 31 55
43 15 17 69
43 16 19 66
43 18 9 42
43 19 55 12
43 20 1 16
44 2 7 19
44 4 29 30
44 5 35 34
44 6 16 34
44 7 37 17
44 8 49 21
44 10 19 73
44 11 1 66
44 13 31 23
44 17 55 11
44 19 25 1
45 2 10 19
45 3 28 61
45 4 37 30
45 7 1 17
45 11 43 2
45 13 19 3
45 14 51 15
45 15 41 15
45 16 23 3
45 18 17 50
45 19 34 12
46 2 4 33
46 3 10 61
46 4 13 30
46 5 55 54
46 6 46 34
46 10 21 49
46 11 32 36
46 14 15 15
46 15 19 67
46 17 37 11
46 20 7 31
47 2 46 19
47 3 13 61
47 5 3 54
47 8 31 26
47 9 49 70
47 10 37 20
47 13 35 3
47 15 43 15
47 16 11 2
47 18 25 51
47 19 22 1
48 2 37 19
48 3 27 54
48 5 44 34
48 6 10 74
48 7 7 54
48 9 55 51
48 11 1 2
48 12 13 55
48 14 31 18
48 15 25 15
48 16 5 2
48 17 49 11
49 2 13 19
49 3 22 61
49 4 10 30
49 5 49 34
49 7 53 21
49 8 55 26
49 11 27 2
49 12 43 55
49 14 1 15
49 15 41 69
49 19 7 1
49 20 5 58
50 2 22 19
50 5 5 54
50 6 55 74
50 9 25 70
50 10 43 20
50 13 3 3
50 14 37 56
50 15 35 69
50 16 33 2
50 18 7 49
50 20 10 31
Điểm tối ưu: 553
Thời gian: 1000030.52 ms
Trạng thái: FEASIBLE
