394
1 4 43 10
2 2 13 65
2 3 19 43
2 6 1 9
2 7 34 64
2 9 47 53
2 18 28 41
2 19 43 30
2 20 51 5
3 1 55 72
3 3 13 43
3 4 17 10
3 5 46 62
3 9 25 53
3 12 49 23
3 13 35 16
3 16 29 68
3 18 4 41
3 19 40 30
3 20 21 5
4 1 46 72
4 5 1 62
4 6 31 9
4 7 40 64
4 9 51 53
4 12 28 23
4 13 55 16
4 16 11 68
4 18 13 41
5 1 34 72
5 4 29 10
5 6 13 9
5 7 43 64
5 9 37 53
5 10 19 15
5 12 46 23
5 13 59 16
5 15 55 69
5 16 39 68
5 18 7 41
5 19 25 30
6 1 40 72
6 3 49 43
6 4 45 10
6 5 19 62
6 6 25 9
6 10 8 15
6 18 16 41
6 19 58 30
6 20 3 5
7 1 10 72
7 6 37 9
7 7 25 64
7 16 49 68
7 18 22 41
7 20 59 5
8 1 58 72
8 3 1 43
8 4 49 10
8 5 16 62
8 7 7 64
8 12 34 23
8 14 53 54
8 15 37 27
8 16 31 68
8 20 55 5
9 2 25 65
9 4 41 10
9 5 43 62
9 6 57 29
9 7 31 64
9 9 55 53
9 10 3 15
9 13 19 16
9 14 1 54
9 15 49 69
10 2 49 65
10 4 35 10
10 5 22 62
10 7 10 64
10 10 25 15
10 12 37 23
10 16 43 68
11 5 4 16
11 7 28 64
11 9 33 53
11 13 9 16
11 14 57 54
11 15 13 27
11 16 19 68
12 4 57 10
12 5 31 62
12 7 13 64
12 9 17 53
12 12 1 23
12 13 41 16
12 15 7 27
12 18 43 41
12 19 19 30
13 6 25 29
13 9 43 53
13 10 49 15
13 12 13 23
13 13 11 16
14 4 19 10
14 5 4 62
14 6 7 29
14 9 13 53
14 11 49 37
14 14 55 54
14 15 57 27
14 16 23 68
15 4 13 10
15 7 49 64
15 9 39 53
15 10 55 24
15 11 43 37
15 12 19 23
15 14 15 54
15 15 33 27
15 18 52 41
15 20 27 5
16 4 31 10
16 6 19 29
16 7 1 64
16 9 35 53
16 13 7 16
16 14 45 54
16 16 25 68
16 19 10 30
16 20 57 5
17 12 52 23
17 13 43 16
17 14 17 54
17 15 37 69
17 16 33 68
17 18 58 41
17 19 4 30
17 20 15 5
18 1 28 72
18 4 23 10
18 10 37 24
18 11 31 37
18 14 11 54
18 15 49 27
19 9 41 53
19 10 31 15
19 13 47 16
19 15 26 27
19 16 3 68
19 17 7 5
19 18 37 41
20 5 13 62
20 6 49 9
20 7 16 64
20 9 53 53
20 14 19 54
20 16 57 68
20 18 46 41
20 20 43 5
21 4 39 10
21 6 45 29
21 9 1 53
21 11 7 37
21 12 4 23
21 13 23 16
21 14 43 54
21 15 25 69
21 19 55 30
22 10 31 24
22 13 21 16
22 15 1 27
22 16 5 68
22 17 10 5
22 20 47 5
23 2 37 65
23 5 55 62
23 6 7 9
23 7 46 64
23 9 27 53
23 11 1 37
23 15 19 69
23 18 31 41
23 19 13 30
23 20 53 5
24 1 19 72
24 4 59 10
24 10 49 24
24 11 13 37
24 13 33 16
24 14 7 54
24 20 31 5
25 1 37 72
25 4 11 10
25 6 55 9
25 11 25 37
25 13 53 16
25 14 49 54
25 15 43 69
26 1 16 72
26 5 34 62
26 7 22 64
26 9 29 53
26 11 37 37
26 12 25 23
26 14 9 54
26 15 43 27
26 16 53 68
27 2 55 65
27 4 47 10
27 5 49 62
27 7 37 64
27 8 21 54
27 9 19 53
27 12 31 23
27 15 15 69
27 16 13 68
27 20 41 5
28 2 7 65
28 3 37 43
28 4 3 10
28 6 43 9
28 8 31 54
28 16 47 68
28 18 49 41
28 19 16 30
28 20 23 5
29 4 21 10
29 7 4 64
29 10 13 15
29 13 37 16
29 14 41 54
29 15 55 11
29 16 59 68
29 19 1 30
29 20 35 5
30 4 37 10
30 6 19 9
30 9 45 53
30 12 7 23
30 13 39 16
30 15 31 11
30 18 10 41
30 20 17 5
31 2 21 65
31 4 7 10
31 5 1 16
31 6 49 29
31 10 25 24
31 13 57 16
31 15 31 69
32 4 53 10
32 5 10 62
32 9 23 53
32 16 21 68
32 18 1 41
33 4 55 10
33 5 40 62
33 9 5 53
33 10 14 24
33 14 37 54
33 15 1 11
33 19 49 30
34 2 43 65
34 4 25 10
34 7 52 64
34 12 55 23
34 15 7 11
34 16 1 68
35 1 52 72
35 3 31 43
35 9 15 53
35 10 1 24
35 12 58 23
35 15 25 11
35 16 35 68
35 20 45 5
36 1 49 72
36 5 52 62
36 6 31 29
36 10 21 24
36 12 40 23
36 13 15 16
36 16 17 68
36 19 46 30
36 20 29 5
37 3 7 43
37 4 1 10
37 6 37 29
37 7 58 64
37 9 49 53
37 12 22 23
37 14 13 54
37 15 51 11
37 16 27 68
37 19 34 30
37 20 25 5
38 2 31 65
38 8 25 54
38 10 55 15
38 13 49 16
38 14 59 54
38 15 37 11
38 16 9 68
38 19 52 30
39 1 4 72
39 4 51 10
39 9 9 53
39 13 31 16
39 14 39 54
39 16 37 68
39 18 34 41
40 1 1 72
40 5 28 62
40 9 11 53
40 10 7 24
40 13 17 16
40 15 43 11
40 18 40 41
40 19 22 30
41 1 22 72
41 4 27 10
41 6 1 29
41 9 57 53
41 10 43 24
41 13 25 16
41 16 51 68
41 20 49 5
42 1 31 72
42 5 37 62
42 9 3 53
42 12 43 23
42 13 29 16
42 15 8 69
42 18 19 41
42 20 13 5
43 1 25 72
43 2 1 65
43 5 7 62
43 12 16 23
43 14 51 54
43 16 41 68
44 1 13 72
44 8 34 54
44 9 31 53
44 13 45 16
44 18 55 41
44 19 7 30
44 20 5 5
45 4 9 10
45 5 58 62
45 7 55 64
45 13 27 16
45 15 20 11
45 16 7 68
45 19 31 30
45 20 1 5
46 3 43 43
46 4 33 10
46 8 3 54
46 19 28 30
46 20 39 5
47 3 55 43
47 7 19 64
47 9 59 53
47 10 37 15
47 13 13 16
47 16 15 68
48 4 15 10
48 5 25 62
48 8 28 54
48 9 21 53
48 15 1 69
48 16 45 68
48 20 37 5
49 1 7 72
49 4 5 10
49 10 43 15
49 11 21 37
49 12 10 23
49 14 47 54
49 15 14 11
49 18 25 41
49 20 19 5
50 1 43 72
50 3 25 43
50 6 13 29
50 9 7 53
50 11 57 37
50 13 51 16
50 15 20 27
50 16 55 68
50 19 37 30
50 20 33 5
Điểm tối ưu: 394
Thời gian: 600.0348 giây
Trạng thái: FEASIBLE
