180
1 2 59 15
1 3 4 16
1 4 31 8
1 5 39 24
1 6 35 1
1 7 19 23
1 8 16 20
1 9 29 15
1 10 25 5
2 2 55 15
2 3 10 16
2 4 52 8
2 5 5 24
2 6 27 1
2 7 37 23
2 8 58 20
2 9 25 15
2 10 31 5
3 2 41 15
3 3 7 16
3 4 43 8
3 5 19 24
3 6 1 1
3 7 25 23
3 8 37 20
3 9 21 15
3 10 13 5
4 2 27 15
4 3 55 16
4 4 58 8
4 5 7 24
4 6 17 1
4 7 49 23
4 8 10 20
4 9 15 15
4 10 1 5
5 2 37 15
5 3 52 16
5 4 49 8
5 5 9 24
5 6 31 1
5 7 13 23
5 8 19 20
5 9 11 15
5 10 43 5
6 2 31 15
6 3 58 16
6 4 10 8
6 5 15 24
6 6 33 1
6 7 37 13
6 8 55 20
6 9 45 15
6 10 19 5
7 2 53 15
7 3 34 16
7 4 25 8
7 5 13 24
7 6 3 1
7 7 15 13
7 8 28 20
7 9 23 15
7 10 49 5
8 2 51 15
8 3 16 16
8 4 19 8
8 5 11 24
8 6 23 1
8 7 1 23
8 8 25 20
8 9 13 15
8 10 37 5
9 2 19 15
9 3 37 16
9 4 22 8
9 5 29 24
9 6 13 1
9 7 43 23
9 8 34 20
9 9 49 15
9 10 7 5
10 2 33 15
10 3 28 16
10 4 46 8
10 5 35 24
10 6 11 1
10 7 7 13
10 8 4 20
10 9 1 15
10 10 55 5
11 2 5 15
11 3 22 16
11 4 16 8
11 5 37 24
11 6 19 1
11 7 33 13
11 8 1 20
11 9 47 3
11 10 43 3
12 2 3 15
12 3 25 16
12 4 40 8
12 5 33 24
12 6 15 1
12 7 20 13
12 8 43 20
12 9 35 3
12 10 7 3
13 2 17 15
13 3 49 16
13 4 37 8
13 5 1 24
13 6 40 1
13 7 7 23
13 8 22 20
13 9 53 3
13 10 31 3
14 2 39 15
14 3 46 16
14 4 28 8
14 5 21 24
14 6 25 1
14 7 55 13
14 8 13 20
14 9 5 3
14 10 1 3
15 2 35 15
15 3 40 16
15 4 13 8
15 5 31 24
15 6 37 1
15 7 44 13
15 8 7 20
15 9 29 3
15 10 25 3
16 2 57 15
16 3 43 16
16 4 7 8
16 5 17 24
16 6 29 1
16 7 1 13
16 8 52 20
16 9 11 3
16 10 21 3
17 2 9 15
17 3 19 16
17 4 4 8
17 5 23 24
17 6 7 1
17 7 55 23
17 8 49 20
17 9 17 3
17 10 13 3
18 2 43 15
18 3 1 16
18 4 55 8
18 5 25 24
18 6 21 1
18 7 49 13
18 8 31 20
18 9 19 3
18 10 37 3
19 2 7 15
19 3 13 16
19 4 1 8
19 5 27 24
19 6 5 1
19 7 31 23
19 8 46 20
19 9 41 3
19 10 49 3
20 2 47 15
20 3 31 16
20 4 34 8
20 5 3 24
20 6 9 1
20 7 25 13
20 8 40 20
20 9 59 3
20 10 55 3
Điểm tối ưu: 180
Thời gian: 760.19 ms
Trạng thái: OPTIMUM
