2608
1 5 19 52
1 72 49 52
1 10 43 105
1 13 13 80
1 17 10 44
1 18 1 12
1 51 25 54
1 20 7 74
1 19 40 97
1 21 51 7
1 26 37 248
1 59 31 230
1 31 55 158
1 61 4 177
2 32 22 15
2 3 17 182
2 36 7 164
2 39 19 9
2 8 10 129
2 72 25 32
2 10 27 185
2 75 31 202
2 14 13 64
2 48 34 250
2 49 3 226
2 18 49 12
2 56 55 99
2 58 41 75
2 27 1 87
3 33 29 39
3 65 11 10
3 34 5 31
3 36 37 164
3 67 55 78
3 40 35 196
3 74 19 126
3 75 31 203
3 14 7 114
3 46 43 208
3 16 25 43
3 18 16 41
3 53 49 247
3 22 13 192
3 21 1 118
4 3 19 143
4 36 25 100
4 71 13 16
4 39 58 186
4 43 29 33
4 75 34 65
4 11 16 110
4 47 7 83
4 17 46 284
4 23 40 240
4 21 21 77
4 30 49 132
4 61 43 48
4 62 1 33
4 63 4 234
5 1 52 90
5 3 11 143
5 36 37 4
5 69 29 188
5 68 34 100
5 4 55 120
5 6 7 2
5 12 25 241
5 17 49 244
5 53 43 112
5 22 40 196
5 25 4 185
5 59 19 175
5 60 13 269
5 62 16 49
6 32 19 266
6 34 5 122
6 3 34 179
6 71 22 113
6 8 46 17
6 73 7 163
6 10 13 105
6 44 9 154
6 76 27 99
6 79 31 135
6 80 43 137
6 23 29 51
6 58 17 275
6 63 1 108
7 32 49 24
7 2 7 256
7 4 46 120
7 5 25 15
7 38 44 244
7 8 40 180
7 73 23 199
7 9 31 191
7 13 1 197
7 45 5 10
7 18 16 148
7 53 19 267
7 54 13 117
7 25 37 269
8 64 47 47
8 65 1 79
8 1 22 26
8 36 7 100
8 5 49 256
8 69 5 104
8 72 19 298
8 45 17 1
8 28 25 250
8 16 13 43
8 18 10 92
8 56 31 183
8 57 28 159
8 31 43 225
8 63 37 108
9 33 10 214
9 70 37 142
9 39 4 186
9 42 19 93
9 13 28 170
9 77 13 38
9 60 31 166
9 80 22 120
9 49 43 226
9 48 34 207
9 20 49 201
9 52 1 280
9 55 7 121
9 28 17 111
9 62 25 158
10 64 25 47
10 1 49 26
10 33 5 39
10 73 13 288
10 10 43 185
10 75 7 23
10 43 47 70
10 45 29 150
10 76 3 152
10 50 27 132
10 18 10 233
10 20 15 201
10 19 22 147
11 64 4 251
11 33 17 99
11 35 37 91
11 69 31 35
11 5 55 208
11 39 19 259
11 71 10 157
11 9 43 23
11 12 13 102
11 45 25 248
11 46 7 55
11 50 35 86
11 52 22 219
11 23 27 240
11 26 49 252
12 64 5 276
12 65 49 18
12 3 7 182
12 68 13 181
12 37 51 225
12 5 43 221
12 76 10 249
12 44 31 29
12 79 19 241
12 22 16 210
12 55 58 12
12 56 1 203
12 24 37 228
12 59 25 82
13 67 13 228
13 68 22 184
13 41 25 252
13 10 43 107
13 42 28 6
13 46 7 134
13 22 19 164
13 55 55 85
13 25 31 219
13 26 10 248
13 63 37 234
13 31 1 225
14 64 35 114
14 67 43 232
14 36 55 178
14 68 25 147
14 38 31 142
14 39 10 278
14 41 1 252
14 42 37 217
14 14 21 299
14 18 28 207
14 50 17 96
14 21 3 7
14 58 19 275
14 60 7 220
14 29 13 115
15 66 41 120
15 68 7 147
15 70 31 282
15 7 37 34
15 40 17 14
15 9 43 272
15 10 25 107
15 13 4 253
15 49 49 123
15 50 22 85
15 20 1 149
15 23 10 240
15 56 13 157
15 25 55 87
15 61 19 48
16 66 19 173
16 35 43 257
16 34 35 266
16 5 55 256
16 71 4 29
16 73 11 81
16 76 17 168
16 78 49 199
16 80 37 184
16 16 13 212
16 54 1 49
16 23 21 40
16 59 7 68
17 2 49 146
17 35 1 69
17 34 5 272
17 36 40 18
17 69 16 62
17 41 11 156
17 16 43 212
17 17 13 94
17 21 7 8
17 25 31 65
17 31 25 283
18 1 46 174
18 5 13 214
18 40 11 257
18 9 37 247
18 41 19 62
18 11 22 100
18 76 25 168
18 45 31 1
18 44 34 7
18 47 58 83
18 51 49 296
18 52 28 198
18 21 7 71
18 58 17 119
19 64 25 129
19 33 40 300
19 68 7 72
19 5 19 118
19 39 13 186
19 47 4 83
19 15 28 148
19 19 1 127
19 61 16 71
19 57 31 218
19 28 11 261
19 29 49 297
20 64 35 129
20 33 16 39
20 2 37 147
20 67 19 284
20 5 7 175
20 70 25 37
20 40 5 216
20 41 29 62
20 42 13 285
20 76 11 168
20 49 43 123
20 53 31 261
20 26 52 200
20 27 23 82
20 29 1 115
21 1 37 26
21 7 55 162
21 71 40 1
21 41 11 34
21 77 49 240
21 78 19 181
21 79 3 279
21 48 17 51
21 17 25 236
21 49 13 123
21 23 7 298
21 55 28 85
21 59 43 167
21 28 1 113
22 64 41 251
22 34 35 2
22 2 37 44
22 68 19 217
22 4 25 247
22 72 10 24
22 44 28 265
22 14 49 114
22 80 7 184
22 49 31 226
22 51 13 209
22 22 3 95
22 23 1 240
23 64 11 114
23 67 49 28
23 58 13 294
23 69 16 35
23 73 22 152
23 10 55 136
23 45 19 10
23 78 37 181
23 47 28 83
23 48 5 51
23 17 25 165
23 52 7 5
23 26 1 169
23 63 34 106
24 67 1 120
24 5 49 105
24 6 31 130
24 3 17 206
24 10 55 107
24 78 13 124
24 15 37 171
24 48 27 51
24 19 10 140
24 24 43 264
24 58 5 119
24 27 19 36
25 1 40 26
25 35 43 220
25 72 28 221
25 9 49 113
25 73 4 81
25 77 7 38
25 15 16 17
25 18 19 38
25 52 57 18
25 54 37 10
25 26 13 79
25 29 31 115
25 62 1 139
26 33 5 91
26 34 9 272
26 67 13 113
26 69 7 248
26 37 37 250
26 65 23 18
26 45 11 197
26 20 19 234
26 58 31 167
26 27 17 208
26 62 1 154
26 31 25 180
27 67 49 78
27 38 34 79
27 40 5 244
27 41 3 62
27 74 55 105
27 44 10 152
27 12 43 11
27 78 25 145
27 80 16 258
27 19 7 35
27 24 19 228
27 58 13 20
27 62 31 5
28 67 1 132
28 36 28 297
28 6 7 37
28 41 11 46
28 73 31 81
28 13 37 55
28 46 19 102
28 80 40 41
28 48 22 140
28 45 5 138
28 20 25 167
28 54 16 117
28 57 34 223
28 61 13 177
29 32 4 32
29 1 43 26
29 2 37 139
29 67 20 78
29 34 35 163
29 6 55 156
29 72 17 24
29 73 29 160
29 9 31 23
29 75 49 65
29 43 10 142
29 47 13 83
29 17 7 94
29 53 25 261
29 60 46 260
30 1 13 174
30 35 43 69
30 36 4 4
30 6 51 21
30 70 8 225
30 9 37 222
30 75 55 8
30 12 20 53
30 17 1 172
30 25 16 185
30 30 31 87
31 64 5 132
31 33 53 58
31 32 7 80
31 35 19 190
31 7 31 237
31 8 13 17
31 9 1 191
31 73 25 78
31 13 10 84
31 48 17 123
31 22 55 196
31 23 23 240
31 24 49 284
31 57 28 230
32 36 31 297
32 6 7 127
32 40 1 211
32 10 55 236
32 12 49 97
32 45 17 81
32 79 22 125
32 50 3 116
32 24 25 224
32 26 19 25
32 61 34 13
32 30 13 108
33 3 25 36
33 4 10 215
33 70 31 75
33 39 19 186
33 10 27 136
33 75 37 25
33 44 13 276
33 15 3 103
33 52 49 5
33 56 43 223
33 27 35 72
33 60 7 95
33 62 16 143
33 31 55 123
34 65 17 215
34 34 23 73
34 36 28 205
34 69 5 188
34 38 19 229
34 6 49 103
34 43 7 153
34 44 25 29
34 14 13 96
34 78 1 199
34 46 9 67
34 54 58 42
35 68 28 72
35 69 19 123
35 40 17 79
35 43 11 237
35 12 31 93
35 76 3 99
35 14 21 245
35 18 25 42
35 51 37 109
35 21 13 77
35 54 49 42
35 25 7 87
35 27 1 78
35 30 43 145
36 32 10 254
36 3 13 90
36 35 49 158
36 37 55 20
36 70 43 122
36 6 37 103
36 72 5 93
36 14 25 64
36 47 1 83
36 48 34 51
36 20 7 196
36 52 19 68
36 57 15 262
37 36 7 174
37 4 10 167
37 38 25 109
37 39 4 9
37 71 40 13
37 77 43 131
37 15 22 103
37 17 49 172
37 19 37 35
37 22 16 263
37 57 1 230
37 26 19 119
37 28 29 261
37 62 13 75
38 65 21 249
38 66 19 63
38 73 13 165
38 74 15 30
38 10 55 185
38 41 23 259
38 45 11 28
38 14 49 96
38 42 31 260
38 80 25 288
38 21 1 272
38 56 7 118
38 27 5 33
39 1 19 90
39 34 11 120
39 4 16 172
39 70 31 225
39 40 22 80
39 8 37 261
39 77 7 206
39 48 4 101
39 49 25 123
39 20 1 89
39 53 49 16
39 25 13 87
39 29 43 60
39 31 55 64
40 2 43 21
40 26 7 200
40 69 29 104
40 6 1 130
40 5 15 116
40 43 13 201
40 45 10 134
40 14 25 114
40 28 19 299
40 52 37 122
40 58 5 294
40 60 22 260
41 33 4 21
41 65 25 10
41 34 16 289
41 4 19 221
41 68 10 29
41 75 13 71
41 77 43 38
41 17 7 156
41 29 31 53
41 23 47 240
41 61 40 43
41 62 55 92
42 65 11 147
42 35 37 69
42 7 7 110
42 48 19 67
42 50 1 38
42 21 13 246
42 22 21 28
42 54 31 113
42 55 28 220
42 57 25 299
42 58 3 20
43 36 31 4
43 5 13 118
43 39 28 165
43 8 21 117
43 72 19 24
43 15 7 249
43 80 10 136
43 51 43 80
43 20 40 55
43 23 25 40
43 57 1 159
44 35 13 69
44 72 17 249
44 9 25 22
44 74 7 168
44 42 37 98
44 27 4 72
44 14 55 245
44 52 1 276
44 53 49 267
44 56 19 150
44 57 40 105
44 58 11 226
44 59 33 31
44 29 43 261
45 64 5 129
45 65 7 198
45 37 37 225
45 70 25 178
45 71 43 295
45 10 19 136
45 76 1 173
45 13 13 179
45 52 10 149
45 24 31 276
45 60 16 220
45 30 49 125
46 2 31 147
46 36 37 100
46 69 3 188
46 72 1 146
46 74 25 213
46 47 55 83
46 48 35 67
46 15 13 293
46 50 5 24
46 52 19 107
46 54 7 82
46 26 22 216
46 28 29 41
47 3 17 133
47 70 49 122
47 72 5 106
47 74 25 30
47 75 10 23
47 12 37 11
47 45 23 150
47 76 29 92
47 42 13 13
47 48 41 51
47 11 7 185
47 78 19 243
47 20 43 74
47 59 1 125
47 29 31 60
48 32 16 68
48 1 10 174
48 34 21 44
48 35 55 190
48 4 1 218
48 37 43 251
48 68 13 72
48 74 25 259
48 11 4 110
48 44 49 205
48 50 47 19
48 56 37 288
48 57 7 219
48 31 32 82
49 32 7 266
49 2 31 57
49 3 1 279
49 69 16 104
49 71 37 145
49 72 3 146
49 73 5 163
49 42 10 280
49 44 13 111
49 16 43 154
49 56 19 76
50 1 4 26
50 36 28 164
50 6 49 59
50 40 11 216
50 73 1 209
50 9 31 22
50 14 37 96
50 16 7 236
50 17 25 14
50 25 58 165
50 29 19 115
50 31 13 225
51 33 7 91
51 34 25 77
51 36 34 161
51 37 13 73
51 69 47 35
51 39 31 186
51 44 4 265
51 13 19 31
51 76 23 249
51 15 49 141
51 75 1 71
51 12 9 18
51 56 27 194
52 32 34 68
52 34 23 44
52 4 7 51
52 37 25 19
52 69 21 57
52 40 10 14
52 74 37 294
52 43 5 237
52 44 49 133
52 10 43 116
52 78 1 283
52 54 16 241
52 23 19 40
52 26 52 117
52 62 13 131
53 64 23 114
53 37 13 245
53 69 25 57
53 71 7 43
53 41 17 129
53 73 31 165
53 11 46 110
53 76 1 92
53 48 41 250
53 17 10 94
53 16 19 43
53 51 27 287
53 55 49 149
53 60 3 260
53 61 43 13
54 33 29 22
54 65 55 206
54 3 11 182
54 70 19 41
54 9 57 97
54 41 5 46
54 44 46 10
54 77 31 206
54 78 7 181
54 13 43 299
54 52 37 99
54 53 13 247
54 57 1 93
54 29 49 60
55 64 35 47
55 68 46 147
55 8 22 129
55 40 17 211
55 12 31 18
55 77 9 22
55 46 37 212
55 47 43 83
55 13 19 197
55 23 1 40
55 52 40 219
55 55 27 12
55 56 13 299
55 60 49 58
56 32 40 32
56 65 10 160
56 2 55 16
56 4 31 280
56 7 43 215
56 8 25 275
56 76 13 152
56 14 15 114
56 78 19 145
56 18 49 82
56 24 1 134
56 25 28 87
56 63 7 106
57 32 16 234
57 33 19 113
57 6 37 159
57 40 1 216
57 8 13 268
57 42 3 242
57 78 25 243
57 47 10 83
57 80 22 189
57 48 35 4
57 16 31 127
57 22 7 10
57 23 41 40
57 60 43 58
57 62 46 143
58 32 40 254
58 39 31 232
58 73 29 81
58 77 55 22
58 79 7 279
58 18 4 92
58 51 25 296
58 55 19 12
58 24 13 134
58 57 37 219
58 58 22 75
58 60 1 166
58 25 10 185
59 64 13 251
59 34 11 289
59 5 37 286
59 71 31 273
59 41 5 149
59 42 15 103
59 75 52 202
59 16 55 154
59 52 7 99
59 56 1 183
59 30 25 138
59 31 19 82
60 32 37 230
60 4 4 167
60 69 31 173
60 72 23 33
60 40 29 79
60 43 27 23
60 14 55 137
60 17 7 165
60 51 13 287
60 54 10 111
60 23 25 51
60 56 49 143
60 26 34 30
60 28 46 299
60 30 19 146
61 1 31 90
61 2 55 3
61 4 39 172
61 38 34 232
61 40 22 142
61 11 13 185
61 45 37 28
61 80 25 13
61 48 29 123
61 17 16 238
61 53 43 279
61 24 1 96
61 28 9 250
62 32 4 254
62 33 17 22
62 35 37 190
62 9 13 22
62 10 7 210
62 44 1 144
62 12 25 18
62 16 43 146
62 27 29 77
63 33 17 113
63 67 37 244
63 6 31 243
63 10 13 107
63 12 7 292
63 45 5 166
63 80 1 202
63 50 35 85
63 22 28 191
63 55 19 85
63 57 25 159
63 27 23 144
64 34 17 73
64 2 49 57
64 71 10 55
64 7 43 294
64 39 37 33
64 75 1 8
64 43 22 237
64 77 25 206
64 79 7 125
64 19 19 140
64 23 4 298
64 56 31 194
64 31 13 270
65 5 55 199
65 40 31 40
65 75 13 202
65 44 43 178
65 43 19 23
65 13 4 15
65 17 16 184
65 50 29 19
65 29 8 60
65 52 40 276
65 24 49 32
65 27 25 169
65 28 1 111
65 61 22 13
65 62 34 154
66 32 31 24
66 33 23 37
66 68 4 273
66 36 43 57
66 5 25 118
66 7 49 162
66 40 41 216
66 69 11 277
66 74 7 30
66 12 37 53
66 77 19 240
66 14 13 137
66 20 46 88
66 57 1 148
66 26 34 117
67 32 4 266
67 35 31 220
67 36 16 205
67 8 43 101
67 73 23 288
67 42 13 46
67 12 37 77
67 44 1 205
67 23 7 240
67 24 55 237
67 26 19 79
67 30 9 265
67 31 25 292
68 35 31 36
68 36 19 224
68 67 7 132
68 39 43 15
68 9 25 113
68 10 13 11
68 73 5 199
68 28 29 175
68 46 46 142
68 30 51 300
68 54 1 42
68 23 17 240
68 60 22 220
68 62 37 130
69 33 49 300
69 2 13 146
69 35 7 69
69 70 31 144
69 9 55 272
69 11 43 110
69 12 19 50
69 44 40 208
69 45 11 137
69 79 37 241
69 48 17 140
69 50 3 23
69 59 25 197
70 68 25 230
70 5 37 221
70 6 7 103
70 74 55 168
70 75 49 202
70 12 1 102
70 77 43 22
70 47 52 83
70 48 13 67
70 49 31 123
70 50 5 19
70 20 28 38
70 21 19 214
70 24 15 264
71 37 37 251
71 5 7 251
71 72 1 95
71 41 11 247
71 74 27 49
71 40 4 84
71 11 16 100
71 15 31 111
71 16 49 75
71 79 19 104
71 18 13 128
71 19 22 165
71 55 43 121
71 25 34 26
72 1 28 26
72 2 19 16
72 70 13 47
72 6 55 148
72 42 43 125
72 74 37 168
72 12 1 114
72 78 49 183
72 47 46 83
72 14 7 299
72 16 31 67
72 58 5 174
72 61 25 48
73 1 28 174
73 70 8 159
73 39 46 15
73 72 1 91
73 8 19 180
73 15 22 17
73 48 35 133
73 50 13 49
73 52 16 285
73 22 4 243
73 24 31 32
74 32 37 24
74 65 29 237
74 4 7 172
74 72 17 18
74 10 49 11
74 17 13 12
74 18 10 267
74 19 4 35
74 54 22 42
74 25 31 64
74 58 1 278
74 31 25 200
75 2 7 139
75 5 19 116
75 70 43 46
75 8 34 101
75 41 5 211
75 42 25 285
75 75 13 164
75 49 37 123
75 50 11 242
75 19 1 141
75 22 55 224
75 27 23 287
75 60 16 95
75 30 49 292
76 1 40 90
76 34 17 272
76 4 10 300
76 70 25 187
76 13 7 260
76 15 37 37
76 19 1 35
76 52 4 112
76 53 13 112
76 61 46 268
76 23 19 51
76 57 31 176
76 29 49 115
76 31 21 21
77 2 1 147
77 39 37 13
77 73 11 290
77 76 5 62
77 47 19 83
77 15 34 132
77 79 25 257
77 51 43 56
77 21 7 193
77 22 28 59
77 56 55 207
77 57 49 173
77 25 40 185
77 63 22 234
78 64 11 47
78 2 25 44
78 67 37 86
78 6 55 287
78 71 4 13
78 8 1 112
78 74 19 141
78 43 41 201
78 77 49 38
78 78 31 181
78 46 46 102
78 49 13 226
78 23 35 40
78 26 43 200
78 30 7 145
79 3 23 133
79 69 35 123
79 38 1 131
79 42 10 239
79 12 19 156
79 46 25 106
79 15 40 46
79 48 5 245
79 20 7 44
79 56 13 125
79 58 3 75
79 27 17 287
80 65 3 215
80 66 5 143
80 34 23 2
80 36 8 4
80 71 46 13
80 41 13 250
80 42 49 206
80 73 1 178
80 44 43 276
80 14 19 137
80 50 17 246
80 57 31 223
80 59 55 68
80 29 37 60
80 31 25 88
81 1 37 90
81 34 5 2
81 3 21 143
81 4 13 167
81 68 34 29
81 67 7 28
81 39 43 186
81 45 11 66
81 13 40 67
81 54 16 196
81 23 31 298
81 24 25 264
81 28 23 250
81 31 1 55
82 2 7 3
82 3 11 171
82 8 31 101
82 42 28 280
82 74 49 93
82 78 55 60
82 17 25 184
82 50 13 23
82 56 39 299
82 25 19 26
82 26 15 200
82 29 43 53
82 63 22 106
83 2 7 296
83 5 55 286
83 69 4 200
83 71 22 47
83 72 28 236
83 40 52 14
83 75 19 203
83 13 16 55
83 79 25 121
83 80 1 136
83 52 46 198
83 53 31 267
83 60 13 95
83 30 37 293
84 68 25 150
84 37 31 170
84 38 3 5
84 39 37 70
84 69 1 104
84 74 19 174
84 10 55 116
84 12 13 248
84 13 40 108
84 76 17 92
84 15 52 17
84 21 43 196
84 23 23 51
84 27 5 102
84 63 28 106
85 32 25 68
85 65 4 36
85 35 49 36
85 68 37 214
85 37 31 63
85 36 13 57
85 71 1 157
85 40 28 84
85 9 19 247
85 69 40 188
85 3 23 90
85 76 35 249
85 19 55 290
85 24 7 284
85 60 16 58
86 64 29 47
86 33 23 177
86 38 13 82
86 72 10 52
86 46 4 264
86 29 25 60
86 52 7 109
86 26 31 275
86 28 1 299
86 61 15 48
87 64 7 129
87 2 13 3
87 39 55 204
87 9 43 247
87 12 31 148
87 15 28 167
87 48 10 51
87 22 37 160
87 61 22 48
87 30 1 292
87 63 25 108
88 32 7 15
88 67 19 35
88 68 25 72
88 72 16 91
88 27 1 77
88 11 13 100
88 44 4 89
88 19 31 253
88 58 10 266
88 59 37 50
89 2 13 256
89 35 19 257
89 67 55 35
89 3 17 90
89 38 7 131
89 70 25 142
89 41 4 259
89 74 43 49
89 42 40 6
89 17 34 299
89 20 52 201
89 22 31 224
89 61 37 268
89 62 10 169
90 66 13 156
90 3 1 295
90 7 49 215
90 71 34 145
90 74 37 63
90 11 4 100
90 14 55 96
90 79 28 196
90 47 25 83
90 19 19 97
90 52 43 5
90 60 16 269
90 31 7 257
91 32 22 81
91 65 29 134
91 69 11 173
91 70 7 47
91 39 19 15
91 10 25 105
91 75 13 203
91 12 49 73
91 74 31 73
91 15 16 167
91 16 1 239
91 29 55 53
91 54 37 117
91 24 43 119
91 61 40 48
92 2 55 254
92 3 11 179
92 68 22 29
92 5 13 1
92 37 31 16
92 4 1 221
92 9 43 151
92 74 7 49
92 77 49 22
92 14 25 110
92 22 19 30
92 24 37 144
92 58 4 278
93 35 31 91
93 69 10 57
93 40 1 84
93 12 43 248
93 77 3 131
93 48 21 51
93 19 40 153
93 51 55 54
93 53 25 16
93 55 37 121
93 26 7 117
93 28 17 155
94 64 17 132
94 1 55 90
94 3 5 206
94 69 21 188
94 5 31 221
94 38 11 5
94 37 1 16
94 43 19 33
94 12 37 243
94 17 28 222
94 18 13 207
94 22 49 124
94 23 23 298
94 56 43 118
94 31 7 294
95 32 7 142
95 2 1 256
95 4 13 280
95 5 31 208
95 36 49 174
95 39 19 34
95 8 43 68
95 45 5 113
95 28 22 155
95 80 16 202
95 50 28 128
95 21 37 118
95 24 55 134
95 60 10 220
96 1 16 26
96 77 37 206
96 13 31 120
96 15 7 171
96 48 23 67
96 17 13 44
96 18 34 128
96 79 49 121
96 52 1 3
96 24 43 256
96 25 10 87
96 59 19 195
96 28 5 299
97 32 3 61
97 2 49 254
97 67 7 78
97 35 31 190
97 73 15 279
97 11 25 270
97 46 58 52
97 29 43 297
97 54 28 153
97 22 55 299
97 56 37 76
97 26 22 200
97 28 1 155
97 61 19 268
98 2 55 146
98 66 11 49
98 67 43 35
98 35 7 36
98 27 5 136
98 41 16 131
98 16 19 281
98 21 1 193
98 23 13 51
98 30 31 292
99 64 5 114
99 66 11 243
99 56 7 34
99 75 22 8
99 46 19 120
99 19 43 104
99 53 13 290
99 23 1 298
99 24 25 199
99 58 35 75
99 59 31 46
100 33 17 177
100 2 31 146
100 35 7 190
100 37 19 178
100 38 1 109
100 7 13 34
100 39 43 34
100 42 25 91
100 43 11 195
100 80 28 189
100 50 5 38
100 58 3 63
100 60 37 166
101 4 43 280
101 38 22 229
101 8 37 275
101 59 55 38
101 14 49 245
101 47 40 83
101 16 31 212
101 49 7 123
101 19 19 3
101 24 25 228
101 26 46 25
101 27 5 214
101 30 1 138
102 33 11 131
102 34 5 77
102 67 7 288
102 36 16 164
102 69 23 35
102 7 55 131
102 8 13 180
102 74 43 61
102 75 28 202
102 13 25 189
102 78 19 283
102 46 40 102
102 16 31 12
102 22 1 124
103 34 41 272
103 67 25 176
103 36 37 18
103 68 19 142
103 6 55 37
103 72 29 18
103 73 1 163
103 42 10 35
103 75 49 203
103 10 43 237
103 13 33 80
103 19 4 3
103 28 31 175
103 63 16 106
104 2 37 120
104 68 19 184
104 36 25 164
104 5 49 116
104 66 28 120
104 37 13 14
104 41 5 34
104 12 31 11
104 15 1 37
104 21 43 177
104 54 7 42
104 58 22 278
104 57 10 6
105 34 47 31
105 4 19 248
105 37 27 238
105 38 37 82
105 42 31 13
105 12 49 243
105 29 7 115
105 20 13 6
105 23 25 240
105 55 22 121
105 25 4 165
105 27 53 136
105 28 35 175
105 61 1 135
106 65 17 64
106 66 5 151
106 3 3 133
106 38 15 163
106 71 19 29
106 72 10 109
106 14 25 137
106 80 7 120
106 54 40 113
106 55 22 235
106 56 31 27
106 58 13 140
106 28 1 250
106 62 37 140
107 3 11 206
107 72 3 236
107 43 13 36
107 15 55 103
107 80 7 13
107 48 23 4
107 16 19 19
107 50 1 19
107 22 39 66
107 24 25 284
107 58 5 275
107 28 37 41
108 26 16 25
108 68 43 147
108 36 25 4
108 70 49 37
108 5 37 27
108 11 13 110
108 80 28 258
108 48 31 207
108 50 19 246
108 53 7 290
108 23 4 240
108 57 22 148
108 58 11 123
108 27 1 72
109 2 37 296
109 69 13 173
109 73 4 288
109 10 19 105
109 43 31 216
109 76 15 152
109 79 25 26
109 49 7 226
109 21 49 164
109 57 33 172
109 26 1 30
110 67 49 35
110 68 13 267
110 6 37 231
110 41 21 62
110 42 10 98
110 46 25 85
110 52 7 107
110 59 43 180
110 31 55 200
110 63 1 106
111 64 29 129
111 33 23 68
111 68 13 147
111 4 4 280
111 6 37 279
111 40 7 216
111 74 25 289
111 46 31 255
111 15 16 89
111 47 34 83
111 19 1 15
111 56 9 223
111 59 19 114
111 31 43 229
112 1 43 174
112 2 55 57
112 3 1 179
112 5 25 251
112 71 34 1
112 11 31 100
112 12 7 228
112 78 21 23
112 80 13 184
112 19 46 62
112 25 37 185
112 62 16 170
112 31 3 229
113 35 37 257
113 69 31 62
113 38 5 82
113 39 55 70
113 74 7 213
113 43 1 90
113 11 19 110
113 21 25 8
113 54 43 10
113 58 33 72
113 27 11 208
113 30 13 4
114 39 19 232
114 9 31 50
114 75 28 21
114 13 13 127
114 60 7 269
114 79 25 196
114 50 5 116
114 51 37 54
114 52 10 196
114 18 16 145
114 25 43 65
114 59 55 31
114 63 22 108
115 68 19 242
115 69 13 188
115 70 7 75
115 39 49 70
115 9 15 23
115 73 35 178
115 14 31 96
115 47 37 83
115 51 43 54
115 55 40 253
115 25 25 269
115 27 1 36
116 65 11 64
116 1 25 174
116 58 4 224
116 37 43 181
116 38 28 24
116 39 19 204
116 42 40 261
116 12 7 241
116 14 31 110
116 79 55 225
116 16 13 18
116 19 58 92
116 26 37 30
116 27 35 271
116 62 1 67
117 32 7 81
117 66 10 86
117 56 49 157
117 38 13 244
117 10 43 210
117 12 55 73
117 45 3 282
117 48 1 25
117 19 40 3
117 52 37 276
117 58 15 119
117 62 19 154
118 1 55 174
118 34 17 2
118 66 29 28
118 68 22 221
118 4 1 167
118 9 9 191
118 42 31 70
118 15 13 141
118 48 34 140
118 17 19 244
118 19 25 127
118 58 7 119
118 63 4 108
119 32 13 142
119 66 11 61
119 3 29 178
119 7 49 131
119 9 43 50
119 10 25 116
119 42 37 242
119 44 1 27
119 78 7 183
119 20 34 6
119 25 16 65
119 58 4 123
120 33 7 21
120 3 23 279
120 7 13 237
120 40 35 257
120 41 1 34
120 75 31 71
120 77 37 15
120 14 49 275
120 16 55 50
120 80 19 32
120 50 25 242
120 54 28 299
120 24 9 192
120 57 4 218
121 32 43 106
121 65 19 109
121 34 11 2
121 37 55 56
121 6 37 2
121 40 47 216
121 44 34 49
121 78 25 9
121 50 15 19
121 23 29 40
121 56 21 27
121 25 52 165
121 28 1 41
121 29 7 261
122 32 22 32
122 3 13 295
122 68 31 102
122 40 25 12
122 41 29 152
122 42 34 98
122 43 17 33
122 80 10 202
122 19 7 62
122 20 19 167
122 29 1 60
123 66 17 280
123 68 43 72
123 69 23 57
123 70 19 37
123 73 11 165
123 74 7 195
123 76 1 99
123 77 31 131
123 78 25 183
123 15 40 218
123 60 49 95
123 51 13 56
123 20 37 38
123 58 29 235
123 28 3 41
124 32 1 80
124 64 16 276
124 5 31 116
124 69 7 188
124 72 22 95
124 41 4 250
124 74 55 30
124 12 25 277
124 17 43 94
124 26 9 119
125 32 37 61
125 68 19 96
125 69 25 35
125 5 43 286
125 42 27 239
125 12 7 11
125 18 22 86
125 21 1 219
125 24 31 185
125 30 13 265
125 31 49 55
126 33 5 139
126 2 37 256
126 1 7 90
126 36 25 161
126 69 17 112
126 34 10 73
126 40 43 14
126 12 49 148
126 45 15 138
126 80 22 202
126 52 1 68
126 54 34 10
126 28 13 155
127 65 17 36
127 66 7 231
127 35 9 91
127 39 55 165
127 73 23 290
127 74 49 63
127 17 1 94
127 21 19 193
127 23 29 240
127 57 13 148
128 32 13 266
128 3 5 184
128 6 19 59
128 38 16 158
128 71 31 37
128 73 7 178
128 11 55 110
128 15 10 27
128 78 43 243
128 61 34 48
128 26 25 119
128 60 28 269
128 29 49 53
128 31 1 88
129 33 35 150
129 68 19 100
129 38 41 5
129 70 44 189
129 8 1 17
129 74 7 61
129 10 37 116
129 75 13 8
129 17 22 222
129 19 25 153
129 54 28 117
129 23 11 298
129 26 16 169
129 60 4 220
130 32 7 230
130 34 25 266
130 3 53 295
130 68 10 217
130 37 1 245
130 67 37 92
130 8 43 198
130 75 22 31
130 80 13 158
130 48 34 25
130 52 31 112
130 22 46 95
130 23 27 40
130 62 19 5
131 4 31 51
131 58 11 75
131 39 1 9
131 10 13 132
131 44 25 7
131 46 22 265
131 79 19 125
131 52 4 18
131 21 37 7
131 26 43 44
131 29 7 53
131 62 28 5
132 33 11 21
132 2 37 21
132 35 25 69
132 7 7 162
132 44 31 7
132 45 4 1
132 14 49 110
132 78 13 9
132 30 19 87
132 58 23 63
132 61 1 268
132 62 34 92
133 1 43 90
133 66 23 151
133 33 53 68
133 34 11 77
133 6 37 277
133 39 58 278
133 74 25 61
133 76 5 99
133 77 31 15
133 44 19 133
133 13 46 55
133 49 49 226
133 26 7 259
133 29 1 53
134 2 43 139
134 3 5 178
134 35 21 69
134 34 19 163
134 70 37 178
134 41 10 76
134 43 1 70
134 47 49 83
134 17 13 161
134 25 25 65
134 28 3 261
134 62 16 75
134 31 31 293
135 33 29 300
135 58 17 85
135 8 4 17
135 45 11 186
135 47 31 83
135 17 1 259
135 29 19 297
135 19 25 3
135 53 43 267
135 24 7 141
135 26 13 40
135 28 23 41
135 61 34 171
135 30 37 132
136 32 40 80
136 66 34 280
136 35 7 158
136 5 13 300
136 8 25 205
136 74 43 213
136 17 19 172
136 19 4 97
136 55 28 121
136 27 17 13
136 61 31 43
136 62 1 140
137 65 35 198
137 2 13 254
137 69 19 57
137 71 49 1
137 48 1 133
137 17 22 253
137 18 31 42
137 52 37 198
137 53 43 132
137 22 25 101
137 50 40 19
137 56 55 77
137 63 28 260
138 33 41 68
138 38 7 229
138 7 37 204
138 44 1 210
138 77 31 38
138 18 19 210
138 20 22 6
138 53 13 122
138 25 43 269
138 27 11 36
138 31 49 234
139 33 41 39
139 34 29 122
139 35 13 257
139 4 37 51
139 70 33 41
139 7 25 131
139 19 22 127
139 21 49 272
139 54 43 192
139 55 19 255
139 24 55 119
139 58 17 72
139 30 1 293
139 31 7 113
140 64 29 251
140 34 1 73
140 69 34 35
140 38 31 79
140 7 15 162
140 39 40 9
140 9 43 191
140 75 52 31
140 76 13 249
140 14 19 212
140 8 25 46
140 20 3 296
140 37 7 275
141 65 58 10
141 66 4 231
141 5 19 208
141 37 33 14
141 8 13 68
141 42 10 125
141 75 7 202
141 78 49 33
141 16 43 92
141 52 55 112
141 57 16 60
141 61 1 48
141 30 26 125
142 32 16 32
142 68 28 273
142 4 13 172
142 9 1 151
142 46 25 255
142 49 21 123
142 78 31 124
142 79 10 279
142 20 7 149
142 22 40 59
142 59 43 228
143 4 43 120
143 69 19 200
143 10 49 185
143 75 25 25
143 11 22 110
143 77 55 15
143 80 1 13
143 48 11 25
143 50 15 249
143 19 4 74
143 21 31 8
143 54 28 42
144 4 34 209
144 37 21 238
144 38 17 109
144 75 4 202
144 13 28 127
144 14 37 110
144 52 1 196
144 56 13 243
144 25 10 269
144 60 7 166
144 61 52 13
145 34 25 272
145 3 17 171
145 39 49 13
145 74 37 73
145 76 13 99
145 12 19 18
145 79 7 39
145 22 31 189
145 54 4 42
145 57 28 135
145 58 11 63
145 27 15 85
145 25 1 185
146 66 7 138
146 67 19 288
146 7 43 27
146 8 4 40
146 39 37 9
146 11 40 100
146 77 55 279
146 45 23 10
146 79 13 39
146 51 49 54
146 23 16 40
146 52 1 107
146 55 10 198
146 29 25 115
146 62 34 160
147 2 19 296
147 3 5 182
147 58 35 224
147 70 43 233
147 6 25 90
147 13 13 260
147 14 31 245
147 48 7 67
147 17 37 162
147 19 1 74
147 21 49 77
147 22 16 101
147 26 9 79
147 61 40 297
147 30 55 46
148 32 34 81
148 65 17 10
148 66 5 49
148 64 19 47
148 37 45 14
148 70 7 41
148 50 11 20
148 19 22 3
148 51 1 287
149 69 40 65
149 71 4 295
149 39 52 232
149 9 55 300
149 43 17 299
149 12 43 30
149 13 49 80
149 46 1 52
149 77 19 206
149 19 13 97
149 20 37 154
149 53 32 122
149 23 9 298
150 2 55 139
150 36 7 297
150 71 16 16
150 8 19 17
150 72 10 93
150 41 5 222
150 45 13 190
150 17 25 162
150 18 31 188
150 20 46 178
150 22 1 297
151 32 19 230
151 69 27 57
151 70 13 187
151 72 5 52
151 73 17 160
151 13 7 76
151 46 10 107
151 48 1 207
151 17 22 14
151 16 43 18
151 19 34 74
151 62 31 158
152 2 31 296
152 74 43 111
152 42 22 46
152 47 16 83
152 79 19 135
152 17 10 286
152 18 7 108
152 55 28 255
152 56 37 157
152 58 1 64
152 28 13 41
152 61 4 268
153 32 22 24
153 33 13 53
153 38 5 109
153 70 49 41
153 8 46 117
153 10 37 107
153 78 31 9
153 46 16 221
153 14 25 96
153 53 8 122
153 55 43 183
153 58 29 140
153 63 1 234
154 3 27 179
154 38 3 217
154 72 17 146
154 41 15 250
154 43 1 237
154 76 22 92
154 45 13 236
154 46 10 170
154 53 43 290
154 22 40 10
154 57 19 56
154 63 7 234
155 35 43 158
155 68 19 161
155 39 22 186
155 8 28 46
155 12 1 228
155 45 5 190
155 46 7 104
155 52 31 149
155 55 10 56
155 57 37 105
155 27 15 36
155 60 25 58
156 65 17 198
156 4 31 300
156 70 13 178
156 10 55 210
156 42 43 260
156 12 25 181
156 13 10 15
156 78 49 23
156 52 19 99
156 53 37 112
156 22 1 66
156 55 4 160
157 64 17 47
157 65 23 206
157 5 13 27
157 70 19 225
157 37 49 170
157 20 28 74
157 55 10 121
157 62 25 298
157 27 7 287
157 60 55 220
157 30 1 46
158 68 52 91
158 9 13 272
158 12 43 114
158 77 55 240
158 14 3 137
158 80 49 189
158 48 40 25
158 17 37 194
158 16 7 12
158 20 25 55
158 18 28 253
158 23 1 51
158 30 31 125
159 71 28 282
159 7 49 34
159 76 5 173
159 77 43 240
159 12 13 292
159 44 37 151
159 16 31 257
159 50 35 23
159 22 25 50
159 24 1 284
159 58 17 294
159 28 7 250
159 29 19 290
160 32 16 142
160 67 31 86
160 68 46 150
160 39 43 9
160 27 35 50
160 73 13 199
160 10 25 11
160 77 19 22
160 14 49 137
160 46 58 85
160 54 4 192
160 57 1 105
160 58 7 224
160 59 37 197
161 66 25 151
161 5 19 1
161 71 4 145
161 40 11 40
161 9 7 97
161 8 28 68
161 11 34 270
161 77 43 206
161 45 23 138
161 41 13 171
161 48 17 174
161 17 1 14
161 22 37 59
161 54 31 117
162 64 11 132
162 3 25 133
162 26 1 277
162 69 28 65
162 37 37 14
162 39 15 278
162 38 13 229
162 41 19 152
162 16 49 50
162 51 7 247
162 58 22 20
163 33 23 39
163 5 43 97
163 39 13 15
163 40 5 14
163 9 25 300
163 10 19 132
163 11 1 100
163 54 10 82
163 24 31 99
163 61 7 48
164 2 37 16
164 4 43 51
164 68 46 214
164 71 28 13
164 39 22 9
164 75 49 31
164 48 17 207
164 53 31 279
164 22 13 91
164 62 19 139
164 56 7 26
164 25 25 219
164 58 1 224
164 59 3 180
164 30 55 82
165 64 23 251
165 2 13 21
165 4 28 218
165 37 37 170
165 73 5 290
165 43 11 106
165 74 31 126
165 13 7 197
165 15 43 195
165 80 49 188
165 49 19 226
165 19 25 74
165 57 1 56
165 59 55 180
166 64 13 114
166 33 5 150
166 68 28 50
166 5 15 52
166 8 25 17
166 75 19 202
166 76 33 249
166 77 1 206
166 45 31 10
166 55 22 197
166 56 43 241
166 58 7 167
166 63 10 260
167 32 13 32
167 4 7 215
167 38 5 79
167 39 46 9
167 8 49 261
167 44 19 205
167 76 31 92
167 14 37 114
167 45 17 209
167 48 33 254
167 50 11 19
167 19 25 62
167 18 1 128
168 32 19 254
168 66 17 61
168 4 37 209
168 8 7 205
168 41 35 290
168 42 28 242
168 9 43 300
168 13 31 76
168 45 5 28
168 80 10 13
168 16 13 154
168 18 25 86
168 26 22 25
168 59 1 143
169 3 31 184
169 36 46 218
169 5 1 208
169 4 25 221
169 13 19 80
169 78 33 283
169 45 11 221
169 17 52 190
169 18 22 65
169 21 37 291
169 24 7 264
169 61 13 135
169 31 55 88
170 64 17 251
170 33 1 123
170 67 49 92
170 3 3 171
170 70 43 144
170 38 34 217
170 27 23 72
170 9 55 247
170 10 19 236
170 80 9 32
170 17 37 236
170 49 25 226
170 52 31 68
170 59 13 92
171 39 13 259
171 75 4 164
171 15 16 147
171 80 25 41
171 16 43 12
171 19 10 153
171 55 28 91
171 23 23 40
171 27 7 50
171 28 31 299
171 62 1 160
172 2 13 296
172 68 28 184
172 5 49 208
172 69 5 277
172 9 1 50
172 74 55 13
172 43 23 36
172 44 31 265
172 45 17 137
172 80 46 188
172 50 11 236
172 19 43 3
172 52 25 5
172 59 37 68
172 30 19 4
173 33 13 65
173 1 58 174
173 67 1 28
173 7 25 27
173 40 5 12
173 8 9 16
173 78 15 199
173 47 22 83
173 80 19 13
173 50 7 283
173 21 43 217
173 53 32 247
173 24 37 141
173 56 49 194
174 34 47 53
174 69 15 173
174 71 4 271
174 8 7 101
174 42 19 98
174 41 17 222
174 80 1 258
174 50 13 24
174 56 43 33
174 60 10 166
175 64 11 251
175 69 17 173
175 70 7 46
175 38 46 163
175 72 1 24
175 12 20 11
175 46 3 142
175 15 25 293
175 31 37 229
176 32 37 32
176 4 21 280
176 73 7 152
176 42 28 124
176 44 13 89
176 77 1 22
176 13 25 39
176 15 16 46
176 52 40 290
176 54 34 42
176 55 49 69
176 56 9 150
177 32 22 230
177 69 3 104
177 38 1 142
177 7 55 27
177 72 5 221
177 8 31 209
177 77 49 15
177 15 25 171
177 16 13 213
177 48 11 101
177 53 7 112
177 60 19 260
178 64 41 47
178 2 37 57
178 3 9 178
178 67 55 58
178 36 46 100
178 5 25 1
178 6 31 21
178 73 11 209
178 43 29 23
178 46 43 55
178 50 7 19
178 20 13 55
178 57 1 6
178 62 4 169
178 31 19 88
179 1 13 26
179 4 19 218
179 39 55 33
179 7 25 294
179 40 31 211
179 78 7 9
179 19 16 165
179 20 22 74
179 53 37 267
179 22 43 95
179 52 1 18
179 27 29 78
179 28 11 299
179 61 4 71
179 31 49 283
180 33 11 65
180 36 16 161
180 69 23 173
180 11 19 270
180 14 7 64
180 16 31 239
180 77 37 22
180 52 4 68
180 25 43 64
180 26 1 200
180 60 28 166
180 61 25 52
180 63 46 108
181 65 13 219
181 66 41 114
181 33 15 139
181 4 34 218
181 37 43 16
181 40 9 40
181 10 49 237
181 43 5 201
181 44 28 144
181 15 19 103
181 18 22 38
181 22 31 30
181 27 11 175
181 31 1 270
182 64 13 129
182 68 7 212
182 70 25 279
182 40 17 80
182 73 1 290
182 13 10 253
182 79 37 39
182 80 34 184
182 15 4 70
182 20 22 213
182 57 19 6
182 62 55 140
183 66 4 94
183 36 43 47
183 37 49 3
183 6 19 72
183 40 28 216
183 10 31 105
183 14 7 96
183 15 16 242
183 17 1 44
183 50 25 132
183 19 37 300
183 28 11 41
183 62 13 5
184 33 7 150
184 34 1 289
184 4 31 215
184 5 13 277
184 70 25 75
184 8 22 209
184 14 43 245
184 50 5 20
184 19 37 270
184 56 49 2
184 58 3 85
184 60 19 166
184 63 34 260
185 64 41 129
185 33 19 58
185 34 43 2
185 66 17 231
185 5 13 208
185 72 11 95
185 8 31 205
185 76 1 168
185 18 4 65
185 21 27 177
185 55 37 183
185 56 7 143
185 25 22 269
185 27 25 136
186 3 21 36
186 58 11 294
186 38 17 260
186 46 7 208
186 78 13 33
186 50 1 23
186 20 25 89
186 22 31 28
186 54 38 42
186 26 4 30
187 65 46 190
187 66 19 28
187 3 1 171
187 35 37 220
187 7 7 218
187 18 21 207
187 50 3 246
187 52 25 112
187 23 33 40
187 60 13 166
188 32 43 24
188 66 17 138
188 35 19 91
188 68 46 242
188 69 29 112
188 5 31 129
188 71 37 295
188 67 55 28
188 9 13 191
188 42 40 35
188 43 10 70
188 20 7 6
188 29 25 53
189 34 17 122
189 5 7 199
189 71 31 236
189 7 19 131
189 43 11 201
189 12 13 10
189 49 55 226
189 18 28 210
189 21 49 291
189 22 34 263
189 24 1 119
189 62 25 139
189 31 37 175
190 1 1 26
190 3 17 295
190 4 25 172
190 35 37 36
190 70 31 284
190 8 19 46
190 43 15 70
190 11 28 100
190 45 13 81
190 13 46 39
190 52 7 280
190 21 49 219
190 27 41 36
190 60 22 166
191 26 49 159
191 6 55 2
191 8 4 198
191 73 19 160
191 74 43 93
191 72 35 91
191 46 28 35
191 60 31 95
191 16 37 129
191 55 25 198
191 58 1 20
191 27 10 85
191 28 23 175
191 62 7 33
192 64 4 47
192 34 7 300
192 35 55 36
192 36 31 161
192 69 16 57
192 4 22 300
192 8 25 209
192 41 11 211
192 11 19 185
192 12 37 148
192 16 43 236
192 50 9 20
192 55 1 198
192 57 13 93
192 63 49 106
193 32 22 266
193 34 34 300
193 66 46 68
193 5 13 284
193 37 37 56
193 74 25 111
193 15 19 293
193 48 17 254
193 17 1 156
193 18 10 128
193 54 31 192
193 58 7 63
193 60 4 269
194 65 11 219
194 2 31 44
194 39 1 232
194 8 4 209
194 71 7 29
194 75 19 269
194 78 49 9
194 14 55 275
194 51 13 109
194 52 40 99
194 21 25 291
194 22 46 28
194 62 37 131
195 2 21 256
195 12 55 11
195 14 43 96
195 79 9 155
195 80 37 136
195 46 1 255
195 19 40 184
195 53 31 290
195 54 25 245
195 55 4 121
195 58 19 294
196 66 5 63
196 35 43 36
196 68 16 267
196 5 1 129
196 70 25 122
196 2 55 21
196 8 13 217
196 36 7 148
196 44 19 89
196 12 33 97
196 76 29 168
196 49 37 226
196 20 22 167
196 55 10 204
196 24 49 186
197 64 27 47
197 34 17 77
197 3 1 182
197 36 43 218
197 6 13 159
197 79 19 121
197 19 37 153
197 20 40 167
197 24 31 89
197 25 3 64
197 58 25 140
197 27 11 144
197 57 7 176
198 36 28 4
198 5 7 105
198 70 37 47
198 69 11 104
198 10 1 11
198 14 55 114
198 79 25 225
198 16 43 43
198 51 49 109
198 63 31 106
198 30 13 133
198 31 21 64
199 1 4 90
199 72 23 109
199 73 25 81
199 43 16 216
199 78 37 199
199 79 10 234
199 17 19 262
199 18 1 158
199 56 27 2
199 24 55 141
199 60 7 58
199 63 49 108
200 67 1 31
200 35 27 36
200 37 31 58
200 72 7 52
200 59 13 31
200 11 10 100
200 46 22 252
200 79 19 20
200 48 41 133
200 20 55 201
200 52 49 99
200 54 52 10
200 56 43 76
200 27 17 135
200 31 37 111
Điểm tối ưu: 2608
Thời gian: 600.2717 giây
Trạng thái: FEASIBLE
