284
1 42 7 30
1 52 13 27
2 12 10 28
2 37 8 34
2 42 5 24
3 1 15 18
3 16 7 16
3 49 25 40
3 59 19 36
4 8 1 10
4 16 43 16
4 23 16 37
4 43 19 29
4 52 27 13
5 16 19 16
5 26 55 36
5 34 16 11
5 48 22 7
5 57 13 19
6 8 10 18
6 9 16 9
6 19 13 1
6 55 4 23
7 49 1 40
7 59 7 36
8 35 58 36
8 41 19 39
8 49 37 39
9 10 37 22
9 23 4 37
9 38 9 26
10 6 3 9
10 29 9 17
11 21 13 25
11 55 31 40
12 38 23 26
12 44 1 32
12 50 13 5
13 4 37 38
13 14 1 7
13 38 5 11
14 20 1 16
15 15 19 22
15 43 28 29
15 54 4 35
16 6 7 9
16 46 4 8
16 57 13 33
17 12 1 28
17 34 21 11
17 53 9 30
18 11 19 5
18 21 1 25
18 46 7 8
19 4 25 30
19 55 1 23
19 57 19 2
20 5 1 21
20 34 5 27
20 42 23 13
21 27 37 3
21 47 16 29
21 49 21 39
21 52 3 17
22 5 25 21
23 17 7 35
23 32 1 1
24 10 13 22
24 18 19 4
24 38 21 26
25 39 10 34
25 40 3 24
25 42 5 15
25 48 19 7
26 9 1 26
26 18 3 22
26 32 19 12
27 33 1 15
27 48 4 31
27 59 13 36
28 11 9 33
28 13 43 39
28 30 7 17
28 47 19 14
29 32 7 32
29 35 16 34
29 54 1 35
30 14 7 7
30 41 3 26
30 46 13 31
30 58 5 21
31 42 1 13
31 47 10 14
31 53 16 14
31 55 13 23
31 56 5 6
32 12 13 26
32 27 31 3
32 29 19 15
32 59 1 36
32 60 7 28
33 7 25 4
34 21 13 3
34 30 17 17
34 32 1 19
34 50 9 5
34 56 7 6
35 9 11 9
35 42 1 31
35 57 22 2
36 3 43 21
36 27 25 3
36 30 1 17
36 32 13 12
36 38 29 26
37 6 25 9
37 9 13 9
37 48 19 19
38 38 7 26
38 58 4 10
39 6 25 2
39 10 7 22
39 24 13 38
39 49 37 40
40 8 19 10
40 41 11 26
40 52 13 17
40 53 22 14
41 6 37 2
41 8 19 18
41 13 16 39
41 19 7 1
41 22 13 18
42 20 31 16
42 57 4 29
43 3 37 21
43 24 31 38
43 47 1 14
44 23 1 37
44 33 22 10
45 3 4 28
45 48 9 25
45 52 33 13
46 3 40 21
46 14 13 7
46 57 46 2
46 59 25 36
47 4 19 27
47 33 4 39
47 46 9 6
47 47 25 14
47 58 13 13
48 5 13 21
48 27 19 3
48 50 4 5
49 39 22 23
49 44 13 15
49 59 49 36
50 7 37 4
50 16 10 16
50 49 19 40
50 54 13 35
50 59 31 36
51 18 17 4
51 55 19 23
51 59 43 36
52 12 16 26
52 38 7 11
52 60 1 20
53 12 1 8
53 52 8 13
54 31 55 38
54 43 40 16
54 49 13 40
54 58 28 10
55 4 49 38
55 42 19 13
55 43 7 29
56 33 25 10
56 44 7 15
57 4 1 27
57 24 7 38
58 18 5 4
58 57 1 29
59 7 13 4
59 20 25 16
59 34 7 27
59 46 10 8
60 16 22 16
60 25 3 12
61 35 1 34
61 57 43 2
62 17 9 11
62 23 13 37
62 25 7 19
62 34 17 27
62 56 3 6
63 30 9 27
63 57 16 19
64 34 3 11
64 43 10 29
64 60 7 20
65 4 25 8
65 18 11 22
65 23 19 37
65 39 4 34
66 7 7 4
66 42 1 24
67 26 40 36
67 43 37 16
68 33 7 39
68 43 46 16
68 55 10 23
69 17 5 25
69 25 9 19
70 12 13 8
70 20 1 3
70 44 19 32
70 49 7 40
71 25 5 12
71 27 7 3
72 18 11 4
72 49 31 39
73 6 7 2
73 12 16 8
73 20 43 3
73 25 1 12
73 52 19 17
74 3 49 21
74 4 19 38
74 17 7 25
74 19 16 1
74 42 25 13
75 1 3 30
75 5 7 21
75 10 31 22
75 13 13 39
75 50 16 5
76 1 1 18
76 19 19 1
76 24 25 38
76 43 34 29
77 23 7 37
77 24 1 38
77 48 22 31
77 52 15 13
78 26 37 36
78 33 7 10
78 55 34 40
79 8 7 31
79 14 13 10
80 6 1 2
80 10 25 22
80 23 37 37
80 39 34 34
80 43 31 29
81 7 1 4
81 16 13 16
82 35 13 34
82 42 21 13
82 43 16 16
82 50 4 14
82 56 1 6
83 1 31 18
83 7 21 4
83 49 25 39
84 5 31 21
85 5 19 21
85 13 1 39
85 39 7 23
85 42 10 31
86 8 10 10
86 41 5 2
86 42 3 13
87 13 10 39
87 50 1 5
88 9 1 9
88 15 15 2
88 22 5 18
88 43 49 16
89 9 5 26
89 43 13 29
90 17 19 11
90 53 1 30
Điểm tối ưu: 284
Thời gian: 600.0259 giây
Trạng thái: FEASIBLE
