1483
1 32 55 110
1 33 22 104
1 2 31 109
1 3 3 84
1 4 17 3
1 37 25 85
1 8 49 19
1 40 43 46
1 16 14 84
1 19 37 148
1 20 29 15
1 22 19 7
1 24 11 120
1 25 7 18
1 27 52 3
2 33 43 86
2 1 19 20
2 34 2 86
2 35 7 121
2 7 31 107
2 8 25 145
2 12 49 6
2 13 23 8
2 16 46 142
2 18 55 67
2 20 13 20
2 22 4 127
2 24 21 57
2 25 17 22
2 31 34 1
3 32 25 47
3 35 22 149
3 4 8 144
3 37 31 85
3 38 13 81
3 10 37 127
3 14 55 35
3 16 16 59
3 17 4 48
3 19 43 21
3 20 41 20
3 21 1 131
3 23 29 11
3 27 19 67
3 28 10 98
4 32 13 110
4 33 34 31
4 34 38 86
4 2 1 90
4 4 19 3
4 38 40 12
4 8 31 103
4 13 8 44
4 17 22 119
4 19 49 132
4 20 25 17
4 21 28 131
4 23 5 88
4 29 43 49
4 31 10 50
5 1 29 96
5 3 37 121
5 36 43 79
5 5 11 148
5 39 15 24
5 7 19 77
5 9 22 54
5 10 7 73
5 40 25 79
5 12 1 141
5 24 13 57
5 25 5 62
5 30 49 82
5 31 34 125
6 32 7 126
6 34 35 108
6 2 25 40
6 35 37 114
6 4 29 84
6 38 32 12
6 40 13 11
6 13 21 46
6 17 40 48
6 19 49 23
6 23 19 29
6 24 11 21
6 29 1 49
6 30 43 9
6 31 55 1
7 1 35 19
7 2 49 90
7 35 22 114
7 37 15 85
7 5 53 38
7 6 13 19
7 40 31 79
7 8 7 138
7 12 1 6
7 16 19 52
7 17 58 5
7 18 37 96
7 20 5 17
7 22 55 7
7 30 43 82
8 32 25 110
8 33 4 31
8 4 11 84
8 6 17 34
8 38 19 27
8 9 1 109
8 10 31 39
8 11 49 87
8 13 7 113
8 16 40 17
8 17 37 48
8 22 52 45
8 23 9 11
8 29 43 68
8 31 22 116
9 1 19 117
9 2 25 90
9 35 8 114
9 4 11 107
9 36 1 79
9 6 5 14
9 8 55 138
9 9 46 109
9 14 21 120
9 15 31 72
9 18 13 67
9 21 43 32
9 27 58 130
9 29 37 55
9 30 49 137
10 4 34 84
10 37 19 85
10 38 25 27
10 39 55 8
10 6 41 86
10 10 13 127
10 15 9 72
10 16 49 17
10 17 31 143
10 19 37 21
10 25 7 22
10 27 52 130
10 28 1 98
10 29 43 55
10 31 28 50
11 3 7 102
11 36 49 33
11 37 55 105
11 5 5 148
11 39 19 135
11 40 1 46
11 10 31 93
11 13 35 46
11 15 13 100
11 16 43 142
11 18 25 115
11 26 11 111
11 28 46 59
11 30 37 82
12 1 17 29
12 35 46 149
12 37 9 85
12 39 55 32
12 9 52 54
12 10 19 25
12 11 1 124
12 14 31 134
12 15 13 128
12 17 25 48
12 20 4 37
12 22 40 7
12 23 7 11
12 27 49 3
12 31 37 50
13 4 23 102
13 39 19 24
13 8 1 103
13 9 25 109
13 12 13 141
13 13 11 48
13 16 52 142
13 17 34 119
13 18 37 67
13 19 55 87
13 21 4 24
13 27 28 107
13 28 43 129
13 29 7 55
13 31 49 1
14 2 19 56
14 3 37 84
14 34 23 125
14 35 13 114
14 38 16 81
14 40 3 34
14 8 7 103
14 11 31 87
14 12 55 89
14 13 25 23
14 15 27 72
14 17 10 143
14 19 43 148
14 20 59 114
14 26 1 66
15 1 7 20
15 33 34 77
15 34 41 96
15 36 21 28
15 37 37 85
15 35 28 121
15 8 58 64
15 10 1 93
15 11 10 124
15 13 19 46
15 14 51 120
15 16 55 142
15 18 13 147
15 25 25 62
15 29 43 69
16 1 31 20
16 34 25 125
16 2 19 150
16 36 43 76
16 4 47 95
16 7 16 77
16 40 7 34
16 9 1 5
16 39 27 24
16 12 49 68
16 16 37 80
16 18 55 147
16 20 4 36
16 22 13 7
16 29 33 55
17 1 17 19
17 35 52 149
17 37 1 85
17 7 31 77
17 8 44 145
17 10 19 127
17 19 13 146
17 20 23 17
17 21 49 24
17 23 25 88
17 24 47 21
17 26 11 66
17 28 40 42
17 30 7 140
18 34 11 86
18 35 13 121
18 37 21 15
18 38 1 27
18 7 25 107
18 40 37 46
18 11 46 124
18 12 7 141
18 15 55 72
18 17 49 48
18 19 31 148
18 25 28 130
18 26 16 30
18 28 52 98
18 31 43 50
19 32 33 126
19 2 7 90
19 3 43 121
19 4 17 84
19 5 31 55
19 6 25 14
19 13 27 113
19 14 49 35
19 17 58 48
19 19 1 21
19 22 22 51
19 27 55 3
19 28 19 42
19 29 37 41
19 30 13 140
20 32 13 126
20 2 1 142
20 35 31 114
20 3 19 84
20 6 23 14
20 7 46 107
20 8 25 19
20 14 49 134
20 15 37 128
20 17 10 5
20 22 7 51
20 23 41 11
20 27 28 67
20 29 55 49
20 31 43 125
21 33 13 33
21 1 5 19
21 36 55 62
21 5 11 55
21 6 28 80
21 7 46 56
21 39 49 8
21 8 31 64
21 10 37 73
21 11 25 87
21 15 7 100
21 26 16 14
21 27 2 107
21 29 19 49
21 31 43 143
22 2 25 136
22 5 29 66
22 37 43 105
22 39 31 75
22 7 55 131
22 40 37 34
22 9 58 108
22 11 19 18
22 15 49 128
22 18 1 39
22 19 7 119
22 20 47 15
22 21 16 41
22 31 22 1
23 2 43 150
23 4 33 10
23 36 19 76
23 6 35 95
23 7 7 56
23 8 13 103
23 9 10 109
23 10 27 25
23 13 31 44
23 17 55 5
23 19 1 146
23 24 41 21
23 25 25 108
23 27 37 130
23 29 49 69
24 4 14 102
24 5 35 66
24 7 52 56
24 40 19 11
24 8 49 147
24 10 55 39
24 13 1 41
24 14 31 35
24 15 37 72
24 18 25 96
24 19 3 23
24 22 43 51
24 27 16 107
24 28 46 98
25 34 1 129
25 3 13 16
25 37 43 91
25 38 49 27
25 7 37 56
25 8 40 19
25 40 19 31
25 10 55 73
25 14 25 42
25 15 31 100
25 17 52 31
25 20 17 114
25 24 47 10
25 29 7 69
25 30 3 9
26 2 7 142
26 34 11 129
26 36 31 76
26 6 19 34
26 8 52 105
26 9 46 51
26 12 21 89
26 16 4 57
26 19 37 132
26 21 49 131
26 23 35 29
26 24 59 131
26 28 13 98
26 29 55 55
26 31 1 1
27 1 27 117
27 2 9 150
27 4 25 102
27 37 19 91
27 5 41 148
27 39 37 58
27 8 55 38
27 10 13 73
27 15 43 128
27 17 49 5
27 19 1 148
27 24 7 10
27 26 5 30
27 27 34 67
27 28 31 144
28 3 37 149
28 35 4 149
28 37 7 91
28 39 13 135
28 9 55 51
28 11 28 87
28 15 49 100
28 16 22 52
28 19 43 119
28 23 11 11
28 24 35 21
28 26 2 40
28 27 25 130
28 30 31 140
28 31 19 50
29 33 7 77
29 2 43 90
29 3 31 149
29 36 25 76
29 4 1 102
29 39 51 75
29 9 10 132
29 12 13 68
29 14 37 134
29 19 19 148
29 24 49 120
29 25 29 18
29 27 58 3
29 29 3 55
30 1 3 117
30 34 11 96
30 4 1 84
30 5 5 38
30 38 55 28
30 10 19 39
30 13 13 113
30 17 25 5
30 18 33 115
30 19 7 21
30 20 15 37
30 22 28 7
30 23 31 88
30 24 23 10
30 30 51 9
31 33 40 33
31 3 45 84
31 5 49 66
31 6 35 14
31 39 31 8
31 9 28 51
31 13 53 8
31 16 19 86
31 17 1 143
31 19 55 148
31 20 43 37
31 21 37 131
31 26 11 115
31 28 25 144
31 29 7 49
32 32 13 47
32 34 47 86
32 36 31 33
32 5 3 66
32 8 25 78
32 9 55 132
32 10 49 73
32 12 19 6
32 13 35 8
32 14 43 35
32 16 28 59
32 18 7 147
32 19 37 23
32 25 11 62
32 26 1 30
33 35 28 68
33 3 55 6
33 38 34 27
33 39 7 8
33 7 52 107
33 9 19 108
33 11 22 87
33 13 11 46
33 14 43 120
33 15 13 72
33 16 31 80
33 20 59 15
33 23 1 11
33 28 25 98
33 29 3 69
34 34 11 125
34 35 4 114
34 4 9 3
34 5 17 148
34 6 31 14
34 38 28 27
34 40 49 79
34 9 43 109
34 12 33 32
34 15 55 128
34 22 25 45
34 23 19 45
34 24 53 10
34 27 46 130
34 29 21 58
35 3 49 84
35 4 25 10
35 36 27 28
35 40 19 26
35 11 8 87
35 16 40 80
35 17 31 31
35 19 55 21
35 21 37 32
35 22 4 51
35 23 1 59
35 25 53 22
35 26 11 30
35 31 13 1
36 33 7 86
36 2 49 109
36 4 10 10
36 38 19 109
36 39 3 58
36 8 31 19
36 9 13 5
36 10 43 127
36 11 34 87
36 12 37 89
36 13 1 44
36 15 55 61
36 24 27 17
36 25 25 22
36 27 22 67
37 33 4 102
37 34 34 129
37 3 19 16
37 2 43 40
37 5 7 38
37 38 55 124
37 39 9 58
37 9 37 109
37 11 31 124
37 17 13 31
37 22 49 7
37 24 23 57
37 25 1 62
37 26 17 40
37 31 25 143
38 33 46 31
38 34 31 86
38 3 33 102
38 36 49 28
38 37 55 85
38 5 5 66
38 39 25 75
38 35 22 121
38 12 37 6
38 16 19 142
38 17 10 31
38 18 1 96
38 23 13 88
38 25 8 62
38 29 15 69
39 33 46 33
39 3 25 52
39 36 49 76
39 37 37 105
39 6 3 95
39 5 13 55
39 12 9 32
39 13 23 146
39 14 19 134
39 16 43 57
39 20 1 17
39 21 34 131
39 23 7 88
39 31 31 1
40 33 4 86
40 36 55 76
40 5 9 66
40 6 29 34
40 39 43 58
40 8 13 138
40 7 22 107
40 10 37 93
40 13 7 46
40 18 49 39
40 19 25 132
40 21 16 32
40 25 11 22
40 30 31 137
41 32 37 126
41 1 5 117
41 2 1 56
41 35 55 121
41 4 21 10
41 33 43 31
41 38 49 124
41 8 25 64
41 9 28 108
41 11 52 87
41 12 9 89
41 23 7 59
41 25 15 22
41 26 13 115
41 30 31 82
42 33 52 88
42 3 25 16
42 36 7 76
42 5 14 66
42 6 19 19
42 37 55 56
42 9 49 54
42 12 31 141
42 19 43 87
42 20 35 36
42 21 37 24
42 22 22 77
42 23 5 11
42 25 3 62
42 28 16 144
43 1 11 117
43 2 39 142
43 3 31 121
43 36 3 20
43 37 55 15
43 10 49 127
43 11 7 124
43 12 27 6
43 13 25 44
43 14 43 42
43 19 13 148
43 24 1 57
43 25 37 22
43 29 19 55
44 33 28 33
44 34 41 125
44 35 25 68
44 36 7 136
44 6 52 14
44 39 1 75
44 40 45 26
44 9 49 108
44 11 13 87
44 15 55 100
44 17 19 119
44 18 37 147
44 20 11 114
44 21 34 41
44 23 43 11
45 1 50 29
45 4 5 107
45 37 55 91
45 5 35 148
45 39 37 8
45 7 10 56
45 12 21 32
45 14 13 35
45 18 25 147
45 21 7 131
45 22 46 7
45 26 19 104
45 29 31 69
45 31 52 116
46 2 33 90
46 3 7 84
46 36 21 20
46 37 49 85
46 38 3 91
46 6 1 34
46 7 16 131
46 10 55 93
46 13 19 44
46 17 13 143
46 23 11 45
46 24 31 17
46 26 43 66
46 27 40 107
46 29 25 58
47 35 52 114
47 36 7 28
47 37 43 15
47 7 13 77
47 8 49 64
47 9 25 54
47 10 37 25
47 39 55 24
47 15 3 100
47 17 28 31
47 19 31 21
47 20 47 37
47 22 16 7
47 26 1 94
47 30 19 140
48 33 16 86
48 3 7 115
48 6 35 86
48 39 31 58
48 38 13 27
48 8 43 78
48 11 1 18
48 13 23 23
48 14 19 35
48 15 25 100
48 19 49 148
48 22 40 51
48 24 37 10
48 27 4 67
48 29 55 41
49 32 49 47
49 33 25 33
49 34 14 9
49 2 55 90
49 4 40 3
49 36 43 62
49 5 23 66
49 1 28 20
49 8 16 78
49 9 7 132
49 20 19 17
49 23 10 59
49 25 21 22
49 28 31 42
49 31 1 50
50 1 7 29
50 33 58 77
50 3 43 16
50 35 55 114
50 6 9 80
50 39 49 32
50 40 37 11
50 9 13 51
50 10 31 127
50 12 1 89
50 19 25 21
50 25 5 22
50 28 19 98
50 31 16 116
51 32 31 47
51 2 25 150
51 34 1 128
51 3 37 102
51 36 13 62
51 6 41 95
51 35 43 149
51 8 46 138
51 10 49 93
51 11 58 18
51 15 19 72
51 19 7 146
51 22 4 7
51 27 55 107
52 1 1 20
52 2 13 109
52 35 4 121
52 38 22 109
52 39 31 135
52 7 40 77
52 6 11 95
52 12 43 6
52 14 25 120
52 23 9 29
52 26 7 14
52 27 58 107
52 28 37 42
52 29 49 49
53 1 7 19
53 2 13 150
53 36 39 76
53 5 37 38
53 39 43 75
53 8 2 19
53 9 19 132
53 11 28 124
53 16 49 59
53 17 31 119
53 18 9 67
53 19 55 119
53 21 52 131
53 24 5 21
53 25 22 130
54 32 55 126
54 5 19 38
54 39 37 135
54 10 43 25
54 14 3 134
54 15 25 141
54 16 13 17
54 19 7 23
54 21 34 24
54 23 1 45
54 24 47 57
54 25 23 22
54 27 31 67
54 28 49 142
54 31 16 143
55 32 49 126
55 2 55 40
55 35 25 114
55 4 7 3
55 37 13 15
55 7 37 77
55 40 21 34
55 11 40 124
55 12 43 141
55 15 3 72
55 19 31 132
55 21 28 32
55 24 17 57
55 25 1 22
55 30 9 74
56 32 31 110
56 34 23 127
56 35 37 68
56 36 57 50
56 38 16 27
56 40 19 124
56 10 7 93
56 15 25 128
56 17 1 31
56 20 29 36
56 21 13 41
56 25 53 62
56 28 43 144
56 30 49 74
56 31 4 1
57 33 55 33
57 35 4 136
57 40 13 34
57 9 37 108
57 8 19 138
57 12 43 89
57 14 7 42
57 15 49 61
57 16 22 59
57 19 31 146
57 20 11 20
57 23 47 29
57 24 17 21
57 25 53 108
57 28 40 144
58 1 29 19
58 34 23 129
58 3 55 84
58 7 49 107
58 40 31 11
58 8 16 64
58 10 25 73
58 11 52 124
58 15 43 100
58 18 19 96
58 19 7 148
58 21 13 32
58 23 3 59
58 26 1 115
58 29 37 69
59 32 43 126
59 33 55 18
59 36 31 28
59 39 7 75
59 8 52 145
59 10 19 93
59 11 58 124
59 12 13 89
59 13 11 44
59 16 49 80
59 17 37 119
59 19 25 148
59 21 40 32
59 24 5 120
59 30 1 140
60 32 1 110
60 34 17 125
60 35 58 121
60 5 47 148
60 7 28 56
60 39 43 135
60 10 31 73
60 15 37 141
60 16 55 17
60 19 19 23
60 20 23 36
60 21 25 131
60 24 9 17
60 27 14 130
60 29 49 41
61 33 13 104
61 3 51 102
61 36 33 62
61 5 1 38
61 6 11 141
61 8 39 78
61 10 3 25
61 14 7 120
61 19 19 146
61 21 25 32
61 22 28 45
61 23 49 11
61 26 37 94
61 28 55 144
61 31 16 1
62 32 49 110
62 36 37 62
62 40 25 46
62 11 46 18
62 13 41 23
62 15 9 128
62 16 34 52
62 17 43 48
62 18 13 96
62 19 1 87
62 20 17 15
62 22 22 7
62 24 7 17
62 25 32 22
62 31 58 1
63 33 55 86
63 2 37 150
63 34 14 86
63 36 49 62
63 5 23 38
63 38 16 12
63 39 25 135
63 40 19 137
63 10 7 25
63 12 3 68
63 13 11 8
63 15 31 61
63 16 43 17
63 23 35 11
63 26 1 111
64 2 7 40
64 34 1 9
64 4 14 107
64 36 51 20
64 35 55 149
64 7 40 56
64 39 25 8
64 16 46 17
64 17 19 48
64 22 37 7
64 23 16 88
64 25 49 22
64 27 4 3
64 28 43 98
64 30 31 9
65 33 25 31
65 34 46 108
65 3 49 121
65 36 37 20
65 37 1 15
65 6 11 14
65 4 16 95
65 9 31 5
65 10 55 127
65 11 13 124
65 13 41 8
65 15 19 61
65 17 28 48
65 22 8 45
65 23 5 29
66 33 34 18
66 1 23 29
66 3 55 115
66 4 43 107
66 37 49 15
66 36 45 20
66 39 37 75
66 7 31 56
66 5 11 38
66 15 13 61
66 21 4 131
66 22 25 7
66 29 7 41
66 30 19 82
66 31 28 116
67 32 55 47
67 1 11 29
67 2 31 40
67 33 49 31
67 4 29 3
67 35 16 121
67 7 19 131
67 9 37 5
67 11 52 18
67 15 25 61
67 18 7 39
67 26 22 62
67 28 13 42
67 29 43 41
67 30 1 42
68 1 9 19
68 6 11 34
68 9 16 108
68 11 13 18
68 12 55 68
68 14 31 120
68 18 19 115
68 21 46 32
68 23 23 11
68 24 7 57
68 27 1 3
68 28 4 144
68 29 27 55
68 30 37 137
68 31 43 116
69 32 7 110
69 2 55 150
69 37 37 15
69 7 25 56
69 40 31 26
69 10 43 39
69 11 16 18
69 13 11 23
69 17 28 5
69 18 19 147
69 23 41 29
69 24 59 21
69 25 2 130
69 27 4 8
69 31 13 116
70 32 19 47
70 1 47 19
70 2 37 90
70 3 7 52
70 4 29 102
70 37 43 85
70 6 23 95
70 39 13 75
70 9 2 54
70 14 49 42
70 21 31 24
70 23 17 11
70 25 5 18
70 28 34 59
70 31 25 116
71 2 15 90
71 35 20 68
71 3 37 16
71 5 27 38
71 6 23 80
71 39 49 58
71 4 25 84
71 8 10 103
71 10 55 25
71 18 31 96
71 20 1 36
71 25 13 108
71 26 29 30
71 27 7 107
71 28 4 98
72 2 3 128
72 4 55 54
72 37 31 91
72 6 7 80
72 38 26 81
72 40 19 79
72 9 16 54
72 5 1 55
72 12 9 6
72 15 43 61
72 25 29 22
72 26 23 56
72 27 40 18
72 30 57 140
72 31 13 50
73 2 43 136
73 35 19 149
73 34 22 86
73 37 49 91
73 36 37 28
73 39 55 135
73 9 13 54
73 10 31 25
73 16 25 57
73 18 7 96
73 20 16 17
73 23 1 88
73 24 5 10
73 25 3 22
73 26 47 66
74 34 55 9
74 35 19 136
74 37 25 146
74 6 37 19
74 39 43 8
74 38 49 12
74 9 10 108
74 8 7 64
74 11 34 124
74 12 13 6
74 13 52 46
74 7 22 69
74 23 5 45
74 24 3 10
74 26 31 62
75 32 7 47
75 1 34 117
75 34 17 127
75 6 1 14
75 7 25 69
75 11 31 18
75 13 29 8
75 14 43 134
75 16 52 80
75 19 13 21
75 20 11 37
75 23 19 88
75 24 3 120
75 26 5 40
75 31 37 91
76 2 19 90
76 4 7 54
76 36 43 23
76 38 49 81
76 7 28 69
76 6 23 141
76 5 16 66
76 10 9 127
76 14 39 120
76 16 13 59
76 17 25 119
76 22 52 7
76 24 37 17
76 29 31 49
76 30 1 119
77 1 1 29
77 34 28 129
77 35 25 121
77 36 3 76
77 33 52 77
77 39 19 8
77 40 31 34
77 8 49 103
77 18 37 115
77 19 13 132
77 20 35 37
77 21 43 24
77 22 10 51
77 26 7 30
77 29 55 69
78 33 16 33
78 1 27 29
78 7 31 131
78 40 7 26
78 9 22 132
78 8 34 78
78 10 3 41
78 13 1 23
78 15 37 61
78 18 43 96
78 22 13 45
78 23 25 11
78 27 58 58
78 28 19 144
78 30 49 140
79 33 43 88
79 2 33 142
79 35 28 114
79 5 31 38
79 38 16 28
79 39 1 135
79 15 55 141
79 16 37 52
79 19 49 21
79 21 46 24
79 22 25 51
79 27 13 8
79 28 40 68
79 29 19 41
79 31 7 116
80 32 37 110
80 33 43 104
80 35 19 114
80 4 5 56
80 38 13 28
80 40 55 31
80 9 46 5
80 10 1 73
80 11 16 124
80 12 31 68
80 14 7 134
80 15 49 72
80 17 22 143
80 19 27 23
80 25 11 130
81 33 25 127
81 3 43 102
81 6 14 95
81 7 34 56
81 9 7 109
81 11 37 18
81 13 31 46
81 17 16 119
81 20 19 15
81 23 47 11
81 24 28 10
81 28 22 42
81 29 49 55
81 30 1 137
81 31 10 1
82 34 2 127
82 3 7 149
82 37 13 105
82 6 53 86
82 11 26 18
82 16 43 52
82 19 49 119
82 20 32 36
82 21 46 131
82 23 21 29
82 25 19 130
82 26 41 30
82 27 37 3
82 28 34 98
82 30 55 137
83 2 19 40
83 37 49 146
83 6 4 80
83 38 10 12
83 5 29 38
83 10 15 25
83 13 23 113
83 15 43 72
83 16 58 142
83 17 7 5
83 18 25 39
83 19 37 146
83 20 13 37
83 21 1 24
83 24 31 57
84 33 37 33
84 1 17 20
84 3 51 16
84 34 49 9
84 37 31 15
84 4 26 3
84 8 19 64
84 9 28 54
84 12 1 32
84 14 7 35
84 21 40 24
84 22 43 77
84 30 13 74
84 31 55 143
85 35 10 121
85 5 13 38
85 6 19 95
85 7 34 107
85 40 45 34
85 9 1 108
85 38 7 12
85 12 27 89
85 15 21 100
85 17 16 31
85 22 31 7
85 25 43 130
85 26 25 104
85 27 49 130
85 29 37 49
86 2 49 150
86 34 32 125
86 3 1 52
86 38 37 12
86 7 19 69
86 8 28 64
86 9 22 5
86 14 55 120
86 17 8 48
86 18 43 115
86 20 5 15
86 22 25 77
86 24 11 131
86 27 40 130
86 29 15 55
87 32 43 47
87 1 49 20
87 3 51 52
87 36 3 33
87 39 55 75
87 7 28 77
87 11 25 124
87 12 31 6
87 13 1 113
87 20 10 36
87 22 22 45
87 26 20 14
87 27 16 8
87 30 37 140
87 31 7 125
88 33 8 33
88 34 23 128
88 2 15 136
88 4 11 102
88 5 59 55
88 6 13 14
88 7 37 107
88 8 1 105
88 9 4 132
88 12 19 141
88 14 55 42
88 18 31 147
88 19 43 146
88 21 28 41
88 31 25 50
89 33 16 102
89 2 55 136
89 35 13 149
89 1 1 117
89 5 7 66
89 34 19 9
89 39 21 75
89 10 43 93
89 13 9 113
89 15 37 100
89 22 52 51
89 27 33 3
89 28 49 98
89 30 25 74
89 31 3 125
90 33 43 18
90 2 37 40
90 3 57 52
90 5 31 66
90 6 5 95
90 39 49 135
90 9 46 54
90 11 22 18
90 12 33 89
90 13 3 113
90 16 25 142
90 21 13 131
90 22 28 127
90 25 55 130
90 28 16 42
91 32 1 126
91 34 21 129
91 3 31 16
91 4 19 107
91 37 7 105
91 38 39 81
91 5 17 38
91 9 43 5
91 10 13 39
91 16 58 17
91 18 49 96
91 21 25 41
91 24 37 120
91 25 5 130
91 31 28 1
92 32 19 110
92 1 1 69
92 34 37 129
92 2 13 40
92 33 49 86
92 37 25 105
92 5 47 38
92 9 52 5
92 10 43 73
92 14 39 35
92 15 3 61
92 19 31 23
92 20 23 37
92 22 7 7
92 24 17 120
93 34 1 125
93 3 3 16
93 36 33 20
93 4 23 3
93 38 46 12
93 40 27 137
93 9 43 108
93 11 38 87
93 14 13 134
93 15 19 128
93 20 41 15
93 22 49 51
93 26 25 66
93 30 55 74
94 32 37 47
94 36 55 20
94 37 9 15
94 7 43 131
94 11 4 124
94 12 49 89
94 14 25 35
94 15 31 128
94 16 19 80
94 19 13 23
94 20 7 37
94 21 22 131
94 23 17 45
94 28 46 144
95 32 25 126
95 2 33 136
95 3 49 115
95 4 31 3
95 36 43 28
95 6 1 80
95 39 7 24
95 9 4 109
95 10 13 93
95 13 17 44
95 18 37 39
95 19 55 146
95 23 53 29
95 28 22 144
95 31 19 1
96 32 1 47
96 1 17 96
96 33 34 104
96 5 25 55
96 37 27 91
96 39 7 135
96 7 43 56
96 9 37 51
96 10 19 73
96 12 49 141
96 13 5 46
96 16 46 52
96 17 40 31
96 27 31 130
96 29 13 49
97 32 43 110
97 35 1 114
97 4 31 54
97 37 13 91
97 5 33 38
97 7 49 56
97 40 27 26
97 8 19 105
97 11 37 124
97 12 7 68
97 17 4 5
97 23 25 59
97 24 53 21
97 28 22 98
97 30 55 82
98 1 58 19
98 34 13 129
98 3 7 16
98 36 15 76
98 4 1 144
98 5 25 38
98 8 45 103
98 9 19 5
98 10 27 93
98 18 49 67
98 21 31 41
98 24 22 21
98 25 41 62
98 26 3 111
98 27 55 58
99 32 21 126
99 35 1 136
99 36 49 50
99 5 29 148
99 38 46 81
99 39 13 58
99 40 55 34
99 15 7 61
99 16 37 59
99 21 40 131
99 22 43 7
99 24 19 10
99 26 4 104
99 29 25 49
99 31 31 50
100 33 31 104
100 1 7 117
100 35 49 114
100 4 1 10
100 3 9 18
100 37 13 56
100 7 4 77
100 40 55 26
100 8 22 78
100 17 34 143
100 19 43 132
100 22 40 45
100 24 20 21
100 28 37 98
100 30 25 9
Điểm tối ưu: 1483
Thời gian: 600.1621 giây
Trạng thái: FEASIBLE
