1160
1 32 31 3
1 35 7 44
1 4 11 7
1 8 13 125
1 40 49 62
1 14 19 143
1 16 17 34
1 17 43 115
1 19 25 149
1 20 1 64
1 26 52 55
1 30 37 78
2 32 21 57
2 2 5 95
2 36 16 1
2 6 27 78
2 40 7 119
2 16 19 112
2 20 43 17
2 23 29 89
2 24 10 70
2 25 31 97
2 26 49 131
2 29 1 95
3 32 19 105
3 33 34 110
3 2 7 83
3 4 17 123
3 39 1 129
3 7 23 19
3 15 10 23
3 17 55 143
3 18 43 73
3 19 25 28
3 27 37 136
3 30 28 61
4 34 13 71
4 35 31 121
4 3 41 150
4 38 37 123
4 11 5 122
4 12 49 128
4 14 21 36
4 15 7 87
4 18 16 73
4 27 1 10
4 28 10 91
4 31 43 119
5 34 10 38
5 3 59 25
5 6 15 52
5 8 19 132
5 13 25 141
5 15 31 87
5 23 5 132
5 25 34 89
5 26 55 55
5 30 43 126
5 31 1 60
6 3 35 44
6 4 21 18
6 36 31 1
6 5 5 57
6 10 23 110
6 11 11 122
6 17 37 66
6 19 25 20
6 24 19 149
6 26 58 55
6 28 16 40
6 31 7 89
7 37 37 103
7 38 55 79
7 6 11 52
7 9 41 131
7 10 1 110
7 13 13 141
7 18 31 73
7 21 34 19
7 22 25 81
7 25 4 48
7 27 19 10
7 30 43 3
8 34 29 38
8 3 7 94
8 36 10 1
8 37 25 103
8 6 55 78
8 4 1 7
8 38 31 79
8 9 17 131
8 21 4 84
8 22 43 81
8 28 22 40
8 30 51 61
9 33 9 61
9 3 1 94
9 36 19 1
9 5 29 82
9 6 7 52
9 40 31 77
9 9 3 54
9 10 17 36
9 18 22 73
9 20 13 64
9 27 25 136
9 28 55 91
10 33 17 101
10 35 21 121
10 6 57 78
10 7 53 14
10 8 13 72
10 9 49 54
10 11 5 59
10 21 43 84
10 22 33 81
10 25 25 140
10 27 7 10
10 28 1 40
11 2 29 95
11 3 27 94
11 4 21 7
11 5 5 68
11 10 19 36
11 12 1 11
11 14 31 122
11 16 15 26
11 17 7 115
11 18 49 73
11 22 37 81
11 23 11 114
12 35 43 44
12 36 49 1
12 5 13 57
12 7 47 127
12 40 19 119
12 10 7 36
12 11 9 86
12 15 4 23
12 20 37 64
12 26 31 128
13 35 25 44
13 36 49 107
13 4 29 7
13 6 3 52
13 40 16 62
13 8 43 72
13 10 19 110
13 14 37 17
13 23 9 25
13 24 11 37
13 30 52 126
13 31 31 35
14 33 11 101
14 34 21 38
14 3 39 61
14 11 1 138
14 12 25 11
14 16 19 26
14 19 3 20
14 26 16 55
14 27 49 2
14 28 31 40
14 30 46 148
15 32 13 131
15 4 23 7
15 6 17 52
15 7 27 112
15 10 5 36
15 13 31 141
15 14 37 36
15 15 43 23
15 16 29 26
15 28 10 40
15 29 57 54
15 31 1 53
16 33 7 61
16 34 27 38
16 4 19 7
16 5 9 68
16 40 13 62
16 9 5 54
16 12 31 11
16 13 55 118
16 15 16 23
16 16 23 132
16 22 1 81
16 27 43 2
17 32 25 57
17 33 19 65
17 3 11 44
17 35 49 14
17 38 7 79
17 6 21 52
17 40 46 62
17 9 13 54
17 13 1 141
17 21 31 19
17 30 37 148
18 32 9 57
18 36 1 1
18 6 23 52
18 7 13 112
18 8 45 132
18 40 16 91
18 38 25 79
18 15 31 23
18 23 43 114
18 28 19 40
18 31 37 53
19 32 55 103
19 34 49 71
19 35 43 14
19 4 11 18
19 7 5 112
19 12 7 11
19 14 1 122
19 17 13 61
19 19 31 26
19 22 19 12
19 25 34 27
19 29 25 71
20 33 11 61
20 3 13 25
20 37 7 118
20 6 29 78
20 7 25 127
20 40 1 142
20 11 15 59
20 12 55 11
20 19 19 50
20 26 49 55
20 27 37 2
20 30 22 148
21 35 1 121
21 37 52 118
21 39 19 58
21 40 13 142
21 7 16 127
21 10 23 70
21 11 11 59
21 14 25 36
21 16 46 34
21 18 40 71
21 27 7 2
21 28 43 40
22 33 15 110
22 36 52 1
22 5 13 82
22 37 28 103
22 39 10 143
22 11 17 138
22 13 19 126
22 17 1 115
22 18 37 71
22 21 7 84
22 24 5 149
22 27 43 19
23 32 37 105
23 33 16 65
23 35 55 121
23 36 43 124
23 12 1 128
23 17 31 115
23 18 13 73
23 19 49 89
23 20 25 22
23 21 46 84
23 22 19 81
23 24 5 140
24 34 7 148
24 3 37 25
24 36 55 124
24 5 21 82
24 37 45 103
24 7 43 127
24 40 39 77
24 15 13 87
24 22 49 12
24 25 25 27
24 26 28 55
24 30 58 61
25 32 7 131
25 2 11 67
25 35 49 44
25 40 46 91
25 9 1 131
25 16 3 144
25 23 17 80
25 24 5 21
25 27 13 136
25 28 34 91
25 29 55 95
25 31 19 35
26 32 7 3
26 33 5 110
26 6 17 78
26 39 31 58
26 11 25 138
26 12 1 130
26 17 13 66
26 18 52 73
26 21 22 84
26 24 19 37
26 28 28 91
27 36 49 124
27 6 13 78
27 8 7 132
27 14 43 143
27 15 22 23
27 16 11 144
27 19 19 92
27 24 1 140
27 25 15 104
27 27 25 2
27 30 52 148
27 31 31 119
28 2 13 83
28 35 15 14
28 5 7 57
28 8 3 125
28 9 41 72
28 11 9 138
28 16 31 34
28 19 51 92
28 23 11 103
28 24 1 37
28 25 25 89
29 33 17 136
29 2 21 86
29 36 1 124
29 5 19 68
29 40 34 123
29 12 7 130
29 17 55 84
29 19 4 50
29 23 11 47
29 25 25 104
29 29 37 95
29 31 49 60
30 32 7 19
30 3 29 150
30 4 22 94
30 6 41 52
30 39 13 129
30 40 19 77
30 10 1 36
30 11 11 128
30 13 31 21
30 16 5 144
30 28 25 91
30 31 43 53
31 32 13 105
31 33 23 136
31 34 35 148
31 4 5 18
31 6 37 52
31 7 3 127
31 8 19 125
31 40 9 142
31 12 31 130
31 21 28 84
31 24 17 93
31 31 39 60
32 3 15 94
32 38 49 79
32 8 1 132
32 9 34 131
32 12 37 128
32 14 43 122
32 16 11 26
32 18 31 38
32 20 25 64
32 25 19 48
32 28 7 91
32 31 55 35
33 33 7 110
33 34 31 71
33 7 17 112
33 8 13 132
33 11 1 86
33 12 37 11
33 13 27 13
33 16 11 132
33 17 45 66
33 18 19 73
33 23 25 114
33 28 4 40
34 34 5 38
34 5 29 57
34 38 13 123
34 8 55 125
34 40 1 62
34 9 47 131
34 14 7 51
34 20 43 64
34 21 25 84
34 25 19 66
34 27 37 10
34 29 31 95
35 3 31 94
35 4 5 124
35 39 25 122
35 8 49 125
35 40 19 142
35 10 13 110
35 11 9 59
35 17 43 61
35 20 55 22
35 24 11 140
35 29 37 54
35 30 1 148
36 2 16 67
36 6 25 52
36 10 35 150
36 11 19 70
36 14 27 143
36 17 37 126
36 19 1 50
36 21 55 51
36 23 4 80
36 29 21 54
36 31 7 35
37 2 17 83
37 35 55 14
37 37 13 103
37 38 7 126
37 39 25 58
37 11 47 13
37 13 19 118
37 14 49 143
37 23 1 89
37 26 31 55
37 31 43 60
38 2 11 27
38 35 49 121
38 6 29 52
38 39 43 58
38 8 37 72
38 13 1 21
38 14 7 122
38 15 19 51
38 19 22 50
38 21 58 51
38 28 13 40
38 31 31 53
39 35 13 44
39 5 1 57
39 38 49 142
39 39 7 129
39 40 22 77
39 20 55 17
39 22 37 12
39 23 19 41
39 25 10 97
39 29 3 71
39 30 43 78
39 31 31 150
40 3 31 25
40 35 1 44
40 36 21 124
40 39 7 143
40 9 25 54
40 10 17 110
40 14 13 36
40 15 34 23
40 21 58 21
40 22 27 12
40 28 37 91
40 31 43 89
41 33 43 65
41 37 34 103
41 38 45 142
41 39 16 129
41 8 9 72
41 9 19 54
41 7 1 127
41 13 21 13
41 18 28 73
41 19 49 91
41 22 3 12
41 24 13 140
42 32 55 57
42 33 3 110
42 2 21 27
42 5 13 68
42 6 10 78
42 13 37 118
42 17 49 66
42 19 7 50
42 25 15 97
42 28 25 40
42 29 43 54
43 3 17 25
43 37 46 118
43 38 13 79
43 39 22 58
43 13 31 13
43 15 7 23
43 20 49 64
43 21 19 84
43 25 3 27
43 26 10 55
43 30 25 148
44 32 13 3
44 3 7 25
44 36 19 107
44 8 31 72
44 40 4 142
44 11 1 59
44 19 46 28
44 22 9 12
44 26 37 55
44 29 51 71
44 30 22 3
44 31 55 60
45 2 25 83
45 3 17 94
45 36 4 1
45 38 39 79
45 39 1 56
45 40 10 62
45 11 33 138
45 16 23 144
45 19 7 149
45 20 13 22
45 28 28 40
45 31 19 60
46 33 31 61
46 34 25 38
46 3 15 25
46 36 4 107
46 39 19 56
46 14 43 36
46 21 40 21
46 24 9 37
46 26 1 55
46 27 49 10
46 30 55 61
47 33 53 101
47 39 13 56
47 12 19 130
47 14 49 38
47 15 4 51
47 21 37 21
47 23 11 25
47 25 1 48
47 27 55 2
47 29 7 71
47 30 25 61
48 2 7 27
48 35 21 44
48 5 58 68
48 17 13 126
48 19 43 28
48 21 55 21
48 23 4 148
48 25 1 97
48 26 31 131
48 28 34 40
48 31 37 119
49 33 11 136
49 5 17 68
49 37 25 118
49 38 1 123
49 8 55 72
49 6 39 52
49 9 33 54
49 14 13 122
49 20 7 64
49 21 49 84
49 24 28 149
49 30 19 148
50 32 31 105
50 33 7 65
50 34 23 72
50 6 13 52
50 16 4 34
50 18 39 44
50 19 43 26
50 23 9 114
50 24 11 21
50 27 25 10
50 30 1 78
51 34 11 71
51 35 43 121
51 6 52 78
51 12 7 128
51 16 1 144
51 19 13 50
51 24 3 140
51 25 19 140
51 27 31 136
51 28 49 40
51 30 40 78
51 31 55 89
52 34 1 71
52 3 15 150
52 7 10 127
52 11 13 86
52 13 19 141
52 15 46 23
52 17 25 66
52 25 7 48
52 26 34 128
52 27 37 19
52 28 43 91
53 34 29 71
53 4 15 18
53 9 41 54
53 11 35 13
53 12 25 130
53 18 55 38
53 19 1 13
53 20 19 17
53 23 45 7
53 25 31 48
53 26 7 55
53 31 37 35
54 32 1 105
54 3 29 94
54 38 19 79
54 6 31 52
54 40 7 62
54 11 5 86
54 15 34 87
54 16 13 144
54 19 15 92
54 20 49 22
54 22 55 12
54 29 25 95
55 33 5 136
55 34 31 148
55 2 11 86
55 7 59 14
55 8 7 125
55 9 17 54
55 14 13 143
55 15 25 23
55 17 55 66
55 23 19 47
55 27 1 136
55 29 33 71
56 32 43 105
56 33 27 101
56 3 5 44
56 36 15 124
56 9 35 72
56 14 55 122
56 15 37 23
56 16 13 26
56 21 1 51
56 26 19 55
56 28 31 91
57 33 17 61
57 2 11 83
57 3 33 61
57 35 37 121
57 39 7 56
57 9 1 54
57 11 3 59
57 13 43 141
57 21 52 84
57 23 5 47
57 24 13 77
57 26 25 55
58 32 49 105
58 2 23 81
58 35 33 14
58 34 17 72
58 4 4 7
58 40 1 119
58 11 7 13
58 15 27 87
58 19 10 20
58 21 46 51
58 27 13 2
58 30 19 78
59 2 23 27
59 35 19 14
59 4 25 7
59 37 1 103
59 6 33 78
59 5 7 82
59 40 9 77
59 9 59 72
59 14 13 51
59 17 27 115
59 18 43 38
59 24 4 77
60 32 43 57
60 33 29 136
60 2 13 67
60 3 55 94
60 35 7 14
60 37 4 103
60 5 1 82
60 36 22 107
60 22 15 81
60 26 19 131
60 30 40 148
61 2 19 67
61 4 25 94
61 37 34 118
61 6 31 78
61 9 7 72
61 10 21 150
61 16 9 26
61 21 43 51
61 23 23 41
61 25 27 97
61 27 1 2
61 31 14 53
62 37 40 103
62 6 35 52
62 38 55 142
62 40 37 62
62 8 19 72
62 14 49 122
62 15 16 87
62 18 10 73
62 19 13 149
62 25 1 104
62 26 28 131
62 27 43 136
63 32 19 103
63 2 31 86
63 6 53 52
63 8 49 132
63 13 43 13
63 14 7 17
63 17 37 115
63 19 27 50
63 21 34 84
63 29 15 71
63 31 1 35
64 32 25 3
64 33 47 136
64 4 3 18
64 11 17 128
64 12 13 130
64 14 37 143
64 22 9 81
64 23 5 41
64 25 34 62
64 26 22 131
64 28 58 40
64 30 43 148
65 33 1 101
65 3 17 44
65 37 31 118
65 11 41 138
65 12 43 130
65 14 25 51
65 15 13 23
65 21 10 84
65 23 7 114
65 25 34 18
65 27 49 136
66 3 29 44
66 4 37 124
66 6 1 52
66 40 19 62
66 10 35 70
66 12 49 11
66 15 22 87
66 17 31 66
66 27 13 19
66 28 4 91
66 29 43 95
66 31 25 35
67 32 25 19
67 35 9 121
67 3 49 61
67 5 3 82
67 37 43 118
67 7 7 112
67 9 1 72
67 10 19 150
67 13 37 141
67 20 31 22
67 23 29 148
67 31 13 60
68 2 17 86
68 4 7 7
68 6 25 78
68 38 31 142
68 8 27 125
68 7 53 19
68 11 11 138
68 12 13 128
68 20 19 64
68 26 40 55
68 27 55 10
68 30 4 78
69 32 1 3
69 33 28 65
69 4 5 123
69 5 17 82
69 40 31 123
69 10 37 70
69 12 55 128
69 18 34 73
69 19 7 20
69 22 49 81
69 25 22 140
69 30 13 148
70 35 25 14
70 4 23 78
70 39 4 56
70 15 1 23
70 16 7 34
70 20 37 22
70 21 31 51
70 24 9 21
70 26 34 55
70 27 19 2
70 28 55 40
71 32 37 3
71 33 25 110
71 5 11 82
71 38 7 123
71 40 16 142
71 8 55 132
71 11 19 13
71 19 3 26
71 20 21 22
71 22 31 12
71 24 1 93
71 27 43 10
72 32 37 57
72 33 13 65
72 3 21 25
72 5 35 57
72 38 25 123
72 7 11 19
72 11 19 59
72 13 55 141
72 15 52 87
72 26 4 55
72 30 1 126
72 31 7 60
73 34 59 38
73 4 10 124
73 5 3 68
73 6 15 78
73 3 19 44
73 12 55 130
73 19 21 149
73 23 1 114
73 24 7 37
73 26 44 55
73 29 27 54
74 32 31 57
74 2 9 83
74 34 19 38
74 4 13 94
74 5 15 82
74 36 25 1
74 10 1 70
74 12 49 130
74 15 37 87
74 18 58 71
74 25 3 89
75 32 49 57
75 34 9 148
75 2 19 27
75 4 17 7
75 7 15 112
75 10 25 70
75 14 55 36
75 21 22 51
75 22 43 12
75 23 1 80
75 30 4 126
76 32 7 103
76 34 17 148
76 35 3 14
76 36 40 38
76 4 25 124
76 10 11 36
76 14 49 51
76 15 19 128
76 16 1 34
76 26 43 131
76 31 13 119
77 33 7 101
77 35 55 44
77 5 3 57
77 37 13 118
77 7 25 112
77 39 9 58
77 10 29 36
77 19 31 28
77 21 16 84
77 23 27 41
77 25 20 104
77 29 49 95
78 32 3 131
78 34 53 72
78 36 34 107
78 40 58 62
78 12 37 130
78 16 21 144
78 20 7 22
78 22 13 12
78 23 1 47
78 30 46 3
78 31 25 53
79 32 55 131
79 33 5 101
79 3 11 94
79 5 9 82
79 37 16 118
79 40 28 142
79 14 32 36
79 16 7 26
79 17 19 115
79 20 1 22
79 21 25 21
80 36 34 1
80 9 29 72
80 11 41 70
80 12 25 128
80 13 7 141
80 14 15 38
80 15 3 87
80 16 19 144
80 24 11 51
80 25 55 97
80 26 22 55
81 32 25 105
81 2 3 86
81 4 15 7
81 38 43 123
81 7 1 14
81 8 37 132
81 10 13 150
81 16 47 144
81 27 19 136
81 28 52 40
81 29 7 95
81 30 55 3
82 2 7 86
82 5 47 57
82 38 1 79
82 7 29 112
82 8 37 125
82 13 43 21
82 15 10 87
82 18 25 73
82 23 13 80
82 24 17 70
82 29 19 95
82 31 49 119
83 34 46 38
83 35 37 14
83 4 3 94
83 36 7 124
83 38 55 123
83 5 1 68
83 40 52 91
83 9 59 131
83 14 19 122
83 23 10 41
83 26 13 55
83 31 25 150
84 33 4 65
84 35 31 44
84 36 7 107
84 37 10 118
84 40 49 77
84 13 55 126
84 21 1 84
84 23 16 114
84 26 52 131
84 29 44 71
84 31 19 89
85 33 49 101
85 2 1 27
85 3 5 94
85 35 15 121
85 38 51 123
85 6 47 52
85 40 26 77
85 10 7 70
85 21 31 84
85 24 3 149
85 28 40 91
85 31 43 35
86 3 1 61
86 38 37 142
86 7 5 127
86 8 31 125
86 40 25 119
86 12 19 11
86 13 49 21
86 16 13 14
86 18 46 73
86 19 16 57
86 25 28 104
86 27 7 136
87 37 28 118
87 38 19 123
87 5 11 68
87 8 44 125
87 10 3 36
87 13 49 13
87 14 37 51
87 16 15 144
87 17 7 66
87 23 1 41
87 24 17 21
87 27 31 2
88 33 10 65
88 35 25 121
88 7 7 127
88 39 43 129
88 9 53 54
88 8 33 132
88 13 37 13
88 17 1 66
88 18 58 73
88 24 5 37
88 29 19 71
88 31 13 35
89 37 16 103
89 7 11 14
89 40 31 62
89 9 7 54
89 10 9 36
89 8 3 72
89 14 25 17
89 17 19 61
89 19 43 150
89 20 55 64
89 28 38 40
89 30 46 126
90 33 11 110
90 4 13 7
90 5 7 68
90 39 19 129
90 9 15 54
90 10 9 110
90 14 3 143
90 16 17 132
90 23 1 25
90 30 49 126
91 2 3 83
91 3 23 61
91 37 31 103
91 7 29 14
91 11 5 13
91 12 13 11
91 15 19 23
91 17 49 115
91 18 7 38
91 21 55 19
91 24 11 93
92 33 3 101
92 4 37 7
92 7 10 112
92 8 25 132
92 9 31 54
92 14 13 17
92 17 55 115
92 19 46 150
92 24 1 149
92 25 7 140
92 28 19 91
93 32 1 19
93 3 5 150
93 4 13 124
93 5 15 68
93 38 43 79
93 7 23 14
93 8 49 72
93 39 25 56
93 11 7 138
93 19 9 13
93 21 19 19
93 30 55 148
94 32 37 131
94 34 13 38
94 4 27 7
94 5 5 82
94 9 47 54
94 12 43 11
94 13 31 126
94 14 1 38
94 19 15 28
94 21 19 21
94 31 7 150
95 4 9 94
95 7 5 19
95 40 25 142
95 13 13 13
95 14 1 17
95 16 7 144
95 21 22 21
95 27 55 136
95 28 46 40
95 31 49 35
96 2 11 95
96 3 4 25
96 6 9 52
96 40 1 91
96 11 13 70
96 16 47 14
96 18 55 73
96 26 25 131
96 28 22 91
96 31 15 89
97 32 7 105
97 2 1 83
97 3 11 150
97 34 53 38
97 6 35 78
97 40 22 142
97 17 31 143
97 18 55 71
97 19 3 61
97 20 43 22
97 27 13 10
97 31 25 60
98 34 11 148
98 5 19 57
98 40 16 77
98 10 21 70
98 14 49 36
98 20 31 17
98 24 1 77
98 25 37 104
98 28 13 91
98 30 58 3
98 31 7 53
99 36 28 107
99 7 41 19
99 9 11 131
99 12 43 128
99 13 13 21
99 15 19 87
99 18 37 73
99 19 1 92
99 23 22 114
99 24 17 37
99 27 31 10
99 28 7 40
100 33 1 65
100 2 19 83
100 36 34 124
100 5 21 68
100 8 25 72
100 9 11 54
100 14 37 122
100 18 3 73
100 19 31 20
100 22 55 81
100 25 15 140
100 27 49 19
Điểm tối ưu: 1160
Thời gian: 1000066.04 ms
Trạng thái: FEASIBLE
