775
1 6 19 52
1 9 46 116
1 12 21 80
1 14 7 8
1 16 55 25
1 21 39 101
1 26 37 13
1 27 25 98
1 29 1 118
2 7 7 23
2 9 25 116
2 12 53 80
2 14 43 85
2 15 23 106
2 17 28 62
2 22 1 76
2 24 37 59
2 26 19 13
2 28 13 117
2 31 21 10
3 32 19 43
3 5 25 75
3 6 41 52
3 7 59 23
3 9 15 116
3 10 4 24
3 14 7 85
3 15 11 106
4 32 13 43
4 1 27 63
4 7 25 23
4 9 1 116
4 11 19 45
4 16 52 25
4 26 7 13
4 30 22 79
5 32 3 43
5 6 43 52
5 8 55 6
5 13 1 101
5 15 59 106
5 16 37 25
5 21 34 84
5 23 41 7
5 28 19 117
5 30 22 94
6 1 59 90
6 3 43 56
6 6 11 28
6 9 17 116
6 12 13 80
6 18 46 47
6 22 19 76
6 27 7 28
6 28 52 117
6 29 25 83
7 1 1 84
7 7 49 23
7 11 46 45
7 13 11 96
7 18 28 47
7 20 7 77
7 29 19 118
7 30 13 79
7 31 23 10
8 1 19 63
8 6 29 52
8 9 27 116
8 13 3 101
8 14 40 85
8 15 43 106
8 16 49 25
8 21 10 91
8 29 31 81
8 30 13 94
9 4 9 49
9 5 21 75
9 6 39 52
9 7 15 23
9 9 17 64
9 12 19 80
9 13 7 108
9 20 43 77
9 23 49 7
9 30 31 79
10 1 7 90
10 3 19 56
10 5 13 75
10 9 39 116
10 12 5 80
10 17 25 10
10 21 10 84
11 4 49 49
11 7 45 23
11 14 16 85
11 16 40 25
11 19 7 111
11 25 19 103
11 27 55 28
11 30 34 94
11 31 5 67
12 3 27 56
12 5 31 54
12 8 1 6
12 9 11 64
12 21 7 53
12 22 57 76
12 27 37 98
12 29 14 83
12 30 43 94
13 1 3 15
13 4 37 49
13 7 1 23
13 9 23 64
13 17 7 62
13 19 13 111
13 26 33 13
13 29 19 5
13 30 10 79
13 31 46 10
14 1 29 15
14 3 23 56
14 9 25 64
14 10 43 24
14 11 16 45
14 14 4 95
14 23 55 7
14 24 9 59
14 25 34 103
15 32 7 43
15 1 11 63
15 3 53 56
15 5 49 75
15 6 3 52
15 7 5 23
15 9 13 64
15 12 39 95
15 17 22 62
15 31 19 67
16 3 5 56
16 7 47 23
16 9 21 116
16 13 7 96
16 14 13 8
16 17 16 10
17 1 17 6
17 3 47 56
17 5 7 54
17 6 57 52
17 11 1 45
17 13 5 108
17 30 40 94
17 31 23 67
18 3 29 56
18 6 21 52
18 7 39 23
18 12 57 95
18 15 45 106
18 16 7 25
18 17 4 62
18 21 13 91
18 22 31 76
18 31 1 10
19 3 41 56
19 9 9 116
19 10 16 24
19 13 11 108
19 17 25 73
19 23 3 7
19 26 13 13
19 27 19 28
19 28 58 117
20 1 31 15
20 7 17 23
20 12 1 80
20 14 34 8
20 15 3 106
20 23 25 7
20 24 27 59
20 28 43 117
20 29 7 81
20 30 58 79
21 1 3 63
21 3 55 56
21 6 59 28
21 15 1 106
21 26 25 13
21 28 28 117
21 29 13 81
21 30 46 79
21 31 31 67
22 1 5 15
22 4 31 49
22 6 7 52
22 11 37 45
22 12 49 80
22 17 43 64
22 20 1 77
22 28 10 117
23 3 13 56
23 6 17 52
23 13 5 77
23 17 52 73
23 22 37 76
23 29 19 55
23 30 7 79
23 31 43 67
24 32 25 43
24 1 3 84
24 5 19 54
24 6 17 28
24 9 37 64
24 12 51 95
24 14 31 85
24 29 7 102
24 31 5 10
25 6 33 52
25 9 41 116
25 13 3 96
25 17 7 73
25 20 49 77
25 21 58 7
25 25 13 103
25 26 39 13
25 28 16 117
26 1 53 6
26 6 47 52
26 9 19 64
26 10 13 24
26 11 10 45
26 12 7 95
26 13 16 37
26 17 31 73
26 18 40 47
26 21 1 55
26 22 49 76
26 26 5 13
26 29 27 118
26 30 37 94
27 1 11 15
27 3 35 56
27 6 53 28
27 9 7 64
27 12 55 95
27 13 5 37
27 14 22 8
27 17 13 73
27 18 1 47
27 20 37 77
28 5 1 54
28 8 31 6
28 11 49 45
28 13 35 37
28 14 25 8
28 17 28 73
28 18 19 47
28 21 22 53
28 23 11 7
28 26 59 13
28 29 13 5
28 31 37 67
29 1 7 63
29 3 33 56
29 6 41 28
29 7 9 23
29 9 35 116
29 10 58 24
29 14 16 8
29 15 49 106
29 16 28 24
29 28 1 117
30 32 49 43
30 1 9 15
30 3 57 56
30 7 43 23
30 9 7 116
30 12 37 80
30 15 39 106
30 16 34 24
30 17 46 73
30 23 19 7
30 27 25 28
30 28 31 117
30 29 1 83
31 1 23 63
31 6 55 52
31 9 35 64
31 12 19 95
31 14 13 95
31 15 7 106
31 21 28 84
31 29 31 118
31 30 25 79
31 31 11 67
32 3 1 56
32 5 25 54
32 6 31 52
32 7 53 23
32 11 4 45
32 15 55 106
32 16 16 25
32 21 13 53
32 25 46 103
32 31 7 10
33 1 17 63
33 6 5 28
33 7 55 23
33 12 49 95
33 15 15 106
33 18 22 47
33 21 7 55
33 24 43 59
33 25 10 103
34 3 31 13
34 5 7 75
34 6 51 52
34 8 43 6
34 9 13 116
34 14 25 85
34 16 1 25
34 17 4 64
34 18 58 47
34 23 15 7
34 31 33 67
35 6 35 28
35 8 25 6
35 12 29 80
35 13 1 96
35 18 37 47
35 20 21 77
35 21 55 53
35 23 13 7
35 29 7 83
35 30 58 94
36 7 23 23
36 12 33 80
36 21 55 84
36 23 31 7
36 28 7 117
36 29 1 5
36 30 25 94
37 1 5 90
37 3 37 56
37 9 39 64
37 11 7 45
37 12 27 95
37 13 1 108
37 14 13 85
37 15 25 106
37 23 23 7
37 26 41 13
37 29 31 5
38 1 23 6
38 3 25 56
38 10 1 24
38 11 58 45
38 14 10 85
38 18 55 47
38 21 19 91
38 22 27 76
38 25 7 103
38 28 34 117
38 29 13 69
38 30 31 94
39 1 11 90
39 3 51 13
39 4 25 49
39 12 35 80
39 13 3 51
39 15 33 106
39 18 43 47
39 27 13 28
39 28 46 117
39 31 21 67
40 6 1 52
40 7 41 23
40 11 25 45
40 12 53 95
40 13 29 108
40 14 16 95
40 15 13 106
40 23 33 7
40 26 9 13
40 29 3 69
40 30 19 94
41 3 11 56
41 5 1 75
41 6 9 52
41 7 51 23
41 14 31 8
41 16 34 25
41 17 43 10
41 26 57 13
41 31 17 67
42 32 43 43
42 1 16 84
42 3 51 56
42 6 5 52
42 13 7 37
42 14 40 8
42 15 9 106
42 16 25 25
42 17 58 73
42 21 13 55
42 27 19 98
43 9 23 116
43 10 55 24
43 11 13 45
43 17 19 62
43 21 1 91
43 29 7 118
43 30 16 94
43 31 59 10
44 4 55 49
44 7 31 23
44 8 19 6
44 11 43 45
44 17 34 73
44 18 49 47
44 25 1 103
44 27 13 98
44 30 37 79
45 10 22 24
45 11 40 45
45 12 59 95
45 13 9 96
45 14 1 85
45 15 17 106
45 18 25 47
45 21 4 91
45 26 53 13
45 30 49 79
45 31 55 10
46 6 1 28
46 7 3 23
46 10 40 24
46 12 15 80
46 19 19 111
46 23 53 7
46 26 17 13
46 27 7 98
46 29 31 69
47 1 9 90
47 5 55 75
47 11 34 45
47 14 49 8
47 15 19 106
47 17 31 62
47 21 4 55
47 29 13 102
47 30 52 79
48 1 1 63
48 10 7 24
48 12 25 80
48 16 22 25
48 19 45 111
48 23 43 7
48 24 55 59
48 26 3 13
48 30 52 94
49 9 5 116
49 10 10 24
49 14 46 85
49 15 29 106
49 16 37 24
49 17 43 62
49 20 13 77
49 23 35 7
49 27 1 98
49 29 49 55
49 30 7 94
50 1 13 63
50 3 9 56
50 7 37 23
50 11 52 45
50 12 23 95
50 14 46 8
50 25 55 103
50 26 35 13
50 29 25 81
50 30 19 79
51 6 59 52
51 12 46 80
51 21 19 101
51 23 51 7
51 25 4 103
51 29 31 55
51 31 9 67
52 32 39 43
52 1 23 90
52 4 1 49
52 16 43 25
52 30 28 79
52 31 34 10
53 1 5 6
53 3 47 13
53 5 43 75
53 6 33 28
53 9 21 64
53 12 3 80
53 14 10 8
53 17 49 10
54 3 21 56
54 4 43 49
54 7 57 23
54 12 55 80
54 13 7 101
54 14 34 85
54 15 5 106
54 16 31 25
54 23 1 7
54 29 25 5
54 31 3 67
55 1 21 84
55 6 15 52
55 9 49 64
55 12 40 80
55 16 25 24
55 17 10 73
55 23 37 7
55 25 43 103
55 27 31 98
55 29 1 81
55 30 46 94
55 31 19 10
56 1 5 63
56 5 13 54
56 6 53 52
56 9 41 64
56 12 25 95
56 13 17 108
56 17 1 73
56 21 22 101
56 23 9 7
56 27 49 28
57 1 35 6
57 7 29 23
57 9 19 116
57 12 10 80
57 13 3 37
57 17 39 10
57 26 27 13
57 30 16 79
58 6 3 28
58 7 19 23
58 12 58 80
58 13 1 37
58 14 50 85
58 17 46 64
58 21 43 91
58 23 27 7
58 30 55 94
59 3 31 56
59 12 27 80
59 18 4 47
59 21 10 101
59 31 7 67
60 1 1 15
60 7 21 23
60 9 3 116
60 12 41 95
60 16 10 25
60 17 28 10
60 18 7 47
60 21 13 101
60 23 45 7
60 24 32 59
60 25 58 103
60 30 55 79
61 1 13 84
61 8 7 6
61 9 28 64
61 10 46 24
61 13 5 51
61 19 55 111
61 24 19 59
61 25 52 103
61 26 11 13
61 28 25 117
61 29 37 102
61 30 34 79
61 31 15 67
62 3 43 13
62 4 13 49
62 6 11 52
62 13 1 51
62 17 4 73
62 23 21 7
62 30 40 79
63 1 53 90
63 3 59 56
63 4 19 49
63 5 49 54
63 6 45 52
63 7 35 23
63 9 11 116
63 12 29 95
63 15 47 106
63 17 13 62
63 28 37 117
63 29 7 69
63 30 4 94
63 31 1 67
64 1 41 84
64 3 49 56
64 9 37 116
64 13 10 37
64 14 43 8
64 15 51 106
64 16 28 25
64 17 25 62
64 25 31 103
64 28 55 117
65 32 55 43
65 1 2 90
65 6 37 52
65 9 33 64
65 10 19 24
65 17 13 10
65 18 52 47
65 21 16 55
65 23 47 7
65 25 28 103
65 28 49 117
65 30 4 79
66 8 13 6
66 11 22 45
66 12 47 95
66 13 7 51
66 15 35 106
66 17 31 10
66 20 55 77
66 23 17 7
66 26 1 13
66 31 3 10
67 1 5 84
67 3 7 56
67 5 37 54
67 6 35 52
67 7 11 23
67 13 9 108
67 15 57 106
67 16 31 24
67 25 25 103
67 26 21 13
68 1 13 90
68 3 45 56
68 5 55 54
68 6 49 52
68 8 37 6
68 9 51 64
68 14 19 8
68 20 32 77
68 21 4 53
68 25 16 103
69 3 15 56
69 6 27 52
69 12 21 95
69 14 37 85
69 22 7 76
69 26 23 13
69 27 43 98
69 28 4 117
69 30 1 79
70 32 31 43
70 5 43 54
70 12 2 95
70 13 5 101
70 15 37 106
70 16 49 24
70 18 10 47
70 19 39 111
70 24 13 59
70 27 55 98
70 29 25 69
71 12 31 80
71 15 53 106
71 17 1 62
71 24 49 59
71 25 40 103
71 26 55 13
71 30 43 79
71 31 10 10
72 1 25 15
72 5 31 75
72 11 55 45
72 17 19 73
72 18 13 47
72 21 16 53
72 23 29 7
72 25 37 103
72 26 49 13
72 28 22 117
72 29 9 5
72 30 1 94
73 3 39 56
73 6 13 52
73 8 49 6
73 9 31 116
73 11 28 45
73 12 37 95
73 14 3 8
73 16 46 25
73 21 10 53
73 23 7 7
73 25 22 103
74 1 23 15
74 3 3 56
74 6 29 28
74 9 33 116
74 12 17 80
74 14 37 8
74 15 31 106
74 21 25 53
74 23 5 7
74 27 51 98
75 5 37 75
75 6 25 52
75 7 27 23
75 9 31 64
75 14 20 85
75 16 4 25
75 18 34 47
75 22 13 76
75 25 49 103
75 29 43 102
75 30 10 94
76 3 15 13
76 7 33 23
76 12 10 95
76 13 17 51
76 16 19 25
76 17 1 64
76 19 25 111
76 26 29 13
76 31 13 67
77 9 29 116
77 10 52 24
77 12 34 95
77 15 41 106
77 17 55 62
77 18 16 47
77 20 25 77
77 21 31 84
77 27 43 28
78 1 15 63
78 3 17 56
78 7 13 23
78 12 23 80
78 15 21 106
78 16 58 25
78 17 49 73
78 18 31 47
78 19 1 111
78 22 43 76
78 29 25 55
79 6 47 28
79 9 9 64
79 12 7 80
79 15 27 106
79 17 16 62
79 19 31 111
79 21 1 53
79 28 40 117
79 30 49 94
80 3 45 13
80 6 23 28
80 11 31 45
80 16 13 25
80 17 34 62
80 19 49 111
80 21 10 55
80 24 1 59
80 27 37 28
80 30 28 94
Điểm tối ưu: 775
Thời gian: 600.0566 giây
Trạng thái: FEASIBLE
