169
1 4 5 4
1 17 7 3
1 19 13 1
1 27 25 9
1 29 3 6
2 8 13 20
2 19 7 1
2 22 19 16
2 28 43 10
3 6 1 2
3 27 9 9
4 1 1 3
4 2 4 10
4 3 19 1
4 10 7 9
5 8 25 4
5 21 31 2
6 4 5 16
6 7 9 12
6 21 13 2
6 29 7 6
7 18 19 11
7 21 25 2
7 22 15 16
7 30 31 5
8 1 4 3
8 9 43 16
8 11 16 6
8 20 1 4
8 28 49 13
9 4 13 4
9 9 46 18
9 16 58 10
10 1 34 3
10 2 7 10
10 3 25 1
10 28 13 13
11 1 28 3
11 4 1 17
12 6 1 12
12 11 19 6
12 18 10 11
12 22 31 16
13 10 15 9
13 11 21 17
13 18 4 14
13 21 37 3
14 2 22 10
14 4 19 17
14 20 11 4
14 24 7 18
14 26 17 15
15 11 28 17
15 28 19 15
15 30 7 5
16 2 25 10
16 8 19 4
16 9 43 18
16 26 7 14
16 29 9 6
17 2 28 10
17 4 11 20
17 20 3 4
18 6 19 2
18 11 25 6
18 21 16 2
18 22 7 16
18 29 1 6
19 4 9 4
19 17 1 13
19 18 13 14
20 7 7 15
20 11 3 17
20 22 49 16
20 28 25 13
21 1 43 3
21 4 17 4
21 6 25 12
21 17 37 20
21 27 1 19
22 4 13 17
22 8 43 20
22 22 55 16
22 25 7 13
22 26 5 15
23 4 1 20
23 16 13 10
23 17 7 20
23 27 43 9
23 30 19 5
24 14 28 6
24 25 19 13
24 28 13 15
25 3 1 1
25 20 7 4
25 28 39 10
26 3 13 11
26 6 31 12
26 11 25 17
26 12 1 8
27 2 16 10
27 4 11 16
27 14 4 7
27 22 37 16
28 17 31 20
28 21 25 3
29 10 13 9
29 24 1 18
30 19 25 20
30 24 19 18
30 25 43 13
30 27 13 19
31 11 7 17
31 21 4 8
32 2 31 10
32 11 10 17
32 22 1 16
33 9 37 18
33 14 1 7
34 17 19 3
34 22 25 16
34 24 13 18
34 28 1 15
35 3 1 11
35 11 15 17
35 30 43 5
36 9 28 18
36 10 5 9
37 5 1 5
37 10 23 9
37 15 46 16
37 29 5 6
38 2 19 10
38 9 25 18
38 18 7 11
38 25 37 13
38 27 31 9
39 16 10 10
39 19 19 20
39 21 7 8
40 2 55 10
40 9 40 18
40 10 3 9
40 29 11 6
41 25 19 12
42 1 31 3
42 26 5 12
43 5 13 3
43 10 1 9
43 27 37 9
44 5 31 18
44 6 37 2
44 18 22 11
44 25 13 12
44 30 25 5
45 23 31 13
45 27 7 19
46 6 19 9
46 10 17 9
46 26 15 4
47 7 13 6
47 28 49 10
47 30 37 5
48 1 34 10
48 18 1 14
49 8 3 20
49 23 34 13
50 6 7 2
50 16 1 10
Điểm tối ưu: 169
Thời gian: 41174.57 ms
Trạng thái: OPTIMUM
