3495
1 2 19 368
1 98 7 316
1 36 31 447
1 102 13 11
1 8 16 338
1 10 11 105
1 44 4 136
1 111 40 19
1 112 25 441
1 113 28 328
1 62 37 425
1 63 35 87
2 33 19 392
2 3 31 107
2 36 14 409
2 37 10 266
2 70 43 24
2 9 37 238
2 46 3 444
2 112 7 441
2 115 25 270
2 114 49 262
2 63 5 288
3 64 13 257
3 66 4 384
3 7 19 227
3 106 11 389
3 77 25 261
3 80 49 351
3 83 29 360
3 119 27 52
3 91 7 236
3 29 23 46
3 62 1 136
3 95 31 363
4 35 55 125
4 3 49 440
4 70 25 43
4 7 1 106
4 109 19 234
4 46 23 185
4 16 45 211
4 112 28 299
4 55 40 179
4 91 13 71
4 28 53 69
4 93 31 204
5 3 3 421
5 105 17 439
5 110 7 239
5 79 25 411
5 49 45 331
5 81 13 387
5 51 19 78
5 53 31 25
5 54 1 267
5 57 55 117
5 60 29 170
5 62 22 136
6 32 43 42
6 4 28 108
6 90 13 151
6 103 19 224
6 9 25 131
6 10 23 105
6 108 37 293
6 110 31 210
6 55 17 67
6 88 10 235
6 26 1 347
6 120 5 122
7 35 55 299
7 102 26 388
7 40 43 401
7 13 19 61
7 78 5 415
7 111 58 19
7 109 49 99
7 84 31 69
7 53 37 430
7 86 35 206
7 31 13 332
8 67 25 45
8 72 28 74
8 9 19 321
8 114 3 262
8 61 43 381
8 85 35 426
8 22 31 417
8 53 13 25
8 120 1 182
8 26 55 168
8 29 7 340
8 62 22 425
9 65 1 355
9 66 43 38
9 35 25 121
9 6 37 423
9 7 19 106
9 45 7 434
9 46 5 185
9 17 16 26
9 118 49 98
9 25 33 120
9 59 52 50
9 92 45 16
10 32 49 129
10 64 28 213
10 7 13 128
10 105 22 439
10 106 5 352
10 11 55 342
10 109 31 99
10 19 19 341
10 115 37 43
10 85 17 47
10 22 1 78
10 26 7 347
11 34 34 202
11 5 43 283
11 9 13 238
11 60 11 182
11 81 55 94
11 113 9 247
11 51 27 111
11 17 25 296
11 86 37 12
11 120 1 150
11 25 31 426
11 28 21 5
12 36 49 256
12 101 23 200
12 40 13 279
12 42 25 117
12 79 34 51
12 48 31 61
12 51 19 344
12 23 43 70
12 25 17 426
12 58 7 75
12 59 3 369
12 61 1 387
13 96 4 247
13 39 19 37
13 14 46 112
13 112 49 299
13 80 43 351
13 115 7 270
13 20 11 322
13 23 22 264
13 55 31 179
13 56 13 116
13 62 1 404
14 64 43 250
14 2 46 2
14 99 19 432
14 100 25 182
14 73 13 17
14 76 10 118
14 12 31 214
14 110 37 8
14 77 29 147
14 113 4 166
14 49 1 190
14 85 7 88
15 64 46 213
15 65 55 54
15 66 15 38
15 74 1 346
15 10 17 266
15 81 37 94
15 18 9 243
15 113 7 10
15 116 5 334
15 88 22 131
15 60 13 291
15 62 25 404
16 39 31 37
16 111 19 271
16 50 7 288
16 83 34 360
16 114 55 262
16 118 46 124
16 55 11 246
16 25 37 426
16 90 25 151
16 59 22 376
16 29 29 45
16 62 13 404
17 70 25 362
17 7 19 274
17 42 43 268
17 107 55 143
17 12 7 320
17 112 31 441
17 83 15 144
17 19 28 401
17 21 11 265
17 54 13 93
17 20 17 224
17 27 37 449
18 4 29 119
18 100 37 446
18 73 43 17
18 106 19 129
18 77 5 220
18 13 55 84
18 48 46 61
18 17 21 296
18 86 3 206
18 59 7 159
18 63 16 12
18 31 52 309
19 66 29 384
19 70 19 359
19 39 37 113
19 40 43 146
19 42 49 163
19 108 22 80
19 45 25 122
19 81 7 387
19 17 17 94
19 22 13 268
19 25 35 120
19 90 55 151
20 98 49 21
20 99 31 65
20 68 10 323
20 37 7 427
20 70 25 93
20 107 19 143
20 12 15 378
20 14 35 122
20 117 1 184
20 90 37 231
20 29 13 293
20 94 41 266
21 68 16 323
21 38 28 176
21 75 13 181
21 110 19 314
21 52 1 31
21 117 9 184
21 88 55 235
21 89 25 318
21 90 43 231
21 29 4 45
21 95 23 363
22 99 37 65
22 4 17 119
22 37 28 427
22 70 25 230
22 39 7 37
22 104 51 402
22 77 19 147
22 13 13 311
22 80 22 338
22 82 32 358
22 84 1 89
22 60 5 313
23 98 31 123
23 2 49 368
23 70 16 159
23 108 13 63
23 44 19 284
23 81 37 1
23 29 1 121
23 85 11 47
23 22 7 70
23 87 4 7
23 90 55 348
23 93 43 26
24 3 43 440
24 7 55 128
24 10 15 371
24 109 19 163
24 47 25 352
24 51 10 128
24 84 49 221
24 55 23 67
24 56 7 4
24 25 13 426
24 28 34 224
24 31 31 332
25 104 37 38
25 74 19 53
25 12 1 378
25 109 39 58
25 77 25 220
25 47 21 76
25 83 10 144
25 52 28 380
25 118 16 98
25 88 7 235
25 120 5 250
25 29 13 46
26 64 25 213
26 96 11 430
26 2 4 2
26 67 1 32
26 101 28 295
26 7 37 227
26 110 7 364
26 49 22 87
26 86 47 12
26 25 19 120
26 61 43 447
26 30 13 356
27 97 40 146
27 2 43 368
27 6 37 226
27 103 25 335
27 70 16 157
27 71 7 346
27 80 10 338
27 114 31 262
27 52 13 208
27 61 4 387
27 62 1 269
28 96 10 63
28 36 25 165
28 9 19 131
28 106 34 199
28 75 43 363
28 108 7 433
28 13 3 189
28 111 13 19
28 80 49 338
28 60 1 291
28 62 22 404
28 31 40 113
29 32 7 60
29 34 37 278
29 35 22 197
29 19 31 436
29 21 3 265
29 22 44 263
29 85 13 47
29 88 34 235
29 28 19 139
29 63 1 396
29 62 28 228
29 31 15 309
30 4 19 41
30 37 13 427
30 69 9 280
30 71 43 346
30 9 22 321
30 81 15 436
30 20 7 101
30 55 3 122
30 85 29 242
30 23 31 264
30 119 1 179
30 25 37 120
31 34 55 26
31 35 46 197
31 4 29 41
31 101 7 200
31 70 4 183
31 2 1 2
31 71 33 32
31 11 25 40
31 108 19 182
31 79 22 393
31 113 31 10
31 25 39 426
32 64 16 257
32 2 49 2
32 66 55 38
32 71 25 32
32 11 3 342
32 76 13 303
32 107 19 189
32 17 23 296
32 50 1 97
32 82 7 130
32 117 57 184
32 62 28 425
33 98 7 123
33 99 49 252
33 34 15 255
33 5 43 14
33 70 1 43
33 104 59 402
33 74 11 296
33 106 5 129
33 17 13 432
33 21 19 265
33 87 47 7
33 92 25 30
34 33 49 114
34 34 19 278
34 35 43 125
34 37 1 302
34 104 7 38
34 13 37 308
34 80 55 351
34 113 5 249
34 53 9 16
34 27 13 194
34 63 3 251
35 98 15 21
35 34 28 26
35 101 5 295
35 70 25 359
35 11 19 198
35 45 49 122
35 15 7 3
35 52 1 365
35 53 31 137
35 56 10 424
35 27 55 398
35 61 13 381
36 96 11 263
36 70 25 311
36 103 7 224
36 110 13 8
36 78 17 415
36 46 35 324
36 113 37 259
36 115 1 165
36 116 33 252
36 86 29 12
36 120 23 441
36 26 19 85
37 2 52 2
37 3 55 107
37 67 19 406
37 70 4 373
37 71 28 346
37 110 44 314
37 15 1 366
37 114 31 292
37 83 9 360
37 116 16 252
37 20 22 101
37 119 7 311
38 32 21 162
38 65 49 355
38 4 11 95
38 68 34 219
38 109 25 394
38 78 1 415
38 13 7 84
38 114 15 292
38 53 43 137
38 54 19 295
38 23 3 94
38 31 37 309
39 33 19 342
39 68 1 323
39 5 37 217
39 103 13 72
39 42 25 268
39 109 31 234
39 78 23 415
39 47 43 361
39 15 7 328
39 50 5 56
39 83 41 144
39 27 49 33
40 37 34 266
40 7 25 274
40 103 19 140
40 59 7 50
40 74 10 20
40 106 13 186
40 75 4 132
40 109 43 394
40 108 15 134
40 79 1 393
40 118 58 98
40 27 49 389
41 100 20 90
41 72 10 22
41 45 25 312
41 15 52 108
41 112 34 299
41 17 41 161
41 51 1 344
41 118 58 124
41 57 13 117
41 58 37 75
41 93 43 35
42 65 49 54
42 2 40 2
42 37 5 302
42 75 13 150
42 109 31 134
42 17 17 76
42 81 19 94
42 114 8 292
42 55 59 38
42 56 1 148
42 120 28 9
42 62 37 136
43 2 10 368
43 99 39 87
43 41 29 50
43 91 25 71
43 10 37 273
43 12 13 214
43 109 31 58
43 82 21 130
43 20 19 386
43 54 17 100
43 59 1 376
43 61 7 438
44 65 55 355
44 34 37 275
44 97 19 173
44 8 43 64
44 12 7 378
44 44 16 278
44 113 31 232
44 49 28 291
44 51 25 78
44 120 1 9
44 89 13 318
44 57 3 336
45 99 19 12
45 7 49 274
45 104 1 402
45 75 7 398
45 44 28 109
45 43 41 386
45 110 31 314
45 52 25 226
45 88 37 235
45 24 11 21
45 94 16 81
45 95 3 363
46 64 28 250
46 66 23 384
46 98 37 55
46 13 49 218
46 17 19 231
46 114 43 292
46 85 33 242
46 117 55 313
46 86 13 12
46 94 21 81
46 58 1 75
46 62 15 384
47 103 43 28
47 8 25 338
47 73 9 17
47 106 16 186
47 75 13 92
47 42 49 343
47 45 1 312
47 117 19 184
47 56 37 4
47 24 23 21
47 91 31 236
47 60 7 196
48 64 34 257
48 99 19 240
48 70 13 328
48 41 7 280
48 20 11 224
48 85 1 47
48 86 31 12
48 119 9 28
48 58 25 119
48 94 29 133
48 31 4 332
49 66 37 384
49 5 39 233
49 70 10 159
49 103 25 224
49 104 43 402
49 72 31 22
49 10 17 105
49 79 7 244
49 22 19 70
49 119 13 39
49 56 3 4
49 63 1 153
50 65 13 54
50 7 31 302
50 73 52 17
50 9 49 238
50 75 16 209
50 43 28 386
50 28 1 139
50 113 23 104
50 118 40 98
50 120 21 397
50 91 7 71
50 92 4 246
51 98 25 21
51 66 47 38
51 68 31 219
51 5 37 187
51 74 1 301
51 76 4 213
51 79 10 244
51 15 19 328
51 48 49 61
51 85 52 47
51 88 43 235
51 25 15 426
52 65 1 54
52 35 4 437
52 5 37 14
52 39 13 113
52 72 34 22
52 10 19 371
52 12 45 214
52 47 25 370
52 15 16 3
52 81 7 1
52 27 49 414
52 92 31 16
53 35 55 315
53 67 13 406
53 39 46 37
53 9 25 321
53 105 28 331
53 13 19 317
53 48 10 61
53 19 1 126
53 115 31 270
53 60 23 196
53 94 16 133
53 63 5 251
54 35 16 6
54 37 3 427
54 6 37 265
54 42 31 163
54 78 1 111
54 113 5 160
54 118 43 98
54 88 55 245
54 25 28 426
54 59 25 266
54 61 22 219
54 62 7 228
55 38 28 34
55 9 16 246
55 10 7 105
55 41 34 50
55 108 25 422
55 14 1 188
55 50 13 364
55 19 9 401
55 52 22 216
55 24 19 433
55 92 4 124
56 38 9 67
56 7 43 274
56 76 37 242
56 13 25 215
56 46 5 11
56 17 2 34
56 113 7 232
56 51 40 248
56 117 49 184
56 93 55 404
56 95 19 363
57 102 32 171
57 103 26 140
57 72 1 203
57 41 59 280
57 43 23 273
57 112 16 299
57 19 13 401
57 22 7 154
57 120 4 375
57 25 41 426
57 88 52 131
57 62 19 269
58 36 3 6
58 70 43 159
58 40 13 198
58 106 10 199
58 10 25 371
58 44 7 407
58 109 19 58
58 82 31 130
58 87 29 248
58 29 17 82
58 63 1 251
59 64 49 219
59 65 52 355
59 98 13 55
59 35 19 437
59 5 39 373
59 73 22 17
59 46 5 324
59 87 3 248
59 25 11 120
59 91 55 236
59 61 17 447
59 95 7 450
60 3 31 402
60 5 19 373
60 6 49 226
60 40 37 92
60 10 1 105
60 75 3 399
60 43 45 386
60 51 7 248
60 85 35 88
60 88 28 139
60 90 13 297
61 100 13 446
61 69 19 212
61 72 10 74
61 73 34 118
61 106 23 59
61 76 31 49
61 79 37 51
61 83 17 144
61 116 7 49
61 52 1 345
61 84 25 294
61 120 4 237
62 101 1 200
62 8 13 338
62 13 19 84
62 109 49 394
62 47 43 76
62 49 37 11
62 81 7 436
62 53 31 305
62 55 3 67
62 90 25 231
62 29 5 46
62 30 16 315
63 65 7 355
63 67 10 32
63 102 43 300
63 104 59 271
63 75 19 436
63 14 17 213
63 79 4 51
63 115 37 391
63 20 25 241
63 53 13 137
63 118 1 124
63 57 49 117
64 64 10 213
64 69 31 280
64 73 19 17
64 105 13 331
64 43 15 386
64 44 7 359
64 29 17 204
64 86 1 12
64 23 22 142
64 90 37 348
64 91 43 236
64 93 3 35
65 36 19 123
65 9 10 321
65 76 25 167
65 78 13 111
65 17 33 220
65 50 7 56
65 21 35 395
65 118 49 124
65 56 43 410
65 28 29 102
65 61 5 426
65 63 1 288
66 67 52 32
66 74 17 53
66 108 31 76
66 109 13 394
66 14 39 188
66 80 55 338
66 20 3 101
66 85 1 242
66 52 7 208
66 26 25 347
66 28 10 102
66 30 22 315
67 96 5 140
67 2 40 368
67 37 2 195
67 75 13 398
67 44 22 278
67 49 37 34
67 82 25 130
67 21 17 262
67 22 7 100
67 91 49 71
67 94 31 81
68 96 11 247
68 34 1 202
68 99 7 94
68 37 23 302
68 5 19 93
68 9 34 131
68 42 51 268
68 107 43 189
68 77 5 147
68 22 25 41
68 55 49 67
68 57 15 336
69 97 55 72
69 2 25 2
69 35 49 197
69 69 13 280
69 102 10 171
69 11 37 221
69 46 7 185
69 14 1 327
69 51 22 177
69 116 28 252
69 83 3 144
69 29 5 89
70 32 19 60
70 33 7 89
70 99 25 8
70 6 13 163
70 74 5 180
70 79 1 51
70 47 31 352
70 82 43 130
70 19 16 126
70 117 37 313
70 87 23 7
70 56 49 148
71 96 7 350
71 98 43 316
71 101 3 107
71 38 49 87
71 5 13 14
71 48 34 61
71 115 19 310
71 52 31 337
71 87 5 120
71 26 37 168
71 60 1 240
71 93 25 35
72 96 23 350
72 56 1 410
72 10 7 314
72 79 31 244
72 112 4 441
72 113 11 413
72 48 28 212
72 23 16 149
72 24 9 356
72 25 45 120
72 26 19 347
72 60 25 291
73 97 13 360
73 99 31 230
73 72 25 74
73 75 7 31
73 44 22 42
73 77 10 261
73 46 19 185
73 79 28 393
73 82 49 358
73 50 16 97
73 20 35 322
73 91 1 71
74 35 13 197
74 68 37 219
74 37 23 195
74 72 7 203
74 46 5 55
74 47 25 135
74 49 16 114
74 21 3 395
74 87 1 7
74 56 19 148
74 91 31 71
74 120 10 44
75 4 21 30
75 69 31 212
75 38 7 174
75 103 3 224
75 104 13 38
75 72 10 203
75 12 49 214
75 82 39 358
75 20 23 241
75 21 17 395
75 117 43 313
75 57 25 336
76 96 29 268
76 34 10 55
76 37 17 302
76 71 55 34
76 109 43 58
76 47 19 352
76 112 40 441
76 81 49 94
76 52 31 368
76 118 25 124
76 119 5 162
76 63 3 10
77 100 25 229
77 5 19 71
77 70 34 278
77 102 31 154
77 108 37 80
77 45 13 95
77 83 41 360
77 20 7 146
77 21 43 265
77 90 9 151
77 31 1 332
78 32 55 162
78 65 28 54
78 33 3 114
78 67 52 361
78 68 13 219
78 36 37 100
78 11 19 138
78 44 46 109
78 47 9 352
78 113 7 160
78 92 16 16
78 29 1 340
79 3 37 107
79 102 19 258
79 105 3 331
79 106 5 59
79 76 28 167
79 48 25 61
79 17 22 26
79 53 13 305
79 56 46 4
79 59 10 259
79 62 7 425
80 96 11 267
80 66 35 38
80 37 41 195
80 102 7 388
80 38 31 295
80 69 37 306
80 43 43 386
80 110 19 239
80 120 17 99
80 89 25 90
80 26 1 168
81 96 7 156
81 6 15 286
81 39 22 37
81 106 11 59
81 43 39 73
81 75 25 92
81 78 13 415
81 79 1 411
81 113 9 413
81 118 4 98
81 56 19 116
81 89 43 323
82 66 17 38
82 35 43 225
82 70 13 431
82 103 7 253
82 8 19 338
82 42 25 343
82 13 3 76
82 50 1 207
82 118 34 124
82 62 39 384
82 94 37 133
82 31 22 332
83 40 43 279
83 108 28 422
83 16 3 161
83 113 13 10
83 17 7 12
83 83 19 144
83 51 25 11
83 85 21 47
83 55 9 246
83 120 1 122
83 27 15 179
83 61 11 447
84 70 13 272
84 59 9 376
84 74 21 53
84 109 55 99
84 78 7 242
84 111 16 19
84 16 31 211
84 50 5 75
84 88 40 139
84 25 43 120
84 27 1 193
84 30 25 356
85 96 11 42
85 65 34 355
85 66 55 384
85 98 43 55
85 34 37 202
85 97 19 146
85 38 28 20
85 3 3 402
85 75 15 342
85 77 1 173
85 16 7 211
85 80 25 351
86 33 19 1
86 66 45 38
86 104 23 402
86 77 17 261
86 49 7 11
86 18 33 271
86 50 5 97
86 84 13 89
86 89 25 419
86 27 1 33
86 93 37 35
86 31 28 332
87 40 19 401
87 104 49 271
87 10 16 314
87 43 34 273
87 8 31 64
87 15 13 373
87 17 10 169
87 51 28 267
87 84 37 69
87 57 43 336
87 62 4 425
87 31 7 332
88 96 3 350
88 71 16 312
88 8 28 338
88 41 25 50
88 9 7 321
88 16 37 211
88 50 13 354
88 20 1 241
88 86 23 206
88 90 43 348
88 60 10 72
88 94 5 428
89 2 55 368
89 59 37 376
89 75 19 209
89 77 13 147
89 110 25 210
89 83 11 360
89 53 7 25
89 85 29 47
89 119 31 39
89 57 49 336
89 27 1 389
89 63 23 251
90 33 43 272
90 39 58 37
90 7 1 227
90 44 16 109
90 14 11 54
90 111 19 19
90 53 31 430
90 86 9 206
90 56 28 5
90 28 5 372
91 36 31 409
91 102 10 417
91 38 7 20
91 8 58 64
91 104 17 271
91 72 4 22
91 45 43 434
91 14 28 367
91 78 35 415
91 59 25 325
91 61 1 447
92 96 7 42
92 36 49 409
92 69 55 280
92 6 43 247
92 72 13 74
92 106 29 72
92 110 19 400
92 17 4 283
92 114 25 292
92 49 16 228
92 120 9 9
92 62 37 269
93 3 25 421
93 4 17 193
93 5 19 14
93 106 5 199
93 45 13 434
93 15 10 3
93 115 31 52
93 116 23 169
93 118 37 98
93 88 7 245
93 26 55 85
93 59 2 325
94 32 49 216
94 96 9 350
94 2 22 2
94 66 25 384
94 70 43 153
94 45 31 95
94 14 4 188
94 113 2 60
94 30 19 315
94 90 55 6
94 25 47 120
95 32 7 129
95 2 34 368
95 70 31 51
95 39 4 113
95 7 13 106
95 74 11 346
95 44 1 42
95 17 23 5
95 120 17 182
95 25 45 426
95 94 19 297
96 3 43 418
96 41 10 50
96 77 1 261
96 46 3 55
96 15 31 328
96 81 37 387
96 115 19 43
96 53 25 16
96 22 13 417
96 87 23 120
96 91 49 236
96 63 17 58
97 65 16 355
97 66 49 38
97 101 35 107
97 38 13 20
97 108 4 293
97 113 1 104
97 115 7 165
97 85 19 47
97 23 46 119
97 92 40 79
98 32 37 60
98 66 43 384
98 100 31 6
98 69 13 306
98 102 7 446
98 8 55 64
98 105 19 331
98 76 10 411
98 13 1 218
98 110 49 315
98 81 45 1
98 58 21 75
99 27 25 319
99 9 43 238
99 106 29 59
99 77 9 173
99 78 46 415
99 113 7 181
99 18 20 243
99 23 1 142
99 24 41 420
99 58 31 75
99 91 37 71
99 92 13 323
100 65 43 54
100 97 31 263
100 100 7 7
100 90 19 348
100 15 1 328
100 86 27 12
100 55 25 67
100 24 13 21
100 118 40 124
100 54 11 52
100 59 15 253
100 92 46 139
101 97 19 196
101 33 31 155
101 71 22 32
101 10 49 105
101 79 10 393
101 48 52 61
101 82 13 130
101 115 3 391
101 87 1 248
101 120 7 424
101 93 25 239
102 96 5 63
102 7 25 227
102 8 22 64
102 110 9 210
102 14 7 188
102 80 34 351
102 53 49 137
102 54 13 294
102 22 43 86
102 24 1 420
102 31 19 332
102 95 15 363
103 96 10 33
103 97 28 196
103 2 7 368
103 40 49 279
103 105 23 331
103 107 13 143
103 76 1 254
103 80 31 351
103 21 41 262
103 62 25 106
103 58 19 119
103 94 5 133
104 36 43 44
104 102 13 131
104 39 55 113
104 74 10 180
104 11 33 92
104 43 31 273
104 109 25 163
104 50 17 230
104 20 21 241
104 90 1 231
104 95 19 450
105 6 7 216
105 76 10 431
105 77 29 173
105 110 25 315
105 108 31 80
105 81 13 94
105 83 37 144
105 84 19 210
105 118 34 98
105 59 1 314
105 92 52 79
105 63 5 87
106 33 19 114
106 99 13 339
106 37 17 427
106 71 7 32
106 40 55 450
106 104 25 271
106 74 23 20
106 73 4 17
106 48 52 119
106 88 1 235
106 60 10 291
107 5 19 369
107 7 31 128
107 103 7 335
107 41 41 280
107 110 37 282
107 83 43 360
107 116 28 169
107 27 1 448
107 60 5 170
107 93 13 68
107 94 25 81
108 65 22 355
108 33 31 255
108 69 49 212
108 40 25 279
108 41 5 50
108 105 11 331
108 109 7 58
108 47 13 430
108 19 55 426
108 119 1 28
108 88 43 139
108 89 19 419
109 64 4 143
109 97 25 146
109 68 37 323
109 72 28 203
109 79 7 51
109 81 55 436
109 21 1 265
109 23 40 56
109 120 13 424
109 24 11 420
109 27 19 389
109 31 34 113
110 65 7 54
110 33 19 155
110 98 37 123
110 6 15 226
110 73 31 17
110 46 13 370
110 53 49 305
110 87 10 248
110 119 23 52
110 88 3 245
110 89 28 318
110 63 1 10
111 33 7 272
111 100 25 424
111 10 29 371
111 77 31 261
111 24 11 356
111 89 4 419
111 27 15 449
111 28 13 367
111 29 23 89
111 95 1 450
112 64 49 386
112 98 13 123
112 3 37 418
112 100 43 256
112 36 3 447
112 7 31 274
112 13 55 215
112 112 52 299
112 120 1 199
112 31 7 309
112 63 11 251
113 64 19 257
113 65 22 54
113 98 7 21
113 99 13 87
113 10 11 314
113 77 35 147
113 46 17 11
113 14 5 68
113 22 1 70
113 92 25 139
113 93 31 68
114 3 21 418
114 100 9 170
114 36 55 345
114 104 1 38
114 12 3 329
114 17 17 296
114 83 31 144
114 116 26 334
114 81 49 436
114 87 19 7
114 27 13 193
115 32 7 162
115 68 46 323
115 106 15 129
115 76 1 167
115 46 17 185
115 79 4 411
115 116 11 49
115 89 28 419
115 26 49 347
115 93 19 247
115 57 32 336
116 97 37 173
116 3 1 418
116 4 11 193
116 101 16 200
116 43 9 273
116 108 13 245
116 49 28 93
116 18 55 271
116 55 7 163
116 120 19 394
116 92 25 349
116 95 21 450
117 2 13 368
117 99 25 94
117 5 33 14
117 101 37 295
117 6 16 247
117 8 7 338
117 41 5 280
117 105 31 439
117 108 39 433
117 81 55 387
117 87 21 7
117 30 1 315
118 2 46 368
118 26 49 85
118 4 5 193
118 66 43 113
118 70 25 437
118 40 13 65
118 118 10 124
118 95 1 363
118 58 37 119
118 28 3 69
118 30 28 356
118 31 34 309
119 98 25 316
119 35 49 308
119 38 22 135
119 72 4 203
119 43 31 386
119 76 19 167
119 80 37 351
119 113 1 73
119 52 10 380
119 22 13 154
119 89 7 318
119 91 43 71
120 68 49 323
120 69 43 306
120 103 13 333
120 39 55 37
120 45 31 434
120 16 25 161
120 115 39 310
120 117 19 313
120 85 4 47
120 120 23 397
120 61 10 381
120 94 37 81
121 107 55 189
121 108 7 80
121 79 22 51
121 48 49 119
121 115 31 391
121 117 15 313
121 55 25 38
121 25 13 120
121 26 43 85
121 92 37 79
121 62 4 269
122 35 9 36
122 100 31 112
122 101 23 295
122 70 13 157
122 3 25 107
122 74 7 53
122 46 35 11
122 113 5 281
122 18 1 243
122 81 43 94
122 84 19 100
122 54 17 52
123 9 40 131
123 12 25 329
123 49 9 34
123 50 3 97
123 115 55 43
123 113 1 69
123 17 53 161
123 86 31 206
123 87 7 120
123 89 16 318
123 27 19 33
123 62 13 269
124 33 25 33
124 36 19 256
124 68 4 323
124 6 33 371
124 43 31 73
124 45 55 312
124 113 10 150
124 51 7 267
124 115 43 52
124 23 13 56
124 89 1 90
125 32 31 42
125 101 7 295
125 8 40 338
125 10 25 273
125 11 13 256
125 75 21 31
125 78 35 111
125 111 1 19
125 55 11 179
125 23 4 142
125 26 49 25
125 95 17 363
126 64 7 257
126 99 25 221
126 6 10 216
126 40 49 201
126 77 29 220
126 112 19 299
126 19 1 354
126 116 4 252
126 21 17 265
126 57 37 336
126 27 13 440
127 3 7 440
127 9 46 238
127 42 55 343
127 106 1 186
127 109 13 234
127 80 43 338
127 50 5 207
127 115 19 52
127 86 3 12
127 23 28 56
127 87 25 7
127 25 33 426
128 38 37 102
128 39 49 37
128 43 21 386
128 45 7 122
128 47 13 135
128 113 3 104
128 21 5 310
128 22 55 268
128 119 1 162
128 90 31 348
129 64 10 257
129 102 7 372
129 42 19 343
129 11 37 138
129 106 1 437
129 111 34 19
129 16 13 161
129 17 27 23
129 20 17 101
129 118 31 124
129 91 55 71
129 93 3 239
130 5 55 187
130 105 21 331
130 49 7 115
130 119 17 28
130 87 41 7
130 88 10 131
130 25 27 120
130 26 37 85
130 28 31 28
130 93 13 42
130 63 1 87
131 35 16 437
131 4 7 30
131 103 27 432
131 104 25 402
131 8 4 338
131 71 13 34
131 75 19 92
131 44 49 266
131 16 55 161
131 50 2 143
131 23 9 56
132 98 43 123
132 3 31 421
132 40 9 153
132 108 3 134
132 13 15 83
132 51 25 177
132 116 13 49
132 117 49 313
132 83 7 360
132 24 19 18
132 89 37 419
132 29 1 308
133 96 13 156
133 72 25 22
133 41 53 280
133 44 7 61
133 109 3 234
133 113 19 104
133 82 21 358
133 86 49 12
133 23 31 70
133 56 15 410
133 57 43 117
133 29 10 46
134 32 31 216
134 67 28 152
134 5 1 93
134 6 19 216
134 72 40 22
134 104 11 402
134 78 7 415
134 21 25 395
134 94 5 81
135 102 52 330
135 6 4 216
135 73 15 145
135 13 37 39
135 110 7 8
135 77 28 261
135 48 25 212
135 17 13 282
135 113 22 249
135 52 1 72
135 23 19 56
135 90 31 275
136 98 21 55
136 38 43 400
136 8 52 338
136 10 3 273
136 43 7 73
136 106 9 59
136 111 31 19
136 52 13 283
136 116 1 49
136 20 5 146
136 61 16 438
137 96 5 268
137 99 43 432
137 69 49 280
137 70 22 183
137 104 17 402
137 73 28 17
137 106 25 129
137 109 13 99
137 47 1 135
137 52 37 380
137 118 19 124
137 92 31 349
138 99 21 10
138 101 17 107
138 40 13 201
138 10 29 105
138 43 49 73
138 11 25 138
138 80 10 351
138 21 19 395
138 23 4 60
138 25 1 426
138 92 31 30
138 93 43 239
139 2 33 2
139 67 3 40
139 4 23 262
139 66 47 113
139 3 19 440
139 105 7 331
139 48 37 212
139 51 10 177
139 20 15 146
139 90 55 297
139 95 13 450
140 64 49 139
140 65 16 54
140 67 34 24
140 69 19 306
140 7 25 302
140 75 10 342
140 60 3 196
140 114 37 292
140 83 13 144
140 119 29 28
140 55 5 67
140 92 31 79
141 66 27 38
141 98 55 55
141 108 1 192
141 77 16 173
141 111 10 19
141 112 34 441
141 29 22 293
141 19 13 126
141 50 19 340
141 20 29 224
141 22 43 41
141 61 40 381
142 35 22 340
142 102 4 388
142 71 19 34
142 40 31 119
142 81 49 387
142 82 14 358
142 19 28 354
142 84 37 89
142 23 7 149
142 87 11 7
142 59 25 253
142 94 1 183
143 67 3 408
143 4 23 193
143 103 25 429
143 12 13 230
143 45 19 95
143 49 10 114
143 50 7 207
143 83 1 144
143 84 37 261
143 24 34 356
143 62 31 404
144 89 1 419
144 33 31 114
144 36 43 165
144 101 21 295
144 69 49 306
144 102 4 131
144 86 19 206
144 57 9 117
144 91 13 236
144 31 25 332
144 62 28 42
144 63 7 298
145 35 7 139
145 100 21 291
145 8 40 64
145 9 28 131
145 105 1 439
145 20 5 101
145 53 45 305
145 25 25 120
145 58 55 119
145 27 33 12
145 61 3 426
146 64 13 139
146 34 22 255
146 36 43 100
146 70 25 202
146 40 37 450
146 106 7 352
146 11 1 138
146 45 49 434
146 21 11 262
146 119 9 148
146 56 19 4
146 24 5 420
147 97 13 263
147 5 31 369
147 70 46 167
147 71 40 34
147 44 4 109
147 13 19 218
147 77 1 147
147 112 16 441
147 49 25 190
147 87 23 248
147 25 9 426
147 31 37 332
148 32 26 162
148 6 13 247
148 11 31 138
148 47 55 370
148 18 49 243
148 115 19 391
148 85 43 242
148 55 41 67
148 120 23 284
148 57 3 117
148 88 7 131
148 95 16 450
149 69 45 212
149 6 28 286
149 70 1 174
149 104 23 38
149 9 19 246
149 75 49 363
149 111 4 19
149 53 37 305
149 119 11 28
149 27 14 389
149 30 31 356
149 95 7 363
150 64 49 213
150 34 9 255
150 100 31 55
150 71 4 34
150 40 37 279
150 74 41 45
150 109 43 134
150 79 25 393
150 51 1 177
150 116 7 234
150 55 28 246
150 24 13 152
151 98 13 316
151 73 19 118
151 43 28 273
151 47 49 76
151 112 10 441
151 49 7 411
151 50 17 108
151 51 25 344
151 115 1 52
151 18 45 271
151 60 5 72
152 32 37 162
152 99 25 10
152 67 16 152
152 35 4 159
152 70 31 205
152 71 13 312
152 4 23 108
152 41 1 50
152 81 49 1
152 115 7 391
152 87 29 120
153 99 13 86
153 73 34 17
153 41 23 50
153 111 25 19
153 113 11 92
153 82 7 358
153 19 37 126
153 52 1 217
153 85 21 426
153 120 19 9
153 30 40 356
153 31 49 309
154 97 22 173
154 34 40 255
154 70 55 51
154 42 1 343
154 109 25 99
154 14 17 188
154 46 11 324
154 49 33 291
154 26 43 168
154 59 14 369
154 60 7 182
154 63 29 288
155 96 22 156
155 66 39 38
155 3 31 418
155 68 55 219
155 35 13 36
155 102 16 388
155 71 19 346
155 11 7 138
155 45 25 434
155 14 4 367
155 51 1 11
155 25 11 426
156 32 49 162
156 66 17 113
156 68 46 219
156 71 43 312
156 41 23 280
156 9 7 238
156 59 1 20
156 15 10 373
156 16 25 211
156 85 15 47
156 91 37 236
156 29 19 46
157 99 31 18
157 4 15 108
157 102 7 23
157 39 19 113
157 8 49 64
157 77 25 147
157 50 13 207
157 30 22 356
157 58 43 75
157 92 37 349
157 95 5 450
157 63 1 58
158 97 31 146
158 65 19 355
158 98 37 316
158 6 7 423
158 39 10 113
158 72 22 22
158 7 43 128
158 9 13 246
158 110 49 400
158 81 25 387
158 113 16 166
158 93 1 68
159 8 1 64
159 104 27 402
159 42 55 163
159 43 23 73
159 76 4 167
159 11 19 445
159 78 13 242
159 81 31 387
159 113 7 92
159 87 41 120
159 93 43 68
159 94 10 332
160 34 25 398
160 99 37 281
160 98 1 316
160 5 19 233
160 104 33 38
160 44 13 284
160 47 7 370
160 48 16 61
160 118 28 98
160 27 43 344
160 63 23 58
161 64 4 139
161 67 37 441
161 43 25 386
161 108 1 422
161 45 19 434
161 77 23 220
161 79 13 51
161 75 27 31
161 113 16 2
161 117 9 313
161 55 7 246
162 102 34 272
162 39 25 37
162 40 7 374
162 10 4 314
162 13 43 359
162 49 13 115
162 21 11 310
162 85 16 88
162 60 1 86
162 29 22 204
162 94 19 424
162 95 28 450
163 65 25 54
163 67 19 446
163 69 32 306
163 37 28 195
163 41 15 50
163 9 10 238
163 42 1 268
163 21 23 395
163 92 40 170
163 61 5 381
163 31 57 309
164 32 49 60
164 100 25 256
164 71 16 32
164 106 7 389
164 43 9 73
164 14 4 394
164 79 34 411
164 52 19 354
164 22 43 417
164 120 1 375
164 89 13 419
164 26 37 25
165 73 25 118
165 74 10 264
165 75 4 150
165 11 31 40
165 15 19 3
165 49 7 114
165 20 1 386
165 25 39 120
165 27 13 344
165 63 29 10
165 95 35 363
166 65 28 355
166 99 19 141
166 68 55 323
166 43 15 273
166 108 25 63
166 23 7 142
166 22 37 70
166 55 34 246
166 24 1 18
166 25 23 426
166 86 11 12
166 28 4 102
167 96 1 156
167 2 3 368
167 37 15 427
167 71 43 34
167 12 19 378
167 13 25 39
167 45 37 95
167 14 13 140
167 113 23 181
167 116 17 49
167 87 33 248
167 25 7 426
168 2 37 2
168 40 19 374
168 9 40 238
168 75 34 82
168 80 52 351
168 18 43 243
168 52 1 216
168 22 25 70
168 54 5 52
168 89 7 419
168 30 31 315
169 34 10 385
169 37 19 427
169 102 43 372
169 38 25 149
169 83 39 144
169 52 7 365
169 93 1 26
169 118 13 124
169 86 16 206
169 19 34 401
169 29 5 83
169 31 22 113
170 98 49 55
170 72 16 203
170 12 19 115
170 48 3 212
170 49 25 34
170 84 43 89
170 53 55 305
170 21 1 310
170 27 7 449
170 93 37 204
170 62 13 425
171 2 16 368
171 69 7 306
171 40 55 106
171 107 49 143
171 44 31 359
171 12 43 320
171 17 23 231
171 50 5 305
171 82 1 130
171 22 19 263
171 56 13 148
171 60 27 72
172 32 31 60
172 97 16 150
172 103 25 333
172 72 7 22
172 40 43 201
172 14 29 327
172 79 22 411
172 80 40 351
172 81 1 1
172 48 13 212
172 85 19 242
172 89 10 419
173 65 46 355
173 35 52 73
173 70 31 43
173 39 10 37
173 72 19 74
173 9 49 131
173 75 13 82
173 77 27 220
173 48 40 212
173 82 55 130
173 51 7 344
173 114 1 292
174 97 22 72
174 35 19 320
174 5 3 233
174 101 1 295
174 39 43 37
174 102 7 263
174 9 31 246
174 51 10 344
174 84 25 378
174 94 13 412
174 63 17 288
175 35 34 197
175 36 7 305
175 38 22 353
175 103 49 419
175 8 4 64
175 72 37 203
175 77 16 147
175 110 45 408
175 80 19 351
175 54 11 93
175 55 1 163
176 96 17 187
176 66 35 384
176 98 37 21
176 36 19 6
176 6 1 371
176 103 7 333
176 41 47 50
176 13 13 76
176 86 5 206
176 26 31 347
176 27 43 194
176 62 25 228
177 105 3 439
177 108 25 76
177 13 31 192
177 111 22 271
177 51 13 267
177 21 1 262
177 118 28 124
177 119 11 449
177 25 17 120
177 90 7 231
178 65 31 54
178 104 51 38
178 73 46 118
178 106 17 400
178 42 37 343
178 110 3 8
178 51 43 431
178 23 34 41
178 57 7 336
178 94 1 321
178 31 19 309
179 7 55 302
179 9 22 238
179 13 3 215
179 46 28 11
179 79 25 244
179 16 7 161
179 17 11 161
179 20 47 322
179 53 37 16
179 119 13 179
179 27 33 319
179 94 1 214
180 68 25 219
180 41 3 50
180 74 1 296
180 44 7 284
180 110 37 364
180 46 35 185
180 80 46 351
180 83 5 144
180 84 19 77
180 53 31 384
180 58 13 75
180 62 10 51
181 65 10 355
181 67 7 406
181 4 1 108
181 38 19 135
181 8 25 64
181 46 29 370
181 78 3 111
181 119 5 148
181 25 15 120
181 63 35 423
181 95 13 363
182 96 23 247
182 35 19 122
182 4 3 30
182 100 13 182
182 67 37 129
182 39 34 37
182 46 1 370
182 50 17 345
182 18 27 271
182 85 40 47
182 88 10 245
183 32 37 216
183 67 22 286
183 10 15 105
183 45 49 95
183 47 25 6
183 112 19 441
183 51 34 431
183 52 31 100
183 23 10 142
183 88 58 235
183 93 1 204
184 37 29 266
184 7 25 168
184 45 55 434
184 14 11 122
184 79 31 411
184 113 7 150
184 114 13 262
184 116 1 252
184 53 19 137
184 120 17 55
184 89 3 318
184 63 9 195
185 99 25 428
185 104 29 38
185 72 31 203
185 42 19 268
185 14 37 68
185 17 1 94
185 22 13 100
185 120 9 145
185 24 7 18
185 61 3 381
185 63 5 423
186 33 25 173
186 3 31 440
186 101 5 107
186 9 40 246
186 105 11 439
186 109 43 234
186 16 19 161
186 83 17 360
186 53 7 430
186 92 1 349
186 30 58 315
187 2 28 2
187 36 55 100
187 5 7 93
187 10 21 266
187 13 2 361
187 112 25 299
187 113 17 60
187 114 37 262
187 56 31 116
187 28 11 69
187 62 34 404
188 67 49 264
188 73 52 118
188 10 37 371
188 75 7 106
188 47 39 6
188 81 43 387
188 20 13 371
188 53 25 137
188 54 5 294
188 26 31 168
188 59 1 13
188 62 16 51
189 36 1 278
189 40 49 374
189 8 28 64
189 43 43 273
189 108 34 63
189 110 45 299
189 111 7 271
189 48 55 61
189 17 5 296
189 114 19 292
189 86 11 206
189 27 13 319
190 96 5 436
190 98 1 123
190 99 25 18
190 2 43 2
190 37 34 427
190 71 13 32
190 72 46 22
190 74 7 301
190 13 19 16
190 86 59 12
190 62 10 425
190 31 40 309
191 3 13 107
191 9 25 238
191 76 19 213
191 78 3 242
191 47 43 370
191 49 39 48
191 115 49 165
191 88 22 139
191 57 55 336
191 27 7 193
191 93 31 35
192 64 33 386
192 34 7 55
192 11 55 24
192 44 46 278
192 107 37 189
192 110 25 282
192 112 13 299
192 82 49 130
192 116 29 49
192 53 1 137
192 88 19 245
192 30 43 315
193 100 43 90
193 70 19 153
193 73 7 118
193 105 5 439
193 43 39 273
193 17 13 23
193 82 1 358
193 48 58 61
193 112 22 299
193 50 10 383
193 22 49 70
194 4 17 41
194 71 49 346
194 40 13 374
194 45 43 122
194 78 7 111
194 47 55 76
194 14 37 54
194 77 3 147
194 82 25 358
194 51 9 111
194 119 23 39
194 28 1 224
195 32 31 162
195 33 43 228
195 102 19 11
195 7 7 227
195 73 25 17
195 93 1 80
195 22 13 78
195 23 22 56
195 120 5 85
195 61 29 438
195 30 37 356
196 33 37 132
196 66 58 113
196 3 43 421
196 74 25 88
196 109 49 58
196 111 28 19
196 119 7 296
196 22 9 86
196 23 3 257
196 24 1 380
196 61 17 387
197 69 27 306
197 6 31 286
197 39 16 37
197 105 25 331
197 43 41 73
197 109 37 134
197 84 19 102
197 52 1 443
197 54 23 99
197 20 7 241
197 120 5 99
197 56 13 5
198 69 43 280
198 104 39 402
198 106 22 129
198 12 31 320
198 108 1 128
198 111 7 19
198 113 5 232
198 50 11 112
198 118 25 98
198 93 13 35
198 62 19 136
199 34 27 439
199 35 13 340
199 69 3 306
199 73 55 118
199 109 7 394
199 45 37 122
199 49 16 93
199 113 11 73
199 53 49 384
199 120 1 225
199 90 31 151
200 4 23 95
200 5 31 283
200 69 37 280
200 39 1 37
200 40 43 65
200 70 28 183
200 73 25 145
200 8 19 64
200 50 5 230
200 115 13 43
200 52 8 126
200 21 11 395
201 67 37 32
201 68 40 219
201 6 49 423
201 103 13 224
201 70 19 63
201 14 11 394
201 16 43 161
201 83 25 360
201 84 7 294
201 26 55 25
201 61 22 447
201 31 4 309
202 97 25 354
202 35 22 124
202 39 52 113
202 104 19 402
202 8 7 64
202 112 10 299
202 17 13 196
202 81 43 436
202 84 15 167
203 66 45 113
203 97 37 354
203 39 13 37
203 72 28 22
203 41 47 280
203 43 19 273
203 108 10 80
203 15 7 373
203 82 55 358
203 92 1 79
203 30 4 315
204 34 7 275
204 68 52 219
204 45 55 95
204 78 10 415
204 15 1 3
204 82 43 358
204 115 37 52
204 83 25 144
204 20 23 386
204 21 35 310
204 18 13 271
204 26 19 25
205 96 17 350
205 34 46 439
205 7 13 274
205 76 28 411
205 13 33 81
205 77 7 261
205 118 43 124
205 55 9 179
205 91 1 236
205 95 21 363
206 66 7 113
206 3 37 421
206 103 25 28
206 72 13 203
206 7 31 106
206 75 43 82
206 44 3 61
206 46 29 444
206 111 10 271
206 50 1 194
206 115 49 43
206 118 19 98
207 99 9 18
207 102 3 73
207 104 43 271
207 46 19 55
207 79 28 51
207 14 13 327
207 48 40 61
207 50 21 307
207 83 7 144
207 88 31 131
207 61 1 381
207 63 17 251
208 33 25 89
208 102 13 171
208 103 37 432
208 73 16 17
208 42 43 163
208 74 5 301
208 17 1 5
208 114 7 262
208 86 21 206
208 120 3 9
208 94 11 133
209 69 7 212
209 76 3 49
209 111 52 19
209 113 40 160
209 55 23 163
209 54 1 96
209 118 16 124
209 88 55 139
209 89 31 354
209 90 19 187
209 31 25 113
209 63 11 87
210 64 7 213
210 65 37 355
210 100 13 223
210 68 40 323
210 38 3 176
210 7 33 227
210 73 19 145
210 79 55 411
210 83 22 144
210 54 31 267
210 119 10 39
210 61 1 438
211 6 31 423
211 104 29 402
211 43 37 386
211 80 46 338
211 113 43 259
211 115 19 250
211 52 3 149
211 53 25 305
211 54 17 294
211 119 1 82
211 89 10 90
211 93 13 64
212 4 11 41
212 37 19 195
212 74 7 180
212 109 31 394
212 77 3 220
212 47 37 352
212 116 25 49
212 23 13 320
212 62 57 384
212 63 1 298
212 94 5 321
212 31 52 332
213 64 22 213
213 65 43 355
213 34 46 202
213 33 25 442
213 38 31 166
213 9 19 238
213 43 35 73
213 109 7 134
213 49 1 159
213 18 14 243
213 22 37 417
213 28 4 438
214 100 1 229
214 6 10 286
214 7 13 227
214 107 43 143
214 43 28 73
214 45 37 434
214 109 49 134
214 79 7 393
214 118 22 98
214 23 19 380
214 22 55 263
214 60 5 291
215 3 25 418
215 67 10 446
215 102 7 171
215 40 19 65
215 73 31 145
215 111 4 271
215 112 58 299
215 52 13 31
215 88 52 139
215 60 17 72
215 31 1 113
216 96 4 156
216 97 40 72
216 2 37 368
216 4 7 119
216 11 31 313
216 92 13 349
216 114 19 262
216 117 25 184
216 55 43 246
216 56 9 5
216 31 45 309
216 95 23 450
217 33 19 149
217 35 43 197
217 36 37 44
217 7 49 106
217 106 13 59
217 13 25 218
217 49 10 115
217 21 7 265
217 88 16 245
217 26 1 85
217 30 46 315
217 63 5 298
218 97 43 150
218 101 29 200
218 11 13 138
218 77 27 147
218 14 17 282
218 16 31 161
218 81 37 436
218 83 3 360
218 116 1 234
218 85 10 242
218 52 19 283
218 118 7 124
219 65 58 54
219 34 7 26
219 101 5 200
219 102 31 11
219 103 19 228
219 16 37 161
219 20 1 322
219 21 23 265
219 120 16 9
219 91 26 236
219 92 10 30
220 96 5 263
220 97 58 72
220 65 31 355
220 36 7 345
220 101 3 200
220 102 13 300
220 11 43 445
220 50 1 260
220 87 19 248
220 91 21 236
220 62 16 269
221 32 43 129
221 104 37 271
221 11 25 198
221 15 22 3
221 80 31 338
221 50 1 230
221 53 7 137
221 117 13 184
221 28 34 126
221 29 5 316
221 62 39 42
222 65 40 355
222 3 13 418
222 109 1 99
222 113 9 166
222 29 23 121
222 115 19 270
222 23 31 41
222 55 7 67
222 24 17 420
222 90 25 348
222 120 5 9
222 61 11 438
223 96 5 444
223 34 34 398
223 7 43 227
223 48 37 61
223 80 28 351
223 50 11 307
223 115 13 52
223 55 3 179
223 51 40 431
223 119 1 39
223 59 7 325
224 32 43 162
224 100 55 90
224 6 13 216
224 103 7 379
224 38 1 398
224 72 16 74
224 47 49 135
224 111 37 19
224 85 31 47
224 22 19 86
224 60 25 196
224 30 4 356
225 32 43 60
225 98 19 21
225 34 31 202
225 37 15 195
225 6 34 265
225 101 9 200
225 15 4 3
225 115 25 310
225 54 7 96
225 120 23 9
225 25 1 120
226 66 45 384
226 37 11 195
226 108 19 192
226 13 7 361
226 78 15 415
226 49 4 400
226 18 55 243
226 50 17 340
226 118 37 124
226 56 31 308
226 88 25 235
226 94 1 133
227 6 31 226
227 105 1 331
227 107 37 143
227 44 9 136
227 77 21 220
227 110 3 84
227 50 19 200
227 19 28 126
227 85 23 47
227 117 45 184
227 60 7 240
227 29 13 121
228 65 58 355
228 37 5 195
228 5 43 187
228 71 34 346
228 11 13 221
228 12 7 230
228 109 25 134
228 50 3 56
228 20 11 386
228 90 19 151
228 28 1 367
229 35 16 125
229 4 40 30
229 102 21 272
229 42 31 268
229 109 25 234
229 15 37 3
229 79 13 411
229 84 7 69
229 85 43 88
229 119 5 39
229 24 1 417
229 60 19 291
230 68 1 219
230 103 31 365
230 40 37 153
230 7 19 168
230 75 7 112
230 108 55 287
230 49 10 282
230 119 29 148
230 89 4 354
230 90 25 297
230 29 15 121
231 66 41 38
231 34 21 427
231 4 43 108
231 37 17 195
231 36 37 256
231 60 13 384
231 49 10 48
231 18 31 243
231 51 45 78
231 19 49 354
231 22 1 41
231 28 5 126
232 67 40 40
232 26 1 25
232 36 31 44
232 72 7 74
232 41 17 280
232 108 37 128
232 109 19 134
232 110 43 8
232 50 13 112
232 53 49 430
232 89 10 318
232 58 25 75
233 97 34 196
233 34 1 170
233 66 5 38
233 100 13 229
233 4 29 30
233 51 31 177
233 86 55 12
233 87 17 248
233 118 10 98
233 93 19 35
233 62 7 269
234 64 37 213
234 103 31 432
234 8 58 338
234 41 35 280
234 71 22 346
234 43 5 273
234 12 7 329
234 53 1 16
234 56 13 48
234 93 26 204
235 97 19 150
235 35 7 125
235 36 25 345
235 5 3 14
235 9 14 321
235 77 10 147
235 46 1 444
235 78 17 242
235 16 55 211
235 113 29 232
235 117 31 184
235 57 37 117
236 2 55 2
236 67 25 152
236 38 13 295
236 8 37 64
236 40 43 92
236 12 19 230
236 45 7 95
236 14 5 282
236 15 28 366
236 16 1 211
236 108 58 134
236 120 11 212
237 35 9 416
237 4 35 30
237 110 37 400
237 47 31 135
237 15 43 328
237 81 19 387
237 115 25 391
237 51 13 177
237 85 4 88
237 93 49 68
237 31 1 309
238 65 46 54
238 99 31 110
238 68 58 219
238 6 25 216
238 40 39 401
238 104 37 402
238 9 1 238
238 43 4 386
238 48 16 212
238 115 19 165
238 85 9 88
238 54 13 206
239 33 37 114
239 65 52 54
239 39 49 113
239 43 19 73
239 14 7 334
239 16 21 211
239 17 28 365
239 112 31 299
239 19 9 341
239 118 55 124
239 93 1 21
239 63 13 251
240 35 7 197
240 102 37 263
240 106 31 437
240 43 17 386
240 76 13 254
240 47 19 361
240 111 46 19
240 54 1 45
240 24 5 182
240 58 55 75
240 31 10 309
240 63 3 423
241 36 1 44
241 38 7 176
241 71 15 346
241 73 46 17
241 41 13 50
241 107 31 143
241 48 43 61
241 16 49 211
241 19 22 126
241 87 27 7
241 63 10 288
241 31 40 332
242 98 20 316
242 7 25 128
242 105 37 331
242 74 17 301
242 73 3 118
242 46 29 324
242 110 43 84
242 14 1 213
242 51 31 431
242 22 9 78
242 119 7 148
242 90 13 275
243 32 25 60
243 67 13 361
243 35 40 321
243 101 11 107
243 40 49 401
243 11 7 198
243 113 16 92
243 50 31 2
243 83 1 360
243 84 3 187
243 24 19 152
243 88 22 245
244 68 52 323
244 102 21 44
244 42 37 163
244 75 43 112
244 46 1 324
244 81 31 1
244 116 19 252
244 119 15 28
244 88 25 245
244 26 7 85
244 27 3 414
245 36 13 44
245 101 25 200
245 70 27 159
245 108 31 63
245 77 1 220
245 76 22 215
245 79 19 244
245 27 7 448
245 93 55 35
245 63 17 10
246 97 10 196
246 34 31 427
246 68 7 323
246 90 3 348
246 72 13 22
246 108 19 293
246 77 22 147
246 18 25 243
246 20 1 146
246 88 34 245
246 56 16 5
247 65 13 355
247 35 3 125
247 37 41 427
247 104 31 271
247 10 39 314
247 107 9 143
247 43 33 73
247 77 7 220
247 52 22 275
247 54 16 380
247 60 1 196
247 95 25 450
248 38 16 295
248 41 21 50
248 11 9 202
248 13 25 361
248 45 43 95
248 77 7 173
248 80 13 351
248 111 39 271
248 19 4 341
248 116 1 169
248 86 23 12
248 25 19 426
249 97 31 150
249 66 57 38
249 70 49 272
249 72 4 74
249 73 22 118
249 41 37 50
249 74 11 258
249 45 7 312
249 19 13 341
249 54 19 96
249 24 2 22
249 26 25 25
250 34 31 26
250 68 25 323
250 39 28 113
250 104 11 38
250 88 37 131
250 10 19 105
250 43 9 386
250 15 13 366
250 112 1 441
250 118 46 98
250 24 22 433
250 59 16 158
251 2 7 2
251 67 13 45
251 100 25 223
251 7 49 168
251 10 5 105
251 74 23 180
251 112 1 299
251 21 47 265
251 118 31 98
251 87 21 248
251 85 34 47
251 94 29 214
252 32 49 42
252 35 19 36
252 5 55 14
252 8 10 64
252 74 1 77
252 45 3 434
252 14 29 206
252 81 25 1
252 119 13 28
252 59 31 376
252 29 15 421
253 33 31 89
253 4 41 41
253 70 43 63
253 103 49 253
253 12 37 115
253 109 55 58
253 110 19 364
253 80 7 351
253 116 16 169
253 53 1 305
253 56 10 152
253 60 5 440
254 101 11 295
254 7 19 302
254 104 35 402
254 74 23 205
254 78 25 415
254 52 40 208
254 53 1 430
254 23 7 264
254 27 31 414
254 94 5 412
254 63 29 25
255 65 19 54
255 100 43 223
255 69 1 280
255 102 15 23
255 7 55 227
255 80 22 351
255 93 9 404
255 22 49 41
255 88 28 245
255 26 37 347
255 120 5 145
255 29 7 82
256 98 49 123
256 34 19 170
256 100 31 90
256 36 37 36
256 71 3 346
256 40 9 65
256 9 25 246
256 109 43 99
256 14 23 112
256 16 15 211
256 85 1 88
256 28 7 102
257 64 31 213
257 97 37 196
257 35 34 225
257 3 49 421
257 40 19 201
257 74 11 301
257 84 25 69
257 85 7 47
257 21 29 262
257 88 58 131
257 58 13 119
257 93 43 404
258 97 31 196
258 35 19 125
258 71 22 312
258 8 34 338
258 77 9 220
258 14 7 140
258 47 1 352
258 112 40 299
258 21 5 265
258 86 57 12
258 90 13 348
258 30 37 315
259 5 7 233
259 38 19 181
259 75 25 342
259 19 16 341
259 20 5 274
259 52 22 217
259 118 52 124
259 86 49 206
259 88 46 131
259 55 31 38
259 58 1 119
259 30 13 315
260 68 31 323
260 104 7 402
260 106 21 366
260 10 17 273
260 109 37 394
260 14 23 327
260 78 19 111
260 112 13 441
260 93 26 68
260 24 1 356
260 29 11 316
260 63 3 288
261 35 49 6
261 68 7 219
261 69 55 306
261 10 13 105
261 108 19 422
261 113 1 160
261 19 22 341
261 86 39 12
261 88 33 139
261 90 3 151
261 29 17 308
261 94 10 428
262 98 37 243
262 38 25 369
262 7 13 168
262 43 46 73
262 44 28 278
262 107 49 189
262 13 55 311
262 47 19 430
262 51 7 177
262 89 4 90
262 59 1 253
263 3 49 418
263 35 37 299
263 70 46 145
263 43 41 273
263 45 13 122
263 14 1 112
263 79 25 51
263 50 21 345
263 19 3 401
263 55 17 122
263 89 7 354
263 92 34 16
264 34 43 398
264 67 7 408
264 100 19 112
264 3 55 402
264 109 37 99
264 78 5 111
264 81 31 94
264 29 1 46
264 119 16 39
264 23 13 142
264 63 11 241
264 31 25 309
265 32 55 60
265 101 11 200
265 37 1 427
265 74 3 180
265 11 31 149
265 75 25 209
265 12 19 214
265 77 7 147
265 17 40 46
265 118 13 98
265 63 5 10
266 3 7 107
266 105 35 331
266 73 40 118
266 107 25 189
266 108 1 293
266 75 4 181
266 110 31 239
266 80 58 351
266 50 11 364
266 88 13 235
266 26 43 25
266 94 23 266
267 98 55 316
267 72 37 74
267 74 27 296
267 11 19 24
267 46 13 185
267 16 49 161
267 118 7 98
267 59 33 7
267 28 10 372
267 25 3 120
267 63 1 423
268 66 47 384
268 4 23 30
268 37 21 195
268 69 55 212
268 6 25 423
268 42 31 343
268 109 9 234
268 15 4 58
268 115 13 310
268 117 37 184
268 119 1 449
268 60 7 72
269 34 46 64
269 67 1 446
269 35 55 320
269 68 22 323
269 104 9 402
269 42 37 268
269 45 31 312
269 48 28 61
269 113 25 249
269 80 4 351
269 120 13 292
269 58 49 75
270 96 17 42
270 41 29 280
270 75 43 33
270 43 13 273
270 45 31 122
270 13 19 308
270 52 10 217
270 53 49 16
270 116 1 334
270 23 25 56
270 24 5 152
270 29 3 83
271 69 19 280
271 39 28 37
271 104 49 402
271 43 16 73
271 84 37 378
271 87 31 7
271 23 25 257
271 120 23 150
271 89 7 90
271 56 4 48
271 28 1 372
271 94 10 260
272 98 55 123
272 26 31 85
272 101 29 107
272 40 13 153
272 108 22 394
272 12 1 320
272 79 40 411
272 19 19 126
272 85 25 426
272 90 7 297
272 61 17 381
272 95 11 363
273 37 10 427
273 72 31 74
273 9 1 246
273 8 52 64
273 107 25 143
273 110 21 8
273 50 17 207
273 20 29 146
273 116 7 169
273 59 13 7
273 92 4 349
274 64 34 213
274 9 16 131
274 105 7 439
274 44 13 61
274 110 25 408
274 111 43 19
274 80 1 338
274 84 19 223
274 21 9 395
274 54 23 267
274 86 5 12
274 61 29 381
275 35 52 6
275 5 9 99
275 73 49 17
275 106 7 199
275 109 25 58
275 47 13 352
275 79 4 393
275 115 43 391
275 85 23 242
275 118 1 98
275 88 19 235
275 57 31 117
276 64 37 139
276 2 13 2
276 68 28 219
276 70 1 205
276 7 49 128
276 41 40 50
276 76 25 65
276 17 7 46
276 114 43 262
276 49 4 190
276 57 19 336
276 61 10 219
277 3 43 107
277 99 33 78
277 104 47 402
277 105 9 331
277 72 37 22
277 10 21 105
277 28 4 28
277 78 31 242
277 111 55 19
277 80 1 351
277 22 25 100
277 60 7 86
278 2 52 368
278 99 26 110
278 67 7 45
278 39 31 113
278 7 43 302
278 79 19 411
278 81 13 1
278 114 55 292
278 113 1 392
278 90 3 297
278 28 34 367
279 99 7 155
279 36 43 36
279 101 1 107
279 3 19 421
279 39 52 37
279 43 37 73
279 110 15 364
279 81 55 1
279 84 31 425
279 55 5 163
279 89 28 90
279 95 3 450
280 33 15 132
280 8 37 338
280 75 19 132
280 45 1 95
280 111 22 19
280 17 5 196
280 20 13 101
280 52 31 126
280 85 25 47
280 90 43 6
280 59 27 241
280 29 10 204
281 32 43 216
281 3 19 107
281 35 13 159
281 69 25 280
281 103 55 217
281 11 1 24
281 75 37 247
281 47 7 6
281 18 51 271
281 52 16 406
281 27 31 121
281 60 5 86
282 66 1 384
282 68 19 219
282 5 25 14
282 102 4 171
282 37 11 302
282 11 13 445
282 44 22 109
282 47 37 135
282 115 43 43
282 51 31 424
282 22 7 41
283 96 13 350
283 3 1 440
283 37 31 266
283 102 22 171
283 6 55 226
283 79 19 51
283 19 16 354
283 115 49 310
283 117 25 313
283 26 7 168
283 27 43 282
283 62 37 106
284 65 4 54
284 100 37 229
284 102 16 233
284 70 10 26
284 41 19 50
284 12 25 101
284 116 7 252
284 87 13 248
284 27 43 121
284 28 1 102
284 62 21 179
284 63 49 153
285 65 34 54
285 99 13 69
285 35 25 197
285 70 10 43
285 102 1 154
285 104 19 38
285 10 4 371
285 12 37 329
285 45 55 122
285 114 49 292
285 115 43 310
285 52 7 108
286 65 25 355
286 100 13 266
286 68 19 323
286 11 43 419
286 76 10 303
286 14 39 334
286 15 7 380
286 111 49 19
286 78 17 111
286 117 1 313
286 55 5 179
287 96 31 33
287 97 49 196
287 38 25 176
287 72 16 22
287 109 19 99
287 79 13 244
287 113 11 227
287 49 7 48
287 21 1 395
287 89 28 323
287 90 3 275
287 60 23 170
288 66 53 38
288 68 43 219
288 105 15 439
288 44 1 109
288 92 22 79
288 85 9 47
288 53 25 430
288 119 4 311
288 56 19 48
288 24 7 417
288 60 17 86
289 3 13 402
289 101 35 295
289 72 55 74
289 30 10 315
289 53 37 137
289 86 7 206
289 119 1 311
289 88 22 235
289 62 19 384
289 56 31 111
289 94 17 260
289 63 5 241
290 67 25 264
290 41 49 50
290 73 28 118
290 43 13 386
290 9 31 238
290 11 19 202
290 46 15 324
290 84 3 77
290 22 43 154
290 94 7 412
290 92 10 79
290 30 34 315
291 96 11 156
291 33 3 392
291 97 37 146
291 3 49 107
291 107 31 189
291 76 21 128
291 75 28 209
291 110 43 210
291 92 25 79
291 24 7 356
291 60 1 307
291 30 16 356
292 35 19 159
292 7 7 302
292 105 16 331
292 9 4 238
292 46 11 11
292 48 43 119
292 19 22 436
292 52 13 337
292 21 37 310
292 92 34 179
292 62 1 425
292 63 31 87
293 98 31 21
293 34 13 231
293 37 7 195
293 38 19 176
293 9 55 131
293 73 16 118
293 113 11 232
293 82 39 130
293 84 3 100
293 85 22 88
293 118 52 98
293 119 35 28
294 34 19 255
294 102 43 11
294 10 22 371
294 79 3 244
294 49 34 115
294 114 25 262
294 54 1 100
294 86 51 206
294 120 29 400
294 25 9 120
294 60 11 384
294 31 31 309
295 99 25 269
295 6 19 226
295 8 34 64
295 106 37 59
295 75 49 82
295 107 13 189
295 11 55 40
295 42 43 343
295 111 1 271
295 50 11 340
295 84 7 223
295 21 5 395
296 98 25 55
296 68 4 219
296 71 19 32
296 9 34 238
296 41 17 50
296 42 13 343
296 109 55 234
296 85 11 88
296 86 1 206
296 55 31 67
296 22 37 41
296 27 43 133
297 64 37 257
297 70 40 270
297 9 43 131
297 74 13 88
297 45 49 312
297 14 10 68
297 13 27 144
297 20 15 101
297 54 1 428
297 57 20 117
297 28 25 5
297 29 3 121
298 34 4 202
298 38 19 251
298 70 55 21
298 71 31 346
298 39 40 37
298 73 22 145
298 107 7 189
298 44 13 407
298 80 16 351
298 21 45 265
298 88 1 131
298 26 25 85
299 65 40 54
299 97 58 173
299 2 19 2
299 103 31 335
299 39 37 37
299 75 13 393
299 11 44 138
299 45 25 95
299 78 3 415
299 118 55 98
299 30 7 315
299 62 10 269
300 64 25 250
300 66 21 38
300 37 13 195
300 39 4 37
300 40 31 374
300 73 37 17
300 43 7 386
300 110 15 84
300 48 9 119
300 83 23 360
300 88 28 235
300 94 1 412
Điểm tối ưu: 3495
Thời gian: 1000479.67 ms
Trạng thái: FEASIBLE
