284
1 42 17 13
1 52 13 13
2 12 31 8
2 37 4 34
2 42 7 13
3 1 7 18
3 16 40 16
3 49 13 39
3 59 43 36
4 8 22 31
4 16 37 16
4 23 13 37
4 43 19 29
4 52 33 13
5 16 31 16
5 26 19 36
5 34 3 27
5 48 7 25
5 57 22 19
6 8 55 10
6 9 7 26
6 19 19 1
6 55 46 40
7 49 25 40
7 59 55 36
8 35 22 36
8 41 11 26
8 49 1 40
9 10 1 22
9 23 10 37
9 38 27 26
10 6 21 2
10 29 1 9
11 21 13 25
11 55 34 40
12 38 5 26
12 44 25 8
12 50 10 5
13 4 3 30
13 14 7 10
13 38 31 26
14 20 19 16
15 15 37 22
15 43 22 29
15 54 4 35
16 6 25 2
16 46 13 6
16 57 40 2
17 12 7 11
17 34 19 27
17 53 10 30
17 59 1 36
18 11 19 33
18 21 1 25
18 46 9 6
19 4 1 38
19 55 31 40
19 57 37 2
20 5 19 21
20 34 7 27
20 42 9 13
21 27 19 3
21 47 13 14
21 49 49 40
21 52 39 13
22 5 13 21
23 17 15 11
23 32 7 1
24 10 7 22
24 18 31 22
24 38 35 26
25 39 10 23
25 40 19 38
25 42 1 31
25 48 7 7
26 9 25 26
26 18 19 22
26 32 27 19
27 33 1 10
27 48 16 7
27 59 9 36
28 11 13 33
28 13 31 39
28 30 1 17
28 47 7 14
29 32 1 1
29 35 10 34
29 54 7 35
30 14 43 10
30 41 19 2
30 46 1 20
30 58 14 10
31 42 19 13
31 47 16 14
31 53 8 30
31 55 10 40
31 56 5 6
32 12 4 11
32 27 7 3
32 29 13 9
32 59 37 36
32 60 1 28
33 7 31 4
34 21 19 25
34 30 1 27
34 32 43 16
34 50 10 14
34 56 3 6
35 9 23 26
35 42 25 13
35 57 1 2
36 3 37 21
36 27 25 3
36 30 5 17
36 32 13 1
36 38 33 26
37 6 55 2
37 9 16 26
37 48 13 7
37 59 25 36
38 38 21 26
38 58 23 10
39 6 31 2
39 10 27 22
39 24 21 38
39 49 37 40
40 8 28 10
40 41 11 2
40 52 21 27
40 53 1 30
41 6 13 2
41 8 34 10
41 13 7 39
41 19 31 1
41 22 17 36
42 20 49 16
42 57 1 33
43 3 49 21
43 24 13 38
43 47 1 14
44 23 1 37
44 33 31 10
45 3 46 21
45 48 1 7
45 52 27 13
46 3 40 21
46 14 19 10
46 57 1 19
46 59 13 36
47 4 37 38
47 33 4 10
47 46 8 31
47 47 19 14
47 58 11 10
48 5 7 21
48 27 1 3
48 50 13 5
49 39 13 34
49 44 1 32
50 7 7 4
50 16 34 16
50 49 19 40
50 54 1 35
51 18 5 22
51 55 7 40
52 12 1 11
52 38 19 26
52 60 7 28
53 12 25 11
53 52 43 13
54 31 31 38
54 43 37 29
54 49 25 39
54 58 49 10
55 4 7 8
55 42 5 13
55 43 25 29
56 33 40 10
56 44 19 8
57 4 1 8
57 24 25 38
58 18 25 22
58 57 1 29
59 7 19 4
59 20 1 16
59 34 5 27
59 46 7 20
60 16 10 16
60 25 4 19
61 35 16 34
61 57 4 2
62 17 17 11
62 23 4 37
62 25 15 19
62 34 9 27
62 56 7 6
63 30 3 17
63 57 49 2
64 34 16 27
64 43 13 29
64 60 10 28
65 4 25 30
65 18 40 22
65 23 19 37
65 39 4 23
66 7 1 4
66 42 5 31
67 26 52 36
67 43 40 29
68 33 37 10
68 43 34 29
68 55 43 40
69 17 13 11
69 25 7 19
70 12 10 11
70 20 25 16
70 44 1 15
70 49 13 40
71 25 9 19
71 27 13 3
72 18 13 22
72 49 19 39
73 6 7 2
73 12 19 12
73 20 15 16
73 25 13 19
73 52 1 13
74 3 43 21
74 4 13 8
74 17 19 11
74 19 25 1
74 42 1 24
75 1 1 26
75 5 25 21
75 10 15 22
75 13 34 39
75 50 31 11
76 1 13 18
76 19 28 1
76 24 7 38
76 43 31 29
77 23 16 37
77 24 43 38
77 48 10 7
77 52 21 13
78 26 49 36
78 33 58 10
78 55 1 23
79 8 16 10
79 14 51 10
80 6 43 2
80 10 21 22
80 23 7 37
80 39 1 34
80 43 28 29
81 7 13 4
81 16 7 16
82 35 19 34
82 42 31 13
82 43 10 29
82 50 7 5
82 56 1 6
83 1 1 18
83 7 25 4
83 49 55 40
84 5 1 21
84 59 31 36
85 5 55 21
85 13 1 39
85 39 7 34
85 42 11 13
86 8 25 10
86 41 23 39
86 42 37 13
87 13 10 39
87 50 1 5
88 9 9 26
88 15 33 22
88 22 7 36
88 43 16 29
89 9 29 26
89 43 7 29
90 17 21 11
90 53 13 30
Điểm tối ưu: 284
Thời gian: 1000020.53 ms
Trạng thái: FEASIBLE
