2400
1 64 5 174
1 38 28 254
1 11 11 85
1 12 13 14
1 45 22 65
1 50 7 58
1 52 1 295
1 54 25 98
1 22 31 189
1 24 37 259
1 59 19 80
1 30 33 5
2 66 10 33
2 67 19 293
2 2 16 48
2 38 7 193
2 8 5 212
2 44 39 129
2 77 33 2
2 78 13 18
2 53 25 99
2 55 1 135
2 59 22 21
2 63 31 183
3 33 1 226
3 2 33 192
3 69 19 277
3 5 7 165
3 40 17 122
3 10 28 57
3 80 13 86
3 17 25 280
3 53 55 254
3 25 31 171
3 62 22 141
3 31 41 107
4 67 25 114
4 5 13 32
4 69 7 277
4 8 17 212
4 73 22 149
4 10 19 8
4 11 35 85
4 48 31 14
4 18 10 112
4 51 4 12
4 20 28 89
4 61 37 74
5 65 37 42
5 5 19 32
5 41 7 27
5 47 13 160
5 48 41 204
5 80 1 274
5 20 11 290
5 22 17 286
5 55 25 135
5 25 23 171
5 61 31 7
5 62 34 141
6 2 34 48
6 69 31 277
6 37 19 130
6 71 10 45
6 73 7 194
6 9 40 33
6 13 37 261
6 47 25 160
6 15 1 195
6 17 4 230
6 19 22 2
6 24 13 30
7 4 7 122
7 6 5 4
7 39 31 4
7 8 23 173
7 41 1 176
7 15 49 195
7 50 13 245
7 51 10 171
7 20 17 232
7 55 43 23
7 24 19 299
7 60 25 142
8 64 15 5
8 66 19 234
8 3 10 79
8 68 7 126
8 40 5 62
8 12 1 188
8 48 37 14
8 53 49 297
8 24 31 26
8 61 22 96
8 62 58 93
8 63 13 199
9 67 40 15
9 4 13 22
9 69 16 25
9 9 33 242
9 47 7 278
9 79 5 66
9 16 31 54
9 54 22 23
9 23 19 76
9 56 49 37
9 61 1 7
9 62 25 141
10 40 13 252
10 43 21 292
10 45 7 51
10 77 15 2
10 48 27 200
10 21 3 263
10 53 37 99
10 22 5 145
10 57 10 18
10 60 43 248
10 25 19 180
10 31 17 64
11 66 22 33
11 34 29 292
11 67 58 293
11 70 7 48
11 7 31 19
11 6 11 59
11 71 4 45
11 39 25 162
11 75 13 78
11 54 40 117
11 23 16 115
11 62 1 266
12 64 7 227
12 65 55 242
12 3 40 268
12 38 43 293
12 41 25 176
12 46 19 131
12 54 34 8
12 23 46 159
12 56 1 37
12 25 9 66
12 27 49 270
12 62 13 50
13 4 16 60
13 37 37 13
13 42 25 109
13 13 40 41
13 79 57 66
13 80 19 144
13 23 52 98
13 57 31 3
13 58 43 35
13 61 13 47
13 25 4 68
13 63 7 35
14 35 16 9
14 39 13 4
14 71 25 300
14 9 28 30
14 74 5 115
14 43 11 36
14 44 34 221
14 12 19 29
14 53 7 172
14 28 37 256
14 63 23 190
14 31 31 64
15 34 37 182
15 70 13 28
15 39 34 25
15 74 17 72
15 75 22 78
15 43 28 239
15 76 19 99
15 50 1 210
15 20 5 265
15 23 25 76
15 24 55 30
15 29 49 156
16 64 22 5
16 2 19 192
16 69 4 166
16 74 33 219
16 11 39 44
16 75 16 78
16 44 37 221
16 15 10 209
16 19 25 35
16 54 1 8
16 26 13 204
16 61 7 7
17 64 17 5
17 66 4 33
17 3 31 28
17 4 28 281
17 74 23 72
17 75 1 78
17 79 52 66
17 52 13 31
17 20 11 199
17 54 8 8
17 58 37 100
17 29 19 4
18 32 28 183
18 64 1 174
18 10 19 6
18 11 25 272
18 44 11 129
18 45 13 155
18 14 22 296
18 77 35 2
18 80 7 144
18 46 31 268
18 58 40 108
18 30 3 185
19 67 43 114
19 68 19 82
19 70 25 28
19 7 7 19
19 40 11 81
19 42 13 109
19 43 34 239
19 75 31 256
19 14 40 296
19 79 17 66
19 78 22 95
19 49 1 128
20 3 40 79
20 6 16 4
20 72 19 179
20 74 29 110
20 43 25 239
20 77 11 2
20 14 37 296
20 47 31 160
20 79 23 182
20 54 4 8
20 56 7 37
20 59 13 80
21 32 7 34
21 2 55 48
21 67 37 173
21 4 22 3
21 36 16 17
21 9 5 77
21 10 40 240
21 48 9 49
21 51 31 63
21 24 1 81
21 25 13 264
21 56 25 223
22 69 28 193
22 41 13 176
22 10 25 95
22 46 37 246
22 19 19 158
22 25 11 275
22 55 7 135
22 24 49 30
22 57 43 36
22 27 55 210
22 28 31 40
22 62 22 266
23 64 40 237
23 65 1 42
23 67 28 15
23 69 25 72
23 70 19 61
23 10 31 8
23 15 34 123
23 48 5 254
23 49 13 72
23 24 7 20
23 25 43 47
23 62 37 50
24 2 4 15
24 4 13 3
24 40 19 112
24 77 28 2
24 15 25 220
24 79 55 146
24 16 10 54
24 19 7 2
24 53 31 240
24 23 16 175
24 24 37 289
24 59 1 55
25 37 13 130
25 27 37 67
25 9 10 122
25 77 31 21
25 18 7 82
25 53 43 174
25 56 19 37
25 57 25 296
25 59 16 55
25 60 49 142
25 29 33 275
25 62 28 266
26 65 19 229
26 68 37 127
26 72 25 157
26 74 31 228
26 76 13 46
26 15 16 136
26 19 4 139
26 21 23 113
26 58 33 39
26 60 43 115
26 63 29 35
26 31 11 64
27 65 31 42
27 67 22 142
27 36 7 17
27 9 1 300
27 74 41 167
27 14 10 96
27 80 25 128
27 48 43 200
27 52 37 202
27 22 3 233
27 63 5 183
27 31 15 64
28 4 31 150
28 36 13 17
28 72 1 287
28 42 19 109
28 43 5 36
28 76 16 114
28 49 49 187
28 19 39 139
28 20 23 215
28 21 29 43
28 25 7 47
28 27 9 270
29 67 10 15
29 36 34 17
29 37 22 91
29 70 43 129
29 71 40 106
29 73 37 198
29 13 25 56
29 78 19 201
29 17 31 121
29 53 13 240
29 59 4 16
29 62 7 93
30 64 11 237
30 34 5 38
30 4 1 23
30 5 31 161
30 10 46 6
30 42 7 109
30 47 55 207
30 17 37 230
30 18 49 112
30 52 25 217
30 53 19 174
30 30 13 37
31 35 7 9
31 71 19 45
31 73 28 127
31 10 52 6
31 43 16 239
31 13 55 265
31 23 10 159
31 57 34 151
31 26 25 12
31 61 4 227
31 30 31 156
31 31 23 64
32 2 7 15
32 5 1 162
32 69 22 31
32 72 13 1
32 10 43 6
32 11 29 85
32 79 5 28
32 18 37 116
32 24 25 20
32 57 19 262
32 59 10 80
32 63 35 273
33 67 31 15
33 43 23 210
33 45 1 51
33 14 13 34
33 78 4 18
33 79 29 66
33 18 10 71
33 25 16 155
33 26 7 12
33 28 19 284
33 30 25 185
33 57 46 3
34 65 31 229
34 66 16 54
34 36 1 17
34 10 49 289
34 75 25 89
34 13 58 166
34 52 19 295
34 21 11 267
34 54 13 8
34 57 4 3
34 58 40 34
34 30 28 5
35 65 13 42
35 68 4 126
35 9 21 122
35 74 10 72
35 43 19 36
35 44 41 221
35 13 37 56
35 78 7 18
35 79 46 83
35 16 23 154
35 19 43 2
35 63 17 76
36 66 13 234
36 26 28 214
36 37 40 13
36 72 7 1
36 42 1 109
36 48 33 14
36 16 5 40
36 18 43 71
36 54 16 8
36 25 22 264
36 58 19 108
36 31 25 107
37 67 1 15
37 38 4 90
37 39 28 4
37 8 31 1
37 74 35 72
37 15 7 136
37 24 43 30
37 57 10 297
37 26 22 12
37 63 15 35
37 62 25 93
37 31 13 64
38 33 7 68
38 34 11 73
38 67 49 100
38 9 17 194
38 11 23 14
38 78 1 18
38 15 4 136
38 49 19 72
38 55 13 23
38 56 31 37
38 58 25 34
38 60 55 94
39 67 39 293
39 5 25 161
39 71 13 247
39 77 37 2
39 15 31 136
39 47 19 160
39 52 7 31
39 53 55 99
39 23 34 142
39 56 43 132
39 28 49 108
39 29 1 167
40 72 37 1
40 40 17 112
40 10 4 6
40 75 34 78
40 43 21 39
40 12 13 65
40 46 25 246
40 54 31 98
40 25 19 81
40 59 49 16
40 60 7 70
40 62 43 50
41 4 4 22
41 5 7 228
41 7 19 221
41 43 31 36
41 75 34 249
41 78 1 95
41 47 37 160
41 51 55 222
41 53 43 297
41 24 13 81
41 25 41 47
41 29 25 62
42 3 25 79
42 37 43 205
42 5 55 228
42 73 13 149
42 44 5 221
42 14 16 157
42 18 19 256
42 50 7 120
42 52 31 59
42 53 1 207
42 22 11 93
42 23 22 76
43 35 7 236
43 6 23 4
43 38 31 90
43 42 3 124
43 12 13 143
43 77 1 249
43 78 19 95
43 52 25 59
43 53 37 115
43 22 29 145
43 26 58 211
43 28 43 40
44 32 10 34
44 33 13 68
44 64 5 109
44 69 19 249
44 8 23 1
44 74 27 228
44 43 3 36
44 49 55 87
44 29 37 143
44 20 7 199
44 22 1 240
44 61 31 145
45 33 31 267
45 3 28 79
45 4 37 23
45 39 7 42
45 12 19 255
45 45 1 155
45 78 13 201
45 52 43 31
45 21 17 267
45 22 4 152
45 54 25 8
45 59 10 100
46 65 7 156
46 33 25 198
46 71 16 106
46 43 34 250
46 47 49 160
46 16 29 46
46 19 22 97
46 23 31 111
46 56 37 236
46 26 13 12
46 59 1 16
46 61 19 22
47 64 15 237
47 70 43 28
47 71 40 45
47 41 31 102
47 42 25 298
47 76 52 99
47 28 55 174
47 14 1 44
47 53 7 174
47 54 37 98
47 31 13 107
47 63 11 281
48 64 43 238
48 67 13 114
48 37 7 110
48 73 10 194
48 43 2 292
48 14 4 118
48 50 37 260
48 51 19 222
48 20 35 290
48 18 16 256
48 54 22 111
48 56 25 37
49 35 31 9
49 4 22 163
49 73 19 49
49 11 35 79
49 76 28 72
49 78 10 185
49 18 16 230
49 20 1 199
49 57 25 151
49 26 37 211
49 60 3 248
49 30 13 170
50 32 16 183
50 65 19 257
50 67 1 293
50 69 13 193
50 6 4 92
50 39 10 208
50 72 25 216
50 42 43 298
50 13 7 166
50 47 55 160
50 18 34 177
50 56 37 58
51 32 4 130
51 33 19 68
51 65 13 82
51 67 37 15
51 3 1 284
51 39 25 26
51 78 9 97
51 18 31 103
51 21 7 71
51 25 17 171
51 58 49 35
51 30 23 87
52 35 10 202
52 36 22 17
52 3 1 278
52 38 7 213
52 72 43 157
52 41 31 176
52 42 37 184
52 13 4 114
52 50 13 58
52 54 19 197
52 28 55 256
52 29 49 50
53 64 35 216
53 35 28 9
53 67 16 293
53 69 25 25
53 39 19 119
53 71 3 133
53 10 13 208
53 12 39 14
53 46 31 246
53 25 11 252
53 59 8 21
53 30 1 202
54 32 17 140
54 34 7 243
54 37 19 91
54 6 5 10
54 38 33 193
54 8 11 223
54 41 13 187
54 43 23 36
54 76 1 56
54 49 25 267
54 21 9 265
54 27 37 270
55 36 13 60
55 69 7 180
55 40 22 62
55 72 1 1
55 46 37 70
55 79 29 28
55 48 25 14
55 17 19 53
55 21 5 113
55 22 31 93
55 23 10 76
55 61 16 22
56 68 31 126
56 6 13 10
56 39 49 42
56 73 10 181
56 44 5 168
56 79 59 182
56 15 25 136
56 80 19 140
56 49 1 179
56 51 7 170
56 57 16 151
56 29 37 4
57 64 5 79
57 37 46 186
57 70 31 61
57 73 10 154
57 80 13 128
57 16 25 294
57 30 49 87
57 56 37 105
57 25 28 93
57 26 19 27
57 29 55 79
57 62 7 141
58 69 34 180
58 39 31 142
58 9 11 242
58 74 17 167
58 46 49 246
58 15 28 137
58 47 13 207
58 53 19 139
58 54 25 202
58 56 7 179
58 26 1 198
58 62 58 266
59 34 29 117
59 35 37 9
59 37 4 13
59 5 31 166
59 71 25 45
59 77 17 21
59 80 43 121
59 50 49 123
59 55 13 209
59 25 1 252
59 29 19 143
59 62 8 182
60 2 34 84
60 39 7 25
60 73 19 181
60 42 37 151
60 11 17 272
60 12 43 143
60 41 49 177
60 49 13 73
60 21 22 196
60 23 1 83
60 59 10 16
60 30 5 5
61 36 19 11
61 41 39 177
61 74 37 72
61 75 22 249
61 11 29 153
61 77 10 92
61 78 7 233
61 53 31 115
61 30 16 37
61 61 1 227
61 62 13 93
61 63 4 190
62 38 34 90
62 9 19 30
62 16 17 40
62 17 28 121
62 51 3 170
62 53 13 139
62 23 22 98
62 56 7 105
62 24 37 189
62 63 1 288
62 62 31 141
62 31 25 64
63 65 13 134
63 69 28 277
63 7 49 216
63 39 10 230
63 11 7 14
63 43 17 39
63 19 25 139
63 20 40 232
63 55 31 135
63 57 1 297
63 29 19 275
63 30 5 37
64 64 23 212
64 5 43 166
64 72 25 262
64 40 9 252
64 42 1 151
64 47 55 278
64 51 37 170
64 22 5 286
64 57 49 3
64 58 16 186
64 60 19 94
64 30 7 66
65 32 19 183
65 64 11 84
65 34 5 260
65 35 49 171
65 37 52 150
65 70 13 258
65 76 46 46
65 46 31 131
65 53 7 139
65 58 21 35
65 27 37 263
65 60 1 115
66 64 17 84
66 34 9 183
66 68 22 225
66 4 19 23
66 38 25 213
66 7 43 19
66 9 7 77
66 80 37 121
66 20 29 124
66 56 13 218
66 26 31 12
66 59 1 21
67 35 13 94
67 36 40 60
67 4 4 163
67 71 9 299
67 72 31 287
67 40 7 164
67 77 19 227
67 78 16 201
67 17 37 212
67 20 23 217
67 22 1 286
67 56 25 166
68 33 45 267
68 68 7 257
68 6 43 10
68 7 31 194
68 40 25 122
68 12 49 14
68 17 28 280
68 52 19 59
68 22 10 240
68 27 1 52
68 28 13 41
68 29 37 167
69 65 25 257
69 33 31 260
69 67 13 293
69 70 19 28
69 6 16 253
69 9 11 300
69 12 7 29
69 46 55 298
69 48 4 204
69 21 23 222
69 25 1 180
69 58 37 108
70 5 9 161
70 70 55 28
70 9 13 300
70 11 51 255
70 15 34 137
70 79 1 101
70 49 15 179
70 17 25 53
70 56 37 120
70 25 5 81
70 60 19 248
70 31 41 64
71 65 19 242
71 34 11 38
71 35 25 9
71 4 40 150
71 40 15 252
71 41 7 177
71 74 23 167
71 11 13 44
71 15 31 195
71 80 43 144
71 22 1 260
71 62 3 141
72 33 26 68
72 68 34 154
72 37 37 180
72 41 55 177
72 42 7 280
72 12 51 188
72 48 11 63
72 19 43 97
72 52 19 34
72 55 13 135
72 58 46 39
72 60 1 142
73 64 9 5
73 66 16 59
73 9 7 60
73 10 3 57
73 43 11 292
73 78 13 95
73 80 19 274
73 48 23 63
73 21 28 71
73 53 49 172
73 59 25 16
73 31 31 173
74 64 25 253
74 68 13 225
74 36 22 74
74 59 7 16
74 74 5 110
74 11 10 44
74 14 27 189
74 20 19 199
74 53 31 139
74 54 16 117
74 58 37 154
74 27 1 294
75 64 7 216
75 65 13 156
75 58 55 39
75 70 19 79
75 77 17 238
75 14 25 118
75 51 28 63
75 21 1 265
75 54 9 261
75 25 31 47
75 26 46 12
75 29 3 50
76 4 1 122
76 70 19 129
76 8 29 58
76 44 11 25
76 80 43 176
76 50 25 58
76 19 7 241
76 54 4 63
76 30 23 37
76 26 31 225
76 27 13 52
76 62 34 50
77 34 29 260
77 35 16 202
77 69 13 25
77 72 49 1
77 11 23 272
77 12 55 56
77 77 5 238
77 79 25 83
77 80 7 140
77 49 19 267
77 61 1 96
77 31 11 140
78 32 5 34
78 67 7 293
78 58 19 184
78 37 49 13
78 6 25 10
78 43 10 250
78 44 17 188
78 80 13 121
78 19 22 223
78 23 34 111
78 26 28 225
78 27 1 67
79 2 43 226
79 36 21 60
79 37 7 13
79 69 13 249
79 39 10 26
79 71 28 300
79 73 16 127
79 12 37 298
79 76 33 46
79 78 25 44
79 48 1 204
79 24 3 30
80 5 13 228
80 38 37 193
80 39 46 105
80 73 1 49
80 10 25 57
80 11 19 85
80 44 29 25
80 13 10 114
80 14 7 157
80 15 22 137
80 25 5 264
80 31 17 107
81 5 13 165
81 71 4 258
81 76 22 99
81 77 7 92
81 78 10 95
81 52 31 217
81 23 40 12
81 25 17 275
81 58 19 100
81 27 27 52
81 61 1 283
81 30 25 167
82 68 3 127
82 8 7 184
82 9 10 30
82 41 27 187
82 77 19 2
82 78 31 163
82 49 39 72
82 20 1 232
82 21 17 43
82 52 43 202
82 60 13 244
82 62 55 50
83 32 1 148
83 70 49 250
83 39 10 153
83 72 37 157
83 12 45 255
83 16 27 61
83 17 13 53
83 19 7 158
83 24 31 20
83 27 19 52
83 62 55 244
83 31 35 64
84 35 13 171
84 36 58 60
84 67 22 293
84 70 43 277
84 74 47 72
84 75 34 256
84 46 7 298
84 15 16 13
84 80 49 86
84 17 1 159
84 18 4 116
84 51 25 241
85 33 37 68
85 2 13 84
85 65 31 120
85 37 43 91
85 71 16 126
85 40 28 81
85 44 1 124
85 18 22 71
85 51 25 170
85 20 35 217
85 55 7 282
85 24 3 26
86 33 43 198
86 5 55 165
86 71 22 46
86 10 7 6
86 12 49 29
86 45 13 229
86 13 19 283
86 15 1 235
86 48 4 231
86 25 11 155
86 59 31 16
86 31 39 64
87 66 13 54
87 2 34 15
87 69 31 249
87 5 49 166
87 71 19 231
87 10 22 57
87 79 1 66
87 15 40 136
87 52 7 59
87 23 16 12
87 57 4 297
87 28 25 289
88 64 19 232
88 32 13 232
88 34 11 182
88 38 21 90
88 8 25 164
88 73 4 150
88 46 55 246
88 20 15 215
88 22 9 186
88 56 49 218
88 62 1 182
88 63 7 281
89 4 31 22
89 5 7 162
89 39 25 42
89 42 1 169
89 76 37 46
89 45 21 153
89 56 43 37
89 24 13 213
89 26 34 211
89 31 28 107
89 30 11 5
89 63 17 288
90 66 13 126
90 36 28 17
90 78 10 233
90 14 3 157
90 17 7 230
90 50 19 254
90 20 1 237
90 23 16 242
90 57 25 18
90 58 43 39
90 27 39 32
90 30 31 214
91 32 3 140
91 4 40 3
91 40 5 252
91 8 1 223
91 43 7 36
91 12 31 56
91 49 13 285
91 53 43 139
91 55 19 190
91 59 37 16
91 28 25 91
91 29 9 4
92 66 25 33
92 68 7 154
92 75 1 187
92 13 28 27
92 47 49 276
92 80 37 274
92 17 22 11
92 15 43 137
92 18 13 103
92 19 16 124
92 29 31 143
92 30 5 167
93 67 34 173
93 37 1 150
93 38 49 90
93 16 4 61
93 18 7 178
93 51 43 284
93 20 10 215
93 21 16 263
93 22 13 96
93 53 19 297
93 59 31 80
93 28 25 256
94 33 19 260
94 35 13 33
94 40 23 252
94 41 43 187
94 10 31 57
94 17 7 53
94 18 37 112
94 19 10 158
94 21 5 154
94 27 1 32
94 28 25 108
94 62 34 23
95 33 37 267
95 7 13 216
95 74 11 219
95 15 31 235
95 16 17 61
95 17 43 280
95 80 7 128
95 48 28 49
95 22 23 93
95 55 3 35
95 27 19 270
95 31 1 173
96 32 34 34
96 66 25 234
96 67 22 100
96 2 19 177
96 70 7 211
96 7 43 188
96 9 1 258
96 41 55 176
96 12 13 29
96 48 28 115
96 60 37 142
96 31 3 107
97 67 13 189
97 72 19 246
97 45 4 155
97 16 28 159
97 48 49 63
97 49 31 73
97 80 9 121
97 18 25 71
97 21 7 265
97 54 1 98
97 29 43 8
97 62 55 266
98 4 16 163
98 37 27 180
98 68 10 257
98 73 7 214
98 10 37 57
98 12 55 14
98 50 43 245
98 18 1 230
98 20 21 232
98 54 13 117
98 23 40 111
98 27 31 294
99 38 25 293
99 73 28 213
99 9 11 258
99 45 22 53
99 79 19 182
99 48 5 14
99 50 43 235
99 18 1 178
99 27 31 52
99 28 13 108
99 29 37 275
99 63 7 249
100 36 37 17
100 37 13 186
100 5 43 162
100 7 49 288
100 41 55 102
100 43 27 210
100 76 7 56
100 13 1 41
100 79 17 101
100 53 31 99
100 54 4 41
100 27 19 67
101 4 25 66
101 8 9 205
101 42 37 169
101 43 1 36
101 77 11 90
101 80 19 121
101 18 34 230
101 19 13 158
101 57 28 3
101 26 3 225
101 61 16 67
101 31 7 173
102 6 7 4
102 39 9 35
102 79 21 101
102 16 17 159
102 19 25 2
102 53 31 297
102 22 19 96
102 55 13 190
102 24 37 20
102 54 28 98
102 56 43 120
102 29 1 161
103 6 49 10
103 75 40 78
103 43 1 39
103 12 7 64
103 14 16 118
103 46 43 131
103 79 25 146
103 45 4 153
103 50 31 257
103 19 37 35
103 51 13 222
103 59 19 21
104 32 47 34
104 67 52 114
104 4 31 43
104 37 1 197
104 6 4 59
104 8 29 1
104 46 13 268
104 17 19 212
104 27 7 67
104 63 11 190
104 62 44 141
104 31 22 107
105 32 31 250
105 66 7 54
105 69 43 126
105 71 13 133
105 72 33 58
105 10 16 95
105 46 49 70
105 19 39 223
105 52 25 295
105 21 1 196
105 56 55 239
105 60 3 131
106 32 9 283
106 67 19 15
106 68 3 257
106 6 41 10
106 39 31 208
106 7 13 19
106 75 22 187
106 44 1 129
106 12 25 188
106 16 7 61
106 49 55 72
106 22 17 260
107 64 5 232
107 5 55 32
107 70 43 151
107 42 33 109
107 75 40 91
107 76 22 265
107 45 25 65
107 78 37 18
107 17 28 230
107 53 13 297
107 54 19 98
107 28 49 284
108 2 22 84
108 67 46 142
108 71 13 231
108 73 16 149
108 15 19 235
108 61 25 7
108 52 31 31
108 22 11 152
108 58 28 39
108 28 1 108
108 29 7 275
108 30 5 185
109 64 19 253
109 39 43 25
109 73 4 49
109 42 13 184
109 75 25 249
109 76 49 145
109 44 31 25
109 59 21 16
109 48 1 14
109 49 7 267
109 54 37 8
109 27 33 32
110 64 21 227
110 35 10 9
110 4 40 23
110 72 3 216
110 13 34 114
110 78 31 18
110 77 15 212
110 48 17 28
110 17 37 11
110 47 43 207
110 20 7 215
110 63 1 183
111 65 43 134
111 66 25 54
111 67 49 15
111 37 22 205
111 40 29 164
111 9 37 30
111 41 1 27
111 50 31 152
111 19 16 158
111 18 19 71
111 57 13 151
111 60 7 115
112 37 22 130
112 73 3 149
112 43 29 250
112 12 37 188
112 13 19 265
112 46 43 246
112 54 49 240
112 56 25 132
112 24 13 83
112 26 34 220
112 27 7 210
112 63 1 35
113 3 19 127
113 4 49 163
113 5 37 165
113 41 25 177
113 12 43 29
113 14 16 34
113 48 11 14
113 80 55 255
113 25 7 155
113 59 1 63
113 31 5 140
113 63 33 190
114 4 43 65
114 5 13 100
114 9 35 30
114 46 55 131
114 47 37 207
114 15 22 123
114 19 46 158
114 52 25 145
114 53 49 139
114 58 31 35
114 28 1 91
114 29 7 143
115 3 37 268
115 58 49 34
115 37 22 110
115 71 7 231
115 39 31 162
115 46 25 268
115 17 1 53
115 50 13 123
115 51 34 171
115 23 4 266
115 26 40 225
115 28 43 289
116 65 37 86
116 34 17 32
116 6 4 253
116 71 7 78
116 38 10 254
116 39 43 56
116 43 13 39
116 46 25 70
116 80 55 86
116 24 49 57
116 28 33 289
116 61 1 47
117 66 40 234
117 35 7 294
117 7 19 147
117 71 4 78
117 42 13 169
117 43 17 250
117 76 43 46
117 10 37 208
117 74 1 219
117 47 55 276
117 16 27 46
117 58 31 108
118 32 7 130
118 39 25 4
118 7 13 147
118 8 1 184
118 10 19 289
118 75 28 78
118 43 4 39
118 77 9 227
118 79 17 74
118 15 31 13
118 59 34 16
118 28 43 102
119 35 7 202
119 71 4 106
119 72 55 157
119 12 31 188
119 76 1 280
119 14 19 157
119 79 22 146
119 19 10 213
119 58 49 39
119 28 25 41
119 29 13 79
119 30 17 208
120 64 11 86
120 5 21 165
120 7 25 288
120 71 13 299
120 41 37 176
120 42 49 280
120 11 19 272
120 17 7 159
120 51 55 12
120 24 31 81
120 57 1 3
120 62 16 141
121 33 43 260
121 37 52 13
121 5 31 165
121 40 9 164
121 8 4 205
121 12 25 29
121 45 49 126
121 14 16 99
121 13 37 265
121 80 19 176
121 20 1 217
121 29 55 8
122 65 43 42
122 34 17 38
122 67 49 173
122 70 25 279
122 8 22 164
122 9 5 242
122 72 37 83
122 14 34 118
122 47 13 276
122 55 1 175
122 24 55 74
122 63 9 281
123 65 37 110
123 34 5 182
123 67 9 173
123 4 15 150
123 70 31 129
123 8 21 1
123 40 13 164
123 14 1 118
123 79 7 114
123 15 28 235
123 22 19 286
123 30 23 66
124 64 5 86
124 34 11 117
124 4 16 3
124 5 19 228
124 68 34 82
124 72 1 134
124 42 55 109
124 77 9 238
124 14 31 34
124 21 13 113
124 22 7 286
124 28 49 102
125 34 23 32
125 36 16 278
125 70 49 48
125 41 32 187
125 42 19 120
125 73 13 181
125 47 1 276
125 53 26 207
125 26 7 220
125 59 46 16
125 62 40 50
125 31 37 107
126 2 1 192
126 66 49 214
126 34 23 38
126 70 43 279
126 38 13 90
126 7 19 19
126 42 7 151
126 80 25 274
126 19 40 229
126 25 29 47
126 26 16 219
126 30 4 250
127 32 5 111
127 66 19 54
127 68 7 225
127 40 25 228
127 10 10 6
127 12 27 64
127 24 13 223
127 57 34 18
127 56 1 218
127 59 40 16
127 28 55 40
127 30 17 87
128 64 1 84
128 33 25 260
128 34 29 44
128 36 13 11
128 7 7 188
128 9 16 77
128 42 37 109
128 21 3 222
128 56 43 179
128 24 31 30
128 28 49 256
128 63 22 183
129 66 16 33
129 3 9 263
129 38 25 90
129 8 7 205
129 73 13 198
129 18 43 178
129 19 39 2
129 50 31 245
129 56 3 132
129 61 21 124
129 30 1 231
129 31 29 173
130 3 25 284
130 68 40 126
130 5 55 100
130 37 49 91
130 6 1 11
130 72 7 287
130 45 13 153
130 14 4 296
130 47 43 276
130 49 19 285
130 24 31 83
130 62 37 244
131 64 11 109
131 68 28 154
131 41 43 27
131 74 23 228
131 76 13 99
131 17 16 11
131 61 33 47
131 52 55 31
131 20 5 217
131 23 7 242
131 29 37 62
131 31 1 107
132 3 22 263
132 4 19 281
132 7 7 221
132 10 4 208
132 44 1 168
132 78 43 18
132 80 49 121
132 52 37 295
132 22 17 93
132 55 55 43
132 56 13 132
132 60 25 173
133 65 31 134
133 37 28 13
133 43 35 36
133 76 49 46
133 77 13 45
133 78 10 163
133 15 7 209
133 16 25 46
133 50 19 58
133 24 3 20
133 25 1 171
133 31 15 173
134 4 40 22
134 68 1 277
134 37 10 13
134 40 31 62
134 73 19 194
134 10 16 289
134 46 49 268
134 20 4 89
134 23 37 266
134 58 7 266
134 27 43 210
134 61 28 211
135 65 7 134
135 67 22 114
135 35 19 202
135 9 29 140
135 74 5 219
135 78 16 97
135 16 11 40
135 20 25 23
135 24 31 299
135 57 13 36
135 29 43 62
135 25 35 93
136 65 45 156
136 67 19 189
136 38 55 193
136 10 22 6
136 75 7 187
136 12 3 298
136 43 37 36
136 44 1 25
136 47 49 278
136 48 16 204
136 55 25 209
136 31 10 107
137 32 15 140
137 2 25 15
137 67 46 15
137 69 37 126
137 38 31 213
137 40 13 62
137 11 1 85
137 44 7 168
137 46 49 298
137 49 19 87
137 30 3 5
137 62 10 244
138 34 19 38
138 70 13 211
138 11 35 14
138 75 10 256
138 77 17 249
138 17 1 121
138 18 28 116
138 51 7 169
138 54 21 117
138 23 4 76
138 58 37 39
138 62 25 244
139 64 29 174
139 35 1 9
139 72 21 216
139 14 10 118
139 19 4 97
139 56 43 223
139 24 13 91
139 27 25 263
139 57 7 297
139 61 31 112
139 30 19 66
139 63 17 199
140 64 19 238
140 33 7 226
140 9 11 37
140 16 4 288
140 62 28 244
140 25 16 264
140 26 25 225
140 59 13 298
140 57 49 73
140 29 55 4
140 30 37 5
140 31 1 64
141 32 1 250
141 35 7 269
141 5 25 100
141 71 10 126
141 44 13 129
141 80 43 220
141 18 22 178
141 22 15 286
141 23 31 266
141 57 4 262
141 27 39 210
141 61 19 47
142 64 9 216
142 66 22 234
142 8 11 164
142 42 25 184
142 12 43 14
142 77 1 2
142 49 3 87
142 50 37 235
142 17 19 230
142 24 13 259
142 25 7 252
142 61 49 22
143 32 41 183
143 37 16 113
143 70 7 28
143 41 25 102
143 74 5 228
143 45 1 126
143 78 13 163
143 14 31 118
143 80 37 140
143 54 34 98
143 28 19 40
143 31 43 64
144 37 21 13
144 40 5 122
144 12 37 29
144 44 11 168
144 78 7 163
144 79 19 114
144 16 31 46
144 18 13 116
144 20 17 217
144 22 33 93
144 56 1 120
144 57 55 36
145 36 10 17
145 68 22 82
145 39 28 114
145 42 49 120
145 77 5 249
145 14 7 118
145 46 43 70
145 50 55 123
145 29 1 275
145 20 19 296
145 57 37 3
145 61 13 112
146 3 40 28
146 36 4 17
146 38 16 90
146 41 55 27
146 15 1 102
146 80 25 140
146 51 34 12
146 53 7 99
146 56 19 132
146 25 11 47
146 27 43 32
146 31 13 173
147 64 35 232
147 4 7 63
147 5 43 100
147 27 13 89
147 41 55 275
147 13 25 27
147 46 19 70
147 57 28 151
147 26 10 214
147 59 52 16
147 28 1 40
147 61 31 211
148 4 10 3
148 8 7 223
148 76 40 46
148 45 46 53
148 18 16 116
148 19 13 241
148 22 5 189
148 56 31 218
148 58 43 154
148 28 49 40
148 61 1 22
148 62 37 141
149 33 19 198
149 69 37 25
149 5 3 165
149 70 13 61
149 46 55 70
149 14 34 44
149 78 31 97
149 79 1 74
149 16 29 62
149 24 7 272
149 59 25 21
149 61 40 7
150 32 7 232
150 33 9 131
150 36 3 11
150 5 25 32
150 39 51 56
150 41 13 177
150 47 37 278
150 16 29 40
150 53 21 115
150 22 1 145
150 28 55 284
150 31 19 173
151 32 15 148
151 33 49 68
151 66 2 181
151 36 34 11
151 42 43 109
151 11 5 255
151 13 22 27
151 14 7 44
151 53 25 240
151 57 40 297
151 58 10 184
151 27 55 288
152 4 19 43
152 38 1 254
152 72 55 1
152 14 13 296
152 46 37 131
152 16 27 40
152 48 7 200
152 22 4 93
152 27 31 270
152 28 49 23
152 63 17 35
152 31 45 64
153 2 34 51
153 36 55 121
153 38 40 90
153 73 25 291
153 12 19 14
153 77 10 249
153 80 1 86
153 48 7 204
153 50 13 6
153 51 31 222
153 26 52 12
153 61 28 7
154 36 49 11
154 6 17 10
154 72 25 1
154 41 8 176
154 42 43 184
154 45 31 51
154 78 37 97
154 47 19 207
154 46 13 246
154 21 34 43
154 23 40 6
154 61 1 211
155 70 31 279
155 71 10 133
155 73 37 213
155 10 58 6
155 74 4 72
155 76 40 265
155 46 49 131
155 47 19 276
155 80 13 274
155 49 43 128
155 14 1 58
155 56 25 105
156 66 1 234
156 70 25 258
156 8 11 1
156 9 19 300
156 10 21 105
156 43 33 36
156 19 49 229
156 54 4 202
156 23 37 6
156 56 7 239
156 22 29 286
156 29 13 275
157 2 52 15
157 36 19 278
157 69 4 25
157 40 27 74
157 8 23 184
157 42 13 120
157 11 17 85
157 76 1 114
157 51 31 241
157 21 10 43
157 57 7 296
157 59 43 80
158 66 19 126
158 36 7 11
158 73 16 49
158 75 10 89
158 14 28 34
158 47 49 207
158 80 43 86
158 18 25 103
158 25 5 275
158 58 55 34
158 60 31 70
158 29 1 79
159 68 25 82
159 37 34 13
159 6 13 253
159 40 7 74
159 27 19 288
159 9 17 147
159 44 9 129
159 13 31 114
159 51 43 63
159 19 1 229
159 21 15 71
159 59 4 55
160 65 25 156
160 33 1 213
160 36 19 17
160 7 13 56
160 74 31 72
160 10 43 208
160 17 52 212
160 21 5 263
160 55 55 135
160 23 7 98
160 60 37 248
160 31 33 140
161 64 7 253
161 33 49 267
161 36 40 11
161 10 16 57
161 77 1 92
161 13 20 56
161 47 43 278
161 49 55 73
161 50 25 123
161 54 9 111
161 57 4 73
161 59 31 180
162 33 13 131
162 65 19 86
162 36 10 60
162 37 7 113
162 38 4 293
162 7 55 19
162 72 43 262
162 73 31 149
162 74 1 72
162 40 23 81
162 78 28 212
162 51 25 222
163 34 5 32
163 6 7 10
163 7 13 194
163 40 3 252
163 41 37 27
163 77 1 201
163 46 9 268
163 49 25 285
163 21 22 43
163 56 49 58
163 26 58 12
163 62 31 6
164 2 22 15
164 69 40 25
164 37 55 205
164 40 4 74
164 74 19 167
164 60 9 142
164 47 25 276
164 19 1 158
164 22 37 93
164 25 17 100
164 28 13 40
164 30 7 185
165 38 4 193
165 72 13 287
165 40 7 62
165 44 19 25
165 13 9 23
165 12 43 172
165 15 37 123
165 47 31 207
165 17 52 11
165 19 40 97
165 53 55 115
165 54 1 117
166 33 19 226
166 39 43 26
166 9 41 114
166 73 31 49
166 15 16 102
166 80 37 172
166 17 13 230
166 48 11 28
166 22 5 240
166 56 7 218
166 60 49 115
166 30 1 208
167 32 11 174
167 68 16 257
167 9 19 33
167 45 13 124
167 46 21 298
167 13 37 41
167 48 28 14
167 49 7 117
167 15 3 123
167 19 25 97
167 47 31 276
167 25 1 264
168 7 49 19
168 40 11 228
168 11 19 153
168 45 4 65
168 78 15 185
168 15 1 136
168 18 21 116
168 55 32 282
168 56 37 283
168 28 7 108
168 29 26 143
168 62 58 141
169 34 4 44
169 67 55 114
169 5 49 162
169 72 37 262
169 8 17 164
169 46 31 298
169 50 7 276
169 53 25 297
169 22 13 152
169 23 1 6
169 56 43 283
169 62 22 50
170 65 37 257
170 71 16 300
170 72 19 241
170 73 34 150
170 75 10 78
170 43 29 36
170 45 7 229
170 77 1 90
170 15 43 13
170 55 3 209
170 23 13 76
170 27 25 67
171 64 1 216
171 3 13 263
171 4 3 105
171 40 23 112
171 10 16 45
171 48 11 204
171 49 7 87
171 51 49 12
171 53 19 240
171 26 43 12
171 60 25 94
171 29 55 161
172 65 19 156
172 66 52 279
172 2 43 177
172 67 16 15
172 5 37 162
172 39 49 4
172 44 11 201
172 13 4 117
172 50 7 245
172 51 28 12
172 19 13 97
172 57 1 73
173 33 55 226
173 3 34 263
173 38 22 193
173 73 49 150
173 74 7 72
173 10 25 6
173 60 9 248
173 16 13 288
173 21 17 220
173 28 43 108
173 29 3 156
173 31 1 140
174 33 13 267
174 66 1 59
174 35 28 171
174 2 22 192
174 37 10 150
174 38 7 254
174 68 19 154
174 8 4 184
174 77 17 92
174 21 25 154
174 23 43 242
174 28 38 277
175 33 43 68
175 67 22 189
175 8 34 1
175 40 4 112
175 10 13 57
175 75 25 165
175 49 8 285
175 17 31 11
175 51 19 12
175 55 38 209
175 57 1 296
175 30 16 214
176 65 19 280
176 34 7 183
176 35 13 9
176 72 43 1
176 73 25 49
176 74 3 219
176 43 9 39
176 79 1 242
176 48 17 254
176 51 34 63
176 21 5 267
176 23 55 151
177 69 7 73
177 39 31 119
177 43 22 250
177 76 4 46
177 45 16 210
177 79 34 28
177 18 49 28
177 53 43 99
177 54 13 197
177 22 1 152
177 56 37 132
177 62 19 50
178 64 1 5
178 34 11 56
178 4 13 66
178 70 43 250
178 41 49 27
178 42 19 151
178 12 7 65
178 77 5 201
178 48 3 14
178 54 16 63
178 60 25 131
178 63 29 249
179 37 55 180
179 72 31 262
179 59 15 180
179 10 1 45
179 43 11 239
179 12 7 255
179 80 19 220
179 52 49 31
179 21 5 196
179 22 13 233
179 54 28 8
179 27 37 294
180 66 1 214
180 2 49 84
180 8 4 58
180 9 23 30
180 10 7 45
180 42 19 169
180 12 31 29
180 13 25 117
180 50 37 245
180 25 11 68
180 60 43 173
180 31 13 140
181 64 13 227
181 66 43 33
181 34 7 38
181 8 23 58
181 10 4 289
181 42 31 280
181 13 15 265
181 79 9 146
181 20 11 260
181 57 1 262
181 58 28 186
181 61 25 96
182 2 46 48
182 34 13 183
182 4 25 22
182 41 37 102
182 10 43 57
182 42 7 124
182 44 5 129
182 47 1 160
182 49 19 73
182 21 11 113
182 56 49 236
182 60 31 244
183 2 10 51
183 26 37 34
183 4 34 3
183 69 43 193
183 6 1 10
183 5 49 165
183 78 16 294
183 17 25 121
183 20 29 199
183 53 3 99
183 25 7 264
183 58 13 266
184 37 25 110
184 73 31 154
184 41 49 176
184 47 43 160
184 80 19 172
184 15 13 13
184 19 4 2
184 51 37 171
184 58 58 35
184 60 7 94
184 62 1 93
184 63 11 46
185 67 33 100
185 36 9 74
185 3 13 284
185 8 41 164
185 75 25 78
185 77 1 105
185 15 4 261
185 79 23 28
185 18 28 103
185 51 37 90
185 22 7 145
185 61 19 7
186 64 23 79
186 2 31 177
186 70 1 255
186 9 25 77
186 11 5 272
186 44 11 193
186 13 27 23
186 46 7 246
186 50 19 245
186 24 43 20
186 57 13 262
186 28 37 40
187 64 25 5
187 35 22 9
187 4 34 22
187 36 28 11
187 11 17 153
187 75 19 78
187 78 31 95
187 80 13 255
187 23 7 76
187 26 1 12
187 59 10 55
187 30 45 87
188 32 9 148
188 36 25 11
188 37 19 205
188 10 34 6
188 42 49 109
188 76 28 265
188 74 43 72
188 43 1 239
188 15 3 172
188 49 13 87
188 22 7 96
188 25 17 68
189 38 25 193
189 39 7 153
189 7 37 19
189 41 15 27
189 6 34 92
189 74 13 167
189 13 19 261
189 77 5 21
189 61 22 47
189 22 10 291
189 56 43 58
189 29 1 4
190 33 31 226
190 36 45 17
190 5 39 166
190 71 7 147
190 40 25 252
190 41 1 177
190 10 52 95
190 73 10 149
190 53 13 174
190 21 17 222
190 25 5 47
190 62 49 6
191 34 3 183
191 4 13 63
191 8 17 223
191 60 37 94
191 15 25 13
191 48 1 212
191 17 21 159
191 16 10 288
191 21 5 71
191 24 49 26
191 56 31 105
191 28 55 23
192 65 25 120
192 33 31 68
192 35 1 236
192 5 49 32
192 71 43 299
192 9 5 194
192 74 11 167
192 13 37 114
192 15 13 195
192 55 7 190
192 61 22 22
192 30 35 185
193 68 10 82
193 70 1 48
193 39 52 4
193 9 35 33
193 10 37 95
193 13 7 41
193 47 25 278
193 80 19 128
193 49 31 87
193 60 13 166
193 62 55 6
193 31 5 107
194 64 43 5
194 34 35 183
194 2 4 51
194 68 16 225
194 4 13 122
194 73 22 181
194 44 11 124
194 77 29 90
194 17 31 212
194 27 49 52
194 28 7 289
194 29 25 50
195 65 37 254
195 67 34 189
195 3 13 127
195 11 7 79
195 43 21 36
195 16 19 62
195 21 1 43
195 22 41 93
195 53 9 207
195 57 25 3
195 59 31 55
195 31 17 173
196 65 43 110
196 70 1 28
196 8 17 205
196 73 10 127
196 11 28 255
196 46 55 268
196 80 13 220
196 54 7 240
196 55 19 268
196 58 40 35
196 28 31 41
196 30 23 185
197 33 31 198
197 5 13 161
197 70 26 129
197 8 4 164
197 59 1 80
197 46 43 268
197 54 49 98
197 23 7 83
197 27 55 3
197 28 19 41
197 29 37 161
197 30 10 231
198 35 4 9
198 36 58 121
198 68 7 127
198 72 31 45
198 42 49 184
198 11 1 153
198 15 13 136
198 16 23 40
198 21 10 222
198 25 37 47
198 26 19 225
198 57 16 36
199 2 19 48
199 34 17 189
199 41 31 27
199 74 29 219
199 42 55 120
199 77 13 21
199 78 1 97
199 48 9 14
199 50 25 245
199 29 43 4
199 21 7 196
199 61 4 211
200 35 1 94
200 68 25 127
200 3 31 263
200 59 22 180
200 11 17 14
200 18 34 71
200 51 28 169
200 19 19 223
200 27 37 288
200 60 13 70
200 29 7 50
200 30 4 214
Điểm tối ưu: 2400
Thời gian: 454213.40 ms
Trạng thái: OPTIMUM
