1158
1 32 1 93
1 1 13 94
1 5 16 43
1 9 43 82
1 10 55 111
1 15 29 49
1 16 22 29
1 17 4 7
1 19 25 16
1 20 7 25
1 21 31 97
1 26 49 100
1 28 9 20
1 30 46 9
2 2 7 22
2 3 31 77
2 5 19 43
2 7 29 28
2 8 49 73
2 10 37 111
2 11 22 64
2 12 43 67
2 14 25 118
2 15 15 53
2 17 11 7
2 20 3 35
2 24 13 91
2 27 55 65
2 29 1 32
3 32 40 63
3 1 25 32
3 3 55 69
3 5 37 107
3 9 4 99
3 11 28 64
3 14 31 118
3 18 35 73
3 19 7 16
3 20 49 35
3 21 13 36
3 23 52 61
3 25 15 113
3 28 19 44
3 29 47 77
4 3 25 47
4 7 52 44
4 9 43 99
4 11 22 65
4 13 7 66
4 14 13 118
4 17 5 28
4 18 11 90
4 19 37 16
4 21 9 3
4 23 19 67
4 24 31 19
4 26 39 80
4 27 1 4
4 29 35 11
5 32 31 10
5 1 13 32
5 3 21 69
5 4 7 106
5 6 37 102
5 9 16 83
5 12 34 80
5 13 59 23
5 14 25 75
5 15 51 8
5 17 3 28
5 23 9 67
5 24 1 39
5 29 53 107
5 31 55 5
6 32 37 93
6 1 33 54
6 2 21 89
6 7 19 62
6 8 7 73
6 11 16 50
6 12 1 49
6 17 40 6
6 19 31 33
6 20 51 101
6 24 28 91
6 25 11 18
6 28 13 79
6 29 5 32
7 32 25 93
7 1 40 54
7 3 55 77
7 5 28 43
7 6 15 67
7 7 9 62
7 11 3 64
7 12 46 49
7 20 11 35
7 21 13 54
7 23 43 103
7 27 31 82
7 29 23 107
7 31 19 91
8 1 22 94
8 3 50 69
8 5 46 43
8 6 57 102
8 7 55 44
8 8 25 117
8 11 19 39
8 12 16 17
8 15 33 8
8 16 7 42
8 21 29 7
8 25 10 113
8 27 1 65
8 28 37 63
8 29 5 11
9 1 55 15
9 4 47 106
9 6 49 102
9 8 31 30
9 12 40 67
9 15 35 53
9 17 13 28
9 18 4 74
9 20 15 41
9 23 7 103
9 27 19 107
9 28 1 97
9 29 10 32
9 31 43 63
10 1 37 32
10 4 31 15
10 5 25 10
10 6 43 2
10 7 19 13
10 15 23 115
10 16 5 79
10 17 1 6
10 18 21 73
10 20 13 35
10 24 29 109
10 26 33 101
10 27 15 110
10 30 58 20
10 31 7 63
11 1 58 32
11 3 21 77
11 4 17 91
11 5 33 107
11 7 11 44
11 13 1 10
11 18 5 90
11 19 40 16
11 20 19 35
11 23 25 103
11 24 3 109
11 27 43 65
11 29 47 107
11 30 13 106
12 32 10 93
12 1 19 119
12 3 43 69
12 5 13 107
12 8 25 72
12 9 40 83
12 12 37 49
12 17 5 6
12 18 47 74
12 19 55 16
12 21 17 97
12 24 3 19
12 25 22 1
12 31 31 5
13 32 28 93
13 1 25 54
13 2 49 22
13 3 1 69
13 5 40 84
13 10 19 111
13 11 37 64
13 12 13 17
13 16 16 29
13 20 23 41
13 24 5 109
13 25 34 34
13 26 7 115
13 27 55 107
13 29 31 107
14 32 37 95
14 3 55 47
14 4 31 91
14 5 46 78
14 11 28 39
14 15 40 115
14 20 7 35
14 22 9 56
14 23 25 113
14 25 5 1
14 26 49 80
14 28 19 20
14 29 3 11
14 30 33 106
15 32 7 93
15 2 39 15
15 5 55 10
15 6 27 13
15 7 47 13
15 9 31 99
15 11 4 50
15 14 15 23
15 16 23 5
15 19 19 16
15 20 13 41
15 21 10 36
15 23 1 67
15 24 49 109
15 31 43 5
16 1 28 32
16 2 15 109
16 7 37 86
16 8 31 117
16 9 21 78
16 11 25 65
16 13 13 16
16 18 11 11
16 20 19 113
16 21 7 7
16 22 1 76
16 25 9 1
16 26 43 101
16 30 4 9
17 32 1 17
17 2 55 22
17 5 40 43
17 7 5 13
17 9 19 99
17 14 25 112
17 15 11 53
17 17 9 28
17 18 13 8
17 20 17 101
17 21 7 3
17 24 15 54
17 28 37 79
17 30 22 106
18 2 43 15
18 3 19 47
18 4 23 54
18 5 10 43
18 6 37 2
18 8 3 73
18 11 13 65
18 12 49 67
18 14 55 79
18 16 7 29
18 18 1 73
18 20 47 113
18 23 28 103
18 29 41 32
18 31 33 91
19 4 35 119
19 5 4 43
19 8 37 72
19 9 7 78
19 11 16 39
19 12 52 49
19 14 21 79
19 17 27 7
19 18 25 90
19 20 19 41
19 23 31 67
19 25 29 1
19 28 46 20
19 29 1 11
19 30 55 20
20 32 43 91
20 3 49 47
20 6 55 67
20 8 37 117
20 9 7 83
20 12 46 80
20 14 31 23
20 18 11 74
20 19 35 8
20 20 17 35
20 22 22 56
20 25 3 113
20 26 25 50
20 27 13 82
20 29 53 11
21 32 19 93
21 1 49 32
21 2 25 105
21 5 58 84
21 8 7 117
21 12 34 17
21 13 11 57
21 14 43 118
21 18 31 114
21 19 23 113
21 23 16 103
21 24 29 19
21 27 37 110
21 28 13 20
21 30 1 23
22 4 7 91
22 5 43 43
22 8 55 73
22 11 33 65
22 13 31 57
22 15 59 53
22 16 21 115
22 17 9 6
22 18 37 114
22 19 3 61
22 20 5 101
22 21 25 3
22 25 1 18
22 27 27 107
22 31 39 5
23 4 11 119
23 7 15 86
23 8 25 73
23 11 34 50
23 18 51 11
23 19 49 113
23 20 13 64
23 21 1 3
23 23 7 109
23 24 17 19
23 26 43 60
23 27 19 4
23 29 23 32
23 30 31 42
23 31 39 91
24 1 16 94
24 2 31 109
24 5 1 84
24 7 7 95
24 9 43 78
24 11 19 65
24 13 37 51
24 18 49 74
24 21 22 3
24 22 13 56
24 24 9 19
24 25 4 34
24 29 46 32
24 30 28 20
25 32 28 4
25 1 40 94
25 4 55 106
25 5 1 43
25 7 7 62
25 13 13 57
25 19 17 16
25 20 25 25
25 21 21 7
25 22 31 96
25 23 37 61
25 24 5 19
25 25 19 1
25 27 9 107
26 1 19 15
26 2 33 22
26 5 40 107
26 6 7 119
26 9 22 83
26 11 13 50
26 12 58 4
26 17 17 7
26 19 47 61
26 20 1 64
26 21 31 3
26 27 25 82
26 30 49 9
26 31 43 25
27 32 58 93
27 3 37 77
27 5 49 10
27 7 3 13
27 10 31 111
27 11 10 39
27 12 22 49
27 15 5 53
27 17 1 59
27 19 13 33
27 20 7 64
27 22 55 28
27 23 52 109
27 24 15 91
27 29 25 11
28 2 15 89
28 4 19 106
28 5 58 10
28 6 25 102
28 12 43 4
28 13 13 10
28 16 23 4
28 18 52 90
28 19 29 16
28 20 5 25
28 21 39 3
28 23 31 61
28 27 1 31
28 29 55 11
28 30 49 42
29 32 25 91
29 1 7 32
29 2 39 89
29 5 3 10
29 6 13 102
29 7 17 86
29 14 31 79
29 19 29 33
29 21 1 36
29 22 22 76
29 23 19 61
29 27 55 110
29 29 37 11
29 31 49 34
30 1 28 54
30 2 7 89
30 3 13 47
30 4 25 106
30 8 43 97
30 11 37 54
30 12 40 17
30 15 17 115
30 16 19 115
30 17 31 28
30 20 4 41
30 21 34 7
30 27 21 31
30 28 49 79
30 30 1 42
31 1 19 94
31 6 43 86
31 7 11 13
31 8 3 117
31 9 37 78
31 11 40 64
31 14 55 23
31 18 13 90
31 19 1 16
31 26 25 100
31 27 49 65
31 28 22 20
31 29 9 11
31 31 15 34
32 2 19 105
32 4 37 15
32 6 13 13
32 7 33 13
32 10 43 111
32 14 55 75
32 15 7 53
32 16 11 5
32 18 9 74
32 19 3 16
32 25 17 1
32 26 49 60
32 28 39 44
32 29 35 32
32 31 25 34
33 32 13 93
33 1 1 94
33 6 37 13
33 7 59 13
33 8 31 72
33 9 4 82
33 11 55 39
33 15 21 54
33 17 11 6
33 19 23 8
33 20 49 25
33 21 19 97
33 24 35 19
33 30 16 9
34 4 53 91
34 5 16 84
34 6 7 97
34 9 1 99
34 13 21 51
34 15 31 8
34 16 19 79
34 17 11 28
34 20 25 35
34 22 4 56
34 25 23 34
34 28 27 79
34 29 51 107
34 30 13 9
34 31 55 25
35 32 49 93
35 1 22 119
35 4 58 15
35 5 43 10
35 6 1 2
35 7 31 13
35 9 10 78
35 13 53 16
35 17 35 28
35 18 5 114
35 19 15 33
35 22 37 96
35 24 33 19
35 25 13 34
35 26 25 8
36 32 13 63
36 2 49 105
36 3 43 47
36 4 1 15
36 5 7 10
36 6 21 13
36 7 16 62
36 8 33 97
36 13 5 94
36 15 37 115
36 17 31 38
36 20 27 35
36 21 25 7
36 29 3 32
37 32 44 95
37 5 31 43
37 10 13 111
37 11 52 39
37 16 29 115
37 17 17 59
37 18 34 74
37 19 5 33
37 24 19 19
37 25 11 1
37 26 21 22
37 27 7 82
37 28 49 44
37 29 1 107
37 31 25 5
38 1 7 94
38 2 43 105
38 5 31 84
38 6 3 102
38 9 10 83
38 13 37 10
38 15 17 49
38 17 22 28
38 19 1 61
38 21 15 97
38 22 39 60
38 24 13 19
38 28 19 63
38 29 25 107
38 31 27 31
39 3 25 69
39 4 1 91
39 6 9 102
39 12 31 80
39 15 13 53
39 16 3 5
39 17 19 28
39 18 7 8
39 21 29 36
39 23 22 61
39 25 34 18
39 26 43 115
39 28 16 63
39 30 37 106
40 2 3 15
40 4 31 54
40 6 55 119
40 7 11 95
40 8 13 72
40 9 37 83
40 14 25 49
40 16 33 115
40 18 49 11
40 19 41 113
40 20 17 41
40 21 23 97
40 22 43 28
40 26 7 100
40 29 19 11
41 1 34 94
41 4 3 119
41 8 19 72
41 13 31 66
41 15 25 115
41 16 5 42
41 18 11 73
41 22 27 76
41 23 13 103
41 24 23 109
41 26 7 101
41 27 49 4
41 28 40 79
41 30 16 106
42 2 37 109
42 5 31 78
42 11 58 39
42 12 19 80
42 13 5 57
42 16 1 5
42 18 3 8
42 20 23 101
42 22 49 96
42 23 52 67
42 26 45 8
42 28 34 20
42 30 10 23
42 31 13 25
43 4 59 119
43 5 13 78
43 6 25 86
43 7 16 95
43 8 7 72
43 9 34 78
43 19 3 33
43 20 21 35
43 21 5 54
43 23 51 113
43 27 43 107
43 29 29 11
43 31 37 34
44 3 25 77
44 4 9 106
44 5 55 43
44 6 31 119
44 7 41 13
44 10 1 111
44 12 19 49
44 14 37 23
44 15 47 115
44 18 45 11
44 20 11 64
44 21 29 3
44 25 7 1
44 26 13 115
44 27 49 110
45 32 31 17
45 3 51 77
45 6 21 2
45 8 57 72
45 9 37 99
45 15 49 8
45 16 13 42
45 19 55 8
45 20 5 113
45 23 25 67
45 24 35 109
45 25 1 119
45 28 16 20
45 29 19 32
45 30 10 9
46 2 13 105
46 3 7 47
46 6 43 13
46 7 35 44
46 9 52 99
46 11 25 64
46 12 49 49
46 16 5 84
46 20 59 113
46 22 28 60
46 23 19 103
46 24 41 19
46 25 1 62
46 26 31 60
47 32 10 10
47 5 28 84
47 8 49 54
47 9 46 99
47 12 55 49
47 13 25 66
47 15 39 39
47 17 41 28
47 18 13 11
47 19 31 113
47 20 7 41
47 21 34 3
47 25 15 1
47 26 1 95
47 30 19 9
48 2 55 109
48 3 15 77
48 7 13 73
48 8 19 117
48 12 37 67
48 14 49 17
48 15 35 115
48 17 3 59
48 21 43 3
48 23 40 61
48 24 11 19
48 25 23 18
48 27 7 65
48 28 25 20
48 31 31 31
49 2 7 105
49 3 43 77
49 4 11 15
49 6 39 86
49 7 25 28
49 9 15 99
49 14 19 17
49 15 37 39
49 19 59 8
49 21 4 3
49 23 49 103
49 24 23 19
49 25 13 62
49 28 1 44
49 29 33 11
50 4 5 91
50 5 28 10
50 8 49 97
50 9 10 99
50 11 19 50
50 13 23 51
50 16 7 84
50 17 31 59
50 19 41 8
50 21 53 97
50 22 33 113
50 23 13 61
50 24 46 39
50 30 43 9
51 32 9 91
51 1 28 94
51 2 13 22
51 5 19 84
51 11 31 64
51 12 43 49
51 13 5 51
51 16 17 5
51 18 39 114
51 24 25 19
51 25 41 18
51 26 1 100
51 28 49 20
51 29 7 77
51 30 52 106
52 5 25 43
52 6 13 2
52 7 7 13
52 8 43 54
52 9 28 99
52 12 55 4
52 14 19 95
52 17 17 28
52 18 33 90
52 21 9 7
52 27 51 82
52 28 1 63
52 29 49 107
53 32 28 63
53 1 43 32
53 3 31 47
53 4 37 119
53 9 55 78
53 10 49 111
53 11 58 64
53 13 9 16
53 14 13 112
53 17 17 6
53 18 19 114
53 19 1 8
53 24 7 54
53 25 3 18
53 27 21 110
54 32 46 10
54 1 16 119
54 2 55 89
54 3 31 69
54 5 13 43
54 6 7 2
54 8 3 72
54 14 19 75
54 15 23 53
54 19 1 113
54 23 28 61
54 24 43 39
54 28 25 63
54 31 49 31
55 32 25 95
55 4 49 15
55 6 33 2
55 7 31 44
55 9 19 83
55 12 13 4
55 15 53 53
55 18 16 74
55 20 28 41
55 22 43 113
55 26 7 49
55 27 37 82
55 30 4 20
56 32 22 63
56 2 33 15
56 5 55 84
56 7 15 28
56 9 19 82
56 12 43 80
56 15 41 39
56 18 31 90
56 19 39 33
56 21 1 7
56 22 10 76
56 23 7 61
56 26 49 50
56 27 3 107
56 29 17 107
57 32 40 95
57 2 43 109
57 11 13 39
57 12 22 67
57 14 31 112
57 16 5 4
57 20 25 101
57 21 16 36
57 23 37 103
57 25 11 62
57 27 7 110
57 28 1 20
57 30 27 106
57 31 49 91
58 32 40 4
58 1 49 94
58 2 43 22
58 6 27 2
58 7 25 13
58 11 37 50
58 13 5 66
58 14 7 17
58 20 35 25
58 23 1 103
58 25 17 113
58 26 13 101
58 29 19 77
58 31 55 63
59 2 49 89
59 3 1 77
59 6 43 119
59 7 23 95
59 11 7 39
59 12 13 80
59 14 31 25
59 15 57 53
59 18 16 114
59 19 19 33
59 23 10 61
59 25 53 119
59 28 40 97
59 30 37 9
59 31 27 25
60 2 3 105
60 3 9 69
60 4 37 91
60 7 47 28
60 8 43 30
60 9 16 78
60 12 25 17
60 15 31 39
60 17 7 6
60 18 23 74
60 19 1 33
60 20 21 113
60 22 49 56
60 25 19 18
60 28 57 44
61 3 37 69
61 4 1 106
61 7 7 86
61 8 43 117
61 9 33 83
61 12 28 17
61 14 49 23
61 17 31 7
61 18 13 74
61 19 9 33
61 20 11 101
61 21 19 36
61 25 3 1
61 29 47 11
61 30 25 9
62 2 25 89
62 3 37 47
62 4 45 106
62 5 52 43
62 7 7 28
62 11 19 64
62 14 3 75
62 16 31 115
62 17 15 7
62 21 17 54
62 23 49 61
62 24 13 109
62 25 1 1
62 29 35 77
62 31 9 25
63 32 31 93
63 4 11 106
63 6 49 119
63 8 7 30
63 9 46 82
63 11 3 39
63 15 1 115
63 17 28 38
63 20 19 101
63 22 56 76
63 23 34 103
63 27 37 65
63 29 13 77
63 30 43 42
64 7 15 73
64 8 43 73
64 11 1 50
64 12 4 67
64 13 17 51
64 16 13 29
64 18 11 8
64 19 25 33
64 20 37 113
64 22 34 10
64 23 40 103
64 26 7 80
64 27 55 82
64 30 19 23
65 1 52 32
65 7 9 13
65 8 13 30
65 9 55 83
65 11 22 39
65 16 17 42
65 17 1 38
65 18 28 74
65 19 11 16
65 21 47 3
65 27 39 31
65 28 31 20
65 29 7 11
65 30 4 23
66 1 55 32
66 2 13 15
66 4 41 106
66 5 34 43
66 6 43 102
66 14 1 25
66 17 11 38
66 18 17 8
66 19 39 8
66 20 51 25
66 23 19 109
66 24 27 19
66 28 7 44
66 30 58 106
67 32 55 91
67 1 52 94
67 5 22 84
67 8 39 30
67 15 5 8
67 18 37 8
67 21 13 97
67 24 7 19
67 26 43 100
67 27 25 110
67 28 1 79
67 29 33 32
67 30 19 42
67 31 9 34
68 2 25 15
68 5 49 43
68 8 55 30
68 9 22 82
68 12 52 10
68 13 29 66
68 14 37 112
68 18 3 114
68 19 5 16
68 21 15 3
68 22 19 56
68 24 10 109
68 26 31 49
68 29 17 32
68 31 43 34
69 4 4 106
69 7 13 44
69 10 27 111
69 11 58 50
69 16 25 29
69 21 23 36
69 22 15 10
69 23 52 103
69 24 1 109
69 26 37 101
69 27 7 4
69 29 21 32
69 30 55 17
69 31 31 63
70 32 34 93
70 1 25 119
70 5 22 43
70 6 55 13
70 7 37 44
70 8 49 30
70 12 31 4
70 15 9 8
70 17 19 6
70 21 29 97
70 24 3 91
70 25 5 119
70 26 13 60
70 27 43 31
71 4 43 106
71 5 49 78
71 7 1 86
71 8 45 72
71 11 33 39
71 12 19 10
71 13 41 23
71 14 37 75
71 17 3 38
71 20 23 35
71 22 55 56
71 24 58 54
71 28 52 20
71 29 31 32
71 30 7 9
72 3 13 69
72 5 25 84
72 6 49 2
72 7 53 28
72 8 19 30
72 9 28 78
72 11 43 50
72 12 1 80
72 13 31 51
72 17 7 59
72 18 17 90
72 23 10 103
72 27 55 31
72 30 4 17
73 32 58 17
73 1 51 15
73 2 37 22
73 3 9 77
73 6 25 97
73 8 1 30
73 11 46 50
73 16 19 29
73 18 15 11
73 19 34 16
73 21 13 3
73 24 49 39
73 25 5 18
73 29 7 107
73 30 22 42
74 1 55 54
74 5 25 78
74 9 58 78
74 13 3 51
74 15 10 54
74 18 29 8
74 19 43 61
74 20 15 64
74 21 17 3
74 22 7 76
74 24 1 54
74 29 5 77
74 30 40 20
74 31 49 63
75 32 46 91
75 1 7 15
75 4 17 15
75 7 33 73
75 9 43 83
75 12 25 4
75 14 49 95
75 16 5 5
75 17 31 6
75 19 13 113
75 20 53 25
75 21 37 36
75 22 1 56
75 23 28 67
75 31 19 25
76 3 3 47
76 6 31 86
76 7 25 44
76 8 49 117
76 12 37 4
76 14 43 17
76 15 21 53
76 16 10 29
76 17 13 6
76 18 1 114
76 19 23 33
76 24 19 54
76 28 15 44
76 30 7 23
77 2 25 109
77 7 17 73
77 8 55 117
77 9 13 83
77 12 4 49
77 18 43 8
77 19 19 8
77 20 1 35
77 22 40 56
77 26 7 60
77 28 37 97
77 29 31 11
77 30 22 9
77 31 49 5
78 2 31 89
78 4 47 15
78 7 35 13
78 9 40 78
78 12 16 4
78 16 53 4
78 17 1 28
78 20 9 41
78 22 49 28
78 23 25 61
78 25 13 18
78 26 3 22
78 28 37 20
78 29 43 11
78 31 19 5
79 32 46 93
79 1 22 15
79 2 1 89
79 5 52 78
79 7 49 13
79 8 25 30
79 10 7 111
79 11 40 50
79 17 5 38
79 20 37 25
79 22 55 96
79 24 58 19
79 27 13 31
79 28 43 20
79 30 31 9
80 32 34 4
80 2 55 105
80 4 53 54
80 5 10 84
80 7 3 86
80 9 7 99
80 11 25 39
80 12 46 67
80 13 1 66
80 14 13 75
80 15 21 8
80 24 37 19
80 29 17 11
80 30 28 23
Điểm tối ưu: 1158
Thời gian: 600.1697 giây
Trạng thái: FEASIBLE
