1188
1 38 13 130
1 6 43 14
1 7 11 71
1 10 37 4
1 11 21 74
1 12 27 15
1 16 5 19
1 17 31 131
1 21 49 19
1 24 55 37
1 25 7 1
1 26 1 118
2 36 58 14
2 37 9 90
2 6 39 40
2 7 13 36
2 12 55 106
2 14 19 107
2 16 7 61
2 18 37 27
2 19 3 144
2 24 16 37
2 26 31 99
2 30 25 92
3 2 21 49
3 3 31 100
3 37 13 40
3 15 34 1
3 23 25 59
3 24 46 33
3 26 7 146
3 27 5 57
3 28 49 61
3 29 10 108
3 30 15 53
3 31 51 69
4 32 25 65
4 33 17 93
4 2 5 49
4 6 32 16
4 7 10 36
4 38 37 118
4 10 1 4
4 13 28 92
4 14 7 149
4 20 19 69
4 23 55 54
4 26 43 88
5 3 7 101
5 7 10 27
5 11 13 79
5 14 22 56
5 16 17 130
5 17 31 43
5 22 37 15
5 25 25 67
5 27 29 41
5 28 1 88
5 29 19 44
5 31 3 42
6 32 19 19
6 2 29 150
6 35 7 147
6 34 3 64
6 4 15 145
6 37 11 149
6 39 31 58
6 11 43 79
6 13 22 92
6 18 13 27
6 22 49 141
6 28 25 52
7 34 5 64
7 2 35 78
7 6 49 40
7 40 19 138
7 9 43 51
7 11 21 79
7 20 27 125
7 23 31 25
7 24 13 37
7 27 25 15
7 28 1 84
7 30 16 100
8 33 11 93
8 35 31 23
8 40 7 63
8 9 25 106
8 8 4 67
8 13 1 124
8 15 16 1
8 19 9 26
8 20 37 69
8 23 19 51
8 25 49 1
8 26 13 85
9 2 1 42
9 35 55 23
9 36 28 110
9 4 13 70
9 38 38 115
9 11 9 74
9 14 22 28
9 21 43 19
9 24 19 33
9 26 31 117
9 27 7 57
9 30 25 81
10 3 25 100
10 37 17 98
10 6 49 134
10 39 43 138
10 13 28 21
10 14 34 93
10 17 13 82
10 18 31 27
10 22 19 66
10 23 9 54
10 28 39 5
10 31 55 118
11 33 27 10
11 34 23 97
11 3 3 11
11 4 19 140
11 37 17 4
11 6 43 77
11 38 49 135
11 14 10 136
11 17 37 48
11 19 29 104
11 30 7 122
11 31 31 105
12 34 17 9
12 35 1 23
12 5 37 32
12 37 11 43
12 8 13 52
12 9 19 12
12 10 7 4
12 14 55 83
12 15 22 16
12 19 47 34
12 20 49 117
12 25 31 29
13 35 7 95
13 36 4 139
13 6 55 134
13 13 37 21
13 15 40 98
13 17 32 13
13 20 13 117
13 22 19 53
13 28 51 10
13 29 11 72
13 30 1 92
13 31 25 69
14 32 28 73
14 33 7 93
14 36 4 41
14 38 43 118
14 7 17 129
14 39 13 128
14 8 9 107
14 10 37 60
14 12 35 20
14 14 25 149
14 15 49 64
14 27 11 109
15 32 7 87
15 36 13 41
15 5 55 129
15 9 31 39
15 10 19 4
15 11 49 74
15 13 39 44
15 14 16 33
15 19 35 131
15 28 25 84
15 29 23 132
15 31 1 91
16 34 1 64
16 3 34 101
16 4 55 145
16 5 49 32
16 38 21 114
16 35 37 72
16 9 31 49
16 14 3 149
16 15 13 81
16 22 9 119
16 23 43 54
16 26 52 121
17 2 11 49
17 3 28 100
17 6 1 14
17 39 7 75
17 9 37 39
17 12 47 96
17 13 19 143
17 14 52 90
17 16 59 95
17 19 22 40
17 22 31 15
17 30 13 100
18 2 7 78
18 37 5 9
18 38 25 114
18 39 9 128
18 6 49 101
18 13 13 143
18 19 19 34
18 20 31 45
18 23 43 25
18 25 37 132
18 26 55 117
18 30 1 53
19 33 23 93
19 34 7 54
19 3 19 100
19 38 49 115
19 7 10 102
19 8 34 121
19 12 5 20
19 14 37 28
19 20 25 45
19 23 1 34
19 24 55 33
20 32 7 47
20 39 19 75
20 9 10 6
20 13 13 21
20 16 23 141
20 17 3 62
20 18 27 27
20 19 25 34
20 21 31 66
20 24 49 33
20 25 55 93
20 28 1 10
21 4 55 70
21 38 43 135
21 39 25 128
21 10 31 4
21 14 16 89
21 17 3 46
21 18 47 27
21 19 1 40
21 25 19 93
21 26 37 88
21 29 11 147
21 31 7 113
22 34 13 113
22 35 25 102
22 36 15 69
22 40 37 138
22 8 29 51
22 9 3 39
22 14 19 83
22 15 31 64
22 17 7 48
22 18 1 44
22 20 43 45
22 25 49 29
23 32 40 73
23 36 28 139
23 37 7 90
23 6 31 82
23 5 10 2
23 38 21 7
23 18 43 5
23 22 13 131
23 24 1 37
23 26 58 88
23 28 45 89
24 32 22 19
24 33 17 7
24 36 43 134
24 9 40 36
24 10 13 4
24 12 5 103
24 14 19 28
24 16 3 19
24 21 7 19
24 26 28 29
24 28 33 17
24 29 1 132
25 33 25 129
25 2 11 42
25 6 3 16
25 39 49 75
25 8 1 51
25 9 13 6
25 40 9 109
25 14 37 90
25 15 22 98
25 24 46 37
25 25 27 57
25 27 7 136
26 32 28 65
26 5 10 114
26 37 31 136
26 7 3 102
26 39 43 119
26 9 21 39
26 15 7 16
26 18 17 5
26 19 19 104
26 21 33 24
26 25 13 72
26 26 25 29
27 32 1 54
27 33 25 61
27 4 37 8
27 36 31 139
27 7 7 71
27 8 19 50
27 9 55 110
27 40 11 86
27 12 28 103
27 15 13 1
27 23 49 51
27 27 9 57
28 34 13 30
28 3 10 100
28 35 43 109
28 2 19 74
28 39 37 75
28 7 15 71
28 12 29 11
28 25 3 29
28 26 21 61
28 27 7 109
28 28 1 17
29 33 29 61
29 2 19 13
29 36 39 41
29 39 13 58
29 40 4 63
29 11 31 74
29 18 23 44
29 19 11 26
29 22 7 137
29 23 25 51
29 24 1 33
29 29 17 72
30 33 16 10
30 35 31 109
30 40 35 35
30 10 43 4
30 11 7 79
30 12 23 13
30 17 19 43
30 18 41 27
30 21 49 66
30 22 37 66
30 25 1 97
30 26 13 47
31 33 11 10
31 3 28 101
31 36 19 41
31 37 17 149
31 39 43 128
31 14 1 136
31 18 33 5
31 20 7 45
31 25 37 112
31 26 22 99
31 28 35 46
31 30 4 69
32 32 43 65
32 2 33 42
32 36 13 110
32 6 55 77
32 39 19 5
32 8 29 12
32 11 37 79
32 18 3 5
32 20 25 3
32 22 7 116
32 27 11 124
32 28 1 89
33 33 39 93
33 2 53 14
33 36 46 134
33 39 14 119
33 7 21 27
33 40 19 35
33 12 11 103
33 13 31 44
33 14 3 28
33 23 7 34
33 24 28 37
33 29 1 72
34 34 7 30
34 2 5 150
34 36 16 148
34 5 19 6
34 12 13 20
34 14 22 58
34 15 31 11
34 16 11 148
34 18 47 5
34 22 1 82
34 24 25 37
34 27 9 35
35 2 23 42
35 36 7 41
35 5 43 126
35 8 10 89
35 12 15 20
35 14 1 120
35 17 19 48
35 18 5 44
35 19 13 144
35 22 37 116
35 28 17 34
35 30 31 53
36 32 43 15
36 34 13 18
36 35 25 23
36 36 55 41
36 38 1 56
36 14 37 120
36 19 17 104
36 26 10 85
36 27 15 57
36 29 5 72
36 30 34 53
36 31 21 46
37 32 34 47
37 33 1 61
37 34 17 68
37 40 7 86
37 11 55 74
37 14 31 28
37 16 19 130
37 20 13 78
37 26 9 117
37 27 5 138
37 29 3 132
37 30 25 53
38 32 19 65
38 33 5 129
38 2 25 150
38 5 7 102
38 40 11 63
38 12 3 103
38 15 38 1
38 17 13 147
38 18 23 27
38 22 55 119
38 26 31 61
38 28 1 46
39 33 5 10
39 35 45 72
39 4 31 8
39 38 49 56
39 7 1 36
39 8 40 50
39 39 27 58
39 12 43 21
39 13 10 77
39 15 13 64
39 16 16 19
39 19 25 7
40 33 5 93
40 2 41 49
40 35 33 12
40 36 13 148
40 5 25 2
40 38 7 105
40 7 23 102
40 8 3 94
40 4 37 70
40 17 43 46
40 27 19 21
40 30 51 92
41 32 40 47
41 33 10 18
41 2 19 15
41 5 7 94
41 39 43 58
41 10 21 60
41 14 1 2
41 16 25 19
41 18 15 44
41 23 31 94
41 31 27 35
42 34 1 9
42 2 25 14
42 38 13 7
42 6 37 7
42 8 5 12
42 40 9 86
42 12 3 115
42 16 35 19
42 17 19 137
42 18 33 27
42 20 43 69
42 28 7 123
43 33 11 7
43 3 46 11
43 4 7 83
43 35 49 72
43 16 53 13
43 17 19 62
43 21 13 24
43 22 25 82
43 23 37 25
43 24 43 37
43 27 1 41
43 29 5 78
44 34 25 113
44 3 1 101
44 2 19 42
44 38 21 130
44 7 4 71
44 8 17 12
44 40 11 35
44 13 37 92
44 16 13 13
44 17 55 82
44 21 43 107
44 25 7 97
45 33 35 10
45 34 7 18
45 35 55 109
45 4 31 145
45 37 5 119
45 10 25 60
45 13 37 73
45 16 1 19
45 22 43 66
45 23 19 59
45 25 13 29
45 27 17 15
46 32 13 87
46 3 51 11
46 4 25 80
46 37 35 4
46 6 43 82
46 7 29 71
46 39 7 5
46 38 31 114
46 15 55 81
46 20 1 125
46 24 22 33
46 26 40 61
47 32 7 65
47 4 13 102
47 5 10 126
47 6 31 77
47 7 35 71
47 40 21 109
47 11 43 74
47 13 37 23
47 15 25 98
47 17 3 134
47 23 51 34
47 29 1 108
48 34 5 30
48 35 19 95
48 36 31 69
48 5 25 77
48 8 17 94
48 9 50 36
48 11 13 74
48 14 1 93
48 15 37 98
48 16 34 95
48 18 29 5
48 28 23 17
49 2 25 78
49 37 17 2
49 5 43 114
49 6 7 7
49 38 55 7
49 17 13 88
49 18 35 5
49 21 31 129
49 24 28 33
49 25 19 72
49 27 1 25
49 29 3 44
50 32 22 101
50 37 5 4
50 6 37 16
50 39 31 128
50 9 7 12
50 10 43 60
50 11 25 79
50 13 52 61
50 14 13 89
50 16 41 19
50 22 1 116
50 30 10 69
51 32 10 15
51 2 19 150
51 4 25 70
51 5 7 114
51 36 31 41
51 7 29 36
51 8 1 81
51 9 15 106
51 17 37 13
51 20 49 78
51 22 3 141
52 2 17 74
52 3 31 101
52 4 19 70
52 37 7 40
52 40 1 109
52 8 11 134
52 18 9 44
52 22 13 137
52 23 3 51
52 27 23 41
52 29 25 132
52 31 27 38
53 35 37 19
53 4 13 140
53 38 49 84
53 39 55 58
53 40 5 86
53 8 3 52
53 10 9 60
53 14 22 89
53 15 19 98
53 22 25 91
53 29 1 107
53 30 34 69
54 34 5 113
54 3 13 101
54 5 16 124
54 7 29 27
54 15 37 11
54 21 19 129
54 22 1 119
54 23 55 34
54 24 34 37
54 25 7 11
54 27 11 25
54 30 31 122
55 33 19 10
55 34 7 68
55 35 25 147
55 4 49 70
55 38 55 135
55 13 31 73
55 14 9 28
55 17 3 48
55 18 1 27
55 20 13 3
55 26 34 99
55 29 21 108
56 5 22 32
56 38 25 118
56 39 49 128
56 40 9 63
56 13 19 58
56 14 13 28
56 16 1 148
56 17 31 48
56 20 37 45
56 23 3 59
56 30 16 92
56 31 43 105
57 32 25 139
57 33 1 7
57 2 3 150
57 3 43 100
57 11 55 79
57 13 31 21
57 14 7 120
57 16 5 95
57 19 16 143
57 24 10 37
57 25 19 112
57 29 23 108
58 4 25 145
58 7 23 36
58 8 17 134
58 10 13 60
58 13 40 11
58 16 29 130
58 17 31 88
58 19 1 55
58 21 3 66
58 23 7 25
58 25 19 132
58 29 11 44
59 2 5 74
59 4 7 33
59 37 25 9
59 6 49 16
59 9 22 6
59 13 34 73
59 18 37 5
59 19 3 104
59 22 13 12
59 26 27 85
59 28 1 52
59 29 17 44
60 2 22 15
60 35 49 137
60 11 37 74
60 12 35 15
60 14 13 83
60 15 55 11
60 17 27 132
60 19 41 34
60 20 31 3
60 24 43 33
60 29 3 107
60 31 7 46
61 32 46 73
61 2 27 13
61 3 55 100
61 4 31 80
61 7 1 102
61 8 10 55
61 15 19 1
61 16 13 19
61 19 15 104
61 20 49 18
61 23 3 25
61 24 7 37
62 34 4 68
62 35 13 86
62 4 7 80
62 36 55 69
62 38 37 56
62 6 25 40
62 8 11 52
62 10 49 60
62 12 23 115
62 13 1 73
62 22 19 82
62 31 31 113
63 32 21 47
63 34 1 18
63 35 25 86
63 3 57 101
63 2 17 78
63 6 37 14
63 38 43 84
63 9 13 108
63 19 11 104
63 20 7 125
63 23 49 59
63 26 31 121
64 2 5 14
64 35 13 23
64 4 19 26
64 36 25 134
64 7 17 71
64 39 43 75
64 11 1 74
64 13 55 92
64 22 7 53
64 23 49 54
64 25 33 132
64 29 28 72
65 33 3 36
65 2 1 150
65 36 21 134
65 7 19 71
65 8 13 94
65 18 53 27
65 19 5 26
65 23 31 34
65 27 35 41
65 28 11 46
65 30 43 18
65 31 7 38
66 32 19 73
66 33 11 61
66 2 41 78
66 3 1 100
66 37 34 2
66 38 7 56
66 14 22 90
66 19 25 36
66 23 13 25
66 26 55 6
66 28 39 123
66 30 27 122
67 32 10 73
67 33 35 7
67 35 49 23
67 4 31 83
67 39 25 75
67 40 1 86
67 12 3 96
67 20 19 125
67 21 55 24
67 25 43 1
67 30 7 100
67 31 13 38
68 33 3 18
68 2 17 150
68 39 13 75
68 40 10 138
68 10 55 60
68 16 19 61
68 17 37 43
68 18 27 44
68 23 21 25
68 26 7 121
68 27 35 146
68 29 5 132
69 2 11 14
69 37 25 4
69 6 37 101
69 39 49 119
69 12 17 115
69 16 23 5
69 17 13 48
69 18 41 5
69 19 19 7
69 24 4 37
69 27 1 57
69 29 27 107
70 3 40 100
70 36 22 148
70 38 7 84
70 7 5 102
70 8 11 94
70 40 17 63
70 13 19 77
70 15 34 81
70 20 43 3
70 22 13 66
70 24 31 37
70 29 1 147
71 33 29 7
71 2 15 14
71 3 58 11
71 39 31 75
71 7 17 102
71 8 22 50
71 10 49 4
71 11 25 74
71 17 43 43
71 18 7 27
71 24 37 37
71 28 3 10
72 34 16 113
72 4 43 145
72 37 9 40
72 40 25 109
72 9 13 39
72 12 19 103
72 15 4 1
72 16 1 95
72 23 27 34
72 27 31 146
72 28 7 17
73 32 7 115
73 33 3 7
73 2 31 14
73 34 17 64
73 38 50 114
73 8 11 51
73 9 22 113
73 25 13 93
73 26 19 118
73 27 29 86
73 29 37 78
73 30 33 92
74 2 22 78
74 36 25 41
74 5 52 32
74 38 31 84
74 7 1 71
74 9 13 49
74 13 19 23
74 14 28 28
74 16 7 141
74 17 9 131
74 30 16 18
74 31 3 105
75 33 7 10
75 35 19 102
75 38 31 56
75 39 49 58
75 40 1 138
75 9 37 6
75 15 3 81
75 18 47 44
75 20 13 125
75 21 43 6
75 28 28 89
76 34 11 30
76 3 34 100
76 35 7 23
76 38 1 130
76 9 16 51
76 13 31 138
76 14 51 2
76 15 19 64
76 19 5 143
76 24 25 33
76 28 13 17
76 31 55 35
77 32 13 115
77 33 23 18
77 34 7 64
77 4 55 141
77 39 19 128
77 8 5 75
77 10 1 60
77 14 16 120
77 20 43 117
77 24 40 37
77 26 34 61
77 30 28 53
78 2 35 49
78 35 31 147
78 40 19 109
78 9 7 110
78 10 27 4
78 13 40 143
78 16 38 130
78 18 5 27
78 22 1 137
78 26 15 146
78 28 11 123
78 29 13 107
79 33 29 129
79 36 10 110
79 5 31 2
79 8 1 67
79 14 25 83
79 15 34 33
79 17 49 48
79 20 19 18
79 22 43 53
79 23 37 34
79 24 58 37
79 31 3 35
80 33 21 36
80 35 55 72
80 36 13 139
80 37 23 135
80 3 49 100
80 13 34 11
80 16 16 13
80 24 37 33
80 25 44 29
80 26 7 99
80 30 40 81
81 33 35 129
81 3 25 101
81 35 19 147
81 8 5 52
81 10 31 60
81 12 11 11
81 17 13 91
81 25 7 112
81 26 52 118
81 28 23 34
81 30 28 81
81 31 1 113
82 32 4 15
82 34 29 113
82 35 25 137
82 2 17 14
82 4 19 141
82 38 13 84
82 39 37 119
82 40 34 63
82 6 49 7
82 9 1 110
82 17 7 134
82 20 43 125
83 33 5 7
83 2 29 13
83 36 10 41
83 5 19 126
83 7 27 71
83 40 31 63
83 9 13 138
83 17 43 132
83 27 7 67
83 29 3 78
83 31 49 35
84 33 27 36
84 34 11 113
84 35 37 12
84 4 7 8
84 37 22 2
84 40 16 138
84 14 49 107
84 15 31 33
84 18 5 5
84 24 52 37
84 27 3 138
84 30 13 122
85 34 27 18
85 4 55 8
85 38 37 84
85 8 3 55
85 17 15 121
85 18 7 44
85 19 11 40
85 25 43 130
85 26 19 88
85 27 1 15
85 29 9 132
85 31 31 35
86 33 41 7
86 34 11 9
86 36 34 110
86 5 37 124
86 39 19 119
86 40 23 86
86 12 52 20
86 15 13 98
86 18 1 5
86 22 7 91
86 25 25 11
86 30 31 81
87 2 31 150
87 4 19 80
87 38 33 118
87 39 49 5
87 8 5 50
87 9 10 12
87 13 25 21
87 22 13 116
87 25 37 67
87 26 1 85
87 29 29 44
88 33 37 18
88 2 39 49
88 4 49 140
88 37 7 135
88 6 43 16
88 5 9 32
88 9 31 106
88 13 1 21
88 17 25 46
88 23 55 51
88 28 35 60
88 31 19 105
89 32 22 54
89 33 11 129
89 3 19 101
89 4 25 140
89 35 31 72
89 6 7 14
89 9 49 6
89 13 13 11
89 16 16 61
89 24 58 33
89 30 4 92
89 31 37 42
90 35 31 86
90 37 4 40
90 40 13 35
90 14 28 83
90 15 19 11
90 17 7 43
90 21 15 36
90 25 55 67
90 26 1 6
90 29 25 44
90 31 49 47
91 34 5 18
91 36 19 139
91 37 7 98
91 7 39 27
91 12 34 21
91 15 31 98
91 17 49 46
91 19 29 144
91 25 9 29
91 26 25 99
91 30 22 81
91 31 1 135
92 32 22 87
92 34 15 30
92 37 40 149
92 5 19 94
92 7 13 71
92 11 31 79
92 14 3 89
92 15 27 1
92 26 10 121
92 28 55 52
92 29 37 44
92 30 7 81
93 32 25 47
93 33 13 10
93 2 19 49
93 39 55 128
93 40 39 35
93 16 21 13
93 19 15 40
93 21 43 36
93 24 4 33
93 25 31 130
93 30 1 69
94 33 55 61
94 34 19 97
94 7 1 129
94 13 43 23
94 15 22 11
94 16 11 141
94 17 3 88
94 20 49 3
94 21 13 129
94 22 31 119
94 26 40 146
94 31 7 118
95 2 7 42
95 35 25 12
95 37 49 9
95 38 13 135
95 8 17 55
95 9 31 108
95 11 3 79
95 12 1 20
95 21 39 134
95 24 52 33
95 25 43 57
95 27 37 146
96 37 13 2
96 38 19 135
96 6 49 14
96 10 55 4
96 12 44 115
96 13 37 77
96 14 4 90
96 16 23 95
96 26 1 146
96 28 9 52
96 30 34 18
96 31 15 35
97 2 25 49
97 4 7 70
97 7 19 27
97 39 55 75
97 9 49 39
97 14 34 89
97 16 13 141
97 17 1 131
97 22 21 37
97 26 40 6
97 27 16 109
97 31 43 38
98 34 7 9
98 35 37 54
98 5 22 94
98 6 13 5
98 40 1 35
98 14 19 2
98 16 3 95
98 17 43 137
98 20 55 78
98 21 31 6
98 24 49 37
98 25 25 112
99 38 3 84
99 8 31 134
99 40 23 35
99 11 49 79
99 14 43 2
99 15 10 16
99 17 13 62
99 21 25 66
99 23 33 51
99 24 40 33
99 28 17 123
99 30 7 69
100 33 37 10
100 34 23 30
100 35 15 95
100 5 1 32
100 6 33 14
100 13 40 124
100 15 19 81
100 16 55 5
100 22 49 53
100 25 25 97
100 28 29 107
100 29 13 132
Điểm tối ưu: 1188
Thời gian: 1000115.40 ms
Trạng thái: FEASIBLE
