1156
1 1 49 15
1 3 13 69
1 5 10 84
1 9 43 78
1 15 27 53
1 16 33 29
1 17 4 59
1 19 1 16
1 20 37 35
1 21 23 3
1 26 19 100
1 28 40 44
1 30 52 9
1 32 56 63
2 2 27 22
2 3 7 69
2 5 19 84
2 7 17 13
2 8 1 72
2 10 13 111
2 11 40 65
2 12 22 67
2 14 33 75
2 15 43 53
2 17 38 6
2 20 25 35
2 24 31 39
2 27 45 107
2 29 11 107
3 1 28 32
3 5 25 78
3 9 31 99
3 11 55 50
3 14 13 112
3 18 2 90
3 19 49 33
3 20 19 41
3 21 21 3
3 23 52 61
3 25 4 18
3 28 43 44
3 29 34 107
3 32 10 93
4 3 37 77
4 7 19 62
4 9 22 99
4 11 16 64
4 13 34 66
4 14 27 75
4 17 5 6
4 18 13 114
4 19 49 61
4 21 57 36
4 23 46 61
4 24 3 19
4 26 51 60
4 27 9 82
4 29 7 11
5 1 16 32
5 3 55 69
5 4 5 15
5 6 32 2
5 9 19 83
5 12 43 80
5 13 10 57
5 14 51 79
5 15 37 39
5 17 14 59
5 23 39 61
5 24 23 109
5 29 3 11
5 31 26 31
5 32 7 93
6 1 37 32
6 2 31 22
6 7 28 62
6 8 20 30
6 11 7 65
6 12 25 67
6 17 2 59
6 19 45 33
6 20 47 41
6 24 10 19
6 25 58 18
6 28 13 44
6 29 5 11
6 32 55 93
7 1 37 94
7 3 7 77
7 5 43 43
7 6 55 2
7 7 5 62
7 11 20 65
7 12 40 80
7 20 31 35
7 21 15 3
7 23 25 61
7 27 49 65
7 29 34 11
7 31 1 5
7 32 28 93
8 1 9 15
8 3 1 47
8 5 13 78
8 6 21 13
8 7 47 62
8 8 25 72
8 11 37 65
8 12 31 49
8 15 55 53
8 16 29 29
8 21 40 36
8 25 19 18
8 27 43 110
8 28 16 20
8 29 7 107
9 1 43 94
9 4 37 106
9 6 7 2
9 8 49 30
9 12 14 80
9 15 39 115
9 17 3 38
9 18 1 114
9 20 17 41
9 23 21 61
9 27 55 65
9 28 34 20
9 29 59 11
9 31 25 34
10 1 1 32
10 4 55 106
10 5 7 84
10 6 49 86
10 7 35 86
10 15 17 53
10 16 4 29
10 17 41 59
10 18 46 90
10 20 21 41
10 24 37 19
10 26 57 101
10 27 13 65
10 30 27 42
10 31 31 31
11 1 22 32
11 3 27 47
11 4 19 15
11 5 31 84
11 7 14 62
11 13 11 51
11 18 34 114
11 19 16 33
11 20 9 35
11 23 4 61
11 24 58 19
11 27 49 110
11 29 1 107
11 30 55 9
12 1 46 32
12 3 19 77
12 5 58 84
12 8 7 30
12 9 43 83
12 10 31 111
12 12 3 67
12 17 17 6
12 18 11 90
12 19 39 33
12 21 37 3
12 24 1 19
12 25 14 1
12 31 25 5
12 32 49 93
13 1 31 32
13 2 19 105
13 3 55 47
13 5 40 84
13 11 45 64
13 12 34 67
13 16 11 29
13 20 37 41
13 24 9 109
13 25 2 1
13 26 25 100
13 27 13 110
13 29 50 11
13 32 4 63
14 3 37 69
14 4 21 106
14 5 1 43
14 11 58 64
14 15 51 53
14 20 7 41
14 22 13 76
14 23 28 103
14 25 23 18
14 26 9 101
14 28 16 44
14 29 47 11
14 30 33 9
14 32 43 93
15 2 51 105
15 5 43 84
15 6 3 2
15 7 1 13
15 9 13 99
15 11 10 64
15 14 57 75
15 16 16 29
15 19 55 33
15 20 25 41
15 21 8 3
15 23 34 103
15 24 27 19
15 31 19 5
15 32 37 63
16 1 1 94
16 2 13 22
16 7 43 13
16 8 19 72
16 9 46 83
16 11 4 50
16 13 9 66
16 18 26 74
16 20 23 35
16 21 50 3
16 22 52 76
16 25 11 18
16 26 37 100
16 30 34 42
17 2 31 89
17 5 46 43
17 7 3 13
17 9 9 99
17 14 13 118
17 15 39 53
17 17 49 59
17 18 29 114
17 20 21 35
17 21 7 36
17 24 19 19
17 28 43 63
17 30 55 20
17 32 52 63
18 2 43 22
18 4 17 106
18 5 25 84
18 6 31 13
18 8 19 117
18 11 13 64
18 12 10 67
18 14 49 25
18 16 7 29
18 18 28 90
18 20 39 35
18 23 1 103
18 29 53 77
18 31 55 34
19 4 33 106
19 5 13 43
19 8 56 30
19 9 22 83
19 11 25 65
19 12 28 67
19 14 43 112
19 17 9 59
19 18 7 90
19 20 50 35
19 23 19 103
19 25 1 18
19 28 52 44
19 29 47 77
19 30 3 23
20 3 43 69
20 6 19 86
20 8 32 72
20 9 37 83
20 12 16 4
20 14 49 118
20 18 7 74
20 19 59 61
20 20 28 41
20 22 13 56
20 25 9 1
20 27 2 110
20 29 57 11
20 32 40 93
21 1 10 32
21 2 43 89
21 5 16 84
21 8 1 30
21 12 39 67
21 13 5 51
21 14 25 112
21 18 13 74
21 19 37 33
21 23 56 61
21 24 49 19
21 27 19 110
21 28 7 79
21 30 51 20
21 32 31 17
22 4 19 106
22 5 1 84
22 8 55 117
22 11 40 64
22 13 29 66
22 15 31 53
22 16 27 29
22 17 7 6
22 18 25 90
22 19 43 33
22 20 23 41
22 21 35 3
22 25 21 1
22 27 14 82
22 31 9 5
23 4 25 106
23 7 13 86
23 8 7 72
23 11 19 50
23 18 15 90
23 19 11 33
23 20 43 41
23 21 55 3
23 23 27 109
23 24 51 19
23 26 32 101
23 27 57 107
23 29 1 11
23 30 3 42
23 31 37 34
24 1 28 94
24 2 7 22
24 3 49 77
24 5 37 78
24 7 3 62
24 9 19 99
24 11 31 64
24 13 17 66
24 18 22 114
24 21 11 36
24 22 25 96
24 24 47 19
24 25 41 1
24 29 45 11
24 30 14 9
25 1 1 15
25 3 31 69
25 4 59 106
25 5 8 43
25 7 35 13
25 13 40 66
25 19 37 16
25 20 11 41
25 21 27 3
25 22 16 56
25 23 4 109
25 24 25 19
25 25 29 1
25 27 19 82
25 32 13 93
26 1 7 94
26 2 49 89
26 5 19 43
26 6 55 97
26 9 40 83
26 10 1 111
26 11 22 50
26 12 46 67
26 17 11 59
26 19 17 61
26 20 15 41
26 21 13 36
26 27 27 110
26 30 37 9
26 31 32 34
27 3 49 47
27 5 4 43
27 7 10 62
27 11 38 50
27 12 55 80
27 15 1 53
27 17 23 6
27 19 47 33
27 20 58 41
27 22 7 56
27 23 43 103
27 24 16 19
27 29 21 11
27 32 13 4
28 2 1 105
28 4 23 15
28 5 34 78
28 6 37 13
28 12 31 67
28 13 49 57
28 16 9 29
28 18 15 114
28 19 7 33
28 20 5 35
28 21 21 36
28 23 55 103
28 27 26 82
28 29 11 77
28 30 58 20
29 1 25 32
29 2 37 105
29 5 31 43
29 6 3 102
29 7 34 62
29 10 7 111
29 14 14 75
29 19 11 16
29 21 1 3
29 22 28 96
29 23 43 109
29 27 50 107
29 29 19 11
29 31 21 34
29 32 46 63
30 1 4 94
30 2 13 105
30 4 17 15
30 8 37 72
30 11 28 65
30 12 46 80
30 15 8 53
30 16 52 29
30 17 10 6
30 20 34 41
30 21 1 36
30 27 57 110
30 28 25 44
30 30 22 9
31 1 58 94
31 6 7 13
31 7 53 86
31 9 49 83
31 11 26 64
31 14 31 112
31 18 3 114
31 19 19 33
31 26 13 100
31 27 45 65
31 28 22 20
31 29 43 11
31 31 38 31
32 2 1 22
32 4 7 106
32 6 25 102
32 7 58 44
32 14 51 112
32 15 15 53
32 16 49 29
32 18 17 74
32 19 13 33
32 25 56 18
32 26 31 100
32 28 37 44
32 29 41 77
32 31 44 5
33 1 55 94
33 6 7 102
33 7 26 62
33 8 37 73
33 9 28 78
33 10 49 111
33 11 14 50
33 15 53 53
33 17 23 59
33 19 3 33
33 20 34 35
33 21 17 36
33 24 41 19
33 30 43 20
33 32 19 93
34 4 3 106
34 5 22 43
34 6 49 102
34 9 45 99
34 13 1 51
34 15 57 53
34 16 31 29
34 17 13 6
34 20 55 41
34 22 19 56
34 25 33 1
34 28 8 44
34 29 25 11
34 30 27 9
34 31 15 34
35 1 49 32
35 4 57 106
35 5 28 84
35 6 14 102
35 7 43 62
35 9 37 99
35 13 1 66
35 17 40 6
35 18 9 90
35 19 31 16
35 22 52 96
35 24 45 19
35 25 47 1
35 26 19 101
35 32 34 93
36 2 37 109
36 3 1 77
36 4 27 106
36 5 52 43
36 6 55 102
36 7 7 86
36 8 9 73
36 13 21 66
36 15 5 115
36 17 35 59
36 20 19 35
36 21 33 3
36 29 31 11
36 32 16 63
37 5 16 43
37 10 55 111
37 11 7 64
37 16 34 84
37 17 19 6
37 18 10 74
37 19 13 16
37 24 43 19
37 25 21 18
37 26 49 100
37 27 25 4
37 28 1 20
37 29 29 77
37 31 45 34
37 32 31 93
38 1 25 94
38 2 50 22
38 5 55 78
38 6 32 119
38 9 58 99
38 13 7 51
38 15 10 53
38 17 2 6
38 19 29 33
38 21 4 3
38 22 38 96
38 24 23 19
38 28 19 44
38 29 16 11
38 31 43 31
39 3 31 77
39 4 5 106
39 6 13 13
39 10 37 111
39 12 1 17
39 15 35 53
39 16 41 29
39 17 56 6
39 18 17 90
39 21 43 3
39 23 50 103
39 25 53 1
39 26 45 100
39 28 10 20
39 30 58 42
40 2 19 22
40 4 1 106
40 6 55 86
40 7 11 44
40 8 25 30
40 9 3 83
40 14 37 112
40 16 43 29
40 18 17 114
40 19 32 33
40 20 45 35
40 21 51 36
40 22 34 56
40 26 7 60
40 29 14 11
41 1 31 94
41 4 50 106
41 8 26 117
41 13 17 51
41 15 5 53
41 16 56 29
41 18 43 90
41 22 14 96
41 23 52 109
41 24 34 19
41 26 37 60
41 27 1 82
41 28 10 63
41 30 7 23
42 2 20 89
42 5 37 84
42 11 4 65
42 12 56 67
42 13 15 51
42 16 35 29
42 18 7 114
42 20 13 41
42 22 10 56
42 23 49 109
42 26 45 50
42 28 25 20
42 30 40 42
42 31 31 5
43 3 43 77
43 4 7 15
43 5 28 43
43 6 9 97
43 7 19 13
43 8 14 72
43 9 22 78
43 19 35 16
43 20 39 41
43 21 25 36
43 23 58 103
43 27 31 82
43 29 55 11
43 31 1 31
44 3 14 77
44 4 39 106
44 5 1 78
44 6 31 86
44 7 41 62
44 12 58 80
44 14 19 118
44 15 37 53
44 18 35 74
44 20 4 41
44 21 28 36
44 25 8 18
44 26 50 80
44 27 43 82
45 6 37 102
45 8 49 72
45 9 31 78
45 15 7 115
45 16 23 29
45 19 35 61
45 20 1 35
45 23 16 103
45 24 21 19
45 25 14 18
45 28 4 44
45 29 53 32
45 30 55 42
45 32 28 63
46 2 7 105
46 3 25 69
46 6 13 2
46 7 1 86
46 9 3 99
46 11 19 39
46 12 34 80
46 16 46 29
46 20 41 35
46 22 22 56
46 23 43 61
46 24 53 19
46 25 11 1
46 26 55 100
47 5 58 78
47 8 37 117
47 9 25 83
47 12 8 17
47 13 17 57
47 15 33 53
47 17 21 59
47 18 5 114
47 19 19 61
47 20 43 35
47 21 31 36
47 25 35 1
47 26 1 101
47 30 13 42
47 32 46 93
48 2 25 105
48 3 51 69
48 7 56 13
48 8 20 73
48 12 43 49
48 14 1 112
48 15 41 53
48 17 31 59
48 21 15 36
48 23 46 103
48 24 11 39
48 25 5 1
48 27 7 110
48 28 37 20
48 31 33 63
49 2 1 89
49 3 55 77
49 4 35 106
49 6 39 86
49 7 17 86
49 9 26 99
49 14 49 75
49 15 19 53
49 19 21 16
49 21 29 3
49 23 13 103
49 24 23 39
49 25 31 1
49 28 7 20
49 29 37 11
50 4 55 15
50 5 46 84
50 8 32 117
50 9 16 99
50 11 20 64
50 13 3 51
50 16 29 5
50 17 25 6
50 19 1 33
50 21 40 3
50 22 37 56
50 23 7 103
50 24 5 19
50 30 49 9
51 1 20 94
51 2 25 89
51 5 55 84
51 11 1 64
51 12 49 67
51 13 4 66
51 16 13 29
51 18 11 114
51 24 39 19
51 25 23 1
51 26 31 60
51 28 46 44
51 29 41 11
51 30 7 9
51 32 58 93
52 3 37 47
52 5 13 84
52 6 43 102
52 7 41 13
52 8 56 73
52 9 28 83
52 12 34 4
52 14 20 75
52 17 1 38
52 18 3 74
52 21 25 3
52 27 7 31
52 28 31 44
52 29 52 11
53 1 13 94
53 4 9 106
53 9 16 83
53 11 55 64
53 13 7 66
53 14 33 25
53 17 21 6
53 18 4 90
53 19 26 33
53 24 31 19
53 25 19 1
53 27 37 107
53 32 52 93
54 1 46 94
54 2 37 89
54 3 1 69
54 5 56 43
54 6 51 13
54 8 9 117
54 14 32 23
54 15 49 53
54 19 41 33
54 23 13 61
54 24 7 19
54 28 28 79
54 31 20 63
54 32 25 93
55 3 31 47
55 4 43 106
55 6 51 2
55 7 11 13
55 9 55 99
55 10 19 111
55 12 7 67
55 15 59 53
55 18 27 114
55 20 13 35
55 22 2 76
55 26 45 101
55 27 15 107
55 30 37 42
55 32 40 63
56 2 43 105
56 5 34 43
56 7 11 86
56 9 7 83
56 12 1 80
56 15 21 53
56 18 29 74
56 19 52 33
56 21 13 3
56 22 55 96
56 23 31 109
56 26 15 60
56 27 25 107
56 29 4 107
56 32 37 93
57 2 55 105
57 11 52 64
57 12 19 67
57 14 1 118
57 16 5 5
57 20 15 35
57 21 17 3
57 23 10 103
57 25 28 18
57 27 31 110
57 28 22 44
57 30 46 20
57 31 37 5
57 32 7 4
58 1 34 94
58 2 8 89
58 6 44 2
58 7 21 62
58 11 52 50
58 13 13 66
58 14 39 75
58 20 32 41
58 23 1 61
58 25 37 1
58 26 25 50
58 29 5 77
58 31 15 25
58 32 49 63
59 2 13 89
59 3 19 47
59 6 25 2
59 7 37 86
59 11 1 65
59 12 7 80
59 14 43 75
59 15 29 53
59 18 23 74
59 19 34 33
59 23 39 103
59 25 17 1
59 28 4 20
59 30 31 42
59 31 55 5
60 2 55 89
60 3 7 47
60 4 14 106
60 7 1 62
60 8 49 117
60 9 34 83
60 12 43 67
60 15 23 53
60 17 16 59
60 18 53 74
60 19 5 33
60 20 3 35
60 22 20 76
60 25 31 18
60 28 28 44
61 4 23 106
61 7 56 44
61 8 37 30
61 9 52 83
61 12 4 80
61 14 43 118
61 17 7 59
61 18 1 74
61 19 59 33
61 20 29 35
61 21 19 3
61 25 25 1
61 29 10 11
61 30 13 23
62 2 37 22
62 3 43 47
62 4 41 106
62 5 51 78
62 7 49 44
62 11 32 65
62 14 57 118
62 16 2 29
62 17 15 6
62 21 11 3
62 23 4 103
62 24 13 19
62 25 26 18
62 29 8 32
62 31 19 25
63 4 29 106
63 6 1 119
63 8 43 72
63 9 31 83
63 11 15 39
63 15 47 53
63 17 19 59
63 20 56 35
63 22 10 96
63 23 25 103
63 27 50 31
63 29 23 11
63 30 40 20
63 32 7 63
64 7 25 86
64 8 27 97
64 11 58 50
64 12 13 67
64 13 1 57
64 16 38 29
64 18 19 74
64 19 11 61
64 20 45 41
64 22 4 56
64 23 32 61
64 26 21 60
64 27 50 82
64 30 16 42
65 1 52 94
65 7 23 62
65 8 33 30
65 9 10 83
65 11 4 64
65 16 21 29
65 17 8 38
65 18 19 114
65 19 57 33
65 21 31 3
65 27 15 31
65 28 28 20
65 29 13 107
65 30 1 9
66 1 34 32
66 2 27 15
66 4 11 106
66 5 4 78
66 6 19 2
66 14 37 118
66 17 25 59
66 18 13 90
66 19 9 33
66 20 7 35
66 23 31 103
66 24 56 19
66 28 1 44
66 30 45 9
67 1 49 94
67 3 25 77
67 5 8 78
67 8 1 73
67 15 45 53
67 18 37 74
67 21 5 36
67 24 29 19
67 26 32 105
67 27 19 107
67 28 13 79
67 29 23 77
67 30 40 9
67 31 56 31
67 32 16 93
68 2 55 22
68 5 25 43
68 8 3 117
68 9 13 83
68 12 19 80
68 13 47 66
68 14 31 118
68 18 35 90
68 19 23 16
68 21 45 3
68 22 16 76
68 24 1 109
68 26 7 100
68 29 39 11
68 31 49 5
69 4 35 15
69 7 5 13
69 11 7 50
69 16 25 29
69 21 47 3
69 22 28 56
69 23 55 109
69 24 11 109
69 26 1 100
69 27 19 31
69 29 23 107
69 30 58 9
69 31 13 5
70 1 13 15
70 5 16 78
70 6 19 102
70 7 59 86
70 8 55 72
70 10 44 111
70 12 52 67
70 15 25 53
70 17 27 6
70 21 23 36
70 24 29 39
70 25 7 1
70 26 31 50
70 27 37 110
70 32 2 93
71 4 52 106
71 5 4 84
71 7 16 62
71 8 25 73
71 11 34 64
71 12 10 80
71 13 31 57
71 14 55 112
71 17 37 59
71 20 41 41
71 22 7 96
71 24 1 39
71 28 13 20
71 29 19 32
71 30 21 42
72 3 13 47
72 5 40 78
72 6 31 102
72 7 7 62
72 8 43 30
72 9 19 78
72 11 49 50
72 12 37 80
72 13 26 66
72 17 10 38
72 18 22 90
72 23 28 61
72 27 55 82
72 30 4 9
73 1 10 94
73 2 31 15
73 6 37 97
73 8 13 117
73 11 1 50
73 16 19 29
73 18 25 114
73 19 17 16
73 21 52 3
73 24 4 39
73 25 27 1
73 29 29 107
73 30 44 42
73 32 22 93
74 1 16 94
74 5 39 43
74 9 34 99
74 13 20 51
74 15 13 53
74 18 46 74
74 19 22 33
74 20 1 41
74 21 3 36
74 22 43 76
74 24 59 109
74 29 5 32
74 30 51 42
74 31 7 34
75 1 40 94
75 4 31 106
75 7 25 13
75 9 49 99
75 12 28 80
75 14 19 112
75 16 53 84
75 17 33 6
75 19 5 16
75 20 11 35
75 21 59 3
75 22 55 76
75 23 7 61
75 31 1 34
75 32 13 63
76 3 19 69
76 6 39 2
76 7 15 86
76 8 44 117
76 10 25 111
76 12 31 80
76 14 7 112
76 15 3 53
76 16 58 29
76 17 29 59
76 18 53 90
76 19 37 61
76 24 13 39
76 28 34 44
76 30 49 23
77 2 37 15
77 7 9 86
77 8 31 73
77 9 56 83
77 12 22 80
77 18 5 74
77 19 7 16
77 20 27 35
77 22 1 56
77 26 44 60
77 28 16 79
77 29 59 77
77 30 19 9
77 31 49 34
78 2 15 109
78 4 45 106
78 7 47 86
78 9 40 99
78 12 25 80
78 16 49 84
78 17 5 38
78 20 9 41
78 22 34 76
78 23 22 103
78 25 43 1
78 26 55 60
78 28 31 20
78 29 28 11
78 31 1 25
79 1 52 15
79 2 43 15
79 5 22 84
79 7 4 86
79 8 13 30
79 11 49 64
79 17 29 6
79 20 17 35
79 22 25 56
79 24 7 109
79 27 38 82
79 28 19 20
79 30 9 42
79 32 1 63
80 2 19 109
80 4 47 106
80 5 49 43
80 7 28 13
80 9 52 99
80 11 37 64
80 12 16 67
80 13 23 66
80 14 2 75
80 15 7 39
80 24 13 109
80 29 35 77
80 30 10 9
80 32 25 63
Điểm tối ưu/tốt nhất tìm được: 1156
Thời gian: 180.030143 giây
Trạng thái: VALID
