2192
1 1 45 26
1 13 31 39
1 15 7 182
1 17 43 217
1 18 19 164
1 25 37 14
1 28 22 143
1 29 3 128
1 42 11 175
1 44 55 153
1 47 27 75
1 51 17 159
1 52 14 174
1 55 25 128
2 1 27 148
2 3 32 115
2 5 7 206
2 8 19 2
2 14 57 197
2 17 5 13
2 20 39 191
2 27 25 119
2 36 34 21
2 40 43 140
2 42 50 178
2 48 1 3
2 55 23 128
2 56 17 224
2 57 13 198
3 1 1 208
3 4 58 158
3 13 13 145
3 22 39 97
3 24 29 173
3 25 31 14
3 29 37 78
3 33 25 146
3 34 43 15
3 37 22 210
3 39 11 142
3 41 49 6
3 42 55 175
3 44 7 153
3 60 53 195
4 1 2 148
4 3 33 217
4 9 57 30
4 12 43 172
4 16 17 182
4 17 46 217
4 24 55 126
4 26 7 20
4 27 29 120
4 29 11 64
4 37 22 136
4 40 37 31
4 41 25 6
4 52 52 174
4 54 49 11
5 5 49 23
5 6 11 138
5 10 7 29
5 12 1 172
5 14 15 197
5 15 20 17
5 18 37 223
5 24 59 126
5 38 17 104
5 40 55 220
5 47 43 49
5 48 25 3
5 51 47 138
5 58 13 8
5 59 31 177
6 2 49 142
6 6 7 156
6 13 43 137
6 22 3 163
6 27 11 119
6 35 25 33
6 38 21 179
6 42 15 175
6 43 34 22
6 44 37 100
6 46 31 203
6 50 19 143
6 55 47 128
6 57 56 34
6 60 13 42
7 2 19 142
7 11 17 5
7 14 15 132
7 15 39 17
7 17 37 146
7 25 55 127
7 40 32 86
7 43 1 78
7 44 49 190
7 48 8 88
7 50 47 143
7 51 13 138
7 55 59 128
7 57 25 34
7 59 43 177
8 12 4 27
8 18 58 223
8 20 19 191
8 21 26 46
8 23 39 215
8 24 41 16
8 26 49 114
8 31 55 169
8 34 15 42
8 35 43 33
8 49 31 59
8 50 9 58
8 52 1 99
8 56 23 57
9 1 51 208
9 9 21 30
9 12 4 124
9 22 55 27
9 23 17 6
9 25 31 156
9 27 1 110
9 33 38 200
9 35 43 28
9 37 27 152
9 40 7 31
9 44 13 25
9 51 25 159
9 58 49 8
10 6 19 138
10 7 47 48
10 8 27 111
10 16 17 205
10 22 13 183
10 27 25 120
10 28 7 143
10 29 55 78
10 30 31 167
10 33 49 146
10 36 4 21
10 45 21 56
10 47 43 75
10 48 57 3
10 50 11 81
11 4 49 158
11 12 34 27
11 17 7 217
11 18 1 164
11 28 51 170
11 29 10 135
11 32 43 37
11 33 56 202
11 34 37 98
11 35 15 33
11 37 26 136
11 46 22 5
11 50 19 81
11 54 13 11
12 5 37 4
12 8 49 135
12 13 25 187
12 14 41 197
12 16 5 205
12 32 13 37
12 33 7 202
12 35 31 51
12 36 46 21
12 38 55 104
12 39 10 207
12 44 57 24
12 47 19 49
12 59 1 12
12 60 23 195
13 1 7 51
13 5 43 4
13 9 34 150
13 15 55 216
13 19 31 67
13 24 13 126
13 29 17 135
13 32 19 45
13 35 49 33
13 36 3 1
13 37 37 116
13 38 23 179
13 39 27 132
13 50 1 81
14 2 3 16
14 7 9 48
14 8 38 2
14 10 45 124
14 14 32 197
14 19 14 67
14 20 57 191
14 21 7 46
14 24 27 126
14 37 34 209
14 39 59 207
14 40 49 31
14 50 1 120
14 51 53 138
14 54 43 11
15 3 29 126
15 4 17 163
15 6 35 129
15 10 3 162
15 11 19 176
15 12 14 172
15 18 55 223
15 19 31 96
15 27 41 119
15 29 43 78
15 31 37 186
15 34 25 98
15 46 58 5
15 47 7 87
15 57 49 19
16 1 45 208
16 5 39 186
16 9 19 41
16 10 52 124
16 11 7 176
16 15 25 182
16 16 57 179
16 25 9 24
16 26 31 114
16 27 13 110
16 29 43 128
16 31 49 169
16 43 1 130
16 50 37 143
16 56 55 224
17 7 13 48
17 8 55 96
17 21 1 225
17 23 3 115
17 29 7 78
17 38 39 104
17 39 41 142
17 42 27 224
17 43 52 78
17 45 15 111
17 49 9 219
17 50 59 81
17 51 31 138
17 52 46 172
18 1 38 122
18 4 23 148
18 5 25 186
18 10 58 124
18 13 13 39
18 15 43 57
18 20 55 191
18 21 5 225
18 24 20 173
18 37 2 136
18 44 31 100
18 47 8 178
18 56 17 144
18 57 49 34
19 5 56 23
19 6 1 156
19 7 43 48
19 13 25 145
19 16 35 182
19 21 5 46
19 23 21 215
19 29 3 64
19 30 31 91
19 33 10 193
19 44 45 24
19 47 13 178
19 52 50 99
19 55 19 128
19 56 39 224
20 2 56 69
20 3 25 217
20 6 4 156
20 16 7 179
20 20 17 174
20 21 53 46
20 24 32 126
20 28 40 140
20 32 13 84
20 33 37 65
20 41 9 6
20 43 34 130
20 48 49 207
20 52 28 174
20 53 19 85
21 3 41 126
21 10 46 29
21 14 21 197
21 17 17 13
21 19 10 67
21 21 7 225
21 23 53 215
21 26 13 13
21 32 27 37
21 35 49 92
21 36 37 1
21 40 1 79
21 48 31 110
21 54 25 11
21 56 43 224
22 4 35 148
22 14 19 197
22 17 17 141
22 19 37 67
22 26 43 80
22 31 22 169
22 33 40 65
22 36 55 21
22 37 14 136
22 40 25 86
22 42 29 175
22 45 7 72
22 48 49 3
22 52 4 174
22 58 33 8
23 4 17 158
23 10 34 29
23 22 49 97
23 31 29 169
23 32 19 84
23 39 23 132
23 41 55 44
23 42 25 178
23 43 4 130
23 44 37 24
23 46 43 203
23 50 32 58
23 51 1 171
23 54 15 11
23 56 10 224
24 1 3 56
24 2 13 69
24 8 55 111
24 14 25 197
24 17 19 217
24 27 1 119
24 29 23 135
24 31 43 169
24 33 28 146
24 40 31 31
24 44 39 153
24 46 46 203
24 47 7 75
24 52 49 172
24 54 17 11
25 5 43 186
25 9 13 30
25 13 31 145
25 21 1 46
25 23 26 215
25 26 55 13
25 27 17 119
25 29 9 78
25 30 37 167
25 33 49 200
25 34 20 15
25 39 29 142
25 43 52 130
25 47 3 75
26 4 46 158
26 9 22 150
26 13 1 137
26 17 9 146
26 18 16 55
26 21 13 46
26 27 28 119
26 28 25 170
26 32 31 213
26 40 49 84
26 41 37 69
26 42 35 175
26 47 56 87
26 50 41 81
26 60 5 195
27 2 21 16
27 4 55 158
27 8 3 158
27 12 28 124
27 19 25 67
27 23 35 6
27 25 15 156
27 28 49 140
27 31 41 169
27 34 31 15
27 41 43 206
27 43 37 130
27 50 11 120
27 53 7 85
27 60 1 195
28 1 43 56
28 4 1 218
28 19 34 96
28 24 59 16
28 26 55 114
28 30 49 32
28 34 13 98
28 36 31 1
28 40 37 160
28 42 3 178
28 45 19 72
28 47 7 49
28 57 25 198
28 58 11 8
28 60 29 42
29 4 31 158
29 10 22 29
29 14 51 197
29 22 25 121
29 26 45 114
29 29 9 25
29 33 39 193
29 36 15 140
29 37 19 152
29 38 37 104
29 43 34 78
29 51 13 159
29 59 55 15
29 60 3 195
30 9 37 30
30 16 14 205
30 21 29 46
30 29 47 135
30 30 43 83
30 32 7 37
30 35 20 219
30 37 40 136
30 39 11 132
30 41 1 6
30 42 57 224
30 43 16 130
30 44 25 100
30 54 55 170
30 55 33 128
31 4 55 148
31 8 50 111
31 16 43 179
31 18 10 164
31 23 3 215
31 28 15 106
31 33 31 200
31 36 28 1
31 38 47 104
31 40 38 79
31 42 13 175
31 50 45 58
31 54 8 11
31 59 19 155
31 60 35 42
32 5 49 4
32 6 35 138
32 10 40 124
32 11 13 112
32 19 19 67
32 20 37 191
32 21 15 46
32 26 25 171
32 27 47 119
32 36 56 1
32 39 8 207
32 40 43 31
32 43 22 37
32 56 3 224
32 58 53 8
33 1 13 51
33 9 7 30
33 14 53 99
33 17 1 217
33 18 10 55
33 22 49 163
33 27 59 119
33 31 33 169
33 32 37 37
33 33 3 65
33 40 20 220
33 41 44 44
33 46 55 5
33 54 27 11
34 12 19 88
34 13 1 145
34 19 55 67
34 20 33 191
34 22 49 183
34 27 35 120
34 29 17 25
34 30 37 32
34 31 15 173
34 39 9 142
34 42 53 175
34 44 43 159
34 51 26 138
34 54 11 170
34 58 31 8
35 5 55 186
35 7 52 48
35 11 5 176
35 16 19 37
35 19 7 96
35 20 21 191
35 25 25 24
35 28 49 9
35 31 10 169
35 32 1 84
35 33 16 200
35 38 37 179
35 42 45 224
35 44 31 153
35 47 39 87
36 3 41 217
36 11 15 5
36 15 45 82
36 22 37 121
36 27 9 119
36 32 19 213
36 44 31 24
36 46 49 161
36 48 55 110
36 50 23 120
36 51 4 138
36 54 29 11
36 58 17 8
36 59 25 177
37 3 9 115
37 9 34 41
37 10 52 29
37 13 1 187
37 15 56 182
37 16 13 179
37 23 16 215
37 40 20 31
37 45 45 72
37 46 25 203
37 49 38 59
37 50 7 58
37 52 28 99
38 3 37 217
38 5 13 23
38 12 22 124
38 22 43 139
38 29 50 25
38 37 52 210
38 39 25 166
38 42 27 178
38 45 1 72
38 46 10 5
38 47 31 75
38 54 20 11
38 55 29 141
38 56 17 57
38 59 39 12
39 5 9 4
39 12 19 124
39 14 29 197
39 15 37 182
39 17 53 217
39 18 46 55
39 19 4 96
39 25 13 14
39 28 1 170
39 31 35 173
39 45 31 56
39 47 25 49
39 54 22 11
39 59 49 155
39 60 7 42
40 3 23 126
40 6 47 156
40 9 16 41
40 18 3 55
40 23 29 6
40 26 25 13
40 33 52 200
40 34 7 98
40 37 49 136
40 48 32 3
40 50 14 120
40 53 43 112
40 54 55 11
40 55 1 128
40 57 19 198
41 1 55 56
41 2 7 16
41 4 53 148
41 13 37 145
41 19 46 67
41 21 35 46
41 23 59 215
41 25 19 14
41 29 3 135
41 43 31 78
41 44 13 190
41 46 25 5
41 52 28 172
41 55 1 40
42 1 51 26
42 6 47 129
42 16 29 205
42 17 7 146
42 22 31 163
42 23 49 215
42 24 5 126
42 28 56 143
42 33 13 200
42 35 9 33
42 40 1 31
42 41 43 6
42 42 20 224
42 47 25 87
42 54 16 218
43 6 17 138
43 9 1 30
43 17 11 217
43 18 14 223
43 21 40 225
43 24 57 126
43 29 7 64
43 37 46 136
43 39 4 132
43 42 29 178
43 44 25 25
43 48 19 207
43 50 9 120
43 52 37 174
43 57 32 34
44 6 9 138
44 9 33 30
44 11 3 112
44 16 51 179
44 20 31 191
44 27 21 119
44 29 7 135
44 31 13 169
44 35 55 28
44 36 26 21
44 43 43 97
44 45 15 152
44 48 39 110
44 50 11 58
44 58 19 8
45 3 15 126
45 4 37 148
45 5 25 23
45 11 23 112
45 14 39 197
45 20 41 191
45 22 43 121
45 30 1 32
45 33 8 65
45 36 31 225
45 46 34 203
45 54 53 11
45 55 5 40
45 60 21 42
46 3 1 126
46 4 57 148
46 8 13 70
46 10 3 29
46 27 37 119
46 29 9 64
46 30 25 167
46 34 49 98
46 35 39 219
46 39 17 207
46 49 44 200
46 51 55 138
46 52 22 172
46 55 31 128
46 60 53 42
47 2 55 16
47 4 5 218
47 5 13 186
47 8 32 2
47 11 59 112
47 13 19 76
47 15 43 182
47 26 25 20
47 30 49 83
47 42 23 175
47 46 37 5
47 53 1 85
47 54 10 11
47 56 53 224
48 2 31 116
48 3 35 115
48 6 21 138
48 8 1 2
48 14 27 197
48 19 16 96
48 23 56 215
48 28 43 170
48 29 14 64
48 39 23 166
48 43 58 130
48 45 37 72
48 51 19 159
48 59 8 155
48 60 5 42
49 8 25 2
49 19 10 96
49 20 15 191
49 22 31 183
49 27 5 119
49 31 13 173
49 35 1 28
49 37 7 152
49 41 19 6
49 44 43 153
49 47 37 49
49 51 23 159
49 57 55 198
49 58 51 8
49 60 35 195
50 6 1 129
50 9 22 41
50 23 19 115
50 25 32 157
50 28 13 143
50 35 25 28
50 37 7 210
50 39 37 166
50 40 57 86
50 42 17 178
50 45 39 111
50 50 3 81
50 51 49 138
50 53 51 112
50 58 46 8
51 2 8 69
51 5 25 206
51 7 29 79
51 10 43 29
51 11 47 112
51 13 13 121
51 19 22 67
51 23 19 215
51 25 49 156
51 32 1 37
51 33 34 146
51 40 37 86
51 42 41 224
51 46 56 203
52 4 43 158
52 9 55 41
52 13 50 145
52 18 25 223
52 26 45 13
52 31 7 169
52 33 28 200
52 42 35 178
52 45 31 72
52 46 9 203
52 48 13 88
52 49 1 59
52 58 21 8
52 59 37 155
53 1 27 216
53 9 31 41
53 12 37 124
53 17 1 146
53 19 22 96
53 29 17 128
53 32 8 213
53 33 19 193
53 45 55 72
53 47 3 127
53 48 45 88
53 50 25 58
53 51 43 138
53 54 35 91
53 57 13 19
54 1 38 216
54 2 55 142
54 6 11 156
54 10 31 124
54 16 23 182
54 22 19 27
54 24 7 126
54 28 13 9
54 32 26 213
54 36 34 1
54 37 2 210
54 38 9 179
54 42 5 178
54 44 43 100
54 46 16 203
55 4 23 158
55 5 43 23
55 7 55 48
55 8 7 2
55 10 40 29
55 11 11 176
55 13 32 187
55 17 17 217
55 36 1 21
55 44 25 153
55 47 13 75
55 51 4 181
55 53 57 70
55 57 19 19
55 59 50 177
56 7 49 48
56 15 13 216
56 20 5 191
56 22 8 163
56 27 43 119
56 31 1 169
56 32 55 113
56 34 38 42
56 39 31 166
56 43 45 78
56 48 25 207
56 51 33 138
56 54 3 218
56 56 53 57
56 60 20 195
57 1 49 56
57 6 23 138
57 12 34 172
57 17 59 170
57 25 43 190
57 31 47 173
57 37 10 136
57 41 55 206
57 46 28 5
57 47 14 127
57 55 37 128
57 56 21 57
57 57 1 34
57 58 39 8
58 2 27 69
58 4 25 148
58 5 37 23
58 10 55 130
58 17 31 141
58 18 19 55
58 28 8 170
58 31 47 169
58 32 14 79
58 33 22 200
58 38 5 179
58 40 43 79
58 55 41 128
58 59 1 155
59 5 56 4
59 8 31 111
59 10 49 130
59 11 9 176
59 14 45 197
59 16 1 205
59 22 3 139
59 24 35 16
59 37 38 210
59 45 19 209
59 50 17 120
59 54 47 11
59 56 15 224
59 58 41 8
59 60 25 195
60 6 53 156
60 17 17 146
60 18 22 164
60 30 27 58
60 37 49 210
60 38 43 104
60 39 11 166
60 41 31 95
60 43 19 130
60 44 1 100
60 45 37 209
60 48 7 3
60 49 13 153
60 60 41 195
61 2 31 16
61 4 51 158
61 11 4 5
61 16 35 37
61 19 58 67
61 28 1 140
61 29 45 128
61 33 25 200
61 38 11 202
61 41 37 6
61 44 19 190
61 53 13 85
61 55 55 128
61 58 23 8
61 60 28 195
62 1 7 26
62 2 13 142
62 3 29 217
62 5 31 186
62 16 27 179
62 18 22 223
62 24 11 16
62 26 43 171
62 37 19 136
62 42 47 175
62 44 49 159
62 51 2 138
62 57 37 34
62 58 57 8
62 60 25 42
63 6 59 156
63 8 55 2
63 10 10 29
63 13 19 187
63 16 29 182
63 18 7 164
63 20 25 191
63 29 5 78
63 38 41 104
63 40 1 86
63 45 50 209
63 47 43 87
63 55 39 128
63 59 31 155
64 2 3 116
64 6 11 129
64 7 16 48
64 8 43 2
64 22 49 121
64 25 19 24
64 28 31 170
64 29 47 25
64 30 7 28
64 32 25 84
64 34 38 15
64 39 53 132
64 42 1 178
64 44 55 25
65 3 35 126
65 13 25 76
65 18 1 223
65 24 9 173
65 28 4 143
65 34 13 15
65 47 19 75
65 49 43 59
65 50 52 143
65 51 47 159
65 52 40 174
65 54 7 91
65 57 55 19
65 59 31 20
66 1 25 56
66 3 59 115
66 7 40 48
66 9 37 150
66 13 55 39
66 16 5 37
66 18 49 164
66 20 11 3
66 24 43 126
66 39 17 166
66 40 31 160
66 49 7 59
66 50 3 58
66 56 29 57
66 59 13 36
67 2 49 16
67 3 29 115
67 11 41 112
67 14 3 197
67 17 1 141
67 27 39 119
67 33 19 200
67 37 32 210
67 38 11 104
67 39 23 207
67 45 14 209
67 48 25 88
67 52 46 99
67 54 37 11
67 57 7 198
68 3 21 217
68 4 33 158
68 11 47 5
68 14 37 197
68 21 55 46
68 24 49 173
68 29 1 135
68 31 31 173
68 33 43 65
68 37 25 210
68 41 13 95
68 43 28 78
68 47 7 127
68 54 51 11
68 59 3 177
69 1 25 208
69 3 23 217
69 5 19 23
69 10 16 29
69 11 35 176
69 13 43 145
69 15 31 216
69 17 1 162
69 27 3 120
69 32 55 213
69 41 49 165
69 43 7 97
69 48 38 207
69 58 59 8
70 9 50 150
70 14 7 197
70 16 53 182
70 17 3 146
70 18 10 223
70 19 43 96
70 24 39 126
70 27 57 119
70 29 5 135
70 31 26 64
70 35 19 28
70 38 35 104
70 48 31 88
70 54 41 11
70 57 13 34
71 7 3 141
71 9 9 150
71 15 19 216
71 20 49 191
71 23 37 215
71 28 40 143
71 29 7 25
71 34 43 42
71 35 55 219
71 37 52 136
71 45 25 209
71 46 34 5
71 54 31 11
71 55 47 182
72 1 7 208
72 2 27 16
72 15 33 57
72 25 13 24
72 30 1 83
72 32 37 213
72 40 45 95
72 42 52 178
72 46 49 203
72 47 19 127
72 59 55 177
73 1 19 148
73 4 35 163
73 10 9 162
73 14 38 132
73 15 51 107
73 17 7 162
73 26 14 20
73 30 55 83
73 31 25 169
73 36 43 1
73 38 28 104
73 48 3 88
73 53 31 112
73 56 1 224
73 60 49 195
74 4 59 148
74 5 49 186
74 9 37 41
74 10 40 162
74 13 20 137
74 20 29 191
74 24 47 126
74 26 7 114
74 27 53 120
74 30 25 83
74 33 31 146
74 42 17 175
74 43 13 78
74 45 43 152
74 47 1 49
75 1 37 51
75 3 21 126
75 4 19 163
75 5 31 23
75 11 47 176
75 12 7 124
75 13 55 145
75 16 17 179
75 17 5 146
75 21 51 46
75 23 14 215
75 33 10 200
75 40 25 220
75 48 1 207
75 57 43 198
76 1 31 148
76 9 19 150
76 13 3 39
76 15 13 57
76 22 49 17
76 23 1 215
76 24 25 173
76 36 8 21
76 37 37 136
76 38 57 104
76 46 22 203
76 48 27 110
76 52 46 174
76 55 35 128
76 58 55 8
77 9 43 41
77 10 58 29
77 13 37 187
77 19 46 96
77 20 5 3
77 22 49 139
77 25 7 14
77 30 31 83
77 31 16 169
77 37 19 210
77 38 26 104
77 42 3 175
77 43 13 130
77 50 1 58
78 1 56 208
78 8 19 135
78 12 31 172
78 21 43 46
78 22 45 27
78 24 51 126
78 25 25 14
78 26 1 80
78 42 29 224
78 48 37 139
78 51 53 159
78 52 7 172
78 59 13 155
79 2 25 116
79 15 49 57
79 25 39 156
79 28 46 170
79 37 55 210
79 39 17 132
79 42 8 224
79 44 1 25
79 47 13 49
79 48 33 139
79 49 21 153
79 50 29 81
79 51 31 159
79 55 5 128
79 56 19 57
80 6 25 156
80 7 5 48
80 8 55 135
80 13 7 76
80 16 39 179
80 17 46 146
80 19 49 67
80 23 14 115
80 28 34 170
80 31 27 169
80 33 43 202
80 36 16 21
80 47 1 87
80 50 19 120
80 57 21 91
81 4 53 158
81 7 1 48
81 15 19 82
81 20 23 191
81 21 40 46
81 22 31 121
81 26 3 171
81 29 49 78
81 30 56 167
81 38 35 179
81 44 43 25
81 47 15 63
81 48 7 139
81 60 27 42
82 1 45 51
82 6 23 156
82 10 13 162
82 15 31 182
82 18 25 164
82 23 43 215
82 28 10 106
82 35 37 33
82 36 7 1
82 39 35 132
82 42 49 175
82 45 19 48
82 51 41 159
82 54 57 11
82 59 1 36
83 10 34 162
83 17 11 146
83 20 9 191
83 24 23 173
83 25 13 44
83 28 4 170
83 29 45 135
83 31 49 119
83 33 26 193
83 39 29 132
83 41 19 165
83 46 1 5
83 50 17 81
83 52 31 99
83 59 37 177
84 6 35 156
84 11 53 5
84 25 43 156
84 31 11 173
84 33 39 146
84 34 1 98
84 37 31 209
84 38 49 179
84 41 7 165
84 47 56 49
84 50 15 58
84 52 28 161
84 53 21 163
84 56 47 224
84 58 26 8
85 1 19 208
85 11 29 176
85 17 13 217
85 21 23 225
85 22 8 183
85 25 1 14
85 26 57 80
85 30 37 58
85 31 53 119
85 40 25 79
85 41 49 95
85 42 45 178
85 43 31 130
85 50 16 143
85 58 35 8
86 5 7 186
86 6 21 156
86 7 11 48
86 9 31 150
86 17 4 217
86 25 27 156
86 31 35 169
86 33 55 65
86 35 49 219
86 41 43 69
86 50 13 58
86 53 15 193
86 57 37 198
87 5 13 206
87 9 49 30
87 21 47 46
87 24 1 194
87 26 32 13
87 27 58 120
87 28 25 140
87 31 37 169
87 39 40 132
87 40 19 86
87 45 7 209
87 50 28 143
87 51 3 159
87 55 52 128
87 57 43 34
88 1 13 208
88 4 21 158
88 8 7 104
88 10 46 130
88 13 31 137
88 15 49 182
88 16 1 179
88 29 41 25
88 33 57 193
88 41 3 95
88 43 25 97
88 51 28 138
88 54 39 11
88 55 11 141
88 60 55 42
89 7 17 194
89 8 31 135
89 9 25 41
89 13 9 137
89 14 35 99
89 15 37 57
89 23 7 215
89 28 49 143
89 32 43 213
89 37 14 210
89 38 19 179
89 44 21 100
89 45 2 152
89 47 55 75
89 51 28 159
90 4 35 158
90 9 4 30
90 15 49 216
90 19 40 67
90 29 29 135
90 34 9 42
90 35 55 51
90 36 13 21
90 37 32 136
90 41 25 44
90 43 22 78
90 46 1 203
90 50 59 143
90 52 19 172
90 59 43 36
91 2 33 142
91 6 19 129
91 11 3 176
91 28 28 170
91 29 11 25
91 32 7 84
91 33 15 65
91 36 40 21
91 37 46 210
91 42 13 224
91 46 37 20
91 51 5 159
91 54 1 11
91 56 31 57
91 60 43 195
92 1 49 148
92 3 55 115
92 4 19 158
92 13 7 187
92 23 41 215
92 24 45 126
92 28 22 9
92 31 4 169
92 32 13 213
92 39 1 142
92 42 43 178
92 43 26 22
92 50 17 58
92 51 58 138
92 55 11 128
93 1 43 148
93 2 7 116
93 7 29 48
93 8 25 135
93 14 23 197
93 15 49 82
93 26 37 114
93 34 55 98
93 38 1 104
93 39 41 166
93 47 14 87
93 51 34 159
93 52 31 174
93 53 19 112
93 58 3 8
94 3 5 115
94 10 13 29
94 14 43 197
94 22 25 183
94 25 55 14
94 27 45 119
94 30 1 167
94 33 49 193
94 36 52 21
94 37 10 210
94 47 31 127
94 53 37 85
94 56 23 224
94 57 19 34
94 60 7 195
95 1 55 26
95 4 1 163
95 12 25 40
95 18 4 223
95 26 13 114
95 30 19 32
95 32 32 84
95 35 49 28
95 38 41 179
95 41 43 165
95 43 7 130
95 50 37 81
95 51 10 159
95 58 28 8
96 2 13 116
96 3 49 126
96 7 3 48
96 11 1 112
96 13 37 39
96 14 53 197
96 19 10 117
96 22 25 27
96 25 55 156
96 37 7 136
96 42 51 224
96 47 31 178
96 48 44 110
96 51 21 159
96 54 5 91
97 3 37 126
97 7 31 48
97 8 13 104
97 13 49 187
97 18 39 164
97 21 21 46
97 24 58 173
97 27 55 119
97 31 45 169
97 38 53 104
97 41 8 44
97 44 33 25
97 47 26 127
97 49 1 200
98 1 7 56
98 5 13 93
98 7 5 79
98 10 55 29
98 13 26 39
98 23 47 215
98 24 11 194
98 32 1 213
98 36 58 21
98 46 40 203
98 47 50 75
98 51 37 159
98 52 34 174
98 59 43 155
99 1 1 26
99 7 59 48
99 11 13 5
99 12 10 124
99 14 49 197
99 17 56 217
99 18 46 223
99 29 15 128
99 31 17 64
99 32 39 84
99 38 5 202
99 41 31 6
99 42 37 224
99 43 7 22
99 57 25 19
100 2 13 16
100 6 45 138
100 13 49 39
100 15 19 182
100 18 31 223
100 23 23 215
100 27 7 120
100 28 10 143
100 29 5 25
100 30 55 58
100 33 37 202
100 34 25 15
100 39 2 166
100 50 34 81
100 60 59 195
101 3 19 126
101 4 10 148
101 9 40 41
101 10 31 29
101 13 13 187
101 17 23 146
101 18 7 55
101 25 1 44
101 27 34 119
101 38 5 104
101 40 55 31
101 41 49 69
101 46 44 5
101 54 21 218
101 58 37 8
102 1 31 208
102 3 39 217
102 4 13 148
102 5 2 4
102 6 29 129
102 13 49 76
102 36 19 21
102 38 15 179
102 40 55 79
102 41 25 165
102 52 22 99
102 54 47 91
102 57 8 19
102 59 43 12
102 60 17 195
103 5 25 93
103 7 32 194
103 9 14 150
103 12 1 27
103 14 59 197
103 18 37 55
103 21 11 46
103 24 17 173
103 29 35 135
103 32 7 79
103 33 56 146
103 44 20 25
103 45 49 72
103 56 47 57
104 8 50 2
104 12 39 27
104 16 47 179
104 17 59 146
104 18 34 55
104 23 7 115
104 24 3 173
104 32 43 84
104 35 19 33
104 36 10 1
104 39 5 207
104 43 31 97
104 45 25 72
104 59 55 155
104 60 15 195
105 1 39 208
105 4 37 158
105 7 28 194
105 12 4 172
105 15 13 182
105 18 7 223
105 23 17 177
105 31 23 64
105 33 52 146
105 40 19 160
105 46 31 5
105 50 26 143
105 51 1 159
105 52 10 172
105 57 43 91
106 1 43 216
106 10 49 124
106 12 28 40
106 13 21 145
106 21 19 46
106 31 53 169
106 39 2 132
106 40 55 160
106 43 39 78
106 46 4 203
106 51 15 159
106 52 25 174
106 53 31 85
106 59 7 36
107 1 43 73
107 6 15 138
107 12 25 124
107 17 17 129
107 21 33 46
107 22 49 101
107 26 21 80
107 29 5 64
107 30 37 83
107 31 19 169
107 34 1 15
107 35 55 33
107 42 8 175
107 55 41 141
107 60 13 195
108 7 34 141
108 9 9 41
108 10 49 29
108 24 17 16
108 26 43 20
108 30 13 91
108 33 31 202
108 34 57 42
108 36 37 21
108 38 22 154
108 45 1 209
108 48 25 139
108 52 19 99
108 55 7 40
108 56 5 57
109 7 37 48
109 9 28 41
109 10 25 29
109 17 9 217
109 19 1 67
109 20 7 191
109 22 20 183
109 28 4 140
109 30 33 28
109 35 13 219
109 42 31 224
109 45 39 152
109 49 55 200
109 56 49 224
110 10 19 29
110 12 52 172
110 17 57 170
110 20 17 191
110 21 49 46
110 24 40 173
110 26 25 114
110 28 22 170
110 31 59 64
110 36 43 21
110 38 3 104
110 40 13 31
110 48 32 74
110 52 8 174
111 2 44 16
111 6 41 138
111 8 7 158
111 11 17 176
111 12 55 172
111 21 58 46
111 38 53 179
111 40 13 160
111 44 37 190
111 48 19 3
111 49 49 153
111 50 35 58
111 54 33 11
111 57 1 198
112 2 49 116
112 3 17 115
112 8 37 135
112 10 25 162
112 13 7 145
112 16 11 37
112 18 4 164
112 21 31 46
112 23 28 215
112 24 53 16
112 33 1 202
112 34 43 98
112 35 33 219
112 40 57 140
112 49 19 59
113 11 1 176
113 14 5 197
113 15 33 17
113 16 31 179
113 24 17 126
113 25 49 127
113 33 43 146
113 34 9 15
113 36 22 21
113 39 47 142
113 47 37 127
113 48 13 207
113 52 25 99
113 55 7 128
113 56 3 38
114 2 25 142
114 4 29 158
114 11 11 112
114 13 43 187
114 16 23 205
114 17 51 217
114 18 14 164
114 24 3 126
114 26 19 20
114 42 5 224
114 44 32 190
114 46 37 203
114 49 55 214
114 54 40 218
114 57 7 34
115 2 1 69
115 18 19 223
115 19 28 67
115 20 53 191
115 22 55 121
115 26 37 13
115 30 49 58
115 32 31 79
115 38 59 179
115 39 23 142
115 41 7 95
115 48 43 207
115 49 13 214
115 56 5 204
116 2 21 116
116 5 37 206
116 9 10 30
116 14 34 197
116 18 55 55
116 19 7 67
116 21 3 46
116 23 5 215
116 35 13 28
116 40 44 220
116 42 1 175
116 52 49 174
116 53 25 85
116 56 17 184
116 60 19 42
117 5 25 4
117 12 39 172
117 21 17 46
117 23 9 215
117 27 19 119
117 33 50 65
117 35 1 33
117 36 55 225
117 38 45 104
117 42 22 178
117 47 31 87
117 48 13 3
117 50 5 58
117 54 59 11
117 60 47 42
118 3 23 115
118 4 47 148
118 5 19 186
118 6 5 129
118 21 17 225
118 30 7 83
118 33 14 146
118 41 32 44
118 42 41 175
118 44 25 190
118 48 55 207
118 49 1 153
118 52 43 99
118 53 50 85
118 57 37 19
119 7 13 194
119 9 25 30
119 10 37 29
119 16 55 179
119 18 22 55
119 22 57 97
119 23 34 215
119 24 7 173
119 34 1 42
119 35 43 219
119 43 19 78
119 49 49 80
119 54 5 11
119 58 15 8
119 59 9 177
120 2 37 142
120 9 28 150
120 10 43 130
120 13 7 121
120 14 25 132
120 31 17 186
120 36 19 1
120 41 31 206
120 42 5 175
120 45 13 72
120 49 49 59
120 52 55 99
120 56 22 38
120 57 1 19
120 60 11 195
121 12 13 124
121 13 37 137
121 15 9 57
121 16 45 179
121 19 19 96
121 20 47 191
121 25 56 190
121 26 31 80
121 27 3 119
121 28 16 170
121 40 25 160
121 42 43 175
121 43 22 130
121 47 50 49
122 7 23 48
122 9 56 150
122 26 49 171
122 27 7 119
122 31 27 173
122 35 31 33
122 37 43 136
122 38 25 179
122 39 29 207
122 40 13 86
122 41 19 206
122 46 40 5
122 53 1 70
122 55 9 128
123 3 25 126
123 14 17 197
123 17 49 170
123 20 27 191
123 28 1 143
123 31 33 173
123 37 56 136
123 45 51 152
123 46 4 161
123 48 37 3
123 52 10 99
123 56 7 57
123 57 43 19
123 59 13 177
123 60 23 42
124 2 31 69
124 3 25 115
124 8 49 96
124 9 4 41
124 14 41 99
124 21 29 225
124 23 47 6
124 26 19 114
124 31 39 169
124 38 11 40
124 40 7 160
124 47 43 63
124 51 58 159
124 52 16 99
124 55 27 128
125 6 37 156
125 9 40 150
125 12 31 27
125 14 46 132
125 17 15 217
125 18 28 164
125 19 4 67
125 24 53 173
125 30 7 167
125 31 51 169
125 33 34 200
125 38 59 104
125 43 1 22
125 46 20 161
125 58 44 8
126 5 19 4
126 7 26 48
126 10 28 162
126 20 11 191
126 22 43 183
126 24 37 173
126 26 1 13
126 33 7 200
126 39 17 142
126 45 13 56
126 55 57 128
126 57 50 198
126 58 5 8
126 60 31 195
127 1 15 148
127 2 43 142
127 7 34 48
127 8 20 104
127 11 27 176
127 26 55 171
127 28 37 170
127 32 49 213
127 36 31 21
127 39 8 132
127 42 25 224
127 43 40 130
127 44 1 190
127 55 13 128
127 56 59 57
128 2 3 142
128 14 19 132
128 18 40 223
128 22 51 27
128 24 1 16
128 29 59 135
128 34 21 98
128 37 10 152
128 38 29 179
128 39 8 166
128 41 25 95
128 46 13 203
128 47 44 127
128 54 35 11
128 55 49 128
129 3 1 115
129 8 13 135
129 11 5 112
129 13 43 39
129 18 34 223
129 28 31 140
129 31 58 169
129 36 22 1
129 38 11 179
129 39 29 166
129 40 25 31
129 46 19 5
129 50 7 81
129 57 49 91
130 1 50 51
130 3 11 115
130 4 1 158
130 11 23 176
130 13 19 39
130 19 34 67
130 29 29 25
130 30 43 32
130 33 16 202
130 36 25 1
130 39 47 207
130 44 7 190
130 47 38 75
130 52 13 99
130 54 3 11
131 7 57 48
131 9 43 150
131 14 47 197
131 21 13 225
131 27 15 119
131 36 51 1
131 38 49 104
131 43 10 130
131 50 5 81
131 51 39 138
131 52 20 174
131 55 7 141
131 56 41 57
131 57 31 198
131 59 1 20
132 3 58 217
132 6 22 129
132 8 13 158
132 11 35 112
132 14 11 197
132 15 1 57
132 16 17 37
132 22 43 163
132 26 7 80
132 28 25 92
132 37 55 152
132 39 5 166
132 42 20 178
132 46 50 5
132 47 38 178
133 7 7 48
133 12 13 27
133 13 49 137
133 14 9 197
133 15 1 182
133 20 11 174
133 21 38 46
133 26 25 80
133 31 55 173
133 34 31 42
133 40 43 160
133 42 19 175
133 43 16 78
133 50 5 120
133 59 21 177
134 6 7 138
134 14 13 197
134 16 3 179
134 18 28 223
134 20 15 166
134 22 37 183
134 24 1 173
134 29 53 135
134 33 22 202
134 36 9 225
134 38 51 104
134 42 34 224
134 46 19 203
134 52 57 174
134 53 44 193
135 5 31 4
135 9 46 150
135 11 13 176
135 15 25 57
135 17 35 217
135 19 43 67
135 22 1 183
135 24 5 173
135 32 19 79
135 35 37 28
135 38 15 40
135 40 49 79
135 47 56 178
135 52 7 99
135 56 10 144
136 9 25 150
136 10 28 29
136 18 43 55
136 20 13 191
136 21 23 46
136 25 2 24
136 27 41 120
136 40 8 86
136 41 55 6
136 44 37 25
136 45 31 152
136 50 15 81
136 51 53 171
136 55 21 128
136 59 49 15
137 8 13 2
137 12 25 172
137 13 3 121
137 20 35 191
137 23 23 6
137 26 19 13
137 28 28 9
137 31 11 186
137 34 31 98
137 40 49 160
137 48 55 139
137 51 37 138
137 55 41 182
137 58 1 8
137 59 7 12
138 1 25 26
138 8 31 104
138 10 16 124
138 14 13 132
138 20 3 191
138 23 51 215
138 27 23 119
138 28 40 170
138 30 19 167
138 33 7 193
138 39 53 142
138 42 47 178
138 43 57 78
138 48 43 3
139 1 39 148
139 15 55 57
139 19 52 67
139 26 7 13
139 28 28 106
139 35 1 219
139 36 49 21
139 40 43 86
139 41 13 6
139 43 25 78
139 47 19 87
139 48 31 207
139 56 59 224
139 60 47 195
140 5 1 23
140 6 13 156
140 9 16 30
140 12 19 40
140 13 26 137
140 24 10 126
140 32 39 113
140 33 22 193
140 37 43 210
140 41 49 206
140 43 55 37
140 46 7 5
140 50 47 58
140 57 31 19
140 60 37 195
141 1 13 26
141 4 11 158
141 6 9 156
141 7 45 48
141 11 57 112
141 20 59 191
141 26 49 20
141 30 25 32
141 33 20 146
141 41 37 44
141 46 1 161
141 47 31 49
141 51 7 159
141 55 29 128
142 9 1 41
142 16 7 205
142 17 53 13
142 19 40 96
142 22 19 121
142 23 45 215
142 24 25 16
142 25 49 44
142 27 31 119
142 29 43 135
142 30 13 83
142 43 27 130
142 50 23 58
142 52 58 172
142 60 9 195
143 1 25 51
143 2 37 16
143 5 3 186
143 12 34 124
143 22 56 183
143 23 29 177
143 26 19 171
143 28 31 143
143 29 1 64
143 40 49 86
143 49 15 59
143 50 13 81
143 53 7 112
143 54 45 11
144 3 27 217
144 5 7 23
144 8 31 70
144 11 16 112
144 14 55 197
144 18 45 164
144 26 57 20
144 28 13 170
144 29 11 78
144 30 19 83
144 44 49 24
144 48 3 110
144 53 37 112
145 3 31 217
145 6 19 156
145 9 3 150
145 16 11 182
145 19 37 96
145 20 1 191
145 34 49 42
145 37 28 210
145 38 26 154
145 41 21 44
145 43 34 97
145 48 14 139
145 49 55 59
145 52 43 174
145 58 8 8
146 2 19 69
146 4 8 148
146 5 13 4
146 7 11 79
146 13 57 187
146 18 43 223
146 25 49 14
146 26 1 114
146 30 38 91
146 32 31 37
146 50 25 81
146 52 46 106
146 53 27 112
147 1 37 56
147 10 55 124
147 16 33 179
147 22 8 27
147 26 13 171
147 28 19 170
147 29 41 135
147 30 49 167
147 37 58 210
147 42 31 175
147 50 22 81
147 52 1 174
147 53 43 85
147 55 5 141
147 59 25 155
148 3 49 217
148 4 40 158
148 8 25 158
148 20 43 191
148 25 45 14
148 26 9 171
148 30 13 167
148 33 1 193
148 39 7 142
148 43 4 97
148 46 52 203
148 50 35 143
148 52 37 99
148 53 55 85
148 54 19 218
149 3 53 126
149 8 25 96
149 9 13 41
149 13 7 39
149 14 1 197
149 16 41 37
149 17 11 13
149 18 57 164
149 23 31 215
149 28 44 143
149 30 33 32
149 40 3 160
149 41 19 95
149 51 51 138
150 1 37 26
150 12 1 124
150 15 25 82
150 20 45 191
150 21 9 46
150 23 11 215
150 24 19 16
150 26 49 13
150 27 13 119
150 31 31 169
150 36 15 1
150 40 55 84
150 42 21 175
150 52 4 99
150 53 33 193
Điểm tối ưu/tốt nhất tìm được: 2192
Thời gian: 360.048507 giây
Trạng thái: VALID
