1449
1 2 19 90
1 3 37 102
1 4 45 10
1 8 31 64
1 16 52 52
1 19 7 21
1 20 1 36
1 22 16 51
1 24 47 21
1 25 49 22
1 27 13 3
1 33 34 104
1 37 3 15
1 40 25 26
2 1 52 117
2 7 13 77
2 8 16 78
2 12 57 89
2 13 31 44
2 16 26 80
2 18 39 39
2 20 7 36
2 22 3 45
2 24 19 21
2 25 29 22
2 31 10 116
2 33 43 104
2 34 21 9
2 35 46 121
3 4 25 144
3 10 31 25
3 14 1 35
3 16 49 52
3 17 52 5
3 19 44 148
3 20 40 37
3 21 28 131
3 23 35 45
3 27 37 3
3 28 7 98
3 32 14 110
3 35 22 149
3 37 55 85
3 38 19 27
4 2 39 150
4 4 29 95
4 8 58 138
4 13 9 113
4 17 14 143
4 19 25 21
4 20 37 36
4 21 19 24
4 23 23 88
4 29 31 68
4 31 49 1
4 32 1 110
4 33 55 104
4 34 46 9
4 38 52 12
5 1 11 117
5 3 15 52
5 5 1 148
5 7 55 131
5 9 34 51
5 10 43 93
5 12 3 6
5 24 13 57
5 25 26 22
5 30 49 140
5 31 28 1
5 32 7 110
5 39 37 8
5 40 19 26
6 2 49 142
6 4 44 95
6 13 35 113
6 17 25 48
6 19 15 146
6 23 8 11
6 24 13 10
6 29 55 69
6 30 31 140
6 31 4 1
6 32 19 110
6 34 37 129
6 35 1 121
6 38 10 27
6 40 39 46
7 1 34 117
7 2 55 90
7 5 41 38
7 6 7 80
7 8 22 145
7 12 43 89
7 16 1 59
7 17 31 5
7 18 49 39
7 20 39 36
7 22 4 51
7 30 26 82
7 35 19 121
7 37 13 105
7 40 9 46
8 4 35 10
8 6 13 95
8 9 7 54
8 10 19 93
8 11 1 135
8 13 40 44
8 16 4 80
8 17 10 5
8 22 49 7
8 23 16 45
8 29 31 55
8 31 43 1
8 32 25 110
8 33 46 88
8 38 37 27
9 1 55 117
9 2 32 90
9 4 41 144
9 6 23 14
9 8 43 145
9 9 52 132
9 14 7 35
9 15 37 100
9 18 13 39
9 21 46 24
9 27 49 3
9 30 19 74
9 35 1 114
9 36 25 50
10 4 17 3
10 6 39 80
10 10 1 93
10 15 13 72
10 16 52 80
10 17 7 5
10 19 55 87
10 25 5 22
10 27 22 146
10 28 10 129
10 29 25 68
10 31 19 1
10 38 34 81
10 39 44 8
11 5 23 66
11 10 1 25
11 13 47 44
11 15 37 72
11 16 55 57
11 18 19 67
11 26 29 30
11 28 26 98
11 30 49 74
11 32 31 110
11 36 43 76
11 37 13 85
11 40 7 26
12 1 5 117
12 9 16 5
12 10 21 73
12 11 8 135
12 14 1 134
12 15 49 61
12 17 28 143
12 20 19 36
12 22 13 7
12 23 43 45
12 27 46 130
12 31 34 1
12 35 25 114
12 37 38 91
13 4 7 95
13 8 43 138
13 9 19 54
13 12 13 89
13 13 5 113
13 16 40 57
13 17 28 5
13 18 1 147
13 19 32 119
13 21 10 131
13 27 37 130
13 28 22 98
13 31 25 1
13 39 55 75
14 2 7 150
14 3 43 16
14 8 55 138
14 11 4 135
14 12 25 89
14 13 11 44
14 15 38 61
14 17 13 48
14 19 50 21
14 20 17 37
14 26 22 30
14 34 58 129
14 35 1 149
14 38 19 12
14 40 31 137
15 1 49 117
15 8 46 103
15 10 57 73
15 11 19 135
15 13 33 113
15 14 38 120
15 16 22 52
15 18 13 67
15 25 31 22
15 29 7 69
15 33 51 88
15 34 29 129
15 35 43 121
15 36 1 76
15 37 25 85
16 1 28 117
16 2 19 150
16 4 23 10
16 7 16 77
16 9 4 54
16 12 56 32
16 16 46 80
16 18 31 39
16 20 26 37
16 22 43 51
16 29 51 49
16 34 41 129
16 39 37 75
16 40 7 137
17 1 31 117
17 7 4 77
17 8 1 138
17 10 25 127
17 19 21 21
17 20 11 36
17 21 58 131
17 23 19 11
17 24 35 120
17 26 13 111
17 28 43 129
17 30 49 82
17 32 37 110
17 35 16 121
17 37 7 85
18 7 34 77
18 11 13 135
18 12 2 141
18 15 25 128
18 17 16 48
18 19 7 148
18 25 57 22
18 26 29 111
18 28 19 144
18 31 40 1
18 34 44 9
18 35 22 121
18 38 31 81
18 40 49 46
19 2 49 40
19 3 37 84
19 4 33 95
19 5 31 38
19 6 13 80
19 13 20 113
19 14 7 134
19 17 4 48
19 19 55 146
19 22 16 7
19 27 1 3
19 28 22 144
19 29 43 55
19 30 26 140
20 2 49 136
20 3 21 16
20 6 19 80
20 7 28 107
20 8 34 145
20 14 14 134
20 15 1 61
20 17 25 5
20 22 10 51
20 23 55 45
20 27 58 3
20 29 37 41
20 31 31 1
20 32 43 110
20 35 7 121
21 1 25 117
21 5 5 66
21 6 52 95
21 7 33 107
21 8 55 103
21 10 13 73
21 11 49 135
21 15 37 141
21 26 31 94
21 27 43 3
21 29 7 49
21 31 1 116
21 33 58 88
21 36 27 33
21 39 20 8
22 2 38 90
22 5 7 55
22 7 4 107
22 9 16 132
22 11 1 87
22 15 44 72
22 18 21 39
22 19 55 21
22 20 28 37
22 21 32 131
22 31 13 1
22 32 50 110
22 39 9 8
23 2 3 150
23 4 46 95
23 6 23 34
23 7 16 107
23 8 37 64
23 9 43 108
23 10 19 25
23 13 14 44
23 17 40 5
23 19 25 23
23 24 49 120
23 25 1 22
23 27 9 130
23 29 31 69
23 36 51 20
24 4 13 54
24 5 16 66
24 7 1 77
24 8 10 64
24 10 25 25
24 13 23 44
24 14 31 120
24 15 19 128
24 18 50 147
24 19 37 119
24 22 45 45
24 27 4 146
24 28 7 144
24 32 56 110
25 3 37 115
25 7 57 77
25 14 13 35
25 15 43 61
25 17 25 143
25 20 9 36
25 24 5 57
25 29 19 49
25 30 1 140
25 34 7 9
25 37 31 85
25 38 28 81
25 40 49 26
26 2 55 150
26 6 1 14
26 8 7 145
26 9 22 132
26 12 13 32
26 16 46 52
26 19 49 148
26 21 19 131
26 23 5 88
26 24 11 120
26 28 25 129
26 29 37 68
26 31 43 116
26 34 53 9
26 36 31 33
27 1 37 117
27 2 43 40
27 4 59 10
27 5 21 55
27 8 39 138
27 10 2 127
27 15 7 72
27 17 49 5
27 19 15 148
27 24 29 57
27 26 11 111
27 27 32 130
27 28 52 42
27 37 55 91
27 39 25 58
28 3 55 102
28 9 19 132
28 11 16 135
28 15 7 128
28 16 4 52
28 19 37 148
28 23 1 88
28 24 23 120
28 26 35 111
28 27 46 3
28 30 31 82
28 31 25 116
28 35 13 114
28 37 49 91
29 2 43 150
29 3 56 18
29 4 17 95
29 9 37 51
29 12 13 68
29 14 20 35
29 19 7 87
29 24 29 10
29 25 33 22
29 27 40 18
29 29 25 49
29 32 1 126
29 36 49 76
30 1 17 117
30 4 32 10
30 5 1 38
30 10 13 25
30 13 52 113
30 17 8 48
30 18 25 147
30 19 55 119
30 20 4 37
30 22 19 51
30 23 37 45
30 24 23 57
30 30 39 82
30 34 59 9
30 38 34 12
31 3 49 102
31 5 13 66
31 6 23 80
31 9 25 54
31 13 11 113
31 16 31 52
31 17 19 143
31 19 37 146
31 20 1 37
31 21 28 24
31 26 34 30
31 28 3 144
31 29 15 41
31 33 55 98
31 39 7 24
32 5 13 148
32 8 39 145
32 9 15 54
32 10 43 73
32 12 49 89
32 13 37 113
32 14 25 35
32 16 32 57
32 18 55 67
32 19 19 23
32 25 35 22
32 26 53 30
32 32 7 126
32 34 5 125
32 36 1 79
33 3 55 84
33 7 7 107
33 9 28 132
33 11 22 135
33 13 35 44
33 14 31 35
33 15 1 72
33 16 49 80
33 20 41 36
33 23 19 88
33 28 43 98
33 29 13 49
33 35 10 149
33 38 25 12
33 39 37 32
34 4 58 144
34 5 15 38
34 6 21 34
34 9 55 54
34 12 1 32
34 15 8 61
34 22 40 51
34 23 13 88
34 24 17 57
34 27 25 3
34 29 31 49
34 34 49 129
34 35 51 149
34 38 28 12
34 40 44 137
35 3 13 115
35 4 5 84
35 11 49 87
35 16 31 80
35 17 44 143
35 19 56 132
35 21 34 41
35 22 52 7
35 23 19 45
35 25 21 22
35 26 17 94
35 31 28 116
35 36 38 76
35 39 7 58
35 40 1 46
36 2 32 40
36 4 53 107
36 8 16 103
36 9 37 132
36 10 49 73
36 11 46 87
36 12 26 141
36 13 9 44
36 15 19 72
36 24 3 57
36 25 1 130
36 27 13 18
36 33 40 33
36 38 43 12
36 39 56 8
37 2 21 142
37 3 37 16
37 5 19 55
37 9 31 51
37 11 43 87
37 17 34 143
37 22 25 7
37 24 17 21
37 25 28 130
37 26 15 111
37 31 52 1
37 33 58 98
37 34 13 129
37 38 7 12
37 39 1 58
38 5 13 38
38 12 7 89
38 16 25 52
38 17 34 48
38 18 2 96
38 23 21 45
38 25 19 130
38 29 50 55
38 33 31 98
38 34 23 9
38 35 15 149
38 36 55 76
38 37 39 85
38 39 43 75
39 3 55 16
39 5 25 55
39 6 37 34
39 12 27 32
39 13 44 113
39 14 20 134
39 16 1 52
39 20 34 36
39 21 4 131
39 23 31 11
39 31 49 116
39 32 14 126
39 33 46 104
39 36 39 79
39 37 7 15
40 5 11 148
40 6 25 14
40 7 46 131
40 8 43 64
40 10 55 127
40 13 27 44
40 18 7 67
40 19 32 146
40 21 50 131
40 25 53 22
40 30 3 9
40 32 19 126
40 36 13 76
40 39 38 24
41 1 1 69
41 2 14 142
41 4 56 144
41 8 43 103
41 9 49 132
41 11 40 87
41 12 19 32
41 23 29 45
41 25 5 130
41 26 3 94
41 30 7 74
41 32 25 126
41 33 34 88
41 35 31 121
41 38 37 12
42 3 27 16
42 5 11 55
42 6 21 80
42 9 46 51
42 12 7 6
42 19 55 23
42 20 23 37
42 21 16 24
42 22 13 45
42 23 2 11
42 25 19 22
42 28 52 98
42 33 37 88
42 36 32 76
43 1 41 117
43 2 13 90
43 10 43 25
43 11 25 124
43 12 31 141
43 13 29 44
43 14 37 35
43 15 19 100
43 19 49 23
43 24 53 10
43 25 47 22
43 29 56 68
43 36 8 76
43 37 1 85
44 6 16 34
44 9 52 54
44 11 45 124
44 15 8 100
44 17 1 143
44 18 37 67
44 20 21 37
44 21 49 24
44 23 25 88
44 33 4 33
44 34 19 125
44 35 13 121
44 36 27 76
44 39 31 75
44 40 55 46
45 1 58 117
45 4 19 84
45 5 11 38
45 7 1 107
45 12 7 141
45 14 49 35
45 18 13 147
45 21 55 41
45 22 26 51
45 26 4 111
45 29 37 69
45 31 22 116
45 32 44 126
45 39 32 58
46 2 25 40
46 3 13 16
46 6 10 95
46 7 40 131
46 10 31 93
46 13 17 113
46 17 55 5
46 23 59 11
46 24 5 120
46 26 23 94
46 27 7 3
46 29 43 68
46 36 19 50
46 37 49 15
46 38 1 12
47 7 19 107
47 8 22 103
47 9 4 132
47 10 55 128
47 15 25 100
47 17 1 48
47 19 43 132
47 20 47 36
47 22 31 45
47 26 41 94
47 30 13 74
47 35 34 114
47 36 49 79
47 37 37 15
47 39 7 75
48 3 51 16
48 6 1 34
48 8 13 64
48 11 58 135
48 13 17 44
48 14 43 120
48 15 19 61
48 19 31 23
48 22 10 7
48 24 29 21
48 27 55 130
48 29 38 55
48 33 7 104
48 38 4 12
48 39 25 75
49 1 1 117
49 2 15 40
49 4 26 95
49 5 13 55
49 8 28 138
49 9 57 51
49 20 11 37
49 23 40 11
49 25 3 22
49 28 46 129
49 31 7 116
49 32 31 126
49 33 37 33
49 34 49 9
49 36 19 76
50 1 22 29
50 3 55 121
50 6 5 14
50 9 37 54
50 10 9 25
50 12 1 68
50 15 49 100
50 19 43 21
50 25 7 22
50 28 19 98
50 31 13 116
50 33 40 104
50 35 16 114
50 40 33 11
51 2 43 90
51 6 5 95
51 8 31 78
51 10 7 73
51 11 34 87
51 15 13 61
51 18 1 39
51 19 25 148
51 22 22 51
51 27 58 130
51 32 37 126
51 34 29 9
51 35 19 149
51 36 49 28
52 1 19 117
52 2 3 40
52 6 1 95
52 7 25 107
52 12 21 6
52 14 43 35
52 23 9 88
52 26 17 30
52 27 28 3
52 28 40 98
52 29 13 69
52 32 50 126
52 35 55 114
52 38 37 81
52 39 32 8
53 1 21 117
53 2 37 136
53 5 19 66
53 8 4 103
53 9 13 5
53 11 31 87
53 16 55 80
53 17 58 5
53 18 7 39
53 19 49 119
53 21 1 24
53 24 35 57
53 25 23 22
53 36 43 28
53 39 25 8
54 5 9 38
54 10 37 93
54 14 25 134
54 15 31 72
54 16 49 17
54 21 43 24
54 23 52 45
54 24 41 21
54 25 14 130
54 27 4 3
54 28 1 129
54 31 46 116
54 32 56 126
54 39 19 58
55 2 31 150
55 4 25 10
55 7 19 77
55 11 55 135
55 12 44 32
55 15 13 100
55 19 37 23
55 21 58 24
55 24 17 10
55 25 11 22
55 30 7 82
55 32 1 47
55 35 28 149
55 37 49 85
56 10 49 25
56 15 25 72
56 17 31 143
56 20 8 37
56 21 34 24
56 25 43 22
56 28 55 129
56 30 37 74
56 31 1 1
56 34 10 9
56 35 58 114
56 36 13 50
56 38 4 27
56 40 45 26
57 8 25 138
57 9 9 132
57 12 49 6
57 14 56 35
57 15 43 100
57 16 28 52
57 19 3 119
57 20 15 36
57 23 23 45
57 24 1 57
57 25 7 130
57 28 31 144
57 33 34 102
57 35 20 114
57 40 37 26
58 1 1 20
58 7 55 107
58 8 28 64
58 10 19 127
58 11 37 87
58 15 31 100
58 18 45 39
58 19 13 21
58 21 25 24
58 23 3 88
58 26 11 94
58 29 49 68
58 34 35 129
58 40 7 79
59 8 25 145
59 10 49 41
59 11 28 87
59 12 37 6
59 13 23 113
59 16 34 52
59 17 31 48
59 21 43 131
59 24 15 10
59 30 55 140
59 32 8 47
59 33 46 31
59 36 1 50
59 39 19 75
60 5 9 55
60 7 31 77
60 10 38 127
60 15 56 72
60 16 49 57
60 19 43 119
60 20 19 37
60 21 22 131
60 24 11 10
60 27 52 146
60 29 25 69
60 32 14 47
60 34 7 129
60 35 34 121
60 39 2 75
61 3 49 84
61 5 5 148
61 6 19 95
61 8 37 78
61 10 1 73
61 14 31 134
61 19 7 23
61 21 16 131
61 22 40 7
61 23 27 88
61 26 25 111
61 28 13 98
61 31 58 1
61 33 43 88
61 36 21 79
62 11 46 135
62 13 49 44
62 15 31 61
62 16 43 57
62 17 37 5
62 18 25 39
62 19 2 21
62 20 23 36
62 22 57 7
62 24 11 21
62 25 51 130
62 31 40 116
62 32 19 47
62 36 13 33
62 40 7 124
63 2 21 40
63 5 53 38
63 10 56 93
63 12 31 89
63 13 25 113
63 15 37 128
63 16 43 80
63 23 15 11
63 26 17 111
63 33 27 104
63 34 11 125
63 36 7 33
63 38 46 12
63 39 49 32
63 40 1 26
64 2 50 150
64 4 23 95
64 7 37 107
64 16 15 80
64 17 19 48
64 22 4 7
64 23 7 88
64 25 25 130
64 27 1 146
64 28 10 98
64 30 27 74
64 34 34 96
64 35 31 114
64 36 56 79
64 39 45 58
65 4 35 95
65 6 4 34
65 9 50 51
65 10 37 25
65 11 43 135
65 13 7 44
65 15 13 128
65 17 46 5
65 22 28 7
65 23 21 88
65 33 1 98
65 34 19 129
65 36 9 28
65 37 31 105
66 1 15 96
66 3 2 16
66 4 43 10
66 5 25 66
66 7 40 107
66 15 49 128
66 21 22 24
66 22 45 7
66 29 55 49
66 30 7 140
66 31 37 50
66 33 19 104
66 37 27 15
66 39 31 32
67 1 23 117
67 2 7 40
67 4 50 10
67 7 58 107
67 9 34 54
67 11 40 135
67 15 1 128
67 18 43 67
67 26 11 30
67 28 31 129
67 29 19 41
67 30 14 137
67 33 55 88
67 35 25 149
68 1 13 117
68 6 35 80
68 9 1 5
68 11 25 87
68 12 19 89
68 14 37 134
68 18 31 147
68 21 7 131
68 23 28 11
68 24 56 120
68 27 10 146
68 28 15 144
68 29 49 69
68 30 43 82
68 31 4 116
69 2 55 40
69 7 13 107
69 10 43 41
69 11 37 135
69 13 20 44
69 17 22 143
69 18 31 67
69 23 4 11
69 24 7 10
69 25 59 22
69 27 40 3
69 31 16 116
69 32 25 47
69 37 9 105
69 40 50 137
70 1 9 117
70 2 25 90
70 4 13 144
70 6 7 34
70 9 19 5
70 14 43 134
70 21 1 131
70 23 58 45
70 25 55 22
70 28 4 129
70 31 16 1
70 32 31 47
70 37 37 56
70 39 49 8
71 2 1 90
71 3 56 149
71 4 41 95
71 5 22 38
71 6 17 14
71 8 19 138
71 10 7 93
71 18 37 147
71 20 43 37
71 25 45 22
71 26 47 30
71 27 32 3
71 28 49 144
71 35 28 114
71 39 13 8
72 2 25 150
72 4 47 144
72 5 16 55
72 6 11 80
72 9 31 54
72 12 7 68
72 15 56 61
72 25 51 22
72 26 5 94
72 27 19 146
72 30 1 74
72 31 22 1
72 37 38 105
72 38 34 27
72 40 43 79
73 2 21 136
73 9 1 54
73 10 26 73
73 16 58 52
73 18 7 147
73 20 17 36
73 23 11 88
73 24 19 10
73 25 14 22
73 26 35 94
73 34 37 9
73 35 4 121
73 36 31 50
73 37 44 85
73 39 51 58
74 6 19 34
74 7 10 77
74 8 58 145
74 9 28 54
74 11 22 87
74 12 14 6
74 13 25 44
74 23 1 45
74 24 47 120
74 26 50 30
74 34 34 9
74 35 4 114
74 37 43 105
74 38 31 12
74 39 39 58
75 1 15 117
75 6 1 80
75 7 22 107
75 11 34 135
75 13 3 44
75 14 49 134
75 16 19 52
75 19 43 23
75 20 25 36
75 23 10 45
75 24 58 120
75 26 47 94
75 31 7 1
75 32 37 47
75 34 27 9
76 2 37 142
76 4 1 144
76 5 3 148
76 6 10 14
76 7 25 77
76 10 31 127
76 14 55 134
76 16 43 52
76 17 28 48
76 22 7 51
76 24 41 10
76 29 19 69
76 30 13 140
76 36 49 33
76 38 46 27
77 1 13 96
77 8 34 138
77 18 20 147
77 19 1 23
77 20 15 37
77 21 31 41
77 22 7 45
77 26 29 94
77 29 44 49
77 33 37 104
77 34 17 9
77 35 10 121
77 36 25 79
77 39 55 58
77 40 49 11
78 1 3 117
78 7 10 107
78 8 7 64
78 9 40 132
78 10 50 93
78 13 1 44
78 15 43 128
78 18 55 39
78 22 25 45
78 23 17 88
78 27 19 3
78 28 37 98
78 30 32 74
78 33 22 104
78 40 13 26
79 2 31 136
79 5 3 66
79 15 57 141
79 16 7 52
79 19 43 146
79 21 13 24
79 22 20 7
79 27 16 130
79 28 52 144
79 29 27 55
79 31 10 1
79 33 37 31
79 35 40 121
79 38 49 12
80 4 37 95
80 9 22 108
80 10 55 25
80 11 19 87
80 12 13 141
80 14 1 120
80 15 49 141
80 17 10 143
80 19 31 148
80 25 39 22
80 32 43 47
80 33 28 31
80 35 7 149
80 38 25 81
81 3 55 115
81 6 25 34
81 7 28 77
81 9 1 132
81 11 52 87
81 13 13 113
81 17 37 143
81 20 32 37
81 23 15 88
81 24 4 10
81 28 34 98
81 29 7 41
81 30 19 82
81 31 46 1
81 33 49 104
82 3 19 102
82 6 13 34
82 11 31 135
82 16 37 52
82 19 15 119
82 20 4 36
82 21 28 41
82 23 11 11
82 25 9 22
82 26 26 30
82 27 40 130
82 28 49 98
82 30 43 140
82 34 1 9
82 37 55 105
83 2 25 136
83 5 1 66
83 6 3 14
83 10 13 93
83 13 29 113
83 15 19 141
83 16 10 52
83 17 7 143
83 18 43 147
83 19 55 148
83 20 31 36
83 21 37 131
83 24 51 120
83 37 33 15
83 38 40 12
84 1 11 69
84 3 43 102
84 4 37 10
84 8 16 64
84 9 40 54
84 12 25 6
84 14 7 120
84 21 13 131
84 22 31 7
84 30 1 82
84 31 55 1
84 32 51 47
84 33 58 104
84 34 23 129
84 37 19 85
85 5 4 55
85 6 10 34
85 7 49 77
85 9 33 132
85 12 38 89
85 15 55 100
85 17 22 48
85 22 7 7
85 25 16 22
85 26 1 94
85 27 52 3
85 29 43 69
85 35 27 121
85 38 13 12
86 2 49 90
86 7 46 107
86 8 31 103
86 9 43 54
86 14 13 120
86 17 55 143
86 18 25 96
86 20 34 37
86 22 39 45
86 24 11 57
86 27 21 130
86 29 1 41
86 34 17 129
86 38 7 81
87 1 5 29
87 3 7 16
87 7 22 77
87 11 26 135
87 12 1 89
87 13 47 113
87 20 53 37
87 22 34 7
87 26 13 94
87 27 49 146
87 30 37 140
87 31 31 116
87 32 55 47
87 36 43 33
87 39 15 75
88 2 37 40
88 4 59 54
88 5 20 38
88 6 13 14
88 7 3 69
88 8 28 78
88 9 22 54
88 12 55 6
88 14 7 42
88 18 49 67
88 19 15 23
88 21 25 41
88 31 43 50
88 33 31 88
88 34 53 129
89 1 10 96
89 2 13 150
89 5 3 38
89 10 25 93
89 13 5 44
89 15 49 72
89 22 7 127
89 27 43 130
89 28 46 98
89 30 55 82
89 31 34 116
89 33 31 104
89 34 19 9
89 35 37 114
90 2 9 142
90 3 31 149
90 5 43 38
90 6 29 80
90 9 22 5
90 11 16 87
90 12 45 6
90 13 7 113
90 16 40 52
90 21 25 131
90 22 1 51
90 25 37 22
90 28 4 98
90 33 13 104
90 39 49 75
91 3 33 115
91 4 31 95
91 5 1 55
91 9 46 54
91 16 8 57
91 18 56 147
91 21 52 24
91 24 19 57
91 25 3 130
91 31 37 116
91 34 21 129
91 37 26 105
91 38 13 27
92 1 7 117
92 2 45 142
92 5 10 66
92 9 25 132
92 10 37 73
92 14 19 120
92 15 1 100
92 19 32 21
92 20 13 36
92 22 49 45
92 24 15 57
92 33 52 104
92 34 41 9
92 37 56 15
93 4 47 10
93 9 10 54
93 11 52 135
93 14 19 42
93 15 25 61
93 20 13 37
93 22 37 7
93 26 4 30
93 30 43 74
93 34 15 129
93 36 55 50
93 38 1 27
93 40 32 26
94 7 7 77
94 11 13 87
94 12 19 68
94 14 25 120
94 15 43 141
94 16 16 17
94 19 37 21
94 20 29 36
94 21 31 24
94 23 23 11
94 28 10 144
94 29 1 49
94 36 55 28
94 37 49 105
95 2 7 90
95 3 49 121
95 4 23 3
95 6 29 34
95 9 13 132
95 10 32 73
95 13 40 113
95 18 25 67
95 19 19 148
95 23 17 11
95 28 44 144
95 31 37 1
95 36 55 33
95 39 1 8
96 1 46 117
96 5 8 66
96 7 43 107
96 9 49 54
96 10 13 127
96 12 31 6
96 13 1 113
96 16 52 57
96 17 4 5
96 27 55 3
96 29 37 49
96 33 10 104
96 37 19 15
97 4 39 10
97 5 7 38
97 7 50 107
97 8 1 78
97 11 4 87
97 12 9 32
97 17 34 5
97 23 13 11
97 24 53 120
97 28 27 144
97 30 15 82
97 35 46 149
97 37 19 105
97 40 55 26
98 1 39 117
98 3 15 84
98 4 35 3
98 5 5 38
98 8 58 103
98 9 43 5
98 10 49 127
98 18 1 67
98 21 55 24
98 24 29 120
98 25 41 22
98 26 7 30
98 27 10 3
98 34 13 9
98 36 19 33
99 5 28 66
99 15 31 128
99 16 25 57
99 21 4 24
99 22 1 7
99 24 17 120
99 26 8 94
99 29 55 55
99 31 19 116
99 35 37 149
99 36 49 50
99 38 10 12
99 39 13 58
99 40 43 34
100 1 43 117
100 3 31 16
100 4 35 144
100 7 52 77
100 8 16 145
100 17 4 143
100 19 25 146
100 22 13 51
100 24 1 10
100 28 37 144
100 30 19 140
100 33 40 88
100 35 8 114
100 37 55 56
100 40 45 46
Điểm tối ưu/tốt nhất tìm được: 1449
Thời gian: 180.020967 giây
Trạng thái: VALID
