30 20 10
2 3 4 5 6 7 8 9 10 0
2 3 4 5 6 7 8 9 10 0
2 3 4 5 6 7 8 9 10 0
2 3 4 5 6 7 8 9 10 0
2 3 4 5 6 7 8 9 10 0
2 3 4 5 6 7 8 9 10 0
2 3 4 5 6 7 8 9 10 0
2 3 4 5 6 7 8 9 10 0
2 3 4 5 6 7 8 9 10 0
2 3 4 5 6 7 8 9 10 0
2 3 4 5 6 7 8 9 10 0
2 3 4 5 6 7 8 9 10 0
2 3 4 5 6 7 8 9 10 0
2 3 4 5 6 7 8 9 10 0
2 3 4 5 6 7 8 9 10 0
2 3 4 5 6 7 8 9 10 0
2 3 4 5 6 7 8 9 10 0
2 3 4 5 6 7 8 9 10 0
2 3 4 5 6 7 8 9 10 0
2 3 4 5 6 7 8 9 10 0
10 0
0
1 0
5 0
7 0
0
5 0
1 0
0
9 0
8 4 0
2 10 0
0
9 0
2 6 0
3 0
6 0
2 0
0
6 0
8 7 0
1 7 0
0
0
3 0
8 0
4 0
0
4 0
0
4 3 4 2 2 4 2 2 4 3
