617
1 4 40 17
1 5 7 26
1 7 19 7
1 10 49 70
1 11 17 57
1 12 34 35
1 13 15 4
1 14 13 36
1 15 43 16
1 16 55 13
1 17 3 58
1 18 57 59
2 2 37 28
2 4 25 17
2 6 29 51
2 7 4 43
2 8 55 30
2 9 19 24
2 11 1 57
2 12 50 26
2 14 16 6
2 15 7 21
2 16 23 13
2 19 33 37
2 20 31 2
3 4 52 73
3 6 37 72
3 7 10 49
3 8 33 30
3 9 43 15
3 10 13 70
3 11 1 63
3 12 40 26
3 14 7 40
3 15 21 21
3 17 47 44
3 18 5 59
3 19 25 54
3 20 19 2
4 2 1 14
4 6 45 72
4 7 16 38
4 8 13 30
4 9 7 24
4 11 23 20
4 12 34 26
4 13 59 4
4 15 19 50
4 16 28 60
4 18 43 59
4 20 39 2
5 2 7 28
5 3 25 47
5 4 4 17
5 6 53 28
5 7 37 43
5 8 1 74
5 11 29 48
5 12 22 35
5 13 45 4
5 14 19 40
5 17 11 44
5 19 13 37
5 20 17 2
6 1 44 68
6 2 3 28
6 5 19 23
6 6 13 72
6 7 34 7
6 11 15 20
6 12 55 26
6 13 1 4
6 14 27 36
6 16 25 60
6 18 53 59
6 20 41 47
7 2 8 22
7 5 1 27
7 6 59 28
7 7 33 49
7 8 56 74
7 9 50 24
7 11 27 63
7 12 19 26
7 14 25 36
7 15 13 50
7 16 17 13
7 18 31 59
7 20 23 2
8 4 55 73
8 5 20 11
8 7 40 7
8 8 4 74
8 11 7 20
8 13 17 4
8 14 1 40
8 15 25 21
8 16 15 13
8 17 43 44
8 18 59 59
8 20 35 2
9 4 52 17
9 6 19 72
9 7 16 8
9 8 7 74
9 11 13 29
9 12 55 35
9 14 21 6
9 15 39 50
9 16 10 13
9 17 45 44
9 18 37 59
9 20 3 2
10 4 46 17
10 6 27 72
10 7 1 43
10 11 5 48
10 12 58 35
10 13 39 4
10 14 25 6
10 15 13 21
10 16 20 60
10 17 23 58
10 18 9 59
10 20 41 2
11 1 1 68
11 2 43 14
11 5 33 11
11 7 15 49
11 8 52 30
11 10 21 70
11 11 11 63
11 13 25 4
11 14 7 6
11 16 27 13
11 17 9 58
11 19 56 37
12 2 25 28
12 4 10 17
12 5 55 27
12 6 3 72
12 7 13 7
12 8 34 74
12 10 49 51
12 11 19 48
12 14 46 6
12 16 5 13
12 17 1 58
12 20 44 2
13 2 13 22
13 3 55 47
13 4 49 17
13 5 3 11
13 6 22 72
13 7 27 7
13 8 19 30
13 9 37 24
13 11 10 29
13 13 41 4
13 14 31 36
13 16 46 60
13 17 25 44
14 1 37 68
14 2 31 28
14 3 20 47
14 4 28 17
14 5 55 11
14 6 35 28
14 8 43 74
14 9 13 15
14 12 49 35
14 14 17 40
14 15 1 21
14 16 46 13
14 17 41 44
14 18 26 59
14 19 7 37
15 2 19 28
15 5 7 11
15 7 43 43
15 11 13 57
15 12 39 9
15 13 27 4
15 14 5 40
15 15 31 25
15 17 37 44
15 18 3 59
15 20 15 2
16 1 20 68
16 2 1 22
16 4 32 17
16 5 43 23
16 6 5 72
16 9 7 15
16 12 37 35
16 14 11 36
16 15 55 50
16 16 25 13
16 17 14 58
16 18 49 59
16 19 51 37
17 2 55 28
17 4 13 73
17 6 25 72
17 8 39 30
17 9 1 24
17 11 23 29
17 12 16 35
17 13 43 4
17 14 7 36
17 15 19 16
17 17 5 58
17 18 51 59
17 20 53 2
18 2 43 28
18 6 47 28
18 7 32 43
18 8 4 60
18 12 16 26
18 13 19 4
18 14 11 6
18 15 7 16
18 16 57 13
18 17 13 44
18 20 21 2
19 2 31 14
19 5 43 11
19 6 35 51
19 7 7 7
19 8 38 74
19 11 5 63
19 15 13 25
19 16 29 13
19 17 17 58
19 19 1 54
19 20 25 2
20 1 7 68
20 2 49 14
20 4 13 17
20 5 25 26
20 6 11 51
20 7 16 7
20 8 22 30
20 9 31 15
20 11 19 63
20 12 1 35
20 13 47 4
20 14 29 36
20 15 55 21
20 18 45 59
20 19 37 54
21 4 26 73
21 6 8 72
21 8 4 30
21 10 31 70
21 11 17 48
21 12 43 26
21 13 21 4
21 14 13 40
21 15 49 16
21 16 10 60
21 18 15 59
21 20 47 47
22 2 49 28
22 6 5 51
22 7 9 38
22 8 1 30
22 12 40 35
22 13 7 4
22 14 23 6
22 15 27 25
22 16 13 13
22 17 15 44
22 20 53 47
23 1 26 68
23 2 55 22
23 5 33 23
23 6 41 72
23 7 13 43
23 8 10 30
23 11 1 48
23 13 31 4
23 14 47 36
23 15 37 25
23 16 21 13
23 18 23 59
23 19 43 37
24 1 50 68
24 4 20 73
24 6 47 51
24 7 31 7
24 14 9 6
24 15 43 50
24 16 37 13
24 17 27 44
24 18 7 59
24 20 5 47
25 1 56 68
25 2 19 22
25 4 40 73
25 6 53 51
25 7 7 43
25 8 1 60
25 11 25 57
25 12 46 35
25 13 13 4
25 14 4 36
25 15 15 16
25 16 23 60
26 2 55 14
26 4 22 17
26 6 17 51
26 7 13 38
26 8 28 30
26 10 43 51
26 12 31 26
26 14 3 40
26 15 37 16
26 16 59 13
26 17 47 58
26 18 41 59
26 20 49 2
27 3 1 47
27 4 31 73
27 6 23 51
27 7 38 8
27 9 26 15
27 10 7 70
27 11 19 57
27 13 5 4
27 14 14 6
27 15 49 50
27 17 11 58
27 18 55 59
28 5 13 11
28 6 23 28
28 7 10 7
28 8 46 30
28 9 25 24
28 10 37 51
28 11 17 20
28 12 43 35
28 13 3 4
28 14 1 6
28 15 31 16
28 16 19 13
28 17 7 44
28 20 59 2
29 2 31 22
29 4 43 73
29 8 49 30
29 10 25 70
29 11 7 48
29 12 46 26
29 14 9 36
29 15 2 50
29 16 39 13
29 17 29 44
29 18 13 59
29 19 19 37
29 20 17 47
30 2 44 22
30 4 1 73
30 5 55 23
30 7 28 49
30 8 25 30
30 9 20 15
30 10 13 51
30 11 4 57
30 13 35 4
30 14 41 36
30 15 37 21
30 18 11 59
30 19 31 54
30 20 51 2
31 2 13 28
31 5 25 11
31 6 17 28
31 9 55 24
31 11 5 20
31 12 37 26
31 14 59 6
31 15 9 50
31 16 7 13
31 18 21 59
31 19 1 37
31 20 33 2
32 4 10 73
32 6 41 28
32 8 58 30
32 12 1 9
32 13 53 4
32 14 21 36
32 16 33 13
32 17 50 58
32 18 29 59
32 20 13 2
33 1 33 68
33 4 4 73
33 5 25 27
33 8 7 30
33 10 44 70
33 11 2 29
33 13 23 4
33 14 19 36
33 15 49 25
33 19 37 37
33 20 11 47
34 2 25 22
34 4 19 17
34 5 37 23
34 6 15 72
34 7 22 49
34 10 55 70
34 11 9 48
34 13 29 4
34 15 31 50
34 17 3 44
34 20 1 2
35 3 32 47
35 4 37 73
35 5 2 26
35 7 16 43
35 8 46 74
35 9 49 15
35 10 7 51
35 11 11 20
35 12 13 26
35 14 53 40
35 15 55 16
35 17 21 58
35 20 59 47
36 2 13 14
36 4 7 73
36 6 1 28
36 7 28 8
36 8 25 74
36 9 31 24
36 11 35 63
36 12 4 35
36 14 10 40
36 16 17 60
36 17 23 44
36 19 19 54
37 2 37 14
37 4 34 73
37 5 13 27
37 6 17 72
37 9 43 24
37 11 9 20
37 12 52 35
37 13 49 4
37 15 1 25
37 16 7 60
37 17 25 58
37 20 27 2
38 2 7 14
38 4 43 17
38 5 49 27
38 6 29 28
38 7 2 7
38 8 16 74
38 11 11 57
38 12 13 9
38 14 23 36
38 16 31 13
38 17 5 44
38 18 39 59
38 19 25 37
38 20 55 2
39 1 14 68
39 4 49 73
39 5 7 27
39 7 28 38
39 8 31 74
39 10 37 70
39 12 25 35
39 15 19 25
39 16 41 13
39 17 34 44
39 19 43 54
39 20 57 2
40 2 25 14
40 4 7 17
40 5 37 27
40 7 10 43
40 8 43 30
40 11 16 29
40 13 33 4
40 14 5 6
40 15 1 16
40 16 14 60
40 17 21 44
40 19 55 54
41 4 58 73
41 5 50 11
41 6 39 72
41 7 25 49
41 8 20 74
41 10 1 51
41 12 13 35
41 13 37 4
41 15 8 25
41 17 34 58
41 18 17 59
41 20 5 2
42 3 49 47
42 5 44 27
42 6 31 72
42 8 10 74
42 9 55 15
42 11 21 57
42 12 7 9
42 14 3 6
42 16 1 13
42 17 19 44
42 19 14 54
42 20 29 47
43 2 50 22
43 4 1 17
43 5 25 23
43 6 41 51
43 9 13 24
43 10 19 51
43 11 7 29
43 12 4 9
43 13 57 4
43 17 31 44
43 20 9 2
44 2 20 14
44 3 7 47
44 6 29 72
44 7 37 7
44 8 16 30
44 10 25 51
44 11 3 63
44 13 51 4
44 14 35 6
44 15 31 21
44 16 58 60
44 17 1 44
44 20 11 2
45 3 13 47
45 5 20 27
45 6 11 72
45 7 34 38
45 9 3 15
45 11 39 57
45 12 31 35
45 14 29 6
45 15 25 50
45 16 49 13
45 17 17 44
45 18 1 59
45 19 7 54
45 20 37 2
46 3 37 47
46 4 16 73
46 5 3 23
46 7 7 49
46 8 52 74
46 10 57 17
46 12 28 35
46 13 55 4
46 14 1 36
46 15 45 25
46 16 35 13
46 18 19 59
47 5 38 11
47 7 1 49
47 8 49 74
47 10 31 51
47 11 4 29
47 12 58 26
47 15 43 21
47 16 52 13
47 17 9 44
47 18 35 59
47 20 7 2
48 4 46 73
48 5 13 23
48 6 1 72
48 7 3 38
48 9 37 15
48 10 56 51
48 11 17 63
48 12 19 35
48 13 9 4
48 17 7 58
48 18 33 59
48 20 29 2
49 2 37 22
49 3 43 47
49 4 16 17
49 5 7 23
49 6 35 72
49 7 13 8
49 8 28 74
49 12 22 26
49 13 11 4
49 14 19 6
49 15 56 25
49 16 3 13
49 18 47 59
49 19 49 54
50 4 37 17
50 5 31 27
50 6 11 28
50 8 13 74
50 10 2 70
50 11 21 29
50 12 8 35
50 14 16 36
50 15 25 16
50 16 43 13
50 17 19 58
50 20 47 2
Điểm tối ưu/tốt nhất tìm được: 617
Thời gian: 90.014630 giây
Trạng thái: VALID
