147
1 1 3 2
1 3 39 10
1 4 25 24
1 5 31 17
1 6 43 13
1 8 28 25
1 9 1 23
1 10 7 14
2 1 22 2
2 3 44 10
2 4 37 24
2 5 55 17
2 7 16 3
2 8 19 25
2 9 53 23
3 1 38 2
3 3 51 10
3 4 19 24
3 5 43 17
3 8 1 25
3 9 23 23
3 10 25 14
4 1 7 2
4 3 15 10
4 4 46 24
4 5 37 17
4 6 25 13
4 7 34 3
4 8 43 25
4 9 29 23
5 1 10 5
5 2 49 3
5 3 4 10
5 4 7 24
5 6 13 13
5 7 1 3
5 8 55 25
5 9 27 23
5 10 37 14
6 1 1 5
6 3 23 10
6 4 34 24
6 6 19 13
6 8 25 25
6 9 7 23
6 10 14 14
7 1 10 2
7 3 41 10
7 4 31 24
7 6 55 13
7 7 7 3
7 8 34 25
7 9 13 23
7 10 1 14
8 1 16 5
8 3 13 10
8 4 43 24
8 7 25 3
8 8 58 25
8 9 11 23
9 1 13 2
9 3 21 10
9 4 52 24
9 5 1 17
9 8 49 25
9 9 57 23
10 1 19 2
10 3 8 10
10 4 55 24
10 5 13 17
10 6 31 13
10 7 10 3
10 8 40 25
10 9 17 23
10 10 50 14
11 1 40 5
11 3 25 10
11 4 22 24
11 7 28 3
11 8 37 25
11 9 15 23
11 10 31 14
12 1 25 5
12 3 10 10
12 4 40 24
12 7 13 3
12 8 4 25
12 9 21 23
13 1 16 2
13 3 31 10
13 4 13 24
13 6 7 13
13 7 19 3
13 8 46 25
13 9 33 23
14 1 31 2
14 2 55 3
14 3 19 10
14 4 16 24
14 5 25 17
14 6 49 13
14 7 4 3
14 8 22 25
14 9 37 23
15 1 21 5
15 3 27 10
15 4 10 24
15 5 49 17
15 6 1 13
15 7 46 3
15 8 7 25
15 9 19 23
16 1 7 5
16 3 29 10
16 4 1 24
16 7 22 3
16 8 13 25
16 9 4 23
16 10 55 14
17 1 13 5
17 3 17 10
17 4 58 24
17 6 38 13
17 8 52 25
17 9 9 23
17 10 43 14
18 1 28 2
18 2 37 3
18 3 34 10
18 4 4 24
18 5 19 17
18 7 43 3
18 8 31 25
18 9 25 23
19 1 4 5
19 3 37 10
19 4 28 24
19 5 7 17
19 8 16 25
19 9 31 23
20 1 25 2
20 3 1 10
20 4 49 24
20 7 31 3
20 8 10 25
20 9 35 23
20 10 19 14
Điểm tối ưu/tốt nhất tìm được: 147
Thời gian: 19.973139 giây
Trạng thái: VALID
