2022
1 1 1 1
1 3 16 203
1 5 13 181
1 6 7 169
1 14 9 15
1 18 43 17
1 22 23 161
1 26 11 65
1 28 40 76
1 30 31 112
1 49 46 108
1 52 37 39
1 55 4 113
1 56 25 82
1 60 19 78
2 1 7 1
2 5 22 181
2 11 5 69
2 15 1 172
2 19 10 178
2 20 25 134
2 22 28 161
2 29 13 133
2 36 15 150
2 43 34 12
2 48 19 83
2 50 37 136
2 52 31 39
2 57 39 192
2 59 17 162
3 1 4 1
3 4 43 151
3 5 7 181
3 7 1 42
3 10 23 18
3 18 46 17
3 21 10 89
3 24 25 53
3 28 28 76
3 30 19 112
3 37 31 24
3 38 37 220
3 40 49 51
3 54 13 7
3 57 17 192
4 1 10 1
4 8 31 25
4 19 1 178
4 27 16 11
4 29 7 133
4 32 37 16
4 35 21 56
4 43 40 12
4 44 19 37
4 46 27 183
4 47 35 33
4 48 13 83
4 49 43 108
4 58 4 3
4 59 25 162
5 11 7 69
5 16 13 59
5 22 25 161
5 27 19 11
5 29 5 133
5 33 22 30
5 34 15 148
5 36 9 150
5 37 37 24
5 38 33 220
5 39 1 158
5 41 27 102
5 45 11 120
5 53 43 28
5 57 31 192
6 2 1 115
6 9 29 147
6 11 10 69
6 13 4 118
6 20 19 134
6 27 22 11
6 29 15 133
6 32 43 16
6 43 17 12
6 46 31 183
6 51 25 98
6 52 46 39
6 54 37 7
6 55 7 113
6 59 13 162
7 3 31 203
7 5 19 181
7 12 13 23
7 14 4 15
7 17 17 14
7 18 49 17
7 28 34 76
7 30 37 112
7 38 43 220
7 39 7 158
7 40 52 51
7 47 11 33
7 48 22 83
7 54 25 7
7 55 1 113
8 5 10 181
8 7 4 42
8 9 34 147
8 10 39 18
8 11 1 69
8 17 37 14
8 28 31 76
8 31 29 99
8 33 17 30
8 34 7 148
8 37 43 24
8 46 13 183
8 50 23 136
8 54 19 7
8 60 25 78
9 1 13 1
9 3 25 203
9 4 28 151
9 5 16 181
9 12 19 23
9 17 34 14
9 22 11 161
9 26 7 65
9 29 9 133
9 30 43 112
9 47 37 33
9 48 4 83
9 49 31 108
9 57 23 192
9 58 1 3
10 11 13 69
10 16 7 59
10 17 43 14
10 18 37 17
10 19 4 178
10 20 22 134
10 21 25 89
10 22 31 161
10 24 28 53
10 27 9 11
10 33 19 30
10 35 15 56
10 45 1 120
10 47 40 33
10 50 33 136
11 1 16 1
11 2 4 115
11 8 43 25
11 10 31 18
11 16 19 59
11 23 7 79
11 26 21 65
11 35 28 56
11 36 1 150
11 43 23 12
11 44 13 37
11 46 37 183
11 48 25 83
11 55 10 113
11 57 33 192
12 1 19 1
12 11 3 69
12 15 7 172
12 18 40 17
12 22 35 161
12 26 13 65
12 28 22 76
12 29 1 133
12 37 25 24
12 44 11 37
12 45 5 120
12 46 43 183
12 47 29 33
12 54 31 7
12 60 15 78
13 1 22 1
13 3 19 203
13 8 13 25
13 17 41 14
13 18 28 17
13 24 31 53
13 29 3 133
13 31 5 99
13 38 49 220
13 42 37 85
13 48 10 83
13 49 34 108
13 50 1 136
13 52 25 39
13 58 7 3
14 4 37 151
14 6 1 169
14 18 52 17
14 19 7 178
14 31 23 99
14 33 25 30
14 35 10 56
14 36 3 150
14 38 55 220
14 44 5 37
14 50 16 136
14 51 19 98
14 55 13 113
14 56 31 82
14 57 27 192
15 2 7 115
15 4 31 151
15 15 13 172
15 16 4 59
15 24 34 53
15 28 37 76
15 39 19 158
15 42 43 85
15 43 10 12
15 44 17 37
15 48 1 83
15 49 40 108
15 50 28 136
15 53 49 28
15 55 25 113
16 9 17 147
16 10 41 18
16 11 15 69
16 12 7 23
16 13 1 118
16 20 28 134
16 34 4 148
16 37 49 24
16 40 25 51
16 43 13 12
16 46 19 183
16 49 55 108
16 52 34 39
16 56 37 82
16 59 11 162
17 1 25 1
17 10 35 18
17 15 19 172
17 16 1 59
17 20 13 134
17 21 23 89
17 22 16 161
17 26 5 65
17 43 37 12
17 45 3 120
17 46 7 183
17 52 28 39
17 54 43 7
17 57 11 192
17 60 31 78
18 7 7 42
18 8 21 25
18 10 47 18
18 11 19 69
18 12 1 23
18 17 29 14
18 22 5 161
18 24 37 53
18 27 13 11
18 30 25 112
18 31 35 99
18 34 10 148
18 41 31 102
18 55 16 113
18 56 43 82
19 2 10 115
19 4 40 151
19 10 43 18
19 11 17 69
19 18 37 84
19 19 13 178
19 30 55 112
19 32 25 16
19 33 7 30
19 41 19 102
19 43 28 12
19 44 1 37
19 51 3 98
19 53 31 28
19 56 49 82
20 2 13 115
20 7 10 42
20 12 31 23
20 13 7 118
20 15 25 172
20 20 3 134
20 24 43 53
20 26 1 65
20 29 19 133
20 38 49 107
20 41 37 102
20 42 55 85
20 47 46 33
20 56 21 82
20 58 16 3
21 1 28 1
21 3 3 203
21 7 19 42
21 11 22 69
21 12 37 23
21 17 49 14
21 18 25 17
21 22 7 161
21 24 46 53
21 31 17 99
21 32 9 16
21 33 1 30
21 38 31 107
21 39 13 158
21 56 55 82
22 7 13 42
22 8 7 25
22 11 25 69
22 15 31 172
22 18 40 84
22 19 16 178
22 24 22 53
22 25 1 200
22 33 3 30
22 36 5 150
22 37 55 24
22 43 43 12
22 55 19 113
22 56 27 212
22 57 35 192
23 3 9 203
23 8 25 25
23 10 17 18
23 14 1 15
23 18 22 17
23 19 19 178
23 28 43 76
23 30 49 112
23 31 41 99
23 36 7 150
23 38 37 107
23 41 13 102
23 46 3 183
23 49 58 108
23 56 31 212
24 1 31 1
24 2 16 115
24 3 22 203
24 4 25 151
24 5 1 181
24 9 37 147
24 10 28 18
24 17 39 14
24 21 7 89
24 22 9 161
24 29 11 133
24 32 4 16
24 34 19 148
24 36 13 150
24 42 49 85
25 2 19 115
25 9 13 147
25 14 7 15
25 16 9 59
25 17 47 14
25 20 31 134
25 28 25 76
25 29 17 133
25 30 3 112
25 38 43 107
25 40 22 51
25 43 15 12
25 46 49 183
25 50 11 136
25 59 1 162
26 2 22 115
26 3 34 203
26 8 1 25
26 13 10 118
26 15 37 172
26 16 16 59
26 21 5 89
26 28 49 76
26 37 55 208
26 39 25 158
26 43 19 12
26 52 7 39
26 56 43 212
26 58 13 3
27 2 25 115
27 12 43 23
27 18 28 84
27 23 1 79
27 31 47 99
27 32 19 16
27 39 31 158
27 46 55 183
27 51 13 98
27 52 4 39
27 53 49 38
27 55 22 113
27 57 7 192
27 58 10 3
27 60 37 78
28 1 34 1
28 3 13 203
28 4 46 151
28 6 3 169
28 12 49 23
28 18 31 17
28 23 10 79
28 29 21 133
28 33 5 30
28 34 25 148
28 37 37 208
28 45 7 120
28 52 16 39
28 55 28 113
28 57 1 192
29 5 4 181
29 9 19 147
29 10 49 18
29 14 11 15
29 15 43 172
29 16 21 59
29 20 16 134
29 25 9 200
29 27 1 11
29 38 27 220
29 39 37 158
29 42 31 85
29 43 25 12
29 44 7 37
29 52 13 39
30 10 37 18
30 13 13 118
30 18 16 17
30 20 34 134
30 24 4 53
30 29 23 133
30 33 11 30
30 34 1 148
30 37 27 208
30 38 55 107
30 40 31 51
30 46 19 182
30 47 43 33
30 51 7 98
30 57 25 192
31 1 37 1
31 5 25 181
31 9 40 147
31 13 16 118
31 14 13 15
31 19 22 178
31 22 19 161
31 31 49 99
31 35 1 56
31 36 11 150
31 38 55 179
31 43 4 12
31 46 7 182
31 55 31 113
31 60 43 78
32 15 49 172
32 16 11 59
32 21 1 89
32 25 7 200
32 26 9 65
32 27 4 11
32 30 19 128
32 36 17 150
32 37 25 157
32 39 43 158
32 41 55 102
32 46 13 182
32 52 40 39
32 55 34 113
33 2 28 115
33 4 22 151
33 12 55 23
33 13 19 118
33 22 1 161
33 23 4 79
33 24 40 53
33 33 13 30
33 38 49 27
33 40 34 51
33 41 43 102
33 48 7 83
33 52 10 39
33 56 15 212
33 57 37 192
34 1 40 1
34 5 33 181
34 8 49 25
34 10 45 18
34 12 1 90
34 13 22 118
34 16 31 59
34 17 11 14
34 18 55 17
34 19 25 178
34 23 13 79
34 29 28 133
34 37 7 24
34 58 19 3
34 59 5 162
35 1 43 1
35 4 52 151
35 13 25 118
35 24 49 53
35 27 28 11
35 29 31 133
35 32 33 16
35 33 15 30
35 37 37 157
35 38 55 27
35 43 1 12
35 50 5 136
35 54 7 7
35 56 19 212
35 59 3 162
36 8 55 25
36 13 28 118
36 14 15 15
36 19 31 178
36 26 3 65
36 27 25 11
36 33 34 30
36 37 43 208
36 45 9 120
36 47 1 33
36 49 40 154
36 55 37 113
36 56 19 63
36 60 49 78
37 5 37 181
37 9 5 147
37 12 25 23
37 22 13 161
37 23 16 79
37 26 19 65
37 28 46 76
37 31 11 99
37 34 22 148
37 39 49 158
37 40 40 51
37 42 55 124
37 46 1 182
37 48 31 83
37 56 7 212
38 1 46 1
38 5 28 181
38 6 5 169
38 9 7 147
38 14 17 15
38 18 22 84
38 25 11 200
38 28 19 76
38 30 13 112
38 33 9 30
38 39 55 158
38 53 31 38
38 55 40 113
38 56 1 212
38 57 43 192
39 3 28 203
39 4 10 151
39 18 25 84
39 22 33 161
39 23 19 79
39 25 5 200
39 26 15 65
39 35 7 56
39 37 43 157
39 38 55 19
39 41 37 216
39 43 31 12
39 44 3 37
39 50 13 136
39 54 49 7
40 1 49 1
40 3 43 203
40 8 37 25
40 9 1 147
40 13 31 118
40 22 3 161
40 23 22 79
40 27 34 11
40 30 25 128
40 32 15 16
40 41 7 102
40 45 13 120
40 49 19 108
40 56 55 212
41 1 52 1
41 9 11 147
41 11 27 69
41 14 19 15
41 17 25 14
41 28 21 81
41 30 13 128
41 32 1 16
41 34 31 148
41 35 4 56
41 43 7 12
41 44 9 37
41 47 17 33
41 54 55 7
41 56 37 212
42 5 40 181
42 13 34 118
42 15 55 172
42 17 19 14
42 26 17 65
42 27 31 11
42 29 25 133
42 31 9 99
42 35 37 56
42 38 1 220
42 42 13 85
42 43 21 12
42 47 5 33
42 55 43 113
42 59 7 162
43 2 31 115
43 12 7 90
43 20 40 134
43 24 34 68
43 27 37 11
43 31 13 99
43 33 27 30
43 41 19 216
43 45 15 120
43 51 49 98
43 55 46 113
43 56 55 63
43 60 1 78
44 2 34 115
44 4 49 151
44 9 31 147
44 11 29 69
44 16 23 59
44 20 7 134
44 28 10 76
44 32 40 16
44 38 43 27
44 41 1 102
44 44 15 37
44 46 25 182
44 52 19 39
44 53 55 28
45 1 55 1
45 10 5 18
45 11 31 69
45 13 37 118
45 14 21 15
45 21 13 89
45 30 7 112
45 31 19 99
45 32 28 16
45 35 25 56
45 37 43 77
45 48 16 83
45 51 33 98
45 54 1 7
45 56 49 212
46 2 37 115
46 7 16 42
46 9 49 147
46 19 28 178
46 22 21 161
46 23 25 79
46 25 3 200
46 26 23 65
46 31 1 99
46 32 46 16
46 36 19 150
46 40 43 51
46 42 31 124
46 57 5 192
46 59 9 162
47 5 43 181
47 11 37 69
47 13 40 118
47 18 4 17
47 19 34 178
47 23 28 79
47 25 13 200
47 36 25 150
47 38 7 220
47 42 55 184
47 49 49 108
47 52 1 39
47 53 15 28
47 58 22 3
48 5 46 181
48 7 22 42
48 8 1 31
48 20 10 134
48 22 41 161
48 26 25 65
48 29 33 133
48 32 55 16
48 35 43 56
48 37 13 24
48 38 27 107
48 43 53 12
48 46 49 182
48 51 37 98
48 52 58 39
49 2 40 115
49 3 37 203
49 8 7 31
49 14 23 15
49 29 35 133
49 31 15 99
49 32 58 16
49 35 31 56
49 41 49 102
49 46 43 182
49 47 13 33
49 48 28 83
49 50 19 136
49 56 1 63
50 4 1 151
50 5 49 181
50 8 19 31
50 9 9 147
50 14 25 15
50 16 27 59
50 19 37 178
50 22 47 161
50 23 31 79
50 25 17 200
50 26 29 65
50 33 40 30
50 35 34 56
50 51 43 98
50 59 15 162
51 11 33 69
51 16 25 59
51 17 5 14
51 19 40 178
51 23 37 79
51 25 15 200
51 26 27 65
51 32 22 16
51 43 46 12
51 45 17 120
51 48 43 83
51 54 1 122
51 57 13 192
51 59 19 162
51 60 7 78
52 3 40 203
52 7 25 42
52 17 1 14
52 21 3 89
52 23 34 79
52 26 31 65
52 28 13 76
52 29 37 133
52 36 21 150
52 37 49 208
52 44 23 37
52 47 53 33
52 50 43 136
52 54 7 122
52 57 19 192
53 3 46 203
53 4 13 151
53 5 52 181
53 14 27 15
53 17 55 14
53 23 40 79
53 25 19 200
53 27 43 11
53 30 7 128
53 31 25 99
53 36 23 150
53 41 1 216
53 42 31 184
53 44 21 37
53 52 49 39
54 6 9 169
54 7 28 42
54 9 25 147
54 14 31 15
54 16 35 59
54 27 40 11
54 31 7 99
54 34 37 148
54 36 33 150
54 37 1 24
54 41 13 216
54 45 19 120
54 53 21 28
54 55 49 113
54 60 55 78
55 1 58 1
55 2 43 115
55 3 49 203
55 11 35 69
55 14 29 15
55 16 33 59
55 17 7 14
55 35 40 56
55 44 31 37
55 48 37 83
55 50 3 136
55 52 22 39
55 57 9 192
55 58 25 3
56 6 11 169
56 11 39 69
56 12 13 90
56 13 43 118
56 14 33 15
56 28 7 76
56 30 1 128
56 31 21 99
56 32 52 16
56 34 49 148
56 36 27 150
56 43 55 12
56 48 46 83
57 5 55 181
57 7 31 42
57 10 11 18
57 13 46 118
57 19 43 178
57 20 52 134
57 22 37 161
57 23 49 79
57 25 21 200
57 29 39 133
57 34 28 148
57 41 7 216
57 57 15 192
57 60 1 49
58 10 13 18
58 11 41 69
58 16 37 59
58 18 9 17
58 24 1 53
58 26 33 65
58 29 43 133
58 31 31 99
58 43 49 12
58 47 15 33
58 49 4 108
58 50 7 136
58 58 28 3
59 4 4 151
59 8 13 31
59 10 19 18
59 11 43 69
59 13 49 118
59 21 17 89
59 24 52 53
59 28 1 76
59 29 41 133
59 34 34 148
59 43 59 12
59 44 25 37
59 51 55 98
59 56 7 63
59 59 21 162
60 9 43 147
60 20 37 134
60 24 13 53
60 33 29 30
60 38 31 19
60 43 57 12
60 44 27 37
60 45 21 120
60 47 19 33
60 50 25 136
60 51 1 217
60 55 52 113
60 57 41 192
60 59 23 162
60 60 7 49
61 5 58 181
61 11 45 69
61 18 1 17
61 22 43 161
61 24 7 53
61 26 35 65
61 28 4 76
61 32 49 16
61 33 37 30
61 34 40 148
61 41 25 216
61 46 31 182
61 49 10 108
61 50 21 136
61 57 29 192
62 3 52 203
62 5 1 32
62 6 13 169
62 12 19 90
62 16 29 59
62 18 34 17
62 27 46 11
62 38 37 19
62 47 23 33
62 51 7 217
62 52 43 39
62 53 55 38
62 54 15 122
62 56 25 63
63 2 46 115
63 5 4 32
63 7 34 42
63 11 49 69
63 14 37 15
63 16 39 59
63 22 51 161
63 24 10 53
63 32 1 93
63 33 31 30
63 36 29 150
63 38 13 220
63 42 25 85
63 45 23 120
63 54 19 122
64 3 7 180
64 6 15 169
64 7 37 42
64 8 1 174
64 9 47 147
64 16 41 59
64 23 52 79
64 25 23 200
64 28 10 81
64 29 45 133
64 46 55 182
64 51 19 217
64 58 31 3
64 59 27 162
65 2 49 115
65 6 17 169
65 8 25 31
65 13 52 118
65 23 43 79
65 27 55 11
65 30 37 128
65 35 46 56
65 40 58 51
65 42 7 85
65 43 1 156
65 56 13 63
65 57 3 192
65 58 34 3
66 4 7 151
66 6 19 169
66 7 40 42
66 10 1 18
66 12 27 90
66 16 43 59
66 17 13 14
66 21 15 89
66 22 45 161
66 32 4 93
66 41 49 216
66 45 25 120
66 54 31 122
66 55 55 113
67 9 21 147
67 10 55 18
67 17 9 14
67 20 46 134
67 24 16 53
67 25 25 200
67 28 52 76
67 34 43 148
67 41 31 216
67 44 29 37
67 45 27 120
67 46 1 91
67 47 7 33
67 55 58 113
67 58 37 3
68 3 58 203
68 7 43 42
68 12 31 90
68 13 55 118
68 17 51 14
68 24 19 53
68 29 47 133
68 41 1 215
68 45 29 120
68 49 22 108
68 51 13 217
68 53 7 28
68 54 25 122
68 58 40 3
69 2 52 115
69 5 7 32
69 7 46 42
69 18 19 17
69 20 43 134
69 25 29 200
69 27 58 11
69 28 1 81
69 29 49 133
69 32 10 93
69 41 13 215
69 48 34 83
69 51 25 217
69 52 55 39
70 4 4 173
70 8 31 31
70 12 37 90
70 17 23 14
70 19 46 178
70 25 27 200
70 26 41 65
70 27 1 130
70 29 51 133
70 30 19 149
70 32 7 93
70 40 10 167
70 54 55 122
70 60 13 49
71 2 55 115
71 5 10 32
71 9 23 147
71 21 19 89
71 27 49 11
71 33 43 30
71 35 52 56
71 41 45 216
71 42 13 124
71 44 33 37
71 46 37 182
71 49 1 108
71 57 21 192
72 12 43 90
72 18 19 84
72 25 37 200
72 27 52 11
72 30 55 128
72 32 13 93
72 40 28 51
72 44 35 37
72 48 40 83
72 49 25 108
72 51 31 217
72 52 16 57
72 54 1 198
72 56 7 87
73 3 55 203
73 5 13 32
73 6 21 169
73 9 27 147
73 10 7 18
73 11 47 69
73 12 49 90
73 18 3 84
73 20 58 134
73 22 1 211
73 26 43 65
73 29 53 133
73 44 37 37
73 50 9 136
73 51 39 217
74 2 58 115
74 8 37 31
74 14 35 15
74 19 49 178
74 22 3 211
74 28 13 81
74 29 55 133
74 30 31 128
74 32 16 93
74 38 19 220
74 40 46 51
74 46 7 91
74 48 52 83
74 53 25 28
75 3 1 180
75 6 23 169
75 7 49 42
75 11 52 69
75 13 58 118
75 26 37 65
75 31 27 99
75 33 45 30
75 38 7 107
75 40 4 167
75 45 31 120
75 48 55 83
75 59 29 162
76 4 7 173
76 8 43 31
76 9 52 147
76 18 10 84
76 29 57 133
76 35 1 129
76 38 19 107
76 40 25 167
76 44 39 37
76 45 33 120
76 46 13 91
76 48 49 83
76 49 28 108
77 8 13 174
77 14 39 15
77 18 49 84
77 23 46 79
77 24 55 53
77 27 4 130
77 34 52 148
77 40 1 167
77 46 19 91
77 48 58 83
77 53 25 38
77 54 7 198
77 56 31 63
77 58 43 3
78 6 25 169
78 14 41 15
78 20 49 134
78 28 16 76
78 29 59 133
78 34 55 148
78 36 31 150
78 41 7 215
78 46 27 91
78 47 5 45
78 53 1 28
78 58 46 3
78 59 33 162
78 60 19 49
79 6 27 169
79 7 52 42
79 22 59 161
79 26 39 65
79 31 37 99
79 33 49 30
79 34 46 148
79 38 3 107
79 42 19 85
79 45 35 120
79 46 31 91
79 50 41 136
79 57 1 222
79 60 55 49
80 5 16 32
80 6 29 169
80 7 55 42
80 9 45 147
80 10 25 18
80 17 27 14
80 20 1 186
80 22 49 161
80 24 58 53
80 28 4 81
80 32 19 93
80 40 7 167
80 45 37 120
80 46 39 91
81 4 16 151
81 10 3 18
81 14 43 15
81 18 13 17
81 20 55 134
81 25 33 200
81 35 49 56
81 36 35 150
81 41 19 215
81 44 41 37
81 52 52 39
81 53 37 28
81 59 31 162
82 3 4 180
82 6 31 169
82 7 58 42
82 10 15 18
82 14 45 15
82 18 7 84
82 21 21 89
82 31 33 99
82 36 37 150
82 47 25 33
82 54 39 122
82 57 47 192
82 58 49 3
83 4 19 151
83 19 52 178
83 25 31 200
83 33 47 30
83 40 55 51
83 45 39 120
83 48 1 194
83 49 4 154
83 51 43 217
83 53 7 38
83 54 13 198
83 57 49 192
84 6 33 169
84 11 55 69
84 12 57 90
84 14 47 15
84 23 1 27
84 24 13 68
84 27 7 130
84 35 10 129
84 38 19 19
84 41 25 215
84 48 4 194
84 50 31 136
84 54 43 122
84 57 51 192
85 5 19 32
85 12 1 168
85 14 49 15
85 17 31 14
85 18 13 84
85 24 7 68
85 27 10 130
85 28 55 76
85 34 58 148
85 36 39 150
85 42 25 124
85 49 16 108
85 56 43 63
86 4 19 173
86 5 22 32
86 8 7 174
86 11 58 69
86 19 55 178
86 22 39 161
86 30 43 128
86 31 4 152
86 33 53 30
86 34 1 138
86 40 31 167
86 54 49 122
86 56 13 87
86 59 35 162
86 60 25 49
87 3 10 180
87 5 25 32
87 17 53 14
87 21 28 89
87 23 55 79
87 31 43 99
87 37 19 24
87 38 13 107
87 42 45 124
87 49 7 108
87 52 1 57
87 56 39 63
87 59 37 162
88 4 10 173
88 5 28 32
88 10 33 18
88 17 5 179
88 22 55 161
88 23 58 79
88 24 1 68
88 25 35 200
88 36 41 150
88 42 13 184
88 47 31 33
88 50 39 136
88 54 19 198
88 57 45 192
88 58 52 3
89 10 57 18
89 16 45 59
89 20 4 186
89 24 16 68
89 43 51 12
89 44 43 37
89 47 21 33
89 48 7 194
89 49 13 108
89 52 10 57
89 57 53 192
89 59 39 162
90 18 31 84
90 19 58 178
90 20 7 186
90 22 53 161
90 26 47 65
90 33 55 30
90 37 13 208
90 38 19 171
90 40 37 51
90 43 3 156
90 44 45 37
90 51 49 217
90 54 25 198
91 4 16 173
91 9 55 147
91 14 51 15
91 16 47 59
91 20 10 186
91 22 57 161
91 27 13 130
91 30 1 149
91 42 25 184
91 43 5 156
91 49 37 108
91 53 19 38
91 54 31 198
91 59 41 162
92 5 31 32
92 6 35 169
92 16 49 59
92 21 47 89
92 22 5 211
92 37 1 208
92 45 41 120
92 46 43 91
92 49 52 108
92 53 13 38
92 54 37 198
92 57 55 192
93 5 34 32
93 10 53 18
93 18 16 84
93 23 4 27
93 31 51 99
93 34 13 138
93 41 37 215
93 44 47 37
93 51 7 36
93 52 19 57
93 53 43 38
93 57 58 192
93 58 55 3
94 6 37 169
94 12 7 168
94 16 51 59
94 22 11 211
94 23 13 27
94 31 39 99
94 40 19 167
94 43 16 156
94 44 49 37
94 45 43 120
94 49 22 154
94 50 35 136
94 57 3 222
95 4 34 151
95 8 19 174
95 14 53 15
95 17 15 14
95 18 31 175
95 25 39 200
95 32 25 93
95 33 58 30
95 35 55 56
95 46 49 91
95 50 45 136
95 53 7 197
95 56 1 87
95 57 5 222
96 3 13 180
96 4 25 173
96 6 39 169
96 8 49 31
96 14 55 15
96 25 41 200
96 27 16 130
96 35 7 129
96 36 43 150
96 49 10 154
96 51 1 36
96 56 19 87
96 58 58 3
97 6 41 169
97 10 51 18
97 14 57 15
97 17 59 14
97 28 16 81
97 34 4 138
97 36 45 150
97 37 19 208
97 42 37 124
97 48 10 194
97 52 7 57
97 57 13 222
97 60 31 49
98 5 37 32
98 6 43 169
98 16 53 59
98 22 13 211
98 26 49 65
98 27 19 130
98 34 7 138
98 35 4 129
98 38 15 19
98 45 45 120
98 47 33 33
98 51 55 217
98 53 25 197
99 3 16 180
99 10 59 18
99 17 21 14
99 28 7 81
99 40 13 167
99 45 47 120
99 46 55 91
99 49 1 154
99 54 43 198
99 56 49 63
99 57 10 222
100 3 19 180
100 8 55 31
100 14 59 15
100 21 31 89
100 27 22 130
100 31 45 99
100 34 10 138
100 40 28 167
100 46 1 116
100 47 49 33
100 51 13 36
100 53 37 38
101 3 22 180
101 8 25 174
101 12 13 168
101 22 7 211
101 24 10 68
101 25 43 200
101 30 49 128
101 38 45 19
101 47 55 33
101 49 19 154
101 52 4 57
101 53 31 197
102 8 31 174
102 17 3 14
102 20 16 186
102 27 25 130
102 40 43 167
102 46 7 116
102 48 13 194
102 49 28 154
102 52 22 57
102 60 37 49
103 5 40 32
103 8 57 174
103 16 55 59
103 17 11 179
103 23 7 27
103 25 53 200
103 26 45 65
103 30 13 149
103 33 51 30
103 36 47 150
103 41 31 215
103 42 1 85
103 45 49 120
103 57 17 222
104 8 37 174
104 27 28 130
104 28 25 81
104 32 43 93
104 40 46 167
104 41 55 216
104 44 53 37
104 45 51 120
104 46 19 116
104 48 16 194
104 52 13 57
104 56 31 87
105 4 22 173
105 16 57 59
105 17 45 14
105 27 31 130
105 30 7 149
105 38 1 19
105 40 34 167
105 43 11 156
105 44 51 37
105 47 59 33
105 48 19 194
105 49 25 154
105 57 15 222
106 4 1 173
106 9 15 147
106 10 4 46
106 16 59 59
106 17 57 14
106 23 10 27
106 26 51 65
106 28 31 81
106 30 25 149
106 31 53 99
106 36 49 150
106 44 55 37
106 48 22 194
107 4 55 151
107 6 45 169
107 8 49 174
107 17 23 179
107 18 7 175
107 20 13 186
107 21 33 89
107 23 16 27
107 24 4 68
107 28 58 76
108 3 28 180
108 5 43 32
108 9 3 147
108 16 1 58
108 23 19 27
108 28 34 81
108 34 16 138
108 35 58 56
108 37 9 208
108 43 7 156
108 48 25 194
108 60 49 49
109 5 46 32
109 25 55 200
109 26 53 65
109 27 34 130
109 40 16 167
109 44 57 37
109 47 3 33
109 51 19 36
109 54 49 198
109 56 25 87
109 57 7 222
110 18 58 17
110 20 19 186
110 23 22 27
110 25 45 200
110 40 49 167
110 42 13 123
110 43 9 156
110 47 7 45
110 52 25 57
110 53 1 38
110 56 37 87
111 18 22 175
111 21 35 89
111 22 9 211
111 23 25 27
111 30 55 93
111 34 19 138
111 36 51 150
111 47 11 45
111 48 28 194
111 49 13 154
111 50 49 136
111 53 1 197
111 59 43 162
111 60 45 49
112 17 41 179
112 22 17 211
112 23 28 27
112 25 47 200
112 30 49 93
112 31 3 99
112 36 53 150
112 40 37 167
112 46 13 116
112 48 31 194
112 49 7 154
112 52 34 57
112 53 19 197
112 54 55 198
113 8 13 179
113 12 19 168
113 16 3 58
113 17 17 179
113 26 55 65
113 31 57 99
113 32 28 93
113 43 23 156
113 47 9 33
113 50 47 136
113 53 37 197
113 59 45 162
114 8 43 174
114 12 25 168
114 18 34 84
114 22 15 211
114 24 19 68
114 26 57 65
114 27 37 130
114 31 59 99
114 34 22 138
114 36 55 150
114 40 40 167
114 41 49 215
114 45 53 120
115 5 49 32
115 9 57 147
115 17 29 179
115 18 43 84
115 21 37 89
115 24 22 68
115 31 55 99
115 44 59 37
116 5 52 32
116 6 47 169
116 8 1 179
116 9 59 147
116 16 5 58
116 18 55 84
116 28 28 81
116 30 31 149
116 31 7 152
116 49 16 154
116 56 43 87
116 59 49 162
117 23 31 27
117 28 37 81
117 32 22 93
117 35 13 129
117 36 57 150
117 41 43 215
117 44 1 51
117 51 25 36
117 53 7 224
117 54 3 141
117 56 49 87
117 57 19 222
118 4 31 173
118 5 55 32
118 8 19 179
118 10 11 46
118 17 35 179
118 21 39 89
118 24 28 68
118 26 59 65
118 30 43 149
118 34 25 138
118 41 1 175
118 54 7 141
118 56 13 121
119 17 47 179
119 21 41 89
119 30 37 149
119 31 1 152
119 36 59 150
119 40 22 167
119 41 55 215
119 42 7 124
119 43 13 156
119 44 3 51
119 47 27 33
119 48 34 194
120 4 13 173
120 6 49 169
120 10 9 18
120 17 53 179
120 18 46 84
120 25 51 200
120 27 40 130
120 28 43 81
120 35 16 129
120 45 55 120
120 48 37 194
120 49 1 44
120 51 31 36
120 56 57 87
120 57 21 222
121 8 31 179
121 9 5 31
121 25 49 200
121 28 40 81
121 31 9 152
121 35 19 129
121 40 52 167
121 42 43 184
121 43 29 156
121 46 25 116
121 49 37 154
121 54 13 141
121 56 1 121
122 10 17 46
122 16 7 58
122 24 25 68
122 27 43 130
122 30 49 149
122 42 21 124
122 43 19 156
122 44 5 51
122 45 57 120
122 53 13 197
122 56 9 121
122 60 1 9
123 5 58 32
123 6 51 169
123 8 25 179
123 12 31 168
123 17 5 49
123 21 43 89
123 22 19 211
123 33 1 139
123 41 13 175
123 44 7 51
123 50 53 136
123 51 37 36
123 52 45 57
123 60 9 9
124 4 58 151
124 8 37 179
124 9 11 31
124 16 9 58
124 21 49 89
124 24 31 68
124 27 46 130
124 54 19 141
124 59 51 162
125 4 34 173
125 5 1 111
125 6 53 169
125 8 43 179
125 9 17 31
125 12 37 168
125 17 59 179
125 27 49 130
125 30 55 149
125 33 4 139
125 34 28 138
125 38 7 19
125 40 13 4
125 49 31 154
126 5 4 111
126 6 55 169
126 9 29 31
126 16 11 58
126 22 21 211
126 26 1 82
126 27 52 130
126 33 7 139
126 40 57 167
126 56 25 121
126 57 23 222
126 59 47 162
126 60 13 9
127 5 7 111
127 16 13 58
127 22 23 211
127 25 57 200
127 26 3 82
127 28 46 81
127 30 15 21
127 34 31 138
127 38 25 19
127 45 59 120
127 47 51 33
127 49 34 154
127 59 53 162
128 10 7 46
128 16 15 58
128 20 22 186
128 21 53 89
128 23 34 27
128 27 55 130
128 40 1 4
128 46 37 116
128 51 43 36
128 56 49 121
128 57 25 222
129 4 37 173
129 16 17 58
129 34 34 138
129 35 22 129
129 43 31 156
129 44 9 51
129 51 49 36
129 53 43 197
129 54 25 141
130 3 25 180
130 6 57 169
130 10 15 46
130 12 43 168
130 16 19 58
130 22 28 211
130 27 1 137
130 28 49 81
130 30 31 21
130 33 9 139
130 47 13 45
130 48 40 194
130 52 37 57
130 60 21 9
131 3 31 180
131 24 37 68
131 26 5 82
131 28 52 81
131 33 13 139
131 35 25 129
131 43 21 156
131 44 11 51
131 48 43 194
131 51 55 36
132 3 37 180
132 8 49 179
132 17 11 49
132 18 58 84
132 38 7 171
132 46 31 116
132 51 1 97
132 52 28 57
132 56 19 121
132 57 35 222
133 18 55 180
133 22 25 211
133 25 59 200
133 26 11 82
133 30 1 21
133 31 13 152
133 35 28 129
133 40 16 4
133 46 43 116
133 50 51 136
133 51 7 97
133 54 31 141
134 5 10 111
134 12 49 168
134 16 21 58
134 18 58 180
134 21 45 89
134 24 40 68
134 26 7 82
134 31 15 152
134 41 25 175
134 52 31 57
134 57 29 222
134 59 55 162
135 3 34 180
135 6 59 169
135 10 21 18
135 12 55 168
135 28 3 96
135 31 17 152
135 33 11 139
135 42 49 124
135 43 25 156
135 47 9 45
135 50 7 199
135 57 27 222
135 59 1 202
136 4 28 173
136 5 13 111
136 21 51 89
136 26 9 82
136 28 55 81
136 32 40 93
136 34 37 138
136 49 58 154
136 51 19 97
136 54 43 141
136 56 31 121
137 18 10 175
137 25 1 2
137 27 58 130
137 40 7 4
137 44 13 51
137 46 49 116
137 48 46 194
137 56 37 121
137 59 3 202
138 3 43 180
138 16 23 58
138 18 19 175
138 24 46 68
138 25 3 2
138 26 13 82
138 28 7 96
138 34 40 138
138 54 49 141
138 56 55 121
138 60 25 9
139 3 46 180
139 9 23 31
139 18 52 84
139 20 25 186
139 26 17 82
139 27 4 137
139 34 43 138
139 43 33 156
139 44 15 51
139 46 7 179
139 48 49 194
139 54 37 141
139 59 57 162
140 4 40 173
140 18 52 175
140 22 35 211
140 24 49 68
140 25 5 2
140 27 7 137
140 28 58 81
140 32 37 93
140 33 15 139
140 49 55 154
140 53 19 224
140 56 43 121
140 60 31 9
141 4 43 173
141 16 25 58
141 20 28 186
141 25 7 2
141 32 31 93
141 34 46 138
141 43 35 156
141 48 52 194
141 51 13 97
141 52 40 57
141 53 19 77
141 54 55 141
142 3 49 180
142 4 3 190
142 16 27 58
142 20 34 186
142 30 7 21
142 32 46 93
142 35 31 129
142 48 55 194
142 50 1 199
142 52 52 57
142 59 59 162
142 60 37 9
143 10 13 46
143 16 29 58
143 22 31 211
143 26 15 82
143 27 10 137
143 28 19 96
143 31 22 152
143 43 27 156
143 49 52 154
143 50 55 136
143 52 49 57
143 54 1 77
143 60 43 9
144 4 46 173
144 21 59 89
144 30 19 21
144 33 17 139
144 37 31 208
144 38 13 171
144 40 37 4
144 46 55 116
144 50 3 199
144 53 25 224
144 54 7 77
144 60 49 9
145 4 55 173
145 17 17 49
145 23 37 27
145 28 10 96
145 32 34 93
145 42 1 124
145 43 40 156
145 49 43 154
145 51 25 97
145 53 49 197
145 59 5 202
146 3 40 180
146 10 9 46
146 12 1 184
146 21 5 209
146 33 19 139
146 47 15 45
146 51 31 97
146 60 55 9
147 4 49 173
147 9 47 31
147 21 55 89
147 22 37 211
147 23 40 27
147 31 19 152
147 33 21 139
147 35 34 129
147 40 10 4
147 44 17 51
147 47 23 45
147 48 58 194
147 50 5 199
147 52 1 73
148 3 52 180
148 5 16 111
148 10 1 46
148 18 40 175
148 22 33 211
148 27 13 137
148 35 37 129
148 40 19 4
148 46 55 138
148 52 4 73
148 59 7 202
149 5 19 111
149 10 25 46
149 16 31 58
149 17 23 49
149 35 40 129
149 38 49 19
149 43 37 156
149 48 1 224
149 49 46 154
149 56 7 35
150 5 22 111
150 17 29 49
150 25 9 2
150 28 25 96
150 34 49 138
150 35 43 129
150 42 37 184
150 43 46 156
150 44 19 51
150 52 55 57
150 53 31 224
150 56 13 35
150 60 1 117
Điểm tối ưu/tốt nhất tìm được: 2022
Thời gian: 360.020358 giây
Trạng thái: VALID
