493
1 2 13 62
1 3 19 71
1 5 23 17
1 6 9 14
1 7 43 47
1 8 1 15
1 9 7 70
1 10 49 75
1 11 31 61
1 13 46 52
1 14 4 33
1 16 17 67
1 17 37 32
1 18 25 13
1 20 34 23
2 2 19 62
2 3 25 71
2 5 11 17
2 6 13 14
2 8 4 15
2 10 55 75
2 11 37 61
2 12 7 7
2 13 49 52
2 14 1 33
2 15 43 29
2 18 31 13
2 19 52 8
2 20 40 23
3 1 1 1
3 2 25 62
3 4 49 48
3 5 17 17
3 6 19 14
3 8 7 15
3 12 13 7
3 13 37 52
3 14 10 33
3 15 31 29
3 16 23 67
3 17 43 32
3 19 40 8
3 20 4 23
4 1 4 1
4 3 13 71
4 5 41 17
4 6 25 14
4 7 34 47
4 8 10 15
4 9 1 70
4 11 7 61
4 12 19 7
4 13 43 52
4 15 49 29
4 16 29 67
4 18 37 13
4 20 31 23
5 1 7 1
5 6 31 14
5 7 40 47
5 8 13 15
5 9 3 70
5 10 43 75
5 11 10 61
5 12 25 7
5 14 16 33
5 15 55 29
5 16 1 67
5 18 19 13
5 19 49 8
5 20 37 23
6 1 10 1
6 4 55 48
6 6 1 14
6 8 16 15
6 9 5 70
6 11 13 61
6 12 31 7
6 13 40 52
6 15 21 29
6 16 19 67
6 17 25 32
6 18 43 13
6 19 37 8
6 20 7 23
7 3 1 71
7 5 35 17
7 6 37 14
7 7 28 47
7 8 19 15
7 9 10 70
7 11 22 61
7 14 7 33
7 15 31 66
7 16 5 67
7 17 49 32
7 18 13 13
7 19 43 8
7 20 25 23
8 1 13 1
8 3 7 71
8 4 43 48
8 5 5 17
8 7 22 47
8 9 16 70
8 10 37 75
8 12 1 7
8 13 55 52
8 15 25 29
8 16 11 67
8 17 31 32
8 18 49 13
8 19 58 8
8 20 19 23
9 1 16 1
9 5 47 17
9 6 43 14
9 7 25 47
9 8 22 15
9 9 13 70
9 10 31 75
9 11 19 61
9 13 28 52
9 15 37 29
9 16 7 67
9 18 1 13
9 19 55 8
9 20 10 23
10 1 19 1
10 2 1 62
10 5 33 17
10 6 49 14
10 7 46 47
10 8 25 15
10 9 22 70
10 11 16 61
10 12 37 7
10 14 13 33
10 16 31 67
10 18 7 13
10 19 43 50
10 20 28 23
11 1 22 1
11 3 31 71
11 4 37 48
11 5 7 17
11 7 4 47
11 9 25 70
11 10 27 75
11 12 43 7
11 13 52 52
11 14 19 33
11 16 9 67
11 17 13 32
11 18 55 13
11 19 49 50
11 20 1 23
12 1 25 1
12 2 7 62
12 4 31 48
12 6 55 14
12 9 19 70
12 11 28 61
12 12 49 7
12 13 16 52
12 14 22 33
12 15 37 66
12 18 1 5
12 19 46 8
12 20 13 23
13 1 28 1
13 2 33 62
13 3 37 71
13 6 1 19
13 7 49 47
13 9 31 70
13 12 55 7
13 14 25 33
13 15 19 66
13 16 13 67
13 18 7 5
13 19 46 50
13 20 16 23
14 1 31 1
14 2 37 62
14 5 13 17
14 6 7 19
14 8 28 15
14 9 34 70
14 11 25 61
14 12 1 35
14 15 43 66
14 16 15 67
14 17 55 32
14 19 19 8
14 20 22 23
15 1 34 1
15 2 43 62
15 3 49 71
15 5 19 17
15 6 13 19
15 7 37 47
15 8 31 15
15 9 27 70
15 11 1 61
15 12 7 35
15 15 55 66
15 16 21 67
15 19 4 8
16 1 37 1
16 3 43 71
16 6 19 19
16 7 1 47
16 8 34 15
16 9 40 70
16 11 4 61
16 12 13 35
16 13 25 52
16 14 28 33
16 15 7 29
16 18 49 5
16 19 31 8
16 20 55 23
17 2 49 62
17 3 55 71
17 5 25 17
17 8 37 15
17 9 29 70
17 12 19 35
17 13 34 52
17 14 31 33
17 15 1 29
17 17 7 32
17 18 13 5
17 19 40 50
17 20 43 23
18 1 40 1
18 3 1 68
18 5 29 17
18 7 7 47
18 8 43 15
18 9 37 70
18 11 34 61
18 12 25 35
18 13 10 52
18 15 13 29
18 16 46 67
18 17 19 32
18 19 31 50
19 2 55 62
19 5 37 17
19 6 25 19
19 7 10 47
19 8 40 15
19 9 43 70
19 10 13 75
19 11 45 61
19 12 31 35
19 13 7 52
19 17 1 32
19 18 19 5
19 19 52 50
19 20 49 23
20 1 43 1
20 4 13 48
20 5 1 17
20 6 37 19
20 8 46 15
20 9 49 70
20 10 19 75
20 11 51 61
20 14 34 33
20 15 7 66
20 16 3 67
20 18 25 5
20 19 55 50
20 20 58 23
21 1 46 1
21 2 1 69
21 3 7 68
21 4 27 48
21 6 31 19
21 7 19 47
21 8 49 15
21 12 55 35
21 13 22 52
21 14 37 33
21 15 13 66
21 16 25 67
21 20 52 23
22 1 49 1
22 2 7 69
22 3 13 68
22 6 55 19
22 7 52 47
22 9 45 70
22 13 4 52
22 14 40 33
22 16 27 67
22 18 31 5
22 19 22 8
22 20 1 26
23 1 52 1
23 2 13 69
23 5 21 17
23 6 43 19
23 7 31 47
23 8 55 15
23 9 47 70
23 12 37 35
23 15 25 66
23 18 1 60
23 19 10 8
23 20 7 26
24 1 55 1
24 2 19 69
24 3 25 68
24 6 1 34
24 9 51 70
24 10 7 75
24 13 13 52
24 14 43 33
24 16 33 67
24 18 37 5
24 19 16 8
24 20 46 23
25 1 58 1
25 3 19 68
25 5 9 17
25 6 49 19
25 9 53 70
25 11 40 61
25 12 43 35
25 13 1 52
25 16 35 67
25 19 13 8
25 20 4 26
26 2 25 69
26 5 31 17
26 6 7 34
26 7 16 47
26 8 52 15
26 9 55 70
26 11 1 55
26 14 46 33
26 16 37 67
26 18 57 5
26 20 13 26
27 2 31 69
27 3 37 68
27 5 27 17
27 6 13 34
27 8 58 15
27 11 55 61
27 13 19 52
27 14 49 33
27 15 1 66
27 18 43 5
27 20 10 26
28 2 37 69
28 3 31 68
28 5 3 17
28 6 19 34
28 7 13 47
28 9 57 70
28 14 52 33
28 16 41 67
28 18 7 60
28 20 16 26
29 2 43 69
29 3 55 68
29 4 7 48
29 6 25 34
29 11 4 55
29 12 49 35
29 13 31 52
29 16 39 67
29 18 13 60
29 19 1 8
30 2 49 69
30 3 43 68
30 6 31 34
30 9 59 70
30 10 1 75
30 11 7 55
30 14 55 33
30 19 25 8
31 2 1 58
31 3 49 68
31 5 15 17
31 6 37 34
31 7 55 47
31 11 10 55
31 14 58 33
31 16 43 67
31 18 19 60
32 2 55 69
32 4 1 48
32 5 39 17
32 16 49 67
32 17 51 55
32 18 25 60
32 19 7 8
32 20 19 26
33 2 7 58
33 6 43 34
33 11 58 61
33 16 51 67
33 19 28 8
33 20 22 26
34 4 19 48
34 6 49 34
34 7 58 47
34 11 13 55
34 16 53 67
34 18 31 60
34 19 1 50
34 20 25 26
35 2 13 58
35 5 43 17
35 13 58 52
35 15 49 66
35 16 55 67
35 19 34 8
35 20 28 26
36 2 19 58
36 5 45 17
36 6 55 34
36 11 16 55
36 16 59 67
36 18 37 60
37 2 25 58
37 5 49 17
37 11 19 55
37 17 55 55
37 18 43 60
37 19 4 50
38 2 31 58
38 5 53 17
38 11 22 55
38 16 57 67
38 18 49 60
39 2 37 58
39 16 5 68
39 18 55 60
39 20 31 26
40 5 51 17
40 7 58 26
40 11 25 55
40 16 11 68
40 18 43 58
40 19 7 50
41 5 55 17
41 16 17 68
41 18 49 58
41 19 10 50
41 20 34 26
42 5 59 17
42 16 23 68
42 18 55 58
42 19 13 50
42 20 37 26
43 5 57 17
43 16 29 68
43 19 16 50
43 20 40 26
44 5 1 56
44 19 19 50
44 20 43 26
45 5 3 56
45 11 28 55
45 19 22 50
46 5 5 56
46 11 31 55
46 16 35 68
46 19 25 50
46 20 46 26
47 5 7 56
47 11 34 55
47 19 28 50
47 20 49 26
48 5 9 56
48 11 37 55
48 16 41 68
48 19 34 50
48 20 52 26
49 5 11 56
49 11 40 55
49 16 47 68
50 5 13 56
50 11 43 55
50 19 37 50
50 20 55 26
Điểm tối ưu/tốt nhất tìm được: 493
Thời gian: 90.019263 giây
Trạng thái: VALID
