162
1 3 37 23
1 4 25 6
1 5 27 30
1 6 22 11
1 8 16 27
1 9 10 1
1 10 32 13
2 1 55 9
2 3 4 23
2 4 7 6
2 5 13 30
2 6 25 11
2 7 50 29
2 9 34 1
2 10 58 13
3 2 44 9
3 3 22 23
3 4 27 6
3 5 4 30
3 6 29 11
3 7 7 29
3 8 49 27
3 9 1 1
3 10 52 13
4 1 31 9
4 3 13 23
4 4 37 6
4 5 35 30
4 6 20 11
4 7 56 29
4 8 10 27
4 10 49 13
5 1 58 9
5 3 34 23
5 4 39 6
5 5 37 30
5 6 31 11
5 8 25 27
5 9 22 1
5 10 28 13
6 1 1 9
6 3 40 23
6 4 5 6
6 5 46 30
6 6 15 11
6 8 22 27
6 9 19 1
6 10 7 13
7 1 13 9
7 3 1 23
7 4 10 6
7 5 7 30
7 6 38 11
7 8 28 27
7 9 40 1
7 10 4 13
8 1 7 9
8 3 49 23
8 4 43 6
8 5 25 30
8 6 45 11
8 7 38 29
8 8 19 27
8 9 28 1
9 3 58 23
9 4 29 6
9 5 41 30
9 6 27 11
9 7 13 29
9 8 7 27
9 9 4 1
9 10 55 13
10 4 13 6
10 5 44 30
10 6 4 11
10 7 32 29
10 8 58 27
10 9 16 1
10 10 1 13
11 3 28 23
11 4 19 6
11 5 39 30
11 6 7 11
11 8 1 27
11 9 31 1
11 10 10 13
12 3 19 23
12 4 58 6
12 5 15 30
12 6 13 11
12 7 43 29
12 8 38 27
12 9 49 1
12 10 22 13
13 1 38 9
13 3 10 23
13 4 3 6
13 5 1 30
13 6 17 11
13 7 19 29
13 8 13 27
13 9 7 1
13 10 46 13
14 1 34 9
14 2 19 9
14 3 55 23
14 4 23 6
14 5 17 30
14 6 9 11
14 8 31 27
14 9 25 1
14 10 43 13
15 1 16 9
15 2 26 9
15 3 45 23
15 4 32 6
15 5 22 30
15 6 11 11
15 7 2 29
15 8 34 27
15 9 13 1
15 10 19 13
16 1 49 9
16 3 16 23
16 4 46 6
16 5 10 30
16 6 35 11
16 8 4 27
16 9 43 1
16 10 40 13
17 1 10 9
17 3 7 23
17 4 16 6
17 5 20 30
17 6 40 11
17 8 52 27
17 9 46 1
17 10 37 13
18 1 52 9
18 3 25 23
18 4 21 6
18 5 31 30
18 6 33 11
18 8 55 27
18 9 37 1
18 10 13 13
19 1 4 9
19 3 52 23
19 4 35 6
19 5 33 30
19 6 2 11
19 8 43 27
19 9 55 1
19 10 25 13
20 3 31 23
20 4 1 6
20 5 29 30
20 6 43 11
20 7 25 29
20 8 46 27
20 9 52 1
20 10 16 13
Điểm tối ưu/tốt nhất tìm được: 162
Thời gian: 19.967291 giây
Trạng thái: VALID
