4378
1 15 5 198
1 23 43 193
1 24 19 266
1 36 14 368
1 42 16 206
1 50 31 34
1 67 59 116
1 69 26 392
1 77 1 333
1 79 37 211
1 83 55 428
1 86 49 247
1 103 7 267
1 116 22 69
2 8 31 149
2 23 51 326
2 27 5 359
2 28 45 356
2 41 7 401
2 42 56 126
2 50 1 192
2 53 21 175
2 57 38 438
2 70 25 95
2 76 33 310
2 83 13 101
2 93 43 52
2 102 59 349
2 113 11 367
3 6 37 345
3 24 16 175
3 30 41 71
3 37 1 25
3 40 7 340
3 45 55 236
3 53 35 132
3 64 25 234
3 76 43 246
3 77 49 379
3 80 22 355
3 85 29 306
3 90 11 267
3 109 31 304
3 115 13 163
4 3 50 346
4 17 37 161
4 21 29 311
4 27 56 356
4 40 13 351
4 48 19 328
4 51 8 95
4 60 1 157
4 61 32 120
4 69 43 347
4 76 3 316
4 102 11 212
4 110 25 379
5 2 13 192
5 6 44 332
5 8 53 104
5 12 16 169
5 18 37 183
5 25 20 209
5 38 8 116
5 41 2 200
5 48 49 156
5 65 5 450
5 69 31 392
5 73 11 52
5 95 40 308
5 117 25 145
5 119 55 179
6 14 25 359
6 22 40 299
6 25 13 188
6 26 23 180
6 29 34 202
6 45 19 293
6 49 27 418
6 67 17 71
6 72 55 396
6 81 49 36
6 85 9 55
6 86 43 119
6 95 1 282
6 97 59 78
6 102 31 349
7 2 19 192
7 7 37 162
7 33 7 238
7 39 15 413
7 40 43 391
7 42 28 206
7 48 31 414
7 56 55 115
7 69 9 392
7 71 49 301
7 73 41 370
7 89 53 179
7 101 1 390
7 118 4 7
8 8 37 149
8 29 13 202
8 37 50 144
8 48 19 356
8 55 28 373
8 68 9 313
8 76 39 361
8 78 11 83
8 86 1 119
8 100 46 22
8 106 44 330
8 110 55 224
8 116 25 69
8 119 32 344
9 5 37 87
9 22 13 280
9 40 43 433
9 44 16 92
9 45 31 408
9 47 49 43
9 54 40 264
9 59 19 73
9 66 1 81
9 70 9 82
9 73 35 6
9 88 55 131
9 90 7 285
9 119 25 26
10 1 17 273
10 18 31 57
10 25 19 412
10 33 11 430
10 37 55 144
10 45 49 226
10 51 25 161
10 52 29 332
10 53 35 175
10 60 23 157
10 94 13 237
10 96 1 80
10 97 5 78
10 101 46 444
10 112 7 51
11 9 10 244
11 10 55 5
11 22 34 280
11 23 49 39
11 31 17 156
11 33 23 430
11 48 25 388
11 50 19 34
11 64 1 432
11 67 53 447
11 75 37 7
11 81 13 391
11 83 44 76
11 97 41 350
11 98 29 200
12 5 31 378
12 8 13 149
12 12 58 409
12 14 29 72
12 29 16 173
12 31 1 341
12 35 10 449
12 43 7 433
12 50 3 158
12 64 25 104
12 67 52 225
12 82 19 310
12 90 47 285
12 106 37 57
13 3 15 113
13 16 43 55
13 25 31 188
13 29 46 173
13 33 53 238
13 41 35 247
13 59 7 249
13 62 28 76
13 64 37 287
13 67 11 225
13 88 55 234
13 100 2 225
13 107 13 312
13 113 59 149
13 118 22 104
14 1 34 38
14 33 29 57
14 37 55 25
14 43 49 336
14 45 20 226
14 47 37 37
14 55 52 352
14 59 1 73
14 64 43 217
14 86 25 115
14 89 59 295
14 100 16 381
14 118 10 106
15 15 7 240
15 20 55 275
15 22 45 233
15 23 34 177
15 26 49 180
15 34 25 56
15 51 1 46
15 57 51 243
15 64 37 257
15 71 10 301
15 90 29 285
15 95 31 198
15 105 22 233
15 106 41 119
15 109 15 42
16 12 52 409
16 32 49 158
16 36 17 131
16 42 4 173
16 44 21 374
16 50 13 57
16 52 35 419
16 60 1 231
16 90 9 285
16 95 40 282
16 109 25 142
16 111 29 445
16 115 43 114
16 118 46 18
16 120 37 449
17 15 27 326
17 17 7 161
17 23 10 177
17 29 1 131
17 32 16 76
17 49 41 326
17 52 4 343
17 61 19 220
17 70 43 95
17 73 55 370
17 86 31 119
17 91 23 219
17 100 37 178
17 114 57 167
17 119 51 46
18 5 19 300
18 23 13 193
18 24 28 110
18 27 53 356
18 37 43 144
18 39 7 445
18 40 55 18
18 41 11 247
18 46 3 390
18 49 41 413
18 68 23 313
18 81 31 219
18 83 37 255
18 92 50 341
19 1 32 264
19 4 55 110
19 16 49 208
19 19 17 373
19 25 9 139
19 53 29 175
19 56 25 274
19 63 59 347
19 66 2 444
19 72 13 386
19 80 40 46
19 82 46 40
19 94 43 179
19 96 19 80
19 102 7 300
20 5 43 178
20 20 20 275
20 36 17 122
20 44 53 220
20 51 13 46
20 52 7 332
20 69 55 347
20 72 37 146
20 82 34 40
20 83 49 101
20 84 1 144
20 100 25 22
20 107 41 266
20 118 9 272
21 1 17 425
21 2 1 264
21 6 55 345
21 20 31 200
21 23 19 177
21 27 45 272
21 30 43 405
21 35 22 449
21 37 25 144
21 56 7 203
21 64 49 257
21 66 38 81
21 67 11 114
21 81 13 338
21 94 4 181
22 6 14 397
22 25 37 276
22 28 2 351
22 29 19 131
22 32 58 372
22 50 43 172
22 56 49 306
22 61 26 271
22 73 23 81
22 88 7 99
22 89 11 206
22 96 32 80
22 104 55 207
23 4 49 446
23 19 7 190
23 32 43 261
23 37 9 423
23 46 37 180
23 56 19 203
23 75 34 199
23 80 46 355
23 85 17 306
23 86 25 247
23 91 13 354
23 93 29 79
23 94 58 237
23 95 4 282
23 112 1 446
24 5 52 256
24 16 20 238
24 21 11 311
24 42 49 206
24 53 33 175
24 54 1 389
24 61 25 221
24 64 37 363
24 73 45 52
24 91 41 409
24 93 57 52
24 94 4 237
24 101 55 167
24 103 13 352
24 111 29 391
25 5 13 378
25 10 26 275
25 18 37 416
25 20 43 93
25 22 34 427
25 33 23 306
25 46 55 102
25 48 7 414
25 65 17 428
25 68 41 313
25 74 19 199
25 76 2 361
25 102 11 110
25 105 31 224
25 117 49 145
26 1 32 38
26 4 25 333
26 17 37 169
26 45 49 386
26 52 1 332
26 55 22 237
26 57 34 381
26 60 17 231
26 67 59 71
26 68 29 313
26 97 11 381
26 103 7 424
26 108 13 21
26 112 19 370
26 120 4 6
27 6 43 443
27 8 41 104
27 12 51 169
27 18 34 56
27 29 31 131
27 39 25 208
27 46 37 375
27 59 7 288
27 60 23 48
27 83 57 371
27 86 19 156
27 92 4 319
27 93 11 79
27 106 1 330
27 118 16 272
28 2 51 264
28 5 10 184
28 23 37 177
28 24 22 240
28 27 17 242
28 43 55 282
28 44 45 374
28 55 58 178
28 66 4 81
28 91 2 409
28 97 29 192
28 100 19 178
28 103 31 35
28 110 25 358
28 115 40 114
29 8 47 104
29 26 17 75
29 32 1 151
29 38 13 116
29 70 43 82
29 77 55 161
29 85 59 306
29 91 35 354
29 94 26 237
29 99 7 297
29 108 19 303
29 109 37 82
29 111 33 226
29 116 50 69
30 1 5 267
30 9 25 244
30 18 37 423
30 24 9 175
30 27 55 90
30 35 16 449
30 36 41 122
30 37 50 199
30 41 29 350
30 55 46 178
30 57 58 211
30 63 7 347
30 77 20 161
30 90 13 285
30 102 31 291
31 13 16 406
31 15 5 434
31 17 52 161
31 23 21 326
31 24 43 266
31 25 1 412
31 37 55 412
31 39 37 135
31 41 25 93
31 56 8 274
31 66 13 81
31 74 35 243
31 77 31 217
31 99 27 427
31 100 46 381
32 1 45 38
32 11 56 200
32 18 10 183
32 30 19 405
32 36 49 122
32 44 25 21
32 49 33 413
32 61 21 298
32 66 4 407
32 87 13 25
32 93 41 79
32 105 52 55
32 112 37 51
32 114 27 300
32 116 7 69
33 5 52 178
33 9 58 271
33 10 32 384
33 19 1 190
33 24 44 175
33 54 37 264
33 73 49 52
33 75 9 238
33 78 13 427
33 84 25 278
33 88 15 61
33 89 47 211
33 105 22 55
33 107 40 312
33 117 3 145
34 22 55 284
34 43 34 336
34 51 13 208
34 53 31 301
34 56 39 306
34 57 16 316
34 60 23 90
34 70 25 367
34 71 58 184
34 77 43 25
34 86 19 157
34 95 8 282
34 96 50 80
34 118 4 60
35 6 7 62
35 33 21 359
35 36 47 122
35 46 2 203
35 51 16 46
35 59 49 296
35 82 58 40
35 83 25 196
35 91 45 409
35 100 55 178
35 102 35 300
35 106 53 119
35 109 31 117
35 113 13 336
35 116 39 48
36 3 19 302
36 14 53 18
36 27 13 90
36 47 37 43
36 51 15 434
36 59 43 71
36 61 55 120
36 62 41 64
36 70 27 82
36 81 1 401
36 82 35 438
36 83 31 428
36 96 7 185
36 119 49 344
37 6 13 332
37 16 49 437
37 28 19 351
37 33 23 238
37 41 17 93
37 45 31 373
37 50 25 447
37 54 10 264
37 60 35 231
37 64 2 217
37 74 37 431
37 102 47 300
37 110 39 156
37 119 43 344
37 120 7 202
38 13 5 406
38 18 7 57
38 23 44 326
38 24 52 378
38 45 1 408
38 49 47 282
38 55 16 217
38 56 25 324
38 65 59 450
38 70 19 82
38 74 23 112
38 86 38 102
38 92 10 319
38 100 49 381
38 105 55 55
39 23 3 326
39 27 31 90
39 34 7 78
39 35 40 66
39 36 11 223
39 42 25 126
39 47 43 406
39 66 34 81
39 69 14 392
39 71 58 114
39 78 29 419
39 92 37 341
39 94 19 179
39 106 23 119
40 4 49 384
40 11 55 16
40 19 5 306
40 33 29 51
40 35 31 371
40 39 19 413
40 46 25 180
40 64 37 343
40 81 1 137
40 83 43 196
40 90 59 285
40 102 9 349
40 103 13 424
40 115 34 168
41 6 25 332
41 13 47 406
41 14 49 236
41 18 1 423
41 21 35 447
41 30 41 34
41 34 37 39
41 35 13 207
41 44 11 220
41 56 43 306
41 60 4 157
41 61 51 120
41 64 7 360
41 70 31 367
41 92 57 341
42 22 50 284
42 30 11 15
42 34 25 422
42 38 33 116
42 71 7 184
42 86 55 119
42 87 13 122
42 93 39 52
42 100 20 381
42 102 3 110
42 106 31 330
42 111 5 445
42 115 44 168
43 2 43 264
43 3 7 302
43 9 19 43
43 15 16 151
43 19 25 190
43 25 27 139
43 26 33 256
43 39 37 208
43 51 22 434
43 58 5 249
43 76 55 361
43 81 1 102
43 92 46 319
43 103 51 424
43 116 13 48
44 12 56 198
44 18 40 423
44 37 31 423
44 40 3 433
44 49 1 326
44 67 19 371
44 70 49 418
44 79 21 437
44 92 28 426
44 99 7 295
44 107 43 312
44 109 45 42
44 113 35 149
44 116 37 69
44 118 16 39
45 2 4 264
45 10 49 310
45 15 35 151
45 20 37 93
45 48 25 389
45 52 1 419
45 55 13 60
45 59 43 249
45 72 31 365
45 73 41 52
45 79 57 38
45 104 16 80
45 108 20 426
45 116 10 261
46 14 35 236
46 17 49 161
46 27 33 90
46 45 37 293
46 49 31 326
46 60 58 231
46 62 7 411
46 71 9 446
46 73 25 370
46 77 2 98
46 85 21 272
46 103 27 35
46 106 15 330
46 113 53 349
46 117 43 403
47 14 35 18
47 23 25 177
47 39 19 194
47 41 53 93
47 42 49 401
47 48 55 298
47 57 31 243
47 60 41 176
47 63 2 384
47 69 43 392
47 79 37 38
47 81 13 401
47 82 4 40
47 118 9 104
47 120 28 449
48 13 13 91
48 27 58 90
48 46 31 203
48 48 1 414
48 49 37 414
48 60 53 157
48 73 35 39
48 80 46 5
48 93 23 52
48 106 7 330
48 111 41 278
48 115 20 123
48 117 9 368
48 118 55 7
49 13 35 406
49 14 4 236
49 17 1 405
49 26 50 256
49 27 23 242
49 43 52 95
49 54 7 26
49 58 19 304
49 65 11 428
49 72 13 273
49 79 43 370
49 84 26 162
49 87 55 122
49 95 32 271
49 110 38 36
50 9 7 244
50 13 17 318
50 26 10 180
50 46 37 390
50 53 43 333
50 62 49 120
50 65 59 428
50 75 52 425
50 83 32 248
50 84 20 36
50 85 41 272
50 91 46 354
50 92 13 319
50 105 28 55
50 108 1 75
51 13 41 406
51 16 16 208
51 29 43 173
51 34 55 306
51 47 19 340
51 49 46 169
51 68 11 313
51 71 49 3
51 81 7 137
51 84 25 263
51 85 4 55
51 98 23 60
51 99 37 407
51 106 1 311
51 109 32 15
52 4 7 384
52 12 58 169
52 15 49 240
52 30 11 34
52 33 53 51
52 35 43 449
52 42 21 126
52 52 17 332
52 68 37 313
52 72 1 386
52 77 13 234
52 89 19 211
52 97 29 78
52 101 34 319
52 102 39 291
53 3 55 203
53 15 16 240
53 21 37 447
53 42 13 173
53 49 31 413
53 50 39 57
53 69 1 347
53 79 7 38
53 84 21 263
53 85 19 374
53 90 33 285
53 98 29 42
53 101 35 391
53 103 25 260
53 115 51 114
54 3 27 330
54 9 16 244
54 11 44 16
54 26 55 256
54 30 25 374
54 31 35 16
54 38 13 346
54 41 1 247
54 42 58 173
54 43 52 239
54 45 7 408
54 60 49 90
54 67 11 71
54 97 19 422
54 119 3 388
55 17 40 405
55 18 16 44
55 26 1 180
55 27 43 356
55 28 25 351
55 46 33 61
55 53 31 175
55 61 21 221
55 64 55 104
55 78 8 88
55 79 50 38
55 80 4 5
55 81 45 415
55 106 19 330
56 7 43 132
56 25 31 225
56 27 29 90
56 35 21 371
56 49 3 169
56 58 17 304
56 71 40 3
56 86 7 41
56 95 50 198
56 100 25 225
56 104 37 240
56 108 57 39
56 117 13 106
57 11 38 16
57 12 25 212
57 22 31 112
57 30 5 102
57 32 34 158
57 35 28 371
57 37 8 108
57 58 1 304
57 62 23 120
57 74 15 199
57 78 20 83
57 81 55 137
57 101 59 343
57 103 50 329
57 110 44 73
58 6 1 325
58 11 51 303
58 16 10 437
58 21 5 37
58 23 22 39
58 30 59 102
58 34 55 422
58 49 49 413
58 57 46 72
58 76 13 123
58 80 43 355
58 87 31 122
58 93 37 52
58 95 28 282
58 109 39 285
59 7 31 450
59 13 59 406
59 24 28 378
59 28 45 78
59 37 37 144
59 58 5 68
59 63 43 137
59 84 1 263
59 91 15 354
59 95 10 198
59 100 55 22
59 106 53 330
59 108 19 411
59 113 49 349
59 120 7 442
60 12 49 242
60 30 29 405
60 47 9 350
60 58 17 249
60 62 41 345
60 72 19 396
60 75 52 7
60 76 2 71
60 77 13 333
60 82 23 260
60 86 55 35
60 89 7 206
60 95 34 282
60 100 37 15
60 103 25 287
61 9 34 244
61 18 43 423
61 21 5 311
61 37 7 412
61 38 58 220
61 41 47 226
61 45 26 226
61 49 11 282
61 50 14 34
61 56 1 274
61 81 19 219
61 82 23 310
61 94 31 8
61 103 37 267
61 106 53 449
62 3 51 319
62 6 14 62
62 9 31 43
62 12 19 212
62 16 58 219
62 22 22 75
62 30 37 374
62 34 1 422
62 36 35 122
62 57 55 344
62 78 49 419
62 91 5 219
62 92 43 407
62 109 8 42
63 17 16 161
63 25 20 386
63 26 59 29
63 30 7 405
63 33 5 430
63 40 55 391
63 43 25 433
63 54 43 149
63 55 51 60
63 72 37 396
63 76 1 246
63 79 46 437
63 80 10 46
63 88 31 403
63 89 13 179
64 7 55 450
64 8 53 149
64 25 43 412
64 33 35 430
64 34 15 422
64 50 1 57
64 55 40 352
64 62 29 120
64 67 49 114
64 68 13 313
64 69 31 347
64 74 5 199
64 75 7 293
64 98 47 60
64 120 22 256
65 2 44 50
65 16 28 238
65 21 15 3
65 29 7 131
65 33 40 51
65 36 3 76
65 43 10 324
65 66 22 407
65 76 50 361
65 78 13 8
65 90 47 396
65 98 59 42
65 105 56 296
65 108 31 75
65 116 19 48
66 3 31 411
66 8 23 149
66 11 19 16
66 15 59 198
66 25 25 209
66 26 47 91
66 27 9 90
66 30 35 102
66 36 5 122
66 52 2 108
66 80 16 5
66 86 43 156
66 89 29 347
66 96 37 80
66 116 52 261
67 12 19 169
67 14 38 72
67 41 11 93
67 43 1 336
67 44 29 92
67 45 44 293
67 50 7 34
67 61 25 120
67 62 23 345
67 83 32 101
67 92 55 169
67 98 5 56
67 109 50 231
67 114 13 300
68 2 49 50
68 14 11 359
68 16 7 437
68 55 20 60
68 60 53 48
68 65 23 428
68 74 17 199
68 76 37 246
68 92 31 341
68 103 43 260
68 104 58 362
68 110 13 328
68 112 25 280
68 114 2 167
68 115 28 123
69 9 43 244
69 18 58 7
69 21 4 3
69 28 37 78
69 29 28 173
69 31 9 341
69 35 46 207
69 41 55 247
69 56 13 203
69 74 21 431
69 76 49 316
69 89 1 206
69 100 25 15
69 107 33 312
70 1 49 266
70 4 45 405
70 15 51 151
70 19 55 373
70 24 37 209
70 26 41 180
70 51 10 248
70 59 31 419
70 62 53 76
70 73 59 6
70 85 43 234
70 96 20 51
70 116 13 243
70 117 25 106
70 118 16 7
71 3 39 319
71 10 31 223
71 17 7 388
71 26 35 29
71 33 53 430
71 39 1 298
71 55 19 373
71 58 22 249
71 83 43 248
71 96 49 51
71 106 10 330
71 108 13 303
71 113 47 336
71 117 55 316
71 120 25 110
72 5 19 87
72 9 7 43
72 11 3 16
72 23 45 39
72 27 37 361
72 39 31 194
72 51 10 434
72 79 28 38
72 83 49 76
72 84 13 36
72 85 43 374
72 89 56 211
72 90 41 267
72 91 1 103
72 104 58 80
73 4 51 207
73 17 21 40
73 18 25 413
73 19 49 190
73 22 31 407
73 32 46 372
73 37 13 108
73 39 56 445
73 41 5 350
73 51 28 293
73 60 7 90
73 90 11 396
73 94 34 237
73 110 1 156
73 114 37 29
74 13 31 91
74 16 1 437
74 19 45 190
74 25 27 412
74 35 57 449
74 59 19 447
74 62 14 76
74 74 10 199
74 77 49 221
74 89 47 295
74 93 53 280
74 95 34 98
74 102 4 349
74 105 7 296
74 106 25 330
75 5 58 93
75 8 23 274
75 16 16 238
75 18 10 56
75 29 50 173
75 35 7 449
75 54 55 149
75 59 31 296
75 62 13 411
75 81 25 251
75 83 2 295
75 85 53 333
75 96 43 51
75 101 35 167
75 117 19 403
76 3 49 73
76 15 23 198
76 24 16 378
76 32 43 329
76 41 35 93
76 56 37 274
76 72 7 396
76 77 1 221
76 81 19 401
76 92 13 359
76 96 31 37
76 99 56 64
76 111 53 445
76 114 26 167
76 120 46 449
77 4 31 239
77 5 37 378
77 32 49 372
77 34 19 78
77 47 26 37
77 61 43 298
77 71 9 3
77 86 13 247
77 94 1 181
77 105 52 224
77 108 55 75
77 113 41 78
77 118 4 18
78 5 25 90
78 8 1 149
78 10 37 275
78 17 20 225
78 50 15 447
78 52 23 419
78 55 7 373
78 58 3 304
78 59 44 419
78 68 5 313
78 70 56 367
78 76 49 246
78 82 13 438
78 94 34 425
78 116 10 69
79 3 37 330
79 6 20 397
79 36 59 122
79 40 55 310
79 49 11 414
79 53 1 175
79 62 17 64
79 64 49 104
79 71 26 3
79 83 43 101
79 89 4 206
79 95 13 198
79 107 47 312
79 110 31 328
79 117 7 316
80 1 29 273
80 11 31 16
80 19 47 190
80 21 22 3
80 23 15 326
80 25 7 209
80 47 43 43
80 58 5 304
80 59 49 288
80 69 25 347
80 90 35 267
80 102 1 212
80 110 37 421
80 112 57 370
80 115 19 318
81 5 31 87
81 14 59 18
81 15 34 434
81 19 53 193
81 20 19 147
81 25 43 386
81 37 25 423
81 43 4 336
81 46 13 390
81 47 37 362
81 60 29 231
81 78 2 83
81 80 49 211
81 93 23 272
81 103 7 329
82 18 34 176
82 40 25 157
82 55 49 352
82 59 7 447
82 67 40 318
82 73 55 44
82 74 4 243
82 79 13 38
82 88 19 450
82 92 16 359
82 99 43 427
82 103 57 287
82 111 37 391
82 116 1 69
83 22 28 217
83 30 47 298
83 35 25 371
83 39 1 445
83 49 35 413
83 52 51 343
83 59 37 249
83 62 5 120
83 76 7 361
83 80 31 176
83 87 43 324
83 93 21 52
83 99 13 40
83 115 58 123
84 14 39 359
84 23 1 177
84 30 29 298
84 41 23 247
84 45 14 226
84 51 34 293
84 53 37 175
84 74 45 243
84 87 7 181
84 88 50 112
84 89 59 179
84 98 11 50
84 101 43 390
84 108 55 21
84 110 25 224
85 9 37 244
85 20 43 108
85 31 59 311
85 32 7 151
85 37 14 365
85 38 19 44
85 43 10 239
85 47 31 406
85 48 55 414
85 58 35 304
85 64 25 284
85 69 49 347
85 71 2 301
85 78 23 257
85 93 40 280
86 11 55 405
86 14 22 18
86 26 29 180
86 29 4 131
86 43 25 239
86 49 13 413
86 53 41 333
86 80 43 211
86 86 37 247
86 90 53 285
86 94 31 425
86 98 19 200
86 101 17 167
86 109 7 140
86 113 35 367
87 2 46 192
87 4 13 384
87 23 56 177
87 30 59 15
87 37 38 365
87 54 43 83
87 58 11 304
87 70 19 21
87 78 4 257
87 93 9 52
87 100 1 381
87 104 34 3
87 113 17 367
87 114 49 29
87 119 25 344
88 11 37 119
88 14 5 72
88 15 10 240
88 32 28 151
88 44 56 266
88 48 1 356
88 49 35 414
88 59 49 447
88 72 19 146
88 74 47 431
88 78 17 257
88 82 25 438
88 97 31 381
88 98 7 200
88 114 13 167
89 19 11 190
89 21 47 220
89 28 43 176
89 43 16 239
89 58 25 249
89 60 3 231
89 70 55 82
89 73 23 151
89 76 19 316
89 77 7 284
89 81 31 391
89 87 37 181
89 91 35 219
89 101 59 391
89 119 27 415
90 42 37 126
90 44 33 374
90 50 25 192
90 52 51 419
90 55 43 8
90 62 11 120
90 63 7 403
90 69 55 392
90 71 13 301
90 73 4 52
90 83 19 248
90 94 1 237
90 95 40 98
90 120 16 110
91 4 31 66
91 12 38 406
91 16 13 343
91 17 9 405
91 34 21 422
91 43 25 336
91 52 19 343
91 58 59 249
91 64 1 104
91 72 55 365
91 73 7 52
91 79 46 423
91 108 49 426
91 115 28 318
92 9 16 43
92 14 7 72
92 24 28 240
92 44 31 220
92 46 45 390
92 53 23 6
92 65 52 431
92 78 59 419
92 88 19 112
92 93 1 280
92 97 41 422
92 105 49 55
92 111 35 226
92 117 37 6
92 120 4 256
93 1 11 425
93 3 49 330
93 7 43 311
93 23 4 177
93 37 37 108
93 43 31 336
93 71 7 301
93 74 1 199
93 86 19 41
93 88 26 403
93 107 15 312
93 119 55 415
94 12 22 409
94 13 3 91
94 21 52 137
94 25 7 225
94 33 47 51
94 36 25 122
94 37 38 179
94 40 13 31
94 52 11 419
94 53 17 333
94 79 55 352
94 93 34 272
94 94 28 179
94 115 19 168
94 116 31 69
95 1 5 425
95 4 43 239
95 5 22 184
95 11 13 16
95 43 25 52
95 46 55 8
95 52 9 332
95 54 19 26
95 67 29 447
95 69 49 79
95 82 59 438
95 83 31 295
95 100 40 126
95 105 37 296
95 108 1 125
96 6 43 397
96 7 19 311
96 10 26 5
96 21 16 311
96 32 13 261
96 36 23 122
96 51 56 274
96 57 3 344
96 67 1 318
96 79 38 370
96 81 49 391
96 94 34 8
96 104 7 92
96 105 10 233
97 4 37 333
97 8 59 104
97 18 13 416
97 30 53 34
97 31 23 16
97 56 9 379
97 59 45 296
97 63 5 347
97 73 7 370
97 85 49 272
97 88 1 112
97 91 43 409
97 92 25 426
97 95 31 98
97 103 55 267
98 7 43 450
98 9 1 244
98 10 25 223
98 13 11 406
98 30 29 71
98 50 19 172
98 63 23 403
98 66 31 396
98 80 34 5
98 85 41 374
98 88 57 112
98 95 7 271
98 109 15 285
98 110 37 328
98 116 52 237
99 5 40 178
99 7 9 162
99 23 4 193
99 36 7 368
99 40 31 351
99 47 14 362
99 55 20 8
99 59 56 48
99 73 28 44
99 85 35 374
99 95 49 98
99 97 23 375
99 105 37 55
99 109 43 285
100 13 9 91
100 18 34 44
100 19 59 193
100 29 40 131
100 41 23 350
100 70 1 82
100 88 19 234
100 89 53 295
100 91 38 354
100 100 28 354
100 105 25 55
100 106 31 285
100 108 43 411
100 109 13 380
100 118 50 15
101 1 35 266
101 32 26 261
101 38 16 116
101 40 31 185
101 41 23 93
101 50 51 389
101 54 4 26
101 57 10 18
101 78 29 257
101 79 13 211
101 93 19 272
101 98 41 242
101 106 21 330
101 107 8 312
101 110 43 358
102 24 46 378
102 26 19 75
102 33 59 51
102 40 37 185
102 42 43 206
102 46 49 390
102 51 55 46
102 55 26 60
102 56 3 379
102 60 1 48
102 85 29 272
102 102 34 349
102 108 13 75
102 111 11 445
102 112 31 158
103 5 28 256
103 9 51 233
103 25 44 225
103 31 11 341
103 58 41 249
103 64 37 294
103 67 23 225
103 84 19 162
103 85 5 272
103 87 7 425
103 89 35 295
103 93 31 272
103 96 13 185
103 103 1 424
103 107 25 312
104 7 31 311
104 32 46 261
104 35 52 371
104 36 59 76
104 38 43 44
104 54 22 83
104 55 16 237
104 60 5 231
104 72 1 396
104 83 7 196
104 85 29 234
104 96 25 88
104 98 39 42
104 104 55 362
104 105 13 290
105 15 19 198
105 25 31 412
105 42 28 290
105 46 21 390
105 49 14 169
105 51 25 293
105 61 43 221
105 83 55 248
105 103 38 35
105 109 9 231
105 110 49 358
105 112 4 384
105 120 16 256
106 24 40 378
106 25 14 276
106 46 43 113
106 53 29 333
106 63 5 403
106 76 19 361
106 81 55 212
106 88 31 418
106 91 9 354
106 93 7 280
106 95 37 282
106 96 25 51
106 103 1 35
106 114 49 99
107 2 19 258
107 9 22 177
107 12 7 169
107 23 25 193
107 24 34 240
107 25 1 276
107 26 57 256
107 40 50 82
107 51 10 172
107 54 28 149
107 64 13 419
107 83 43 295
107 89 41 211
107 95 31 282
107 108 37 426
108 1 55 38
108 4 43 69
108 16 40 219
108 21 29 3
108 24 49 378
108 32 52 372
108 48 8 193
108 65 17 450
108 66 22 346
108 90 20 92
108 100 58 381
108 103 25 267
108 107 31 312
108 108 13 249
108 115 1 168
109 2 32 50
109 9 49 177
109 12 15 409
109 13 19 406
109 22 22 408
109 23 38 326
109 25 3 139
109 35 25 207
109 70 43 145
109 88 7 243
109 90 1 234
109 106 47 93
109 116 52 242
109 118 55 424
110 8 17 104
110 46 31 108
110 53 7 6
110 62 23 64
110 64 37 284
110 67 55 318
110 77 57 217
110 80 4 176
110 82 53 40
110 87 13 324
110 90 9 87
110 92 43 341
110 100 1 15
110 101 41 390
110 102 28 349
111 5 55 93
111 10 21 223
111 14 19 359
111 20 25 147
111 22 58 233
111 45 50 373
111 54 40 83
111 63 11 137
111 66 34 444
111 81 43 219
111 84 13 258
111 92 31 169
111 95 7 221
111 103 1 287
111 106 47 119
112 14 34 72
112 25 13 209
112 32 28 372
112 34 43 422
112 36 59 368
112 38 31 144
112 40 37 351
112 44 41 21
112 55 10 373
112 84 49 278
112 101 47 301
112 102 17 300
112 110 1 224
112 116 56 69
112 118 19 104
113 3 55 330
113 8 3 149
113 9 13 244
113 29 25 131
113 35 28 207
113 39 43 413
113 48 32 257
113 51 37 46
113 61 49 298
113 79 16 437
113 91 21 354
113 96 7 37
113 100 40 225
113 101 23 444
114 15 37 198
114 34 15 78
114 37 25 25
114 39 1 449
114 40 39 433
114 43 31 52
114 65 29 450
114 79 34 126
114 82 19 438
114 90 13 396
114 91 11 354
114 93 46 280
114 100 22 15
114 115 43 163
114 119 7 179
115 2 46 83
115 21 5 137
115 35 7 66
115 44 17 21
115 66 43 434
115 78 53 257
115 80 13 176
115 84 31 162
115 89 11 179
115 92 28 341
115 93 19 280
115 103 49 35
115 108 1 303
115 114 55 99
115 115 25 123
116 16 43 271
116 23 7 177
116 24 46 266
116 26 53 180
116 48 49 356
116 56 19 306
116 70 37 413
116 72 31 273
116 76 55 246
116 81 1 391
116 97 23 381
116 99 25 297
116 104 13 355
116 113 11 349
117 14 1 72
117 16 56 238
117 38 27 346
117 54 10 26
117 55 34 178
117 59 39 419
117 61 43 120
117 66 14 444
117 75 31 56
117 80 7 176
117 91 23 354
117 96 19 185
117 101 53 444
117 111 47 445
117 120 50 6
118 3 37 302
118 7 50 450
118 15 13 326
118 18 55 56
118 26 19 256
118 27 5 251
118 33 59 238
118 37 21 25
118 55 10 237
118 75 34 238
118 76 25 71
118 81 15 291
118 87 43 122
118 99 1 297
118 112 31 280
119 12 49 409
119 28 45 389
119 36 41 368
119 39 31 449
119 43 52 336
119 62 29 64
119 67 22 318
119 70 55 95
119 72 1 259
119 73 26 44
119 78 7 419
119 103 37 329
119 106 5 449
119 116 19 69
119 117 14 6
120 9 4 233
120 15 55 151
120 22 19 284
120 25 44 41
120 38 31 44
120 44 11 21
120 46 50 375
120 52 41 332
120 54 25 264
120 63 29 384
120 67 59 447
120 70 13 141
120 84 7 227
120 106 17 119
120 114 37 300
121 12 28 87
121 31 7 16
121 41 17 401
121 47 19 350
121 59 13 66
121 62 47 120
121 69 9 325
121 70 37 367
121 84 1 207
121 87 43 242
121 97 53 422
121 98 59 60
121 104 55 132
121 113 33 149
121 119 49 26
122 5 58 300
122 9 55 43
122 12 25 406
122 31 4 341
122 49 23 413
122 75 1 172
122 77 37 221
122 81 45 137
122 85 35 333
122 87 19 122
122 96 13 51
122 102 9 291
122 103 31 424
122 111 41 445
122 112 28 158
123 19 13 190
123 23 39 193
123 26 5 29
123 33 17 51
123 38 57 44
123 39 43 445
123 41 29 401
123 44 15 220
123 55 7 178
123 63 37 42
123 82 1 438
123 93 47 79
123 94 50 179
123 102 3 291
123 110 19 255
124 11 19 119
124 31 59 72
124 32 25 372
124 46 55 113
124 47 43 350
124 56 37 379
124 60 11 90
124 82 15 438
124 83 3 428
124 84 49 263
124 96 31 22
124 98 1 42
124 111 7 278
125 5 25 184
125 22 7 75
125 28 44 375
125 31 53 341
125 35 22 66
125 43 28 336
125 58 49 304
125 59 32 48
125 71 19 3
125 74 15 431
125 80 1 355
125 95 10 221
125 96 56 185
125 111 5 278
126 1 37 266
126 3 45 302
126 14 7 236
126 21 23 311
126 52 9 419
126 60 11 316
126 73 20 409
126 79 4 370
126 80 1 176
126 88 49 350
126 92 25 341
126 98 41 200
126 99 56 297
126 108 31 324
126 112 13 370
127 1 5 273
127 12 31 242
127 22 43 112
127 38 25 116
127 39 37 445
127 46 14 180
127 75 58 56
127 79 55 403
127 99 49 40
127 102 7 349
127 103 1 352
127 105 28 129
127 110 19 224
127 111 41 275
127 117 9 145
128 15 43 198
128 22 22 299
128 25 39 412
128 27 9 359
128 46 55 390
128 68 7 313
128 74 11 431
128 82 45 438
128 84 1 278
128 89 37 347
128 90 5 396
128 91 34 409
128 98 53 200
128 105 14 55
128 106 59 119
129 2 4 50
129 10 56 206
129 15 10 151
129 20 13 200
129 26 31 256
129 38 49 220
129 45 38 408
129 47 19 37
129 62 17 411
129 64 43 257
129 76 26 316
129 95 7 198
129 97 35 78
129 111 53 391
129 120 1 6
130 6 1 345
130 9 49 244
130 17 52 91
130 24 40 209
130 27 59 361
130 35 37 66
130 45 9 226
130 72 19 273
130 77 31 284
130 78 7 83
130 82 17 40
130 83 55 101
130 90 27 285
130 101 5 444
130 103 13 35
131 3 31 302
131 16 25 437
131 17 21 405
131 19 9 190
131 29 55 173
131 36 19 76
131 41 41 226
131 58 15 304
131 59 3 195
131 77 43 98
131 78 28 8
131 82 53 438
131 102 51 212
131 107 13 296
131 113 39 266
132 22 10 427
132 39 55 208
132 51 13 248
132 68 33 313
132 70 20 367
132 81 25 219
132 88 38 60
132 98 17 50
132 100 49 178
132 107 1 359
132 110 44 328
132 118 3 67
133 1 11 273
133 2 58 264
133 11 51 16
133 39 33 445
133 41 23 401
133 49 56 326
133 54 19 106
133 63 13 347
133 65 39 431
133 74 17 431
133 88 43 60
133 95 27 98
133 110 7 358
133 117 1 430
134 7 25 132
134 13 17 91
134 15 47 198
134 19 29 190
134 27 21 90
134 38 43 116
134 46 49 102
134 61 3 30
134 81 13 219
134 84 31 207
134 88 7 450
134 102 1 291
134 105 58 55
134 120 37 256
135 4 1 239
135 25 7 150
135 28 26 356
135 29 52 131
135 37 37 25
135 43 58 336
135 68 49 313
135 77 45 333
135 86 31 41
135 102 13 110
135 107 5 312
135 111 55 278
135 112 16 280
135 118 22 106
136 18 34 57
136 27 17 90
136 55 25 8
136 61 1 120
136 68 47 313
136 69 13 79
136 71 31 427
136 72 39 273
136 73 43 151
136 76 55 117
136 81 49 209
136 101 53 167
136 104 19 207
136 113 23 336
136 118 10 60
137 5 55 300
137 8 9 149
137 9 22 43
137 15 53 198
137 21 27 137
137 24 1 266
137 31 59 16
137 41 41 247
137 48 37 389
137 55 4 373
137 65 49 431
137 76 44 361
137 79 16 38
137 101 19 301
137 117 32 368
138 9 7 233
138 22 3 299
138 23 32 39
138 27 1 251
138 32 58 261
138 38 21 183
138 52 19 332
138 63 27 384
138 73 15 52
138 86 43 247
138 88 49 403
138 92 55 319
138 112 10 51
138 114 37 99
139 6 37 332
139 22 7 112
139 28 55 78
139 34 49 72
139 36 5 76
139 40 43 351
139 44 47 21
139 46 31 180
139 67 17 114
139 69 25 421
139 80 21 211
139 88 13 403
139 105 1 290
139 118 10 7
140 8 5 149
140 19 33 190
140 24 40 296
140 28 55 351
140 34 20 72
140 35 25 449
140 50 43 57
140 54 37 83
140 62 11 345
140 63 53 384
140 69 1 79
140 72 7 273
140 87 49 324
140 101 59 301
140 109 13 82
141 5 34 378
141 19 40 190
141 21 23 37
141 25 1 150
141 30 53 15
141 41 59 401
141 65 11 450
141 66 14 407
141 67 5 225
141 83 55 295
141 96 27 93
141 99 49 297
141 109 45 231
141 113 17 336
141 118 7 7
142 3 37 434
142 10 19 81
142 22 46 407
142 27 13 356
142 41 9 401
142 51 31 434
142 55 34 268
142 59 55 195
142 80 43 5
142 83 49 295
142 97 28 381
142 105 25 129
142 115 1 123
142 116 4 280
142 119 15 26
143 1 40 38
143 2 16 192
143 10 1 223
143 14 11 95
143 26 5 75
143 32 46 151
143 39 7 208
143 47 55 340
143 65 35 450
143 77 25 109
143 80 43 46
143 82 21 438
143 85 23 374
143 93 59 52
143 94 31 179
144 9 28 244
144 10 20 5
144 15 17 198
144 22 37 112
144 31 7 341
144 45 13 293
144 49 43 169
144 50 31 389
144 51 46 46
144 56 49 274
144 80 10 355
144 91 4 409
144 107 59 312
144 119 55 26
145 13 19 91
145 17 37 225
145 25 1 209
145 36 16 176
145 39 25 445
145 54 55 264
145 69 21 421
145 74 45 431
145 87 7 122
145 91 5 354
145 97 13 78
145 101 58 319
145 110 31 196
145 112 40 446
145 115 52 318
146 14 20 18
146 19 16 190
146 22 10 112
146 40 49 5
146 60 2 90
146 72 43 396
146 80 13 5
146 81 33 291
146 85 53 306
146 87 37 122
146 98 47 56
146 101 31 319
146 108 55 426
146 115 7 168
146 116 4 69
147 1 53 414
147 32 37 151
147 36 1 368
147 49 28 413
147 53 59 175
147 59 15 296
147 78 8 257
147 79 10 370
147 86 3 247
147 90 23 234
147 98 13 42
147 101 49 343
147 104 40 355
147 110 31 358
147 116 25 81
148 3 44 346
148 16 19 29
148 24 39 175
148 32 22 261
148 41 29 247
148 42 52 401
148 46 7 390
148 62 11 64
148 63 59 137
148 71 31 114
148 74 55 112
148 83 13 295
148 96 25 185
148 113 49 151
148 116 34 340
149 5 22 378
149 15 4 240
149 18 40 44
149 25 31 386
149 37 9 25
149 41 7 226
149 54 28 131
149 57 37 18
149 69 55 79
149 77 49 217
149 80 16 355
149 101 47 391
149 119 43 26
150 12 13 87
150 18 58 57
150 27 47 242
150 32 16 261
150 40 51 340
150 47 43 362
150 60 29 48
150 66 34 407
150 76 37 71
150 78 9 83
150 80 1 5
150 101 49 319
150 102 21 349
150 115 4 114
150 118 55 106
151 19 29 375
151 32 49 261
151 42 46 206
151 54 1 37
151 55 26 178
151 59 31 393
151 69 7 79
151 70 15 95
151 74 40 199
151 79 43 437
151 102 11 291
151 106 13 330
151 110 56 156
151 114 19 99
152 1 23 425
152 8 41 274
152 19 58 190
152 20 2 147
152 29 37 173
152 32 13 151
152 46 44 180
152 47 7 406
152 74 28 199
152 81 31 401
152 89 17 295
152 97 11 375
152 107 35 312
152 112 52 370
152 118 25 424
153 15 31 151
153 20 49 93
153 21 13 3
153 38 1 116
153 44 7 266
153 48 33 388
153 52 53 419
153 63 39 403
153 64 19 257
153 80 10 176
153 82 47 438
153 99 56 304
153 104 43 240
153 112 28 280
153 117 15 145
154 7 13 450
154 16 31 343
154 36 29 122
154 38 7 44
154 42 34 173
154 45 49 139
154 49 17 414
154 65 41 450
154 82 19 40
154 83 25 248
154 92 22 319
154 94 38 8
154 101 11 390
154 102 5 291
154 103 1 267
155 2 52 83
155 14 23 236
155 38 39 50
155 52 37 419
155 60 47 48
155 62 4 411
155 67 31 116
155 75 28 172
155 76 19 246
155 78 17 83
155 100 25 381
155 104 1 240
155 105 33 129
155 108 7 426
155 110 13 358
156 3 9 73
156 19 35 193
156 33 43 238
156 35 4 371
156 37 38 58
156 45 19 236
156 50 25 114
156 56 55 379
156 61 13 221
156 74 2 431
156 80 45 62
156 88 49 234
156 93 7 272
156 114 31 300
157 1 23 264
157 10 7 81
157 20 37 200
157 22 16 112
157 24 58 240
157 37 49 202
157 40 44 58
157 42 31 173
157 56 1 115
157 62 41 120
157 67 13 225
157 76 19 71
157 92 25 319
157 107 35 296
157 113 53 367
158 1 47 273
158 16 55 271
158 20 43 200
158 26 35 180
158 34 37 422
158 44 29 266
158 50 31 192
158 53 5 301
158 63 11 256
158 72 7 386
158 74 23 431
158 100 49 225
158 105 1 129
158 115 13 168
158 118 58 272
159 2 55 50
159 4 19 239
159 8 29 104
159 16 46 424
159 24 52 175
159 27 7 356
159 30 31 374
159 51 25 46
159 60 38 157
159 67 23 114
159 71 1 114
159 82 9 40
159 90 59 234
159 100 15 178
159 102 44 349
160 7 37 450
160 8 7 149
160 22 19 217
160 35 43 207
160 48 9 356
160 51 4 248
160 62 41 76
160 65 13 431
160 73 22 370
160 81 57 209
160 87 25 425
160 92 16 341
160 93 55 52
160 111 29 407
160 120 1 256
161 4 25 405
161 35 40 449
161 39 3 413
161 44 29 220
161 51 16 248
161 68 1 313
161 77 32 25
161 78 47 257
161 101 37 319
161 107 23 312
161 108 50 21
161 110 19 103
161 114 56 255
161 119 43 388
161 120 10 372
162 5 1 87
162 6 37 397
162 8 17 274
162 20 49 147
162 30 53 374
162 32 22 212
162 36 59 131
162 37 55 199
162 41 7 350
162 42 4 126
162 65 25 431
162 72 45 146
162 78 35 418
162 98 29 60
162 105 10 224
163 2 37 192
163 8 5 274
163 18 19 388
163 19 11 389
163 31 49 16
163 34 31 78
163 35 46 371
163 39 7 298
163 55 22 178
163 57 14 72
163 77 25 291
163 89 41 206
163 107 53 312
163 114 56 299
163 120 1 184
164 6 55 397
164 9 52 177
164 16 31 437
164 22 34 112
164 26 41 29
164 35 46 267
164 36 1 76
164 37 37 202
164 41 5 401
164 56 20 295
164 72 25 146
164 74 3 199
164 87 7 242
164 111 11 391
164 114 13 99
165 1 49 273
165 2 16 264
165 9 4 244
165 20 9 200
165 41 25 411
165 50 56 192
165 52 53 332
165 58 7 304
165 70 45 418
165 86 31 156
165 93 35 79
165 105 40 55
165 109 20 231
165 116 13 69
165 118 28 15
166 1 49 264
166 5 28 355
166 7 55 157
166 12 1 257
166 30 23 34
166 61 7 275
166 68 25 313
166 72 51 273
166 81 14 251
166 98 35 60
166 99 19 53
166 109 31 231
166 111 5 391
166 114 45 29
166 116 40 69
167 17 49 137
167 22 22 217
167 23 46 193
167 24 40 401
167 34 31 306
167 36 27 122
167 57 58 344
167 64 13 104
167 65 1 428
167 77 3 234
167 78 17 419
167 97 7 82
167 100 19 66
167 101 43 167
167 106 35 119
168 4 37 239
168 6 25 397
168 7 55 163
168 15 49 326
168 20 8 147
168 27 23 251
168 31 1 16
168 33 29 430
168 36 3 368
168 39 13 445
168 44 5 21
168 74 43 199
168 99 19 297
168 101 17 444
168 114 31 29
169 2 19 264
169 5 32 93
169 8 35 104
169 13 11 318
169 15 45 198
169 37 1 58
169 44 13 220
169 48 39 414
169 68 15 313
169 74 27 431
169 85 23 333
169 91 56 219
169 94 7 237
169 101 29 390
169 113 51 349
170 1 47 425
170 7 19 32
170 8 35 274
170 13 11 91
170 17 37 91
170 31 23 341
170 60 43 157
170 66 40 444
170 70 7 413
170 76 31 246
170 88 26 112
170 93 59 79
170 99 2 427
170 116 16 69
170 118 52 39
171 16 37 238
171 17 13 161
171 23 40 167
171 24 3 175
171 27 17 361
171 29 56 202
171 35 10 371
171 52 7 343
171 61 32 275
171 87 25 242
171 96 43 80
171 97 53 78
171 100 19 15
171 109 49 300
171 111 47 251
172 2 7 264
172 6 31 397
172 15 53 151
172 22 13 217
172 34 1 78
172 54 16 389
172 55 37 352
172 56 43 274
172 57 40 18
172 93 35 52
172 98 47 200
172 99 49 66
172 103 20 267
172 109 25 42
172 116 58 280
173 13 28 406
173 23 34 432
173 24 7 378
173 27 23 359
173 40 49 185
173 46 3 180
173 47 55 4
173 51 10 161
173 84 38 142
173 85 14 272
173 100 16 22
173 104 25 355
173 110 43 224
173 115 20 114
173 118 31 106
174 12 55 409
174 42 43 126
174 46 19 375
174 50 49 34
174 61 37 220
174 62 5 345
174 81 25 48
174 86 13 102
174 102 2 349
174 112 46 384
174 114 31 167
174 120 8 256
175 3 43 203
175 10 31 206
175 11 21 200
175 18 7 46
175 24 58 266
175 29 16 94
175 35 10 66
175 54 13 389
175 59 1 447
175 68 27 313
175 83 37 248
175 101 5 35
175 104 55 80
175 112 50 280
176 8 59 274
176 16 28 424
176 18 20 7
176 21 40 447
176 26 11 29
176 34 13 306
176 49 49 169
176 55 4 268
176 60 17 157
176 63 37 403
176 65 31 431
176 93 43 272
176 95 25 282
176 104 34 355
176 118 45 106
177 2 25 50
177 22 13 299
177 24 4 378
177 42 1 126
177 50 19 389
177 51 28 46
177 54 31 316
177 68 39 313
177 70 43 21
177 81 7 391
177 89 11 211
177 98 35 50
177 103 55 329
177 109 49 42
177 118 16 60
178 7 7 132
178 15 59 151
178 17 43 40
178 21 5 447
178 22 28 437
178 30 47 34
178 45 31 236
178 50 55 34
178 55 1 178
178 59 37 288
178 75 25 172
178 76 50 71
178 83 19 196
178 102 16 212
178 104 13 80
179 12 7 98
179 18 22 56
179 26 43 29
179 37 1 365
179 54 40 106
179 58 5 215
179 62 32 76
179 68 17 313
179 78 10 88
179 80 19 355
179 84 13 144
179 97 50 422
179 113 57 349
179 117 26 368
179 118 34 7
180 9 13 43
180 13 7 91
180 23 9 326
180 31 17 16
180 32 34 372
180 35 22 207
180 67 55 371
180 84 25 36
180 87 1 242
180 89 53 347
180 92 31 359
180 110 57 73
180 114 49 167
180 119 37 95
180 120 19 365
181 9 25 233
181 24 56 175
181 26 13 256
181 30 47 15
181 37 19 144
181 45 43 373
181 46 49 8
181 51 7 248
181 52 5 419
181 57 16 207
181 67 11 116
181 83 31 321
181 90 3 285
181 98 35 273
181 102 40 349
182 6 14 345
182 9 46 271
182 15 57 151
182 30 55 374
182 35 43 267
182 47 25 414
182 70 37 21
182 80 31 355
182 81 19 137
182 90 29 396
182 94 49 237
182 115 4 123
182 116 34 69
182 118 7 106
183 5 4 184
183 9 1 233
183 26 35 75
183 29 10 202
183 39 19 143
183 45 55 226
183 46 25 102
183 48 13 414
183 50 50 368
183 60 59 157
183 77 43 379
183 108 31 21
183 110 38 358
183 118 7 60
184 6 32 345
184 7 44 162
184 10 51 223
184 22 22 284
184 28 37 261
184 33 5 238
184 41 19 145
184 63 41 403
184 71 8 114
184 72 25 386
184 77 56 333
184 82 11 40
184 83 13 196
184 87 1 425
184 107 49 312
185 28 7 375
185 41 11 401
185 49 35 415
185 64 31 104
185 74 5 112
185 79 1 38
185 82 56 40
185 83 49 196
185 88 20 418
185 91 53 354
185 93 17 79
185 94 13 181
185 105 25 296
185 112 43 384
185 113 40 149
186 1 21 38
186 18 49 7
186 19 43 190
186 21 17 3
186 26 29 29
186 30 1 374
186 47 45 340
186 57 4 381
186 67 23 447
186 75 25 238
186 78 41 257
186 80 52 211
186 96 32 51
186 109 13 15
186 116 37 263
187 3 50 302
187 9 1 43
187 22 46 112
187 48 19 113
187 54 58 83
187 59 7 71
187 60 5 90
187 76 13 71
187 82 28 438
187 86 31 247
187 90 35 285
187 98 37 273
187 111 17 407
187 115 40 123
188 2 7 50
188 6 49 332
188 7 13 162
188 19 41 389
188 27 35 356
188 45 55 408
188 47 37 4
188 57 31 72
188 70 27 21
188 74 11 243
188 109 43 304
188 113 5 367
188 116 19 109
188 117 1 106
188 120 22 365
189 6 21 332
189 7 49 162
189 24 40 373
189 33 10 57
189 49 17 415
189 50 55 447
189 59 25 66
189 76 33 361
189 82 5 310
189 94 7 8
189 95 14 282
189 99 43 297
189 103 1 329
189 107 53 296
189 120 37 184
190 2 34 83
190 14 17 72
190 16 9 343
190 19 38 190
190 25 19 150
190 28 43 125
190 46 49 113
190 49 47 414
190 57 14 344
190 67 59 318
190 74 1 243
190 88 55 350
190 90 5 285
190 106 41 330
190 118 25 7
191 3 49 285
191 16 31 238
191 38 55 220
191 66 38 346
191 68 21 313
191 74 17 243
191 77 13 98
191 79 27 211
191 85 7 55
191 87 1 64
191 97 5 422
191 111 23 278
191 113 9 336
191 116 34 172
191 118 43 67
192 12 37 98
192 13 57 318
192 18 10 44
192 19 3 190
192 21 59 3
192 26 53 29
192 30 17 15
192 44 23 21
192 56 33 379
192 63 41 384
192 71 7 427
192 97 1 375
192 111 31 445
192 112 13 158
192 114 26 299
193 2 34 264
193 6 51 397
193 10 57 81
193 33 1 238
193 37 7 287
193 47 26 43
193 48 19 414
193 55 45 352
193 58 23 304
193 65 55 431
193 74 43 431
193 75 4 172
193 77 37 234
193 91 49 354
193 100 15 225
194 2 31 83
194 4 8 333
194 10 37 206
194 11 43 428
194 29 16 202
194 31 47 156
194 38 1 50
194 44 13 266
194 73 22 44
194 81 55 291
194 89 41 91
194 92 19 319
194 103 26 329
194 116 34 242
194 119 49 415
195 12 26 409
195 14 7 18
195 30 51 374
195 35 40 371
195 37 19 423
195 45 43 226
195 51 31 293
195 69 1 392
195 77 14 284
195 81 56 251
195 116 9 280
195 118 37 194
196 11 25 16
196 21 16 137
196 22 13 233
196 25 31 209
196 32 55 372
196 51 10 293
196 58 47 304
196 71 20 427
196 78 5 83
196 88 1 99
196 97 43 78
196 100 40 15
196 104 51 355
196 118 58 106
197 7 31 132
197 8 47 149
197 14 9 72
197 23 58 326
197 27 23 356
197 36 17 368
197 38 28 50
197 44 5 220
197 47 1 340
197 59 49 48
197 60 40 157
197 83 19 134
197 87 13 425
197 95 55 98
197 109 43 15
198 8 5 104
198 9 10 43
198 10 49 81
198 24 7 110
198 30 23 71
198 42 37 401
198 53 31 361
198 54 45 37
198 56 13 274
198 71 55 114
198 72 1 273
198 95 40 198
198 101 43 301
198 114 33 299
198 117 19 6
199 19 35 190
199 23 28 193
199 33 3 238
199 34 45 183
199 42 52 206
199 52 16 343
199 58 21 304
199 63 43 42
199 72 31 146
199 75 58 425
199 77 7 217
199 92 40 341
199 107 55 312
199 115 49 163
200 5 49 444
200 13 13 406
200 26 17 29
200 37 43 202
200 42 9 173
200 46 32 390
200 47 3 4
200 68 58 313
200 76 26 361
200 82 7 438
200 94 19 237
200 113 47 367
200 115 37 123
200 120 40 256
201 3 55 285
201 16 49 219
201 17 52 405
201 18 19 57
201 37 7 365
201 44 35 220
201 46 15 8
201 54 22 26
201 55 25 373
201 57 37 381
201 58 29 304
201 67 13 447
201 69 43 421
201 84 31 36
201 100 4 15
202 15 17 172
202 17 40 388
202 39 49 449
202 47 19 362
202 48 13 156
202 55 37 373
202 58 26 304
202 59 57 66
202 61 31 298
202 74 9 431
202 79 28 126
202 95 2 198
202 117 43 430
203 5 10 378
203 6 49 345
203 14 29 236
203 17 16 405
203 19 59 375
203 26 21 180
203 53 5 333
203 59 55 419
203 65 35 428
203 68 3 313
203 81 37 137
203 88 45 234
203 97 25 82
203 98 43 438
203 108 31 426
204 16 37 219
204 18 22 57
204 21 7 3
204 30 59 34
204 34 25 183
204 35 13 449
204 47 49 406
204 58 19 249
204 59 55 288
204 90 17 234
204 102 46 349
204 105 1 55
204 108 9 303
204 109 32 82
205 7 56 162
205 9 46 244
205 15 33 151
205 23 43 320
205 34 25 78
205 49 23 282
205 52 29 108
205 53 49 303
205 54 10 290
205 61 2 275
205 69 19 392
205 99 13 297
205 107 17 312
205 110 37 73
205 116 7 48
206 4 8 119
206 18 13 183
206 21 57 3
206 30 17 102
206 32 19 151
206 34 31 422
206 38 46 44
206 40 49 18
206 41 59 226
206 49 53 413
206 60 41 90
206 61 37 120
206 66 43 444
206 86 1 41
206 94 22 179
207 12 10 257
207 15 4 151
207 20 31 193
207 66 7 444
207 71 13 446
207 83 49 248
207 84 37 258
207 89 21 91
207 91 19 354
207 92 16 319
207 98 35 200
207 108 55 303
207 109 25 231
207 111 43 278
207 120 1 372
208 8 29 274
208 22 9 407
208 25 43 139
208 29 3 202
208 43 52 249
208 63 41 137
208 68 35 313
208 75 25 199
208 85 13 374
208 89 7 211
208 95 49 282
208 104 37 3
208 107 1 312
208 109 55 42
208 117 15 130
209 4 20 384
209 14 45 236
209 16 50 238
209 32 37 372
209 46 13 375
209 49 40 169
209 50 7 192
209 63 29 137
209 84 31 278
209 88 2 418
209 96 25 80
209 117 55 6
210 9 58 273
210 23 16 320
210 27 51 90
210 34 9 422
210 36 55 176
210 42 25 206
210 45 1 320
210 46 31 102
210 53 41 132
210 62 35 64
210 72 43 273
210 90 37 285
210 103 20 35
210 116 28 69
211 11 13 119
211 19 59 120
211 40 39 391
211 43 49 239
211 46 33 375
211 51 28 161
211 68 31 313
211 77 43 161
211 82 1 310
211 90 25 285
211 93 3 272
211 98 53 50
211 111 17 391
211 114 55 29
211 117 19 368
212 3 55 302
212 11 37 40
212 16 52 219
212 17 34 137
212 28 3 375
212 57 10 344
212 61 13 120
212 78 28 83
212 102 17 354
212 114 45 167
212 115 7 123
212 119 19 415
213 12 37 409
213 26 35 256
213 32 31 372
213 43 28 239
213 45 2 226
213 47 13 37
213 48 49 9
213 59 57 201
213 61 7 220
213 63 17 403
213 94 25 179
213 95 20 271
213 104 40 240
213 113 55 336
213 117 44 6
214 1 43 38
214 6 25 345
214 7 37 311
214 9 16 233
214 23 13 39
214 47 1 406
214 51 57 293
214 64 49 363
214 68 19 313
214 82 23 438
214 89 5 211
214 90 41 396
214 94 45 237
214 104 34 362
214 109 7 15
215 18 4 423
215 37 55 108
215 49 17 282
215 57 28 243
215 71 1 416
215 79 13 437
215 82 32 40
215 83 37 101
215 84 7 144
215 85 11 55
215 98 53 42
215 105 34 224
215 112 49 370
215 113 20 434
215 115 25 318
216 18 16 56
216 19 5 389
216 20 55 147
216 22 34 437
216 28 38 356
216 40 43 99
216 56 1 306
216 65 53 38
216 73 47 409
216 74 23 243
216 80 19 176
216 93 13 52
216 96 7 93
216 97 59 350
216 114 26 62
217 8 16 301
217 20 43 147
217 28 19 335
217 36 23 131
217 38 49 116
217 42 7 126
217 46 55 375
217 53 47 132
217 63 53 403
217 66 28 434
217 73 11 409
217 79 34 352
217 80 4 355
217 82 13 260
217 116 1 261
218 2 55 83
218 5 43 378
218 13 53 406
218 17 37 405
218 19 7 336
218 24 4 266
218 25 25 188
218 47 13 340
218 61 49 271
218 80 31 5
218 87 19 64
218 94 40 237
218 104 46 240
218 109 9 300
219 4 55 239
219 7 49 311
219 17 4 405
219 28 13 430
219 48 25 257
219 49 59 414
219 50 43 368
219 51 31 208
219 53 47 175
219 73 34 370
219 74 7 199
219 83 19 428
219 86 37 41
219 88 9 403
219 106 23 330
220 8 53 274
220 18 28 416
220 32 25 151
220 39 19 208
220 46 43 61
220 67 35 71
220 69 9 347
220 75 37 425
220 82 41 438
220 86 13 41
220 87 1 122
220 96 55 51
220 102 7 291
220 117 49 430
220 120 31 202
221 5 31 178
221 8 25 149
221 26 43 256
221 30 23 102
221 37 45 199
221 56 8 306
221 64 19 419
221 75 49 56
221 85 58 374
221 89 34 211
221 97 41 381
221 103 14 329
221 104 1 92
221 105 28 296
221 108 37 324
222 7 49 157
222 10 19 206
222 15 29 198
222 27 46 90
222 41 4 200
222 45 37 226
222 52 35 332
222 53 7 175
222 82 1 40
222 87 13 242
222 99 55 407
222 104 31 362
222 109 9 109
222 113 41 367
222 114 25 29
223 2 13 83
223 6 19 62
223 25 55 386
223 29 10 94
223 46 25 375
223 62 47 345
223 92 1 319
223 94 40 425
223 99 43 64
223 102 4 300
223 103 32 329
223 114 51 299
223 116 7 261
224 6 8 397
224 9 31 84
224 13 23 91
224 16 38 437
224 22 58 284
224 25 13 363
224 64 25 363
224 72 49 396
224 87 2 324
224 97 35 422
224 101 41 40
224 102 29 212
224 108 45 426
224 115 55 123
224 117 19 430
225 1 19 38
225 24 56 378
225 29 21 202
225 40 1 185
225 41 53 247
225 43 7 239
225 48 25 113
225 52 59 332
225 72 49 146
225 73 5 44
225 77 37 217
225 81 31 251
225 97 29 422
225 103 13 267
225 106 17 330
226 5 25 378
226 19 37 193
226 25 19 363
226 38 40 116
226 40 31 18
226 51 49 95
226 61 43 30
226 78 15 427
226 89 9 211
226 93 52 52
226 94 55 237
226 97 47 422
226 115 4 318
226 116 58 433
226 118 28 39
227 5 19 184
227 7 55 311
227 15 25 326
227 21 47 447
227 22 52 427
227 41 41 93
227 44 59 21
227 58 37 304
227 59 7 393
227 60 43 231
227 62 5 64
227 70 1 367
227 83 27 295
227 88 13 350
227 108 31 303
228 8 47 274
228 14 43 236
228 15 7 326
228 22 37 280
228 41 31 226
228 48 49 388
228 50 2 34
228 56 25 306
228 67 29 114
228 85 17 55
228 89 13 206
228 92 34 359
228 98 22 50
228 100 10 178
228 113 15 336
229 20 13 433
229 26 59 180
229 32 55 76
229 51 34 208
229 53 23 175
229 55 1 60
229 64 9 234
229 73 41 6
229 79 31 352
229 85 46 55
229 95 25 308
229 97 7 422
229 105 20 129
229 107 51 312
229 115 4 168
230 5 37 444
230 9 55 273
230 20 31 147
230 22 19 299
230 30 59 405
230 52 11 332
230 54 15 149
230 66 1 407
230 70 49 367
230 72 43 365
230 76 7 246
230 79 4 437
230 99 25 64
231 9 31 244
231 11 49 119
231 13 22 406
231 26 59 256
231 32 34 76
231 55 4 8
231 57 55 72
231 69 43 79
231 70 7 21
231 84 37 278
231 104 19 240
231 107 27 312
231 113 29 367
231 118 13 7
232 6 31 332
232 7 25 311
232 14 47 236
232 25 14 412
232 27 35 90
232 39 1 208
232 56 37 203
232 63 11 384
232 65 59 431
232 68 51 313
232 74 29 431
232 75 55 425
232 82 7 40
232 84 43 258
232 120 20 372
233 2 19 50
233 10 8 5
233 17 33 161
233 22 38 115
233 23 44 177
233 24 49 175
233 35 13 371
233 73 17 52
233 97 31 375
233 102 22 300
233 104 1 132
233 110 55 196
233 118 28 7
233 120 52 110
234 2 28 264
234 5 43 184
234 14 26 18
234 21 23 137
234 25 56 363
234 27 20 251
234 33 5 57
234 41 17 200
234 45 39 236
234 49 10 169
234 62 53 64
234 76 13 361
234 94 1 8
234 102 31 354
234 112 34 198
235 2 34 258
235 14 59 236
235 19 19 190
235 27 37 272
235 41 9 247
235 56 43 300
235 57 2 211
235 64 21 432
235 71 31 3
235 77 49 333
235 84 39 207
235 87 55 31
235 115 14 318
235 117 25 430
236 5 1 378
236 24 26 266
236 30 11 102
236 32 43 372
236 34 39 129
236 41 7 247
236 55 46 8
236 65 57 431
236 67 35 225
236 71 4 446
236 73 9 409
236 77 31 221
236 98 37 56
236 107 21 312
236 120 13 372
237 1 4 38
237 22 37 299
237 27 29 251
237 31 53 72
237 35 16 371
237 50 25 57
237 54 49 37
237 55 1 373
237 95 40 298
237 98 11 242
237 107 45 312
237 114 7 299
237 118 34 106
237 119 19 46
237 120 31 110
238 14 11 72
238 16 45 238
238 17 13 405
238 18 1 7
238 38 22 29
238 49 26 169
238 50 49 192
238 53 19 132
238 84 55 263
238 100 28 225
238 101 53 390
238 103 7 35
238 109 31 380
238 116 16 48
239 33 59 430
239 43 39 336
239 45 51 236
239 48 55 388
239 53 45 301
239 55 25 217
239 60 35 157
239 61 1 271
239 64 13 257
239 78 43 418
239 100 7 381
239 107 19 312
239 112 21 280
239 113 17 349
239 117 31 130
240 3 13 126
240 11 39 92
240 18 2 56
240 25 43 363
240 32 7 372
240 33 37 359
240 58 28 249
240 65 47 38
240 67 49 318
240 91 33 354
240 92 20 341
240 99 51 304
240 100 10 75
240 107 57 312
240 113 26 349
241 1 29 425
241 22 40 112
241 24 31 240
241 25 2 363
241 32 16 372
241 35 37 371
241 36 22 76
241 48 25 156
241 61 43 220
241 65 7 431
241 66 58 444
241 67 47 71
241 93 19 52
241 99 49 407
241 120 9 6
242 9 38 271
242 10 43 81
242 13 47 318
242 19 55 190
242 22 13 112
242 25 7 276
242 28 31 261
242 33 41 430
242 44 11 374
242 45 57 373
242 51 1 248
242 81 25 391
242 96 19 88
242 111 23 445
242 116 4 261
243 2 22 192
243 9 58 244
243 15 1 434
243 18 13 56
243 21 55 3
243 25 49 412
243 64 37 104
243 75 44 56
243 82 9 438
243 87 31 64
243 88 25 350
243 105 19 55
243 107 7 359
243 116 3 48
244 9 4 43
244 11 55 92
244 29 14 131
244 32 1 328
244 39 43 208
244 44 49 374
244 47 37 350
244 80 22 176
244 81 51 251
244 83 31 255
244 89 9 206
244 98 29 56
244 102 7 354
244 110 25 73
244 116 19 261
245 19 22 190
245 25 44 209
245 27 19 90
245 31 29 16
245 32 7 328
245 34 31 183
245 47 38 340
245 60 56 231
245 73 53 6
245 82 4 438
245 90 1 285
245 97 11 78
245 105 25 290
245 114 13 29
245 117 49 106
246 27 5 356
246 30 27 374
246 41 22 116
246 43 43 336
246 48 55 193
246 53 29 132
246 54 13 264
246 81 1 219
246 83 37 196
246 84 9 278
246 86 49 41
246 90 7 234
246 111 17 278
246 112 19 158
246 119 31 46
247 9 31 177
247 11 25 428
247 14 3 72
247 35 34 371
247 40 14 18
247 42 22 173
247 55 10 8
247 59 57 393
247 61 43 275
247 62 29 345
247 69 37 392
247 82 55 260
247 97 5 82
247 113 19 349
247 115 49 123
248 13 5 91
248 19 27 190
248 20 1 22
248 39 7 194
248 40 49 351
248 54 58 37
248 65 19 431
248 66 15 396
248 67 45 318
248 75 21 199
248 97 13 422
248 101 55 343
248 103 31 267
248 111 53 226
248 113 37 336
249 27 58 356
249 38 4 116
249 41 47 350
249 48 25 328
249 59 14 73
249 62 1 411
249 64 43 343
249 71 37 114
249 73 11 39
249 77 19 333
249 86 7 115
249 93 51 272
249 97 23 78
249 104 34 144
250 4 26 119
250 23 1 193
250 26 51 180
250 32 4 328
250 36 47 368
250 39 19 445
250 43 55 324
250 48 15 356
250 57 34 316
250 61 7 120
250 65 41 428
250 75 31 199
250 105 37 290
250 106 59 330
250 113 23 349
251 10 7 223
251 15 25 240
251 17 31 137
251 19 35 373
251 23 16 193
251 24 13 240
251 27 43 90
251 38 28 116
251 45 50 293
251 51 2 293
251 59 56 358
251 87 37 242
251 89 47 347
251 96 19 93
252 14 2 236
252 23 14 177
252 35 4 66
252 38 56 116
252 40 37 5
252 41 17 350
252 54 20 149
252 84 45 278
252 101 23 301
252 105 10 296
252 106 34 330
252 107 43 296
252 110 51 255
252 120 28 6
253 8 43 233
253 15 47 326
253 16 25 343
253 20 38 147
253 27 29 242
253 28 50 132
253 57 8 207
253 66 20 444
253 67 11 447
253 71 4 416
253 74 34 431
253 80 58 46
253 93 1 195
253 118 14 67
254 18 55 57
254 21 23 220
254 37 49 108
254 43 58 282
254 50 31 447
254 57 43 18
254 61 25 298
254 70 13 367
254 73 41 151
254 80 37 62
254 81 19 102
254 102 4 212
254 104 46 3
254 112 1 51
254 114 7 167
255 8 11 149
255 14 28 18
255 15 52 240
255 24 31 266
255 44 15 266
255 49 5 414
255 50 7 389
255 52 57 343
255 54 49 149
255 69 37 79
255 71 34 184
255 77 19 379
255 79 25 38
255 93 1 52
255 102 13 349
256 6 7 345
256 9 19 233
256 19 31 190
256 58 13 304
256 61 56 30
256 65 4 431
256 72 25 365
256 83 43 255
256 84 33 263
256 86 49 115
256 90 53 396
256 94 37 237
256 101 29 301
256 119 15 179
257 3 13 302
257 4 31 333
257 9 39 233
257 28 7 351
257 44 17 266
257 50 49 57
257 60 29 157
257 70 57 413
257 72 25 273
257 81 20 391
257 90 11 285
257 99 43 115
257 108 2 39
257 111 35 278
258 7 31 157
258 9 56 438
258 13 35 318
258 19 17 375
258 34 49 183
258 38 25 220
258 45 13 373
258 48 43 414
258 49 29 414
258 62 47 64
258 86 19 247
258 90 23 396
258 91 41 354
258 95 10 271
258 119 37 26
259 32 55 261
259 36 37 131
259 37 25 202
259 41 47 401
259 66 40 177
259 68 53 313
259 70 21 145
259 75 13 238
259 77 43 291
259 84 7 258
259 85 35 55
259 91 3 354
259 98 49 60
259 117 31 145
260 10 37 384
260 16 32 55
260 34 1 183
260 37 49 423
260 63 35 42
260 71 55 301
260 87 7 64
260 91 17 219
260 92 46 341
260 93 29 52
260 96 13 93
260 98 41 304
260 103 19 424
260 104 43 3
260 116 25 340
261 1 52 266
261 20 25 200
261 36 8 76
261 50 37 34
261 52 35 343
261 54 1 26
261 65 41 431
261 69 20 347
261 95 58 98
261 100 4 178
261 107 10 312
261 111 29 278
261 112 46 370
261 117 31 430
261 118 43 7
262 3 25 302
262 6 49 443
262 17 40 161
262 23 13 11
262 25 8 188
262 28 31 356
262 37 19 108
262 44 5 183
262 53 23 361
262 72 1 146
262 78 29 418
262 79 16 370
262 94 46 179
262 112 43 280
262 118 37 106
263 5 19 378
263 11 37 428
263 21 52 116
263 28 56 389
263 31 35 233
263 32 22 158
263 38 1 44
263 50 13 114
263 54 49 83
263 58 11 249
263 59 25 419
263 88 31 60
263 104 4 362
263 108 44 303
263 115 8 318
264 20 7 22
264 22 46 263
264 26 19 180
264 38 31 346
264 45 37 360
264 54 43 192
264 57 55 381
264 72 25 218
264 87 51 122
264 89 23 206
264 98 41 42
264 107 59 296
264 118 1 18
264 119 13 415
265 6 3 332
265 14 37 236
265 18 39 56
265 21 47 116
265 22 49 427
265 32 10 328
265 35 7 371
265 37 13 423
265 47 32 350
265 49 1 413
265 59 43 48
265 78 26 83
265 103 19 352
265 104 28 340
265 115 52 123
266 1 10 38
266 3 1 346
266 6 19 325
266 19 47 373
266 20 49 200
266 43 7 324
266 46 55 180
266 51 33 95
266 64 43 104
266 75 13 172
266 83 25 255
266 89 31 211
266 91 29 409
266 103 37 424
266 111 17 445
267 21 17 37
267 22 19 407
267 36 11 122
267 38 52 44
267 40 7 311
267 44 35 21
267 45 25 360
267 50 55 368
267 83 37 76
267 85 41 234
267 91 29 219
267 94 3 179
267 102 1 110
267 115 46 114
267 119 13 388
268 1 9 266
268 7 21 132
268 9 58 43
268 28 37 132
268 33 17 430
268 44 41 329
268 45 25 236
268 49 11 413
268 61 13 275
268 69 50 392
268 81 43 401
268 94 34 179
268 96 2 93
268 112 31 370
269 2 19 449
269 9 32 233
269 18 4 46
269 28 55 430
269 29 10 131
269 52 1 343
269 57 13 381
269 64 27 30
269 73 7 409
269 85 53 272
269 99 49 64
269 100 22 22
269 101 25 444
269 104 40 192
269 118 46 7
270 9 49 438
270 14 17 236
270 19 41 375
270 27 55 272
270 45 13 236
270 50 26 34
270 52 47 343
270 56 31 274
270 59 1 249
270 61 19 120
270 71 38 301
270 72 7 146
270 75 52 56
270 82 5 260
270 92 43 319
271 9 19 244
271 10 55 384
271 24 22 373
271 31 9 16
271 32 37 199
271 37 43 425
271 41 17 247
271 45 13 408
271 66 26 407
271 93 47 272
271 103 49 267
271 105 4 296
271 107 11 266
271 117 31 6
271 118 40 7
272 25 55 41
272 45 9 236
272 57 20 243
272 69 39 347
272 81 25 401
272 84 13 278
272 85 7 374
272 89 17 211
272 91 47 219
272 105 1 296
272 110 50 421
272 115 32 123
272 117 43 316
272 120 4 372
273 3 19 285
273 7 37 432
273 20 13 147
273 31 55 341
273 34 31 181
273 62 10 76
273 71 25 301
273 75 57 172
273 77 1 161
273 89 35 206
273 92 28 359
273 98 23 273
273 103 43 287
273 106 5 119
274 24 55 240
274 31 43 72
274 33 47 306
274 49 23 169
274 61 13 271
274 66 31 81
274 74 40 243
274 80 37 355
274 90 34 396
274 91 25 354
274 92 7 319
274 103 19 329
274 108 1 426
274 112 27 370
274 115 10 123
275 1 46 264
275 12 31 113
275 16 28 343
275 25 13 139
275 42 25 173
275 53 11 361
275 58 39 304
275 67 19 116
275 80 7 355
275 86 21 115
275 87 56 242
275 102 37 349
275 105 52 208
275 108 1 21
276 5 37 90
276 13 29 91
276 35 1 66
276 39 49 445
276 43 20 336
276 45 25 408
276 54 31 191
276 81 7 102
276 86 13 157
276 87 55 221
276 92 34 341
276 111 53 278
276 112 4 51
276 114 44 299
276 116 40 263
277 9 28 233
277 14 40 72
277 32 25 76
277 39 50 143
277 60 11 336
277 61 1 220
277 62 17 120
277 68 44 313
277 83 20 101
277 87 13 246
277 96 33 249
277 104 58 132
277 108 7 39
277 111 5 397
278 12 34 169
278 16 43 424
278 23 19 39
278 37 55 423
278 44 17 374
278 58 9 304
278 65 29 428
278 66 31 444
278 71 52 301
278 84 13 263
278 105 49 224
278 110 37 224
278 117 1 403
278 120 25 6
279 9 34 43
279 13 1 91
279 50 43 447
279 53 19 175
279 56 13 379
279 59 55 249
279 66 28 81
279 72 49 365
279 82 3 310
279 84 7 36
279 85 53 234
279 90 59 396
279 110 21 358
279 117 38 316
279 118 25 272
280 1 23 414
280 20 25 108
280 23 13 53
280 35 49 371
280 54 52 37
280 60 11 157
280 73 41 81
280 80 56 355
280 86 45 157
280 99 37 368
280 102 1 300
280 115 4 163
280 116 7 172
280 119 19 344
281 12 43 87
281 24 13 175
281 36 5 368
281 37 19 425
281 64 7 363
281 71 40 427
281 80 37 176
281 88 55 60
281 89 16 347
281 93 1 272
281 94 46 436
281 101 11 167
281 103 25 352
281 107 3 312
281 119 32 26
282 18 49 44
282 25 55 225
282 34 25 72
282 43 13 239
282 44 9 374
282 49 47 413
282 57 37 344
282 66 16 81
282 76 31 71
282 77 43 284
282 95 52 282
282 101 41 343
282 109 20 42
282 114 1 29
283 3 31 212
283 6 43 345
283 15 29 326
283 18 19 56
283 19 5 190
283 22 49 75
283 38 13 44
283 49 1 169
283 75 40 238
283 86 25 41
283 95 37 298
283 96 7 80
283 106 47 330
283 119 56 250
284 3 2 302
284 18 7 56
284 25 31 363
284 44 39 374
284 47 27 362
284 53 41 301
284 62 59 345
284 75 49 425
284 81 44 102
284 87 19 242
284 104 52 3
284 105 55 233
284 108 13 426
285 9 40 244
285 19 52 190
285 23 37 167
285 50 43 34
285 60 7 231
285 68 56 313
285 71 1 3
285 80 25 176
285 84 9 263
285 101 21 301
285 102 13 212
285 105 15 224
285 109 31 42
285 118 58 424
286 17 13 137
286 20 19 193
286 21 25 137
286 28 49 78
286 48 55 328
286 49 5 169
286 56 38 295
286 63 35 403
286 69 31 79
286 70 1 95
286 76 27 246
286 96 43 185
286 97 59 422
286 101 53 343
286 108 9 411
287 1 23 266
287 30 29 102
287 41 47 247
287 45 49 408
287 56 19 274
287 70 37 145
287 71 34 114
287 75 31 7
287 88 1 350
287 103 7 352
287 108 25 303
287 109 55 15
287 112 44 158
287 113 15 349
288 3 43 212
288 6 19 345
288 12 56 406
288 30 15 374
288 33 47 57
288 35 1 371
288 44 17 220
288 57 7 344
288 58 49 249
288 69 25 79
288 73 13 409
288 99 31 297
288 100 52 381
288 115 37 318
289 6 55 332
289 17 31 258
289 24 26 175
289 26 8 180
289 29 1 173
289 30 35 34
289 38 37 116
289 49 29 169
289 56 19 324
289 57 40 344
289 70 43 367
289 85 4 374
289 87 13 64
289 112 50 291
289 116 10 48
290 23 33 326
290 29 40 173
290 33 47 430
290 46 25 390
290 59 43 66
290 82 11 438
290 90 23 285
290 91 1 354
290 95 19 98
290 101 17 390
290 104 4 92
290 107 38 312
290 109 13 231
290 112 55 280
290 114 7 29
291 7 1 450
291 22 16 299
291 35 43 371
291 42 19 173
291 61 49 275
291 65 23 450
291 78 11 418
291 84 55 36
291 85 29 374
291 86 7 157
291 88 25 99
291 93 47 52
291 109 38 231
291 110 31 73
292 14 59 359
292 17 49 405
292 58 47 249
292 60 15 90
292 70 37 418
292 76 55 71
292 77 1 284
292 81 8 219
292 88 32 234
292 93 5 79
292 101 28 319
292 114 20 167
292 115 44 123
292 120 25 256
293 4 32 405
293 7 25 450
293 12 55 257
293 17 37 388
293 32 40 372
293 37 50 25
293 45 43 408
293 70 7 367
293 74 47 243
293 79 58 403
293 88 13 418
293 95 20 282
293 104 1 362
293 106 4 330
294 1 23 38
294 11 26 40
294 25 43 282
294 47 49 362
294 49 58 247
294 52 3 419
294 53 11 132
294 54 55 37
294 59 19 296
294 61 14 298
294 83 7 428
294 108 37 303
294 114 31 99
295 9 28 177
295 12 31 409
295 21 35 311
295 36 23 368
295 38 58 50
295 44 41 220
295 47 13 4
295 66 55 444
295 83 49 428
295 95 25 198
295 99 37 297
295 101 10 444
295 104 7 362
295 110 2 358
295 116 19 433
296 9 32 438
296 18 37 44
296 30 53 102
296 31 5 156
296 40 49 433
296 41 35 401
296 66 27 444
296 69 20 79
296 81 55 401
296 82 17 438
296 84 1 36
296 92 13 341
296 101 59 390
296 103 43 35
296 117 7 430
297 5 55 87
297 6 1 397
297 12 58 257
297 16 21 343
297 31 11 16
297 48 49 193
297 49 19 326
297 50 7 158
297 53 5 132
297 56 25 203
297 63 35 347
297 81 31 415
297 83 13 428
297 88 44 131
297 93 39 272
298 13 43 318
298 17 2 258
298 18 7 416
298 27 5 242
298 28 27 125
298 35 13 442
298 56 49 203
298 70 19 95
298 71 33 301
298 72 38 386
298 73 53 81
298 84 45 36
298 89 25 211
298 104 10 362
298 117 56 145
299 9 57 146
299 10 8 338
299 19 23 193
299 28 37 430
299 42 43 263
299 72 25 396
299 84 19 278
299 85 47 374
299 98 15 50
299 102 55 349
299 107 29 312
299 109 3 42
299 110 50 328
299 115 32 318
300 12 4 87
300 23 25 39
300 26 46 256
300 27 53 90
300 28 14 132
300 48 49 414
300 73 11 81
300 79 1 370
300 81 21 291
300 84 57 278
300 87 37 64
300 100 43 381
300 101 19 390
300 110 7 156
300 116 31 237
Điểm tối ưu/tốt nhất tìm được: 4378
Thời gian: 360.054465 giây
Trạng thái: VALID
