4473
1 3 59 232
1 6 7 397
1 12 37 91
1 23 27 297
1 26 34 122
1 30 19 405
1 41 55 58
1 55 1 181
1 69 47 91
1 72 21 73
1 80 4 330
1 86 44 326
1 108 17 163
1 109 15 257
1 113 31 77
2 4 1 62
2 17 52 399
2 35 9 36
2 39 37 337
2 70 22 376
2 74 55 222
2 81 13 445
2 86 5 326
2 90 19 106
2 96 25 29
2 101 40 222
2 103 7 383
2 111 49 192
2 113 16 136
2 120 58 157
3 5 19 85
3 13 7 292
3 15 11 165
3 28 17 175
3 33 39 45
3 35 25 201
3 37 50 270
3 38 45 71
3 39 43 337
3 54 59 194
3 75 21 303
3 85 13 281
3 111 56 209
3 114 31 266
3 119 4 192
4 16 13 125
4 40 4 158
4 42 19 130
4 44 8 206
4 48 1 83
4 55 39 181
4 68 28 315
4 71 46 430
4 78 25 188
4 79 21 195
4 87 31 248
4 96 37 304
4 97 11 440
4 110 49 350
4 118 43 133
5 11 43 277
5 24 39 317
5 30 33 415
5 33 55 32
5 46 1 214
5 48 7 83
5 58 19 121
5 62 17 387
5 66 13 65
5 71 25 42
5 87 50 248
5 91 22 176
5 106 29 320
5 116 57 301
5 117 10 204
6 5 35 85
6 33 46 32
6 40 31 158
6 43 21 342
6 45 11 303
6 49 39 259
6 75 49 44
6 92 16 442
6 95 27 42
6 97 37 440
6 100 13 413
6 101 7 127
6 105 43 201
6 107 2 298
6 117 55 448
7 3 51 232
7 8 31 182
7 10 28 142
7 25 38 374
7 32 22 40
7 49 16 412
7 55 13 233
7 60 8 352
7 61 25 132
7 66 43 65
7 68 55 64
7 86 19 326
7 92 58 421
7 107 1 420
8 6 20 78
8 9 25 12
8 10 57 228
8 17 46 412
8 26 40 122
8 37 1 270
8 44 43 206
8 45 5 303
8 60 7 283
8 68 34 315
8 75 13 433
8 80 31 61
8 81 37 28
8 82 51 392
8 93 49 264
9 9 39 367
9 16 31 125
9 24 57 317
9 27 29 73
9 38 25 334
9 40 20 404
9 41 4 155
9 48 22 47
9 54 17 194
9 68 10 315
9 79 43 399
9 90 1 18
9 96 8 304
9 102 49 388
9 119 13 17
10 3 15 14
10 19 8 48
10 20 17 180
10 34 13 175
10 39 49 337
10 46 25 115
10 61 34 242
10 67 4 345
10 69 57 91
10 77 39 409
10 79 19 437
10 80 52 61
10 86 2 421
10 87 43 248
10 99 59 55
11 11 43 122
11 18 7 20
11 23 49 297
11 30 13 405
11 31 16 93
11 36 57 223
11 70 40 106
11 82 35 392
11 94 1 60
11 97 11 135
11 100 26 237
11 112 23 8
11 117 46 204
11 119 31 325
11 120 51 287
12 3 17 14
12 30 29 405
12 43 9 117
12 51 22 190
12 62 19 34
12 79 13 377
12 81 46 246
12 83 1 200
12 92 52 421
12 97 7 36
12 109 35 123
12 110 25 151
12 112 56 203
12 117 4 191
12 118 31 133
13 2 56 390
13 6 19 364
13 17 1 399
13 51 52 240
13 65 31 147
13 70 4 84
13 74 28 63
13 82 37 392
13 92 58 65
13 98 47 156
13 104 49 389
13 105 40 201
13 106 43 320
13 114 7 266
13 120 16 157
14 23 41 297
14 28 5 253
14 36 38 223
14 44 16 206
14 53 44 32
14 56 55 85
14 61 52 132
14 70 10 376
14 73 49 23
14 74 7 31
14 76 3 118
14 86 29 421
14 88 19 196
14 103 21 383
14 116 31 13
15 1 27 384
15 7 25 182
15 9 9 441
15 13 19 360
15 18 37 365
15 24 1 160
15 28 23 93
15 37 57 270
15 45 47 177
15 46 13 115
15 47 43 196
15 63 33 429
15 98 4 156
15 109 55 123
15 112 7 8
16 5 7 85
16 9 31 441
16 20 57 180
16 30 23 405
16 42 1 130
16 48 25 83
16 71 9 430
16 75 13 303
16 84 59 114
16 93 11 264
16 101 28 378
16 109 5 257
16 114 37 266
16 115 19 355
16 120 50 441
17 16 13 306
17 24 3 317
17 25 19 371
17 43 9 77
17 48 52 83
17 50 28 203
17 57 25 35
17 66 31 65
17 87 57 386
17 97 55 135
17 98 7 267
17 102 37 17
17 106 5 104
17 110 45 82
17 119 49 17
18 3 11 65
18 7 41 182
18 10 28 228
18 32 25 431
18 34 57 119
18 42 31 184
18 44 16 146
18 49 4 412
18 55 45 181
18 63 33 450
18 68 51 231
18 79 37 229
18 84 23 224
18 85 7 134
18 107 19 420
19 4 25 229
19 13 39 292
19 16 8 322
19 28 58 93
19 36 19 223
19 41 31 58
19 44 21 206
19 49 15 296
19 55 43 181
19 62 34 34
19 77 5 129
19 80 1 61
19 96 29 304
19 103 13 383
19 120 55 157
20 3 13 14
20 8 19 156
20 9 31 367
20 23 47 200
20 25 37 159
20 35 25 255
20 58 16 25
20 64 51 382
20 65 55 168
20 79 7 437
20 103 3 383
20 105 1 108
20 106 5 170
20 108 23 414
20 118 49 133
21 40 49 404
21 53 29 307
21 61 1 342
21 64 31 382
21 66 25 230
21 78 13 188
21 79 38 195
21 88 23 196
21 89 19 107
21 93 9 264
21 97 53 135
21 104 17 389
21 108 55 252
21 118 4 183
21 120 58 441
22 4 13 358
22 14 43 149
22 17 19 120
22 23 37 297
22 24 5 160
22 38 32 71
22 39 25 337
22 44 39 124
22 46 1 115
22 79 27 195
22 89 49 107
22 92 22 242
22 93 57 264
22 107 7 186
22 118 55 133
23 5 32 369
23 20 37 180
23 35 49 60
23 42 17 184
23 47 19 226
23 53 15 32
23 73 34 23
23 78 7 429
23 83 10 396
23 85 1 281
23 90 25 106
23 93 23 250
23 94 43 100
23 96 57 29
23 112 13 8
24 4 7 406
24 10 21 228
24 31 31 93
24 37 28 270
24 40 37 158
24 49 34 296
24 50 11 285
24 56 15 140
24 61 52 359
24 74 39 430
24 76 13 295
24 80 25 61
24 81 43 28
24 99 1 55
24 113 46 69
25 4 37 335
25 5 29 369
25 16 43 144
25 22 7 294
25 36 17 27
25 64 51 23
25 73 41 23
25 77 1 409
25 78 10 188
25 87 13 248
25 91 25 31
25 92 34 348
25 93 3 264
25 97 5 440
25 99 27 257
26 12 17 276
26 25 19 159
26 27 43 327
26 28 39 233
26 32 46 167
26 33 37 32
26 45 11 104
26 46 56 214
26 54 8 194
26 57 4 35
26 71 25 430
26 78 31 188
26 84 1 307
26 86 27 421
26 99 29 55
27 8 21 182
27 13 26 252
27 15 35 353
27 20 37 160
27 29 14 213
27 42 53 130
27 71 19 42
27 73 9 23
27 78 4 188
27 81 1 28
27 87 31 332
27 91 11 342
27 95 43 167
27 96 7 29
27 98 50 137
28 12 9 276
28 22 4 72
28 45 33 158
28 48 16 47
28 51 13 190
28 61 19 359
28 70 58 388
28 71 7 268
28 78 1 50
28 93 25 264
28 99 29 374
28 105 55 201
28 106 45 320
28 107 49 322
28 108 11 75
29 1 55 384
29 5 15 85
29 8 26 156
29 13 33 82
29 21 1 163
29 29 43 213
29 58 49 25
29 73 7 23
29 76 31 240
29 78 19 188
29 84 17 224
29 91 13 176
29 92 22 372
29 106 53 320
29 116 9 403
30 24 7 317
30 27 32 327
30 44 1 206
30 47 19 341
30 51 55 240
30 55 4 181
30 57 9 63
30 62 37 387
30 68 34 352
30 74 27 222
30 82 13 380
30 84 25 114
30 113 39 370
30 114 15 97
30 120 46 157
31 4 43 229
31 5 11 85
31 6 3 450
31 14 7 149
31 27 13 73
31 31 16 286
31 35 31 201
31 43 56 165
31 47 25 169
31 51 37 190
31 67 40 330
31 93 35 250
31 102 21 353
31 106 51 320
31 118 1 383
32 14 37 294
32 29 7 129
32 33 53 225
32 34 11 281
32 38 31 334
32 52 16 37
32 61 13 359
32 62 43 387
32 68 19 231
32 76 22 240
32 79 56 377
32 93 26 250
32 95 2 235
32 105 5 108
32 110 49 121
33 13 7 33
33 14 38 149
33 16 31 144
33 22 4 294
33 25 25 11
33 29 19 139
33 30 29 415
33 46 49 183
33 57 43 63
33 68 13 315
33 93 16 250
33 94 55 69
33 101 46 378
33 113 1 136
34 7 29 182
34 12 19 276
34 17 34 399
34 20 21 160
34 28 25 175
34 34 32 119
34 48 40 47
34 57 1 40
34 68 55 315
34 71 45 42
34 79 8 195
34 82 15 392
34 86 47 421
34 98 13 145
34 116 49 104
35 8 8 442
35 13 19 133
35 43 34 263
35 45 17 82
35 64 37 114
35 71 15 430
35 80 49 61
35 84 31 114
35 95 1 284
35 111 46 41
35 114 52 250
35 115 55 369
35 116 25 13
35 120 4 287
36 3 32 232
36 8 49 182
36 14 26 294
36 17 34 412
36 21 43 443
36 27 39 327
36 32 1 277
36 33 53 14
36 65 9 102
36 72 13 278
36 80 19 61
36 84 7 224
36 94 15 354
36 115 56 103
36 120 22 287
37 10 43 38
37 27 11 168
37 37 4 225
37 39 51 337
37 47 20 236
37 57 13 63
37 67 26 316
37 69 55 91
37 82 33 392
37 84 53 430
37 85 57 11
37 90 16 18
37 92 1 348
37 105 7 108
37 110 37 151
38 6 55 78
38 8 37 358
38 20 34 180
38 22 1 205
38 57 4 40
38 60 25 283
38 61 13 132
38 62 32 34
38 67 46 316
38 68 16 352
38 70 43 376
38 72 7 73
38 93 28 250
38 101 22 127
38 118 11 183
39 1 37 21
39 2 5 390
39 11 49 132
39 20 59 160
39 21 43 56
39 22 1 72
39 28 25 216
39 43 31 165
39 49 19 216
39 58 7 121
39 64 55 62
39 80 13 330
39 82 22 392
39 91 27 176
39 118 53 183
40 9 43 367
40 17 7 412
40 28 11 216
40 37 55 28
40 44 28 124
40 47 49 226
40 48 37 83
40 53 35 32
40 58 25 121
40 60 4 352
40 61 16 359
40 81 58 246
40 92 19 348
40 100 40 424
40 102 31 123
41 14 19 362
41 23 34 297
41 27 27 327
41 36 41 247
41 41 4 258
41 52 46 38
41 54 57 194
41 62 25 34
41 63 53 147
41 68 43 315
41 73 15 23
41 83 7 396
41 102 49 123
41 114 29 41
41 118 2 183
42 3 27 232
42 20 25 160
42 23 44 297
42 25 7 374
42 30 5 415
42 45 35 177
42 60 13 450
42 65 1 285
42 71 37 430
42 73 39 57
42 78 22 188
42 95 19 208
42 103 51 383
42 105 11 201
42 107 56 433
43 29 25 338
43 38 50 71
43 39 3 337
43 51 56 253
43 55 13 181
43 76 23 332
43 78 37 429
43 89 15 295
43 91 7 176
43 94 43 431
43 98 41 156
43 101 19 127
43 106 9 320
43 108 5 142
43 111 33 192
44 1 21 384
44 9 31 343
44 22 1 294
44 26 4 122
44 41 27 86
44 46 7 183
44 49 44 216
44 52 19 425
44 53 11 32
44 58 16 121
44 83 13 435
44 91 25 342
44 94 37 354
44 100 49 39
44 118 41 183
45 1 31 129
45 6 55 76
45 7 11 33
45 18 28 365
45 20 49 180
45 27 25 327
45 30 17 405
45 36 35 247
45 70 46 376
45 71 43 42
45 75 19 252
45 76 4 240
45 80 7 61
45 83 37 200
45 89 13 87
46 3 23 232
46 23 55 297
46 32 46 277
46 46 31 286
46 52 41 425
46 60 25 352
46 69 52 91
46 96 49 304
46 100 43 413
46 102 15 123
46 103 29 239
46 106 21 320
46 107 37 410
46 108 35 252
46 110 1 82
47 10 4 228
47 11 10 132
47 20 53 160
47 22 50 141
47 35 31 177
47 42 59 130
47 49 37 216
47 67 13 345
47 68 7 231
47 70 40 440
47 72 57 278
47 101 16 417
47 111 19 41
47 115 44 369
47 120 1 287
48 28 1 216
48 29 7 213
48 35 45 161
48 37 37 144
48 58 22 121
48 60 40 352
48 63 43 429
48 68 19 315
48 85 49 38
48 91 33 176
48 92 25 348
48 93 59 264
48 98 3 280
48 112 17 203
48 120 13 157
49 5 13 85
49 23 25 297
49 51 10 253
49 58 22 25
49 64 3 114
49 65 37 246
49 75 43 153
49 82 29 392
49 87 49 386
49 89 31 7
49 93 53 264
49 106 35 320
49 108 47 163
49 113 55 136
49 119 7 17
50 4 25 358
50 5 47 448
50 9 13 367
50 14 31 140
50 23 29 297
50 29 37 255
50 48 19 47
50 62 4 387
50 65 9 398
50 72 58 73
50 74 55 430
50 75 50 331
50 86 7 421
50 100 22 109
50 111 1 41
51 9 25 343
51 16 3 244
51 30 15 405
51 42 13 130
51 45 59 177
51 47 55 343
51 81 20 246
51 85 31 38
51 88 11 196
51 94 45 354
51 95 40 42
51 101 37 222
51 106 1 320
51 114 35 266
51 120 7 157
52 1 55 187
52 3 29 232
52 9 49 367
52 21 37 443
52 22 10 126
52 36 23 27
52 37 34 28
52 42 5 39
52 45 17 144
52 50 43 223
52 84 45 307
52 94 1 431
52 95 7 319
52 104 53 389
52 116 19 403
53 7 9 182
53 33 23 161
53 64 50 62
53 66 43 8
53 67 55 316
53 84 17 307
53 89 26 107
53 91 5 176
53 92 34 372
53 97 47 135
53 98 3 267
53 107 37 295
53 116 13 104
53 117 31 204
53 120 20 157
54 2 37 390
54 5 41 369
54 7 53 33
54 18 34 365
54 21 1 209
54 41 58 86
54 42 28 130
54 46 43 183
54 53 17 32
54 64 19 382
54 87 13 386
54 89 7 87
54 95 31 167
54 110 49 82
54 118 39 133
55 7 1 33
55 11 31 345
55 15 27 353
55 24 55 317
55 42 11 130
55 52 29 38
55 67 37 316
55 73 45 23
55 82 7 392
55 90 13 18
55 91 58 176
55 94 19 60
55 97 50 440
55 108 4 75
55 114 9 97
56 1 49 21
56 12 33 276
56 23 58 297
56 24 13 317
56 33 31 14
56 37 25 270
56 46 1 21
56 54 19 194
56 58 46 25
56 70 7 171
56 87 15 227
56 95 10 319
56 105 29 201
56 109 53 123
56 115 37 103
57 6 43 397
57 14 25 149
57 18 40 365
57 31 19 286
57 34 49 119
57 51 2 253
57 58 58 25
57 59 37 275
57 69 34 45
57 84 7 114
57 85 14 239
57 99 51 55
57 109 9 257
57 113 31 309
57 117 22 282
58 12 35 276
58 17 10 120
58 18 1 365
58 25 14 159
58 29 27 414
58 36 23 247
58 49 56 296
58 55 25 181
58 56 38 300
58 67 49 326
58 87 31 391
58 95 52 167
58 100 7 39
58 116 19 104
58 119 46 17
59 12 7 276
59 33 41 188
59 36 33 223
59 37 13 225
59 47 50 343
59 61 43 132
59 62 46 34
59 67 37 326
59 85 1 239
59 92 16 348
59 96 10 304
59 104 5 389
59 107 27 295
59 109 23 286
59 111 20 192
60 6 31 99
60 9 13 343
60 21 55 56
60 27 51 327
60 28 46 93
60 52 23 167
60 60 1 283
60 62 8 34
60 63 11 306
60 72 49 278
60 76 19 190
60 87 25 62
60 93 37 264
60 96 21 29
60 101 4 127
61 1 55 21
61 4 31 406
61 8 43 182
61 20 15 180
61 24 5 317
61 25 9 333
61 27 17 73
61 31 20 93
61 46 25 183
61 50 59 203
61 57 50 63
61 63 3 429
61 77 7 409
61 105 13 108
61 119 37 325
62 3 5 65
62 4 1 335
62 8 13 126
62 33 57 45
62 45 43 71
62 49 28 296
62 67 49 316
62 83 52 200
62 85 31 11
62 92 38 334
62 95 7 309
62 99 10 55
62 106 17 320
62 108 46 414
62 109 19 257
63 12 21 91
63 31 15 153
63 33 39 32
63 38 7 71
63 49 31 89
63 68 52 309
63 69 19 45
63 74 49 31
63 77 23 129
63 85 25 239
63 86 56 326
63 87 43 78
63 92 58 242
63 100 34 413
63 117 3 448
64 1 31 187
64 17 25 120
64 20 29 160
64 25 19 11
64 27 23 73
64 31 51 286
64 38 13 71
64 51 43 240
64 56 57 404
64 67 1 345
64 69 55 45
64 71 17 42
64 77 9 409
64 87 37 386
64 113 4 309
65 8 7 155
65 26 40 272
65 39 57 337
65 40 19 195
65 42 11 184
65 52 21 425
65 56 27 85
65 62 46 387
65 74 50 424
65 76 37 332
65 83 4 435
65 84 33 270
65 101 43 378
65 102 15 353
65 108 1 252
66 17 10 412
66 32 28 431
66 39 45 327
66 51 3 256
66 59 40 275
66 67 52 326
66 71 23 42
66 72 37 278
66 73 17 23
66 97 35 135
66 99 43 55
66 103 19 383
66 114 57 250
66 116 31 104
66 118 1 133
67 6 31 76
67 7 23 33
67 39 59 337
67 45 17 104
67 48 13 47
67 51 10 240
67 59 28 233
67 64 19 114
67 77 53 409
67 86 25 75
67 93 1 169
67 98 3 145
67 101 43 127
67 106 37 320
67 117 40 204
68 11 49 178
68 29 37 139
68 31 1 286
68 32 32 40
68 35 25 177
68 36 29 247
68 38 13 35
68 55 52 133
68 57 20 69
68 71 23 430
68 76 45 118
68 96 43 304
68 101 4 417
68 110 7 82
68 113 57 77
69 5 14 369
69 13 25 292
69 18 16 20
69 20 53 180
69 37 22 445
69 47 43 51
69 53 51 32
69 60 10 89
69 61 1 359
69 63 19 306
69 68 7 315
69 69 5 45
69 87 55 332
69 93 39 264
69 113 31 370
70 16 49 306
70 20 29 246
70 22 4 423
70 26 25 122
70 41 7 58
70 67 55 139
70 76 2 240
70 77 59 409
70 79 32 437
70 87 39 332
70 94 19 431
70 101 10 127
70 102 43 123
70 110 13 151
71 23 23 297
71 26 7 272
71 35 1 255
71 40 26 158
71 41 28 258
71 43 55 342
71 50 58 285
71 59 19 275
71 64 49 114
71 65 39 112
71 66 44 437
71 68 10 231
71 73 37 23
71 75 32 153
71 110 13 82
72 5 1 369
72 19 37 211
72 20 49 160
72 24 51 317
72 51 19 256
72 55 11 181
72 60 22 89
72 75 7 433
72 83 13 410
72 84 17 114
72 108 31 252
72 111 46 192
72 115 56 36
72 116 25 301
72 119 3 325
73 4 55 229
73 5 9 85
73 16 13 144
73 20 7 117
73 27 47 327
73 32 20 277
73 43 52 165
73 58 37 121
73 61 1 242
73 63 23 429
73 67 40 316
73 68 4 231
73 76 27 240
73 95 49 167
73 115 31 340
74 3 37 232
74 6 43 99
74 20 5 180
74 22 7 72
74 26 10 122
74 28 3 216
74 33 59 161
74 34 25 119
74 36 27 223
74 37 13 270
74 44 31 206
74 54 51 194
74 62 34 387
74 77 47 129
74 110 19 134
75 42 46 130
75 45 17 303
75 49 25 135
75 63 59 147
75 69 43 91
75 74 22 424
75 84 1 114
75 86 15 326
75 98 7 280
75 99 57 55
75 101 39 378
75 109 31 257
75 111 34 41
75 113 28 136
75 120 4 157
76 3 57 232
76 15 29 353
76 19 13 376
76 25 1 371
76 34 59 119
76 38 7 64
76 44 22 146
76 48 31 47
76 57 49 1
76 75 37 117
76 78 34 188
76 80 25 330
76 111 52 209
76 114 5 97
76 116 43 104
77 12 21 276
77 13 13 292
77 40 47 195
77 42 1 39
77 44 25 124
77 47 37 169
77 50 45 203
77 63 57 429
77 64 7 62
77 66 51 65
77 73 11 57
77 80 28 330
77 87 3 78
77 100 31 39
77 112 19 8
78 1 49 384
78 4 37 50
78 6 15 76
78 7 13 19
78 27 59 168
78 35 45 201
78 39 11 337
78 47 55 169
78 54 23 194
78 66 3 107
78 86 1 326
78 95 26 319
78 106 41 320
78 115 31 355
78 120 20 441
79 37 7 270
79 41 40 86
79 42 55 47
79 43 43 117
79 55 46 233
79 59 57 275
79 75 31 331
79 76 50 118
79 80 37 61
79 85 19 38
79 94 1 69
79 107 13 322
79 111 10 41
79 113 28 434
79 119 25 192
80 2 34 390
80 18 58 365
80 20 11 180
80 24 19 160
80 32 22 19
80 41 52 58
80 44 25 146
80 47 37 444
80 65 1 168
80 79 7 377
80 83 15 200
80 86 41 421
80 92 55 421
80 110 43 151
80 117 28 282
81 6 19 398
81 7 43 19
81 15 25 353
81 21 7 56
81 24 3 160
81 31 39 93
81 41 16 86
81 45 59 71
81 47 45 226
81 49 13 216
81 59 34 275
81 60 31 352
81 69 49 91
81 79 27 126
81 109 57 123
82 3 25 232
82 18 7 365
82 24 41 160
82 32 10 277
82 38 1 71
82 46 31 183
82 55 28 181
82 64 20 62
82 71 51 430
82 83 37 396
82 85 55 173
82 86 13 326
82 95 16 167
82 110 43 134
83 2 49 390
83 6 43 76
83 9 19 12
83 24 28 317
83 26 1 122
83 31 13 84
83 42 23 130
83 46 7 214
83 50 56 285
83 68 40 315
83 76 11 295
83 90 51 390
83 92 4 242
83 95 31 42
83 103 25 383
84 17 25 412
84 25 43 371
84 26 16 315
84 43 28 165
84 44 10 124
84 49 7 259
84 52 33 425
84 64 55 23
84 85 19 239
84 88 41 196
84 92 52 348
84 98 13 280
84 99 47 55
84 104 23 389
84 115 1 103
85 4 43 406
85 6 7 50
85 16 39 306
85 17 33 120
85 25 25 374
85 34 5 119
85 44 13 206
85 73 3 57
85 86 37 421
85 95 16 208
85 99 31 55
85 105 57 201
85 113 50 136
85 115 19 103
86 8 8 156
86 14 55 140
86 24 49 317
86 28 40 216
86 30 25 415
86 34 19 119
86 38 21 334
86 40 13 195
86 43 43 165
86 58 1 25
86 82 4 380
86 101 46 222
86 103 15 383
86 107 32 433
86 111 37 41
87 6 2 397
87 8 19 99
87 12 25 91
87 14 8 140
87 18 46 365
87 29 37 129
87 42 43 184
87 44 32 146
87 45 23 82
87 51 16 190
87 53 49 307
87 96 35 304
87 98 41 267
87 116 27 403
87 119 52 17
88 19 37 407
88 29 55 213
88 43 28 77
88 44 49 124
88 47 1 51
88 49 52 216
88 51 46 253
88 68 19 64
88 78 16 56
88 81 13 246
88 88 25 215
88 96 33 29
88 97 59 135
88 105 9 108
88 117 22 448
89 3 43 232
89 14 7 362
89 16 1 306
89 23 46 297
89 26 16 272
89 28 5 216
89 43 40 165
89 50 33 203
89 74 22 222
89 76 25 332
89 77 13 129
89 79 49 195
89 98 27 145
89 109 31 31
89 117 19 204
90 3 35 232
90 11 40 132
90 13 31 360
90 17 7 120
90 28 5 175
90 29 19 215
90 31 2 93
90 39 14 337
90 45 47 303
90 47 43 169
90 51 10 190
90 74 37 204
90 89 25 168
90 115 49 33
90 117 16 204
91 19 33 205
91 20 25 180
91 29 3 213
91 32 27 277
91 34 23 119
91 42 31 130
91 44 7 124
91 49 40 412
91 56 55 147
91 63 1 429
91 71 15 401
91 84 51 307
91 86 11 326
91 91 44 176
91 93 13 264
92 1 25 187
92 23 21 297
92 26 13 1
92 32 52 277
92 39 41 337
92 42 49 130
92 44 46 146
92 53 55 307
92 71 10 42
92 74 7 424
92 76 35 72
92 81 57 445
92 82 3 392
92 85 37 281
92 111 43 192
93 4 25 50
93 33 45 14
93 36 55 247
93 47 37 51
93 48 57 47
93 58 2 121
93 61 16 132
93 72 43 73
93 84 47 114
93 87 7 248
93 92 13 348
93 102 32 17
93 107 19 295
93 109 11 286
93 110 50 151
94 13 43 360
94 27 19 73
94 30 9 415
94 33 17 161
94 41 51 258
94 43 21 165
94 46 55 286
94 50 15 203
94 56 31 404
94 65 25 446
94 67 4 316
94 87 37 248
94 93 7 264
94 97 13 440
94 99 49 55
95 6 19 76
95 20 3 180
95 27 40 73
95 29 55 414
95 31 13 286
95 37 33 26
95 43 46 165
95 45 29 177
95 64 7 382
95 86 31 421
95 91 17 176
95 98 5 116
95 101 37 127
95 102 25 123
95 108 1 414
96 2 41 398
96 5 21 85
96 7 5 255
96 26 52 272
96 36 17 247
96 39 19 337
96 41 10 86
96 52 23 425
96 57 37 40
96 66 13 247
96 67 43 316
96 81 7 445
96 83 58 200
96 111 49 397
96 116 1 104
97 3 17 232
97 14 49 351
97 16 31 322
97 20 13 180
97 25 38 11
97 41 4 86
97 45 23 71
97 52 35 425
97 77 55 409
97 80 46 61
97 82 43 392
97 99 20 55
97 100 27 47
97 103 11 239
97 108 7 75
98 18 52 365
98 20 59 180
98 29 31 215
98 36 55 223
98 37 25 445
98 48 13 83
98 57 16 11
98 73 57 57
98 77 28 409
98 87 37 227
98 89 44 107
98 90 10 18
98 95 22 284
98 104 5 115
98 111 49 209
99 2 23 404
99 16 7 306
99 22 40 72
99 29 44 255
99 35 31 161
99 37 37 270
99 56 49 147
99 90 4 18
99 95 20 167
99 102 13 388
99 111 1 192
99 113 55 434
99 117 58 448
99 119 25 325
100 1 43 384
100 5 25 85
100 12 3 276
100 14 49 149
100 19 7 211
100 21 13 163
100 35 55 161
100 44 19 146
100 57 31 94
100 58 27 25
100 61 22 359
100 86 39 421
100 93 41 264
100 103 47 239
100 120 34 287
101 1 3 333
101 6 20 50
101 12 45 91
101 17 52 412
101 38 7 35
101 41 37 258
101 61 56 359
101 66 15 223
101 73 13 23
101 87 31 386
101 91 1 176
101 100 25 413
101 101 40 127
101 113 28 236
102 8 8 44
102 16 26 144
102 19 14 211
102 20 41 246
102 28 55 216
102 40 53 195
102 45 23 184
102 76 5 118
102 78 31 56
102 81 46 28
102 89 57 87
102 99 35 257
102 102 49 325
102 112 1 105
102 120 43 157
103 8 37 182
103 9 1 367
103 11 7 132
103 36 49 223
103 37 55 144
103 39 16 337
103 50 35 223
103 53 43 307
103 55 31 181
103 64 25 382
103 69 5 442
103 74 22 63
103 77 51 409
103 82 29 380
103 117 19 448
104 16 20 125
104 19 50 407
104 20 1 180
104 30 31 405
104 32 26 167
104 35 55 60
104 40 17 404
104 42 29 99
104 63 10 429
104 84 5 224
104 86 3 326
104 97 15 135
104 109 13 257
104 114 43 250
104 119 7 325
105 1 3 344
105 34 21 119
105 36 51 223
105 42 23 99
105 47 13 226
105 67 27 326
105 71 34 42
105 73 41 57
105 75 37 331
105 76 1 190
105 85 55 38
105 102 7 353
105 103 45 383
105 108 11 266
105 113 31 172
106 7 11 255
106 15 31 353
106 24 59 317
106 30 15 415
106 38 55 72
106 63 5 306
106 64 33 283
106 70 25 84
106 75 37 252
106 93 21 264
106 100 46 413
106 101 43 222
106 103 41 383
106 109 3 257
106 118 1 333
107 4 14 229
107 18 10 20
107 20 23 160
107 21 3 443
107 47 19 51
107 48 55 83
107 53 1 32
107 67 34 316
107 75 37 303
107 76 43 118
107 82 41 392
107 83 27 396
107 88 7 196
107 101 46 417
107 120 31 157
108 2 23 239
108 15 17 173
108 19 2 48
108 21 19 143
108 23 32 297
108 32 37 19
108 46 13 214
108 51 40 240
108 68 25 315
108 90 46 106
108 91 52 176
108 102 57 353
108 114 49 250
108 117 28 448
108 119 43 17
109 2 53 398
109 9 39 343
109 19 45 205
109 24 35 317
109 33 43 14
109 39 13 136
109 43 19 37
109 49 4 259
109 55 59 181
109 62 25 387
109 77 11 129
109 87 7 227
109 91 16 342
109 100 56 413
109 104 1 389
110 1 19 344
110 3 55 232
110 15 53 353
110 19 32 211
110 32 10 350
110 51 40 253
110 52 23 38
110 56 49 140
110 59 46 355
110 63 29 429
110 69 15 91
110 89 1 87
110 90 58 18
110 95 7 284
110 108 5 266
111 8 44 44
111 10 1 142
111 27 9 73
111 32 19 19
111 37 13 28
111 39 31 337
111 44 37 206
111 47 57 51
111 58 4 25
111 68 22 64
111 79 25 399
111 82 49 392
111 84 35 224
111 88 29 196
111 96 33 304
112 7 23 255
112 11 15 178
112 12 7 91
112 13 57 252
112 16 25 125
112 23 13 46
112 34 3 119
112 46 37 183
112 64 19 283
112 66 31 247
112 69 47 45
112 75 49 303
112 76 1 118
112 78 43 50
112 112 10 203
113 6 50 99
113 10 13 228
113 15 1 178
113 17 4 120
113 19 25 211
113 20 47 180
113 21 7 443
113 26 31 122
113 46 43 21
113 59 55 355
113 70 19 376
113 82 16 380
113 91 59 303
113 102 37 388
113 118 23 192
114 17 43 120
114 30 46 415
114 39 27 337
114 43 31 263
114 49 56 259
114 57 34 1
114 65 37 446
114 72 23 278
114 85 7 281
114 89 50 87
114 94 13 431
114 104 21 389
114 107 1 110
114 109 29 257
115 5 16 369
115 9 7 367
115 15 41 353
115 47 31 51
115 79 45 377
115 86 4 421
115 87 19 332
115 88 13 196
115 90 49 18
115 97 43 135
115 106 57 320
115 108 23 266
115 114 35 97
115 115 37 36
115 120 27 157
116 2 15 404
116 3 50 14
116 4 19 335
116 15 43 173
116 21 31 163
116 39 17 107
116 43 1 263
116 44 9 146
116 55 7 181
116 61 46 359
116 73 29 57
116 81 40 28
116 83 55 200
116 111 26 41
116 120 58 287
117 13 31 292
117 28 1 175
117 29 9 139
117 36 5 247
117 42 13 99
117 51 52 253
117 53 41 32
117 67 58 326
117 69 45 45
117 79 37 377
117 82 27 392
117 96 15 304
117 106 7 320
117 108 3 266
117 114 47 250
118 15 5 173
118 20 8 180
118 23 16 297
118 38 19 71
118 42 25 47
118 44 31 124
118 50 39 203
118 69 14 45
118 70 10 84
118 76 29 240
118 79 55 437
118 81 1 445
118 92 43 348
118 102 49 353
118 112 47 8
119 7 34 19
119 13 13 360
119 25 7 371
119 36 3 27
119 38 37 35
119 39 1 337
119 42 26 130
119 63 11 147
119 64 43 283
119 79 19 377
119 90 28 106
119 93 51 264
119 100 58 231
119 108 5 414
119 120 55 287
120 2 3 390
120 20 19 180
120 27 5 73
120 33 25 14
120 37 10 144
120 39 46 337
120 46 50 214
120 48 7 47
120 51 31 256
120 63 21 429
120 79 38 130
120 86 13 421
120 99 27 55
120 115 15 340
120 120 43 441
121 5 4 85
121 7 26 19
121 17 31 399
121 26 46 272
121 28 23 253
121 29 37 213
121 41 13 58
121 42 44 130
121 62 28 387
121 68 1 315
121 71 7 430
121 75 19 300
121 83 10 435
121 93 41 250
121 120 55 441
122 1 33 384
122 5 59 85
122 7 27 182
122 21 39 163
122 43 14 263
122 51 49 240
122 59 7 218
122 64 43 296
122 69 31 45
122 75 55 117
122 89 2 295
122 101 52 127
122 119 22 17
122 120 10 157
123 5 7 420
123 14 37 235
123 25 25 371
123 28 34 216
123 34 55 119
123 48 19 83
123 53 31 32
123 59 4 275
123 63 15 429
123 69 2 45
123 75 43 303
123 79 57 195
123 98 52 156
123 106 13 320
123 116 9 438
124 1 25 21
124 3 23 65
124 21 15 172
124 31 1 84
124 32 4 167
124 34 47 119
124 53 59 307
124 54 21 194
124 62 55 34
124 65 37 147
124 71 13 430
124 72 45 278
124 85 51 173
124 106 49 320
124 120 10 287
125 3 53 232
125 5 39 369
125 12 19 91
125 16 31 306
125 20 21 180
125 37 46 270
125 42 3 184
125 43 10 263
125 52 27 425
125 63 49 429
125 69 8 45
125 80 56 61
125 115 14 103
125 117 43 204
126 3 15 232
126 16 55 306
126 18 22 365
126 30 19 415
126 36 1 27
126 46 31 115
126 56 49 85
126 77 3 129
126 96 5 304
126 98 9 145
126 105 35 108
126 107 38 148
126 109 11 257
126 112 29 8
126 116 25 104
127 8 55 156
127 10 40 228
127 12 10 91
127 26 52 315
127 29 13 338
127 44 4 146
127 57 7 11
127 61 1 132
127 69 50 45
127 76 25 240
127 84 27 307
127 87 31 78
127 100 19 419
127 107 44 433
127 120 37 287
128 7 5 182
128 8 43 155
128 13 21 292
128 18 10 365
128 19 37 99
128 21 15 443
128 32 49 431
128 50 19 285
128 59 28 275
128 63 8 51
128 64 32 62
128 77 57 409
128 88 55 215
128 95 1 167
128 100 25 335
129 2 29 398
129 3 40 14
129 9 25 367
129 10 1 228
129 17 19 399
129 22 22 205
129 38 31 72
129 39 11 355
129 58 52 25
129 65 43 285
129 81 4 445
129 87 7 332
129 92 57 348
129 103 55 383
129 114 13 250
130 4 25 406
130 7 47 182
130 27 22 327
130 41 49 58
130 64 37 62
130 72 17 278
130 74 19 63
130 78 52 188
130 89 32 87
130 94 13 319
130 95 2 208
130 106 11 320
130 113 43 136
130 117 56 249
130 120 7 287
131 12 29 276
131 13 25 133
131 17 7 363
131 25 1 374
131 41 37 58
131 43 40 44
131 51 45 190
131 57 58 40
131 61 52 242
131 65 14 147
131 69 10 45
131 74 55 31
131 94 19 354
131 101 49 127
131 102 31 388
132 2 27 390
132 4 38 406
132 6 49 76
132 19 19 48
132 20 23 117
132 21 1 56
132 33 5 161
132 39 11 107
132 65 7 147
132 66 44 247
132 89 32 107
132 112 53 203
132 113 13 236
132 117 56 204
133 17 56 120
133 22 28 332
133 30 47 405
133 39 53 337
133 60 4 283
133 62 43 34
133 64 13 114
133 66 8 247
133 79 37 126
133 83 25 200
133 93 17 264
133 96 31 29
133 102 19 388
133 108 1 266
133 113 33 136
134 6 38 76
134 11 58 345
134 21 33 443
134 29 49 213
134 32 28 19
134 37 13 242
134 48 25 249
134 56 43 108
134 64 19 46
134 70 55 106
134 81 10 246
134 83 3 396
134 95 7 42
134 109 1 257
135 4 13 62
135 13 49 360
135 29 19 213
135 37 10 270
135 49 25 296
135 51 58 240
135 53 23 32
135 61 37 359
135 63 55 429
135 80 40 61
135 104 7 389
135 107 44 186
135 112 4 105
135 117 31 448
135 120 1 157
136 23 19 297
136 44 25 206
136 46 37 214
136 55 7 233
136 59 49 355
136 61 43 359
136 69 41 45
136 74 28 7
136 75 21 153
136 76 17 118
136 87 3 386
136 98 1 156
136 100 55 424
136 103 53 383
136 115 9 340
137 23 17 280
137 24 9 317
137 25 55 159
137 30 23 415
137 54 39 194
137 58 43 25
137 62 11 387
137 70 26 171
137 72 21 278
137 74 32 222
137 80 14 61
137 88 53 196
137 109 29 123
137 113 46 309
137 120 2 441
138 3 21 14
138 7 1 19
138 28 11 93
138 54 5 194
138 55 57 181
138 57 37 63
138 71 3 430
138 73 25 26
138 79 7 130
138 88 47 196
138 89 13 7
138 90 44 18
138 110 27 134
138 112 17 8
138 115 31 103
139 3 49 232
139 7 53 255
139 25 7 251
139 27 41 327
139 32 31 19
139 37 1 225
139 42 5 130
139 62 13 34
139 66 19 247
139 72 27 278
139 75 57 153
139 81 34 445
139 89 43 295
139 105 37 201
139 109 55 257
140 8 37 156
140 20 11 160
140 22 58 126
140 27 53 327
140 31 49 153
140 43 25 263
140 57 1 35
140 64 19 296
140 70 16 36
140 81 44 445
140 83 28 200
140 87 7 386
140 91 35 31
140 112 5 8
140 116 31 403
141 6 25 398
141 9 56 12
141 19 3 376
141 22 16 437
141 39 19 153
141 40 13 158
141 41 44 58
141 42 1 47
141 56 51 404
141 58 7 25
141 66 37 65
141 77 41 129
141 82 10 392
141 85 32 173
141 90 22 18
142 2 23 390
142 5 19 369
142 6 31 397
142 16 49 144
142 31 4 286
142 56 55 300
142 67 7 316
142 74 25 63
142 81 16 28
142 88 1 196
142 90 40 18
142 94 44 60
142 101 13 127
142 113 10 136
143 11 46 122
143 21 19 209
143 27 25 73
143 45 5 144
143 51 16 240
143 55 37 181
143 58 28 97
143 67 43 345
143 70 58 106
143 83 7 410
143 84 41 114
143 89 50 168
143 95 34 167
143 100 31 424
143 117 10 448
144 1 43 333
144 14 25 140
144 20 34 160
144 26 22 1
144 27 32 73
144 42 16 39
144 61 49 242
144 74 19 31
144 75 8 252
144 92 57 442
144 94 37 431
144 95 13 42
144 96 41 304
144 102 3 353
144 106 47 320
145 6 13 50
145 10 52 228
145 32 55 40
145 45 25 303
145 47 27 51
145 65 7 285
145 69 22 45
145 80 1 330
145 81 4 246
145 98 11 145
145 99 45 55
145 111 49 41
145 112 47 203
145 114 17 97
145 117 19 282
146 2 13 404
146 3 19 232
146 6 7 364
146 17 49 120
146 28 1 233
146 33 33 14
146 42 3 39
146 44 43 124
146 47 57 196
146 52 31 425
146 69 39 91
146 70 52 106
146 73 55 57
146 92 46 442
146 113 25 136
147 3 2 232
147 10 40 338
147 43 46 117
147 48 16 83
147 51 13 187
147 52 35 38
147 53 25 307
147 62 52 387
147 79 7 229
147 87 27 78
147 93 38 250
147 95 4 42
147 106 19 320
147 113 21 77
147 114 55 250
148 22 13 437
148 24 16 317
148 26 37 272
148 32 55 19
148 42 5 184
148 44 40 206
148 51 32 253
148 53 19 307
148 54 9 413
148 60 46 26
148 71 49 42
148 82 51 380
148 84 3 224
148 100 28 335
148 101 58 127
149 6 13 397
149 25 31 371
149 26 55 122
149 34 17 119
149 36 25 223
149 74 52 118
149 75 1 117
149 79 7 399
149 85 43 281
149 91 5 31
149 93 21 250
149 98 59 156
149 116 37 301
149 119 27 17
150 7 29 255
150 18 43 365
150 22 39 205
150 23 3 297
150 33 55 14
150 39 19 327
150 59 16 275
150 62 27 34
150 63 23 306
150 70 58 158
150 76 25 118
150 88 21 196
150 90 46 390
150 93 5 264
150 112 49 203
151 13 43 292
151 14 19 140
151 19 25 99
151 21 7 209
151 40 41 158
151 53 59 32
151 56 31 85
151 60 14 283
151 66 1 65
151 68 49 315
151 73 35 57
151 76 11 72
151 91 37 176
151 97 5 135
151 100 52 39
152 18 1 20
152 28 5 93
152 35 21 201
152 40 8 404
152 45 19 144
152 49 10 259
152 65 50 446
152 67 27 139
152 68 37 352
152 81 31 445
152 86 46 326
152 89 13 107
152 91 25 176
152 99 17 55
152 118 34 383
153 21 49 163
153 29 19 414
153 33 53 45
153 43 25 165
153 48 28 83
153 65 43 446
153 67 10 316
153 77 16 409
153 81 7 28
153 82 31 392
153 87 1 332
153 92 34 442
153 101 13 384
153 111 58 192
153 119 55 192
154 21 20 443
154 42 3 130
154 49 37 135
154 58 52 417
154 67 10 345
154 76 5 52
154 78 7 188
154 81 55 246
154 95 13 167
154 96 1 304
154 107 25 100
154 110 31 151
154 113 40 136
154 117 49 204
154 119 16 325
155 17 31 412
155 21 25 443
155 27 3 327
155 34 7 119
155 36 53 247
155 52 29 167
155 53 39 307
155 74 58 222
155 76 5 332
155 84 1 224
155 85 19 281
155 99 11 374
155 100 55 39
155 102 45 388
155 117 49 448
156 10 37 228
156 17 22 399
156 33 29 45
156 45 19 303
156 51 49 253
156 56 7 300
156 59 31 233
156 60 52 283
156 62 15 387
156 65 25 285
156 67 58 316
156 73 45 57
156 77 41 409
156 96 5 29
156 113 1 77
157 4 21 358
157 7 58 19
157 14 49 294
157 15 1 165
157 20 39 180
157 23 10 297
157 55 7 133
157 59 25 233
157 61 55 132
157 65 32 398
157 68 44 352
157 75 3 252
157 90 28 18
157 112 37 8
157 116 13 301
158 6 25 397
158 23 39 297
158 32 4 277
158 35 45 36
158 41 7 86
158 43 55 263
158 50 43 203
158 51 10 187
158 56 33 143
158 62 31 387
158 81 1 246
158 90 58 390
158 100 13 39
158 117 16 249
158 120 51 157
159 4 15 406
159 5 8 448
159 12 13 91
159 29 33 338
159 40 25 404
159 41 1 86
159 50 31 203
159 55 41 233
159 72 10 278
159 90 19 18
159 95 22 235
159 100 43 424
159 107 37 420
159 111 4 41
159 119 28 325
160 5 45 448
160 8 33 126
160 14 55 149
160 20 23 246
160 32 52 431
160 46 25 286
160 53 5 32
160 64 37 283
160 73 15 57
160 76 8 240
160 77 17 129
160 82 1 380
160 87 19 248
160 92 49 421
160 105 3 108
161 2 23 398
161 13 13 33
161 22 1 126
161 25 55 371
161 28 43 233
161 48 45 83
161 53 5 307
161 67 40 326
161 68 31 231
161 76 7 118
161 98 9 280
161 102 19 123
161 111 37 192
161 112 27 57
161 118 17 133
162 2 17 398
162 4 43 358
162 8 25 442
162 19 13 205
162 29 31 139
162 57 7 40
162 59 10 218
162 77 5 409
162 79 49 377
162 91 3 176
162 94 38 69
162 97 1 135
162 105 22 108
162 107 56 295
163 5 37 85
163 20 29 180
163 32 15 19
163 33 43 161
163 35 8 177
163 41 21 86
163 49 4 296
163 53 19 32
163 66 49 247
163 72 35 278
163 78 1 188
163 90 39 277
163 92 46 242
163 112 25 203
163 119 56 325
164 4 31 335
164 9 19 367
164 35 49 177
164 37 58 28
164 52 47 425
164 57 44 40
164 58 55 25
164 65 2 398
164 83 7 435
164 85 37 38
164 110 25 82
164 114 10 250
164 119 13 325
165 1 20 187
165 5 34 448
165 11 28 345
165 16 55 125
165 34 40 119
165 38 13 334
165 41 31 86
165 56 50 300
165 62 1 387
165 85 43 239
165 89 7 107
165 93 47 264
165 98 11 137
165 100 37 424
165 102 3 388
166 6 49 398
166 14 31 294
166 34 9 119
166 38 1 64
166 39 7 327
166 45 29 71
166 60 19 89
166 61 22 132
166 68 55 231
166 75 13 252
166 89 37 87
166 90 43 106
166 91 41 176
166 107 25 433
167 5 43 448
167 19 13 48
167 23 8 297
167 26 31 272
167 38 27 347
167 40 20 158
167 52 25 425
167 54 41 194
167 69 4 91
167 83 49 200
167 91 55 176
167 96 17 29
167 101 1 384
167 108 45 252
167 116 37 403
168 3 1 14
168 13 37 33
168 14 19 294
168 22 7 205
168 29 55 255
168 32 34 277
168 34 41 175
168 47 43 77
168 56 13 27
168 58 31 25
168 70 10 294
168 75 25 153
168 87 3 248
168 91 29 176
168 115 49 369
169 1 57 129
169 6 25 76
169 16 21 144
169 24 17 160
169 27 29 327
169 35 13 161
169 45 41 303
169 59 49 275
169 67 34 326
169 82 39 392
169 87 2 227
169 89 7 7
169 90 31 106
169 105 19 201
169 114 11 97
170 16 25 306
170 17 46 120
170 29 14 215
170 39 33 337
170 42 1 99
170 45 5 82
170 47 49 341
170 52 29 425
170 74 19 424
170 92 37 348
170 97 3 135
170 100 22 39
170 102 7 388
170 116 56 104
170 119 40 325
171 20 51 180
171 21 56 443
171 27 11 73
171 45 17 71
171 48 43 47
171 50 35 285
171 52 49 425
171 54 7 413
171 83 22 200
171 85 25 281
171 100 46 47
171 104 29 389
171 107 13 100
171 113 37 136
171 116 1 13
172 1 25 129
172 3 11 232
172 10 7 151
172 19 55 99
172 33 23 412
172 34 5 281
172 36 13 223
172 46 43 214
172 71 1 42
172 73 59 23
172 75 15 117
172 82 19 380
172 95 51 42
172 104 3 389
172 113 34 370
173 26 49 272
173 27 27 73
173 32 52 19
173 35 1 161
173 41 34 86
173 53 9 32
173 61 46 342
173 65 21 285
173 84 37 307
173 92 31 348
173 97 57 135
173 102 13 105
173 108 41 142
173 120 43 287
174 13 3 292
174 14 43 294
174 17 28 120
174 31 7 93
174 35 33 36
174 38 55 71
174 51 37 240
174 54 1 194
174 55 53 181
174 58 13 121
174 59 22 275
174 93 19 169
174 106 31 320
174 117 10 282
174 118 17 183
175 3 41 232
175 12 47 276
175 28 29 253
175 38 56 35
175 40 3 195
175 43 49 165
175 52 5 425
175 59 25 275
175 69 17 91
175 80 19 330
175 86 22 326
175 92 43 421
175 100 34 39
175 106 15 320
175 112 1 203
176 1 13 21
176 5 11 369
176 29 25 213
176 32 19 40
176 48 34 47
176 53 57 32
176 57 50 40
176 62 29 34
176 64 37 296
176 72 47 278
176 76 9 118
176 79 43 195
176 84 31 270
176 92 3 372
176 105 1 201
177 5 23 85
177 6 37 397
177 10 16 228
177 26 10 272
177 43 13 165
177 52 1 37
177 57 46 63
177 58 34 121
177 60 20 352
177 62 53 34
177 74 4 204
177 83 43 435
177 87 49 227
177 103 27 383
177 107 56 298
178 12 41 276
178 17 14 399
178 26 58 272
178 28 11 233
178 41 22 58
178 56 50 27
178 57 2 63
178 61 28 359
178 67 37 345
178 71 55 42
178 92 43 242
178 94 7 69
178 98 5 280
178 99 33 257
178 119 19 17
179 11 7 122
179 26 55 272
179 28 27 216
179 49 31 296
179 52 53 425
179 64 45 62
179 65 14 446
179 66 1 230
179 76 19 118
179 77 22 409
179 86 34 75
179 94 49 69
179 102 38 123
179 103 43 383
179 119 10 17
180 4 31 358
180 5 39 85
180 7 21 255
180 25 50 371
180 29 3 338
180 42 55 130
180 50 29 399
180 54 25 194
180 55 17 181
180 77 1 129
180 85 57 239
180 89 44 168
180 90 7 277
180 91 10 176
180 112 13 203
181 13 56 360
181 26 43 272
181 32 10 40
181 41 46 258
181 42 15 184
181 57 40 40
181 60 4 26
181 63 17 429
181 65 25 147
181 80 31 330
181 93 35 264
181 97 22 135
181 98 1 267
181 99 13 340
181 114 7 97
182 6 37 398
182 8 20 126
182 23 13 297
182 37 49 28
182 40 1 195
182 47 26 226
182 52 43 425
182 57 31 69
182 60 16 450
182 76 11 52
182 85 3 38
182 87 56 248
182 100 46 39
182 104 41 389
182 116 7 301
183 7 35 182
183 40 10 158
183 41 22 258
183 50 1 354
183 67 52 316
183 81 7 246
183 86 15 421
183 88 27 196
183 95 55 167
183 97 19 440
183 104 37 389
183 105 59 201
183 111 43 41
183 117 40 448
183 120 46 441
184 8 56 182
184 18 34 20
184 22 13 72
184 53 3 32
184 57 31 63
184 59 49 233
184 62 41 387
184 64 25 23
184 80 16 330
184 89 7 168
184 96 11 29
184 107 19 322
184 110 37 134
184 111 52 397
184 115 44 103
185 3 21 232
185 6 7 99
185 9 55 367
185 14 13 362
185 15 23 173
185 16 38 125
185 33 17 225
185 66 1 247
185 71 11 430
185 76 31 118
185 77 35 409
185 96 59 29
185 99 5 55
185 114 33 250
185 115 25 369
186 24 53 317
186 25 2 11
186 32 49 19
186 35 13 201
186 37 43 270
186 40 39 158
186 58 58 417
186 60 19 26
186 63 17 306
186 64 27 114
186 74 55 118
186 89 32 295
186 90 9 390
186 99 22 55
187 6 7 76
187 22 4 126
187 23 45 200
187 30 37 405
187 42 35 130
187 46 56 183
187 53 53 32
187 66 25 247
187 68 31 315
187 75 19 44
187 88 39 196
187 89 49 295
187 109 17 281
187 117 13 204
187 118 29 383
188 13 50 252
188 23 1 46
188 28 3 175
188 39 5 327
188 51 37 253
188 70 7 84
188 72 29 278
188 73 23 23
188 82 46 392
188 90 55 18
188 92 10 334
188 93 31 250
188 97 25 36
188 111 14 209
188 117 34 204
189 5 59 369
189 19 31 407
189 30 1 415
189 32 49 277
189 35 43 177
189 40 47 404
189 41 19 258
189 50 35 203
189 57 26 40
189 69 37 45
189 76 41 118
189 92 4 348
189 94 55 354
189 104 15 389
189 115 7 355
190 11 31 178
190 15 47 353
190 18 16 365
190 19 55 211
190 36 1 223
190 38 25 72
190 50 52 285
190 61 8 242
190 69 23 91
190 80 34 330
190 91 50 176
190 99 59 257
190 110 43 121
190 113 4 77
190 116 19 301
191 11 16 345
191 25 37 371
191 28 9 175
191 39 56 327
191 42 21 130
191 51 26 253
191 53 7 32
191 57 43 69
191 65 31 285
191 67 1 316
191 68 46 231
191 70 49 158
191 88 35 215
191 117 4 249
191 120 13 287
192 6 19 397
192 14 25 362
192 20 45 160
192 22 1 437
192 45 41 177
192 50 47 399
192 58 13 25
192 61 32 132
192 70 55 388
192 80 10 61
192 92 49 442
192 101 4 384
192 106 39 320
192 113 7 136
192 120 16 287
193 4 3 229
193 21 49 443
193 32 45 19
193 33 29 14
193 34 1 119
193 43 16 165
193 59 13 275
193 68 55 352
193 70 22 440
193 73 53 57
193 83 34 200
193 85 25 38
193 105 20 108
193 112 59 57
193 120 39 157
194 6 7 225
194 15 25 173
194 18 19 365
194 35 49 255
194 36 11 223
194 37 4 270
194 38 44 35
194 50 17 399
194 63 59 429
194 70 55 158
194 81 40 445
194 88 23 215
194 90 32 18
194 109 53 257
194 118 15 133
195 2 25 390
195 8 13 44
195 14 31 149
195 18 49 365
195 43 1 44
195 56 27 404
195 59 43 275
195 61 4 359
195 67 22 316
195 68 46 315
195 75 55 303
195 88 37 196
195 94 7 100
195 95 40 167
195 100 19 413
196 1 31 333
196 19 15 99
196 27 9 327
196 33 35 161
196 38 37 71
196 46 19 214
196 56 51 108
196 66 55 8
196 69 41 91
196 91 46 176
196 97 13 135
196 106 23 320
196 107 26 420
196 114 2 250
197 6 55 50
197 12 13 276
197 13 19 33
197 14 49 276
197 37 3 378
197 44 16 124
197 53 29 32
197 56 31 108
197 58 10 121
197 62 1 34
197 66 25 437
197 78 40 56
197 96 23 29
197 99 7 55
197 110 43 350
198 3 35 65
198 25 37 333
198 32 3 19
198 39 22 337
198 40 8 158
198 52 10 425
198 58 19 97
198 65 31 446
198 68 15 64
198 71 1 268
198 87 43 386
198 99 55 55
198 107 25 322
198 112 13 57
198 114 52 97
199 3 5 232
199 21 25 172
199 22 55 126
199 35 14 177
199 48 37 47
199 58 19 25
199 72 51 278
199 75 1 433
199 88 11 215
199 93 43 264
199 106 9 170
199 108 29 75
199 109 7 257
199 111 40 192
199 119 22 325
200 8 14 156
200 12 23 276
200 15 1 353
200 21 19 56
200 23 5 297
200 31 25 93
200 43 49 263
200 68 28 231
200 83 10 200
200 89 38 168
200 90 7 18
200 99 3 55
200 101 46 127
200 108 52 414
200 110 31 27
201 7 29 33
201 24 7 160
201 27 58 327
201 34 49 281
201 48 10 47
201 72 41 278
201 74 2 31
201 84 35 270
201 89 19 87
201 90 52 18
201 91 31 342
201 94 13 69
201 97 17 440
201 99 5 340
201 104 39 389
202 14 20 149
202 30 1 405
202 32 7 19
202 39 5 337
202 54 3 194
202 58 37 97
202 60 28 283
202 61 40 242
202 68 50 352
202 74 10 424
202 77 32 409
202 79 44 293
202 88 34 196
202 101 55 127
202 116 13 403
203 18 4 20
203 27 37 327
203 28 59 216
203 40 28 158
203 43 52 263
203 45 41 71
203 46 33 214
203 47 43 343
203 55 57 233
203 59 10 141
203 60 49 283
203 72 55 278
203 74 1 424
203 83 7 200
203 103 31 383
204 12 25 276
204 17 16 120
204 29 43 139
204 37 28 28
204 38 49 35
204 43 22 263
204 45 47 104
204 46 55 134
204 49 1 259
204 81 19 445
204 82 9 380
204 90 4 106
204 100 31 413
204 101 13 417
204 104 35 389
205 6 13 398
205 9 7 12
205 10 34 228
205 11 52 345
205 15 55 353
205 19 19 211
205 20 41 117
205 29 57 215
205 31 37 286
205 43 3 165
205 50 31 223
205 56 43 404
205 57 28 69
205 70 49 376
205 82 25 392
206 5 25 448
206 11 49 345
206 34 53 119
206 46 38 115
206 47 3 169
206 53 13 32
206 60 28 26
206 62 19 387
206 69 17 45
206 76 21 118
206 84 15 307
206 86 11 421
206 87 32 227
206 89 43 444
206 101 7 222
207 4 7 335
207 23 5 273
207 48 49 83
207 75 1 303
207 81 52 445
207 91 33 31
207 93 19 264
207 99 25 55
207 103 11 383
207 104 47 389
207 106 27 320
207 108 17 75
207 110 21 151
207 111 13 41
207 116 43 301
208 5 23 369
208 20 27 180
208 43 33 342
208 47 49 51
208 54 47 194
208 63 31 429
208 64 43 114
208 70 1 106
208 73 29 23
208 77 20 409
208 93 15 264
208 97 4 36
208 100 37 39
208 103 7 425
208 107 9 420
209 7 17 182
209 10 43 228
209 13 7 360
209 15 11 353
209 37 25 28
209 45 53 177
209 48 58 83
209 52 2 425
209 55 47 181
209 60 34 89
209 75 49 117
209 78 28 188
209 81 4 28
209 82 13 392
209 89 19 7
210 5 7 369
210 9 37 12
210 25 19 333
210 31 9 153
210 34 29 119
210 40 1 158
210 51 43 253
210 62 13 387
210 66 25 65
210 78 31 50
210 80 46 330
210 85 56 281
210 103 17 383
210 112 5 203
210 115 49 36
211 6 37 450
211 25 49 159
211 28 7 175
211 39 9 337
211 43 4 263
211 46 19 218
211 52 59 38
211 58 25 97
211 59 1 275
211 63 45 429
211 73 23 57
211 85 13 38
211 86 17 421
211 92 33 421
211 110 55 27
212 17 28 412
212 35 13 207
212 37 40 270
212 38 56 334
212 50 45 223
212 53 33 307
212 73 17 26
212 77 43 409
212 79 49 126
212 86 21 421
212 92 25 372
212 98 3 116
212 112 7 203
212 114 23 35
212 117 9 2
213 17 37 399
213 30 7 415
213 41 40 58
213 46 20 183
213 50 5 285
213 58 10 25
213 60 16 89
213 65 43 147
213 85 1 173
213 93 27 264
213 100 34 424
213 109 25 257
213 111 31 41
213 112 59 8
213 116 49 403
214 13 25 360
214 19 3 99
214 25 45 374
214 35 50 161
214 39 29 153
214 40 17 158
214 51 13 240
214 56 39 140
214 71 1 430
214 74 31 430
214 89 56 7
214 94 19 100
214 95 8 235
214 98 43 116
214 118 37 133
215 3 45 232
215 25 7 159
215 26 20 272
215 28 37 93
215 41 1 258
215 45 11 82
215 47 14 169
215 57 34 63
215 62 23 34
215 69 43 45
215 70 31 84
215 74 27 118
215 78 4 50
215 100 40 39
215 104 51 389
216 12 33 91
216 19 14 407
216 28 35 253
216 30 4 405
216 34 51 119
216 36 7 223
216 39 29 337
216 65 25 246
216 72 31 278
216 81 10 28
216 88 1 215
216 91 19 342
216 92 22 348
216 114 39 266
216 115 56 340
217 1 56 333
217 4 49 229
217 7 5 33
217 8 31 156
217 14 37 276
217 44 1 146
217 72 19 278
217 94 9 354
217 98 7 137
217 100 15 245
217 102 25 388
217 110 43 27
217 112 41 203
217 117 22 204
217 118 13 133
218 10 49 228
218 22 43 423
218 23 11 280
218 24 33 317
218 26 4 272
218 37 8 378
218 44 13 124
218 53 57 307
218 56 25 108
218 66 19 65
218 73 47 23
218 98 1 116
218 104 31 389
218 107 38 433
218 108 16 266
219 2 29 390
219 4 7 244
219 5 17 448
219 22 4 437
219 29 38 215
219 35 20 177
219 38 43 72
219 49 31 216
219 60 13 352
219 76 34 118
219 95 57 319
219 97 49 135
219 100 51 413
219 105 47 108
219 115 25 103
220 8 19 442
220 17 1 120
220 26 13 272
220 28 35 93
220 32 10 19
220 39 23 107
220 52 39 425
220 70 7 376
220 75 31 303
220 79 55 399
220 88 16 196
220 92 4 334
220 114 52 41
220 117 28 204
220 119 46 325
221 7 19 182
221 12 1 276
221 13 37 360
221 19 43 211
221 21 55 163
221 37 22 26
221 40 11 404
221 49 8 216
221 54 13 194
221 57 15 40
221 66 3 223
221 84 53 270
221 92 25 242
221 114 28 266
221 120 34 157
222 5 37 448
222 12 15 276
222 16 44 125
222 24 21 317
222 42 9 184
222 49 3 89
222 50 11 399
222 55 33 181
222 70 28 376
222 71 17 430
222 72 39 278
222 95 57 42
222 96 19 304
222 98 7 145
222 114 1 97
223 8 13 182
223 11 40 178
223 24 11 317
223 36 53 223
223 37 20 378
223 43 50 342
223 54 3 413
223 67 58 139
223 72 45 73
223 73 7 57
223 90 37 106
223 98 35 156
223 101 25 417
223 103 55 239
223 118 29 133
224 1 7 21
224 9 26 441
224 12 31 276
224 43 58 342
224 46 51 122
224 49 13 89
224 51 20 253
224 54 34 194
224 61 16 102
224 86 23 421
224 102 43 353
224 103 37 383
224 104 55 389
224 112 3 8
224 116 39 13
225 5 21 369
225 18 13 365
225 19 43 407
225 29 3 215
225 36 29 223
225 43 58 263
225 61 34 359
225 63 27 429
225 65 38 285
225 68 31 64
225 72 25 278
225 82 19 392
225 112 17 57
225 115 49 103
225 117 7 282
226 7 17 33
226 12 27 276
226 16 49 125
226 25 13 333
226 36 40 223
226 46 7 115
226 62 5 34
226 86 25 421
226 87 56 227
226 88 3 196
226 89 19 168
226 90 37 18
226 94 31 431
226 100 43 39
226 112 35 8
227 3 10 14
227 14 57 276
227 15 5 178
227 28 20 233
227 41 25 58
227 42 35 99
227 52 45 425
227 54 55 194
227 56 38 108
227 64 1 382
227 79 15 195
227 89 49 7
227 90 7 106
227 96 13 304
227 111 22 41
228 7 19 255
228 20 39 160
228 24 23 317
228 36 47 223
228 44 50 206
228 48 10 83
228 51 33 240
228 62 21 34
228 81 43 246
228 83 2 410
228 97 29 135
228 99 37 55
228 107 55 322
228 109 41 31
228 115 13 355
229 2 31 390
229 10 10 142
229 17 49 412
229 27 1 327
229 29 44 215
229 30 17 415
229 49 7 89
229 53 3 307
229 56 25 27
229 66 37 437
229 67 19 345
229 74 14 222
229 83 34 396
229 113 22 136
229 116 55 403
230 4 13 335
230 12 28 91
230 19 1 407
230 25 19 374
230 49 56 412
230 50 43 354
230 56 32 127
230 64 9 114
230 70 52 158
230 73 47 57
230 90 40 390
230 95 37 42
230 98 5 267
230 113 25 77
231 24 37 317
231 29 7 215
231 39 25 384
231 40 35 158
231 47 19 343
231 52 56 425
231 64 49 296
231 69 2 91
231 74 4 424
231 79 31 195
231 84 53 307
231 109 39 257
231 113 46 136
231 114 13 97
231 120 16 441
232 2 7 398
232 4 19 229
232 16 1 144
232 42 17 130
232 44 28 206
232 54 32 194
232 57 55 63
232 61 40 359
232 73 10 26
232 87 44 227
232 90 25 18
232 101 49 222
232 109 23 257
232 120 13 441
233 6 43 398
233 24 19 317
233 26 58 122
233 34 27 119
233 35 50 201
233 44 34 206
233 45 1 9
233 48 31 83
233 59 22 233
233 62 7 387
233 84 10 307
233 91 39 176
233 93 55 264
233 104 13 389
233 106 5 320
234 4 3 358
234 5 53 369
234 7 35 255
234 10 31 228
234 18 49 20
234 21 25 56
234 23 1 297
234 25 15 374
234 42 57 130
234 44 43 146
234 46 19 115
234 50 13 285
234 74 38 118
234 76 47 118
234 116 7 49
235 3 19 14
235 6 2 76
235 14 55 294
235 17 22 120
235 18 31 20
235 39 7 337
235 58 34 25
235 68 28 352
235 77 26 409
235 89 43 7
235 90 14 106
235 102 38 105
235 103 47 383
235 115 50 340
235 118 9 383
236 10 7 228
236 13 1 360
236 28 23 175
236 38 25 71
236 39 55 337
236 55 41 133
236 63 13 429
236 66 57 247
236 85 50 239
236 105 11 108
236 110 37 27
236 111 15 192
236 115 19 36
236 116 43 13
236 120 31 287
237 12 5 276
237 15 23 123
237 33 57 14
237 38 31 35
237 39 35 337
237 42 49 47
237 57 51 11
237 66 39 8
237 77 46 409
237 85 7 38
237 100 25 39
237 102 1 123
237 109 43 257
237 111 28 209
237 116 14 13
238 15 39 353
238 18 55 365
238 23 53 297
238 47 49 77
238 54 23 413
238 64 13 382
238 71 47 42
238 74 27 430
238 82 11 380
238 85 19 173
238 100 58 424
238 107 43 322
238 109 41 257
238 114 17 35
238 116 7 104
239 1 37 384
239 9 7 343
239 37 28 242
239 41 31 258
239 47 55 226
239 49 22 216
239 52 13 425
239 62 49 34
239 72 15 278
239 76 19 240
239 82 1 392
239 92 46 348
239 109 17 257
239 112 26 8
239 116 3 301
240 1 49 129
240 15 33 353
240 21 13 143
240 25 27 333
240 27 17 327
240 34 45 119
240 41 40 258
240 46 1 73
240 47 21 169
240 53 25 32
240 65 57 446
240 80 7 330
240 88 31 196
240 100 10 151
240 106 19 259
241 19 49 211
241 20 41 180
241 26 28 122
241 30 37 415
241 35 55 177
241 42 15 130
241 43 46 263
241 44 4 124
241 46 19 21
241 47 31 226
241 73 39 23
241 80 10 330
241 100 43 231
241 117 7 208
242 22 13 294
242 25 45 159
242 49 37 412
242 50 50 285
242 57 25 69
242 62 21 387
242 63 5 429
242 67 31 326
242 80 34 61
242 84 43 430
242 85 8 173
242 89 55 107
242 96 19 29
242 112 52 8
242 119 1 17
243 5 35 369
243 14 39 109
243 26 28 272
243 31 49 93
243 35 2 177
243 46 55 115
243 52 53 38
243 53 13 307
243 54 37 194
243 70 43 158
243 71 21 430
243 79 31 229
243 86 9 421
243 91 15 176
243 97 7 440
244 25 31 159
244 26 25 272
244 31 1 153
244 35 7 255
244 40 35 195
244 48 4 83
244 49 40 135
244 80 49 330
244 81 28 445
244 87 19 386
244 96 52 304
244 101 16 384
244 108 11 163
244 109 37 257
244 116 44 403
245 15 7 165
245 33 43 412
245 46 13 183
245 56 25 300
245 58 37 417
245 72 1 278
245 73 33 57
245 83 52 435
245 95 9 167
245 109 46 257
245 110 56 121
245 113 19 136
245 114 40 97
245 118 35 183
245 119 4 17
246 21 7 143
246 23 43 200
246 26 1 272
246 27 15 73
246 28 56 93
246 33 38 188
246 58 28 121
246 70 31 171
246 71 4 268
246 73 11 23
246 90 20 390
246 96 17 304
246 103 58 425
246 104 45 389
246 107 49 433
247 1 19 129
247 13 3 133
247 24 41 317
247 33 7 161
247 45 35 303
247 47 13 77
247 54 44 194
247 61 28 342
247 71 49 430
247 73 31 23
247 81 52 28
247 84 55 270
247 97 17 135
247 101 25 378
247 113 58 136
248 5 17 85
248 6 56 398
248 8 1 182
248 12 11 276
248 15 37 353
248 20 31 160
248 27 23 168
248 54 5 413
248 63 52 429
248 73 49 57
248 97 9 135
248 102 43 105
248 104 33 389
248 115 25 340
248 118 29 183
249 7 53 182
249 18 31 365
249 29 27 215
249 30 7 405
249 44 34 124
249 57 40 63
249 63 25 429
249 64 9 148
249 68 37 315
249 70 16 294
249 73 43 23
249 93 45 264
249 97 1 36
249 103 5 239
249 109 49 257
250 1 31 344
250 5 53 85
250 14 13 149
250 16 2 125
250 25 55 374
250 32 40 19
250 33 23 14
250 59 7 275
250 61 49 359
250 64 27 46
250 87 44 332
250 88 25 196
250 104 19 389
250 109 21 257
250 111 10 192
251 21 49 56
251 30 53 415
251 42 33 130
251 45 46 9
251 49 25 89
251 61 37 242
251 66 9 8
251 76 13 118
251 83 43 396
251 88 5 196
251 93 7 250
251 99 15 55
251 112 21 8
251 115 1 355
251 116 55 13
252 2 16 390
252 10 1 75
252 11 46 345
252 12 59 91
252 19 7 407
252 26 37 122
252 33 29 161
252 55 41 181
252 64 55 114
252 91 19 176
252 92 43 334
252 93 23 264
252 94 32 354
252 114 11 35
252 117 52 448
253 17 20 412
253 28 17 233
253 30 27 415
253 33 59 45
253 51 4 187
253 56 55 108
253 60 1 26
253 62 23 387
253 77 29 129
253 85 7 239
253 90 43 390
253 94 37 60
253 100 46 424
253 108 11 414
253 112 15 8
254 4 43 335
254 13 15 298
254 15 8 178
254 27 13 327
254 32 31 277
254 35 19 161
254 60 55 26
254 63 5 51
254 70 49 106
254 79 1 377
254 84 35 307
254 96 47 304
254 99 39 55
254 100 52 47
254 101 26 127
255 11 34 345
255 13 45 133
255 16 1 322
255 34 43 119
255 37 7 26
255 43 37 342
255 51 16 253
255 58 31 121
255 60 10 283
255 78 13 56
255 82 5 392
255 83 40 200
255 94 25 354
255 107 49 100
255 115 19 340
256 3 8 232
256 20 31 180
256 29 43 129
256 39 47 384
256 42 11 99
256 58 38 25
256 75 27 303
256 80 4 61
256 84 14 224
256 87 19 227
256 95 16 309
256 96 1 29
256 103 41 239
256 104 57 389
256 106 25 320
257 8 7 358
257 13 25 33
257 19 1 211
257 20 44 180
257 22 57 141
257 43 37 165
257 45 11 71
257 56 31 300
257 65 15 285
257 70 46 158
257 81 22 28
257 92 49 334
257 105 35 201
257 117 52 204
258 5 41 85
258 17 49 399
258 24 27 160
258 33 37 14
258 34 14 119
258 37 16 242
258 45 5 9
258 53 21 32
258 55 9 233
258 57 34 69
258 61 31 242
258 71 19 430
258 107 43 148
258 112 3 203
258 118 39 383
259 1 15 344
259 4 50 335
259 11 46 132
259 12 35 91
259 18 25 365
259 30 13 415
259 49 1 296
259 52 41 38
259 53 8 307
259 61 31 359
259 75 55 44
259 77 11 409
259 80 28 61
259 85 37 173
259 112 22 203
260 30 21 415
260 31 43 93
260 37 16 445
260 41 4 58
260 48 34 83
260 55 55 181
260 67 13 316
260 74 52 222
260 85 37 239
260 87 26 248
260 92 7 348
260 93 32 264
260 114 19 266
260 117 1 2
260 118 10 133
261 24 31 317
261 27 17 168
261 38 19 35
261 42 1 184
261 47 9 169
261 50 37 203
261 68 25 231
261 72 53 278
261 82 23 380
261 97 51 135
261 99 13 374
261 100 39 413
261 110 3 151
261 114 45 250
261 115 56 33
262 5 46 85
262 12 53 276
262 21 7 163
262 40 5 195
262 53 22 307
262 73 43 57
262 75 32 117
262 85 13 173
262 92 40 348
262 95 37 167
262 97 3 440
262 103 49 383
262 105 17 201
262 111 25 209
262 117 19 191
263 5 9 369
263 8 37 442
263 17 52 120
263 28 50 216
263 30 31 415
263 35 13 255
263 54 11 194
263 55 22 181
263 62 3 34
263 63 29 147
263 68 34 231
263 87 25 227
263 97 20 135
263 98 5 145
263 105 59 108
264 23 16 46
264 29 51 215
264 46 44 115
264 55 19 181
264 63 5 147
264 74 13 31
264 85 31 239
264 89 25 87
264 91 35 176
264 93 1 264
264 94 8 431
264 96 22 304
264 98 49 156
264 106 3 320
264 109 29 31
265 9 37 441
265 10 25 228
265 14 43 140
265 25 50 374
265 30 41 415
265 36 5 27
265 37 19 270
265 49 13 412
265 65 1 446
265 68 58 64
265 74 16 424
265 84 11 224
265 89 32 168
265 90 22 106
265 94 7 60
266 1 49 333
266 23 13 200
266 24 44 317
266 28 47 216
266 39 15 327
266 45 40 144
266 46 25 214
266 62 11 34
266 64 33 114
266 72 4 278
266 74 1 204
266 75 20 433
266 81 37 445
266 83 57 396
266 116 7 13
267 39 7 384
267 43 13 342
267 47 49 196
267 59 46 275
267 68 39 231
267 70 28 36
267 71 35 430
267 72 33 278
267 73 9 57
267 74 25 7
267 80 22 330
267 95 58 167
267 104 11 389
267 116 2 403
267 119 19 325
268 2 7 390
268 23 23 280
268 24 13 160
268 29 43 338
268 34 15 175
268 35 9 161
268 38 19 72
268 43 28 263
268 61 25 359
268 77 37 409
268 89 2 7
268 101 32 378
268 106 17 259
268 113 49 309
268 115 39 340
269 3 39 232
269 4 2 406
269 8 43 156
269 11 22 178
269 21 32 209
269 32 14 277
269 52 11 38
269 53 27 32
269 63 47 429
269 73 37 57
269 86 9 326
269 94 50 354
269 95 19 309
269 104 25 389
269 110 55 151
270 11 37 178
270 24 1 317
270 38 26 64
270 42 51 130
270 57 31 1
270 65 19 147
270 71 5 430
270 76 35 332
270 84 23 114
270 89 43 87
270 94 55 431
270 101 9 384
270 105 7 201
270 111 16 41
270 119 13 94
271 5 2 85
271 11 22 345
271 25 31 374
271 28 29 216
271 31 13 93
271 39 35 327
271 43 19 263
271 47 49 169
271 58 57 97
271 65 7 446
271 76 11 118
271 87 37 78
271 96 55 29
271 105 16 108
271 120 26 287
272 2 41 404
272 19 25 407
272 21 43 163
272 28 57 216
272 37 16 270
272 39 4 153
272 51 13 253
272 56 37 404
272 80 22 61
272 90 34 106
272 97 32 135
272 111 7 41
272 116 49 301
272 117 1 282
272 120 19 287
273 1 25 344
273 2 47 398
273 8 55 358
273 11 40 345
273 34 38 119
273 36 59 223
273 44 20 124
273 61 9 359
273 73 5 57
273 77 3 409
273 78 34 50
273 86 7 326
273 94 13 60
273 103 23 383
273 109 51 257
274 9 1 12
274 12 31 91
274 16 8 125
274 19 37 376
274 20 23 180
274 27 49 327
274 33 59 14
274 41 28 58
274 58 43 97
274 64 55 382
274 73 5 23
274 74 19 222
274 78 16 188
274 94 33 60
274 107 51 148
275 7 3 33
275 11 55 345
275 41 34 258
275 43 40 263
275 58 22 97
275 67 19 316
275 72 59 278
275 74 13 424
275 75 7 303
275 78 37 56
275 84 47 307
275 86 25 326
275 95 16 444
275 112 50 8
275 115 43 46
276 10 10 228
276 22 25 376
276 26 20 122
276 33 35 14
276 48 4 47
276 54 53 194
276 65 49 246
276 68 58 315
276 81 16 246
276 91 31 176
276 92 28 348
276 97 7 135
276 106 33 320
276 112 1 8
276 114 46 97
277 15 11 123
277 17 13 120
277 19 19 407
277 28 4 233
277 35 31 255
277 44 55 124
277 46 49 115
277 63 40 429
277 78 46 50
277 91 53 303
277 98 1 145
277 100 28 413
277 104 9 389
277 111 58 41
278 2 13 390
278 3 47 232
278 4 55 335
278 9 21 273
278 26 43 1
278 29 31 213
278 30 3 415
278 33 27 14
278 43 37 263
278 62 41 34
278 68 15 231
278 82 7 380
278 93 19 250
278 100 10 39
278 103 5 383
279 10 46 228
279 40 4 404
279 41 13 258
279 51 7 253
279 53 49 32
279 60 1 352
279 65 31 246
279 68 22 231
279 73 19 23
279 75 25 117
279 93 29 264
279 96 35 29
279 101 16 127
279 115 37 355
279 119 10 325
280 2 1 390
280 14 3 149
280 17 40 399
280 24 25 317
280 38 51 72
280 41 19 58
280 43 7 342
280 56 43 300
280 57 16 63
280 68 22 315
280 74 10 222
280 77 49 409
280 96 27 304
280 113 13 370
280 116 32 301
281 1 43 187
281 3 7 14
281 15 5 123
281 20 55 180
281 36 9 223
281 37 31 28
281 39 39 337
281 48 22 83
281 50 29 285
281 52 15 425
281 59 52 275
281 77 13 409
281 101 49 378
281 115 1 340
281 118 47 183
282 9 33 12
282 16 45 306
282 22 7 126
282 44 4 206
282 55 51 181
282 63 19 429
282 76 23 118
282 81 10 445
282 84 53 114
282 92 1 334
282 94 25 112
282 98 17 116
282 102 55 17
282 111 40 41
282 116 13 49
283 7 11 182
283 50 47 285
283 54 16 413
283 60 56 450
283 67 25 345
283 72 43 278
283 88 49 215
283 91 5 342
283 97 14 36
283 100 28 39
283 101 1 127
283 102 7 123
283 110 19 27
283 112 51 57
283 113 34 77
284 13 50 292
284 17 4 399
284 22 37 72
284 24 46 317
284 34 11 119
284 48 40 83
284 55 15 233
284 66 7 65
284 67 31 316
284 98 23 156
284 99 34 55
284 100 26 424
284 103 58 383
284 106 13 259
284 112 19 203
285 27 35 73
285 35 25 161
285 43 40 342
285 52 37 425
285 60 22 450
285 61 43 342
285 68 58 352
285 73 2 23
285 81 19 28
285 85 31 281
285 87 13 78
285 93 4 250
285 96 29 29
285 107 7 295
285 110 49 134
286 5 1 448
286 7 17 255
286 13 44 33
286 15 11 178
286 19 55 407
286 21 19 163
286 31 52 93
286 46 7 286
286 54 29 194
286 56 25 309
286 58 49 97
286 73 13 184
286 91 23 31
286 94 3 354
286 116 38 104
287 22 14 332
287 23 5 46
287 30 11 415
287 40 22 158
287 41 1 58
287 47 31 169
287 50 59 399
287 61 37 132
287 62 17 34
287 63 35 429
287 64 55 283
287 69 27 45
287 83 19 200
287 87 49 332
287 105 9 201
288 1 33 21
288 8 49 358
288 9 43 12
288 27 5 168
288 30 11 405
288 55 23 133
288 61 28 132
288 66 37 247
288 69 25 45
288 71 59 430
288 75 19 117
288 89 13 168
288 92 55 65
288 114 3 97
288 115 7 103
289 6 55 397
289 11 7 345
289 21 44 209
289 25 13 371
289 47 37 77
289 55 49 181
289 59 10 275
289 62 59 387
289 68 4 315
289 82 17 392
289 83 1 435
289 92 52 442
289 94 25 60
289 110 31 134
289 116 19 13
290 4 49 50
290 47 37 226
290 52 17 38
290 66 31 8
290 72 7 278
290 76 58 118
290 84 22 270
290 88 9 196
290 101 4 222
290 103 35 239
290 105 29 108
290 112 1 57
290 115 25 355
290 117 13 448
290 119 43 325
291 15 47 173
291 17 10 363
291 39 7 153
291 44 13 146
291 49 16 216
291 50 51 203
291 52 1 38
291 53 41 307
291 54 27 194
291 59 34 233
291 89 37 7
291 99 53 55
291 108 23 252
291 111 55 41
291 113 4 136
292 20 47 160
292 22 51 437
292 23 4 200
292 24 15 160
292 25 27 159
292 35 38 161
292 39 11 327
292 55 9 181
292 65 19 446
292 71 13 268
292 74 1 222
292 78 34 56
292 85 43 11
292 92 31 442
292 112 25 57
293 3 4 14
293 9 14 12
293 17 58 363
293 26 34 272
293 33 47 14
293 34 19 175
293 40 2 404
293 49 9 296
293 59 31 275
293 80 43 61
293 93 7 169
293 96 25 304
293 107 38 100
293 111 28 192
293 112 21 57
294 5 3 369
294 15 13 353
294 21 37 209
294 23 51 297
294 39 59 253
294 51 46 240
294 54 49 194
294 55 15 181
294 57 28 35
294 61 19 132
294 76 11 332
294 83 31 200
294 106 55 320
294 109 57 257
294 118 35 133
295 1 37 344
295 13 56 292
295 34 34 119
295 35 3 201
295 45 47 84
295 53 31 307
295 54 1 413
295 62 29 371
295 79 43 126
295 90 10 106
295 92 49 348
295 100 7 110
295 102 20 105
295 104 27 389
295 119 16 17
296 7 7 182
296 14 43 276
296 17 38 120
296 18 4 365
296 33 33 32
296 55 35 181
296 59 52 233
296 68 1 231
296 70 55 440
296 76 15 118
296 87 25 386
296 99 13 55
296 100 19 39
296 106 59 320
296 110 9 27
297 11 55 277
297 31 28 93
297 38 49 64
297 40 15 158
297 44 1 124
297 58 32 97
297 61 4 132
297 66 21 223
297 74 7 204
297 89 37 107
297 91 10 31
297 96 13 29
297 97 45 135
297 109 17 31
297 114 59 250
298 5 5 369
298 13 33 33
298 15 19 353
298 23 10 46
298 26 14 122
298 27 29 168
298 43 7 263
298 61 58 132
298 65 1 147
298 71 21 42
298 74 25 204
298 75 38 153
298 112 31 57
298 114 55 97
298 115 45 340
299 3 13 232
299 21 26 163
299 30 35 415
299 35 37 177
299 43 43 263
299 52 7 167
299 56 3 140
299 67 16 316
299 77 53 129
299 79 31 377
299 86 19 421
299 92 10 348
299 97 1 440
299 101 21 417
299 111 46 249
300 9 49 12
300 20 43 160
300 33 11 225
300 41 34 58
300 45 5 71
300 49 1 412
300 52 17 425
300 54 15 194
300 56 7 193
300 70 55 171
300 73 21 23
300 85 27 173
300 99 41 55
300 107 37 322
300 112 19 57
Điểm tối ưu/tốt nhất tìm được: 4473
Thời gian: 360.154501 giây
Trạng thái: VALID
