145
1 1 1 2
1 3 17 10
1 4 13 24
1 8 58 25
1 9 33 23
2 1 7 2
2 2 32 3
2 3 28 10
2 4 46 24
2 7 4 3
2 8 22 25
2 9 10 23
3 1 19 5
3 3 34 10
3 4 49 24
3 6 25 13
3 7 58 3
3 8 31 25
3 9 52 23
4 1 10 2
4 3 46 10
4 4 43 24
4 6 37 13
4 8 52 25
4 9 4 23
4 10 15 14
5 1 1 5
5 3 15 10
5 4 19 24
5 5 31 17
5 6 43 13
5 7 22 3
5 8 38 25
5 9 35 23
5 10 25 14
6 1 4 2
6 2 13 3
6 3 31 10
6 4 40 24
6 6 19 13
6 8 25 25
6 9 29 23
6 10 7 14
7 1 16 5
7 3 22 10
7 4 4 24
7 7 7 3
7 8 10 25
7 9 37 23
8 1 7 5
8 3 25 10
8 4 52 24
8 5 2 17
8 7 10 3
8 8 19 25
8 9 14 23
8 10 55 14
9 1 25 2
9 3 39 10
9 4 16 24
9 6 50 13
9 8 34 25
9 9 23 23
9 10 19 14
10 1 13 5
10 3 37 10
10 4 25 24
10 5 55 17
10 7 1 3
10 8 4 25
10 9 7 23
11 1 28 2
11 3 11 10
11 4 34 24
11 8 43 25
11 9 21 23
11 10 49 14
12 1 16 2
12 3 49 10
12 4 22 24
12 5 7 17
12 7 40 3
12 8 28 25
12 9 25 23
12 10 43 14
13 1 19 2
13 3 43 10
13 4 10 24
13 5 37 17
13 6 13 13
13 8 46 25
13 9 41 23
13 10 1 14
14 1 40 5
14 2 43 3
14 3 7 10
14 4 37 24
14 5 13 17
14 7 19 3
14 8 49 25
14 9 27 23
15 1 43 2
15 3 20 10
15 4 58 24
15 5 25 17
15 6 8 13
15 7 55 3
15 8 13 25
15 9 16 23
16 1 49 2
16 3 41 10
16 4 28 24
16 6 32 13
16 8 16 25
16 9 2 23
16 10 37 14
17 1 13 2
17 2 49 3
17 3 4 10
17 4 1 24
17 5 43 17
17 7 37 3
17 9 19 23
17 10 31 14
18 1 50 5
18 3 9 10
18 4 55 24
18 5 19 17
18 7 25 3
18 8 1 25
18 9 31 23
19 1 10 5
19 3 13 10
19 4 7 24
19 5 49 17
19 6 1 13
19 8 55 25
19 9 46 23
20 1 4 5
20 3 1 10
20 4 31 24
20 6 55 13
20 7 28 3
20 8 7 25
20 9 39 23
Điểm tối ưu/tốt nhất tìm được: 145
Thời gian: 19.951319 giây
Trạng thái: VALID
