1123
1 1 8 25
1 6 5 22
1 9 37 6
1 13 58 82
1 22 53 118
1 25 17 117
1 26 1 51
1 28 22 41
1 29 31 119
1 35 19 107
1 36 13 34
1 37 28 83
1 38 49 71
2 3 13 101
2 4 25 118
2 6 57 139
2 7 46 69
2 9 49 24
2 18 19 55
2 25 11 117
2 29 2 119
2 33 37 14
2 34 15 134
2 36 7 34
3 8 55 140
3 9 43 91
3 13 52 82
3 19 16 3
3 20 50 77
3 23 25 47
3 29 37 119
3 33 1 14
3 34 8 134
3 36 19 34
3 39 13 33
4 7 43 69
4 10 7 23
4 15 25 38
4 16 9 67
4 19 19 128
4 23 31 131
4 24 57 12
4 27 1 113
4 28 49 137
4 31 11 102
4 35 4 43
5 3 7 13
5 6 59 139
5 15 1 7
5 20 11 52
5 22 19 118
5 25 9 117
5 27 5 113
5 29 43 119
5 34 55 26
5 36 31 34
5 37 26 112
5 38 21 9
6 3 10 101
6 5 28 1
6 9 31 91
6 18 44 55
6 20 3 77
6 31 47 80
6 34 49 78
6 37 40 112
6 39 58 33
7 6 29 22
7 7 40 69
7 9 1 45
7 14 25 100
7 19 5 3
7 21 34 124
7 27 7 113
7 29 20 119
7 31 10 94
7 33 13 61
7 34 56 78
8 2 59 121
8 5 1 1
8 9 37 91
8 19 23 3
8 21 31 124
8 22 51 118
8 25 13 117
8 27 11 113
8 33 19 29
8 34 15 111
8 36 25 34
8 38 55 71
8 40 7 64
9 3 9 132
9 6 7 139
9 7 16 143
9 13 31 82
9 16 23 31
9 18 1 55
9 19 4 128
9 20 34 77
9 23 26 104
9 24 19 12
9 26 45 125
9 36 37 34
10 2 1 121
10 3 11 95
10 7 31 143
10 8 43 47
10 16 13 17
10 18 55 133
10 19 9 138
10 23 19 28
10 25 15 117
10 29 37 44
10 30 7 123
10 37 4 112
11 5 55 1
11 8 13 47
11 12 49 96
11 18 25 55
11 20 41 52
11 23 1 28
11 25 7 117
11 26 20 125
11 35 28 107
11 37 10 112
12 6 47 22
12 12 19 96
12 13 40 82
12 16 27 11
12 17 31 37
12 18 16 133
12 25 25 117
12 29 3 115
12 30 23 123
12 31 1 94
12 32 49 97
12 35 7 89
12 39 37 33
13 2 19 121
13 3 3 13
13 5 13 1
13 8 49 73
13 9 56 24
13 18 10 133
13 19 21 128
13 23 43 104
13 30 33 123
13 38 37 71
13 39 16 33
14 2 23 121
14 4 31 118
14 16 4 17
14 22 49 118
14 26 13 125
14 28 1 41
14 33 56 14
14 35 25 43
14 36 44 34
14 37 19 112
14 38 7 9
15 2 29 121
15 6 11 22
15 7 37 147
15 10 17 23
15 15 13 7
15 20 5 51
15 25 1 117
15 27 3 113
15 30 21 123
15 31 19 80
15 38 7 71
16 8 37 73
16 16 2 67
16 18 49 55
16 20 7 77
16 21 19 49
16 23 13 131
16 25 4 117
16 27 9 113
16 28 34 137
16 34 43 78
16 39 31 33
17 3 46 132
17 4 37 118
17 9 15 24
17 16 3 31
17 18 56 55
17 20 1 77
17 21 26 59
17 22 41 118
17 27 13 113
17 28 7 103
17 35 34 43
17 36 49 34
18 6 55 139
18 7 49 69
18 9 19 6
18 14 40 100
18 15 26 7
18 18 52 55
18 21 32 144
18 26 7 51
18 27 16 113
18 35 37 43
18 36 2 34
18 38 43 71
19 8 31 140
19 14 10 100
19 19 29 128
19 23 25 131
19 26 13 51
19 34 38 26
19 35 4 21
19 37 22 83
19 39 55 33
20 2 33 121
20 7 46 147
20 9 7 24
20 10 23 23
20 16 3 11
20 20 16 77
20 22 11 118
20 23 37 104
20 26 25 51
20 30 19 123
20 31 35 94
20 35 13 89
21 6 49 139
21 10 29 23
21 14 1 100
21 16 13 31
21 18 40 55
21 21 16 124
21 25 19 117
21 27 21 113
21 31 23 94
21 36 56 34
21 37 4 83
21 38 31 9
21 39 7 33
22 3 1 101
22 8 19 47
22 10 59 23
22 13 46 82
22 20 11 77
22 23 55 104
22 26 3 75
22 28 16 41
22 31 37 94
22 34 31 78
22 36 7 135
23 6 11 139
23 7 14 69
23 8 7 73
23 9 1 24
23 20 58 77
23 23 43 28
23 31 5 94
23 34 26 26
23 35 31 107
24 1 49 25
24 2 55 121
24 3 11 13
24 6 9 22
24 8 57 73
24 15 1 38
24 16 7 11
24 27 29 113
24 31 5 80
24 32 13 97
24 38 25 9
25 6 27 22
25 9 37 136
25 11 58 123
25 16 5 31
25 19 1 138
25 20 23 51
25 21 10 124
25 23 13 35
25 27 56 113
25 33 19 61
25 35 31 43
25 38 43 9
25 40 49 64
26 3 13 95
26 8 56 22
26 9 49 6
26 13 28 12
26 15 38 38
26 21 19 46
26 29 15 115
26 31 25 94
26 35 22 43
26 36 1 135
26 38 31 71
27 1 43 25
27 2 53 121
27 5 22 1
27 13 55 82
27 15 31 38
27 16 25 11
27 18 37 55
27 20 19 52
27 23 2 104
27 25 27 117
27 29 14 119
27 36 7 36
27 40 49 100
28 2 41 121
28 6 9 139
28 9 19 45
28 10 31 23
28 11 55 123
28 16 15 67
28 19 13 138
28 21 25 144
28 25 23 117
28 30 11 123
28 36 1 36
28 39 28 33
29 2 25 121
29 6 19 22
29 9 2 6
29 13 16 82
29 14 13 100
29 17 7 37
29 22 22 118
29 23 55 35
29 31 32 94
29 33 27 61
29 34 50 134
29 35 34 107
29 40 43 64
30 3 4 132
30 6 1 139
30 8 43 73
30 14 7 100
30 19 17 138
30 21 22 49
30 26 57 125
30 27 19 113
30 35 27 89
30 36 13 135
30 39 49 33
31 2 17 121
31 7 52 69
31 9 19 24
31 10 45 23
31 13 25 82
31 21 13 49
31 23 7 104
31 32 1 97
31 33 31 29
31 34 38 134
31 37 49 83
31 40 56 100
32 3 3 95
32 7 7 143
32 8 32 73
32 9 43 45
32 16 1 11
32 18 28 133
32 21 10 49
32 23 19 131
32 27 23 113
32 35 49 107
32 37 16 83
32 40 38 64
33 2 7 121
33 6 25 22
33 7 34 147
33 19 9 3
33 20 39 52
33 21 31 59
33 22 4 118
33 28 28 137
33 31 14 80
33 35 1 43
33 37 16 112
34 6 5 139
34 9 25 6
34 11 50 123
34 29 7 44
34 30 43 123
34 31 13 94
34 33 45 61
34 34 1 111
34 36 20 135
34 37 58 112
35 2 44 121
35 5 31 1
35 7 37 69
35 16 17 67
35 21 7 124
35 23 56 28
35 31 3 80
35 33 49 29
35 36 13 36
35 39 19 33
36 3 13 132
36 7 28 69
36 9 8 45
36 10 35 23
36 11 58 32
36 13 3 12
36 14 16 100
36 16 1 31
36 23 31 28
36 26 39 125
36 32 43 97
36 35 22 89
36 37 52 83
37 3 1 95
37 10 51 23
37 11 55 32
37 13 43 82
37 16 28 31
37 19 7 128
37 23 3 131
37 28 16 103
37 33 31 14
37 37 58 83
37 39 25 33
38 1 31 25
38 8 37 16
38 12 25 96
38 23 15 60
38 27 35 113
38 31 29 94
38 33 55 61
38 34 43 111
38 35 10 43
38 39 22 33
38 40 1 64
39 9 14 6
39 16 1 17
39 17 25 37
39 19 3 3
39 20 37 52
39 21 52 59
39 22 29 118
39 27 31 113
39 29 33 115
39 31 9 80
39 32 55 97
39 36 19 36
40 1 13 25
40 5 4 1
40 11 52 32
40 13 19 82
40 16 11 31
40 18 22 55
40 19 7 3
40 20 17 51
40 27 33 113
40 28 1 103
40 30 37 123
40 31 45 102
40 36 25 135
40 37 39 83
41 2 35 9
41 7 32 69
41 20 11 51
41 21 4 46
41 22 15 118
41 23 7 35
41 25 29 117
41 30 13 123
41 33 19 14
41 35 56 21
41 36 25 36
41 37 46 83
42 2 11 121
42 7 25 143
42 8 31 16
42 15 7 7
42 17 1 37
42 20 29 51
42 25 21 117
42 30 47 123
42 33 13 14
42 34 37 78
42 38 49 9
43 7 31 147
43 8 1 22
43 13 7 82
43 14 46 100
43 15 50 7
43 33 14 29
43 35 34 21
43 37 22 112
43 40 55 64
44 7 19 69
44 10 1 23
44 16 11 11
44 20 22 52
44 21 3 49
44 23 51 28
44 25 31 117
44 26 7 125
44 28 16 137
44 33 25 29
44 34 33 111
44 37 13 112
45 5 44 1
45 6 17 22
45 10 37 23
45 11 49 32
45 20 1 52
45 23 55 47
45 24 13 12
45 29 19 44
45 33 7 14
45 35 25 21
46 7 10 143
46 8 13 140
46 10 19 23
46 25 37 117
46 27 27 113
46 28 4 41
46 31 8 94
46 33 43 14
46 39 34 33
47 2 17 9
47 9 55 45
47 10 43 23
47 15 50 38
47 16 35 31
47 20 9 77
47 21 37 59
47 23 19 104
47 25 47 117
47 31 11 80
47 32 31 97
47 38 25 71
47 39 40 33
48 1 2 25
48 8 43 22
48 9 7 91
48 10 53 23
48 21 16 59
48 23 49 131
48 26 19 51
48 34 25 78
48 36 31 36
48 37 55 112
48 38 37 9
49 11 34 32
49 18 43 133
49 19 32 138
49 21 22 59
49 23 57 131
49 27 41 135
49 28 19 41
49 33 1 29
49 34 7 111
50 2 35 121
50 3 11 132
50 5 25 1
50 7 13 143
50 11 46 32
50 18 1 133
50 26 31 125
50 29 7 115
50 30 28 123
50 31 41 80
50 36 37 36
51 2 27 121
51 3 8 101
51 9 37 45
51 18 4 55
51 20 17 52
51 21 43 124
51 26 13 75
51 27 25 113
51 28 57 103
51 36 31 135
51 40 19 64
52 3 7 132
52 6 34 22
52 13 25 12
52 15 19 7
52 16 15 31
52 21 1 59
52 23 50 104
52 25 56 117
52 35 46 21
52 36 37 135
52 37 43 112
52 39 4 33
53 6 3 139
53 9 37 24
53 17 55 37
53 18 10 55
53 19 5 138
53 25 33 117
53 29 50 119
53 34 13 78
53 35 7 107
53 36 43 36
53 40 25 64
54 7 22 147
54 16 15 11
54 20 43 77
54 21 28 144
54 22 35 118
54 25 39 117
54 28 10 84
54 31 2 102
54 35 4 89
54 37 46 112
55 5 16 1
55 7 25 69
55 8 19 73
55 10 14 23
55 15 8 38
55 17 50 37
55 19 23 138
55 20 35 51
55 21 1 46
55 31 28 80
55 33 43 29
56 3 5 13
56 7 22 69
56 14 43 100
56 15 13 38
56 18 19 133
56 23 37 28
56 24 49 12
56 25 35 117
56 28 1 137
56 29 25 115
56 31 32 80
56 35 46 43
57 3 25 132
57 6 13 139
57 7 28 143
57 15 55 38
57 18 49 133
57 23 39 35
57 27 37 113
57 28 15 84
57 29 19 115
57 33 8 61
57 34 1 78
57 37 43 83
57 40 31 100
58 8 43 140
58 9 1 91
58 10 11 23
58 18 52 133
58 19 20 3
58 20 34 52
58 21 55 124
58 24 7 12
58 29 26 119
58 34 38 20
58 37 31 112
58 38 13 9
59 2 9 121
59 3 7 95
59 4 43 118
59 8 49 22
59 19 14 128
59 20 29 77
59 23 31 35
59 25 41 117
59 27 39 113
59 28 20 137
59 29 25 44
59 31 4 102
59 35 55 43
60 3 35 13
60 6 46 139
60 7 1 143
60 9 7 6
60 11 43 32
60 14 28 100
60 16 4 67
60 21 25 124
60 23 31 104
60 27 41 113
60 33 49 14
60 35 37 89
60 38 20 71
61 3 15 132
61 9 31 45
61 11 40 32
61 16 11 67
61 20 5 52
61 27 43 113
61 28 37 103
61 29 7 119
61 32 19 97
61 34 26 111
61 35 45 107
61 37 55 83
61 39 1 33
62 2 57 121
62 6 16 139
62 7 4 143
62 18 13 133
62 21 22 144
62 23 45 131
62 25 43 117
62 26 37 75
62 28 8 41
62 29 50 44
62 31 20 94
62 37 1 112
63 6 52 139
63 7 19 147
63 10 56 23
63 11 28 32
63 16 22 67
63 17 13 37
63 18 7 133
63 19 25 3
63 20 31 77
63 21 2 124
63 23 33 47
63 25 49 117
63 30 39 123
63 36 43 135
64 1 25 25
64 3 1 13
64 6 20 139
64 7 10 147
64 13 22 82
64 18 40 133
64 19 3 138
64 21 7 46
64 31 17 80
64 37 34 112
64 40 13 64
65 2 31 121
65 6 23 139
65 7 26 147
65 15 19 38
65 28 2 84
65 33 33 61
65 35 7 43
65 36 49 36
65 38 13 71
66 3 17 101
66 7 34 143
66 19 7 138
66 21 13 59
66 23 26 28
66 25 45 117
66 26 19 75
66 27 47 113
66 28 4 137
66 30 9 123
66 35 49 43
67 3 3 101
67 13 28 82
67 20 41 51
67 21 7 144
67 25 51 117
67 27 45 113
67 28 25 41
67 34 19 78
67 36 55 36
68 4 7 118
68 7 4 69
68 11 31 32
68 16 11 17
68 18 28 55
68 20 13 52
68 21 19 144
68 25 59 117
68 28 25 137
68 30 53 123
68 35 16 107
68 37 1 83
69 2 37 121
69 3 2 132
69 6 25 139
69 10 39 23
69 16 17 31
69 20 43 52
69 25 21 109
69 30 5 123
69 31 27 94
69 34 31 134
69 35 8 21
69 38 55 9
70 7 43 147
70 9 25 45
70 18 16 55
70 20 46 52
70 26 37 51
70 28 7 84
70 35 19 43
70 36 50 135
70 38 2 9
70 40 31 64
71 1 37 25
71 2 5 121
71 3 51 95
71 5 7 1
71 10 47 23
71 15 43 7
71 17 19 37
71 21 10 144
71 22 1 118
71 25 53 117
71 30 25 123
71 33 27 14
71 35 13 21
72 2 13 121
72 5 52 1
72 8 7 47
72 13 31 12
72 15 37 7
72 25 2 109
72 27 50 113
72 28 19 103
72 36 55 135
73 2 39 121
73 3 5 101
73 4 56 118
73 6 27 139
73 9 44 6
73 15 31 7
73 21 49 124
73 26 7 75
73 30 15 123
73 35 19 89
73 38 1 71
74 2 51 121
74 3 23 13
74 14 37 100
74 16 13 67
74 18 33 55
74 19 9 128
74 21 4 59
74 23 19 35
74 25 7 109
74 35 16 21
75 7 7 147
75 8 37 74
75 9 32 6
75 13 49 82
75 16 17 17
75 18 25 133
75 20 29 52
75 21 22 124
75 23 13 28
75 24 43 12
75 25 4 109
75 28 10 103
75 33 55 29
75 35 19 21
75 37 52 112
76 1 55 25
76 3 15 101
76 6 29 139
76 7 1 69
76 14 19 100
76 20 8 52
76 21 49 46
76 22 13 118
76 23 31 60
76 26 25 75
76 27 35 135
76 28 22 103
77 7 10 69
77 8 21 22
77 10 25 23
77 12 1 96
77 18 7 55
77 22 47 118
77 27 17 76
77 33 38 61
77 34 57 111
77 35 14 43
78 2 21 121
78 3 16 13
78 6 31 139
78 8 25 73
78 18 37 133
78 19 33 3
78 25 29 109
78 26 1 125
78 28 13 41
78 29 55 44
78 37 10 83
78 39 43 33
79 3 9 13
79 6 35 139
79 7 14 147
79 9 19 91
79 11 37 32
79 12 31 96
79 15 44 38
79 16 7 67
79 20 3 52
79 26 26 125
79 27 11 76
79 34 49 26
80 11 22 32
80 18 46 133
80 19 11 138
80 21 19 124
80 23 7 28
80 26 31 51
80 27 29 135
80 28 4 103
80 37 13 83
81 5 58 1
81 8 51 47
81 9 14 45
81 11 19 32
81 13 34 12
81 16 8 31
81 19 27 3
81 27 47 135
81 29 43 44
81 31 49 94
81 34 37 111
82 8 37 22
82 9 44 24
82 11 25 32
82 12 8 96
82 14 4 100
82 19 17 128
82 20 53 51
82 23 13 104
82 34 19 111
82 35 28 21
83 1 19 25
83 7 56 147
83 16 9 11
83 18 4 133
83 19 11 3
83 23 49 35
83 25 23 109
83 27 17 135
83 29 37 115
83 30 1 123
83 35 13 107
84 5 49 1
84 8 55 16
84 10 27 23
84 13 34 82
84 21 8 59
84 23 38 47
84 25 15 109
84 28 45 137
84 29 1 44
84 31 13 102
84 35 22 21
84 39 52 33
85 3 25 13
85 7 19 143
85 8 51 140
85 10 49 23
85 11 16 32
85 21 13 124
85 26 31 75
85 28 8 137
85 29 55 119
85 33 2 76
85 37 22 16
85 39 46 33
86 3 29 13
86 6 33 139
86 9 25 91
86 13 13 82
86 19 1 128
86 21 16 49
86 26 44 51
86 33 19 76
86 34 8 78
87 2 15 121
87 3 13 13
87 11 1 32
87 18 58 133
87 19 23 128
87 20 53 52
87 27 11 135
87 29 43 115
87 30 41 123
87 31 7 80
88 5 10 1
88 7 2 147
88 8 21 140
88 12 13 96
88 16 29 11
88 20 5 77
88 24 37 12
88 25 19 109
88 26 43 75
88 30 17 123
88 31 25 80
89 2 49 121
89 7 7 69
89 8 3 73
89 16 28 17
89 18 32 133
89 20 15 52
89 31 1 80
89 33 38 29
89 35 22 107
89 39 10 33
90 3 27 101
90 23 43 35
90 27 5 135
90 28 31 137
90 30 35 123
90 31 15 94
90 35 1 21
90 37 49 112
91 9 31 24
91 11 13 32
91 13 2 82
91 17 43 37
91 20 37 77
91 23 7 131
91 26 49 125
91 29 55 115
91 31 17 94
91 37 25 83
92 8 43 16
92 9 13 91
92 10 41 23
92 11 4 32
92 12 37 96
92 20 22 77
92 21 25 49
92 25 9 109
92 26 49 75
92 27 59 135
92 35 1 107
92 37 19 83
93 2 47 121
93 6 40 139
93 8 15 73
93 9 49 91
93 10 33 23
93 12 43 96
93 16 13 11
93 21 19 59
93 23 1 47
93 26 55 75
93 27 59 113
93 31 53 94
93 37 7 83
94 2 5 35
94 5 38 1
94 7 57 69
94 8 13 22
94 10 9 23
94 16 7 17
94 20 55 52
94 25 11 109
94 29 49 115
94 33 1 61
95 3 19 13
95 9 25 24
95 11 8 32
95 13 37 82
95 14 22 100
95 19 11 128
95 25 17 109
95 26 49 51
95 29 13 44
95 30 31 123
95 34 2 26
96 2 3 121
96 6 37 139
96 8 39 140
96 18 22 133
96 23 25 35
96 26 56 51
96 28 13 137
96 29 31 44
96 30 45 123
96 33 49 61
96 34 7 26
97 6 43 139
97 7 22 143
97 9 49 45
97 10 4 23
97 12 55 96
97 19 45 128
97 23 37 131
97 28 31 103
97 32 25 97
97 33 7 29
97 34 13 26
98 5 19 1
98 17 38 37
98 19 1 3
98 20 14 77
98 21 43 46
98 28 26 84
98 31 22 80
98 32 7 97
98 34 49 111
98 35 16 89
98 37 33 83
99 7 40 143
99 10 21 23
99 13 10 82
99 15 55 7
99 22 17 118
99 25 13 109
99 31 3 94
99 35 28 43
99 37 37 112
100 5 34 1
100 7 49 143
100 8 25 140
100 18 13 55
100 21 10 46
100 27 52 113
100 30 3 123
100 32 37 97
100 34 19 26
100 37 7 112
Điểm tối ưu/tốt nhất tìm được: 1123
Thời gian: 180.018124 giây
Trạng thái: VALID
