1936
1 8 1 28
1 11 11 32
1 17 23 18
1 18 13 80
1 21 4 11
1 22 43 48
1 36 31 99
1 38 25 53
1 41 19 162
1 45 27 92
1 49 37 218
1 52 34 125
1 54 7 202
1 55 9 77
1 59 16 62
2 1 37 44
2 6 28 7
2 13 1 8
2 17 35 18
2 18 19 80
2 19 7 122
2 24 40 141
2 29 31 1
2 34 13 86
2 39 11 120
2 42 9 16
2 51 17 153
2 56 25 89
2 58 4 182
2 59 22 62
3 4 31 10
3 7 11 94
3 10 25 2
3 11 17 32
3 14 49 61
3 15 21 74
3 23 7 129
3 29 13 1
3 32 9 39
3 39 19 120
3 46 29 110
3 49 43 218
3 52 37 125
3 55 1 77
3 59 3 62
4 1 31 44
4 3 55 4
4 5 43 147
4 6 17 7
4 13 7 8
4 15 25 74
4 18 10 80
4 19 5 122
4 22 49 48
4 27 1 106
4 32 15 39
4 34 19 86
4 46 23 110
4 52 40 125
4 57 13 20
5 3 27 26
5 5 49 147
5 8 7 28
5 9 21 21
5 10 37 2
5 15 31 74
5 19 10 122
5 20 5 159
5 22 55 48
5 24 25 141
5 33 1 118
5 40 17 96
5 42 13 16
5 43 19 30
5 54 15 202
6 2 21 205
6 3 43 26
6 27 7 106
6 35 35 23
6 36 37 99
6 37 33 175
6 38 31 53
6 40 19 96
6 48 4 46
6 50 11 19
6 51 25 153
6 56 28 89
6 57 17 20
6 58 1 182
6 60 13 15
7 1 25 44
7 5 37 147
7 6 21 7
7 12 1 51
7 19 3 122
7 27 13 106
7 32 11 39
7 35 28 23
7 38 23 53
7 40 5 96
7 43 17 30
7 45 31 92
7 46 34 110
7 51 19 153
7 56 7 89
8 5 55 147
8 9 25 21
8 10 31 2
8 14 49 79
8 15 37 74
8 16 46 45
8 27 19 106
8 28 7 43
8 32 5 39
8 36 43 99
8 38 28 53
8 40 13 96
8 56 15 89
8 59 10 62
8 60 1 15
9 1 21 44
9 2 16 205
9 8 4 28
9 9 28 21
9 13 10 8
9 16 43 45
9 18 7 80
9 22 37 48
9 23 19 129
9 24 35 141
9 25 1 95
9 35 41 23
9 36 25 99
9 44 31 102
9 59 13 62
10 1 34 44
10 2 13 205
10 3 39 26
10 10 43 2
10 14 55 61
10 26 16 208
10 28 3 43
10 32 22 39
10 38 37 53
10 40 7 96
10 41 9 162
10 42 1 16
10 51 28 153
10 53 25 103
10 56 19 89
11 2 40 205
11 3 49 26
11 8 10 28
11 16 55 45
11 21 1 11
11 25 4 95
11 27 25 106
11 34 31 86
11 37 23 175
11 39 17 120
11 41 13 162
11 42 7 16
11 53 43 103
11 59 37 62
11 60 19 15
12 16 31 45
12 19 1 122
12 21 7 11
12 26 13 208
12 28 10 43
12 31 25 171
12 32 17 39
12 35 37 23
12 38 19 53
12 45 34 92
12 49 27 218
12 51 15 153
12 55 3 77
12 56 22 89
12 57 5 20
13 3 55 26
13 10 49 2
13 13 4 8
13 17 15 18
13 21 10 11
13 23 13 129
13 24 17 141
13 27 31 106
13 29 19 1
13 41 37 162
13 48 1 46
13 56 43 89
13 59 7 62
13 60 25 15
14 1 28 44
14 4 43 10
14 7 35 94
14 12 4 51
14 13 13 8
14 18 22 80
14 37 19 175
14 40 25 96
14 42 11 16
14 47 1 180
14 48 7 46
14 50 9 19
14 55 16 77
14 56 37 89
14 60 31 15
15 13 16 8
15 14 33 61
15 15 43 74
15 18 25 80
15 23 5 129
15 24 28 141
15 27 37 106
15 40 1 96
15 42 3 16
15 46 31 110
15 51 22 153
15 53 13 103
15 57 10 20
15 58 7 182
15 59 19 62
16 2 31 205
16 11 19 32
16 12 11 51
16 21 13 11
16 23 3 129
16 24 23 141
16 25 16 95
16 33 7 118
16 37 29 175
16 39 21 120
16 41 25 162
16 42 5 16
16 44 37 102
16 51 34 153
16 57 1 20
17 15 49 74
17 18 28 80
17 19 13 122
17 24 37 141
17 26 11 208
17 27 43 106
17 28 19 43
17 37 17 175
17 42 15 16
17 45 22 92
17 47 4 180
17 49 55 218
17 54 1 202
17 56 31 89
17 60 7 15
18 1 40 44
18 4 31 60
18 7 17 94
18 8 19 28
18 10 55 2
18 18 1 80
18 24 11 141
18 27 49 106
18 28 22 43
18 33 13 118
18 43 7 30
18 44 25 102
18 48 9 46
18 49 43 13
18 55 5 77
19 4 55 10
19 9 33 21
19 10 43 54
19 18 16 80
19 20 1 159
19 29 25 1
19 32 13 39
19 34 3 86
19 36 49 99
19 37 21 175
19 47 7 180
19 51 31 153
19 52 52 125
19 55 11 77
19 60 37 15
20 3 37 36
20 4 27 10
20 7 25 94
20 8 13 28
20 10 21 2
20 12 7 51
20 26 1 208
20 32 19 39
20 37 5 175
20 44 43 102
20 46 41 110
20 52 31 125
20 53 16 103
20 54 3 202
20 56 10 89
21 1 13 44
21 3 43 36
21 4 37 10
21 10 19 54
21 16 25 45
21 20 3 159
21 22 55 128
21 30 7 42
21 35 5 23
21 36 28 99
21 38 1 53
21 41 31 162
21 42 17 16
21 44 49 102
21 48 11 46
22 12 9 51
22 14 37 61
22 17 11 18
22 20 7 159
22 24 31 141
22 28 13 43
22 30 21 42
22 32 1 39
22 35 33 23
22 36 16 99
22 42 19 16
22 46 25 110
22 51 3 153
22 53 28 103
22 54 5 202
23 2 1 205
23 4 49 10
23 7 23 94
23 9 13 21
23 10 25 54
23 11 4 32
23 20 9 159
23 23 11 129
23 28 16 43
23 32 7 39
23 33 19 118
23 36 40 99
23 38 33 53
23 52 55 125
23 60 43 15
24 2 7 205
24 4 55 60
24 9 43 21
24 10 49 54
24 15 15 74
24 29 37 1
24 31 19 171
24 33 25 118
24 38 5 53
24 41 1 162
24 42 21 16
24 46 46 110
24 54 13 202
24 58 10 182
24 59 31 62
25 1 10 44
25 13 19 8
25 14 49 135
25 15 55 74
25 18 4 80
25 21 16 11
25 25 7 95
25 26 25 208
25 32 27 39
25 33 31 118
25 41 43 162
25 42 23 16
25 45 37 92
25 55 13 77
25 56 1 89
26 3 49 36
26 6 5 7
26 10 37 54
26 11 21 32
26 14 43 61
26 18 31 80
26 23 1 129
26 25 10 95
26 35 23 23
26 40 3 96
26 47 13 180
26 48 19 46
26 57 7 20
26 58 16 182
26 59 25 62
27 10 55 54
27 13 22 8
27 15 37 33
27 16 31 107
27 18 34 80
27 21 19 11
27 29 1 1
27 30 13 42
27 41 49 162
27 42 25 16
27 45 43 92
27 54 9 202
27 59 28 62
28 11 7 32
28 16 34 45
28 19 16 122
28 25 13 95
28 26 5 208
28 31 27 171
28 35 39 23
28 37 31 175
28 39 25 120
28 47 10 180
28 50 1 19
28 54 22 202
28 57 3 20
28 58 19 182
28 60 49 15
29 3 37 37
29 10 21 112
29 12 13 51
29 13 25 8
29 22 49 128
29 30 33 42
29 32 31 39
29 36 46 99
29 42 28 16
29 44 55 102
29 45 7 92
29 48 15 46
29 50 3 19
29 54 11 202
29 57 19 20
30 5 49 14
30 7 1 94
30 8 16 28
30 10 9 2
30 26 3 208
30 28 25 43
30 30 37 42
30 38 7 53
30 44 43 133
30 48 21 46
30 49 55 13
30 50 5 19
30 52 28 125
30 56 34 89
30 58 13 182
31 2 4 205
31 8 22 28
31 12 15 51
31 13 28 8
31 14 43 79
31 15 31 33
31 25 19 95
31 31 17 171
31 34 9 86
31 37 35 175
31 43 1 30
31 48 13 46
31 50 7 19
31 56 40 89
31 58 25 182
32 6 3 7
32 7 13 94
32 12 19 51
32 15 25 33
32 17 7 18
32 19 21 122
32 22 43 128
32 33 37 118
32 39 1 62
32 40 9 96
32 44 31 133
32 47 16 180
32 49 49 218
32 51 5 153
32 60 55 15
33 5 43 14
33 9 16 21
33 10 27 112
33 13 31 8
33 14 55 79
33 15 7 74
33 16 13 45
33 18 37 80
33 21 22 11
33 32 25 39
33 38 11 53
33 42 34 16
33 46 5 110
33 59 40 62
33 60 1 134
34 3 31 26
34 4 49 60
34 15 13 33
34 16 37 45
34 17 1 18
34 18 40 80
34 22 55 143
34 24 19 141
34 29 7 1
34 33 43 118
34 35 11 23
34 44 25 133
34 48 17 46
34 56 4 89
34 58 22 182
35 1 3 44
35 6 7 7
35 12 17 51
35 13 34 8
35 14 39 79
35 17 9 18
35 21 25 11
35 31 11 171
35 41 55 162
35 42 31 16
35 45 13 92
35 46 37 110
35 48 23 46
35 51 1 153
35 52 19 125
36 12 21 51
36 14 31 79
36 18 43 80
36 19 19 122
36 20 11 159
36 23 9 129
36 26 7 208
36 32 3 39
36 34 39 86
36 39 1 120
36 42 37 16
36 46 16 110
36 48 25 46
36 52 13 125
36 58 28 182
37 2 10 205
37 17 5 18
37 19 23 122
37 21 28 11
37 23 17 129
37 26 19 208
37 30 43 42
37 31 1 171
37 33 49 118
37 37 13 175
37 43 3 30
37 53 31 103
37 55 7 77
37 57 15 20
37 59 34 62
38 9 4 21
38 10 37 112
38 12 23 51
38 16 25 107
38 20 13 159
38 27 55 106
38 29 49 1
38 31 15 171
38 32 29 39
38 47 19 180
38 53 1 103
38 56 46 89
38 58 31 182
38 59 43 62
38 60 7 134
39 3 21 26
39 5 25 147
39 9 37 21
39 10 49 112
39 11 13 32
39 16 40 45
39 17 19 18
39 20 15 159
39 24 5 141
39 26 9 208
39 29 43 1
39 30 1 42
39 32 33 39
39 51 7 153
39 54 17 202
40 2 28 205
40 4 55 63
40 8 25 28
40 9 40 21
40 15 43 33
40 21 31 11
40 23 15 129
40 26 21 208
40 39 7 120
40 40 11 96
40 41 1 160
40 43 5 30
40 52 34 140
40 56 49 89
41 1 16 44
41 5 43 132
41 6 11 7
41 19 25 122
41 21 34 11
41 25 22 95
41 26 27 208
41 29 1 66
41 33 55 118
41 44 49 133
41 45 40 92
41 46 7 110
41 50 13 19
41 51 9 153
41 55 19 77
42 7 31 94
42 8 28 28
42 17 13 18
42 18 49 80
42 22 33 48
42 34 43 86
42 36 1 99
42 41 7 160
42 44 15 102
42 51 11 153
42 53 4 103
42 54 19 202
42 57 21 20
42 59 52 62
43 4 31 63
43 9 7 21
43 11 1 32
43 13 37 8
43 18 46 80
43 19 27 122
43 26 29 208
43 29 55 1
43 30 49 42
43 39 3 120
43 44 13 133
43 52 10 125
43 55 21 77
43 57 23 20
44 20 17 159
44 26 23 208
44 28 28 43
44 31 5 171
44 32 35 39
44 35 31 23
44 38 3 53
44 41 13 160
44 44 7 102
44 46 1 110
44 49 19 218
44 51 37 153
44 56 52 89
44 57 25 20
45 1 43 44
45 2 34 205
45 6 1 7
45 10 19 158
45 11 15 32
45 18 55 80
45 34 49 86
45 37 3 175
45 44 37 133
45 48 27 46
45 51 13 153
45 52 46 125
45 53 7 103
45 57 29 20
46 3 31 36
46 5 49 132
46 9 10 21
46 15 1 74
46 17 17 18
46 21 37 11
46 30 25 42
46 32 40 39
46 49 43 35
46 50 15 19
46 55 23 77
46 56 55 89
46 60 19 134
47 1 7 44
47 4 39 60
47 12 25 51
47 18 52 80
47 23 34 129
47 28 31 43
47 31 3 171
47 32 37 39
47 36 10 99
47 38 17 53
47 41 27 160
47 47 22 180
47 56 58 89
47 59 46 62
47 60 13 134
48 14 25 61
48 16 49 45
48 17 3 18
48 22 15 48
48 23 21 129
48 24 1 141
48 28 34 43
48 35 7 23
48 38 13 53
48 39 5 120
48 43 9 30
48 44 55 133
48 48 29 46
48 51 39 153
49 4 43 60
49 16 52 45
49 17 31 18
49 22 37 128
49 25 25 95
49 29 7 66
49 30 19 173
49 34 55 86
49 40 15 96
49 44 33 210
49 45 4 92
49 55 28 77
49 56 1 31
50 3 15 26
50 11 31 32
50 12 28 51
50 22 37 143
50 23 23 129
50 24 13 141
50 36 7 99
50 40 21 96
50 46 19 110
50 47 25 180
50 49 33 218
50 52 1 125
50 53 10 103
50 56 4 31
50 59 49 62
51 2 43 205
51 3 49 37
51 8 31 28
51 16 7 45
51 18 58 80
51 20 19 159
51 23 37 129
51 29 13 66
51 34 1 69
51 36 21 99
51 42 39 16
51 45 10 92
51 47 28 180
51 54 25 202
51 59 55 62
52 1 46 44
52 2 37 205
52 3 19 36
52 4 13 10
52 10 1 2
52 11 9 32
52 13 40 8
52 14 49 148
52 30 55 42
52 32 43 39
52 34 25 86
52 46 11 110
52 49 33 13
52 57 31 20
53 9 1 21
53 16 4 45
53 19 29 122
53 22 49 143
53 31 13 171
53 34 7 69
53 35 43 23
53 38 15 53
53 40 23 96
53 41 19 160
53 45 46 92
53 49 37 13
53 50 17 19
53 58 34 182
53 60 25 134
54 8 34 28
54 9 49 21
54 25 28 95
54 28 37 43
54 29 21 66
54 34 13 69
54 35 17 23
54 40 31 96
54 45 1 92
54 46 9 110
54 50 19 19
54 51 43 153
54 53 46 103
54 57 40 20
55 4 37 63
55 6 9 7
55 13 43 8
55 16 58 45
55 23 29 129
55 26 31 208
55 31 7 171
55 44 1 102
55 45 16 92
55 50 21 19
55 52 49 125
55 53 34 103
55 54 27 202
55 55 25 77
56 6 13 7
56 15 7 33
56 21 40 11
56 24 51 141
56 25 31 95
56 28 45 43
56 30 1 173
56 34 19 69
56 37 11 175
56 38 49 53
56 40 27 96
56 42 43 16
56 44 15 210
56 54 29 202
56 57 34 20
57 2 49 205
57 4 13 60
57 5 37 14
57 7 3 94
57 9 52 21
57 12 31 51
57 13 46 8
57 17 21 18
57 34 25 69
57 37 1 175
57 38 9 53
57 40 29 96
57 41 33 160
57 59 58 62
58 7 5 94
58 8 37 28
58 17 29 18
58 21 43 11
58 22 1 48
58 25 34 95
58 28 40 43
58 29 25 66
58 39 9 120
58 40 46 96
58 41 55 160
58 48 31 46
58 53 19 103
58 60 49 134
59 1 49 44
59 2 25 205
59 9 55 21
59 11 28 32
59 26 35 208
59 29 37 66
59 30 7 173
59 31 41 171
59 32 45 39
59 34 31 69
59 37 15 175
59 38 21 53
59 45 52 92
59 50 23 19
60 3 15 36
60 5 19 147
60 16 40 107
60 21 46 11
60 25 37 95
60 28 49 43
60 31 9 171
60 38 35 53
60 39 13 120
60 40 33 96
60 41 1 222
60 46 27 110
60 55 31 77
61 5 27 14
61 9 58 21
61 12 33 51
61 23 25 129
61 24 9 141
61 29 43 66
61 30 13 173
61 36 4 99
61 37 7 175
61 38 39 53
61 40 37 96
61 46 49 110
61 48 35 46
61 51 41 153
61 53 22 103
62 1 52 44
62 9 1 117
62 11 23 32
62 19 31 122
62 20 21 159
62 23 27 129
62 24 33 141
62 25 40 95
62 34 43 69
62 38 55 53
62 39 15 120
62 44 7 133
62 45 49 92
62 51 47 153
63 1 55 44
63 5 33 147
63 7 7 94
63 8 40 28
63 9 46 21
63 13 49 8
63 23 43 129
63 24 3 141
63 31 21 171
63 35 1 23
63 36 13 99
63 37 9 175
63 53 52 103
63 54 31 202
63 58 37 182
64 2 46 205
64 3 7 26
64 5 55 14
64 6 15 7
64 8 43 28
64 14 37 135
64 16 1 45
64 20 23 159
64 23 31 129
64 36 52 99
64 39 27 120
64 40 35 96
64 49 19 13
64 51 49 153
64 52 4 125
65 3 1 26
65 6 19 7
65 13 52 8
65 16 16 45
65 21 49 11
65 22 25 48
65 24 7 141
65 26 37 208
65 38 41 53
65 44 21 102
65 48 33 46
65 49 9 218
65 51 45 153
65 55 35 77
66 4 7 10
66 5 13 147
66 11 43 32
66 12 35 51
66 16 22 45
66 19 33 122
66 20 25 159
66 22 49 184
66 26 41 208
66 37 45 175
66 40 39 96
66 44 1 133
66 45 19 92
66 50 27 19
66 57 37 20
67 4 19 10
67 6 35 7
67 7 15 94
67 9 7 117
67 15 1 33
67 16 10 45
67 17 41 18
67 29 31 66
67 30 27 173
67 37 43 175
67 39 23 120
67 41 37 160
67 45 55 92
67 50 25 19
68 6 23 7
68 12 37 51
68 13 55 8
68 21 52 11
68 22 7 48
68 32 47 39
68 41 43 160
68 43 11 30
68 45 1 149
68 50 29 19
68 51 58 153
68 53 49 103
68 57 27 20
68 58 40 182
69 5 1 147
69 10 13 2
69 16 10 107
69 24 53 141
69 25 43 95
69 32 49 39
69 35 25 23
69 39 29 120
69 44 19 133
69 52 7 125
69 53 39 103
69 54 33 202
69 55 37 77
69 57 46 20
70 5 7 147
70 9 4 117
70 14 55 135
70 15 19 33
70 20 27 159
70 25 46 95
70 26 39 208
70 29 49 66
70 31 23 171
70 39 35 120
70 46 13 110
70 51 53 153
70 52 16 125
70 60 31 134
71 3 27 36
71 4 1 10
71 6 31 7
71 11 25 32
71 15 49 33
71 16 43 107
71 24 15 141
71 36 58 99
71 43 13 30
71 49 19 35
71 53 55 103
71 54 35 202
71 56 7 31
71 60 37 134
72 2 52 205
72 4 19 60
72 11 35 32
72 20 29 159
72 24 43 141
72 26 33 208
72 29 55 66
72 31 37 171
72 37 25 175
72 42 41 16
72 43 15 30
72 46 39 110
72 50 31 19
72 53 1 219
72 56 10 31
73 3 1 36
73 11 37 32
73 12 39 51
73 16 28 45
73 26 45 208
73 28 52 43
73 35 13 23
73 36 55 99
73 41 7 222
73 43 21 30
73 46 5 191
73 47 31 180
73 50 34 19
73 53 58 103
73 57 43 20
74 1 1 109
74 2 58 205
74 3 19 37
74 9 10 117
74 11 39 32
74 21 55 11
74 26 43 208
74 36 7 155
74 40 41 96
74 45 4 149
74 51 51 153
74 55 33 77
74 56 13 31
75 5 19 132
75 8 46 28
75 10 25 158
75 12 41 51
75 25 49 95
75 29 1 194
75 34 55 69
75 35 52 23
75 40 43 96
75 41 13 222
75 47 34 180
75 48 37 46
75 53 7 219
75 54 39 202
76 7 19 94
76 9 13 117
76 12 46 51
76 13 58 8
76 14 21 61
76 23 41 129
76 25 52 95
76 31 29 171
76 34 37 69
76 40 49 96
76 45 7 149
76 46 3 110
76 58 43 182
77 1 58 44
77 9 16 117
77 12 43 51
77 23 49 129
77 31 33 171
77 35 19 23
77 39 31 120
77 40 51 96
77 44 1 210
77 45 10 149
77 46 21 110
77 48 39 46
77 49 25 13
77 60 45 134
78 4 25 60
78 8 49 28
78 9 19 117
78 10 1 54
78 11 33 32
78 21 58 11
78 24 47 141
78 29 7 194
78 32 52 39
78 42 45 16
78 47 37 180
78 48 41 46
78 52 22 125
79 4 1 60
79 6 25 7
79 11 41 32
79 12 49 51
79 19 35 122
79 20 31 159
79 23 39 129
79 26 51 208
79 32 55 39
79 42 47 16
79 43 23 30
79 46 53 110
79 48 43 46
79 56 16 31
80 3 7 36
80 5 55 132
80 6 33 7
80 11 45 32
80 19 37 122
80 22 19 48
80 29 13 194
80 37 27 175
80 40 53 96
80 42 49 16
80 53 4 219
80 55 39 77
81 2 1 157
81 4 9 60
81 6 43 7
81 8 52 28
81 11 49 32
81 25 55 95
81 26 47 208
81 37 7 12
81 40 58 96
81 41 19 222
81 47 40 180
81 51 4 174
81 54 37 202
82 1 7 109
82 2 4 157
82 12 51 51
82 14 25 79
82 15 13 65
82 23 45 129
82 24 17 70
82 28 55 43
82 32 58 39
82 39 33 120
82 45 19 149
82 50 37 19
82 51 1 174
82 53 10 219
82 57 49 20
83 2 7 157
83 5 1 132
83 7 33 94
83 14 13 61
83 25 58 95
83 29 27 194
83 39 37 120
83 40 55 96
83 43 25 30
83 44 51 210
83 48 49 46
83 55 41 77
83 56 19 31
83 58 46 182
84 4 7 63
84 5 13 132
84 12 53 51
84 15 1 65
84 16 19 45
84 20 33 159
84 26 55 208
84 28 58 43
84 37 37 175
84 39 39 120
84 46 43 110
84 54 41 202
84 58 49 182
85 5 31 14
85 16 4 107
85 20 35 159
85 22 7 128
85 36 1 155
85 37 41 175
85 41 25 222
85 47 43 180
85 50 39 19
85 53 13 219
85 54 46 202
85 57 51 20
86 7 9 94
86 8 55 28
86 12 58 51
86 26 53 208
86 32 3 145
86 35 21 23
86 37 39 175
86 38 47 53
86 40 1 163
86 41 49 160
86 43 27 30
86 48 45 46
86 50 41 19
86 53 16 219
86 54 43 202
87 5 39 132
87 20 37 159
87 22 13 128
87 30 31 173
87 31 35 171
87 34 49 69
87 38 43 53
87 44 7 210
87 46 55 110
87 49 1 218
87 52 25 125
88 1 4 109
88 9 25 117
88 12 55 51
88 14 7 61
88 23 47 129
88 24 45 141
88 26 49 208
88 28 1 196
88 29 19 194
88 30 37 173
88 36 34 99
88 39 41 120
88 58 52 182
88 60 57 134
89 1 10 109
89 6 37 7
89 19 39 122
89 26 57 208
89 28 4 196
89 31 49 171
89 41 31 222
89 44 25 210
89 47 46 180
89 50 43 19
89 52 1 140
89 53 19 219
90 2 10 157
90 15 19 65
90 20 39 159
90 23 51 129
90 26 59 208
90 30 3 55
90 31 31 171
90 32 1 145
90 43 29 30
90 44 25 4
90 45 13 149
90 46 7 191
90 50 45 19
90 58 55 182
91 5 33 132
91 7 27 94
91 8 58 28
91 9 22 117
91 24 3 70
91 26 1 144
91 28 7 196
91 37 55 175
91 43 31 30
91 47 49 180
91 50 47 19
91 55 43 77
91 57 53 20
92 3 31 37
92 4 13 63
92 5 45 156
92 7 41 94
92 9 28 117
92 15 7 65
92 17 25 18
92 31 43 171
92 35 49 23
92 40 3 163
92 41 37 222
92 53 22 219
92 58 58 182
93 1 13 109
93 2 55 205
93 3 3 37
93 22 19 128
93 37 1 12
93 38 45 53
93 45 58 92
93 47 52 180
93 48 47 46
93 50 49 19
93 51 7 174
94 1 16 109
94 2 13 157
94 5 1 156
94 9 55 117
94 11 47 32
94 14 19 79
94 28 10 196
94 29 37 194
94 37 49 175
94 43 33 30
94 50 51 19
94 53 25 219
94 55 45 77
95 2 16 157
95 3 55 36
95 6 39 7
95 9 31 117
95 16 19 107
95 26 3 144
95 28 13 196
95 31 45 171
95 32 5 145
95 37 47 175
95 38 51 53
95 49 7 13
96 1 19 109
96 10 7 54
96 11 51 32
96 24 49 141
96 29 31 194
96 30 43 173
96 36 13 155
96 38 57 53
96 40 5 163
96 44 37 210
96 50 53 19
96 57 55 20
97 5 19 156
97 6 41 7
97 17 27 18
97 26 5 144
97 28 16 196
97 30 7 55
97 38 53 53
97 46 58 110
97 47 55 180
97 48 51 46
97 49 1 13
97 52 43 125
98 2 19 157
98 10 13 54
98 15 25 65
98 26 7 144
98 35 45 23
98 37 53 175
98 42 51 16
98 49 9 35
98 51 55 153
98 52 4 140
98 54 49 202
98 56 22 31
98 57 57 20
99 1 22 109
99 3 7 37
99 6 47 7
99 7 29 94
99 16 1 107
99 29 43 194
99 30 49 173
99 31 39 171
99 36 4 155
99 37 57 175
99 42 53 16
99 48 55 46
100 4 1 63
100 15 31 65
100 17 37 18
100 29 55 194
100 31 47 171
100 32 7 145
100 39 43 120
100 52 9 140
100 53 28 219
100 54 51 202
100 56 25 31
101 23 55 129
101 26 9 144
101 31 51 171
101 32 11 145
101 38 1 100
101 39 47 120
101 40 7 163
101 41 43 222
101 44 19 210
101 47 58 180
101 48 53 46
101 56 28 31
102 4 19 63
102 11 59 32
102 16 7 107
102 23 53 129
102 36 10 155
102 43 35 30
102 44 43 210
102 45 16 149
102 48 57 46
102 49 49 13
102 50 55 19
102 52 13 140
102 53 31 219
102 55 47 77
103 1 25 109
103 9 37 117
103 14 13 79
103 16 22 107
103 17 43 18
103 20 41 159
103 24 55 141
103 28 19 196
103 32 9 145
103 37 3 12
103 41 49 222
103 46 1 191
103 48 59 46
103 53 34 219
104 2 25 157
104 10 1 112
104 16 46 107
104 17 33 18
104 22 13 143
104 28 22 196
104 40 9 163
104 45 28 149
104 46 51 110
104 53 37 219
104 55 49 77
105 2 22 157
105 6 49 7
105 9 34 117
105 26 11 144
105 29 1 59
105 35 9 23
105 39 45 120
105 41 55 222
105 43 37 30
105 52 16 140
105 55 51 77
105 56 31 31
106 2 28 157
106 6 45 7
106 7 21 94
106 20 43 159
106 23 57 129
106 24 1 70
106 26 13 144
106 31 53 171
106 32 15 145
106 38 3 100
106 57 59 20
107 5 7 132
107 11 53 32
107 15 37 65
107 16 15 107
107 19 41 122
107 23 59 129
107 24 21 141
107 28 25 196
107 30 55 173
107 31 11 74
107 32 13 145
107 38 5 100
108 5 25 132
108 15 55 33
108 23 1 216
108 24 59 141
108 37 51 175
108 43 39 30
108 49 13 218
108 56 34 31
109 1 28 109
109 5 7 156
109 6 51 7
109 15 45 65
109 19 43 122
109 23 3 216
109 24 5 70
109 26 15 144
109 31 55 171
109 35 1 82
109 44 57 210
109 45 22 149
109 46 11 191
110 1 34 109
110 2 31 157
110 4 43 63
110 6 53 7
110 14 7 79
110 15 49 65
110 16 28 107
110 26 17 144
110 30 13 55
110 31 57 171
110 35 47 23
110 45 25 149
110 49 1 35
111 1 31 109
111 5 13 156
111 10 7 112
111 22 43 143
111 28 28 196
111 31 59 171
111 44 1 4
111 45 34 149
111 46 17 191
111 52 19 140
112 3 13 37
112 4 25 63
112 14 31 135
112 16 49 107
112 17 39 18
112 20 45 159
112 22 1 128
112 23 5 216
112 30 19 55
112 51 9 174
113 7 37 94
113 10 13 112
113 11 57 32
113 16 34 107
113 24 7 70
113 28 31 196
113 32 17 145
113 35 3 23
113 36 19 155
113 39 49 120
113 42 55 16
114 7 39 94
114 16 7 121
114 20 47 159
114 22 1 143
114 28 34 196
114 29 49 194
114 30 25 55
114 38 59 53
114 39 53 120
114 42 57 16
114 43 41 30
114 53 43 219
115 7 45 94
115 14 1 61
115 20 49 159
115 22 25 128
115 43 43 30
115 44 7 4
115 45 31 149
115 49 13 13
115 50 57 19
115 54 53 202
115 55 55 77
115 56 37 31
116 2 34 157
116 4 1 84
116 7 43 94
116 17 47 18
116 19 45 122
116 20 51 159
116 28 37 196
116 37 5 12
116 50 59 19
116 53 40 219
116 54 55 202
117 1 37 109
117 14 19 135
117 15 55 65
117 17 45 18
117 24 13 70
117 29 7 59
117 39 51 120
117 45 40 149
117 46 3 191
117 49 15 35
117 51 11 174
117 55 53 77
118 1 43 109
118 6 57 7
118 9 40 117
118 14 13 135
118 15 1 113
118 22 9 143
118 23 7 216
118 30 31 55
118 35 59 23
118 39 55 120
118 52 22 140
118 53 46 219
119 2 37 157
119 3 25 37
119 5 31 156
119 6 55 7
119 14 1 79
119 17 49 18
119 23 9 216
119 28 40 196
119 29 13 59
119 36 22 155
119 40 11 163
119 42 59 16
119 51 17 174
120 1 55 109
120 2 40 157
120 4 7 84
120 10 31 54
120 23 11 216
120 29 19 59
120 30 49 55
120 31 5 74
120 43 46 30
120 52 58 125
120 56 43 31
121 14 1 135
121 16 10 121
121 20 53 159
121 22 31 128
121 23 13 216
121 32 19 145
121 37 59 175
121 45 37 149
121 51 15 174
121 55 57 77
122 1 40 109
122 2 43 157
122 4 49 63
122 22 25 143
122 23 15 216
122 24 57 141
122 35 55 23
122 44 19 4
122 45 46 149
122 46 9 191
122 55 59 77
123 9 43 117
123 10 31 112
123 14 1 148
123 22 19 143
123 35 57 23
123 37 9 12
123 44 13 4
123 45 49 149
123 52 25 140
124 23 17 216
124 29 25 59
124 30 37 55
124 31 13 74
124 45 43 149
124 52 31 140
124 53 49 219
124 54 57 202
125 16 37 107
125 23 19 216
125 38 7 100
125 43 49 30
125 45 52 149
125 49 25 35
126 17 53 18
126 19 47 122
126 23 21 216
126 24 9 70
126 31 19 74
126 32 23 145
126 43 51 30
126 52 28 140
126 56 40 31
127 7 51 94
127 16 55 107
127 19 49 122
127 23 23 216
127 29 31 59
127 36 16 155
127 38 9 100
127 43 53 30
127 49 37 35
127 56 46 31
128 3 55 37
128 5 25 156
128 6 59 7
128 10 43 112
128 14 7 135
128 16 52 107
128 31 29 74
128 32 21 145
128 38 11 100
128 46 13 191
128 49 31 35
129 5 1 176
129 24 11 70
129 28 43 196
129 29 37 59
129 32 25 145
129 35 15 23
129 36 27 155
129 39 57 120
129 43 55 30
129 52 46 140
129 53 52 219
130 3 43 37
130 7 47 94
130 15 7 113
130 17 55 18
130 26 19 144
130 32 27 145
130 45 57 149
130 56 49 31
131 10 7 158
131 16 19 121
131 20 55 159
131 38 15 100
131 39 1 154
131 40 13 163
131 45 3 14
131 54 59 202
132 2 46 157
132 11 55 32
132 16 22 121
132 17 4 67
132 20 57 159
132 24 15 70
132 29 49 59
132 31 35 74
132 37 11 12
132 39 59 120
132 53 1 224
133 2 49 157
133 4 19 84
133 6 1 40
133 9 46 117
133 15 15 113
133 35 5 82
133 39 3 154
133 46 23 191
133 51 13 174
134 10 55 112
134 24 19 70
134 26 21 144
134 29 43 59
134 31 41 74
134 35 3 82
134 45 7 14
134 52 37 140
134 56 52 31
135 6 3 40
135 10 15 158
135 28 46 196
135 35 7 82
135 37 13 12
135 43 57 30
135 51 19 174
135 52 40 140
136 5 49 156
136 6 5 40
136 10 31 158
136 11 1 111
136 16 58 107
136 22 7 184
136 26 23 144
136 31 47 74
136 37 15 12
136 38 13 100
136 44 37 4
137 1 46 109
137 3 1 179
137 6 7 40
137 15 19 113
137 26 25 144
137 38 17 100
137 39 5 154
137 56 55 31
138 3 9 179
138 11 7 111
138 24 21 70
138 28 49 196
138 29 55 59
138 44 31 4
138 46 15 191
138 49 25 41
138 53 4 224
139 4 13 84
139 7 49 94
139 11 3 111
139 14 27 135
139 16 37 121
139 22 31 143
139 23 25 216
139 43 59 30
139 51 21 174
140 6 9 40
140 9 49 117
140 16 3 121
140 17 1 67
140 30 43 55
140 31 53 74
140 37 17 12
140 38 19 100
140 46 21 191
140 52 55 140
140 56 58 31
141 3 13 179
141 4 25 84
141 5 37 156
141 9 52 117
141 14 43 135
141 35 17 82
141 45 10 14
141 56 1 22
142 7 59 94
142 28 52 196
142 30 55 55
142 38 21 100
142 39 7 154
142 45 13 14
142 49 9 41
142 51 23 174
142 56 4 22
143 11 5 111
143 19 51 122
143 20 59 159
143 31 3 126
143 39 9 154
143 43 1 197
143 46 19 191
143 52 43 140
144 16 13 121
144 17 51 18
144 19 53 122
144 23 27 216
144 31 59 74
144 32 29 145
144 35 9 82
144 38 23 100
144 43 3 197
144 44 43 4
145 6 11 40
145 14 7 148
145 16 25 121
145 19 55 122
145 23 29 216
145 24 23 70
145 35 13 82
145 40 15 163
145 45 19 14
146 2 52 157
146 14 13 148
146 22 1 184
146 26 27 144
146 28 55 196
146 32 31 145
146 35 11 82
146 37 19 12
146 38 29 100
146 43 5 197
146 51 25 174
147 2 55 157
147 14 37 148
147 22 31 184
147 24 25 70
147 26 29 144
147 28 58 196
147 31 1 126
147 37 21 12
147 40 17 163
147 43 10 197
147 51 27 174
147 53 13 224
147 56 7 22
148 1 49 109
148 2 58 157
148 5 13 176
148 9 1 185
148 10 37 158
148 15 25 113
148 16 31 121
148 40 19 163
148 44 7 170
148 51 29 174
148 52 52 140
149 10 1 158
149 16 34 121
149 19 57 122
149 24 27 70
149 35 23 82
149 43 7 197
149 44 49 4
149 45 16 14
149 46 25 191
149 49 19 41
149 52 9 207
150 5 19 176
150 6 13 40
150 17 57 18
150 19 59 122
150 22 15 184
150 23 31 216
150 31 5 126
150 32 33 145
150 37 23 12
150 46 27 191
150 56 10 22
Điểm tối ưu/tốt nhất tìm được: 1936
Thời gian: 360.029873 giây
Trạng thái: VALID
